4

5 6 3

5 7 8 10 6
 
3 6 8 9 12 14
9 4 3 5 8 9
11 7 4 3 4 5
14 9 6 4 2 2
5 8 12 13 15 18

2 1  5
0 1  7 
3 0  6

3 4 3

10 8 12

3 2 7 6
4 1 5 8
6 3 2 4

2 1  5
0 1  7 
3 0  6


3 4 3

5 7 10

2 6 8 7
5 3 2 6
9 1 1 2

2 1  5
0 1  7 
3 0  6

8 24 5

10 11 12 50 50 50 50 50

3 4 5 3 4 5 6 4 22 23 24 22 23 24 25 22 25 26 27 25 26 27 26 25
20 21 22 20 21 22 23 20 3 4 3 5 4 5 6 3 20 21 22 20 21 22 21 20
25 24 23 25 24 23 24 25 20 21 22 20 21 22 23 20 4 5 3 4 6 5 4 3
30 30 30 30 30 30 30 30 30 30 30 30 30 30 30 30 30 30 30 30 30 30 30 30
32 31 29 30 28 27 30 33 35 34 33 32 31 30 32 31 30 32 31 29 28 27 30 33
15 16 15 14 13 12 13 14 15 16 17 16 15 14 13 12 13 14 15 16 17 16 15 14
22 23 22 21 20 21 20 19 18 19 20 19 18 17 19 20 21 20 21 22 21 20 19 18
40 39 38 37 36 35 34 33 32 33 34 33 32 31 33 32 31 30 29 28 27 26 25 24

0 8 10
1 9 8
2 10 12
3 11 9
4 12 7