100 141 84

2720 2216 518 632 2653 4211 1917 4439 1002 4175 3061 6527 4241 2839 6867 293 3544 4605 6086 3828 4101 4850 1874 7005 4524 1527 837 290 5378 3429 2573 6949 5644 1942 81 7149 6153 1997 4087 7154 5023 5999 5032 1763 189 4398 907 3732 355 6992 6411 4455 4341 784 3959 216 1163 3647 505 5392 7075 1930 4841 4070 3871 4921 2570 1375 5769 6656 7381 3291 4006 4912 3906 4195 1810 4812 6778 1016 4304 5689 5470 7496 5324 780 212 5338 4426 7068 2082 2852 1497 6922 5773 4220 3194 843 5594 1462

6350 4326 4752 2856 1738 1157 5902 2399 4821 5179 3414 1624 2219 1383 1619 6395 2162 682 3084 5439 250 5165 7142 598 4586 5414 4817 279 5108 1763 592 3958 6088 4196 5665 325 4204 2918 1575 1524 6948 4988 1999 1667 5222 3618 6913 7383 3151 2496 4173 2252 161 3814 2850 3598 580 166 2729 5687 780 3320 996 6868 15 5512 6044 3071 7281 119 4594 6729 5106 6593 7247 2828 1562 6659 1562 4712 1654 4587 6964 666 7252 1165 4264 331 182 5844 4870 962 1663 4717 6681 530 1581 5224 3600 1361 4194 7045 589 652 6137 335 2331 6550 5845 3892 3762 6351 7330 2077 7016 7082 2093 2631 6264 2274 7326 2485 2087 1489 7202 1267 870 1282 5343 3321 1494 888 2865 2083 1539 354 1269 3869 6903 7114 6613
2016 4816 6442 2944 3183 4875 3888 4666 3639 6162 4491 6123 7100 4831 4676 7219 5700 4809 5061 372 6303 4800 2089 7237 6339 2442 1005 1559 696 6970 671 2712 4285 5965 4507 6320 3339 895 3485 5829 5908 475 4452 5507 5306 479 5225 2357 5288 1637 2729 4090 6437 4817 3826 4127 7258 3682 5685 6805 3152 5208 868 6288 2524 5375 5107 5862 5121 1091 3043 2380 418 6346 386 5723 6824 4463 579 4611 4951 2159 1200 2739 6975 5025 6865 5584 1207 3902 4889 3210 1609 5756 849 4132 2482 5956 1345 6454 5898 4387 1333 6315 3232 571 3389 2556 3885 2820 7166 1335 4978 7218 4074 4453 3594 3438 2536 3652 7339 6276 5713 299 4532 6562 4430 5865 5017 4627 4819 2266 1513 5003 1081 3597 5573 3321 5004 1957 6140
4669 3292 3618 3238 6217 6922 6832 1006 1957 1835 7197 7085 48 7495 2968 6609 3277 1332 2977 403 5002 5242 767 2505 5174 3215 577 995 718 1386 7134 4239 3529 2103 7476 2245 1524 5659 2102 2333 7494 1798 1917 6393 645 4884 5501 2773 5067 7329 2027 2569 5070 2793 5073 2744 4860 4501 3738 5577 4738 2223 2315 766 4326 1143 1862 4701 6801 3964 7033 5646 4613 1449 3390 4109 5184 242 6881 2751 70 1407 5319 5140 3052 1743 383 411 5095 2972 5987 2333 4046 802 1950 871 796 3812 5572 6448 6627 3956 4594 2591 5405 483 6700 3088 7077 6080 4690 7146 7487 2508 4785 3038 3102 4019 2300 697 6990 786 3029 3536 439 3830 3258 1234 6493 181 182 5619 4137 3627 7062 893 2961 5113 2832 2537 3692
22 2183 2530 1381 5819 4419 4483 2338 6718 5179 679 6356 7059 3066 6794 3388 6324 6880 2381 5356 5913 6851 1992 2039 5264 1736 3851 2876 4568 5240 5420 3441 7422 449 4821 5740 3720 655 6929 1789 4685 108 644 3095 3173 6290 6483 848 5669 215 6204 2933 5917 7047 3823 2533 1283 173 5408 4702 5412 3327 6994 4185 2628 3166 1277 5199 3821 705 6987 1005 812 131 4100 2837 5272 1934 3684 3440 1000 1239 6372 5768 786 1546 800 920 1718 5060 4473 7130 7238 3966 2666 1217 7131 3942 6415 3451 4647 4754 3308 4310 4884 6259 5998 1507 7044 1034 4946 6895 2272 2669 5162 1909 4214 4814 2828 4783 1225 7300 3264 962 3765 5930 2179 3396 2371 7445 5698 5869 4698 357 1531 933 6615 28 2439 5010 1061
6236 4404 2185 256 918 4093 3321 5731 6921 604 6955 5572 3867 6768 1837 1148 298 4084 2371 243 1133 739 3792 342 2269 4725 5808 1149 7163 3318 1061 4751 221 3245 5006 7490 7338 827 4572 5610 1430 2878 3681 4148 2146 4369 5296 2443 7304 166 1537 7289 7256 5329 130 877 2553 5937 2025 1067 1754 1937 4669 827 5182 2175 816 3871 1853 4240 832 2134 7117 3364 5133 1762 6585 1780 3057 6388 1945 4593 5028 553 1273 5157 1429 3825 3594 2305 3744 4199 3093 7264 3877 774 790 3545 3496 2642 284 3179 4775 7400 6543 1260 514 5627 3039 3570 3366 3836 662 894 4388 1935 6050 4668 4611 995 5824 7206 4046 1416 5822 422 1042 6611 3966 3389 1753 3101 6568 5379 3001 5610 6638 3514 2588 2177 7083
5953 6012 6596 5698 1751 7382 3100 5270 3345 4094 3593 1902 6991 3860 223 6265 3753 6834 1582 7142 7438 4683 6209 4168 183 3170 2158 2548 4609 4334 982 3061 1697 6429 111 2299 5163 3210 68 1007 6155 2512 1760 5646 6371 835 4410 2624 6520 5991 2265 5309 3173 7325 1976 2207 1846 4133 3606 6454 7318 3439 866 366 2368 976 2664 30 3037 2731 7388 1692 5242 499 6189 2965 1333 3098 5588 352 440 6704 5660 2465 5380 6488 3523 6077 3120 7129 5030 1790 3067 4747 2155 4286 4575 4819 4315 111 6401 3054 654 2995 3553 6842 5959 3737 1291 2898 2941 1731 2101 1100 3047 6332 6439 6569 4908 2059 5049 1289 2700 6968 6035 4854 3753 1961 1024 6920 924 7425 1325 1577 1771 4877 919 6581 1114 1061 1978
4054 2791 2930 4005 4689 1761 1796 3758 5520 2706 158 6808 5405 7125 4194 2758 2230 6155 3782 501 5930 2558 1825 6 4328 5554 7276 2260 5519 837 4237 924 2479 6018 4928 7168 278 6723 2277 5797 1928 2434 3956 6184 911 649 1442 3140 5655 4075 2492 2936 6632 4316 2942 2311 2369 1569 4570 387 1257 158 1310 2588 6175 5090 2255 5304 3164 3383 2452 3944 5816 6407 2627 6726 5907 2920 1217 2914 6994 3708 5849 4977 6876 142 6139 1744 1711 2060 983 1819 2217 1144 4406 891 5085 5512 5046 749 1394 7497 3544 7210 6403 5022 5287 3662 442 5356 6575 6287 415 3775 3764 7290 3917 1254 386 4479 3314 1368 6297 5530 2511 2055 5273 96 66 2818 7196 312 2815 2091 6373 569 7112 4159 3082 53 866
1008 5192 1281 4783 307 7422 1199 1560 307 4529 4873 1674 2177 1755 3037 4231 7027 1984 3149 1196 1679 3460 2862 3769 2332 2283 3380 5342 5364 2285 5060 6372 6328 5192 3654 6634 5113 3704 693 5420 7084 4418 7093 1760 6172 1481 4843 4550 3464 491 4597 5142 2802 7459 262 3985 1093 2494 678 6456 3630 5737 4179 2457 3428 6684 1590 7393 2887 1134 5312 1322 5551 3756 3082 3074 5237 6776 6475 1200 6118 3572 5194 1419 2382 5455 4255 3474 448 4932 1281 4077 2021 5460 5385 4300 4643 6974 4192 6382 6960 2003 203 3862 5759 2136 6936 2347 1411 5910 2398 28 833 91 298 3214 4398 4552 6687 3697 1984 468 6626 2856 4779 4510 7155 1921 2836 3847 7154 1147 4701 6209 5008 1811 844 4443 4157 2255 1705
6555 1134 2537 5497 1432 4603 1246 5983 2641 4943 6818 3108 2920 2173 6738 7429 680 11 1616 4526 7164 2762 1726 5872 270 3537 5568 3564 6545 322 4120 4451 307 5509 2448 1738 2611 3693 6573 5251 7487 5890 7211 2906 6915 6448 1687 94 6458 2154 3471 4974 3768 5196 2197 2889 84 264 5304 6629 6937 1924 3579 7244 7432 4878 1481 2542 7423 553 6644 7409 5295 6354 1667 4709 4154 2205 3654 1963 3210 7124 6936 6977 3671 1633 1217 3755 748 6521 1735 185 944 5313 7428 7227 1543 260 2268 1465 7165 263 225 4959 6617 743 1019 2122 1799 3524 4084 5009 3147 2372 3337 5669 4004 4554 775 3603 3574 2509 3787 3369 6674 2566 3095 7068 2826 4214 1032 2490 4476 108 7448 2444 851 7318 3417 2649 3341
1 6509 5339 2372 1198 2359 5227 4603 3134 1329 7028 4494 5116 2896 2519 181 4842 2086 1858 1555 1969 4347 4882 2077 3146 6178 2927 1815 2094 4427 5155 946 2288 1845 3317 3485 4204 7395 6939 6189 1224 6466 3182 5191 713 4553 4223 5554 5490 6081 5960 7459 1779 2193 2035 3777 7222 3813 5591 1816 7091 3246 1613 1878 3942 4930 4214 645 3676 3652 6833 4899 2617 1367 2589 3329 5919 6812 234 3908 4244 6193 3866 6022 7238 4752 2298 6959 7416 389 126 7007 2486 1739 236 6427 5520 4450 5924 1695 6953 5256 6594 922 6622 534 3102 3892 6197 3336 300 2940 880 3017 314 617 269 2611 76 6536 1851 6553 6042 3188 791 6278 2115 6310 2079 6890 6857 383 4645 4802 1304 2619 5335 4406 6510 4032 6593
5661 5823 7472 1178 6136 6941 298 99 5868 6833 1949 4920 4227 5137 5711 1856 6103 3372 3934 5492 1580 3168 1488 6381 4472 4106 4216 1377 1968 7099 469 128 5421 6792 157 2909 6232 454 3007 4599 6139 3807 2019 2865 1443 6581 4720 6397 1304 5 3240 2884 3172 3580 616 143 185 4831 371 1004 3281 7191 7484 54 6483 140 2962 4066 594 4820 1165 6732 1126 2035 2096 1421 7467 5667 317 122 5671 2409 1857 1342 5988 2473 337 5024 6155 707 6028 788 6750 6011 841 5732 5002 2654 2297 5595 7473 2313 3678 1098 3199 4625 2518 2017 2791 1687 2139 7313 2947 2847 7 1434 4171 6695 5309 2826 6253 3836 3613 5502 1198 3305 2585 6200 5958 3734 3146 5930 6046 5676 5879 597 2800 7249 2613 4443 287
3603 3107 3233 6450 3113 3518 3120 1159 1326 4797 7412 4014 7261 5413 4063 3065 498 1614 374 4231 4760 5155 1628 1787 3534 1076 4586 2134 3689 380 2420 6143 2339 4504 3944 4303 6873 7064 5462 698 3212 5373 4711 2973 3285 1274 4889 2634 2887 5263 5716 6498 2917 6196 784 5302 7271 4222 6287 2311 3453 58 954 5791 4561 4897 2594 3933 3312 555 3483 6524 4779 7045 848 6915 7170 5736 2049 1409 3498 264 406 5267 6459 42 1920 5082 3115 707 7392 6567 7116 7197 3710 3029 4594 5155 5813 405 4561 1795 5780 1839 1340 6627 1253 7361 4863 2153 1269 7212 2417 527 3830 227 6920 4602 4160 2534 5308 4052 452 3775 3748 3013 6803 7193 667 5116 6450 5227 5762 4729 7065 5953 2708 7170 5814 70 1822
7082 6133 3090 108 1315 2169 7027 5916 6328 912 2575 1731 216 6349 4331 3228 5652 4023 3895 2119 1824 473 380 6553 38 6333 1760 6059 4646 681 6732 3079 5665 2322 2039 6979 4490 1565 5394 2169 1329 6820 2752 1544 5669 7082 4771 2672 2456 17 4790 4280 490 5169 3332 6879 2853 3943 5437 7498 3475 4668 3077 491 5841 5115 6322 1682 5531 3067 3851 5711 2387 6602 7254 555 5035 3377 3226 7490 3393 6867 4269 3882 4535 6452 2112 7388 1746 48 6237 4072 3568 665 4563 1908 4631 3384 3590 1514 6450 6292 7224 188 4245 5830 742 1779 1706 2819 1768 3950 2185 4889 6684 5572 3840 1295 4311 4438 195 1899 1009 3762 2564 5571 4521 6046 306 6962 59 5608 4605 6135 5795 1349 4464 6537 1979 5021 707
3747 322 1744 7487 7005 7315 2678 7152 2977 7115 7346 4875 624 2459 6290 6194 5831 4836 5352 5293 3746 3459 2397 2380 1753 2598 5695 7141 4576 2067 348 7174 2389 2091 7160 745 757 2338 396 3733 1952 6593 7459 2575 403 5101 121 6234 1288 5472 2878 5033 282 4126 6265 2034 6723 3311 1675 3799 5378 874 3472 266 1816 3132 7362 2572 4321 258 5156 6272 5702 5114 199 6105 2714 6671 3690 4001 3494 6567 386 3775 3192 6650 4660 1267 2460 5186 5065 6689 6059 1036 5806 374 3019 5668 1797 7339 4777 6952 4963 2978 3418 4013 434 6131 3183 2975 1484 5528 2041 1869 654 4085 7370 5313 5351 1181 2999 1767 370 409 2802 6175 783 4673 3194 2579 3363 470 883 825 3448 4300 3689 2733 1782 5723 5708
3265 3750 6600 3985 3255 3184 2706 1068 7386 3887 2918 1652 3108 3326 3306 634 2960 478 3828 4391 3840 4297 5273 3517 6596 924 7205 1829 2705 4280 36 5970 529 5487 1306 3784 1171 4012 3703 7408 398 5472 1560 2357 1297 3717 1842 3109 4194 5669 7499 6885 1318 4123 1753 6765 5046 310 7445 6602 4589 7480 5071 3969 5467 6377 6604 5489 2888 2806 4248 2137 777 4659 3345 926 875 5186 4034 3920 2207 2884 3305 2376 5858 5057 1640 2255 4218 1585 1356 1306 416 5279 5275 4734 3007 4378 1574 4746 6036 5822 5734 5664 2980 1578 6589 3855 5615 1974 6626 321 3709 2430 1548 918 6339 3188 2024 1908 3624 2232 3214 2891 10 988 125 1868 4217 550 6613 2752 6371 4846 916 703 5275 4 3409 3389 830
2534 2562 4538 3816 4109 4308 1506 6148 6331 3413 1123 1062 6626 4014 7423 6465 2990 1790 3182 3539 902 5933 1262 4599 6848 1964 2373 5704 5372 4614 6533 6757 7175 2422 3072 2635 5581 3429 135 4412 6842 1257 5473 4819 5270 5396 3784 759 6037 6965 3150 6939 4249 4411 2889 2449 6374 4114 652 3097 1227 6036 2353 901 7309 4277 2387 5390 205 2521 2301 5898 3778 6625 2069 399 3372 5852 10 1909 4168 3159 199 7268 6421 1939 2216 4146 6052 2867 7242 7278 254 946 7030 63 4074 1917 5452 3131 3289 6604 1528 5918 5728 3596 6317 452 799 5178 2360 3818 836 1410 3586 6108 3348 5801 2753 1900 20 2494 529 273 2291 59 6687 6365 827 3490 1995 4115 2593 2374 2533 821 4822 1349 124 5620 5378
2483 790 6213 2744 4375 3672 6091 1527 6424 6842 398 1417 7371 7023 2559 6281 6209 1423 7107 2199 2269 3721 4791 4643 5105 4463 816 5305 3438 6435 3182 4772 6076 746 15 1802 4417 4958 3329 3340 3151 3726 3608 3021 2100 6167 1801 809 6441 259 1859 1210 3980 5501 4704 436 1316 5519 5741 4753 3305 1422 2025 733 2168 2039 2534 6584 5848 5862 1276 1499 940 4883 3371 3039 2401 5172 2699 1342 4282 4557 1403 761 1410 4958 1197 2725 1828 5789 6329 5132 7210 853 5864 729 1744 7250 6165 6443 5611 7440 441 5402 4822 3812 7293 6075 335 2491 7416 4616 5900 170 4229 7309 5127 4277 1385 6954 2565 213 3437 1126 7418 653 1855 1661 402 519 603 4864 6810 7396 2766 2983 3707 2558 1557 2893 3900
1472 8 2299 493 4236 959 5619 7364 2343 5072 2428 1408 1009 3554 1325 513 4260 1837 914 3630 1291 5777 2939 1186 1042 4773 3744 2451 6330 6636 6351 6653 5496 1 7146 1083 960 4116 947 3302 1688 3374 3561 1548 5779 4885 2060 1390 6721 1825 5019 6864 101 6809 6901 7495 4082 3145 1297 1763 1132 147 7267 5479 148 5764 6562 1107 2380 8 3260 4067 2233 5673 4466 6864 3057 5377 753 1130 7201 4624 493 6153 3932 7393 4999 6865 1889 6296 7479 1873 6442 7246 7351 5441 4361 6412 5399 6740 5271 11 2158 6356 5683 6623 5719 91 3351 5323 1220 1903 2446 564 556 5230 6809 4406 3446 1197 3201 2277 1921 995 2022 1772 5287 6382 7035 3186 4474 3658 2048 6631 2513 230 4606 7083 320 456 3757
392 2359 5055 955 1766 2784 263 6171 5081 312 724 7357 1084 570 730 2855 5856 5964 1242 393 2937 4899 2440 2067 6263 1521 5524 4697 693 5980 953 1084 7190 6007 890 307 142 1153 5329 4075 316 6052 3931 251 6621 3513 3106 3829 1976 3199 4221 3764 6949 5513 5830 5711 7033 3854 1759 225 1185 1563 1308 874 70 1050 32 6563 2202 5360 1989 1369 3912 4772 1619 1884 784 3576 5712 1611 5626 1285 5374 5074 6797 2555 2136 5181 5260 3894 4258 6444 5457 4417 6169 4378 5466 6200 2292 6519 4060 4281 387 6823 1552 858 1206 1187 3285 5770 2797 1411 5906 670 5336 4054 3224 7472 1734 984 2717 5991 6279 673 2908 3800 3902 873 2499 6194 7392 5410 1826 6630 4732 3377 6339 4790 4563 976 1911
6211 1238 316 6880 6573 4369 1455 5396 6102 2438 613 3445 69 1285 6352 3868 5187 6076 5218 2732 4819 3128 4557 3949 6711 6785 1639 2852 2699 2614 4762 1409 3851 5077 7140 1776 797 1094 7171 5751 2384 283 1695 2452 420 6898 5171 4458 4325 2888 7189 1644 6015 3097 4444 4078 2381 6082 6929 5079 48 4191 5339 2750 619 4978 4525 1416 6071 3048 7166 954 3330 212 2257 2601 7109 7427 7058 2785 2815 5598 4428 181 1194 1371 3110 3574 6305 2539 4 5204 5581 5342 453 6199 2819 3830 6466 242 6877 4983 1195 1558 5194 2304 4159 3654 2230 2568 6439 3896 666 2218 4077 1859 3589 7186 5433 1245 1076 4288 6448 6656 2130 5752 4207 4948 2081 2024 5189 309 7007 5236 719 3552 39 3729 7206 1120 6296
4996 5016 5813 7213 444 172 2153 6481 4456 2249 6409 1243 48 5564 3372 5800 1122 7172 6732 3146 3712 5893 2652 299 6611 5055 6689 2839 3612 309 486 1107 4176 6299 7172 3471 6470 676 2451 2277 2925 211 2371 2972 5775 4595 123 5748 4266 6855 1393 6829 5247 2896 7128 4357 451 6316 6047 4062 6624 6532 4021 2151 5330 2544 5621 3151 3219 6924 5427 6143 7134 6650 467 4260 3744 589 2508 6861 6295 2752 6189 2893 4500 5816 6101 3802 4632 4647 363 2607 3679 3235 4758 360 5778 1730 3511 1497 1153 289 6491 7139 6938 6957 3898 3181 6398 5257 2541 5192 6861 82 585 3860 5897 6685 161 1880 3832 6875 3339 6362 2610 6948 6721 7239 1177 1583 1235 1182 1872 6578 820 161 6034 3569 2194 3783 1326
3586 1475 7038 3667 911 3397 2064 6447 3557 2795 1630 1783 6133 491 3244 5580 6064 2983 6757 146 3069 438 869 2146 109 7382 7032 3677 2075 3314 3854 5660 3640 3391 1827 3402 5639 2742 2349 1695 5536 3978 2330 4169 3321 5573 2248 1884 1055 356 881 4124 793 602 5121 7253 483 3504 2282 2557 6818 6135 7068 1809 878 246 5211 6516 2987 59 7063 1023 2888 1892 4043 6208 6316 6290 591 7371 6646 324 2846 6290 7277 6818 6043 259 2822 7176 1667 991 5810 1234 2799 5539 332 6861 4555 3318 5771 2969 3192 1159 3712 7234 7366 2527 6024 6809 1249 4021 5984 2946 2810 5760 2264 204 4870 3937 7379 6536 4927 4541 6621 6577 2579 6952 4790 5985 2770 3060 305 4813 3070 4016 4547 2936 5395 3070 1096
6643 5942 7079 2089 103 4190 3204 6659 1559 7140 6537 594 4566 2429 6066 2494 3860 5518 7283 1196 7139 2843 1501 4451 5912 4368 349 199 2262 2270 146 257 711 7224 2345 814 2765 5548 7472 4323 5187 5360 3768 1104 6641 2334 3597 3000 6703 3380 3047 5193 5074 3399 995 2337 267 1344 2536 1380 3613 2681 488 3176 1257 2832 3989 2873 7231 2812 7196 3769 7023 2315 3724 6163 4648 7321 514 2702 2052 2413 6746 5977 5811 241 813 4929 436 2200 5161 2900 3733 5648 6075 3841 7332 1415 5565 7062 3078 5260 2183 2601 75 5906 115 3574 4578 6981 5128 5481 1893 4373 2809 6555 3465 2474 3984 3900 3525 496 6800 6109 6143 4226 1301 5974 5641 6866 4388 1218 4625 6570 2670 3551 3827 1637 5977 7257 1117
3604 4089 1861 6828 6898 915 2793 1871 3750 5544 4247 4245 3695 2856 1740 421 4156 213 4913 3521 4600 4982 6998 2521 152 3048 5200 640 376 3808 1756 3979 396 2468 2159 7293 2234 4951 515 5984 1846 4762 1580 5541 6469 3319 4813 3124 2384 2225 6645 5835 7206 6142 856 6209 541 4907 6848 917 1214 1103 3747 461 2422 5905 6606 4656 2207 7120 1991 4053 3233 3570 945 2201 5741 5757 4177 624 481 3321 6458 6538 814 6165 5247 1354 3571 4594 2270 3636 4549 4869 4097 6970 3273 3202 4125 4332 1673 6115 7236 3758 1037 7032 5958 6777 5288 2634 7400 4620 4806 5209 3657 5619 3874 1403 5825 7444 5997 594 2432 1897 4314 5380 1366 6439 1081 4343 3270 1605 2957 1857 5362 2845 1388 2672 2121 6675 4157
872 2646 315 6081 6302 5933 2454 6557 4257 1249 3905 3703 2532 5801 516 411 6018 6954 343 2860 1575 1948 4669 3431 7309 13 4818 1332 986 2844 5489 1857 5489 5803 6789 3143 3087 594 1051 6196 695 3807 2398 3226 959 1765 3637 6976 71 3979 2336 497 5926 7004 3928 4587 5868 97 5918 6853 2941 2758 62 7281 7412 6850 1775 2999 7444 2825 1694 6990 6631 2943 2715 89 3559 6351 5917 2481 1682 752 2978 6459 6607 5757 2397 4974 5853 7167 4327 145 2424 4388 6278 2336 2589 552 4186 1384 3377 4731 873 1359 6525 2440 1448 1435 1290 7364 3916 1823 6967 5745 782 6073 2853 3178 2398 57 2844 6724 202 4120 2463 6479 5307 3904 7030 844 5287 1758 5574 5012 3117 3450 7451 3416 4884 92 2131
151 1915 1597 5895 1548 6521 99 3577 1418 156 5273 6994 357 744 1956 5687 6050 4711 4068 6893 1350 5826 3818 6361 294 6119 5163 3709 3502 5254 5839 2505 6020 6287 7251 6419 5307 7350 1348 5576 5 6620 5069 6713 7363 5877 3751 4764 1939 318 3008 3288 4995 5677 1000 5288 4295 6162 348 6648 2768 5038 1652 139 3824 1403 5410 482 1252 6757 4910 108 5876 2478 6820 4590 7206 3070 705 1645 2239 3712 3784 6086 1888 4784 3873 5034 3445 3073 3033 5064 610 4685 5203 3286 4939 1964 3767 5042 1220 1176 5149 5947 2506 3320 3036 1063 5241 2592 1559 7479 6303 5343 4916 7042 2626 141 3427 4922 3213 6459 2486 3822 3643 6540 5959 7433 1003 2226 4974 1074 2253 1474 7020 3610 4793 1407 4673 1385 3998
6231 216 2800 4073 5131 1193 5550 5271 4619 2972 983 2429 4309 3657 6072 2200 2115 4856 2054 3192 2330 3127 5445 2655 2646 406 6300 4052 5078 184 6901 2661 399 1052 5585 5530 2244 3635 3300 5714 6606 4283 642 2266 6791 5565 4465 1405 1773 6518 4597 2954 2144 1393 5608 3641 1798 4407 6544 5728 4591 5944 888 4989 5847 6472 1870 6942 2606 5170 5155 563 804 4648 2828 94 1565 6144 350 3337 5161 3798 6290 6156 4042 3249 2296 5840 156 191 2919 3598 4986 3806 7438 3332 1629 1808 2773 4235 6977 6779 3649 6632 2779 5329 5577 4343 3972 4778 6531 1633 1076 4172 6640 5117 7420 288 2308 75 478 4078 2524 4316 383 2462 147 864 4269 1772 5098 2597 1050 98 1728 3828 5426 6156 7022 1898 3433
6052 2382 3360 1575 373 977 1495 660 2136 421 7490 5066 2945 4305 5448 5406 4451 6311 1026 6222 2760 3622 6124 1710 4201 1303 7135 2856 825 384 5140 5728 1617 1000 7303 1990 828 149 2649 1815 569 2638 6880 3513 6942 3680 270 2745 2490 147 318 4102 3768 5293 4663 6820 6596 4297 1027 7420 3533 6167 4499 4001 7166 4301 5990 6845 4449 7491 1159 3870 2628 539 6234 922 4218 5356 2518 5559 5502 1687 1012 1770 6980 5674 7441 6075 1323 968 4846 3707 7134 696 207 5651 4997 6197 4995 797 6187 5005 3518 166 4395 2252 7439 1112 107 1308 5523 5608 2995 5386 6229 1326 2412 6170 7400 2586 5989 3597 6292 5622 4292 6498 2624 640 4046 6470 289 1584 3974 3806 602 869 6057 540 832 5015 700
5206 1975 3694 1944 703 5019 4355 5724 3770 6940 4212 6218 5731 1185 3009 3580 3808 2501 6478 1629 2789 561 5603 6594 1162 5323 4003 554 5006 369 105 1564 2343 3798 3507 3046 168 361 121 2789 7300 4333 1506 4382 5517 3366 461 677 5866 5790 2305 6 6351 407 5452 6364 4581 1954 5769 939 2322 5873 2502 3517 1022 6008 6562 41 6368 6682 2829 5019 2366 3186 1900 383 6552 1212 1059 3769 7002 3363 3775 4704 2622 1726 3567 6054 2531 688 6992 3704 6560 1993 7220 6434 500 5133 6474 5719 3167 1803 2089 4384 3840 2840 4766 1743 4052 4676 5512 2405 6891 638 5960 864 1215 878 6917 2597 1565 5261 5152 6977 7253 3724 5910 6605 1356 4883 3675 3374 5537 5764 258 1877 1103 3875 2471 4006 7403
6834 5262 6793 7471 3721 156 37 3451 5924 1485 5015 3684 6637 4491 2289 2860 1752 245 3067 6635 3919 6441 3523 1034 5550 4251 989 776 6722 4994 678 6055 1608 7470 4878 4180 6477 3766 130 4901 5251 5145 7436 4387 987 1076 7246 2739 1320 2812 725 4091 604 4247 5124 5005 998 6112 5781 6571 2458 6458 5125 4065 5280 1354 744 4256 5120 874 508 2870 4870 6796 6108 4708 371 5853 6298 1691 16 5874 5781 6972 2621 2256 4476 2470 868 1608 1540 3325 566 5516 6241 4697 6870 6984 304 4489 6709 7164 6210 4078 6459 4817 138 6829 2021 6435 7371 2036 4809 4503 359 6281 6759 4835 102 6478 6442 1641 1154 5859 6008 7394 3055 5377 5729 3359 1217 4938 3022 7426 367 832 3594 6856 6512 5614 5791
6383 6502 1951 2237 6860 731 347 4194 832 5676 1988 1324 6829 346 7331 5574 2253 4060 2655 4463 5276 6444 6336 4054 5662 7167 6499 5018 6178 4613 3308 3912 3614 4110 5001 2973 4840 5347 6019 4523 3523 6858 5846 1703 7203 4528 7277 807 1087 1283 5269 5215 226 4104 620 5887 3770 7118 3404 1300 3082 5563 5211 6695 2172 1563 1020 5863 6910 5890 2885 2932 5247 1230 4634 3801 4610 3262 4608 5696 4544 2376 2262 3621 5332 1733 2008 453 1351 4263 1752 3284 2326 5815 1331 3349 7377 2350 1712 6786 7091 4596 1069 4837 4678 4555 1137 639 6668 5744 5186 2564 6972 7448 6184 3655 532 7043 4107 734 3806 5859 4018 4983 3025 5348 7183 2901 6549 1394 1039 6139 4842 959 3475 871 4365 3463 1509 3533 559
6694 6096 30 5493 3631 3684 6025 3174 6642 6758 5831 5000 3275 2165 6876 7474 1847 2277 6522 2093 2167 5160 5786 1977 1134 5508 6342 4597 7016 1226 5155 5061 7321 4036 1906 2303 6571 430 4328 5712 6039 2658 2064 1814 3674 1439 1787 4373 2567 809 5317 3585 4820 3602 5562 5954 1609 3255 1902 7476 4480 5908 3888 3152 2443 5793 5454 365 6222 2282 4928 4761 3791 5843 5426 6317 7282 6064 3189 1200 5724 1005 3637 3044 4606 550 349 5066 3804 2250 3893 783 7009 280 2786 803 6073 739 1167 3646 1872 6094 906 4515 3289 5183 3331 3070 3747 6519 3121 822 6375 5609 3865 3480 6158 4213 7397 2461 5314 3789 2095 4822 2920 4880 5624 1492 4471 5642 5138 5194 3088 4895 2208 6376 2578 5538 797 5176 3408
2769 5997 2282 878 1214 4613 7035 4278 4509 848 2092 7149 2942 5765 2569 6674 2741 2912 2496 7234 549 189 2821 4296 2397 548 6873 6786 1344 3400 2694 4113 748 3827 4990 1961 940 3376 6239 4300 4223 7182 2801 6017 4298 4221 4042 5890 7132 6537 5624 6533 6725 7296 3328 473 344 1552 7259 1687 3803 1304 4651 4550 3982 992 6511 3773 4368 4101 573 7442 2634 2225 4810 6931 6445 1351 4173 4928 6739 2296 3960 5964 2091 6139 5288 1286 6542 3898 2973 2844 5201 6475 6246 535 7467 4108 4307 3186 708 4879 3127 2193 5955 437 475 4899 639 4647 1179 7378 5794 3990 4693 6737 2629 2480 522 522 5230 2346 3366 1782 1321 963 2316 139 5070 6623 3324 5777 2853 5302 6821 1308 5738 7295 5058 5229 4442
6236 3958 1587 1578 1150 823 3058 2481 1345 3579 210 2542 5796 1992 2714 6758 4307 2852 4327 2281 5027 1455 5134 2829 775 5293 7418 6922 2850 5146 3863 438 455 5449 867 1604 5124 3924 2937 5320 2 3146 361 4650 3989 1927 3907 7148 3630 7086 780 1157 1040 5913 2837 667 3705 2754 88 5407 6752 2802 4696 7206 7102 5562 162 4725 837 3098 1396 838 5095 609 4339 436 2535 746 83 6164 331 862 6172 222 5627 1508 7240 683 4262 7327 4941 2365 1480 988 922 1082 6549 1083 4658 6237 3032 6054 5927 627 6662 2765 1062 548 3510 7496 6711 2692 857 5383 1766 5335 5742 1505 6018 1355 184 3458 3719 1663 4446 4641 1596 2346 4575 6254 7435 107 3659 5861 7085 1672 1125 646 2219 4635 6993
281 6178 6701 4515 443 4536 2757 800 1905 4111 983 4214 6682 1497 11 2674 3093 2357 7248 698 1143 6206 3208 7003 5790 4879 627 5287 5949 5261 3631 5081 2791 2832 2096 3233 7367 3704 2884 1771 314 3866 5984 6995 4215 4847 1020 6159 6055 768 5708 7197 5825 1415 6699 2967 5145 7325 753 3593 3938 4384 25 6728 6067 2120 1312 5933 5823 4196 6555 4989 6913 3890 3335 3627 1236 4355 1137 7290 5122 6844 6986 2298 758 5036 5264 4754 4861 4869 7198 1298 604 7223 525 6670 1842 688 3954 6517 4883 1860 4005 3148 5749 7339 5626 5837 4193 6763 4478 666 6106 2816 2964 5716 351 7079 1821 5211 4447 1519 5360 3902 1241 4736 3071 1934 5424 7024 950 1658 235 3806 4805 4836 3645 1783 3172 6689 1045
6501 6207 6002 1816 1670 3069 1019 100 4890 6229 3399 6408 2941 7300 6500 176 2871 933 4451 1246 735 4961 1481 3392 2265 6316 7036 2899 839 5077 3943 7339 3783 2445 507 4304 5513 1525 4403 2902 6605 301 661 2045 101 7160 1073 1823 6945 4375 1920 179 1835 2252 3570 2952 7419 1958 5850 757 5886 2293 6948 2168 3589 6306 5323 453 330 2225 2207 5786 1378 2867 6683 330 1379 6607 1004 823 3481 2923 7353 5316 4027 2274 767 3945 3083 5468 3554 1468 260 1853 2487 2700 658 309 2005 987 1386 4211 5624 1615 5929 4806 796 6159 3912 1799 6981 7393 3573 5685 4060 99 6811 3678 2896 2393 1645 5301 2713 757 7153 4051 3456 310 4360 4312 148 4597 1022 5771 6211 5803 1929 7006 4461 5840 156
2794 4584 3728 978 1143 2679 288 3672 4426 1533 5317 2226 3097 6073 1878 7147 880 1039 2858 5192 1186 6306 5065 6956 3868 3367 1384 3373 6680 6076 2380 1973 2011 4960 2950 3154 6490 2090 5677 3415 2474 3493 4492 5570 917 6369 4068 649 7407 6926 4692 7444 4583 2256 5751 951 4475 5987 3175 3654 4562 5555 5626 6572 3014 7427 1077 855 868 5606 4269 3341 1598 112 262 1367 5332 4330 867 4090 2607 5558 4033 7189 6665 2283 639 3639 769 3814 6144 4182 720 3121 2106 2585 3048 2034 3439 2767 139 6559 6108 589 6670 5221 807 4501 902 1673 1090 3508 7230 5122 2049 5246 6256 1539 1385 5877 4204 28 1410 3775 2001 3515 6359 5048 4401 2297 314 3391 1355 5273 3979 6876 1846 4785 3876 2747 5309
3817 6255 3890 1438 7155 1636 6546 45 3020 4922 4249 1899 6331 523 3899 1198 5734 298 4450 530 6964 340 737 3588 4319 6464 5433 455 2840 680 5764 6656 5786 1005 6946 4292 2640 5991 4336 4511 2264 7436 5262 7446 6811 512 7495 5044 810 4444 4425 6625 4784 5161 1564 454 2977 5849 7260 5816 6528 4375 3823 3665 5380 2120 456 519 6962 3643 5030 1725 3579 1643 523 2889 2154 517 432 1815 3813 3708 939 1096 221 1355 401 3197 7203 6512 1512 5082 3387 4186 98 1266 6306 553 636 5767 3047 4517 6344 6625 6159 6866 865 813 7382 148 2627 3694 3856 2418 3641 4076 2624 2893 7272 2326 1905 135 6259 5291 4320 6356 5408 1977 6908 4895 244 1306 764 6587 431 6922 4804 147 6586 4685 295
565 7231 3002 1834 3371 7077 4457 5116 5700 5634 7020 5834 4392 3662 1505 3247 1569 3482 1506 5315 2577 2811 6078 515 2093 4352 5318 2240 3437 2502 1386 2853 1084 4387 4686 3307 2815 494 922 1014 6127 441 5699 3018 4102 7203 6264 4522 2036 269 2336 4612 1932 7266 5126 4024 4117 1795 6263 6405 3149 148 1758 4232 3386 5295 38 6200 4641 7311 7213 3267 6603 5411 5137 2056 3966 2752 6577 6001 1873 265 1965 3804 6382 5942 327 2998 237 5442 1902 3385 4441 2511 6468 327 6658 6506 5378 3798 5168 3943 5916 4271 1853 3552 6326 4670 6304 4255 2023 676 4519 3987 4479 2252 2428 3657 5249 1516 1598 6002 4900 4891 7365 3868 4069 6522 1725 1946 1671 6892 5888 86 2514 6593 2490 1340 3762 145 5594
4636 820 1464 1122 4150 3715 2402 6658 315 3917 7108 6316 169 4498 5032 2888 1066 2905 3464 1863 4575 2855 251 3513 5369 5695 6002 5560 1956 6146 3653 6592 5817 3968 6565 1318 182 318 475 496 4235 82 5663 3255 3431 2047 6142 3348 4951 2105 5211 2026 3811 4313 4390 531 2507 2891 6090 3314 388 1094 1257 6204 5061 322 6373 4094 6991 6847 4589 3725 5781 1604 5831 563 3650 4472 3911 1100 5428 473 1977 591 4785 6366 1121 6143 608 6063 1956 995 7156 2065 6050 3569 2386 4922 162 728 4269 3603 4453 1401 5206 1635 1963 207 6107 4725 158 2886 5197 2135 3476 1333 7352 3449 7475 460 2011 1931 1454 518 3995 6356 4086 5232 3777 4248 4811 6897 350 1763 797 4407 3398 1612 4613 856 6336
4770 2593 4033 6904 6069 5365 5608 2017 4192 6067 2879 4974 6372 3396 320 5227 7482 4403 1504 4229 1713 7252 3430 2328 6901 336 4577 1012 4948 4284 6199 1069 6876 1583 6825 5444 6948 4932 6312 2491 3498 1690 7464 2369 5086 283 96 3919 4685 451 6999 6397 6554 2928 76 5954 3263 4652 5817 7062 1435 4516 630 811 6098 6306 5106 4397 3737 3918 6887 7234 4459 6850 955 896 5984 7402 4814 2020 352 4312 7269 5757 6091 7344 4211 705 4496 2527 6618 5930 5894 6100 5592 3344 4905 3198 240 1142 5967 7127 875 2925 5328 681 3821 2664 582 7486 4683 7285 3150 4451 5542 1740 4295 1104 2445 1290 3630 414 6071 876 6513 4163 4219 3918 6212 4458 5059 4678 2936 4785 6454 7116 5466 2774 2279 6047 1612
5813 4684 4761 2764 2725 5352 7058 3828 6648 7199 6309 7062 4621 6036 6074 1283 2754 2491 6346 6064 49 3523 351 3686 2477 7466 1651 4102 1096 6549 5713 6909 3732 1825 1024 5308 7177 6933 487 6324 6631 6796 5885 2603 5331 4459 2738 6937 5801 1583 5500 5850 5106 5850 2035 6434 4668 2537 3035 4615 1585 100 2875 4169 1924 3898 828 452 3330 1315 6776 1312 6962 4012 2767 3644 970 5504 3080 6771 7086 1079 3972 3543 5781 4858 2476 1800 7394 4363 6414 330 3314 641 3350 4089 4538 4178 4541 6720 4344 3816 6883 3805 327 2149 7448 149 152 3028 5771 6090 2958 1094 2132 90 4803 3460 1889 4696 6674 7155 3877 1339 295 6079 5427 4832 2756 2467 2903 7099 5134 1138 2255 4313 3286 2202 4461 2290 5229
1583 879 7039 1528 1862 7128 6330 4173 1517 2377 2198 1171 6253 3536 317 4831 1463 4000 6438 2781 6903 4888 415 540 7142 4727 2677 1844 539 4966 5924 2121 4696 5462 2500 5410 3942 1329 934 4310 3705 3132 4332 1309 5519 4648 4992 5833 1147 2781 1114 6901 169 1528 6292 6162 5106 1469 6857 5644 5286 5281 6616 2482 2094 1615 6743 4887 1795 176 1696 5499 2159 6027 5659 6530 2026 2002 4862 3173 4783 4827 2573 3803 5206 1365 1316 2811 1685 673 954 6970 5953 69 803 6898 535 6397 4285 2329 5425 4832 6679 6435 3359 4838 5464 5384 5691 1678 7408 2973 5356 1333 5627 3062 1549 6943 5872 3233 6467 5678 1554 4919 4598 1209 3168 5133 105 6304 7461 5529 3636 6640 3316 5846 2829 1279 2581 1019 1808
2489 2844 7164 2673 7322 1577 4221 5616 7448 6305 4582 4477 6710 2000 1575 418 4020 6707 6875 2823 6667 3755 5310 4658 7070 2507 7486 7201 5088 7357 1508 6428 2700 23 1600 2521 1599 4672 637 399 2328 5218 4875 1537 6070 6449 807 1441 4507 181 3115 2526 2787 925 7183 2357 3431 6021 2057 7370 5877 2416 6297 7428 1291 6748 2448 1741 2771 1936 991 5098 6006 4718 5487 3427 2518 6293 4867 7025 5325 481 2050 6963 257 584 1819 2540 6604 2727 2409 4980 3995 58 4907 4137 6805 6207 4729 2076 6994 5720 6025 5499 1789 4011 1425 4306 1655 5143 2682 5831 4476 4731 5294 4732 4167 5964 7271 3270 43 1032 7102 2889 1089 3360 7025 393 918 4253 1320 412 1324 7345 4762 3112 2707 5039 6270 4362 2681
1451 1544 7156 5034 6837 3240 1700 4153 1862 3821 4195 2893 2274 5935 2833 5634 5459 3226 5403 1063 3397 5814 1239 3241 1928 3202 4800 6966 1971 1661 998 2274 2056 7006 7307 245 2745 358 4397 3458 3030 7443 6351 5304 5877 1683 2289 2687 3760 191 3749 7157 6005 3839 1749 6784 7041 6548 6249 363 7060 7246 2636 1616 6751 1294 1860 847 503 5108 4305 3533 3902 2007 1336 2278 2541 3624 3816 5153 2666 6416 3661 22 2755 4261 6805 2295 2161 5553 1509 1720 4151 4145 2187 2253 4290 2898 3100 4793 6857 6256 825 3258 7114 1012 4387 1006 4635 702 5010 6152 7118 1170 6174 2372 4283 5478 3518 6443 3531 5026 7014 181 522 553 1285 4812 3450 3236 2104 1659 843 1780 4916 456 2791 1803 314 6277 2504
5323 4928 973 5345 3601 3344 2127 1579 5713 1069 3961 3239 6934 2993 2612 7486 4277 7423 2288 13 878 3946 855 1509 1361 163 4299 2015 6828 3075 3371 4650 6855 4343 2494 1807 6539 3472 3385 4751 3392 6197 6841 2826 1689 1953 1663 4818 727 3950 3682 457 395 3388 1965 608 3550 6264 1474 1729 690 3696 6379 6396 539 224 703 5929 2548 2939 3179 5939 1636 1372 116 2176 3324 1779 5845 2902 5728 2026 3358 4975 4266 4175 4434 6667 1790 4759 896 2479 955 7274 227 345 6349 929 6273 1396 3867 803 6187 4354 2174 6302 5382 4349 580 3726 7251 5160 4604 1960 1486 221 6134 4771 6887 423 2029 282 1754 1835 6407 1980 2179 4108 2908 7303 5503 5626 606 4189 1332 1631 1843 6713 5980 2422 1790
5730 6433 5245 6541 6770 5465 5175 4040 4852 5597 4921 3985 6202 6755 1744 681 1434 5851 2440 88 2705 6918 693 5746 749 1176 88 6313 7155 1361 602 4236 294 5847 3276 7063 2663 7302 2455 14 4251 7375 2851 2952 6629 4594 3633 6914 2944 4924 7002 5648 4341 6546 3893 3941 221 3980 2753 6227 5341 2207 2962 4486 553 5090 2900 2067 4891 5354 2081 1641 4080 4931 3445 3209 876 5929 1474 3819 3352 7327 818 6545 5225 4711 2985 5445 42 5738 3024 4234 6796 4837 71 6200 2426 2971 766 6169 7176 2846 6661 3756 6628 2605 5816 3 1033 6141 2673 4385 5968 3491 2281 3692 7053 5265 488 7094 2354 3511 3828 1649 848 2750 348 2125 5720 1114 7145 4248 2811 6306 6855 791 1410 4022 7145 2443 2662
2318 5679 1129 4660 459 4820 4212 4575 5308 3805 5781 170 6484 7429 7369 1734 6629 846 6305 6594 490 1904 756 6795 1258 1546 705 5279 43 1999 441 1212 6529 421 5871 5839 5241 1434 1765 1900 4090 45 921 3074 6326 790 3659 4306 1635 1315 3399 976 3219 4154 271 3328 4552 7327 1107 3446 677 399 4657 6057 819 1879 4395 4911 2164 6159 5662 6253 6204 6583 678 3881 6224 3188 686 6710 4503 4084 185 221 7089 6807 3548 2992 5485 3506 6437 5013 2756 2445 3569 2427 3175 463 7337 5338 5474 4351 4091 3029 3433 4768 6909 1008 456 94 217 3810 4177 6753 2882 2617 4912 5281 4461 2896 1287 2249 409 4042 4694 2829 6468 6720 3292 5157 4558 117 2007 7500 3145 4291 3619 2553 4150 2926 1498
3218 6735 4526 2470 968 7142 6233 6249 4102 481 35 6351 7241 2928 2396 2569 748 467 4712 5904 5024 4828 6762 3875 472 2404 6346 1876 6553 1771 3373 2270 7358 398 3591 825 6392 1176 7073 1845 1656 5959 695 1396 1387 1942 3964 986 2409 1176 6889 6284 4855 5002 1511 5327 6257 356 6054 5309 2126 779 6430 835 1176 1372 1660 6419 2547 84 764 4202 6043 1458 4449 6281 2252 913 7266 3512 940 5506 1147 5794 3007 2657 2472 1763 3012 7378 5923 3990 656 3704 4824 1831 5075 5335 7102 6474 5419 365 2027 2813 674 6476 1593 2925 7388 1358 5288 7179 5715 6435 5472 1221 1591 6796 1835 3455 6673 6609 6296 7328 2812 3619 510 6738 306 111 5711 4576 475 238 7388 1149 6713 332 2925 5452 541
713 5130 6255 7147 1953 6327 89 1248 7013 3543 420 6121 2338 6599 284 4809 7109 7021 3966 7219 5232 1041 6546 5469 7280 194 3533 111 1970 1484 651 2682 5465 6905 2328 7417 4583 2417 17 4095 4811 6788 2715 6001 5887 2998 3309 4347 1370 6126 2917 6601 7166 1962 3421 5797 1007 6953 5907 2977 7288 5409 4510 5252 3665 6838 4021 747 606 2889 3693 4268 2176 6407 2768 6914 756 4928 3760 2125 3553 5529 78 2070 6342 3498 366 7349 2951 5124 1677 2738 3032 6186 6842 5548 4375 3362 6294 3832 6250 1338 600 7277 6596 3367 6691 7351 795 1802 828 4347 7330 7257 5269 5024 3254 5634 3724 5056 2110 5400 6646 5141 2937 4839 2041 6164 7052 7186 2495 4653 1024 3094 4429 119 6461 2471 6322 6107 3125
6001 1805 1806 5757 7073 6829 362 4059 3052 4270 6168 7303 2267 2660 2740 7105 4700 1403 5508 4386 2749 2660 5409 5843 7088 5527 3655 911 3200 2261 4035 1700 2917 5840 7456 1342 5169 6670 5400 720 3439 4067 6875 4557 5578 2114 3013 2778 2368 1020 6015 5116 3679 3923 2310 2118 801 4816 3028 4001 5928 7062 4552 1345 4254 3360 2686 774 2529 585 1493 4819 3503 7219 1875 432 1832 4887 3209 3051 5906 1723 7019 936 4497 680 3053 4150 5496 4933 7002 3923 4494 4053 5267 99 7412 452 872 1292 7388 1217 6110 2242 935 6836 2674 1619 4222 4734 4669 1479 5309 3039 1266 2305 3719 4319 5306 1714 1751 4807 5636 5096 212 2255 4047 6475 1558 4918 267 298 6134 5228 1391 7069 4564 4064 1187 137 1298
4707 468 5458 6598 585 262 2816 4903 4420 3381 5505 578 368 1953 789 2622 5999 6116 3032 2268 5234 3329 902 2961 4719 6822 6376 135 508 5365 284 4066 4684 5741 3163 5268 4854 4830 1523 1773 710 5879 1203 1078 331 843 2551 5181 6958 4434 7449 3543 6614 7202 6504 2685 6523 4231 2819 5882 947 1954 1299 5630 194 4462 3398 3899 1791 4920 5672 1353 3298 5726 1282 2481 6568 2684 6513 6026 7118 5313 2068 6231 5014 7423 1415 4036 3006 3085 1269 3952 5038 2568 2082 5231 5881 4331 482 171 602 6153 375 3899 3230 1656 5231 2297 3192 4244 822 2809 2056 1742 391 7070 1664 1806 2457 3521 4890 3726 7473 1280 6293 906 5362 4673 5236 5843 3695 4689 3347 2922 1087 6576 3429 6318 1373 6620 1913
2194 780 3968 2787 1171 2389 3303 2976 4846 6823 6717 7423 6795 496 5067 6552 5858 1091 3139 4200 3637 327 47 6558 266 5474 1339 5435 6846 458 7347 1540 1238 2666 3178 2408 5055 6480 4235 1252 5803 2303 26 3949 1651 5092 3001 6360 5034 4991 1911 1170 4170 809 6580 4435 6283 6770 2369 5628 6079 1067 6019 7316 3732 1697 1075 1286 676 4161 1389 6478 5316 1414 2927 6966 5357 4779 5825 1742 1121 235 1764 5290 1044 843 2224 7326 6464 3444 5453 5042 4510 2824 3710 742 4520 3636 879 5195 297 1120 3025 5612 2533 4803 3929 6742 933 2253 983 2053 1339 2746 6195 1234 2440 918 1059 1403 3214 5364 5297 223 687 1506 964 4058 5141 695 604 4289 1814 3628 1252 3198 7282 5180 1291 714 6284
2274 1619 6475 3871 313 208 5163 1230 1267 6565 3295 5482 3213 3518 5020 4718 3333 429 1211 4027 1032 5499 4692 3512 6751 390 3293 3282 1680 4007 918 2805 5625 7392 5528 5937 99 3190 6018 217 1106 1813 4550 4319 4182 921 1536 14 1349 2746 2893 2381 7097 84 5892 6347 6825 1684 980 7357 4542 1897 2661 1518 640 688 6306 739 3877 4824 7307 3835 5488 4357 653 1021 5277 2188 1034 6626 3786 2778 358 3382 2862 5101 1080 1038 6784 911 894 2678 1660 2407 4195 2299 3094 3001 1889 5823 6676 1696 2157 3515 4904 1661 4535 2680 2700 4420 657 6485 7198 7366 1218 1411 4966 1149 1300 3102 2060 2194 5779 3719 4600 1325 4869 6545 3177 6758 3719 1204 7305 4727 4718 4708 6387 604 6239 1587 3876
5748 6923 2425 4465 6993 2687 1931 641 3986 5032 1552 6179 2162 4122 2130 2338 343 27 5515 7100 3745 6718 5756 972 2788 1815 6210 3391 6905 6648 6118 4004 4923 1042 969 4415 3728 2899 3907 214 6782 4311 5244 295 932 6226 2632 1274 6252 6998 7225 2496 5068 4332 2319 355 6146 1029 2597 4403 6528 1215 906 3950 2256 726 7216 4836 2476 3623 5049 1757 6785 1644 903 6568 369 2387 6694 5472 736 5270 468 5803 2102 1638 6157 7099 1518 106 4001 546 1320 3759 4495 2427 4484 4211 7262 6960 6685 3662 68 4821 5306 7323 3888 4526 2209 3081 1350 2944 851 669 99 2952 2306 5107 1402 3824 5212 5403 4369 6531 513 215 1458 4996 3277 71 3307 1313 3733 3375 6133 390 2049 2521 3767 4257 5601
5116 6052 5303 5784 5002 7106 590 2609 1008 3265 320 5262 6485 6851 5774 5551 7160 2121 1328 7230 5428 2640 3462 154 1273 2703 2202 2645 6470 5310 7097 4085 2713 4900 1221 215 4505 662 2823 4364 3926 3142 2125 2910 1344 6750 960 7355 1371 1139 5937 5650 3779 1898 5803 3903 3453 6856 6547 2422 4665 6143 5358 6229 2394 6578 6443 5751 7239 617 2614 3664 2611 4739 5425 2806 3988 5237 2661 4210 5227 1097 2359 357 1846 661 4259 5298 6368 2157 6571 3532 7152 4429 2261 897 3506 55 6647 2097 672 1761 4612 3282 5351 1389 6087 690 6625 99 3752 3203 1195 6110 3560 1893 5623 6670 7190 4490 1327 5113 6874 7330 2041 486 726 4398 540 6225 6494 63 6837 3606 3344 4687 4994 783 4228 2970 7233
479 5024 928 5441 1083 1672 3563 253 213 6904 431 5325 5129 6612 6217 5614 6189 3115 5006 4913 960 5068 4249 3417 7264 287 7262 6898 3367 2731 6630 2697 6607 6409 637 189 580 3051 6793 793 1307 6075 4969 6435 4038 3686 3401 2727 5652 906 6491 6611 5973 3240 2528 5736 2378 2289 5133 5744 3872 4263 7293 2978 2023 429 2018 2603 2332 1311 2247 3638 6237 7215 1424 2775 2252 4824 5501 403 5729 4491 5866 3054 6582 893 1289 312 2033 5274 4907 5904 888 4699 233 2910 3980 2251 4364 6311 2413 6610 1300 1149 5177 2723 3923 7428 6399 775 6683 4627 4118 5048 180 3199 4792 321 2362 6824 4446 7269 4080 5333 4467 3164 7094 946 5414 3958 7256 6678 3067 7407 6679 7095 1482 3101 7023 380 2728
5057 3858 6845 2604 2890 1395 7395 3210 2609 5570 6507 2377 2149 4339 6843 5313 3932 289 2078 6741 6396 1256 1160 5155 434 754 6636 2386 6628 7015 3965 4184 2224 2161 5639 5113 2408 5533 7174 5016 2455 6180 7392 4603 1870 5586 1267 4654 4726 3345 3894 2474 3452 5053 128 2737 4659 6763 3974 3786 5129 6791 6822 6204 1451 4960 3817 2710 1845 2342 225 4299 1022 6468 253 2891 4554 1520 44 1779 3716 2790 4252 6019 342 3231 1255 5000 1345 4080 138 5325 3370 6959 4029 3673 3270 6697 6382 5114 1538 5459 764 2559 4426 1017 4302 1479 2536 4345 2110 5103 5986 5213 3621 6328 944 4875 2679 2288 306 1668 113 2528 1126 4141 6200 3248 3337 3933 7213 4874 1891 477 6285 6317 1493 3086 6647 2880 6282
108 482 4768 5321 4102 2447 6264 328 3977 1051 6985 5645 1163 2012 6770 4155 7063 1369 6343 3496 1082 3717 5386 1558 1353 3054 1902 3290 1053 3633 2071 1160 4114 5690 6480 7067 636 4095 6246 4613 5146 5730 2757 5160 6594 878 667 6156 2247 7009 2151 2180 2077 6389 3737 3429 1942 4490 6718 1846 622 141 3006 3587 5830 837 3153 5318 4932 750 1282 1429 5331 2890 5440 4424 3767 6106 3080 4865 4467 4082 5896 6543 2970 2132 1324 3764 5473 6893 5609 6094 5885 7466 2180 3067 7155 4184 884 4586 4933 2165 4866 2764 3906 2805 7187 6524 1411 1618 3889 5877 5700 2284 3771 1169 3268 5094 3784 1240 3339 745 6186 1723 710 865 4789 364 5049 4524 3801 1333 5540 1166 4096 1945 2823 2635 969 4233 3104
3709 1461 1303 4844 5231 1324 611 1677 5107 703 3867 5851 5740 5589 5413 6604 2878 4628 3004 7401 929 3189 5441 946 6136 6237 3768 1270 7205 6852 4374 3413 7164 4528 757 3747 5851 219 5423 2310 7273 1789 7012 5512 6229 4924 3468 458 904 5323 6711 1832 1011 4651 1629 7147 2239 4249 7268 1944 2452 2993 5356 2116 21 4964 5862 4723 5183 2636 7032 3807 3276 5396 1819 2004 2819 4138 2462 3722 1960 1672 4405 1823 5174 4886 321 7412 486 88 707 2937 3081 4915 5052 1953 2378 3413 6675 6412 4900 5059 2719 675 2954 3389 1531 4624 26 2844 7198 837 3367 2954 1511 1040 339 1831 7303 824 1919 6862 3761 3851 4276 164 5803 6653 2429 3829 4417 7328 1387 7135 6855 3192 1875 885 316 752 3728
13 1588 7094 2966 1951 6985 2157 3781 5639 1832 4551 5000 4444 7253 1775 4608 4407 7280 5888 736 4196 5715 974 2682 3921 4166 3408 4805 3333 4159 7384 3345 4598 5829 5162 6548 4165 7318 1681 2304 1650 6231 6155 4945 4836 6782 2052 1742 5413 439 2477 960 5006 2303 3641 1426 5320 5900 5083 1152 2558 3818 4496 6007 2147 1009 3907 5163 7179 5587 6318 1328 3169 4973 5124 504 3106 7176 2246 1018 6466 3574 1977 2823 4728 4469 4249 2547 2868 683 3698 4277 4500 7045 2783 5498 554 5541 3161 232 3627 830 411 5648 4654 5534 6151 259 4061 7248 1276 1879 3322 3252 4701 549 220 301 1948 1939 983 5645 6215 5483 4042 350 2332 3447 5890 4344 3678 869 5174 2940 6516 2327 7325 4018 2586 2738 3766
3861 4616 5939 5965 668 5339 5036 969 7286 6975 1951 5431 4541 6285 824 4890 1117 4270 2132 4312 6799 1852 1985 2238 7219 4312 914 3736 6897 2503 6353 2109 7118 4791 6925 6638 2630 4461 106 2415 3935 908 6697 975 6045 20 4717 6013 4289 5700 2824 3587 51 4809 4676 6121 472 4442 1208 7368 6944 61 828 5414 3703 253 4551 6332 4713 3508 99 7499 3267 5647 973 1811 5667 4541 323 1307 2740 1999 3746 1642 6807 7273 262 7278 3066 1470 5997 2510 382 5676 6775 4084 5928 3825 1768 1992 6184 718 1990 1950 6364 1815 3761 3382 5207 2935 3541 6799 4933 6138 940 3091 5910 54 1720 328 375 216 2837 7108 4744 963 3691 3171 4787 4310 4015 2322 5027 4856 4271 3891 5522 6883 6124 3229 2318
2164 2527 7250 801 2318 1693 5563 1223 3412 5890 1597 2480 1226 1204 7223 2188 3747 1745 5826 556 5759 647 5583 1967 3769 825 7488 3152 6948 2068 5469 1612 3446 4070 1264 5764 5762 6826 6986 526 5215 7435 3005 5292 7490 2727 6331 2588 4471 3508 3144 1582 4154 78 3548 6775 7254 2387 2426 6701 4455 6746 7164 400 3315 7280 6163 429 6605 4501 954 3172 3287 2810 963 3276 5536 7294 5864 1358 3301 359 1791 6307 6788 5338 5581 6541 225 6858 4593 4679 6103 3109 3930 1917 2888 1445 1197 844 5945 1002 4015 583 3811 3830 2710 698 2475 7425 908 5775 283 2698 3433 5922 6888 365 4962 5964 7222 907 1994 5824 4015 5923 6593 5754 7367 6641 6597 4663 143 1964 5245 2805 5793 455 2355 767 379
2114 5393 7014 4811 178 4287 3050 542 1749 1513 6616 2655 3506 4939 5521 1929 2883 3774 1795 2024 1722 6458 1018 2537 3054 2674 829 2360 5028 447 1591 5993 5840 1104 2156 4869 5390 5205 5410 5990 6718 4525 7496 2723 816 5516 3503 3698 641 4150 4573 1215 1959 5590 3751 5012 7116 3432 7372 3495 3878 1462 1988 1069 1417 4143 5937 5658 1847 2699 3000 7416 7223 2995 2639 6890 7363 4993 3088 6855 1642 6512 569 2452 4602 3172 7464 3069 6603 6187 6563 1832 6500 1050 2901 416 5192 189 4925 7039 2887 424 6954 1462 2271 944 851 2133 4789 3938 339 5282 2950 908 234 6403 2931 6549 1971 2033 5235 7385 3864 3086 935 5616 2353 6126 5805 7277 4516 43 6553 3970 1504 1323 3765 2355 2307 1053 5144
2645 5187 6945 2404 5420 4699 5334 4468 5521 6218 1054 5406 2582 4139 6340 7049 6491 3817 4205 5119 833 4248 4171 3654 4603 4345 6270 6957 5503 7323 3453 648 3861 2897 1903 1780 6448 7237 5099 4468 5954 6152 2373 7387 1642 64 5788 6984 3881 2492 4602 3565 5591 125 7218 2694 3321 4839 1002 1324 3513 4454 1971 7373 6203 3873 1652 5150 2461 6750 969 7267 4253 2194 6005 5894 2257 4292 5377 4989 5636 2479 7405 3726 1455 7122 5271 4775 3313 6273 6098 6825 2078 6920 6698 780 2145 849 4781 4605 6451 5750 3223 3203 443 1728 1597 1551 6019 5825 6540 4154 7155 6444 6732 1109 4918 4502 5884 730 3274 3333 54 5352 2753 6751 4983 3749 6452 2264 7205 5402 6865 2928 1104 7307 4655 1552 1357 3173 7377
6748 6179 7031 5692 5410 6992 1961 2411 4227 1542 4537 59 447 1240 1663 6050 6222 5411 5001 7337 5116 1754 6701 543 1709 5359 4049 3261 6716 7221 1989 5963 4751 371 3006 2660 7362 3818 3923 4088 5359 959 2999 5806 2198 4661 4355 7271 1424 707 5960 5391 2460 5160 4785 4168 3019 1333 6280 1086 7405 768 7048 4656 1139 1406 6167 1000 5223 1441 3940 3082 2399 6938 239 3448 4098 3445 2071 4373 4151 530 2263 5462 4541 5899 2129 59 6083 909 7496 5988 528 5896 1995 518 7301 7013 1518 5023 954 4309 6956 2204 3746 6046 4504 6695 1990 6574 3568 4992 7103 4682 2953 4143 3081 3934 3054 515 3694 1901 6502 4221 296 7348 4739 96 5713 5108 3971 6666 1916 2278 221 4513 824 4724 3707 1665 3797
7274 6657 2251 3308 2109 5246 5240 4894 7151 5754 1087 1551 3608 5308 1847 3455 1398 794 519 5357 4764 6036 6124 5894 6257 3136 6717 2332 6842 881 6129 5468 6389 7231 1275 998 4976 6514 4743 3478 4767 5830 5029 7226 2489 5727 2033 3886 6520 2551 594 2636 1087 6717 1029 7343 1204 6597 2174 545 6329 7154 4864 5218 5737 6138 5067 2064 4003 2309 5542 1270 638 3070 995 3126 148 1879 5863 5519 4430 5308 654 5516 4524 534 4210 4579 5982 5235 3976 4811 3741 1339 2528 1977 7477 94 4040 3979 2402 2081 4100 1892 4002 3947 3869 3001 5825 2232 1020 2754 39 525 7121 3415 1059 3830 493 5892 417 4468 3202 4157 5807 5729 4985 4635 4674 1524 1113 5928 2457 4065 319 5310 511 4187 811 5187 5270
682 6793 5309 1206 6413 75 1116 1595 567 7008 2011 3887 2709 5019 2193 7290 1355 5679 4463 1730 6791 2890 4186 2207 2060 848 2717 5099 510 6756 2868 1191 6048 676 1248 4960 750 1216 5406 169 723 6268 4055 2283 3786 5099 924 3992 3277 4239 5722 1419 7128 1259 3626 540 2106 5194 5638 1467 4449 1005 1509 2996 533 2757 6808 134 3972 3565 302 3546 2333 4356 4680 4970 806 4456 1462 4082 1194 7183 5501 7173 941 478 212 1899 5671 4701 3365 2620 5706 4874 4467 5090 6482 2626 5223 1805 6191 5525 4202 7375 1232 1381 4844 2038 5836 5157 4971 5881 4839 1823 5554 4632 2300 5765 6530 471 2966 1246 1942 23 6119 5260 5112 5100 386 2834 5756 5428 7210 2457 5302 942 2690 2645 1831 7377 6654
5653 5758 3992 7476 3811 7475 1127 927 6504 449 2744 250 2390 2766 5220 150 6729 1672 6887 915 7427 4814 624 2384 1467 417 3925 2963 1099 3801 2116 5604 2058 6108 5579 4720 6082 5557 5647 3938 6006 890 3039 7247 2508 758 7396 1736 2429 5634 2650 1208 2947 2126 2443 4413 1394 6367 7376 2493 2667 1991 596 3577 6950 5026 796 4384 3082 6442 821 439 6184 3859 186 1191 3468 6433 1778 4749 4567 3280 5956 6365 5405 898 2130 6798 6116 857 642 1282 1699 1237 3710 1149 5114 4506 4384 7048 2299 4056 7486 982 414 6523 2172 2733 5456 3950 7481 1374 7229 5936 6590 3985 5685 1219 3282 4300 2075 2776 4434 2626 4012 643 3774 1626 4000 7009 25 6299 3564 10 7280 2829 5385 804 5561 3340 3605
5542 3565 2185 2829 2654 6169 7366 2725 802 4165 3651 3577 7450 6276 6441 6945 1401 6918 3444 909 6942 1094 4472 5803 7226 7300 3687 6881 5361 5878 2985 2254 1942 4021 5082 3448 1541 3799 5024 1194 464 1174 3623 6765 7450 1415 6209 202 832 1005 1111 6625 950 4434 4927 7027 3086 7466 6407 7298 5843 743 2051 6637 4763 5984 1436 5155 2283 6459 6349 1598 132 1323 7214 6433 2737 5923 5487 3568 5779 6597 1544 5580 2382 5322 5107 5467 5287 4013 5264 2482 3608 6166 1618 7222 4650 3053 4877 5784 863 2577 7381 7346 3899 7094 6279 6635 4368 3117 1554 1498 2213 1949 7078 3446 7270 3536 1413 5057 48 5528 6390 2507 4194 507 2229 1343 2411 5957 5978 3273 1033 5858 3118 3783 4303 748 1769 23 3864
2174 372 4928 4122 7449 874 3891 2336 1138 299 1236 6665 6688 3742 3358 6046 5970 3552 956 4426 2029 3080 4310 6738 5050 592 2393 4649 2360 2415 1013 4533 2786 4792 1154 1587 4517 3897 3922 5654 3047 5157 3671 1087 1399 5880 7132 6220 1932 6940 3146 2812 1371 6307 2050 6420 6899 4442 3569 1758 5708 3433 6291 993 724 6296 2579 4093 1544 5353 1098 4591 3009 4768 4529 3259 2000 4160 1979 3931 2451 3976 5594 3822 2782 143 1593 2180 3436 4013 2790 1643 7445 432 2636 7021 5579 4066 3613 7123 1918 4710 3065 3779 830 93 7037 2829 3104 1515 5611 5555 4342 3704 728 7124 2699 1172 655 6134 5185 3444 6629 5129 2727 1764 4649 806 4681 7113 428 5451 4323 3492 1729 4004 2436 1265 6832 5539 1632
3794 2445 5973 7497 2024 4448 1547 3196 5103 181 880 7398 6809 4860 2625 7424 861 2282 3456 473 2709 1406 3647 5052 3134 150 7487 3251 5833 4377 4882 2126 6822 2206 975 197 6654 2521 3392 3108 1553 3123 3005 7213 6835 4481 5988 195 6762 1944 7019 822 2201 3166 4725 4187 2167 3563 7437 6852 440 3670 329 6113 5875 155 6309 3880 2676 1053 6987 3080 4175 1344 1645 3509 4676 132 2555 2790 927 2074 3611 1980 4091 7188 6166 5109 3250 6102 4460 2541 1123 3641 1153 6997 3795 6314 2229 5322 7366 567 902 2892 1910 1398 5253 5438 381 307 727 160 1232 3189 2139 4174 1728 804 1783 4978 5757 5094 18 6879 86 23 5227 3881 6336 7455 1702 5053 522 1455 444 1283 2852 5696 6720 3233 6003
6298 3392 6086 839 4382 2760 2566 5185 3394 6395 3441 7339 5265 1671 7425 4139 6897 3805 2974 6852 4358 526 6225 5813 7321 7 1164 5517 5579 3248 2871 3228 5491 1456 2918 2372 3067 4336 6408 5312 3230 1200 5151 7346 2870 3927 3984 2267 231 5809 470 4588 5186 6694 1752 5007 5552 2916 3023 3630 5015 4745 5710 3006 6200 1127 4229 619 4314 1989 5930 44 3188 2432 6241 6058 6358 2725 7176 5440 1033 6497 1380 5071 5690 3131 2577 3741 4898 4451 6223 2413 1695 3284 4270 6746 3262 7350 7364 76 1838 4646 6471 5026 7077 5211 2435 4787 435 962 2726 320 7458 4105 4242 5647 7236 6818 739 4633 3768 5813 5897 4314 448 1518 3559 3710 1368 2275 3785 3205 6920 2755 7082 5348 6817 2016 2634 6104 2977
4212 6423 1786 7168 3164 7432 5755 1333 7023 1740 3952 4187 136 765 4635 1654 4323 844 3021 6597 3480 5077 4868 5086 4659 2716 4402 5526 4201 3005 7355 7264 779 1640 6932 2794 424 5186 2978 7446 5777 6929 2984 5913 193 118 6418 3368 7313 790 1316 3292 4718 6184 7229 1876 251 4131 6254 3303 5987 6108 3067 5618 6599 1350 911 7022 5387 3889 5819 3664 2169 1303 928 2362 272 7345 4581 85 6986 5896 2228 4203 4579 1957 4931 3681 4939 3684 6984 3425 1143 2550 1542 241 3899 1305 6115 1785 4045 4433 4300 6213 4587 5227 7426 4859 3923 4506 3795 3408 2902 6022 111 6332 6830 5041 2513 4268 76 1996 193 1218 3397 586 310 6147 1890 6424 6783 4786 2209 3583 3499 6795 161 3424 3005 4084 6782
5651 7491 1035 4173 6453 6218 2354 2845 1230 6622 2920 2077 5666 2989 4325 6251 3299 2971 6993 2222 2254 4278 4430 4688 6628 2577 4848 2552 5581 1431 685 2584 274 1719 6756 5578 436 1609 7275 518 7082 1546 1446 5247 4535 5771 2850 6685 93 1194 1406 2346 4323 4688 5885 3451 7264 3233 4854 4196 3515 5538 5631 2640 6108 4886 7070 5395 5347 6844 5912 3780 889 6210 379 4275 4480 3228 3459 4572 3273 3717 5770 95 7256 4154 3545 5871 6238 898 1418 1105 5287 7049 3744 3894 3286 2165 1789 7484 1508 6552 3764 1249 5261 4142 5523 1092 6221 334 5664 1993 2902 2785 2087 2657 6938 5632 1027 4528 5381 2444 5632 3168 1992 727 5913 5278 1744 201 5261 3251 5605 376 3351 3365 4517 226 4457 3237 559
1472 4081 3460 3108 6168 4968 1397 3151 5994 5924 7383 937 2907 3050 1781 2486 1463 7058 4229 515 3670 6331 6119 4046 2182 836 7414 2407 4144 2003 1817 4467 6083 4128 74 3602 1595 1470 5604 88 6246 5487 7376 1652 7388 1656 2989 202 65 7217 7069 3735 6048 4539 6632 7081 5374 6545 839 869 1047 2655 4187 7130 6782 4260 2083 876 4582 187 7315 2179 5673 7190 2682 4412 198 5671 4614 262 4239 4182 2848 1638 72 1979 1218 5446 1024 2056 5166 2070 3562 1853 551 1695 4964 2634 2570 897 2820 1236 3075 7344 7278 4609 4255 7475 2779 220 236 7017 3253 3084 7 3325 5062 1224 122 4937 2132 5287 7007 4545 5991 57 6240 2307 1542 161 2055 4361 1397 5130 3056 1174 1090 7311 1148 3868 6382
235 2236 2135 2170 2242 5459 6084 2318 5580 3520 3301 2218 1878 345 7061 787 6584 1867 2328 6745 3921 5541 6993 402 1096 666 1491 7258 665 4210 4992 7251 5298 7126 1921 39 3936 504 1208 867 2875 3360 3084 4753 2557 2644 4391 1640 3362 6718 7236 6135 3610 5580 5388 3558 6245 6879 3315 5761 2440 806 5512 237 6783 6284 6628 3218 5639 335 4084 1013 2547 6020 4617 5103 15 359 5594 2229 5929 4182 863 2038 2261 6250 5595 7358 4480 262 4470 6920 7419 2481 7156 6702 116 6283 1271 5754 5470 5355 5619 6868 2726 1587 4470 2740 1946 1415 4968 374 5596 5830 2411 6709 3432 6858 6566 411 7119 3535 6182 7037 4868 5838 5090 3835 3472 6361 2089 293 4215 6559 6012 5792 645 2981 1031 2590 3248
4851 2963 1343 2032 4226 551 5463 3583 5968 4726 2053 855 3407 1589 4574 596 5531 908 2920 4391 2996 2064 1105 906 576 5748 1551 3556 6778 4140 5655 2980 5955 6998 5012 1532 6400 2974 3966 3720 6551 6018 4574 2458 6458 499 1905 4488 1406 4824 1378 3254 6888 1334 4159 7463 5933 5709 2370 5211 1201 525 690 6007 6374 4553 6390 4125 6379 2855 344 5429 224 3769 6738 5533 3119 1143 1373 4525 4818 1602 6630 3057 1788 3288 3019 220 349 4241 5430 401 3617 4972 6407 1342 2024 4148 5466 902 7002 4662 5183 6077 7282 4420 4109 2901 4414 4333 6277 1732 5935 5406 4788 222 1193 6659 441 393 2251 4723 793 5867 1046 7199 7208 1921 2698 4025 2823 2199 38 6857 7127 7320 3776 2588 1572 7042 6920
348 1273 5354 5753 4912 5575 5797 4070 4868 6190 6320 2090 6982 3538 1987 5533 2097 3907 730 6122 5581 1781 6159 4937 1407 4830 65 3994 6401 7106 3414 6748 878 1267 3852 4641 5694 2149 63 3061 838 6382 4002 319 1272 5988 5851 3368 2394 5433 841 6827 7213 5852 4263 1119 2033 4327 5113 934 3932 7378 6533 3661 7496 2885 802 5689 5033 7216 101 5870 6097 4102 5040 6220 1441 3391 940 2687 1323 632 2013 7387 5335 6275 1005 7368 1954 4969 7153 4737 3698 6185 7250 3694 421 6903 1882 4305 6618 1983 2674 4066 4936 6566 2786 6377 1308 2577 1563 1482 3208 2427 1368 1043 53 2372 910 2006 6193 562 5595 2390 5598 5344 6083 4871 4746 6817 1675 3863 151 3201 6780 5086 2266 2065 2814 3573 3493
3228 5054 6701 5654 6421 243 5707 144 4 6564 5188 6917 4658 78 3866 2501 5012 1236 6098 3180 1763 1312 3330 4963 592 7268 7228 1508 2581 2152 5001 5809 7205 3053 2814 4977 2147 1020 3972 2150 6436 1660 418 3593 589 4283 4946 4452 4371 2395 132 6133 2559 2313 2447 2002 2080 2174 3509 4661 3177 7361 1821 1733 1765 4634 5561 3911 4506 2032 4912 2293 2543 4181 5885 1983 7316 2182 5287 4186 3429 5418 1670 5987 230 4116 488 1162 5141 3996 5822 817 2709 6494 2549 3325 2479 609 7236 5836 1492 3499 628 4035 180 5365 4869 7495 6398 2655 3032 2326 6924 4701 812 7154 168 1299 7167 5308 4147 4340 6124 5707 3333 24 1531 4663 6984 118 2999 975 3617 2478 3861 2648 6694 1230 1494 5592 3884
4525 417 3308 577 1229 1813 744 1379 1479 6051 5525 5818 3526 3731 502 2401 4114 5164 1884 4231 7014 2858 6699 844 6719 1846 37 6800 3339 5628 3183 6715 6045 5342 7291 6125 6006 534 3 6336 5436 5528 3505 313 610 4006 2713 4723 522 4596 1454 6387 7454 652 7230 5524 1350 7267 4823 4688 5394 6857 3903 2790 4699 2545 1414 2056 3079 269 892 7366 5796 4396 179 5257 7254 2891 2480 6627 7487 2785 5513 6292 2288 4095 4315 3637 3861 489 7177 606 7345 2431 2248 3395 4975 3661 5451 6905 2781 5194 6771 7428 941 6949 5185 694 1191 6516 6172 1177 1800 4185 6320 2939 779 1986 6576 3491 2474 5104 4096 1171 34 6343 3417 3860 1356 219 3265 4136 5412 2535 4064 6353 835 600 5898 2025 7115
4570 2054 266 106 873 3204 884 1711 1131 3226 3036 5086 6173 4206 3971 3868 123 331 5223 6693 2447 710 4605 3833 3625 2309 4667 3076 7058 5543 2690 4127 6448 1807 4232 6173 3863 3967 383 3845 6044 3418 1431 4717 6476 5401 1084 5450 4583 5158 4642 7029 5867 598 3361 844 2906 6879 3919 2464 3774 5461 5442 2721 7267 1026 1393 3629 3844 627 6326 2388 2897 256 7104 1872 4508 687 6173 1591 4696 3314 7471 1914 3912 2184 2757 5669 414 5528 6984 4187 3488 3778 5760 2106 4803 6004 4587 1146 6631 3412 3533 2027 2519 1988 2750 7026 1526 1422 7468 6221 4735 7439 635 7498 2122 2243 4519 1387 270 2854 5574 3757 6631 2685 4715 3933 1188 1801 3931 318 4064 6315 1196 6582 803 3945 6107 1180 5366
6075 7401 1453 4865 6887 302 6986 1629 3672 872 1899 6526 5297 4507 5656 481 1721 941 521 2373 4871 7190 6436 3685 886 4369 3339 3682 2976 4519 400 402 3271 704 5266 2657 7357 3603 3137 3529 4474 5035 2554 1123 894 7061 455 2614 501 975 3839 5371 665 1626 408 402 5995 2598 2935 1470 5968 3334 723 1738 4037 5988 3246 2746 2090 6383 6274 5415 2769 1327 5389 3662 7239 5844 5128 240 5670 1466 5610 5186 3091 4869 5587 437 7467 1022 758 5934 3207 1480 6524 6096 7467 2269 1341 908 3 114 6323 2772 292 3063 6433 30 1406 2912 269 7076 4377 4731 3613 6320 951 1700 5608 917 1573 6366 5703 3631 345 4726 2226 6664 5846 3566 6423 5849 2531 4097 1120 1674 7160 6404 1704 1065 1816
824 6992 5044 4406 3105 2715 5357 3656 823 5125 4080 7188 3327 210 6384 6904 1288 4399 5250 4853 3322 3598 6236 7418 3569 409 7077 1324 964 6994 3139 640 5337 7035 3897 7293 2249 605 2300 3071 4582 6379 1610 408 5441 494 6164 6728 4892 3913 2932 7065 6362 1667 6983 2430 928 6559 3753 743 4904 5744 1382 2741 4130 5279 2533 6378 4735 3685 801 1816 2563 1262 1076 503 607 7239 6082 4351 3651 1514 3915 2512 2032 3397 3793 2959 1308 6397 3702 5063 4640 3935 303 121 565 1688 6499 5300 5372 6151 7115 6786 7412 690 6141 6871 428 4722 3721 2930 5087 135 4293 7119 2384 585 2577 2543 6982 5130 105 2973 1565 408 3094 2129 947 944 7428 5170 5946 5895 4455 4709 5436 1947 4079 4716 6669
299 145 4255 6786 4438 3873 1669 3874 5302 4211 2207 2931 4315 5180 4495 3574 7125 5476 3372 6920 5403 1041 5365 2649 4348 2573 585 6294 6652 5300 5462 5802 4296 1069 5087 1233 3793 6755 3959 1594 2317 6165 3377 6632 2696 6723 1557 1172 4698 4929 591 1453 4821 4807 4101 1668 6232 3537 462 5383 1336 4775 2536 5632 5843 123 5716 2136 5729 2174 2581 546 7191 5957 6029 1238 5180 6437 2410 1229 2717 1852 2681 38 6659 5634 1705 5390 1670 2166 2124 1858 6941 4659 7489 4135 3633 4556 6270 1862 5582 1351 1259 5272 6159 6139 5361 2690 5075 270 3919 292 2122 5451 6681 1280 2436 885 5521 2958 1903 144 4815 195 3654 3655 4329 7287 7062 1951 500 5143 2153 1758 1766 811 6748 7127 3501 4322 6248
6271 3465 869 3073 2645 1000 4361 2382 6520 7318 4284 5515 3484 4478 1669 5990 1306 307 5551 2108 806 2046 4260 1415 2663 5071 662 1141 7423 3835 7389 5045 6152 7109 6969 1296 609 3829 2529 5980 3646 6812 2847 5981 2641 4515 4470 2799 3673 1373 4906 4478 2270 1666 4744 4932 5588 5405 6073 4362 591 5961 758 6742 5569 226 6890 5029 4055 1918 2361 6552 82 5207 5033 2722 2221 2002 5520 5893 2226 2926 1722 4495 3443 6465 779 1530 3221 6851 4743 3811 4163 5500 1905 1083 4577 1294 4964 1131 2063 7324 183 2144 5030 4067 4866 6102 6068 1737 3346 7146 4662 5067 2992 6956 2883 3770 7337 6103 1972 4579 1265 4986 1430 3169 4921 6007 4462 2384 5989 6525 2207 6171 20 7236 2737 4885 4689 157 5474
534 6154 2635 4452 1645 943 7334 4267 779 4788 6238 4210 6052 2576 5639 1721 7496 2997 5034 2379 1486 2910 3437 6508 2930 2024 597 6666 6712 7105 4639 7245 5758 6126 3048 6254 7068 2881 3020 6698 6520 610 3407 5071 2037 1546 5643 2032 4542 3177 3262 4879 4938 6698 3887 367 1221 4483 5885 432 4087 1875 6528 1196 500 2075 7449 6419 3807 1821 4469 2826 2430 375 6748 3318 772 4891 5349 5314 6919 1110 1544 4356 6659 5430 3575 379 1264 1959 7162 5350 2685 6189 6545 2037 763 5346 955 3421 7166 5423 5098 947 4650 4345 4264 5421 587 964 2086 6357 925 3630 3213 83 1559 5639 461 2823 6449 122 7024 1633 5162 4921 3669 4776 2766 4624 696 1283 1398 5793 2229 4899 1489 5344 2820 928 6307
4905 7284 7231 7386 2996 6165 297 1134 6625 3119 82 5598 1494 1715 3259 6414 4235 6886 531 210 6433 1813 1608 3577 2893 6506 5065 736 677 5992 5894 4434 5776 5624 4319 123 4288 4615 109 2264 6585 6542 6713 579 7108 1323 5844 3843 708 5227 4052 7140 7039 4511 3216 1284 2369 7133 2019 3045 4476 413 7478 1603 4888 4297 1726 528 263 686 1643 6848 7227 856 7426 6835 2178 4621 3177 1738 2347 6080 229 738 3091 2297 2021 5459 1929 4039 7355 6404 3303 7333 507 7043 2981 1084 70 3243 1769 1712 2590 1495 1419 1367 7181 2449 4840 1709 4186 6038 289 4414 6775 3379 6710 1295 189 7490 4186 43 5246 6340 6227 5752 5882 559 5687 4803 2654 7455 5367 4095 301 6785 4314 7482 1733 1653 1690
4770 190 830 536 5817 3060 6097 5963 3248 6087 1500 2143 3832 6692 7221 935 5073 280 5473 1228 1785 5427 5446 5879 4579 4730 2692 3412 5315 3196 3954 1436 2238 4783 1971 554 343 568 5368 2442 5506 6868 4584 1837 6059 3157 1623 2483 2288 7095 2562 4072 3873 507 2450 7303 4089 3994 3215 1903 7189 7168 2190 778 4450 4161 1331 4792 3580 5551 7234 1585 4918 3169 2273 2328 6325 2747 3662 1112 2341 6224 4035 5065 6730 6485 4867 2170 1830 581 2924 370 6600 5114 1148 3550 1774 1330 7193 4205 6880 5778 5789 3149 299 6913 5476 5475 2159 1638 6587 3351 6713 3121 7267 4794 957 4633 6964 1638 4066 2387 2008 3165 7500 3155 5566 625 3336 4111 4829 2716 1240 1969 5864 1538 233 2692 7013 1243 3181
4951 4593 2393 6923 4359 6038 6732 344 5501 869 4409 388 1728 6425 6739 3734 3343 7364 7070 7453 3544 2285 44 4365 7000 1582 4597 1043 7446 5840 4223 3748 1784 5467 2022 4995 4005 1253 5338 857 974 1098 1244 2701 22 6835 6435 2216 6698 6004 1020 1593 7140 1064 5957 5491 1497 1906 6534 294 6597 2108 4041 7232 6427 6062 4726 1783 7315 2563 2639 7140 2512 2735 2340 1386 2069 126 3601 118 4981 4621 1710 3472 4536 6519 1463 6032 7276 6848 6325 5224 307 1717 4955 6733 278 1033 7367 6444 2447 2506 4935 4959 4092 7275 6344 6160 6252 1296 6277 2585 4768 6838 6056 1803 4708 6370 6686 4483 4569 4362 1058 4876 6078 4865 2960 5208 5897 1679 4151 843 4184 1586 4653 775 212 2348 5786 5315 3644
3414 399 7263 2751 5307 1566 7459 4176 751 3293 97 5113 3203 3824 2542 567 5635 249 6463 7313 4400 6157 3996 4837 2162 3622 3900 4509 759 1714 7004 4172 965 6767 5775 6271 7184 5733 1798 6786 377 1894 3250 3579 4569 5792 2997 2704 6040 811 2516 1791 6968 5364 5479 481 1485 1878 3841 2244 2444 2197 5267 3408 315 3541 1030 7498 625 1679 6783 1002 3573 1385 3432 641 7176 6429 3344 5715 6091 4712 6358 5558 2575 4336 4890 2911 5066 1231 5154 9 3427 1773 2268 3741 5313 2149 2590 5938 3827 724 5791 6251 2108 574 5744 635 5854 1587 5202 4445 5150 4059 1354 224 894 6244 3135 5959 6326 7140 4819 1104 1412 7086 3696 5577 586 6285 4014 4413 5860 1156 3163 6820 1729 1406 7454 6435 1845
5155 3379 6994 1713 4732 6070 1459 2327 1704 7417 1152 1343 3588 1107 1607 2025 4802 7183 2611 2438 2548 7023 798 3703 1537 117 4283 2943 70 3217 3639 5225 6595 1984 5789 2679 553 7247 3857 2256 6016 3861 2451 2103 4967 2909 4127 2269 2591 5589 4706 5138 3963 4355 1340 5500 4471 4474 7294 3393 191 2284 7469 5637 4267 5757 815 4820 4356 3524 5927 2871 7384 7229 3825 4850 2637 6803 5970 5227 4892 2028 1716 206 6382 1907 5705 2205 6381 4350 4449 6571 6633 4417 4707 3400 1525 4374 7071 5880 397 5497 102 280 5226 2778 3981 362 933 1303 4441 4676 3330 6156 4881 1063 563 3086 2119 6943 6287 6567 4865 5420 2335 2071 1319 3860 6444 889 1091 5692 5237 45 4823 2962 2822 1304 2176 2606 2606
6616 7281 4787 4123 4662 5849 4685 6599 468 2979 5385 5886 343 3304 721 1266 3474 4580 209 3214 4522 4753 951 4566 2075 2764 6240 3378 4939 1345 4835 2906 7478 2121 7029 4639 6822 3065 2589 6141 6044 6825 4526 5238 2629 5246 6503 4954 1177 5564 668 5699 2816 1618 1616 4890 4381 6707 7120 672 552 4454 3577 6881 5427 1957 4019 4748 5022 5459 3388 2417 4783 6765 154 6263 4511 5509 3717 4539 3572 3236 1589 6387 3705 3205 3776 6937 2411 3395 108 1814 6701 2537 46 4627 3345 4064 726 866 874 4113 2134 4509 2229 2288 3271 5591 296 5839 2630 2719 1574 4218 1605 4130 6274 5380 3567 37 127 2526 702 6827 5062 748 3953 907 3663 4678 624 4537 142 2758 1545 1222 3897 3667 6813 3044 2006
1942 5762 2431 5011 6218 6561 2637 2949 1479 2673 3075 4004 3374 1253 418 2973 4057 176 6636 86 799 2524 6579 2408 4068 301 5156 6586 7113 7051 1091 406 4164 2374 4268 2881 286 6904 5830 1764 928 256 5767 3154 1509 6184 6126 5565 6359 5261 5651 6010 284 4729 7269 3203 3881 3777 2289 3493 3327 2231 2750 6343 3456 7018 1723 3741 5273 6404 5504 6201 6660 3771 1854 7020 1306 479 5084 6517 4592 2086 5026 3727 5667 3646 5782 2047 7422 6922 5540 2101 1652 7141 943 3960 6658 1517 200 4431 421 5704 1983 5932 826 3836 5451 2131 3166 1886 1147 257 3972 5024 3984 990 1170 1117 3036 7443 538 7427 2043 1041 7068 2985 5000 5077 4502 5200 2007 3774 2255 3989 1057 3080 6676 6507 4062 2342 7244
4061 1450 2567 1584 4285 3556 1605 5401 6592 1548 5938 6518 3590 6979 4937 5427 4478 2514 1280 1029 3372 5053 3283 6213 4961 5214 5388 2819 628 6581 2562 4688 531 5129 5123 4815 1184 6728 2716 6627 775 1153 4497 3216 6983 1933 1142 3961 4446 2421 3841 6670 6325 5976 5382 2637 3689 3269 5455 3168 1202 517 355 1732 5645 5478 5398 5680 3557 613 4807 4331 618 655 6398 100 2587 40 2912 5885 1312 5605 5054 6489 4080 2935 1625 6620 5055 7080 2288 6256 6448 2642 6839 3444 6971 4737 1623 3027 4201 5281 6209 3670 5935 5107 2622 7374 5146 4385 5758 5309 2489 2163 3149 6568 5097 4774 4540 1503 3205 6827 6611 2152 820 5949 5595 6643 2037 6069 2169 6238 2702 878 2407 7488 4836 5028 6213 1333 1913
4470 6641 4401 5484 2290 2321 3080 5915 6860 3435 471 5038 2545 1474 4709 993 7068 3851 3030 4488 6020 619 6041 5749 3025 6029 1936 6905 3593 3268 1317 563 1260 4569 4898 2401 5741 478 815 3952 2764 137 341 5308 1610 5050 5152 29 1400 7033 3369 6271 151 1909 3371 2028 6789 5306 284 2882 7425 452 2296 1185 5020 7193 3585 2113 6522 3252 4916 1785 3388 5257 7092 3850 2806 4744 3878 3057 3128 7246 1828 3279 1655 4050 4158 7295 708 4441 2676 632 4892 4971 1816 1263 4664 4253 3375 3685 4 791 4322 2243 6047 3913 4944 204 8 1322 3260 3136 1067 3939 5266 1573 489 1923 1368 1196 5215 2895 1827 2606 366 2495 3868 3881 6747 6095 6417 5602 6885 3238 6696 4283 6003 4140 3338 6010 4313
6597 497 5379 3036 5762 5804 2376 6536 6023 3571 4250 1417 4249 5707 634 6743 2075 4514 4841 7021 3431 1794 5257 5520 990 2039 4022 3981 4228 1384 793 3324 732 5023 5211 6494 3326 86 4381 700 2508 7483 2117 6757 5689 2750 4851 6615 6116 1044 6135 2046 2837 2743 6417 2678 3633 1791 5510 360 3174 6302 3684 3905 2677 1394 1750 4854 332 4983 5554 2839 4965 170 947 2005 1771 4650 7472 386 5693 4958 1283 7381 201 200 1411 3833 1990 5772 4193 4015 3426 376 6771 6102 621 1021 3455 7304 6003 1508 2643 2319 529 2441 3175 1152 7090 3146 1537 4134 604 1672 2867 7156 1871 3129 3488 2712 1400 6532 5578 3677 6907 4848 2278 6380 4720 4585 6183 3222 4944 177 4392 5473 1470 6419 5476 7411 2064
7012 4045 1519 1183 5763 26 1905 243 3514 3468 494 2545 1545 4171 804 6393 5300 6035 3612 2384 3569 5686 7328 2598 1429 4152 4067 347 2127 3977 1263 490 6873 1633 1673 3987 1659 2429 3081 4024 4749 3575 5420 6293 245 5075 4037 5544 2461 6501 6780 6030 3538 6607 7479 3818 3258 2897 3017 4236 6873 4279 4725 5098 4763 5249 436 5273 178 3517 648 4926 7091 4920 2570 6187 2494 5459 3082 4955 4459 2361 2336 6848 319 2314 3165 2428 5210 6181 6663 3434 1811 3888 7383 5426 1636 319 3198 665 2687 2698 4442 2277 117 5864 7315 1462 3822 2896 6416 780 4109 103 6479 4427 1268 2143 6855 6477 824 4869 1263 2634 1256 7497 559 1744 315 2609 2408 3001 5306 5702 4129 4274 4065 2795 5735 386 4543
3503 17 1151 3605 6495 4429 4873 1137 2635 2701 812 4 2815 2298 111 2812 1708 1854 1978 4316 3114 3831 973 1315 459 4098 4231 3254 2333 4616 296 5835 3484 298 791 2478 3578 5663 2466 5065 7216 2130 3920 1382 4427 4030 4193 6134 4736 6171 1802 349 1353 1626 515 1811 5724 4745 3916 6908 712 3063 5242 3047 2212 6032 5524 5790 3047 6841 2206 2762 322 6125 2995 4748 2654 7188 2234 6241 4710 2887 6589 6062 3364 5955 6724 439 2051 1992 7346 1614 5054 5087 4660 6118 2471 1535 3259 5517 876 5464 7130 1197 4088 2624 4797 5593 1163 5882 4334 5872 120 2274 4433 3483 7081 2509 3922 1631 4500 3767 3245 2053 1354 404 7022 3824 791 2780 692 1666 743 321 1714 3682 1796 5362 1775 2959 3743
4960 1330 2714 6085 4615 6197 4517 5975 2618 6148 2974 5236 744 3878 5441 7499 3400 1764 789 6179 1307 1306 5774 479 1872 1955 2275 7233 2581 5233 2328 6392 5414 5041 4977 1380 2589 1993 7354 4058 6992 2827 1794 6587 5557 7234 6586 1456 350 6226 6486 1656 6384 4759 2135 755 5566 3261 6839 646 993 518 7038 5258 4411 3366 6638 6999 4210 5343 3557 2554 7022 5350 492 5078 5083 5929 6533 5432 4655 5518 5940 3538 1629 574 4292 7194 3834 2482 6691 3678 3000 5080 287 7410 7297 5776 6908 2859 3619 1816 5412 3140 7165 5903 717 3600 4332 6101 383 338 2970 6322 3875 4598 5747 7018 3143 932 1999 2334 3461 3850 7413 3748 3759 7210 2023 2019 2568 4493 3834 6831 132 2351 4085 7200 4802 7268 5800

128 74  1270
1 130  4719
102 128  362
140 31  2695
43 40  1459
136 38  1168
135 67  2587
136 97  769
131 87  4854
127 79  4621
113 140  3578
41 73  6408
106 34  108
135 106  1010
3 9  6909
100 77  419
107 3  2299
100 140  6865
55 130  5132
7 48  1849
81 20  1453
88 134  3914
16 32  5182
73 26  7338
20 30  4045
8 62  6550
106 101  1877
63 60  869
117 48  3658
122 128  2443
66 68  1877
9 88  4375
98 105  6009
81 110  5992
102 131  665
64 71  6487
103 109  6181
78 31  4631
52 80  6660
20 62  3269
105 128  4284
1 70  6928
104 100  314
99 40  5901
120 74  3345
103 138  7055
80 101  6505
17 38  5143
88 23  1183
66 43  906
105 80  2716
3 13  564
130 118  5863
13 76  148
6 55  5754
62 90  3079
121 29  5023
7 46  5962
71 67  6765
75 133  1293
72 29  635
130 32  5521
117 22  5324
137 35  3757
56 114  459
122 108  3594
45 88  2352
69 27  4061
137 99  4704
13 33  2292
6 37  92
12 27  93
99 3  2869
95 72  5290
26 128  5756
17 42  1259
25 87  4057
67 89  6802
14 85  4841
29 30  504
109 110  1049
9 122  542
83 80  5898
111 107  6833