48 32 24

192 24 1366 2329 1359 6276 4967 3818 2892 4054 4809 5138 6744 1901 4967 1420 4538 6066 4348 2472 232 851 465 6945 740 4558 6554 6070 7194 4854 293 6238 3729 1658 1066 5087 6785 4884 1405 2176 289 5065 6166 7032 5817 2484 7303 2854

1049 4150 4177 1280 3852 4642 7077 3443 1699 6130 2013 244 2335 2305 6481 6064 2815 6399 2502 951 2634 2758 1979 2923 322 6996 1306 6138 1979 1109 1491 3027
4110 5668 3159 6814 1661 2735 2756 3359 1364 4768 2454 3698 5925 1435 2261 91 6685 4763 1041 670 20 3019 3592 6694 2514 4898 5331 4492 4858 5674 6371 319
2693 2029 7132 4353 4763 2388 6563 6126 6007 1516 2323 4431 1802 3436 3373 7338 7050 4414 508 5921 6284 4099 5114 150 348 2945 3493 4057 1118 2363 4376 3810
3243 4007 7014 505 5246 6076 5482 3753 91 305 7035 745 2592 2908 582 2141 6173 1089 561 4956 4040 5675 3957 4387 1119 7450 7296 1088 1164 4171 3749 4407
7029 3262 3763 4775 1837 1745 7379 779 2049 5765 1523 3492 1172 2105 5632 6196 3193 6192 2504 7232 4366 6460 2971 4336 5261 1618 4275 6425 4640 523 3331 4168
3784 7093 294 4472 189 172 5251 1089 4789 5625 4580 5960 6581 2711 3508 2274 1403 6011 857 4620 4970 2679 308 2731 3148 4582 507 287 5105 2689 4455 240
1133 3600 4712 1322 2624 2462 2410 7412 6938 6990 4723 6019 2200 730 7144 2454 6740 6852 5926 3062 883 6233 4644 4030 2166 5150 4317 7270 338 123 10 1470
3722 3573 2791 6345 4886 4053 6256 4323 3542 3479 2841 4593 3060 1336 7047 2300 688 4324 4213 1570 3056 1356 5599 4073 5357 1267 2695 4546 1389 1556 6015 5111
5128 158 3955 2513 3062 1563 5687 6603 3893 7380 3695 6952 1215 2093 603 1902 6416 4815 2323 823 5022 6774 3748 2878 540 6442 7423 781 497 4790 5891 5624
3799 1197 6988 5712 1611 5174 4814 5503 5053 7360 4955 5120 805 5557 5873 6072 1724 696 5747 6745 6321 1994 975 5712 935 7249 6492 283 3390 4882 4758 6040
4931 4245 4251 6541 770 416 4544 4675 276 850 2294 7432 5258 666 6003 6981 213 4249 5078 5385 5094 4904 3597 6028 3504 2588 5162 5746 6322 2419 4285 3752
5515 7388 1644 6285 303 6187 3459 6930 5888 4604 6861 3646 4121 5364 1978 3186 964 5907 1070 4910 2162 4666 2289 5666 7254 7451 3911 6075 2369 7047 1178 384
6934 2821 5520 7237 360 330 6666 6247 4933 6027 1244 1553 2742 3222 3590 2557 480 4660 7466 2642 1825 2255 7159 430 1057 3569 6504 3425 3115 181 2660 1401
1854 679 1137 2213 1008 6654 959 5940 4032 2203 6345 6773 4276 2434 682 4755 5945 6999 6248 270 605 5906 699 1661 1974 6055 5086 3941 5087 6597 5341 6940
7276 5329 1652 783 4482 1463 5575 1014 2517 3271 6638 6792 4556 6171 2898 3001 5670 1646 2122 6274 6403 2820 6787 877 226 3224 3669 5313 2320 361 3604 2095
5689 4108 1730 1522 4422 6156 2535 6938 1926 525 6229 6481 6695 478 833 4864 975 2954 2490 7378 4626 628 7106 4851 3851 3274 1515 6170 2486 3971 7117 7026
578 1346 1047 4999 1 2434 3288 778 2958 868 6110 2152 1345 6943 5868 2320 1248 7209 2197 5873 336 1802 2076 4186 3927 3590 2855 6412 60 1323 5937 6989
2668 5835 3339 1520 768 6626 1149 2577 7493 7259 4729 190 5553 1948 2509 6800 1656 3557 4025 1991 5358 6100 5028 1784 2189 6734 7047 1101 557 4335 6941 2076
1521 2780 3596 1141 757 3596 3717 7102 3354 7297 7291 258 1744 1151 5910 3399 4707 2434 4241 2564 1033 1768 3199 3221 7354 1597 3173 410 5931 2614 2485 7451
4245 4932 1091 3853 1028 3660 3454 3233 3456 2096 2343 5200 3246 752 7450 452 3185 3043 1867 4217 3662 3917 6289 3515 5513 814 3924 2795 3427 5261 1598 6523
1544 1540 2875 1423 5199 5181 4656 1155 7276 5850 5206 3022 6601 4007 2325 2285 5901 4192 5353 2063 608 2993 4429 6121 3806 7205 1415 6084 4965 1864 5106 5360
3404 6833 6783 1102 4513 2790 1108 3140 1139 6313 6161 239 1672 986 1375 72 4029 5579 986 4636 1071 5415 2108 4877 3971 2375 2312 287 4238 6270 5646 141
5602 4928 95 1466 217 1202 4605 1355 6367 2118 445 538 1955 671 6961 5983 6249 6799 1970 7320 3565 2930 3548 35 5304 5859 321 893 3480 5966 1034 1581
3394 7480 1898 2462 1181 5355 2669 47 6324 3113 6936 778 3784 5249 5612 2532 4547 81 1203 611 3010 3602 6997 7165 1961 7317 558 4292 5782 443 4725 527
422 6622 1841 454 3328 4509 6853 2151 121 5140 1780 2756 1740 7391 4140 5138 6324 5342 5748 685 1444 4096 350 2256 3912 7259 6547 1046 6553 3771 424 5826
1745 2264 6279 3924 6772 4483 6075 5745 2123 354 7352 3862 245 3991 1500 5420 1833 6099 6104 2128 1547 5305 3235 5458 5063 2281 5355 2967 4904 5779 1292 5500
6894 6423 1923 6166 3405 6849 3262 4379 7203 3113 7093 6299 7104 7444 4218 288 6042 2821 1267 6440 626 4501 4398 4540 5633 1104 7 1888 6882 150 7387 6276
6572 662 3793 2477 10 5906 6855 6064 1518 5299 4862 7473 5242 431 6612 2636 2104 378 1575 2729 4878 5972 6120 3011 5928 4978 4898 5309 5128 3637 2936 4199
3150 5580 5527 3159 3985 4882 575 4355 1532 5436 4327 6774 4719 3439 1909 6822 3816 3483 902 46 807 7021 3056 6734 4499 6805 3394 2126 1793 6330 5176 4942
3261 3203 6953 7246 6936 27 4100 967 4314 7278 240 1532 3216 2148 853 5884 4483 606 5929 5289 127 336 3374 3477 7140 6767 4454 285 4448 2129 5226 209
5331 4678 6306 4766 3556 2905 5733 370 1534 4824 753 3602 6972 1606 1985 2806 2211 6765 594 1189 7100 2819 3517 5591 2085 470 4727 5385 2599 2453 5593 6781
5982 3250 4047 2038 5006 1131 2407 6539 5954 3159 2640 4277 3616 3476 5934 4679 2740 5379 4719 1191 697 736 5634 1634 1205 2860 7018 2655 4164 3962 1936 2646
7211 4834 4683 4716 4816 5941 2606 2121 451 5246 5250 2919 73 3683 6449 1665 1562 3667 1707 2258 3254 6192 3891 3311 1552 2260 5965 4567 6221 6752 7212 4783
4085 3246 850 252 538 3456 2373 7341 53 122 2759 125 2656 559 641 4217 3077 2348 5327 6331 1039 569 2141 1442 2829 6957 6009 401 6209 4572 5184 1645
6670 4885 1897 7207 7192 3121 5899 7244 3242 1157 6221 4749 567 5713 1466 3644 560 6792 2474 451 7360 4614 1892 1540 4070 6752 1941 1630 3824 5976 3275 2993
3360 4023 1551 1904 7143 7450 499 1736 7458 6719 6484 525 4932 449 4168 4343 6092 5493 4793 5952 1458 5537 6343 4379 4788 783 6009 1111 5610 1783 2955 322
5805 4506 2225 5447 3307 2723 6034 3264 794 5017 2640 4577 5466 5659 1419 4057 3651 5064 1360 5108 3100 203 1987 387 7337 495 350 5447 1129 3304 5768 5785
6661 492 2583 1319 2066 1116 4583 2859 6132 6074 7435 2949 4233 1354 7006 383 5269 7217 5491 868 6271 6329 106 4960 6823 455 2906 6803 2611 25 5087 623
6868 169 1942 1433 1284 5376 4292 6267 3949 4226 1716 7033 4431 73 7416 1051 6141 4258 1918 4912 3086 876 2371 1260 182 4128 562 2792 4152 4500 2267 3519
4668 3060 3803 4803 935 594 2421 3735 3672 4136 2120 6954 4208 2035 505 2849 5144 1274 6612 7081 1001 334 840 1183 4461 253 2826 7464 4752 5092 2334 771
7003 6136 4425 6789 5582 6845 3024 1753 2333 5143 58 5392 6029 6914 7092 2524 7040 5055 2104 540 5388 1795 1722 1200 2047 4548 1163 5650 991 2348 5272 6846
984 1048 6134 6565 6744 1657 7169 1576 5651 6078 5820 3031 5492 5411 5554 3883 2966 6509 4422 7205 803 4996 905 1701 895 919 7350 1885 3267 3973 1230 3102
5020 6216 1018 4264 372 686 4691 4875 5615 3010 6757 2458 7273 3663 6340 1590 2671 3262 1294 3474 757 2198 5174 1651 3117 3876 2387 5235 348 2469 836 4220
1184 1853 7335 407 1390 4525 4133 7004 6387 3390 814 6159 5904 7153 6600 1074 1766 393 3399 2522 2591 1073 3024 4559 3800 4263 1145 2999 6731 1980 7218 6766
2684 7052 6024 4073 2929 2657 2428 667 4898 3241 5677 3301 1746 4776 3226 3511 5168 6625 4885 6610 6549 6760 2520 1700 3522 3664 4698 1604 5643 3268 7221 7178
2819 5745 3750 4599 7253 5030 5265 4650 7122 3441 6802 1367 7068 1379 3730 4736 6855 1114 3845 4755 373 6365 6454 2747 1380 3652 3202 5875 6919 2923 5552 1089
1167 654 4540 919 5683 1156 4420 4156 3449 2573 4375 3016 2803 604 251 2158 569 2948 6912 7293 664 4718 2539 2043 7221 5741 417 5491 1163 5969 6579 1181
6622 2470 951 3656 3626 4222 6663 5926 5646 3537 1441 948 4140 544 1957 4708 3491 1369 4501 4154 4938 5891 5048 4658 4131 5465 2648 4145 2785 578 4177 758

3 22  4413
28 27  2427
9 0  5964
17 24  1455
28 16  6163
10 8  2015
31 25  405
31 30  3388
31 13  6384
19 27  3061
8 30  7039
24 26  239
26 3  6583
13 20  6375
16 17  6976
30 27  1444
8 27  850
8 26  3764
3 25  1826
3 12  1613
11 20  3299
9 12  1861
3 6  4372
30 20  3624