46 23 22

989 6443 253 3496 4003 3068 4473 1331 352 7420 1877 3698 1154 2243 589 830 2977 3795 6236 5146 2916 1051 4016 346 5213 7134 7250 6724 662 3036 145 503 830 397 3998 4833 2317 7322 6163 2668 7241 6891 5217 894 1633 5805

576 3462 951 6811 7459 3867 6713 3974 3064 4425 2460 2814 2500 3121 4701 1496 3623 5530 745 6472 2862 3061 5146
376 4580 4886 6119 1148 4632 251 6952 5207 3712 6754 3369 3670 1972 2581 6496 3888 5857 307 5553 7208 3427 2753
1203 5902 7134 1947 3725 1348 3859 1370 575 7290 6256 6693 937 2239 6944 6740 7445 2007 4846 3313 4529 6817 4745
3524 3204 3101 3830 1256 2808 6108 2860 4010 3361 2494 4809 7086 3841 19 7307 4415 7309 6062 2460 745 800 1903
6337 7096 3909 3682 1760 937 2998 6504 3312 5054 2104 5993 5161 4911 4601 6873 273 6813 1866 3933 6398 4558 3951
6205 324 2611 3618 2783 2208 3270 3537 1044 1717 6298 4725 3477 6086 6574 2480 1898 2979 4584 6742 6992 846 2694
6364 7470 2007 7081 2754 7256 2990 5557 4812 2165 667 930 3800 2874 3051 7336 2769 4767 4985 6345 743 3571 4271
2075 4320 6101 5510 3561 5592 5207 5107 3307 5177 7113 1739 6782 5720 4728 4838 3032 5745 5505 2813 2044 7230 5863
731 1351 1981 5716 195 1576 1786 4465 3650 4957 3066 511 7369 9 5717 4975 3316 3393 3439 3906 2675 1659 1134
6364 4690 6878 3220 2 273 2950 4716 1003 3152 5548 6718 3346 5975 7355 6663 2124 4811 1080 1486 4680 7440 7203
2154 2107 1947 5593 6013 3473 7251 7146 2337 3292 5375 5556 2145 5647 7357 5712 5501 3008 3759 4719 5206 2234 4573
4368 3209 1884 4299 4695 5415 4238 4397 68 6345 6343 4512 3709 1168 3114 2206 3504 6405 80 1559 1049 4578 268
6760 2578 3275 1871 6148 980 4104 3221 4199 6164 3956 7349 3358 1870 2939 6606 789 635 4301 5301 4343 5468 914
6548 1471 6171 5479 1881 6071 1408 1000 4183 3985 4275 6053 2633 4106 1508 4705 7157 171 12 5857 2381 1881 1295
1486 1521 781 4638 6821 5123 2605 6587 3022 2927 4109 1000 3660 2679 2407 4659 5713 5244 285 4265 6728 3243 4624
2784 1751 3647 2795 107 6027 3527 254 6364 5047 1034 3502 3220 6157 4958 1158 1678 385 5266 1530 2896 444 2788
54 6157 531 6691 1773 6110 1285 5249 1393 3035 1395 4187 3141 7421 213 2246 6284 4112 3280 1137 7331 788 6095
988 1317 5331 6253 2846 726 5548 4486 7131 3056 5016 5173 3681 3626 6457 1429 3870 1991 2823 557 3984 2743 7121
6229 378 3732 860 367 2414 1647 6461 3401 1816 3143 1005 4661 2720 5405 1646 2350 960 5514 6375 3492 491 5331
4920 4360 6174 6594 3768 1509 1836 2241 6589 1066 4824 7449 1432 7238 447 6744 1990 2262 2386 2995 5775 5105 7251
6272 6306 710 4285 4032 3054 3627 1863 473 6839 6888 7067 1958 7248 254 4198 6336 171 374 5136 454 111 4435
7197 952 6696 934 2798 3822 6038 2548 2594 3696 2110 5730 227 5163 709 941 4487 47 6680 4053 856 6427 3159
3906 4115 3329 4279 1750 2635 3241 5036 2331 4192 3084 3265 5842 6905 654 889 850 3201 1850 6580 3428 7012 6140
3220 3999 5038 1252 6903 5893 178 2561 2298 4292 4742 5428 4894 7376 1168 1281 1058 4212 4364 3174 1405 3769 3828
2293 4618 5880 4143 2549 659 2506 40 3879 5356 5077 5130 4759 3470 4159 6171 4619 7303 2264 2547 3548 991 2566
4828 2049 5629 1692 4074 7033 4312 6753 678 281 5133 3672 2830 5791 6177 1721 2169 4033 6798 6150 143 1619 2809
6313 6237 1463 7429 135 5010 919 1553 2337 1819 6033 2880 5893 5566 7191 5145 5095 7472 2777 1266 1653 1068 6294
3373 2088 1678 2670 7090 1820 3140 2398 6985 729 2712 6913 7215 221 6683 1267 2557 7354 7300 5437 5746 4217 3979
2242 1811 3950 3871 3076 5602 3790 721 327 4729 2399 2996 4318 4218 6136 5567 3702 5716 778 1966 5430 998 1
6697 2407 7354 5348 6695 5599 2064 3173 6692 2726 5975 3062 4653 2928 5703 5373 3254 2932 271 6250 7249 4489 3737
5316 7042 1952 4945 360 7381 5943 360 5429 7201 213 2128 6395 4663 4191 919 2706 5768 6893 4620 2920 2321 2822
793 4426 5753 7415 3175 4354 3255 5763 1021 1649 6566 5965 2008 5299 3259 1219 2079 2959 283 4207 705 3797 7249
476 6502 5517 7368 2473 7288 1040 5295 6932 4318 3547 6847 7492 6752 2601 4607 272 4249 2524 6237 5108 6674 1995
5178 1253 3806 5460 4311 4510 608 4059 4985 5962 927 3705 934 7067 3596 6228 6498 413 1127 5844 6757 378 7297
2715 650 2897 5238 5738 505 3264 6584 5682 3368 2889 2494 178 7399 3101 3088 3735 1562 2867 7439 2496 2433 2387
75 1430 2799 1201 6126 907 431 5922 3621 7432 1318 211 5669 674 3474 4752 5208 6841 6493 201 5870 6391 2153
1457 1477 2567 4323 1416 3914 6755 2654 3988 7037 5452 4041 5662 6359 4471 2935 1331 4402 3104 1541 1422 2630 3866
6173 337 2058 5165 6889 427 2907 393 1884 4384 2959 5058 4651 6872 4313 7304 2212 2701 4107 6252 862 1817 3222
2648 3148 123 5751 3540 1544 880 7406 6568 68 1963 3085 6956 2390 4843 7349 3125 578 1659 682 5228 7383 3846
3883 2094 6546 6842 845 6259 1158 2918 258 3157 1892 6009 6697 2287 5740 5454 1354 4660 6268 3290 4115 1157 633
2815 3133 62 3326 2667 4142 3208 6512 524 4153 4410 6217 3849 2020 7375 6766 2278 1883 1157 7138 7431 3443 5377
5384 3648 2536 4152 6938 5503 4160 6422 7169 7293 6483 2994 2459 3124 5053 322 2500 1705 3583 1216 5553 5603 7442
4818 380 1825 4826 6369 1755 768 3097 5991 3268 4485 2642 1557 2487 5653 478 1007 4297 5812 2853 5607 288 405
4781 2787 962 863 2854 6514 6465 2796 2684 5696 3472 6361 4564 5226 5981 161 2568 1748 4645 4061 3304 5983 2214
2633 5841 6510 944 1193 3469 83 450 749 2869 1411 1611 4575 6776 6928 7370 811 3975 3341 7172 1039 7418 5652
51 1338 7399 3547 5398 2054 881 6463 4686 6721 4325 4481 414 293 4564 863 1041 6284 1125 1503 3358 400 930

18 21  4905
2 8  4795
12 6  3697
21 10  7243
20 4  623
5 1  7343
10 21  6608
11 18  6322
5 15  7446
18 8  6698
15 4  408
8 6  141
11 18  5525
14 0  4654
18 14  4743
13 14  2804
11 17  6361
7 15  4606
16 14  2057
1 18  1586
22 14  3723
6 18  3154