35 80 2226
6279 3042 3683 273 1902 650 5268 3719 1831 2554 5128 5363 1345 1409 4349 3418 5380 6580 2959 1293 3662 7436 4483 4408 1351 2490 5141 5936 1021 2453 2640 7299 4346 6322 6423
6247 6971 4190 2466 154 5595 6445 5516 6940 6705 2364 2857 3436 296 4668 4728 2809 3455 562 6068 4806 1903 3708 2093 2924 5013 4732 2722 710 2405 1645 6957 727 4686 774 880 2781 7218 6396 2220 6422 111 3928 2357 406 1095 5936 2066 4550 6497 634 707 899 3193 2799 2674 705 6382 4248 1415 1286 4744 7223 2012 1929 496 1744 4709 6565 6991 5780 5486 7101 2208 6694 6359 3302 5129 7276 6703
2977 409 7409 2727 3602 2707 5401 3158 1588 2148 3424 1725 6891 1998 3737 171 2493 4332 3732 409 3822 2011 5894 2274 4218 3939 1132 6372 419 908 5574 3395 168 4335 4974 2621 7041 1726 4631 7481 2725 6906 1705 2115 1404 4293 1137 2748 1124 4868 3157 3797 6879 402 6071 2448 4341 7202 1319 4759 6961 5745 7006 5981 2579 4479 1101 971 5056 5731 7303 280 5137 1508 1246 5392 4652 2382 639 5776
7250 2647 924 5480 3049 6994 427 6241 5548 598 3499 3860 5194 1856 2340 6624 5186 3441 94 2741 523 7397 3020 4511 256 4265 1254 4907 6647 745 2034 5248 3391 2958 3227 5291 1303 2505 4031 6850 3102 6382 2062 7147 737 4401 6270 5923 6693 5216 1163 6068 3964 3035 3078 3071 7299 3184 477 5297 3928 1363 3044 7318 3172 6270 5109 3326 127 491 2676 2080 6872 3589 1727 109 489 6848 4883 6034
4563 4897 4601 7378 431 6530 2948 6582 2213 2277 4378 6140 2491 7422 4810 4514 5043 1270 339 5169 1760 1866 7249 1132 5454 1475 92 4795 7174 4974 3328 3089 1222 6780 2966 1653 5809 4766 734 6874 5894 3963 4365 884 3884 1674 5397 279 1795 4587 5447 3555 6453 4047 3538 4406 4373 3629 1700 4047 7454 3879 7135 1175 3158 1452 1679 1467 5069 2412 840 3462 5227 5204 3197 1610 5730 7445 740 24
4532 6187 2430 3484 1585 5967 6741 5958 2095 941 1356 900 4819 7342 2075 477 1293 3753 795 6362 5017 486 1175 2743 5689 4372 3204 2770 4316 3944 2794 199 1482 5223 3682 3066 2542 2923 375 4636 2715 1730 5536 6385 423 6462 6861 1716 2714 6507 6929 6582 6992 603 1824 5181 3826 5028 6802 642 323 947 840 1804 5022 3374 3721 63 5148 4096 3550 362 4677 1585 5598 5100 6898 4959 5667 2112
3965 3947 1193 3457 4549 1869 7489 875 5748 5642 368 6070 6589 59 6725 4110 2284 2945 4172 7431 5892 221 6644 1921 658 4742 5872 55 1052 4038 1018 3868 484 1063 6176 3884 2931 5016 3610 30 3158 3977 6099 2246 2888 5323 5207 5171 7119 1878 3954 5511 950 3097 7431 1607 6690 5802 514 241 1191 1531 4109 526 2593 1636 4409 4375 6652 6871 3256 2309 3347 1854 3406 5086 6028 1112 2757 5647
1841 6710 3657 2790 1158 2439 4397 348 740 4910 6940 1930 5292 2400 2455 6737 4036 5715 2463 2039 5085 5719 4347 7284 72 6604 4869 4952 215 6477 1950 2055 4538 4458 3696 5696 6896 592 4895 6487 4353 3186 7268 2145 5586 2222 233 973 6788 2695 3011 3225 913 6209 3008 7337 5312 6728 4788 4378 5705 6737 6432 1594 3694 2627 6141 1941 2071 3535 927 5275 5573 694 6271 3658 1767 6503 4630 1054
1698 6492 4278 2610 5200 6137 1298 3011 5365 6085 7388 2421 4173 5171 4014 6718 6649 2655 1158 71 5041 936 5346 3113 1629 4116 5622 3395 3119 1603 3301 4816 594 6430 6277 5793 3919 75 1303 1783 5011 42 3055 536 5212 7068 7253 4361 1074 7263 4431 4967 698 1128 6931 1179 5244 3905 3425 862 5507 5577 4529 4953 4507 2157 3245 7277 2231 3400 1559 6094 3441 4613 6629 5 3032 5233 3217 2958
3847 6499 6776 4545 127 6206 5723 5370 2610 499 5083 6969 6076 2111 4421 1934 3119 6517 1710 5350 1268 3268 2795 4709 6732 775 3565 1115 6007 6781 2924 2354 5779 2199 5750 4757 905 2824 2626 2366 3322 6560 686 1897 22 3958 3830 3141 1827 5539 7342 3094 158 2636 6654 5741 3410 2718 6856 768 850 1131 3121 6629 3330 222 2737 3086 3045 5363 4303 6367 3274 4989 763 3296 298 3445 5288 2124
1483 5129 5218 1641 6616 3223 6233 1377 5941 4440 2144 6790 5571 4117 4770 1400 4338 7 4485 7383 4221 1287 6249 7494 5127 5863 2141 4277 1807 6280 6400 3290 3908 2969 3782 1875 6192 1366 3251 3484 5806 5395 2773 3876 863 6395 5275 5200 6401 1111 3934 1973 1249 2682 818 5228 7397 1811 2004 1703 590 7255 3844 3350 2724 6477 5224 267 343 975 3750 6148 5221 6522 2523 4935 4268 6649 2634 2020
259 6568 3992 359 601 4810 5586 497 5472 6441 2200 6061 6196 4895 1910 1419 3872 7134 537 4214 6960 4286 1713 3532 2159 3087 966 6427 2235 3599 946 1345 1518 3790 1703 2119 1099 6141 1467 6570 5081 2518 3982 3776 7413 5892 4046 3784 4377 4582 6849 3836 1367 1061 7367 2378 4147 7184 1304 5233 3282 1101 5429 3652 4890 5983 4622 4840 4623 6088 2761 1056 7458 6743 4831 7370 5134 229 2505 862
4810 1853 4697 5029 1765 3415 7406 4763 3098 61 2495 5231 1161 6775 1382 6051 5257 4855 3390 1232 2295 6151 2287 2252 4245 5969 2121 1878 6197 4625 2739 2359 5329 6287 6239 7093 1053 4996 3207 4150 5056 4553 732 5068 3827 2114 2470 1583 5820 5860 2814 614 3362 5100 2865 106 2421 3837 835 1117 7313 2425 2327 5141 63 1065 3585 1115 6060 6791 5264 2467 3843 5995 35 169 6960 2504 604 5280
7215 3417 4745 1928 7369 110 885 2289 3946 1719 2257 2611 2995 4584 251 3057 4500 2688 4171 1912 1978 786 4378 4673 5633 3264 3693 5092 5768 4296 1723 4334 6565 6468 6262 5285 5429 7146 73 1874 217 1181 4484 3211 4616 3587 5120 1616 6274 642 3527 7103 1428 404 4275 7060 3668 468 3503 787 4763 5226 5120 2679 3045 2733 463 973 1231 6887 1698 1447 568 5034 3509 5183 1120 1128 5650 6245
622 1676 5847 2049 932 2622 1608 3451 1941 5110 4237 5555 1687 708 734 4731 2293 1196 5703 3523 583 7401 4969 2 4934 7329 5184 4905 7309 3334 3649 430 3861 847 2478 4792 3468 2937 742 4260 6898 3830 2315 7437 3390 3048 4667 5682 4243 1722 1704 3677 1622 5524 3678 5407 5352 214 1663 5160 2399 5311 4441 5111 6157 5770 2403 977 1206 1996 5236 6956 4678 50 6892 567 1949 2910 6248 6192
4631 451 1220 5104 5974 3750 1862 2677 3963 3524 337 5213 186 3629 2823 5195 1899 4077 5023 1956 4925 2758 1411 2102 1660 802 2668 2460 2564 1415 3 7194 1865 1223 4798 6690 4972 6659 1866 286 1535 1054 4350 1720 4683 7172 6914 5433 2601 4436 7388 25 6046 1299 2126 6557 952 4793 1516 3515 5059 1519 2061 5775 1593 6858 4964 6564 4868 5681 5701 5254 6735 2550 6974 2769 1073 5239 701 2525
1027 588 2549 5924 738 3526 3832 542 818 5347 2908 5876 5717 4968 4150 6161 3177 465 4076 545 6146 2276 4650 4232 3677 4123 7000 3602 714 6552 6126 592 7139 27 6515 6729 3552 1698 7270 4370 5896 2677 1597 4113 6497 4599 2773 2173 3915 6849 1569 2560 476 6219 6791 3005 1693 5142 6606 2406 4193 5231 1849 2684 5257 7215 1912 1309 1412 533 4530 7308 2061 4978 2772 1057 928 4396 3230 3695
2596 4798 6254 1924 3516 4397 4928 4061 2038 4033 6466 5083 615 7167 266 4724 6881 2177 4884 7145 1561 765 6952 2473 4594 1075 3530 5522 5470 5611 1716 6918 1760 6821 1341 4128 2569 6268 688 4607 1652 6005 2189 2266 5671 1306 6989 3904 2334 3224 3548 3894 3988 1851 6366 1082 2925 1247 5455 7246 5709 7170 6663 7469 5342 6855 2948 411 5622 3635 3869 6125 991 4909 7243 6662 6214 6731 1917 1047
2455 5464 3792 5294 7314 1509 6375 1590 2756 4329 1335 7316 2850 6850 7284 692 6204 1583 7454 3178 5217 3822 1802 6208 1230 1544 4221 6295 7127 6137 7341 933 2952 2484 6226 1617 3992 3953 3206 5599 781 3392 5415 3631 2741 4050 3174 297 5633 3127 2326 2201 6948 2979 908 7029 3375 3980 5823 1853 1468 4515 2785 3271 6998 362 4887 2341 3166 6944 440 3947 1688 4706 6429 3280 1255 2102 3576 6887
5228 4753 1588 3527 232 1347 3055 3606 4179 229 5458 5646 3595 7094 269 1944 6307 5155 4284 1973 3451 3575 5919 3990 780 4847 7269 2035 5800 2197 273 3527 6949 712 5905 7180 911 311 2137 5089 539 94 2086 2985 7187 2354 4928 5994 6361 563 466 1163 4138 5236 5152 4917 1434 3772 5803 7233 5968 4928 2111 4269 5639 515 3948 6549 825 4937 2989 215 5030 5075 3199 3569 6280 6978 914 5140
6392 231 5154 3029 5466 2805 6798 5751 6577 3952 5483 3896 1379 6445 664 7018 5811 4612 4918 6635 900 407 5701 5929 4333 251 849 3112 7228 1762 7104 6119 1992 4757 500 6309 62 6149 3411 5490 2600 245 1885 3979 6689 2549 2348 4999 6012 7265 2985 6911 6523 1185 5339 3355 1435 5040 5319 14 6801 4922 6133 145 2178 5484 5305 2239 4132 1216 6580 6731 1460 965 2061 7001 3513 4408 4499 2024
3025 7484 1434 2047 20 5624 4254 307 3163 2072 320 1316 5845 5304 1460 522 3287 6764 1613 7418 6831 692 5501 7143 1656 61 6643 4020 3321 2493 6043 6345 2476 6328 7243 1348 4452 2848 1654 6466 3771 1973 281 2115 7277 592 2637 1915 6208 3101 685 5538 3792 6185 5180 4300 5097 3174 819 7269 5667 5714 6113 6994 4541 4708 841 344 55 2494 6810 2678 3319 5942 4792 1947 6534 6280 2713 5241
732 3397 2130 3376 933 6162 175 4882 1835 7345 4650 1 5558 2115 6995 1451 6822 335 1794 5728 1681 7455 905 3851 5897 4549 4649 3782 3328 7361 374 4060 2110 2503 7435 3042 1164 6461 6775 1851 5157 3925 1851 3215 6039 1345 3517 4212 532 5310 1291 1064 4117 2196 3766 1365 5596 914 5146 275 7126 5519 3186 1735 6873 1972 3629 537 932 1755 2387 6089 5679 3089 655 3069 3286 4171 6132 2669
832 7423 2584 4948 970 6349 6312 5417 6114 2809 5691 4591 827 1377 5178 6552 3348 1306 7088 4280 1912 826 1720 6443 2766 1226 863 6051 5396 6995 1219 5079 5769 3802 1379 5590 1502 190 3506 6467 1851 1696 3558 1529 1924 1235 580 5272 1392 6519 903 3303 6196 2622 2245 1462 2699 3108 6364 594 1454 6435 5672 6074 1588 5902 4163 3090 6092 6520 2056 6794 715 4465 822 2639 5699 254 6762 5942
6772 164 1745 5468 1637 2841 5781 4335 4800 4644 3780 5105 3578 803 3678 5166 6705 340 7107 4148 5711 1662 3441 6426 6127 3114 416 3177 3367 7177 1619 2639 6192 2215 6958 328 5055 5238 3514 1207 2381 7293 6311 4811 595 2489 2476 7299 1680 2082 2798 7391 2595 6238 5168 73 1852 4435 2102 5218 4111 3720 6708 1654 4786 6165 1981 1192 3902 5494 2398 5135 4138 61 2445 4732 1401 3772 3383 1932
5853 6180 674 7299 3770 5841 7372 5621 2775 1973 2190 5737 4544 250 6242 1829 6414 722 3020 1668 5067 4270 5654 1704 4330 6950 5288 5730 3221 22 6513 425 5053 7187 223 1322 5527 94 5794 7154 918 6836 4242 4313 7085 2984 6141 4850 2557 513 6517 6476 3634 3522 7031 6815 2971 3670 5044 6191 3691 4056 6615 1244 2594 6838 1417 621 5783 7211 6626 5553 6546 2219 1217 6130 4054 6210 3479 5463
6722 1348 4438 1707 3721 2820 1021 6692 6490 4916 4234 1532 323 2201 1627 2917 390 3044 2389 5024 1606 1514 3076 651 2584 3145 5632 6638 1854 462 4600 7427 661 389 1633 4382 3208 2653 2425 1049 68 5510 2581 390 210 4207 3306 599 6102 5694 5623 207 6059 50 857 1143 3194 5340 6632 3899 5802 2583 3825 5314 1823 5457 1047 3882 609 3471 4931 7028 1481 11 7418 542 3069 2075 1141 1671
6621 5615 1877 5179 4516 1586 5173 6562 5777 3156 2960 2930 4590 6785 744 6412 4741 1790 2794 4202 4113 224 3729 5593 6586 2498 4986 2154 4573 6126 2676 3693 3092 3405 223 108 4990 4248 5521 2118 7403 980 5048 3345 264 5791 2256 3857 6432 3901 558 3044 2976 3138 7488 2061 5636 4974 3067 2708 2451 4594 5252 5543 498 4326 4502 4339 1073 2522 6457 7328 3501 4004 2024 2617 1146 4279 5325 77
7032 4734 3121 2507 371 1960 3420 6006 6933 5338 65 1884 2431 4168 7426 1781 994 3279 6119 918 5800 5075 7097 652 430 1620 2120 1575 4751 7444 504 4282 4677 2476 5640 5048 4435 411 2405 2720 5748 2470 4603 7031 5489 3380 1311 6482 6658 7429 6252 4957 3856 5848 4460 4285 6320 6580 4712 3570 6523 4067 6703 2552 5394 3694 6451 2328 4105 207 5047 2352 1528 1001 1882 7017 3232 2044 4850 2389
1973 3601 6197 4680 801 3157 316 7120 2236 5027 2041 110 445 1243 1513 5838 4936 463 7018 392 670 3416 1596 2197 4417 3477 565 148 4373 5415 1389 6345 1515 85 3524 2315 2093 3839 786 3180 218 2826 2142 7014 2920 3654 5352 6708 2969 3721 7099 2490 7136 1194 3538 2904 3523 4103 1904 395 2017 3292 5591 2383 2228 466 4698 3173 3156 4335 6352 2225 7161 993 1739 1432 3499 5942 639 5319
2162 6590 308 1797 6635 3845 3553 2657 447 5456 1903 1315 1247 6345 3698 2326 6810 7247 5498 1318 4081 4350 3542 2593 4194 4132 4025 6544 2573 3515 4362 4734 1456 4669 5383 591 7366 1435 2099 6664 6890 4002 479 6988 1698 4176 1813 7360 2774 6163 1177 6854 1864 4718 799 4909 1350 3675 3953 2774 7189 814 6360 7497 4335 4242 587 4200 4528 2685 2215 2769 5538 2693 1108 7236 5720 1772 7095 7345
434 7123 6699 2297 4340 6349 7206 4541 2523 2510 7315 1063 2175 6174 1059 6509 1767 1645 2060 5146 3182 3127 414 1219 5819 1521 7306 2891 2144 5752 2735 2578 5374 785 3726 1066 7133 2283 4458 2155 4792 4272 2070 5819 1797 3128 3679 2415 4773 4591 60 6806 217 6825 6876 6035 7197 6682 277 1841 3785 3012 3270 511 2648 6995 1576 1133 630 6033 2139 4273 1657 4208 2591 2305 7336 6270 4720 3460
3360 3631 2765 3576 2956 992 962 2652 173 1239 3344 2810 3102 6613 3320 4601 4960 4895 5733 5589 2279 372 2361 3935 4579 4952 6240 3266 2573 2311 6725 5932 5941 841 859 1396 1833 1820 2900 857 1910 6243 3666 3863 4208 5837 7316 1667 2083 5548 7255 4362 5919 967 7148 1850 4770 4739 5115 7342 7049 3192 4625 4342 4032 5483 4589 4716 6155 7488 5573 564 5083 590 3279 642 6427 3094 2308 1009
1141 914 4222 5912 732 2722 6613 5502 7460 4227 5343 5861 7418 2468 2702 2802 450 7290 17 6604 6130 4441 6020 2564 5031 650 3205 2809 3743 5512 2669 3735 5277 6891 998 6008 2112 110 4009 923 3189 704 6783 1958 3171 836 4759 2472 626 3628 428 5607 6920 6447 670 4450 7096 3874 6110 2190 737 1279 5924 6013 7021 5774 4520 484 5883 7381 1406 1571 584 7041 2381 2606 6728 7139 5077 6205
2118 4356 4311 1538 2154 4980 4839 1749 1353 3449 2790 941 4727 66 6953 3099 5839 2825 3582 4221 1557 3839 4644 2140 3379 7024 3597 2607 5514 1173 1311 6484 4381 4474 521 6534 1953 4211 7135 2158 159 2424 3098 3737 2489 1403 6835 7179 3079 1768 2752 4635 5607 7395 6774 337 5770 2870 1795 2635 2894 1958 1618 6126 6431 990 5160 7235 5201 4794 744 4211 7217 2694 448 1058 4096 6134 736 7174
402 3487 3160 4860 2233 1285 5196 6854 3006 6991 841 5899 1448 1310 4525 6730 1152 1036 6464 6352 5829 6060 1914 4397 1253 1213 4306 4200 7347 5042 3873 6600 7380 5884 3959 965 7168 506 6670 2673 7496 10 7423 295 172 4447 5876 1323 4334 3692 6526 2662 2251 939 5911 3503 1004 2716 202 7202 257 2926 6301 6489 1309 1611 6305 976 2116 4326 3648 964 3188 3570 1258 3359 6869 7134 4681 3702
0 1 6694
0 2 7350
0 3 3448
0 4 5533
0 5 7391
0 7 211
0 9 261
0 10 1290
0 11 7170
0 12 1636
0 13 6590
0 14 3906
0 17 4656
0 18 5208
0 19 4389
0 20 285
0 21 1480
0 22 1692
0 23 7222
0 24 432
0 26 692
0 27 3004
0 28 5730
0 29 5031
0 30 2993
0 31 6554
0 32 3804
0 35 4271
0 36 4881
0 37 5817
0 38 2158
0 39 5760
0 40 411
0 42 5493
0 43 2354
0 44 545
0 45 1133
0 46 4427
0 47 5145
0 48 1687
0 49 4203
0 50 5005
0 51 2724
0 52 927
0 53 6557
0 55 894
0 56 6790
0 57 5433
0 58 5648
0 60 1051
0 62 1036
0 63 5980
0 64 2167
0 65 5355
0 66 786
0 68 4332
0 71 2434
0 73 6844
0 76 2688
0 77 5936
0 78 5763
0 79 1886
1 2 2146
1 5 5441
1 6 4708
1 7 715
1 8 7103
1 11 2846
1 12 7420
1 13 1686
1 15 6543
1 16 7409
1 17 1535
1 18 6446
1 19 1481
1 21 3253
1 22 1453
1 23 5162
1 24 3339
1 25 3005
1 28 6780
1 29 3116
1 30 4819
1 32 892
1 33 412
1 34 4527
1 36 3473
1 37 1875
1 38 4901
1 39 892
1 41 6053
1 42 7362
1 43 6869
1 45 3550
1 46 3398
1 47 6484
1 49 3796
1 51 3060
1 52 1391
1 53 1653
1 54 5634
1 55 4468
1 56 6
1 57 738
1 61 6042
1 62 4395
1 64 4180
1 67 4569
1 69 5027
1 71 5137
1 72 4079
1 73 5727
1 74 1667
1 77 4608
1 78 4552
2 3 940
2 4 3609
2 5 6367
2 6 2014
2 8 2881
2 9 7180
2 10 2520
2 11 264
2 12 1166
2 16 7462
2 17 2002
2 19 6837
2 20 3117
2 21 4828
2 22 2585
2 23 5597
2 24 2380
2 25 5040
2 26 5810
2 27 5302
2 28 2724
2 29 7336
2 30 1258
2 31 3280
2 33 1920
2 35 6315
2 36 169
2 37 6975
2 38 1161
2 39 5362
2 40 2530
2 41 5278
2 44 2491
2 45 2119
2 46 6569
2 48 6678
2 49 3733
2 50 3379
2 52 7160
2 55 2952
2 56 3676
2 59 1072
2 62 4744
2 66 2257
2 67 3907
2 68 5400
2 70 484
2 71 5376
2 72 3833
2 73 7156
2 74 3714
2 75 1626
2 76 5570
2 78 6641
3 4 5490
3 5 2445
3 6 3127
3 7 385
3 9 3446
3 11 4295
3 12 5899
3 13 497
3 14 4908
3 15 325
3 18 6214
3 20 4196
3 21 3223
3 22 4308
3 23 5252
3 24 2242
3 25 524
3 26 2370
3 27 3045
3 29 6055
3 30 636
3 31 7474
3 33 6650
3 35 7451
3 36 6841
3 37 7277
3 38 5449
3 40 4564
3 41 2606
3 42 4221
3 45 4801
3 46 5935
3 47 6624
3 49 3378
3 50 798
3 51 2801
3 53 1604
3 54 6785
3 58 1956
3 59 4046
3 60 219
3 65 5851
3 66 6943
3 68 3120
3 69 503
3 70 6318
3 71 924
3 72 1878
3 73 4726
3 74 4060
3 75 4957
3 76 4906
3 77 88
3 78 492
4 5 2690
4 6 1474
4 8 916
4 10 2887
4 12 2158
4 14 1933
4 15 306
4 16 7054
4 18 3652
4 20 7409
4 22 4809
4 25 83
4 26 5599
4 28 5366
4 29 1520
4 30 1014
4 31 2910
4 32 3944
4 33 1688
4 34 7004
4 35 2273
4 36 2596
4 37 1636
4 38 2153
4 39 7312
4 40 2273
4 41 5980
4 43 5954
4 45 6289
4 46 654
4 49 5514
4 50 6108
4 51 1440
4 52 7293
4 53 2687
4 54 316
4 55 4891
4 56 1956
4 57 865
4 58 7492
4 59 2213
4 60 4149
4 63 3250
4 64 1591
4 65 2699
4 66 3483
4 67 6804
4 69 5448
4 70 6159
4 72 2981
4 73 5677
4 75 6541
4 76 123
4 78 1001
4 79 6153
5 6 4322
5 7 3213
5 8 5898
5 10 1881
5 11 2524
5 12 2041
5 13 2196
5 15 5405
5 16 2587
5 17 5170
5 18 2621
5 19 1692
5 21 2692
5 23 4472
5 24 3227
5 25 1679
5 26 3800
5 27 2357
5 28 7422
5 30 6744
5 33 5814
5 34 1487
5 35 1862
5 36 2219
5 38 2075
5 39 6291
5 40 2896
5 41 5435
5 43 7113
5 44 4949
5 45 1455
5 48 7132
5 52 4744
5 53 1767
5 56 6559
5 57 2069
5 61 6118
5 62 87
5 63 4122
5 64 2690
5 65 3062
5 68 3812
5 70 2742
5 72 6337
5 74 3177
5 75 740
5 76 6996
5 77 2221
5 78 1370
6 7 4341
6 8 3779
6 9 1863
6 11 3776
6 12 5677
6 13 4628
6 14 2845
6 18 115
6 20 3163
6 21 2968
6 24 5376
6 25 7265
6 26 6226
6 27 1841
6 29 7161
6 30 65
6 32 1538
6 33 6552
6 34 3824
6 35 6582
6 36 134
6 37 2112
6 38 5852
6 39 4805
6 41 1532
6 43 7094
6 44 2162
6 45 3220
6 46 7447
6 47 4868
6 50 5526
6 51 990
6 53 72
6 54 3351
6 55 4192
6 56 1974
6 57 2802
6 59 4334
6 60 6532
6 62 1193
6 63 844
6 65 1689
6 66 1138
6 68 5516
6 69 2108
6 70 1306
6 71 796
6 72 4653
6 73 357
6 74 3313
6 76 2109
6 79 474
7 9 2391
7 10 828
7 12 3042
7 13 662
7 14 7462
7 15 6267
7 16 6408
7 17 5825
7 18 3302
7 19 1624
7 20 4327
7 23 2477
7 25 1802
7 27 3044
7 28 7290
7 29 2657
7 30 596
7 31 6990
7 32 920
7 33 4438
7 34 3257
7 36 5411
7 37 2716
7 43 6149
7 44 1979
7 45 1481
7 46 5634
7 48 791
7 49 1970
7 50 1293
7 51 3879
7 52 4668
7 53 509
7 54 3650
7 56 5217
7 57 7214
7 58 4396
7 60 1896
7 61 2776
7 62 7304
7 63 129
7 64 524
7 65 1728
7 66 1582
7 67 1574
7 69 6241
7 70 780
7 71 3018
7 74 3157
7 76 52
7 78 799
7 79 6077
8 9 5280
8 10 1774
8 11 5749
8 13 5945
8 14 2451
8 15 7437
8 16 5111
8 18 2632
8 20 413
8 21 4707
8 22 968
8 23 6207
8 24 4409
8 25 2845
8 26 3110
8 27 327
8 28 5170
8 29 6596
8 31 399
8 32 1487
8 34 7144
8 35 1576
8 37 1988
8 38 3080
8 39 250
8 40 4953
8 41 2450
8 42 5066
8 43 5892
8 44 181
8 46 7254
8 47 3473
8 48 2754
8 49 3937
8 50 4900
8 52 6476
8 54 963
8 55 4151
8 59 3855
8 60 6296
8 61 3347
8 62 5907
8 63 448
8 64 2132
8 68 194
8 70 5093
8 71 5479
8 72 4403
8 73 3883
8 74 2051
8 75 6271
8 76 5956
8 77 6586
8 78 4044
8 79 7143
9 10 3662
9 11 7068
9 12 1744
9 14 7300
9 15 449
9 16 6591
9 17 6911
9 18 4857
9 19 5893
9 22 764
9 23 4495
9 25 598
9 28 6437
9 30 6004
9 31 7276
9 32 7117
9 33 1307
9 34 2156
9 38 4226
9 39 7152
9 41 5690
9 42 4750
9 43 1723
9 47 2372
9 49 6756
9 50 4306
9 51 4106
9 52 6107
9 53 1690
9 54 4662
9 55 1180
9 56 5285
9 57 4424
9 58 1204
9 59 3487
9 60 4149
9 61 1299
9 63 3525
9 65 1293
9 67 4450
9 68 3762
9 69 4397
9 70 265
9 71 5187
9 72 4042
9 74 1803
9 76 3006
9 77 4302
9 78 6142
10 12 5427
10 14 786
10 15 4186
10 16 1079
10 17 3054
10 18 6873
10 19 1066
10 20 117
10 21 6277
10 22 6702
10 23 1956
10 24 2436
10 26 2745
10 27 5180
10 28 6365
10 30 2643
10 31 4966
10 32 2036
10 35 5697
10 36 6372
10 37 2264
10 41 4909
10 42 2371
10 44 5172
10 45 4501
10 46 4627
10 47 4331
10 50 1828
10 51 5153
10 52 1108
10 53 304
10 54 5838
10 55 3770
10 56 3368
10 57 6844
10 58 5737
10 59 5004
10 60 1569
10 63 641
10 65 3823
10 66 5020
10 67 645
10 68 6152
10 69 43
10 70 2515
10 71 501
10 72 820
10 74 2796
10 76 7385
10 77 4046
10 78 7028
10 79 3357
11 12 5065
11 14 239
11 15 5946
11 16 1405
11 17 6240
11 18 6071
11 19 6130
11 20 1404
11 21 3939
11 22 1932
11 23 5856
11 24 5471
11 25 3872
11 26 2195
11 28 6643
11 29 5166
11 30 6098
11 31 7162
11 32 5034
11 33 3778
11 34 1964
11 35 7278
11 36 6084
11 37 1522
11 39 5960
11 40 706
11 41 7315
11 43 861
11 45 4
11 46 94
11 47 1180
11 48 6085
11 49 2404
11 50 2495
11 52 7175
11 53 2671
11 54 7482
11 56 7214
11 57 5753
11 58 3136
11 59 2700
11 61 6923
11 62 4134
11 63 7157
11 64 2037
11 65 2789
11 66 6930
11 67 3248
11 68 2354
11 69 4013
11 72 5772
11 75 5741
11 76 614
11 77 3381
11 78 6789
11 79 3665
12 13 3660
12 15 5697
12 16 620
12 17 6128
12 18 7402
12 19 6591
12 20 2176
12 21 6910
12 22 6442
12 23 6432
12 24 5138
12 25 3386
12 26 1845
12 28 3500
12 29 1859
12 30 4675
12 32 3873
12 34 1352
12 35 762
12 36 4783
12 37 2838
12 41 95
12 43 5233
12 44 4199
12 45 5952
12 46 1668
12 47 4391
12 48 6813
12 49 2067
12 50 5437
12 51 3232
12 52 566
12 54 4200
12 55 1639
12 56 5977
12 57 6546
12 59 6211
12 60 3098
12 62 1549
12 63 6407
12 64 1687
12 65 1664
12 68 39
12 69 6118
12 70 5141
12 72 693
12 73 6117
12 74 4070
12 75 741
12 76 4809
12 77 3000
12 78 2359
12 79 807
13 14 292
13 15 193
13 16 3673
13 19 1185
13 21 6862
13 22 4341
13 23 5537
13 25 7232
13 27 473
13 28 3287
13 29 1197
13 30 1134
13 31 3351
13 34 6185
13 35 1532
13 36 4782
13 37 1016
13 38 2321
13 40 6661
13 41 6217
13 42 4377
13 43 4651
13 44 5273
13 45 6140
13 46 2897
13 47 5180
13 48 2239
13 50 98
13 51 5913
13 53 2046
13 54 905
13 56 134
13 59 4780
13 60 6430
13 61 4204
13 65 1602
13 67 5634
13 68 400
13 71 1864
13 72 7331
13 74 4957
13 75 231
13 76 495
13 77 5160
13 78 3572
13 79 329
14 15 1415
14 18 237
14 19 1118
14 20 645
14 22 1301
14 23 4499
14 26 3768
14 27 638
14 28 2870
14 32 6022
14 34 6350
14 37 850
14 38 49
14 39 1613
14 40 2857
14 41 2449
14 43 6947
14 44 7492
14 46 2632
14 47 5420
14 48 1305
14 49 4867
14 50 7416
14 52 6266
14 54 6078
14 56 4978
14 58 2277
14 59 5115
14 61 4815
14 62 5547
14 64 6838
14 65 6618
14 66 3142
14 67 5004
14 69 4919
14 73 2194
14 74 6206
14 75 4943
14 76 5037
14 77 3583
14 78 3295
15 16 5169
15 17 1328
15 18 5546
15 19 1288
15 20 2111
15 21 6658
15 23 4076
15 24 7293
15 25 1043
15 26 6576
15 29 5816
15 33 5882
15 34 3533
15 35 3562
15 36 5721
15 37 4977
15 38 2113
15 40 1270
15 42 4198
15 43 5962
15 44 3233
15 45 2384
15 46 919
15 47 147
15 48 1489
15 49 3641
15 50 3454
15 51 1125
15 52 3384
15 54 7212
15 55 939
15 56 681
15 58 6850
15 61 1065
15 64 3016
15 65 54
15 68 2910
15 69 6616
15 70 4321
15 73 5936
15 76 3346
15 77 2024
16 17 3310
16 20 1610
16 22 4625
16 23 5579
16 24 2828
16 25 900
16 26 3940
16 27 4297
16 28 3344
16 29 1467
16 30 972
16 31 1596
16 32 3686
16 33 4420
16 34 661
16 35 1945
16 36 5307
16 37 1912
16 38 5259
16 42 173
16 43 106
16 45 3137
16 46 709
16 47 379
16 48 5117
16 49 4773
16 50 6826
16 55 2724
16 56 1947
16 57 3331
16 58 3478
16 59 5494
16 60 2776
16 61 7249
16 62 2263
16 63 3690
16 64 6341
16 65 2356
16 66 3746
16 67 2963
16 68 172
16 69 1908
16 70 3237
16 71 6459
16 73 1141
16 74 4096
16 75 585
16 76 5371
16 78 5784
17 19 3225
17 21 4432
17 23 4059
17 24 3059
17 25 5916
17 26 7494
17 27 950
17 28 4538
17 29 6445
17 30 5663
17 31 214
17 32 5763
17 33 1943
17 34 5957
17 35 6018
17 36 286
17 37 4964
17 38 2250
17 39 4900
17 40 3456
17 41 1626
17 42 1522
17 43 1253
17 44 4142
17 45 5688
17 46 588
17 47 760
17 49 2703
17 50 265
17 51 264
17 53 1377
17 54 5220
17 56 1471
17 57 943
17 58 1911
17 60 4485
17 61 2570
17 62 3543
17 63 2282
17 64 4362
17 65 684
17 67 2431
17 68 3520
17 69 4936
17 70 2922
17 71 6800
17 72 7035
17 74 477
17 77 6122
17 78 7066
17 79 4556
18 20 5690
18 24 1536
18 25 556
18 26 5901
18 27 3109
18 28 5023
18 29 6781
18 30 3542
18 36 783
18 38 826
18 39 613
18 40 2779
18 41 3344
18 43 3731
18 45 1904
18 51 607
18 52 5061
18 54 430
18 58 2224
18 59 982
18 60 5136
18 62 2042
18 63 3804
18 64 7384
18 65 2455
18 66 1743
18 67 4502
18 69 6021
18 71 2433
18 73 2862
18 74 7068
18 75 5008
18 76 4606
18 77 7456
18 79 2047
19 20 2453
19 21 1354
19 23 2660
19 24 6842
19 26 2410
19 28 6085
19 29 7280
19 32 6619
19 33 2725
19 34 7124
19 36 5931
19 38 477
19 41 4262
19 43 6921
19 46 5705
19 47 4426
19 48 816
19 49 536
19 51 2029
19 52 3708
19 53 5825
19 54 3435
19 55 614
19 56 1202
19 57 6116
19 58 3972
19 59 320
19 63 2222
19 65 6648
19 66 968
19 68 3550
19 69 74
19 71 3678
19 72 5280
19 73 2215
19 75 2268
19 76 6640
19 77 1158
19 78 6504
19 79 2017
20 23 658
20 24 3386
20 26 6697
20 27 5904
20 29 2505
20 31 3782
20 32 2481
20 33 4206
20 34 764
20 35 996
20 36 1401
20 37 3655
20 38 2732
20 39 1892
20 40 716
20 41 1707
20 43 903
20 45 6989
20 46 4245
20 47 5801
20 48 633
20 49 5374
20 51 6137
20 52 4781
20 53 6482
20 54 6942
20 55 726
20 56 6734
20 57 5420
20 58 753
20 61 2302
20 62 6348
20 63 5483
20 65 4860
20 66 2019
20 67 3194
20 68 221
20 70 3508
20 71 6282
20 74 154
20 79 78
21 23 1231
21 24 2717
21 25 6820
21 26 4257
21 27 1091
21 28 5764
21 29 2282
21 30 3910
21 31 844
21 32 702
21 33 3670
21 35 4056
21 37 6955
21 38 3856
21 41 891
21 42 6957
21 43 5705
21 45 5647
21 46 6708
21 47 2472
21 48 4043
21 49 3738
21 51 5234
21 52 3006
21 53 4488
21 54 2013
21 55 3356
21 56 2347
21 57 1157
21 58 1375
21 60 5931
21 66 4692
21 67 754
21 68 434
21 69 6677
21 70 5448
21 71 1606
21 72 5710
21 74 417
21 75 6426
21 77 1015
21 79 1018
22 23 1192
22 24 5611
22 25 2118
22 26 604
22 30 6942
22 31 1470
22 32 1248
22 34 5809
22 36 6226
22 37 2828
22 40 7002
22 41 2563
22 42 692
22 43 6646
22 44 5496
22 49 111
22 50 4811
22 51 6575
22 52 3508
22 54 6756
22 55 796
22 56 2182
22 57 1383
22 59 883
22 60 1785
22 61 2168
22 63 6515
22 64 1736
22 65 3492
22 66 1137
22 69 3104
22 71 7204
22 72 4332
22 74 4228
22 75 5165
22 76 6114
22 77 6493
22 78 200
23 24 7481
23 25 3788
23 26 4535
23 27 3572
23 28 4802
23 29 5859
23 30 2056
23 31 2798
23 33 5981
23 34 3002
23 35 2056
23 36 819
23 37 6581
23 38 3275
23 40 6900
23 41 2029
23 43 6564
23 45 2429
23 47 7140
23 49 5401
23 50 1087
23 52 1903
23 53 2417
23 54 653
23 56 6085
23 58 3068
23 59 2707
23 60 7211
23 62 6274
23 63 2894
23 64 5953
23 65 6046
23 66 1788
23 71 3629
23 73 5290
23 74 2323
23 75 6506
23 77 925
23 79 955
24 25 2230
24 27 6326
24 28 3348
24 29 7439
24 30 1660
24 31 4690
24 32 2304
24 34 5932
24 37 4662
24 38 1544
24 39 2070
24 40 3443
24 41 1308
24 42 6195
24 43 6482
24 45 5108
24 47 5046
24 48 6503
24 49 4416
24 50 6778
24 53 6776
24 54 6634
24 55 5277
24 56 5308
24 57 4499
24 59 4658
24 62 2333
24 63 760
24 64 6388
24 66 6114
24 67 811
24 68 2229
24 70 7238
24 71 2542
24 73 5331
24 74 1663
24 75 1341
24 76 3239
24 77 2171
24 78 5983
25 26 7036
25 27 1361
25 28 6930
25 30 1738
25 31 6416
25 33 2182
25 34 6800
25 35 6274
25 38 1947
25 39 460
25 40 281
25 41 1630
25 42 7006
25 43 7143
25 44 3525
25 45 2667
25 46 3903
25 47 3544
25 48 3821
25 49 5060
25 50 268
25 51 930
25 52 4644
25 54 5442
25 55 6120
25 56 6009
25 59 5501
25 60 2725
25 61 3604
25 62 4912
25 64 2318
25 65 6595
25 67 4155
25 68 5786
25 70 4826
25 72 2986
25 75 6202
25 76 101
25 77 5426
25 79 650
26 27 6617
26 28 2962
26 32 157
26 34 3163
26 35 7485
26 36 2644
26 37 4091
26 38 5500
26 39 2289
26 40 1798
26 41 4909
26 45 911
26 47 2991
26 48 3888
26 50 70
26 51 4030
26 52 3928
26 53 6958
26 55 3120
26 56 6794
26 57 5493
26 58 7076
26 59 3918
26 60 4522
26 61 5198
26 63 5108
26 64 5783
26 65 1665
26 66 2889
26 70 4732
26 71 7017
26 73 2637
26 74 655
26 75 1132
26 76 2183
26 77 3859
26 79 537
27 29 3329
27 32 5359
27 34 7099
27 36 5369
27 37 7186
27 38 5221
27 39 3195
27 40 4715
27 41 1816
27 42 3790
27 44 6500
27 45 118
27 47 1679
27 48 4908
27 49 3327
27 50 6077
27 53 6282
27 55 5967
27 56 6498
27 59 3608
27 60 22
27 61 7159
27 62 5276
27 63 3741
27 65 1473
27 66 6261
27 67 4644
27 69 3220
27 71 6293
27 72 796
27 74 565
27 75 907
27 76 4774
27 77 6897
27 78 5318
28 29 1945
28 30 1611
28 31 1109
28 38 3827
28 41 1621
28 42 2689
28 43 2084
28 44 3392
28 45 6529
28 46 2712
28 47 3427
28 49 5371
28 50 1007
28 52 2941
28 54 2606
28 55 3022
28 57 7448
28 60 3863
28 61 2906
28 63 5149
28 64 7101
28 70 4554
28 72 7465
28 73 2175
28 74 4533
28 75 6968
28 76 6399
28 78 1242
28 79 6773
29 30 16
29 31 2402
29 32 6179
29 33 188
29 34 5191
29 35 1119
29 36 7042
29 38 6275
29 39 6832
29 40 3327
29 42 1646
29 43 3479
29 45 3572
29 46 896
29 48 1926
29 49 2777
29 50 5443
29 52 1986
29 53 1361
29 54 1524
29 55 5834
29 56 2872
29 57 99
29 58 6734
29 60 2004
29 61 2467
29 62 3080
29 64 3106
29 66 5534
29 67 3606
29 68 5070
29 69 4314
29 70 4060
29 71 6279
29 72 2820
29 73 4167
29 74 4379
29 76 409
29 77 6925
30 31 1848
30 32 5276
30 34 1927
30 35 806
30 36 4167
30 37 732
30 38 3131
30 40 761
30 41 5988
30 43 4176
30 44 3321
30 46 1937
30 47 1095
30 49 2942
30 50 5903
30 54 747
30 55 2955
30 56 4295
30 57 7455
30 59 716
30 60 4442
30 62 7469
30 64 418
30 65 3588
30 66 2448
30 67 917
30 68 1497
30 69 2339
30 71 2275
30 72 2062
30 73 5360
30 75 4167
30 77 3734
30 78 1113
31 32 1081
31 34 1498
31 35 7089
31 36 3667
31 37 1556
31 38 5396
31 40 6833
31 41 3872
31 43 453
31 44 5493
31 45 1245
31 48 6010
31 50 6712
31 51 5685
31 53 6904
31 55 3070
31 56 77
31 58 950
31 59 2279
31 61 1498
31 62 5953
31 63 3802
31 65 6292
31 67 3653
31 69 2864
31 70 6505
31 71 3923
31 73 3593
31 75 3669
31 77 3471
31 78 6061
32 33 58
32 35 3838
32 36 4214
32 37 1249
32 38 5013
32 42 1428
32 43 3543
32 44 949
32 45 294
32 46 1309
32 47 492
32 49 3631
32 52 3708
32 54 46
32 55 1075
32 56 344
32 59 2934
32 63 5605
32 64 5945
32 65 1356
32 66 6239
32 68 3829
32 70 7479
32 72 2538
32 73 3178
32 74 3021
32 77 2002
32 78 6311
32 79 3068
33 34 6999
33 35 6477
33 36 6508
33 37 1915
33 38 349
33 39 4147
33 41 5695
33 42 4233
33 43 5544
33 46 2531
33 47 1172
33 48 5292
33 49 2409
33 50 2556
33 51 7428
33 52 1110
33 54 3868
33 56 3068
33 57 2706
33 58 1986
33 59 1602
33 60 5410
33 61 5728
33 64 2536
33 66 328
33 67 6763
33 68 6394
33 70 2013
33 71 6376
33 72 5224
33 73 2697
33 74 4022
33 75 6886
33 78 3577
33 79 5835
34 35 2307
34 38 4716
34 39 2874
34 41 2482
34 42 6425
34 45 7245
34 46 6652
34 47 6497
34 48 1599
34 49 5679
34 50 902
34 52 3963
34 56 5751
34 57 6636
34 58 4189
34 59 1547
34 61 6824
34 62 5002
34 65 6256
34 66 6650
34 67 6460
34 68 2080
34 70 6448
34 71 6114
34 72 3641
34 73 3571
34 74 5050
34 76 590
34 77 4010
34 79 3333
35 36 2290
35 37 4786
35 38 1692
35 39 444
35 41 1694
35 42 4226
35 44 3529
35 45 7121
35 46 5045
35 48 1446
35 51 5347
35 52 647
35 53 1568
35 54 4924
35 55 2934
35 56 6195
35 57 6661
35 59 7206
35 61 2402
35 62 4143
35 63 2047
35 65 4090
35 66 1553
35 68 2440
35 69 736
35 71 2303
35 74 3019
35 75 3204
35 76 1175
35 78 880
35 79 3953
36 38 6947
36 39 270
36 40 5950
36 41 1737
36 42 4550
36 43 1293
36 44 3826
36 45 960
36 46 4463
36 52 6297
36 53 1622
36 54 7331
36 55 660
36 58 4676
36 59 4951
36 61 3804
36 63 3948
36 64 2540
36 65 3888
36 67 644
36 69 5766
36 70 106
36 71 3735
36 72 1941
36 73 6153
36 74 471
36 75 1601
36 76 5061
36 77 4384
36 79 7023
37 38 4507
37 39 3088
37 40 6338
37 43 2819
37 46 1602
37 47 5106
37 48 803
37 50 3402
37 51 1061
37 52 4489
37 55 5659
37 56 6098
37 57 5674
37 58 6998
37 59 7385
37 60 7233
37 67 955
37 68 7182
37 69 2399
37 70 1468
37 71 4641
37 73 6397
37 74 3145
37 75 3630
37 76 4589
37 77 201
37 78 3414
38 39 482
38 40 4462
38 41 5837
38 43 6791
38 44 6561
38 45 2608
38 46 587
38 47 4487
38 48 2404
38 49 2926
38 50 1151
38 53 2584
38 55 5997
38 57 6478
38 58 3081
38 59 3190
38 60 5208
38 62 3120
38 63 2244
38 64 7389
38 66 4135
38 70 2190
38 71 6975
38 72 6402
38 74 4898
38 75 5992
38 76 3349
38 78 5390
38 79 6263
39 41 1882
39 44 3616
39 47 12
39 49 3032
39 50 3627
39 51 5012
39 53 4884
39 56 356
39 58 1411
39 60 6525
39 61 4285
39 62 3077
39 63 3456
39 65 5959
39 66 7419
39 69 6583
39 72 812
39 73 330
39 74 2982
39 75 6295
39 76 4057
39 77 1293
39 78 4433
40 43 1857
40 45 1763
40 47 1681
40 48 2212
40 50 496
40 52 1307
40 53 5869
40 54 1622
40 55 3745
40 58 2930
40 59 6086
40 60 2786
40 61 4995
40 62 624
40 64 3283
40 65 585
40 66 4431
40 69 913
40 70 5084
40 71 5794
40 72 26
40 73 7425
40 74 5956
40 75 2296
40 76 163
40 78 1789
41 42 1265
41 46 4816
41 47 4674
41 49 2099
41 50 5651
41 52 3944
41 53 3632
41 56 6820
41 57 6441
41 58 2730
41 60 4519
41 61 4380
41 63 1111
41 65 5927
41 66 4223
41 67 302
41 68 1567
41 70 6321
41 71 5921
41 73 6912
41 74 6635
41 75 3241
41 76 4709
41 77 2906
41 78 7033
41 79 5213
42 44 5745
42 45 5674
42 46 314
42 47 1771
42 48 2456
42 49 546
42 50 6674
42 51 1431
42 52 4729
42 56 1976
42 58 4882
42 59 5608
42 60 7410
42 61 2118
42 62 6889
42 63 5975
42 66 4041
42 67 4523
42 68 1468
42 69 1256
42 70 3833
42 73 4043
42 75 5662
42 76 164
42 79 6620
43 44 4651
43 45 7173
43 46 952
43 47 2679
43 48 1119
43 49 4570
43 50 3190
43 53 3449
43 55 4256
43 56 6372
43 59 7201
43 60 4533
43 61 1385
43 62 5736
43 65 5961
43 66 2412
43 67 1537
43 68 781
43 70 398
43 74 1035
43 75 2647
43 76 6490
43 77 6304
44 45 7275
44 49 547
44 51 965
44 53 1353
44 54 1165
44 55 666
44 56 904
44 57 4260
44 59 3712
44 63 2875
44 64 7471
44 65 6370
44 66 2270
44 67 33
44 69 4206
44 71 3442
44 72 2584
44 73 484
44 74 6168
44 75 29
44 76 6396
44 77 5490
44 78 765
44 79 4907
45 46 7286
45 47 54
45 48 5549
45 49 7090
45 50 1694
45 51 7491
45 52 5212
45 53 3717
45 54 537
45 55 3543
45 56 4439
45 58 3334
45 59 4176
45 60 6233
45 61 6142
45 63 2370
45 64 7361
45 65 1303
45 66 3704
45 67 1773
45 68 5026
45 70 1242
45 71 5365
45 72 1025
45 73 1233
45 75 3418
45 76 6281
45 77 6500
45 78 3295
45 79 4853
46 47 352
46 48 2639
46 49 719
46 51 2492
46 54 6215
46 55 6957
46 56 4266
46 57 6351
46 58 1631
46 59 1416
46 60 7237
46 61 897
46 64 5940
46 65 322
46 66 6721
46 67 1575
46 68 5477
46 70 5356
46 71 3366
46 72 2053
46 73 2093
46 74 5147
46 76 6103
46 78 5840
47 48 6926
47 49 4631
47 50 1427
47 51 5073
47 55 3756
47 56 1064
47 59 5790
47 60 3226
47 61 597
47 63 2464
47 64 7181
47 66 3810
47 67 1295
47 68 517
47 72 930
47 74 4842
47 75 2000
47 77 6660
47 78 5105
48 49 5486
48 51 4810
48 53 3342
48 55 6004
48 56 4977
48 57 1765
48 58 7440
48 59 3775
48 61 3710
48 62 35
48 63 672
48 64 2572
48 67 6121
48 68 5117
48 69 3805
48 71 7146
48 76 4157
48 77 4620
49 50 1521
49 51 2308
49 52 1482
49 53 4458
49 54 1939
49 55 1841
49 57 1984
49 59 5788
49 61 4285
49 62 4673
49 63 4485
49 65 963
49 66 6094
49 67 3171
49 69 5478
49 70 6451
49 71 7209
49 72 5635
49 74 6221
49 75 161
49 76 3961
49 77 3433
49 78 1584
50 51 1721
50 52 4509
50 53 2502
50 54 4608
50 55 2455
50 58 5176
50 59 4128
50 60 3986
50 61 1610
50 62 6187
50 63 2323
50 66 4246
50 67 58
50 68 4670
50 69 2840
50 70 292
50 71 2111
50 73 4566
50 75 3849
50 78 85
50 79 443
51 54 2019
51 55 6294
51 58 5270
51 59 4339
51 60 5955
51 63 3872
51 64 201
51 65 997
51 67 3698
51 69 3026
51 70 4250
51 71 1059
51 73 3078
51 74 6594
51 75 1193
51 76 7151
51 77 5323
51 79 3853
52 53 1422
52 55 1623
52 57 6850
52 58 5036
52 59 6628
52 61 2230
52 62 202
52 63 2032
52 64 5727
52 67 7312
52 68 4788
52 70 1112
52 71 2162
52 72 5765
52 73 1859
52 74 3843
52 75 4024
52 76 7338
52 77 791
52 79 2522
53 54 5387
53 56 3614
53 57 5322
53 58 2045
53 61 4939
53 62 5220
53 63 519
53 64 956
53 65 2820
53 67 5696
53 68 7478
53 70 6458
53 71 7191
53 74 4653
53 76 2474
53 77 5076
54 55 6599
54 56 176
54 57 897
54 58 4858
54 59 4183
54 60 3415
54 62 3392
54 63 3202
54 64 4710
54 65 4543
54 66 2542
54 68 5573
54 73 4457
54 74 6855
54 76 252
54 77 5038
54 78 2678
54 79 4643
55 57 6887
55 58 6630
55 59 1396
55 60 3981
55 61 2266
55 62 4694
55 63 6399
55 65 2431
55 66 6794
55 67 5961
55 68 5242
55 69 1272
55 70 6293
55 72 2287
55 74 1673
55 75 436
55 76 5937
55 77 3944
56 57 1756
56 58 5073
56 59 3953
56 60 7343
56 61 5063
56 63 1656
56 66 1011
56 69 7006
56 70 3822
56 73 1336
56 74 6581
56 76 6403
56 77 4808
56 78 7241
56 79 2829
57 58 1061
57 59 4239
57 60 7251
57 61 1138
57 63 288
57 64 3265
57 66 7086
57 68 2223
57 70 1303
57 71 1444
57 72 6632
57 73 1883
57 74 5214
57 76 6275
57 77 1546
57 78 2555
57 79 3551
58 59 6821
58 66 5908
58 67 6905
58 68 3399
58 69 5603
58 71 3205
58 72 5036
58 73 6751
58 74 4897
58 75 2740
58 78 2212
58 79 1414
59 60 4455
59 61 6236
59 63 2762
59 64 4821
59 65 4501
59 67 2603
59 69 4660
59 70 3101
59 71 3315
59 72 1826
59 73 5887
59 74 1330
59 75 1550
59 76 1894
59 77 3892
59 78 5185
59 79 6320
60 62 3640
60 63 4317
60 64 7217
60 66 6430
60 67 650
60 68 7359
60 69 4030
60 70 7036
60 71 7374
60 72 2896
60 73 6655
60 76 6088
60 79 2559
61 62 7398
61 63 4355
61 64 1442
61 65 6044
61 67 5545
61 68 4265
61 69 2987
61 71 5402
61 72 112
61 74 5618
61 75 4173
61 76 728
61 77 238
61 78 1343
61 79 4383
62 63 3482
62 65 6106
62 66 1437
62 68 394
62 69 2639
62 71 1886
62 72 6954
62 73 6134
62 75 774
62 76 5333
62 79 3691
63 64 4697
63 65 3121
63 66 5766
63 67 6784
63 68 6770
63 69 2633
63 73 5499
63 74 878
63 77 706
63 78 6637
63 79 1360
64 65 5694
64 66 2032
64 67 2978
64 68 1366
64 69 6075
64 70 1790
64 72 4085
64 73 3334
64 74 3887
64 76 1247
64 77 5662
64 78 4467
64 79 1834
65 67 2045
65 70 2828
65 71 3303
65 72 210
65 74 5761
65 77 4183
65 78 6414
65 79 4787
66 67 2398
66 68 448
66 69 3193
66 70 5778
66 71 7369
66 73 665
66 74 6248
66 75 4718
66 79 837
67 69 825
67 70 3490
67 71 2884
67 72 5364
67 74 1601
67 75 6987
67 76 1441
67 77 1170
67 78 7094
67 79 7177
68 69 4691
68 71 5592
68 72 4167
68 73 7187
68 75 6863
68 76 1247
68 77 5558
68 78 4155
69 70 5755
69 71 2542
69 73 6657
69 75 5103
69 77 773
69 78 311
69 79 3146
70 71 3031
70 73 587
70 75 3262
70 76 4501
70 77 4725
70 78 2955
71 72 1117
71 74 719
71 75 2078
71 76 7081
71 78 353
72 73 6717
72 74 3448
72 75 3586
72 76 2834
72 78 6095
72 79 411
73 75 417
73 77 6177
73 78 1563
73 79 1259
74 75 7265
74 76 3121
74 77 5716
74 79 1354
75 77 4801
75 78 1423
76 77 3211
76 78 4067
76 79 1120
77 78 2907
77 79 1107
