35 80 2233
6279 3042 3683 273 1902 650 5268 3719 1831 2554 5128 5363 1345 1409 4349 3418 5380 6580 2959 1293 3662 7436 4483 4408 1351 2490 5141 5936 1021 2453 2640 7299 4346 6322 6423
6247 6971 4190 2466 154 5595 6445 5516 6940 6705 2364 2857 3436 296 4668 4728 2809 3455 562 6068 4806 1903 3708 2093 2924 5013 4732 2722 710 2405 1645 6957 727 4686 774 880 2781 7218 6396 2220 6422 111 3928 2357 406 1095 5936 2066 4550 6497 634 707 899 3193 2799 2674 705 6382 4248 1415 1286 4744 7223 2012 1929 496 1744 4709 6565 6991 5780 5486 7101 2208 6694 6359 3302 5129 7276 6703
2977 409 7409 2727 3602 2707 5401 3158 1588 2148 3424 1725 6891 1998 3737 171 2493 4332 3732 409 3822 2011 5894 2274 4218 3939 1132 6372 419 908 5574 3395 168 4335 4974 2621 7041 1726 4631 7481 2725 6906 1705 2115 1404 4293 1137 2748 1124 4868 3157 3797 6879 402 6071 2448 4341 7202 1319 4759 6961 5745 7006 5981 2579 4479 1101 971 5056 5731 7303 280 5137 1508 1246 5392 4652 2382 639 5776
7250 2647 924 5480 3049 6994 427 6241 5548 598 3499 3860 5194 1856 2340 6624 5186 3441 94 2741 523 7397 3020 4511 256 4265 1254 4907 6647 745 2034 5248 3391 2958 3227 5291 1303 2505 4031 6850 3102 6382 2062 7147 737 4401 6270 5923 6693 5216 1163 6068 3964 3035 3078 3071 7299 3184 477 5297 3928 1363 3044 7318 3172 6270 5109 3326 127 491 2676 2080 6872 3589 1727 109 489 6848 4883 6034
4563 4897 4601 7378 431 6530 2948 6582 2213 2277 4378 6140 2491 7422 4810 4514 5043 1270 339 5169 1760 1866 7249 1132 5454 1475 92 4795 7174 4974 3328 3089 1222 6780 2966 1653 5809 4766 734 6874 5894 3963 4365 884 3884 1674 5397 279 1795 4587 5447 3555 6453 4047 3538 4406 4373 3629 1700 4047 7454 3879 7135 1175 3158 1452 1679 1467 5069 2412 840 3462 5227 5204 3197 1610 5730 7445 740 24
4532 6187 2430 3484 1585 5967 6741 5958 2095 941 1356 900 4819 7342 2075 477 1293 3753 795 6362 5017 486 1175 2743 5689 4372 3204 2770 4316 3944 2794 199 1482 5223 3682 3066 2542 2923 375 4636 2715 1730 5536 6385 423 6462 6861 1716 2714 6507 6929 6582 6992 603 1824 5181 3826 5028 6802 642 323 947 840 1804 5022 3374 3721 63 5148 4096 3550 362 4677 1585 5598 5100 6898 4959 5667 2112
3965 3947 1193 3457 4549 1869 7489 875 5748 5642 368 6070 6589 59 6725 4110 2284 2945 4172 7431 5892 221 6644 1921 658 4742 5872 55 1052 4038 1018 3868 484 1063 6176 3884 2931 5016 3610 30 3158 3977 6099 2246 2888 5323 5207 5171 7119 1878 3954 5511 950 3097 7431 1607 6690 5802 514 241 1191 1531 4109 526 2593 1636 4409 4375 6652 6871 3256 2309 3347 1854 3406 5086 6028 1112 2757 5647
1841 6710 3657 2790 1158 2439 4397 348 740 4910 6940 1930 5292 2400 2455 6737 4036 5715 2463 2039 5085 5719 4347 7284 72 6604 4869 4952 215 6477 1950 2055 4538 4458 3696 5696 6896 592 4895 6487 4353 3186 7268 2145 5586 2222 233 973 6788 2695 3011 3225 913 6209 3008 7337 5312 6728 4788 4378 5705 6737 6432 1594 3694 2627 6141 1941 2071 3535 927 5275 5573 694 6271 3658 1767 6503 4630 1054
1698 6492 4278 2610 5200 6137 1298 3011 5365 6085 7388 2421 4173 5171 4014 6718 6649 2655 1158 71 5041 936 5346 3113 1629 4116 5622 3395 3119 1603 3301 4816 594 6430 6277 5793 3919 75 1303 1783 5011 42 3055 536 5212 7068 7253 4361 1074 7263 4431 4967 698 1128 6931 1179 5244 3905 3425 862 5507 5577 4529 4953 4507 2157 3245 7277 2231 3400 1559 6094 3441 4613 6629 5 3032 5233 3217 2958
3847 6499 6776 4545 127 6206 5723 5370 2610 499 5083 6969 6076 2111 4421 1934 3119 6517 1710 5350 1268 3268 2795 4709 6732 775 3565 1115 6007 6781 2924 2354 5779 2199 5750 4757 905 2824 2626 2366 3322 6560 686 1897 22 3958 3830 3141 1827 5539 7342 3094 158 2636 6654 5741 3410 2718 6856 768 850 1131 3121 6629 3330 222 2737 3086 3045 5363 4303 6367 3274 4989 763 3296 298 3445 5288 2124
1483 5129 5218 1641 6616 3223 6233 1377 5941 4440 2144 6790 5571 4117 4770 1400 4338 7 4485 7383 4221 1287 6249 7494 5127 5863 2141 4277 1807 6280 6400 3290 3908 2969 3782 1875 6192 1366 3251 3484 5806 5395 2773 3876 863 6395 5275 5200 6401 1111 3934 1973 1249 2682 818 5228 7397 1811 2004 1703 590 7255 3844 3350 2724 6477 5224 267 343 975 3750 6148 5221 6522 2523 4935 4268 6649 2634 2020
259 6568 3992 359 601 4810 5586 497 5472 6441 2200 6061 6196 4895 1910 1419 3872 7134 537 4214 6960 4286 1713 3532 2159 3087 966 6427 2235 3599 946 1345 1518 3790 1703 2119 1099 6141 1467 6570 5081 2518 3982 3776 7413 5892 4046 3784 4377 4582 6849 3836 1367 1061 7367 2378 4147 7184 1304 5233 3282 1101 5429 3652 4890 5983 4622 4840 4623 6088 2761 1056 7458 6743 4831 7370 5134 229 2505 862
4810 1853 4697 5029 1765 3415 7406 4763 3098 61 2495 5231 1161 6775 1382 6051 5257 4855 3390 1232 2295 6151 2287 2252 4245 5969 2121 1878 6197 4625 2739 2359 5329 6287 6239 7093 1053 4996 3207 4150 5056 4553 732 5068 3827 2114 2470 1583 5820 5860 2814 614 3362 5100 2865 106 2421 3837 835 1117 7313 2425 2327 5141 63 1065 3585 1115 6060 6791 5264 2467 3843 5995 35 169 6960 2504 604 5280
7215 3417 4745 1928 7369 110 885 2289 3946 1719 2257 2611 2995 4584 251 3057 4500 2688 4171 1912 1978 786 4378 4673 5633 3264 3693 5092 5768 4296 1723 4334 6565 6468 6262 5285 5429 7146 73 1874 217 1181 4484 3211 4616 3587 5120 1616 6274 642 3527 7103 1428 404 4275 7060 3668 468 3503 787 4763 5226 5120 2679 3045 2733 463 973 1231 6887 1698 1447 568 5034 3509 5183 1120 1128 5650 6245
622 1676 5847 2049 932 2622 1608 3451 1941 5110 4237 5555 1687 708 734 4731 2293 1196 5703 3523 583 7401 4969 2 4934 7329 5184 4905 7309 3334 3649 430 3861 847 2478 4792 3468 2937 742 4260 6898 3830 2315 7437 3390 3048 4667 5682 4243 1722 1704 3677 1622 5524 3678 5407 5352 214 1663 5160 2399 5311 4441 5111 6157 5770 2403 977 1206 1996 5236 6956 4678 50 6892 567 1949 2910 6248 6192
4631 451 1220 5104 5974 3750 1862 2677 3963 3524 337 5213 186 3629 2823 5195 1899 4077 5023 1956 4925 2758 1411 2102 1660 802 2668 2460 2564 1415 3 7194 1865 1223 4798 6690 4972 6659 1866 286 1535 1054 4350 1720 4683 7172 6914 5433 2601 4436 7388 25 6046 1299 2126 6557 952 4793 1516 3515 5059 1519 2061 5775 1593 6858 4964 6564 4868 5681 5701 5254 6735 2550 6974 2769 1073 5239 701 2525
1027 588 2549 5924 738 3526 3832 542 818 5347 2908 5876 5717 4968 4150 6161 3177 465 4076 545 6146 2276 4650 4232 3677 4123 7000 3602 714 6552 6126 592 7139 27 6515 6729 3552 1698 7270 4370 5896 2677 1597 4113 6497 4599 2773 2173 3915 6849 1569 2560 476 6219 6791 3005 1693 5142 6606 2406 4193 5231 1849 2684 5257 7215 1912 1309 1412 533 4530 7308 2061 4978 2772 1057 928 4396 3230 3695
2596 4798 6254 1924 3516 4397 4928 4061 2038 4033 6466 5083 615 7167 266 4724 6881 2177 4884 7145 1561 765 6952 2473 4594 1075 3530 5522 5470 5611 1716 6918 1760 6821 1341 4128 2569 6268 688 4607 1652 6005 2189 2266 5671 1306 6989 3904 2334 3224 3548 3894 3988 1851 6366 1082 2925 1247 5455 7246 5709 7170 6663 7469 5342 6855 2948 411 5622 3635 3869 6125 991 4909 7243 6662 6214 6731 1917 1047
2455 5464 3792 5294 7314 1509 6375 1590 2756 4329 1335 7316 2850 6850 7284 692 6204 1583 7454 3178 5217 3822 1802 6208 1230 1544 4221 6295 7127 6137 7341 933 2952 2484 6226 1617 3992 3953 3206 5599 781 3392 5415 3631 2741 4050 3174 297 5633 3127 2326 2201 6948 2979 908 7029 3375 3980 5823 1853 1468 4515 2785 3271 6998 362 4887 2341 3166 6944 440 3947 1688 4706 6429 3280 1255 2102 3576 6887
5228 4753 1588 3527 232 1347 3055 3606 4179 229 5458 5646 3595 7094 269 1944 6307 5155 4284 1973 3451 3575 5919 3990 780 4847 7269 2035 5800 2197 273 3527 6949 712 5905 7180 911 311 2137 5089 539 94 2086 2985 7187 2354 4928 5994 6361 563 466 1163 4138 5236 5152 4917 1434 3772 5803 7233 5968 4928 2111 4269 5639 515 3948 6549 825 4937 2989 215 5030 5075 3199 3569 6280 6978 914 5140
6392 231 5154 3029 5466 2805 6798 5751 6577 3952 5483 3896 1379 6445 664 7018 5811 4612 4918 6635 900 407 5701 5929 4333 251 849 3112 7228 1762 7104 6119 1992 4757 500 6309 62 6149 3411 5490 2600 245 1885 3979 6689 2549 2348 4999 6012 7265 2985 6911 6523 1185 5339 3355 1435 5040 5319 14 6801 4922 6133 145 2178 5484 5305 2239 4132 1216 6580 6731 1460 965 2061 7001 3513 4408 4499 2024
3025 7484 1434 2047 20 5624 4254 307 3163 2072 320 1316 5845 5304 1460 522 3287 6764 1613 7418 6831 692 5501 7143 1656 61 6643 4020 3321 2493 6043 6345 2476 6328 7243 1348 4452 2848 1654 6466 3771 1973 281 2115 7277 592 2637 1915 6208 3101 685 5538 3792 6185 5180 4300 5097 3174 819 7269 5667 5714 6113 6994 4541 4708 841 344 55 2494 6810 2678 3319 5942 4792 1947 6534 6280 2713 5241
732 3397 2130 3376 933 6162 175 4882 1835 7345 4650 1 5558 2115 6995 1451 6822 335 1794 5728 1681 7455 905 3851 5897 4549 4649 3782 3328 7361 374 4060 2110 2503 7435 3042 1164 6461 6775 1851 5157 3925 1851 3215 6039 1345 3517 4212 532 5310 1291 1064 4117 2196 3766 1365 5596 914 5146 275 7126 5519 3186 1735 6873 1972 3629 537 932 1755 2387 6089 5679 3089 655 3069 3286 4171 6132 2669
832 7423 2584 4948 970 6349 6312 5417 6114 2809 5691 4591 827 1377 5178 6552 3348 1306 7088 4280 1912 826 1720 6443 2766 1226 863 6051 5396 6995 1219 5079 5769 3802 1379 5590 1502 190 3506 6467 1851 1696 3558 1529 1924 1235 580 5272 1392 6519 903 3303 6196 2622 2245 1462 2699 3108 6364 594 1454 6435 5672 6074 1588 5902 4163 3090 6092 6520 2056 6794 715 4465 822 2639 5699 254 6762 5942
6772 164 1745 5468 1637 2841 5781 4335 4800 4644 3780 5105 3578 803 3678 5166 6705 340 7107 4148 5711 1662 3441 6426 6127 3114 416 3177 3367 7177 1619 2639 6192 2215 6958 328 5055 5238 3514 1207 2381 7293 6311 4811 595 2489 2476 7299 1680 2082 2798 7391 2595 6238 5168 73 1852 4435 2102 5218 4111 3720 6708 1654 4786 6165 1981 1192 3902 5494 2398 5135 4138 61 2445 4732 1401 3772 3383 1932
5853 6180 674 7299 3770 5841 7372 5621 2775 1973 2190 5737 4544 250 6242 1829 6414 722 3020 1668 5067 4270 5654 1704 4330 6950 5288 5730 3221 22 6513 425 5053 7187 223 1322 5527 94 5794 7154 918 6836 4242 4313 7085 2984 6141 4850 2557 513 6517 6476 3634 3522 7031 6815 2971 3670 5044 6191 3691 4056 6615 1244 2594 6838 1417 621 5783 7211 6626 5553 6546 2219 1217 6130 4054 6210 3479 5463
6722 1348 4438 1707 3721 2820 1021 6692 6490 4916 4234 1532 323 2201 1627 2917 390 3044 2389 5024 1606 1514 3076 651 2584 3145 5632 6638 1854 462 4600 7427 661 389 1633 4382 3208 2653 2425 1049 68 5510 2581 390 210 4207 3306 599 6102 5694 5623 207 6059 50 857 1143 3194 5340 6632 3899 5802 2583 3825 5314 1823 5457 1047 3882 609 3471 4931 7028 1481 11 7418 542 3069 2075 1141 1671
6621 5615 1877 5179 4516 1586 5173 6562 5777 3156 2960 2930 4590 6785 744 6412 4741 1790 2794 4202 4113 224 3729 5593 6586 2498 4986 2154 4573 6126 2676 3693 3092 3405 223 108 4990 4248 5521 2118 7403 980 5048 3345 264 5791 2256 3857 6432 3901 558 3044 2976 3138 7488 2061 5636 4974 3067 2708 2451 4594 5252 5543 498 4326 4502 4339 1073 2522 6457 7328 3501 4004 2024 2617 1146 4279 5325 77
7032 4734 3121 2507 371 1960 3420 6006 6933 5338 65 1884 2431 4168 7426 1781 994 3279 6119 918 5800 5075 7097 652 430 1620 2120 1575 4751 7444 504 4282 4677 2476 5640 5048 4435 411 2405 2720 5748 2470 4603 7031 5489 3380 1311 6482 6658 7429 6252 4957 3856 5848 4460 4285 6320 6580 4712 3570 6523 4067 6703 2552 5394 3694 6451 2328 4105 207 5047 2352 1528 1001 1882 7017 3232 2044 4850 2389
1973 3601 6197 4680 801 3157 316 7120 2236 5027 2041 110 445 1243 1513 5838 4936 463 7018 392 670 3416 1596 2197 4417 3477 565 148 4373 5415 1389 6345 1515 85 3524 2315 2093 3839 786 3180 218 2826 2142 7014 2920 3654 5352 6708 2969 3721 7099 2490 7136 1194 3538 2904 3523 4103 1904 395 2017 3292 5591 2383 2228 466 4698 3173 3156 4335 6352 2225 7161 993 1739 1432 3499 5942 639 5319
2162 6590 308 1797 6635 3845 3553 2657 447 5456 1903 1315 1247 6345 3698 2326 6810 7247 5498 1318 4081 4350 3542 2593 4194 4132 4025 6544 2573 3515 4362 4734 1456 4669 5383 591 7366 1435 2099 6664 6890 4002 479 6988 1698 4176 1813 7360 2774 6163 1177 6854 1864 4718 799 4909 1350 3675 3953 2774 7189 814 6360 7497 4335 4242 587 4200 4528 2685 2215 2769 5538 2693 1108 7236 5720 1772 7095 7345
434 7123 6699 2297 4340 6349 7206 4541 2523 2510 7315 1063 2175 6174 1059 6509 1767 1645 2060 5146 3182 3127 414 1219 5819 1521 7306 2891 2144 5752 2735 2578 5374 785 3726 1066 7133 2283 4458 2155 4792 4272 2070 5819 1797 3128 3679 2415 4773 4591 60 6806 217 6825 6876 6035 7197 6682 277 1841 3785 3012 3270 511 2648 6995 1576 1133 630 6033 2139 4273 1657 4208 2591 2305 7336 6270 4720 3460
3360 3631 2765 3576 2956 992 962 2652 173 1239 3344 2810 3102 6613 3320 4601 4960 4895 5733 5589 2279 372 2361 3935 4579 4952 6240 3266 2573 2311 6725 5932 5941 841 859 1396 1833 1820 2900 857 1910 6243 3666 3863 4208 5837 7316 1667 2083 5548 7255 4362 5919 967 7148 1850 4770 4739 5115 7342 7049 3192 4625 4342 4032 5483 4589 4716 6155 7488 5573 564 5083 590 3279 642 6427 3094 2308 1009
1141 914 4222 5912 732 2722 6613 5502 7460 4227 5343 5861 7418 2468 2702 2802 450 7290 17 6604 6130 4441 6020 2564 5031 650 3205 2809 3743 5512 2669 3735 5277 6891 998 6008 2112 110 4009 923 3189 704 6783 1958 3171 836 4759 2472 626 3628 428 5607 6920 6447 670 4450 7096 3874 6110 2190 737 1279 5924 6013 7021 5774 4520 484 5883 7381 1406 1571 584 7041 2381 2606 6728 7139 5077 6205
2118 4356 4311 1538 2154 4980 4839 1749 1353 3449 2790 941 4727 66 6953 3099 5839 2825 3582 4221 1557 3839 4644 2140 3379 7024 3597 2607 5514 1173 1311 6484 4381 4474 521 6534 1953 4211 7135 2158 159 2424 3098 3737 2489 1403 6835 7179 3079 1768 2752 4635 5607 7395 6774 337 5770 2870 1795 2635 2894 1958 1618 6126 6431 990 5160 7235 5201 4794 744 4211 7217 2694 448 1058 4096 6134 736 7174
402 3487 3160 4860 2233 1285 5196 6854 3006 6991 841 5899 1448 1310 4525 6730 1152 1036 6464 6352 5829 6060 1914 4397 1253 1213 4306 4200 7347 5042 3873 6600 7380 5884 3959 965 7168 506 6670 2673 7496 10 7423 295 172 4447 5876 1323 4334 3692 6526 2662 2251 939 5911 3503 1004 2716 202 7202 257 2926 6301 6489 1309 1611 6305 976 2116 4326 3648 964 3188 3570 1258 3359 6869 7134 4681 3702
0 1 5684
0 3 5129
0 4 1281
0 6 7210
0 7 520
0 8 5167
0 9 3351
0 11 2843
0 13 2159
0 14 2072
0 15 4743
0 16 4194
0 17 6177
0 18 4143
0 19 6480
0 20 840
0 21 1238
0 22 281
0 23 2427
0 27 2070
0 29 4912
0 30 3150
0 31 5815
0 32 6546
0 35 466
0 36 2112
0 37 2230
0 38 4565
0 43 4452
0 44 7350
0 46 4732
0 47 6143
0 48 1503
0 49 2658
0 50 6666
0 51 5322
0 52 721
0 53 391
0 54 876
0 56 7171
0 58 5941
0 59 6579
0 60 3666
0 61 4841
0 62 3051
0 64 545
0 65 4930
0 66 3089
0 67 1709
0 68 1528
0 69 1891
0 71 481
0 73 153
0 75 2894
0 76 4852
0 77 1972
0 78 6166
0 79 6705
1 2 5440
1 3 1112
1 4 6413
1 5 1460
1 7 3778
1 8 3554
1 9 2140
1 10 3852
1 11 1654
1 12 7049
1 13 5750
1 14 3495
1 15 6000
1 22 5769
1 23 667
1 24 784
1 25 3844
1 26 5133
1 27 432
1 28 3177
1 30 4830
1 31 6681
1 33 3209
1 34 4462
1 36 1052
1 38 5709
1 39 2560
1 40 5000
1 41 4753
1 42 4214
1 45 7344
1 48 2964
1 49 6702
1 51 1526
1 52 194
1 53 3804
1 54 6729
1 55 4327
1 57 1354
1 58 5891
1 61 2339
1 62 1942
1 63 7285
1 64 418
1 66 3381
1 69 6602
1 73 6832
1 74 3454
1 75 2078
1 76 4952
1 77 3782
1 78 2283
1 79 4189
2 3 4093
2 5 2730
2 6 5626
2 9 2803
2 10 5193
2 12 721
2 13 535
2 14 5302
2 15 1942
2 16 5178
2 18 311
2 19 4443
2 20 2332
2 21 1909
2 22 4475
2 24 2600
2 25 3151
2 26 5832
2 27 5853
2 28 5240
2 29 6637
2 30 4330
2 33 3168
2 35 6476
2 37 3418
2 38 3843
2 39 586
2 40 7158
2 43 752
2 45 6583
2 46 1270
2 50 6238
2 51 6947
2 52 7499
2 53 402
2 55 2411
2 56 3860
2 57 6423
2 58 2820
2 59 5053
2 60 3018
2 61 6498
2 62 430
2 64 552
2 66 6098
2 67 4477
2 70 7324
2 71 1285
2 72 6463
2 73 3473
2 74 4782
2 75 7069
2 77 3473
2 78 4546
2 79 4844
3 5 1775
3 6 7170
3 7 4870
3 8 835
3 9 5592
3 10 1581
3 11 1615
3 13 578
3 14 7484
3 16 1231
3 17 1646
3 20 6156
3 21 3688
3 22 4246
3 24 3915
3 25 5160
3 26 7227
3 27 6625
3 30 5583
3 32 5012
3 33 7386
3 34 7463
3 35 6785
3 37 2279
3 38 233
3 39 4139
3 42 534
3 43 992
3 44 6802
3 46 4778
3 48 7020
3 49 7402
3 50 5482
3 51 4511
3 53 4478
3 54 3946
3 55 4510
3 56 5139
3 57 7387
3 59 7191
3 62 1811
3 63 6603
3 64 4025
3 65 2960
3 66 1962
3 67 1817
3 68 5237
3 69 1742
3 70 2156
3 73 7335
3 75 806
3 78 4549
4 5 4082
4 9 1644
4 11 5188
4 12 5301
4 13 4282
4 14 3535
4 19 2956
4 20 3455
4 23 4496
4 24 5362
4 25 2842
4 26 6611
4 27 3979
4 28 2105
4 31 4344
4 32 3352
4 36 3832
4 37 6200
4 38 4586
4 39 3472
4 40 5924
4 41 5792
4 42 997
4 43 4586
4 45 3899
4 47 4856
4 48 1367
4 49 321
4 50 6850
4 51 3215
4 52 6297
4 53 6718
4 54 7063
4 55 1432
4 56 5099
4 57 5022
4 58 451
4 59 283
4 60 5513
4 63 1824
4 64 4963
4 65 7493
4 66 3388
4 67 4432
4 70 5000
4 73 5152
4 74 4152
4 76 1673
4 79 4126
5 6 2259
5 8 3745
5 10 59
5 11 2583
5 12 5368
5 13 1125
5 14 2909
5 16 4258
5 17 3087
5 18 6691
5 19 3511
5 20 263
5 21 7178
5 22 3980
5 23 6768
5 24 29
5 26 3768
5 31 5978
5 32 1144
5 34 817
5 36 2755
5 37 318
5 38 2414
5 39 1608
5 41 6116
5 42 2089
5 43 1990
5 44 7246
5 46 1668
5 47 1290
5 48 5244
5 51 5
5 52 4907
5 53 1793
5 54 2254
5 55 2654
5 57 4261
5 60 2238
5 61 7111
5 63 5709
5 65 7376
5 66 3031
5 67 5912
5 69 3650
5 70 7195
5 71 3856
5 72 1218
5 73 2448
5 74 2128
5 75 5836
5 77 64
5 79 6026
6 9 126
6 10 4109
6 11 7095
6 12 6705
6 13 2146
6 15 1840
6 16 4455
6 17 2832
6 19 4406
6 21 2741
6 22 997
6 23 5960
6 24 182
6 25 2286
6 26 2020
6 27 7376
6 28 7092
6 29 2018
6 32 6637
6 33 5338
6 34 5711
6 35 4358
6 36 5074
6 38 315
6 39 752
6 40 2667
6 41 1003
6 43 4270
6 44 1848
6 45 1892
6 47 3909
6 49 6484
6 50 3715
6 51 6760
6 52 4989
6 55 4516
6 56 581
6 57 4119
6 58 3889
6 59 2405
6 60 4387
6 61 28
6 62 1022
6 63 5377
6 64 3532
6 65 4895
6 66 6226
6 70 3177
6 71 4351
6 73 218
6 74 5042
6 75 5424
6 76 6872
6 77 1231
6 78 4705
7 8 4578
7 10 643
7 13 5780
7 15 3967
7 16 6237
7 18 3087
7 20 2156
7 22 6491
7 23 3988
7 25 4070
7 26 5471
7 27 2317
7 29 389
7 30 7176
7 31 6432
7 32 6576
7 34 2118
7 35 6768
7 36 2808
7 39 811
7 40 2805
7 41 4471
7 43 7392
7 45 2923
7 46 4828
7 47 2548
7 49 2917
7 50 1021
7 52 646
7 53 155
7 54 1074
7 55 1117
7 56 6776
7 57 5833
7 59 1655
7 60 1134
7 61 3090
7 62 4469
7 63 742
7 65 111
7 66 3212
7 67 6740
7 68 2901
7 70 1908
7 72 3721
7 73 4792
7 74 545
7 75 2781
7 76 3630
7 77 6002
7 78 6820
7 79 2143
8 10 3649
8 12 1869
8 13 5234
8 14 3480
8 15 7345
8 16 246
8 21 4666
8 23 6298
8 24 3037
8 25 7377
8 28 1706
8 29 4448
8 30 1481
8 31 6075
8 32 1504
8 33 3237
8 34 4730
8 36 3223
8 38 334
8 39 70
8 41 6368
8 42 2807
8 43 6740
8 45 1032
8 46 7362
8 49 601
8 52 5389
8 53 3094
8 54 7122
8 56 4848
8 57 3878
8 58 7302
8 60 6169
8 61 1433
8 63 3802
8 64 6703
8 66 2386
8 67 7417
8 68 512
8 69 5090
8 70 3052
8 71 1017
8 72 2716
8 74 2448
8 75 4081
8 77 1560
8 78 1735
9 10 1055
9 11 7195
9 12 4874
9 16 3332
9 17 5552
9 19 1103
9 20 3661
9 22 721
9 23 4470
9 24 5579
9 25 3313
9 30 4954
9 31 2571
9 32 3352
9 33 3260
9 34 6526
9 35 6126
9 36 6363
9 37 4531
9 38 4929
9 42 3515
9 43 5586
9 44 1972
9 45 5776
9 46 4408
9 47 2176
9 48 2573
9 51 849
9 52 1290
9 53 4447
9 54 4005
9 56 2175
9 57 1404
9 58 6497
9 60 5156
9 61 5170
9 62 3570
9 63 3202
9 64 3447
9 65 3363
9 67 952
9 68 1518
9 69 925
9 72 4313
9 75 484
9 76 6558
9 77 406
9 78 3487
9 79 312
10 13 5167
10 14 6055
10 15 5014
10 16 3713
10 18 5230
10 19 2837
10 20 5511
10 22 4000
10 23 5392
10 24 2769
10 25 2815
10 26 4796
10 27 3075
10 28 5970
10 29 6567
10 33 4562
10 34 6947
10 37 4819
10 38 417
10 39 3327
10 40 5680
10 42 367
10 44 2033
10 45 4162
10 46 7469
10 47 5655
10 49 642
10 50 3660
10 53 3322
10 55 6850
10 60 6588
10 61 5439
10 62 248
10 65 5849
10 66 816
10 70 3044
10 71 6299
10 72 2339
10 73 1612
10 74 3475
10 75 5010
10 76 843
10 77 5198
10 78 1566
11 12 3070
11 14 2792
11 16 6676
11 17 3350
11 18 2798
11 19 5575
11 22 2451
11 23 5241
11 24 6631
11 26 1479
11 27 599
11 28 2445
11 30 3620
11 31 6135
11 32 6877
11 33 3781
11 36 7435
11 37 4364
11 40 490
11 42 5730
11 43 2683
11 44 2064
11 45 6212
11 46 1040
11 47 3677
11 50 1631
11 51 5991
11 52 3859
11 54 3488
11 55 5465
11 56 189
11 57 7099
11 58 4477
11 59 6407
11 60 4686
11 61 2983
11 62 4621
11 63 1238
11 65 4234
11 66 6138
11 67 7185
11 68 1641
11 69 522
11 71 3850
11 72 3937
11 74 3535
11 75 6475
11 79 884
12 13 2920
12 16 1484
12 17 7243
12 18 4386
12 19 7127
12 20 6099
12 21 886
12 22 5607
12 23 4641
12 24 6477
12 26 2544
12 27 3615
12 28 4358
12 29 4752
12 30 608
12 31 5958
12 32 1943
12 33 1063
12 34 7442
12 35 364
12 36 2971
12 38 4460
12 39 2483
12 40 238
12 41 5942
12 46 6116
12 48 5849
12 51 5600
12 52 7363
12 53 7112
12 55 6327
12 56 5357
12 59 4609
12 61 3698
12 62 6413
12 63 4651
12 66 434
12 69 6152
12 70 792
12 72 654
12 73 6171
12 75 4997
12 76 2506
12 77 3628
12 79 3967
13 14 4717
13 15 3057
13 17 3727
13 21 3686
13 22 2006
13 23 1437
13 24 5225
13 26 2747
13 27 4522
13 28 3724
13 29 4153
13 30 905
13 31 1521
13 32 92
13 33 605
13 34 401
13 35 6006
13 36 6195
13 37 7427
13 38 3866
13 39 7128
13 41 569
13 42 4267
13 43 3572
13 46 14
13 47 2855
13 48 1321
13 51 7359
13 52 6709
13 53 3712
13 54 589
13 55 4024
13 57 320
13 59 1840
13 62 3850
13 65 4538
13 67 7392
13 68 6068
13 69 4405
13 70 5356
13 71 4085
13 72 4674
13 74 1598
13 75 6617
13 76 3877
13 77 57
13 78 2852
13 79 2025
14 15 1660
14 16 4148
14 17 2528
14 18 6088
14 21 856
14 22 1941
14 23 6626
14 24 140
14 28 6347
14 30 3871
14 31 864
14 32 6160
14 33 4774
14 34 4583
14 37 520
14 39 5686
14 40 4417
14 41 184
14 42 7353
14 43 5226
14 44 455
14 45 728
14 46 4196
14 47 3171
14 48 5387
14 51 7166
14 52 4209
14 53 6979
14 56 6232
14 57 1676
14 58 5723
14 60 5575
14 61 5959
14 62 1889
14 64 1190
14 66 4360
14 67 3780
14 68 3745
14 69 5269
14 71 4059
14 72 2785
14 73 5971
14 74 863
14 75 2367
14 77 3101
14 78 1143
14 79 6450
15 18 4221
15 19 7360
15 20 4657
15 21 5535
15 22 7045
15 23 3961
15 24 5065
15 25 1295
15 26 4969
15 28 2818
15 31 5981
15 32 2521
15 33 1044
15 35 1362
15 37 1222
15 38 5842
15 39 5442
15 40 3257
15 41 2056
15 42 4013
15 43 1914
15 45 2428
15 46 1339
15 47 4174
15 48 3788
15 49 5237
15 50 6163
15 51 2807
15 52 2115
15 54 2021
15 56 7462
15 57 4770
15 58 2483
15 59 1774
15 61 5570
15 62 1082
15 63 1099
15 64 5538
15 65 380
15 66 1551
15 67 672
15 68 3567
15 70 58
15 71 6677
15 72 10
15 73 2818
15 75 4152
15 76 3876
15 78 1945
15 79 107
16 17 1045
16 19 3712
16 22 6486
16 23 6656
16 24 4720
16 25 1462
16 27 3852
16 28 7329
16 30 1931
16 33 2358
16 34 251
16 35 5210
16 36 1053
16 37 6052
16 38 6485
16 40 5470
16 43 4298
16 44 7188
16 45 5033
16 47 3713
16 48 2057
16 50 6987
16 51 4941
16 54 1151
16 55 7148
16 56 4014
16 58 5919
16 59 5215
16 60 4023
16 61 1146
16 62 3128
16 63 4750
16 64 2711
16 65 5929
16 66 4309
16 67 3105
16 68 7100
16 69 1514
16 70 6548
16 71 3047
16 72 2341
16 73 1850
16 75 5917
16 76 7471
16 79 3836
17 19 705
17 20 3102
17 21 1647
17 25 7244
17 26 7385
17 27 1697
17 28 6188
17 29 1700
17 30 2207
17 31 944
17 32 6418
17 33 1331
17 34 6953
17 35 6840
17 36 4722
17 37 3545
17 38 6514
17 39 2851
17 40 678
17 42 562
17 43 4666
17 45 6170
17 46 771
17 47 1783
17 48 350
17 52 6136
17 53 2913
17 56 2624
17 58 4930
17 59 762
17 63 4712
17 64 3792
17 65 7065
17 66 109
17 67 6046
17 68 7142
17 69 7359
17 70 1670
17 71 4722
17 73 5344
17 74 6549
17 75 1858
17 77 1471
17 78 7476
17 79 4808
18 19 6096
18 20 4026
18 21 5363
18 22 3804
18 23 3661
18 24 856
18 28 7192
18 30 3888
18 31 1541
18 32 2881
18 33 3763
18 34 4158
18 35 7255
18 36 7277
18 37 2565
18 38 2861
18 39 6788
18 41 2948
18 42 2893
18 44 4270
18 47 4081
18 48 2604
18 49 3921
18 50 1343
18 51 38
18 52 2773
18 54 2549
18 55 7233
18 56 6205
18 57 4490
18 58 1048
18 59 5682
18 60 2958
18 62 4546
18 64 7479
18 66 4451
18 68 4645
18 70 349
18 71 3316
18 72 781
18 73 5898
18 74 5365
18 75 2972
18 78 6619
18 79 2421
19 20 4865
19 22 3711
19 23 5823
19 24 1599
19 28 6967
19 30 1635
19 31 163
19 32 1357
19 34 5116
19 37 1079
19 38 226
19 40 3943
19 42 153
19 43 6991
19 45 2886
19 47 2888
19 48 4747
19 49 58
19 50 2432
19 51 1562
19 53 5529
19 54 3159
19 55 6677
19 56 5881
19 57 4721
19 58 3343
19 59 1327
19 60 4231
19 62 5968
19 63 7374
19 64 1721
19 65 3625
19 67 4909
19 68 4090
19 69 5045
19 71 703
19 74 5006
19 76 5033
19 79 6989
20 21 2052
20 22 4936
20 24 6291
20 27 1348
20 28 6175
20 31 5576
20 35 6259
20 37 1248
20 38 4006
20 39 6287
20 40 5419
20 41 2620
20 42 1542
20 43 4261
20 44 39
20 45 450
20 47 6625
20 48 6320
20 51 5635
20 52 3779
20 53 3026
20 54 3345
20 55 4462
20 56 3566
20 58 172
20 59 2874
20 60 6970
20 62 7008
20 64 7245
20 65 5673
20 66 1267
20 67 504
20 68 2997
20 69 5060
20 70 1
20 71 2086
20 72 2478
20 73 845
20 74 1257
20 75 5360
20 76 432
20 77 2616
20 79 117
21 22 1786
21 25 2682
21 26 2802
21 28 6129
21 29 4000
21 30 5890
21 31 3409
21 33 3105
21 34 1405
21 35 2789
21 36 3403
21 37 5854
21 39 5970
21 40 2796
21 41 4262
21 43 6524
21 44 5381
21 46 4607
21 47 2856
21 48 3421
21 50 3568
21 52 3824
21 53 6989
21 54 5945
21 55 5416
21 57 3885
21 58 7467
21 59 4501
21 61 2376
21 62 772
21 66 1590
21 67 1061
21 72 6156
21 74 4569
21 76 2484
21 79 2025
22 23 342
22 25 4381
22 27 4004
22 29 734
22 30 7432
22 31 3312
22 32 4661
22 34 357
22 35 2673
22 37 5879
22 38 3850
22 40 422
22 43 64
22 44 3995
22 45 6704
22 46 6074
22 47 84
22 49 6896
22 51 2908
22 52 2023
22 53 6576
22 54 2860
22 55 1926
22 57 941
22 58 3565
22 59 6406
22 61 7150
22 63 6354
22 65 3899
22 66 609
22 67 3707
22 68 2042
22 69 7022
22 70 81
22 71 112
22 72 6539
22 73 4240
22 74 1829
22 75 4599
22 76 6404
22 78 6054
22 79 4767
23 24 735
23 26 5046
23 27 5587
23 28 106
23 31 3044
23 32 4576
23 33 7440
23 36 3500
23 37 3030
23 39 785
23 42 1438
23 43 1948
23 45 956
23 46 3525
23 49 5522
23 51 7417
23 55 502
23 56 1913
23 58 3794
23 61 882
23 62 2768
23 64 4716
23 66 4523
23 67 7425
23 68 5785
23 69 438
23 73 6606
23 74 5553
23 76 6317
23 77 2247
23 78 3615
23 79 6041
24 25 3259
24 27 6496
24 30 750
24 33 5756
24 34 2455
24 38 3106
24 39 4353
24 40 6439
24 41 1729
24 42 4632
24 43 4820
24 46 3331
24 48 7058
24 49 2468
24 51 4139
24 52 1998
24 53 4778
24 54 3568
24 55 5633
24 57 1337
24 58 7015
24 59 6521
24 60 489
24 61 3223
24 63 3800
24 64 5521
24 65 4252
24 67 3410
24 68 1329
24 70 897
24 72 3317
24 76 4034
24 78 7391
24 79 6792
25 26 2017
25 27 1743
25 28 5165
25 29 999
25 30 892
25 31 5726
25 32 6025
25 33 1385
25 34 5655
25 36 1471
25 38 2812
25 39 52
25 40 6306
25 41 1394
25 42 6674
25 44 7268
25 46 3909
25 47 4515
25 48 379
25 49 453
25 51 689
25 52 5653
25 53 2335
25 54 6830
25 56 3599
25 57 3879
25 59 5272
25 61 1182
25 62 1343
25 64 5251
25 66 2551
25 67 7253
25 68 2144
25 69 2543
25 70 3108
25 72 1583
25 74 2869
25 75 6802
25 76 7216
25 77 4518
25 78 5575
26 28 2325
26 29 4668
26 30 1246
26 31 3224
26 32 424
26 33 5953
26 34 374
26 35 5999
26 36 1994
26 39 468
26 40 2960
26 41 765
26 42 4455
26 46 4556
26 48 3391
26 49 6698
26 50 3072
26 51 3332
26 53 2557
26 55 271
26 56 7150
26 57 6493
26 58 4295
26 59 5504
26 60 7133
26 61 2751
26 63 6211
26 64 3327
26 65 2310
26 66 4887
26 67 973
26 68 2458
26 69 2502
26 71 1291
26 72 1470
26 76 6164
26 77 4264
26 78 7250
27 28 2762
27 29 2887
27 30 2749
27 31 2842
27 32 5963
27 33 1621
27 34 3277
27 35 3175
27 37 3318
27 38 1980
27 40 1294
27 41 3160
27 42 6132
27 43 1161
27 44 1262
27 45 3626
27 47 5226
27 48 4999
27 49 242
27 50 7495
27 51 446
27 53 6439
27 54 6258
27 55 2008
27 56 6064
27 58 575
27 59 2367
27 60 4725
27 61 4126
27 62 399
27 65 1405
27 66 3998
27 67 3176
27 69 3622
27 70 4352
27 73 2979
27 74 4976
27 75 5402
27 76 7320
27 77 2428
27 78 5043
28 29 3893
28 30 6435
28 31 5224
28 33 573
28 34 5434
28 35 2247
28 38 2966
28 40 4796
28 41 6034
28 42 5872
28 43 3861
28 47 224
28 48 6475
28 49 5935
28 51 5125
28 52 4471
28 53 2917
28 54 7058
28 55 1570
28 56 5141
28 61 6477
28 62 899
28 63 3820
28 65 50
28 66 233
28 67 7172
28 68 1751
28 69 3792
28 70 6892
28 71 2151
28 72 661
28 73 6550
28 74 1965
28 75 1937
28 76 4599
28 77 1081
28 78 6286
28 79 6049
29 30 3500
29 33 3974
29 34 1251
29 36 5042
29 37 2038
29 38 4812
29 39 4508
29 40 4919
29 41 3601
29 43 6853
29 46 937
29 48 6985
29 49 5552
29 50 4305
29 51 908
29 52 1886
29 53 6028
29 54 645
29 55 3274
29 56 5286
29 57 7091
29 58 1808
29 60 4123
29 61 3020
29 62 679
29 65 2293
29 66 783
29 67 3868
29 68 6487
29 71 4628
29 73 2896
29 74 1921
29 77 1088
29 79 4252
30 33 4446
30 37 3724
30 39 1802
30 40 760
30 41 1141
30 42 4109
30 46 7052
30 47 7047
30 48 2857
30 49 5888
30 50 4885
30 52 3508
30 54 4938
30 56 1161
30 60 5850
30 61 4419
30 62 5563
30 63 4609
30 65 4160
30 67 6549
30 69 4937
30 70 5470
30 72 1477
30 74 5266
30 75 4149
30 76 1700
30 77 7093
30 78 87
30 79 748
31 32 256
31 33 4810
31 34 3839
31 36 4938
31 38 5522
31 40 3491
31 41 2782
31 42 3203
31 43 1585
31 44 4183
31 46 4773
31 48 3711
31 49 1792
31 50 6608
31 51 1221
31 53 1541
31 54 3056
31 55 4396
31 57 6167
31 58 7223
31 59 7239
31 60 335
31 61 4792
31 62 5889
31 64 4843
31 65 3204
31 66 3693
31 67 2801
31 70 5888
31 71 4633
31 72 6193
31 73 1373
31 74 6546
31 75 6537
31 76 3382
31 77 6032
31 78 4456
31 79 1944
32 34 5638
32 36 684
32 37 1914
32 39 453
32 40 917
32 41 5471
32 42 6725
32 44 6039
32 45 7375
32 46 1945
32 47 4739
32 48 5664
32 49 2376
32 51 2620
32 52 6723
32 53 5280
32 54 480
32 55 5159
32 59 5276
32 60 5893
32 61 3517
32 62 6226
32 63 858
32 65 5597
32 66 3663
32 69 5650
32 70 7219
32 71 2410
32 72 3
32 73 3965
32 74 1525
32 75 1440
32 76 398
32 78 2875
33 34 452
33 36 7474
33 37 2470
33 38 6350
33 39 1195
33 40 6762
33 41 42
33 44 2988
33 45 6708
33 46 2064
33 47 7291
33 49 7368
33 50 3953
33 51 6505
33 52 7001
33 53 4377
33 54 4700
33 55 7389
33 56 4393
33 57 5073
33 59 558
33 62 119
33 63 748
33 64 1735
33 65 4937
33 66 5610
33 67 6765
33 72 6897
33 73 6360
33 74 849
33 77 1095
33 78 5369
34 35 7216
34 37 5974
34 38 1000
34 39 3037
34 40 1873
34 41 5213
34 42 419
34 43 2508
34 47 2865
34 48 6205
34 52 6014
34 54 4714
34 55 3383
34 56 7378
34 57 2235
34 58 1418
34 59 810
34 61 798
34 62 729
34 64 4735
34 66 99
34 68 6486
34 70 5318
34 71 4242
34 72 235
34 73 1684
34 74 5523
34 75 3705
34 77 3227
34 79 462
35 37 42
35 39 3628
35 40 4101
35 41 6456
35 42 416
35 43 5998
35 44 6484
35 45 4034
35 46 7236
35 49 5782
35 50 7422
35 51 5324
35 52 365
35 53 6667
35 55 3947
35 56 7158
35 57 3471
35 59 1712
35 61 209
35 62 3244
35 63 3769
35 65 838
35 67 5471
35 70 5978
35 73 5330
35 76 3177
35 77 3618
35 78 6239
35 79 858
36 37 3472
36 39 6715
36 40 3744
36 41 2101
36 42 5438
36 44 6092
36 45 3193
36 46 1027
36 47 6534
36 48 1653
36 49 5835
36 50 2180
36 52 919
36 54 1159
36 55 2455
36 56 405
36 57 3729
36 60 4074
36 62 2666
36 63 1960
36 64 6459
36 67 312
36 69 3992
36 70 1007
36 71 4097
36 72 708
36 73 2211
36 75 2615
36 76 6674
36 78 5186
36 79 6874
37 38 5694
37 39 4765
37 40 2616
37 41 750
37 42 2586
37 43 5836
37 44 4928
37 46 376
37 47 3159
37 48 278
37 49 7428
37 50 3855
37 51 1847
37 52 3138
37 54 5943
37 55 3190
37 58 4333
37 59 2790
37 60 1197
37 61 4848
37 62 5672
37 63 6499
37 64 2958
37 65 2868
37 66 2261
37 69 5311
37 71 2685
37 72 644
37 73 2771
37 74 4451
37 76 3898
37 77 4157
37 78 399
37 79 2569
38 39 154
38 40 2308
38 41 2753
38 42 1444
38 43 1139
38 45 5301
38 50 5089
38 51 975
38 53 6861
38 54 6379
38 55 1234
38 57 2655
38 58 2878
38 60 3692
38 61 1884
38 62 1042
38 63 117
38 64 7174
38 65 2747
38 67 2168
38 68 5585
38 70 1746
38 71 1129
38 72 3724
38 73 5105
38 75 1803
38 77 6011
38 78 1823
39 40 2864
39 41 7322
39 42 7144
39 43 931
39 44 2023
39 45 456
39 46 5093
39 47 704
39 50 1522
39 51 4137
39 52 1859
39 53 6348
39 54 3301
39 55 826
39 56 1773
39 57 3665
39 58 725
39 60 1655
39 62 3605
39 63 2746
39 64 4416
39 65 6496
39 66 1333
39 69 6189
39 73 4912
39 74 6072
39 75 227
39 76 3622
39 77 688
39 79 1195
40 42 4799
40 44 5996
40 45 2624
40 46 1378
40 47 4359
40 49 1900
40 50 2388
40 51 4550
40 52 4242
40 53 7256
40 54 1937
40 55 2845
40 57 5282
40 58 4809
40 59 7469
40 61 4816
40 62 5805
40 63 3291
40 64 4368
40 65 1890
40 68 3406
40 69 4075
40 70 7378
40 71 2320
40 72 4910
40 73 2142
40 74 1797
40 75 6785
40 77 1012
40 78 946
40 79 4993
41 43 4958
41 44 269
41 46 1125
41 47 6347
41 48 5401
41 50 582
41 52 4343
41 53 6918
41 54 7124
41 56 3131
41 60 7242
41 62 4808
41 63 6433
41 66 3904
41 67 719
41 70 5896
41 72 2024
41 75 2490
41 76 4520
41 77 4513
41 79 6832
42 43 4650
42 44 4996
42 45 6819
42 49 7493
42 50 4223
42 52 2786
42 54 1514
42 57 1339
42 59 5859
42 61 2088
42 62 2146
42 63 6576
42 64 2320
42 65 3514
42 67 2354
42 68 3466
42 69 6473
42 70 6218
42 73 2123
42 74 3659
42 75 4355
42 76 3696
42 77 5751
42 78 3652
42 79 7
43 44 6752
43 46 6637
43 47 895
43 48 2568
43 49 6075
43 50 2117
43 51 5622
43 52 3489
43 53 3701
43 55 1595
43 56 1791
43 57 3775
43 58 3152
43 59 217
43 60 7254
43 62 3050
43 63 6426
43 64 6418
43 65 5940
43 66 7250
43 67 5363
43 69 1352
43 70 4685
43 71 1681
43 72 1418
43 73 1773
43 74 2364
43 75 1673
43 76 5785
43 78 4496
44 45 3422
44 47 3767
44 48 1117
44 49 1673
44 51 2657
44 52 1362
44 53 5889
44 55 6158
44 56 4448
44 58 723
44 59 2809
44 60 4652
44 61 3503
44 64 4305
44 65 2042
44 66 4510
44 67 742
44 68 4648
44 69 1522
44 70 943
44 73 4920
44 74 566
44 75 4847
44 76 2197
44 78 5700
45 46 3882
45 47 7278
45 49 671
45 50 1737
45 51 5700
45 52 1080
45 53 5598
45 54 1392
45 55 5194
45 59 750
45 62 3870
45 64 4288
45 65 3879
45 66 4993
45 67 1702
45 68 2023
45 69 2095
45 72 7024
45 73 466
45 75 5659
46 48 6271
46 49 6907
46 50 2199
46 52 4930
46 53 4045
46 55 1060
46 58 794
46 60 317
46 61 4497
46 63 1507
46 65 7182
46 67 3867
46 68 2923
46 70 5121
46 71 3424
46 72 5338
46 73 1099
46 75 2819
46 77 2464
46 78 5916
46 79 4287
47 49 2652
47 50 3131
47 51 2951
47 52 3689
47 53 637
47 56 3084
47 57 6136
47 58 3948
47 59 5584
47 60 4834
47 61 3279
47 62 1069
47 64 2701
47 66 2120
47 67 1518
47 70 2850
47 71 1489
47 72 1337
47 73 6198
47 75 4834
47 76 3190
47 78 5047
47 79 4445
48 50 5513
48 52 7066
48 53 5128
48 54 981
48 55 4639
48 56 1316
48 57 4040
48 58 3474
48 59 3437
48 60 1148
48 61 5856
48 62 5869
48 63 4947
48 64 5470
48 65 1944
48 66 5108
48 67 244
48 68 4311
48 69 4061
48 70 2219
48 71 3660
48 72 1187
48 74 3512
48 75 6330
48 78 1742
48 79 5081
49 50 981
49 51 5558
49 52 1790
49 54 1838
49 55 1707
49 57 4619
49 58 4459
49 59 5301
49 60 5856
49 61 1090
49 62 131
49 63 4104
49 64 6632
49 65 6944
49 66 7082
49 69 7351
49 71 4385
49 73 6091
49 75 3210
49 76 5331
49 77 1181
49 79 4385
50 51 5804
50 54 6776
50 57 2138
50 58 4347
50 61 7450
50 62 7434
50 63 3572
50 65 5593
50 66 1809
50 67 6167
50 68 4654
50 69 6226
50 70 2055
50 71 1713
50 74 4065
50 75 2924
50 76 2136
50 77 4127
50 78 6772
50 79 2822
51 52 3989
51 53 742
51 54 5986
51 55 3208
51 56 2095
51 60 1810
51 61 1546
51 62 1983
51 64 7272
51 65 3787
51 66 3428
51 67 4796
51 69 6469
51 70 2523
51 71 4605
51 74 5515
51 75 6953
51 76 7261
51 77 4560
51 78 7239
51 79 6693
52 53 6140
52 54 345
52 55 2370
52 56 6173
52 57 4751
52 58 169
52 59 4087
52 60 1735
52 61 4998
52 64 3446
52 65 6590
52 67 2501
52 68 2066
52 69 1671
52 70 6096
52 71 2983
52 72 3771
52 75 188
52 76 4425
52 78 7115
53 55 432
53 57 2729
53 58 4418
53 59 1555
53 60 913
53 61 5727
53 64 2836
53 65 3367
53 67 1084
53 68 2568
53 69 6638
53 70 7402
53 71 1169
53 72 1069
53 73 3197
53 74 3181
53 75 1017
53 76 2830
53 77 230
53 78 5013
54 55 686
54 56 1207
54 57 2458
54 58 3987
54 59 5007
54 61 2831
54 62 6617
54 66 3485
54 67 6483
54 68 5301
54 71 4882
54 72 2099
54 73 7153
54 74 1249
54 75 4540
54 76 3298
54 77 6081
55 56 2486
55 57 6709
55 58 3790
55 59 1139
55 60 2528
55 62 328
55 63 5770
55 65 2512
55 68 6352
55 69 727
55 70 1560
55 71 2120
55 72 2531
55 73 6584
55 74 7361
55 75 2853
55 76 4036
55 77 3423
55 79 455
56 57 6586
56 59 91
56 60 372
56 61 7456
56 62 4346
56 64 4758
56 65 2437
56 66 4941
56 67 1685
56 69 6328
56 70 8
56 71 651
56 73 2465
56 76 6665
56 77 492
56 79 5836
57 58 4679
57 59 5094
57 60 5142
57 61 5136
57 62 3795
57 63 779
57 64 289
57 65 1763
57 67 1265
57 69 3729
57 70 7472
57 71 2182
57 72 4622
57 74 1809
57 75 2487
57 76 7493
57 77 7335
57 78 3969
57 79 2642
58 60 245
58 62 859
58 63 1781
58 64 6467
58 66 1984
58 67 1334
58 68 2554
58 69 3301
58 70 6616
58 71 2848
58 72 6841
58 73 1144
58 75 72
58 76 3750
58 79 6591
59 60 4881
59 61 1759
59 62 2454
59 63 5830
59 64 6648
59 65 210
59 66 4646
59 68 2846
59 69 4379
59 70 3950
59 72 950
59 74 3551
59 76 4542
59 77 4820
59 78 5944
59 79 4620
60 63 4905
60 66 7494
60 67 4536
60 68 1989
60 70 4175
60 71 872
60 72 3055
60 73 1159
60 74 4948
60 75 1351
60 76 2514
60 77 2113
60 78 5596
60 79 3687
61 64 1894
61 66 1037
61 69 4776
61 70 4904
61 71 4208
61 72 140
61 74 5597
61 75 4861
61 76 6049
61 77 1571
61 78 5520
62 64 5915
62 65 5487
62 66 1574
62 67 6549
62 68 1100
62 69 4320
62 73 4337
62 75 4003
62 76 955
62 77 6586
62 78 6440
62 79 6515
63 64 5526
63 65 3869
63 67 1855
63 68 304
63 69 1000
63 74 6605
63 75 6849
63 76 5965
63 77 6295
63 78 6377
64 65 5879
64 66 3048
64 67 111
64 69 2831
64 72 5816
64 73 7153
64 74 7068
64 75 6443
64 76 3721
65 66 3175
65 67 5486
65 68 5072
65 70 3450
65 71 6716
65 72 5460
65 73 1530
65 75 3243
65 76 6524
65 77 2831
65 78 1382
65 79 3632
66 67 1121
66 68 30
66 69 7221
66 72 3333
66 75 2756
66 76 5069
66 79 1684
67 68 4917
67 69 6033
67 70 6741
67 71 1129
67 72 6264
67 73 2293
67 75 2322
67 76 2714
67 77 4660
67 78 6562
68 69 4915
68 70 3282
68 71 5727
68 72 4396
68 73 701
68 74 3687
68 75 4604
68 76 5800
69 70 3545
69 72 5866
69 74 1594
69 76 655
69 78 4421
69 79 5834
70 71 6553
70 72 1503
70 73 3233
70 74 353
70 75 5621
70 76 5969
70 77 3383
70 78 1104
70 79 4034
71 73 460
71 75 397
71 76 5244
71 78 2165
71 79 4512
72 74 7044
72 75 7195
72 76 2939
72 77 1797
72 78 1030
73 75 1000
73 77 5033
73 78 6834
74 75 3923
74 78 1538
74 79 3831
75 76 4629
75 77 6248
75 78 3875
75 79 4651
76 77 3693
76 78 5576
76 79 5564
77 78 6837
77 79 6169
78 79 2948
