35 80 1294
6279 3042 3683 273 1902 650 5268 3719 1831 2554 5128 5363 1345 1409 4349 3418 5380 6580 2959 1293 3662 7436 4483 4408 1351 2490 5141 5936 1021 2453 2640 7299 4346 6322 6423
6247 6971 4190 2466 154 5595 6445 5516 6940 6705 2364 2857 3436 296 4668 4728 2809 3455 562 6068 4806 1903 3708 2093 2924 5013 4732 2722 710 2405 1645 6957 727 4686 774 880 2781 7218 6396 2220 6422 111 3928 2357 406 1095 5936 2066 4550 6497 634 707 899 3193 2799 2674 705 6382 4248 1415 1286 4744 7223 2012 1929 496 1744 4709 6565 6991 5780 5486 7101 2208 6694 6359 3302 5129 7276 6703
2977 409 7409 2727 3602 2707 5401 3158 1588 2148 3424 1725 6891 1998 3737 171 2493 4332 3732 409 3822 2011 5894 2274 4218 3939 1132 6372 419 908 5574 3395 168 4335 4974 2621 7041 1726 4631 7481 2725 6906 1705 2115 1404 4293 1137 2748 1124 4868 3157 3797 6879 402 6071 2448 4341 7202 1319 4759 6961 5745 7006 5981 2579 4479 1101 971 5056 5731 7303 280 5137 1508 1246 5392 4652 2382 639 5776
7250 2647 924 5480 3049 6994 427 6241 5548 598 3499 3860 5194 1856 2340 6624 5186 3441 94 2741 523 7397 3020 4511 256 4265 1254 4907 6647 745 2034 5248 3391 2958 3227 5291 1303 2505 4031 6850 3102 6382 2062 7147 737 4401 6270 5923 6693 5216 1163 6068 3964 3035 3078 3071 7299 3184 477 5297 3928 1363 3044 7318 3172 6270 5109 3326 127 491 2676 2080 6872 3589 1727 109 489 6848 4883 6034
4563 4897 4601 7378 431 6530 2948 6582 2213 2277 4378 6140 2491 7422 4810 4514 5043 1270 339 5169 1760 1866 7249 1132 5454 1475 92 4795 7174 4974 3328 3089 1222 6780 2966 1653 5809 4766 734 6874 5894 3963 4365 884 3884 1674 5397 279 1795 4587 5447 3555 6453 4047 3538 4406 4373 3629 1700 4047 7454 3879 7135 1175 3158 1452 1679 1467 5069 2412 840 3462 5227 5204 3197 1610 5730 7445 740 24
4532 6187 2430 3484 1585 5967 6741 5958 2095 941 1356 900 4819 7342 2075 477 1293 3753 795 6362 5017 486 1175 2743 5689 4372 3204 2770 4316 3944 2794 199 1482 5223 3682 3066 2542 2923 375 4636 2715 1730 5536 6385 423 6462 6861 1716 2714 6507 6929 6582 6992 603 1824 5181 3826 5028 6802 642 323 947 840 1804 5022 3374 3721 63 5148 4096 3550 362 4677 1585 5598 5100 6898 4959 5667 2112
3965 3947 1193 3457 4549 1869 7489 875 5748 5642 368 6070 6589 59 6725 4110 2284 2945 4172 7431 5892 221 6644 1921 658 4742 5872 55 1052 4038 1018 3868 484 1063 6176 3884 2931 5016 3610 30 3158 3977 6099 2246 2888 5323 5207 5171 7119 1878 3954 5511 950 3097 7431 1607 6690 5802 514 241 1191 1531 4109 526 2593 1636 4409 4375 6652 6871 3256 2309 3347 1854 3406 5086 6028 1112 2757 5647
1841 6710 3657 2790 1158 2439 4397 348 740 4910 6940 1930 5292 2400 2455 6737 4036 5715 2463 2039 5085 5719 4347 7284 72 6604 4869 4952 215 6477 1950 2055 4538 4458 3696 5696 6896 592 4895 6487 4353 3186 7268 2145 5586 2222 233 973 6788 2695 3011 3225 913 6209 3008 7337 5312 6728 4788 4378 5705 6737 6432 1594 3694 2627 6141 1941 2071 3535 927 5275 5573 694 6271 3658 1767 6503 4630 1054
1698 6492 4278 2610 5200 6137 1298 3011 5365 6085 7388 2421 4173 5171 4014 6718 6649 2655 1158 71 5041 936 5346 3113 1629 4116 5622 3395 3119 1603 3301 4816 594 6430 6277 5793 3919 75 1303 1783 5011 42 3055 536 5212 7068 7253 4361 1074 7263 4431 4967 698 1128 6931 1179 5244 3905 3425 862 5507 5577 4529 4953 4507 2157 3245 7277 2231 3400 1559 6094 3441 4613 6629 5 3032 5233 3217 2958
3847 6499 6776 4545 127 6206 5723 5370 2610 499 5083 6969 6076 2111 4421 1934 3119 6517 1710 5350 1268 3268 2795 4709 6732 775 3565 1115 6007 6781 2924 2354 5779 2199 5750 4757 905 2824 2626 2366 3322 6560 686 1897 22 3958 3830 3141 1827 5539 7342 3094 158 2636 6654 5741 3410 2718 6856 768 850 1131 3121 6629 3330 222 2737 3086 3045 5363 4303 6367 3274 4989 763 3296 298 3445 5288 2124
1483 5129 5218 1641 6616 3223 6233 1377 5941 4440 2144 6790 5571 4117 4770 1400 4338 7 4485 7383 4221 1287 6249 7494 5127 5863 2141 4277 1807 6280 6400 3290 3908 2969 3782 1875 6192 1366 3251 3484 5806 5395 2773 3876 863 6395 5275 5200 6401 1111 3934 1973 1249 2682 818 5228 7397 1811 2004 1703 590 7255 3844 3350 2724 6477 5224 267 343 975 3750 6148 5221 6522 2523 4935 4268 6649 2634 2020
259 6568 3992 359 601 4810 5586 497 5472 6441 2200 6061 6196 4895 1910 1419 3872 7134 537 4214 6960 4286 1713 3532 2159 3087 966 6427 2235 3599 946 1345 1518 3790 1703 2119 1099 6141 1467 6570 5081 2518 3982 3776 7413 5892 4046 3784 4377 4582 6849 3836 1367 1061 7367 2378 4147 7184 1304 5233 3282 1101 5429 3652 4890 5983 4622 4840 4623 6088 2761 1056 7458 6743 4831 7370 5134 229 2505 862
4810 1853 4697 5029 1765 3415 7406 4763 3098 61 2495 5231 1161 6775 1382 6051 5257 4855 3390 1232 2295 6151 2287 2252 4245 5969 2121 1878 6197 4625 2739 2359 5329 6287 6239 7093 1053 4996 3207 4150 5056 4553 732 5068 3827 2114 2470 1583 5820 5860 2814 614 3362 5100 2865 106 2421 3837 835 1117 7313 2425 2327 5141 63 1065 3585 1115 6060 6791 5264 2467 3843 5995 35 169 6960 2504 604 5280
7215 3417 4745 1928 7369 110 885 2289 3946 1719 2257 2611 2995 4584 251 3057 4500 2688 4171 1912 1978 786 4378 4673 5633 3264 3693 5092 5768 4296 1723 4334 6565 6468 6262 5285 5429 7146 73 1874 217 1181 4484 3211 4616 3587 5120 1616 6274 642 3527 7103 1428 404 4275 7060 3668 468 3503 787 4763 5226 5120 2679 3045 2733 463 973 1231 6887 1698 1447 568 5034 3509 5183 1120 1128 5650 6245
622 1676 5847 2049 932 2622 1608 3451 1941 5110 4237 5555 1687 708 734 4731 2293 1196 5703 3523 583 7401 4969 2 4934 7329 5184 4905 7309 3334 3649 430 3861 847 2478 4792 3468 2937 742 4260 6898 3830 2315 7437 3390 3048 4667 5682 4243 1722 1704 3677 1622 5524 3678 5407 5352 214 1663 5160 2399 5311 4441 5111 6157 5770 2403 977 1206 1996 5236 6956 4678 50 6892 567 1949 2910 6248 6192
4631 451 1220 5104 5974 3750 1862 2677 3963 3524 337 5213 186 3629 2823 5195 1899 4077 5023 1956 4925 2758 1411 2102 1660 802 2668 2460 2564 1415 3 7194 1865 1223 4798 6690 4972 6659 1866 286 1535 1054 4350 1720 4683 7172 6914 5433 2601 4436 7388 25 6046 1299 2126 6557 952 4793 1516 3515 5059 1519 2061 5775 1593 6858 4964 6564 4868 5681 5701 5254 6735 2550 6974 2769 1073 5239 701 2525
1027 588 2549 5924 738 3526 3832 542 818 5347 2908 5876 5717 4968 4150 6161 3177 465 4076 545 6146 2276 4650 4232 3677 4123 7000 3602 714 6552 6126 592 7139 27 6515 6729 3552 1698 7270 4370 5896 2677 1597 4113 6497 4599 2773 2173 3915 6849 1569 2560 476 6219 6791 3005 1693 5142 6606 2406 4193 5231 1849 2684 5257 7215 1912 1309 1412 533 4530 7308 2061 4978 2772 1057 928 4396 3230 3695
2596 4798 6254 1924 3516 4397 4928 4061 2038 4033 6466 5083 615 7167 266 4724 6881 2177 4884 7145 1561 765 6952 2473 4594 1075 3530 5522 5470 5611 1716 6918 1760 6821 1341 4128 2569 6268 688 4607 1652 6005 2189 2266 5671 1306 6989 3904 2334 3224 3548 3894 3988 1851 6366 1082 2925 1247 5455 7246 5709 7170 6663 7469 5342 6855 2948 411 5622 3635 3869 6125 991 4909 7243 6662 6214 6731 1917 1047
2455 5464 3792 5294 7314 1509 6375 1590 2756 4329 1335 7316 2850 6850 7284 692 6204 1583 7454 3178 5217 3822 1802 6208 1230 1544 4221 6295 7127 6137 7341 933 2952 2484 6226 1617 3992 3953 3206 5599 781 3392 5415 3631 2741 4050 3174 297 5633 3127 2326 2201 6948 2979 908 7029 3375 3980 5823 1853 1468 4515 2785 3271 6998 362 4887 2341 3166 6944 440 3947 1688 4706 6429 3280 1255 2102 3576 6887
5228 4753 1588 3527 232 1347 3055 3606 4179 229 5458 5646 3595 7094 269 1944 6307 5155 4284 1973 3451 3575 5919 3990 780 4847 7269 2035 5800 2197 273 3527 6949 712 5905 7180 911 311 2137 5089 539 94 2086 2985 7187 2354 4928 5994 6361 563 466 1163 4138 5236 5152 4917 1434 3772 5803 7233 5968 4928 2111 4269 5639 515 3948 6549 825 4937 2989 215 5030 5075 3199 3569 6280 6978 914 5140
6392 231 5154 3029 5466 2805 6798 5751 6577 3952 5483 3896 1379 6445 664 7018 5811 4612 4918 6635 900 407 5701 5929 4333 251 849 3112 7228 1762 7104 6119 1992 4757 500 6309 62 6149 3411 5490 2600 245 1885 3979 6689 2549 2348 4999 6012 7265 2985 6911 6523 1185 5339 3355 1435 5040 5319 14 6801 4922 6133 145 2178 5484 5305 2239 4132 1216 6580 6731 1460 965 2061 7001 3513 4408 4499 2024
3025 7484 1434 2047 20 5624 4254 307 3163 2072 320 1316 5845 5304 1460 522 3287 6764 1613 7418 6831 692 5501 7143 1656 61 6643 4020 3321 2493 6043 6345 2476 6328 7243 1348 4452 2848 1654 6466 3771 1973 281 2115 7277 592 2637 1915 6208 3101 685 5538 3792 6185 5180 4300 5097 3174 819 7269 5667 5714 6113 6994 4541 4708 841 344 55 2494 6810 2678 3319 5942 4792 1947 6534 6280 2713 5241
732 3397 2130 3376 933 6162 175 4882 1835 7345 4650 1 5558 2115 6995 1451 6822 335 1794 5728 1681 7455 905 3851 5897 4549 4649 3782 3328 7361 374 4060 2110 2503 7435 3042 1164 6461 6775 1851 5157 3925 1851 3215 6039 1345 3517 4212 532 5310 1291 1064 4117 2196 3766 1365 5596 914 5146 275 7126 5519 3186 1735 6873 1972 3629 537 932 1755 2387 6089 5679 3089 655 3069 3286 4171 6132 2669
832 7423 2584 4948 970 6349 6312 5417 6114 2809 5691 4591 827 1377 5178 6552 3348 1306 7088 4280 1912 826 1720 6443 2766 1226 863 6051 5396 6995 1219 5079 5769 3802 1379 5590 1502 190 3506 6467 1851 1696 3558 1529 1924 1235 580 5272 1392 6519 903 3303 6196 2622 2245 1462 2699 3108 6364 594 1454 6435 5672 6074 1588 5902 4163 3090 6092 6520 2056 6794 715 4465 822 2639 5699 254 6762 5942
6772 164 1745 5468 1637 2841 5781 4335 4800 4644 3780 5105 3578 803 3678 5166 6705 340 7107 4148 5711 1662 3441 6426 6127 3114 416 3177 3367 7177 1619 2639 6192 2215 6958 328 5055 5238 3514 1207 2381 7293 6311 4811 595 2489 2476 7299 1680 2082 2798 7391 2595 6238 5168 73 1852 4435 2102 5218 4111 3720 6708 1654 4786 6165 1981 1192 3902 5494 2398 5135 4138 61 2445 4732 1401 3772 3383 1932
5853 6180 674 7299 3770 5841 7372 5621 2775 1973 2190 5737 4544 250 6242 1829 6414 722 3020 1668 5067 4270 5654 1704 4330 6950 5288 5730 3221 22 6513 425 5053 7187 223 1322 5527 94 5794 7154 918 6836 4242 4313 7085 2984 6141 4850 2557 513 6517 6476 3634 3522 7031 6815 2971 3670 5044 6191 3691 4056 6615 1244 2594 6838 1417 621 5783 7211 6626 5553 6546 2219 1217 6130 4054 6210 3479 5463
6722 1348 4438 1707 3721 2820 1021 6692 6490 4916 4234 1532 323 2201 1627 2917 390 3044 2389 5024 1606 1514 3076 651 2584 3145 5632 6638 1854 462 4600 7427 661 389 1633 4382 3208 2653 2425 1049 68 5510 2581 390 210 4207 3306 599 6102 5694 5623 207 6059 50 857 1143 3194 5340 6632 3899 5802 2583 3825 5314 1823 5457 1047 3882 609 3471 4931 7028 1481 11 7418 542 3069 2075 1141 1671
6621 5615 1877 5179 4516 1586 5173 6562 5777 3156 2960 2930 4590 6785 744 6412 4741 1790 2794 4202 4113 224 3729 5593 6586 2498 4986 2154 4573 6126 2676 3693 3092 3405 223 108 4990 4248 5521 2118 7403 980 5048 3345 264 5791 2256 3857 6432 3901 558 3044 2976 3138 7488 2061 5636 4974 3067 2708 2451 4594 5252 5543 498 4326 4502 4339 1073 2522 6457 7328 3501 4004 2024 2617 1146 4279 5325 77
7032 4734 3121 2507 371 1960 3420 6006 6933 5338 65 1884 2431 4168 7426 1781 994 3279 6119 918 5800 5075 7097 652 430 1620 2120 1575 4751 7444 504 4282 4677 2476 5640 5048 4435 411 2405 2720 5748 2470 4603 7031 5489 3380 1311 6482 6658 7429 6252 4957 3856 5848 4460 4285 6320 6580 4712 3570 6523 4067 6703 2552 5394 3694 6451 2328 4105 207 5047 2352 1528 1001 1882 7017 3232 2044 4850 2389
1973 3601 6197 4680 801 3157 316 7120 2236 5027 2041 110 445 1243 1513 5838 4936 463 7018 392 670 3416 1596 2197 4417 3477 565 148 4373 5415 1389 6345 1515 85 3524 2315 2093 3839 786 3180 218 2826 2142 7014 2920 3654 5352 6708 2969 3721 7099 2490 7136 1194 3538 2904 3523 4103 1904 395 2017 3292 5591 2383 2228 466 4698 3173 3156 4335 6352 2225 7161 993 1739 1432 3499 5942 639 5319
2162 6590 308 1797 6635 3845 3553 2657 447 5456 1903 1315 1247 6345 3698 2326 6810 7247 5498 1318 4081 4350 3542 2593 4194 4132 4025 6544 2573 3515 4362 4734 1456 4669 5383 591 7366 1435 2099 6664 6890 4002 479 6988 1698 4176 1813 7360 2774 6163 1177 6854 1864 4718 799 4909 1350 3675 3953 2774 7189 814 6360 7497 4335 4242 587 4200 4528 2685 2215 2769 5538 2693 1108 7236 5720 1772 7095 7345
434 7123 6699 2297 4340 6349 7206 4541 2523 2510 7315 1063 2175 6174 1059 6509 1767 1645 2060 5146 3182 3127 414 1219 5819 1521 7306 2891 2144 5752 2735 2578 5374 785 3726 1066 7133 2283 4458 2155 4792 4272 2070 5819 1797 3128 3679 2415 4773 4591 60 6806 217 6825 6876 6035 7197 6682 277 1841 3785 3012 3270 511 2648 6995 1576 1133 630 6033 2139 4273 1657 4208 2591 2305 7336 6270 4720 3460
3360 3631 2765 3576 2956 992 962 2652 173 1239 3344 2810 3102 6613 3320 4601 4960 4895 5733 5589 2279 372 2361 3935 4579 4952 6240 3266 2573 2311 6725 5932 5941 841 859 1396 1833 1820 2900 857 1910 6243 3666 3863 4208 5837 7316 1667 2083 5548 7255 4362 5919 967 7148 1850 4770 4739 5115 7342 7049 3192 4625 4342 4032 5483 4589 4716 6155 7488 5573 564 5083 590 3279 642 6427 3094 2308 1009
1141 914 4222 5912 732 2722 6613 5502 7460 4227 5343 5861 7418 2468 2702 2802 450 7290 17 6604 6130 4441 6020 2564 5031 650 3205 2809 3743 5512 2669 3735 5277 6891 998 6008 2112 110 4009 923 3189 704 6783 1958 3171 836 4759 2472 626 3628 428 5607 6920 6447 670 4450 7096 3874 6110 2190 737 1279 5924 6013 7021 5774 4520 484 5883 7381 1406 1571 584 7041 2381 2606 6728 7139 5077 6205
2118 4356 4311 1538 2154 4980 4839 1749 1353 3449 2790 941 4727 66 6953 3099 5839 2825 3582 4221 1557 3839 4644 2140 3379 7024 3597 2607 5514 1173 1311 6484 4381 4474 521 6534 1953 4211 7135 2158 159 2424 3098 3737 2489 1403 6835 7179 3079 1768 2752 4635 5607 7395 6774 337 5770 2870 1795 2635 2894 1958 1618 6126 6431 990 5160 7235 5201 4794 744 4211 7217 2694 448 1058 4096 6134 736 7174
402 3487 3160 4860 2233 1285 5196 6854 3006 6991 841 5899 1448 1310 4525 6730 1152 1036 6464 6352 5829 6060 1914 4397 1253 1213 4306 4200 7347 5042 3873 6600 7380 5884 3959 965 7168 506 6670 2673 7496 10 7423 295 172 4447 5876 1323 4334 3692 6526 2662 2251 939 5911 3503 1004 2716 202 7202 257 2926 6301 6489 1309 1611 6305 976 2116 4326 3648 964 3188 3570 1258 3359 6869 7134 4681 3702
0 1 4007
0 6 7480
0 8 6453
0 11 6033
0 14 1505
0 15 4098
0 16 6750
0 20 2517
0 22 6323
0 26 226
0 27 3376
0 32 6687
0 34 511
0 35 633
0 36 2686
0 37 2295
0 40 2502
0 41 358
0 42 1566
0 43 3341
0 44 4514
0 45 7102
0 49 843
0 58 6685
0 66 981
0 69 3621
0 74 7083
0 78 2901
0 79 1165
1 2 1166
1 6 5100
1 7 7107
1 9 1138
1 12 427
1 16 1279
1 21 3460
1 22 2109
1 24 4400
1 27 6197
1 28 2251
1 29 2301
1 36 5096
1 40 516
1 41 366
1 42 155
1 43 4493
1 44 2154
1 45 4367
1 46 5112
1 54 6043
1 56 6213
1 64 3162
1 70 6368
1 72 3980
1 74 5433
1 75 2458
1 78 6581
2 7 299
2 8 3882
2 10 5895
2 13 5650
2 15 4517
2 17 996
2 18 3608
2 22 3337
2 24 6509
2 27 3005
2 29 4007
2 33 7416
2 35 5565
2 36 4675
2 38 594
2 40 4201
2 41 749
2 45 5186
2 46 1670
2 49 1321
2 52 1020
2 53 1254
2 54 4556
2 55 4204
2 60 6918
2 61 3173
2 62 4987
2 70 1463
2 76 3577
2 77 6315
2 78 4454
3 4 3981
3 6 4101
3 8 7273
3 9 385
3 14 877
3 16 2339
3 17 6070
3 18 7481
3 25 59
3 27 66
3 29 5841
3 30 2879
3 31 6797
3 36 7332
3 39 325
3 40 1369
3 41 5247
3 46 5847
3 48 4854
3 50 6812
3 52 2191
3 53 4829
3 56 6652
3 57 2467
3 61 5398
3 62 4225
3 63 4452
3 64 5316
3 65 6951
3 75 1183
4 7 2801
4 9 368
4 11 3444
4 14 3941
4 17 5765
4 18 4026
4 22 7494
4 25 6386
4 28 1736
4 30 468
4 31 5314
4 32 5298
4 33 4370
4 34 694
4 36 7081
4 37 1148
4 38 345
4 39 2457
4 42 6436
4 44 4174
4 45 1456
4 52 2291
4 53 1688
4 55 1234
4 56 4002
4 57 344
4 58 7040
4 59 4302
4 62 3298
4 63 3611
4 64 1604
4 66 1571
4 67 6969
4 68 373
4 69 6914
4 71 7454
4 72 5432
4 73 2402
4 74 2000
4 76 391
5 7 4537
5 10 6164
5 11 674
5 13 143
5 14 4800
5 16 6315
5 18 4692
5 23 1190
5 25 2326
5 27 3104
5 28 3341
5 33 994
5 37 1236
5 39 6402
5 41 3594
5 42 2832
5 45 2080
5 47 4405
5 49 6360
5 51 6523
5 53 4201
5 55 964
5 63 5023
5 64 3561
5 68 1386
5 70 4642
5 71 3572
5 78 2252
6 10 6711
6 12 385
6 13 1280
6 15 6837
6 16 5081
6 17 3547
6 18 3447
6 20 7018
6 21 2785
6 25 1345
6 27 5589
6 30 594
6 32 978
6 34 6130
6 35 5407
6 36 4624
6 37 4338
6 39 5026
6 40 2328
6 42 1691
6 43 291
6 44 4032
6 50 1509
6 51 3889
6 53 3607
6 56 759
6 57 2025
6 63 893
6 64 1353
6 66 5196
6 68 3457
6 71 6532
6 72 3051
6 76 7348
6 77 6892
6 78 3589
7 8 5864
7 13 7245
7 15 6126
7 19 3043
7 21 927
7 26 577
7 29 5650
7 31 407
7 34 3629
7 37 1220
7 46 4448
7 51 6575
7 57 4924
7 62 1674
7 64 2489
7 65 6583
7 67 437
7 68 2395
7 73 6199
7 74 3304
8 10 4616
8 12 4830
8 15 1235
8 17 6669
8 19 5958
8 21 2750
8 22 4611
8 25 3477
8 26 7228
8 33 1348
8 40 802
8 43 3947
8 45 5548
8 46 2491
8 47 5675
8 48 7028
8 49 3232
8 50 4532
8 51 5454
8 54 4966
8 58 2361
8 61 6863
8 64 3011
8 70 2883
8 71 4893
8 72 616
8 76 4276
8 78 6134
9 10 3936
9 11 5785
9 14 6662
9 15 6161
9 22 3168
9 27 845
9 28 6188
9 30 6900
9 36 803
9 46 512
9 47 231
9 48 5694
9 54 4533
9 57 810
9 61 4685
9 62 2038
9 64 3348
9 72 4724
9 73 3837
9 75 3249
9 77 6633
10 14 4354
10 19 3173
10 22 2694
10 23 39
10 24 2220
10 25 1658
10 26 5700
10 27 1722
10 31 3009
10 34 6030
10 37 3599
10 38 1374
10 42 354
10 44 392
10 46 2255
10 47 6368
10 48 6776
10 50 3155
10 51 187
10 59 5750
10 61 2888
10 64 4704
10 68 559
10 70 5778
10 77 3933
11 12 4476
11 13 5265
11 15 3114
11 17 7464
11 20 4441
11 21 7466
11 22 6956
11 23 797
11 24 3025
11 25 4098
11 26 1830
11 28 4614
11 29 3268
11 30 5196
11 33 2247
11 34 1553
11 38 1274
11 46 1781
11 48 2417
11 49 2585
11 50 6747
11 51 6413
11 56 467
11 58 7392
11 61 7248
11 64 4860
11 65 4947
11 68 3705
11 70 5839
11 71 3640
11 75 3570
12 13 1792
12 20 657
12 23 4900
12 25 7457
12 26 3028
12 31 571
12 35 1788
12 39 4968
12 42 5894
12 44 7394
12 45 1102
12 47 3635
12 52 4681
12 53 1992
12 57 5454
12 61 5995
12 69 6438
12 72 3039
13 14 3484
13 24 681
13 27 4843
13 28 1573
13 29 1907
13 31 4945
13 32 1135
13 40 1036
13 43 151
13 45 5803
13 48 1076
13 54 2891
13 56 5194
13 58 4936
13 70 1172
13 72 6646
13 78 7160
14 15 4344
14 16 3664
14 18 1100
14 19 1349
14 22 6226
14 24 812
14 27 4304
14 29 2301
14 32 4594
14 34 4253
14 35 7354
14 36 3069
14 40 1235
14 45 2088
14 47 5220
14 49 875
14 53 2081
14 55 1091
14 56 6530
14 57 1565
14 60 5644
14 61 5105
14 62 7240
14 67 4926
14 69 2664
14 70 594
14 74 1019
14 76 961
15 17 3064
15 23 6990
15 28 5477
15 31 4566
15 36 1485
15 37 4309
15 41 7283
15 43 1596
15 44 6098
15 45 6045
15 48 5193
15 51 4613
15 53 1678
15 54 243
15 56 3591
15 58 399
15 61 617
15 64 6000
15 65 996
15 66 6544
15 67 4025
15 70 7115
15 71 630
15 72 1912
15 79 5462
16 17 1116
16 21 6490
16 22 6634
16 25 4884
16 26 2147
16 27 3889
16 28 5839
16 29 6293
16 33 2156
16 34 5816
16 36 2629
16 37 2063
16 38 6351
16 39 5846
16 40 5627
16 44 1065
16 45 5247
16 47 3410
16 49 1054
16 52 7058
16 54 4225
16 57 3000
16 60 6832
16 61 4895
16 63 1075
16 65 991
16 70 2963
16 74 963
16 75 3984
16 76 347
16 77 1968
16 78 4589
17 19 4337
17 22 5878
17 23 6557
17 24 2454
17 25 2566
17 27 1471
17 30 463
17 31 2392
17 35 2515
17 36 686
17 38 357
17 47 6900
17 49 6688
17 51 3086
17 53 2401
17 55 6485
17 57 2267
17 59 1804
17 62 6650
17 63 2800
17 64 7186
17 65 228
17 69 7374
17 71 5406
17 73 3718
17 75 4422
17 78 959
18 21 306
18 22 1508
18 23 6572
18 24 490
18 28 1200
18 31 282
18 33 7336
18 35 401
18 38 4237
18 39 3505
18 42 596
18 43 7371
18 44 1137
18 46 7229
18 47 4364
18 52 793
18 53 174
18 54 1905
18 55 7380
18 57 2783
18 59 5140
18 61 2355
18 63 2225
18 68 3319
18 71 1122
18 72 6101
18 76 335
18 79 3900
19 22 5750
19 24 604
19 25 212
19 28 7416
19 29 2338
19 36 4746
19 37 1560
19 44 7444
19 46 4241
19 49 808
19 50 7499
19 53 7157
19 54 2812
19 56 5645
19 57 6580
19 62 3377
19 63 7141
19 64 5476
19 65 360
19 66 2676
19 73 5707
19 75 5314
19 78 3930
19 79 7038
20 21 7472
20 22 2607
20 30 1133
20 31 3938
20 32 6727
20 34 3397
20 37 1226
20 39 7121
20 42 7261
20 45 715
20 48 1428
20 50 159
20 57 6142
20 58 475
20 60 1700
20 61 6565
20 64 1826
20 69 3435
20 72 4748
20 76 4290
20 79 5873
21 22 2380
21 23 673
21 27 5923
21 29 6600
21 30 6964
21 35 479
21 37 4780
21 39 6117
21 42 3347
21 45 7344
21 46 6570
21 48 126
21 57 7057
21 59 606
21 60 2192
21 61 461
21 68 6512
21 71 5464
21 74 7155
21 75 2798
21 76 4389
22 23 3161
22 33 2580
22 34 4200
22 35 3675
22 40 1321
22 42 4118
22 43 2413
22 46 5062
22 47 2470
22 53 5443
22 54 7189
22 57 7316
22 58 5290
22 69 2740
22 71 417
22 77 7398
23 26 1177
23 30 5595
23 31 6784
23 32 5389
23 35 6396
23 40 1062
23 44 3991
23 46 5067
23 49 3990
23 51 1807
23 54 1590
23 59 970
23 60 1518
23 62 7340
23 64 3989
23 66 6831
23 67 4991
23 68 6087
23 75 7470
23 77 3312
23 78 3624
24 25 3445
24 26 885
24 27 1292
24 28 1635
24 29 3564
24 32 3808
24 33 7292
24 34 6705
24 35 3822
24 40 1255
24 41 3159
24 43 2537
24 46 705
24 49 1045
24 50 4992
24 51 761
24 53 5601
24 54 4336
24 56 658
24 57 6779
24 59 5478
24 60 4428
24 63 3672
24 66 150
24 70 3162
24 71 5318
24 74 7226
24 77 3085
24 78 6805
25 31 1463
25 32 1703
25 33 3348
25 34 6261
25 35 2519
25 36 4578
25 37 4609
25 38 7305
25 39 3303
25 40 6598
25 41 615
25 43 6271
25 45 2374
25 46 2803
25 49 670
25 53 1637
25 55 825
25 56 6194
25 59 6050
25 60 3232
25 62 2699
25 66 1046
25 67 4128
25 77 1896
25 78 1358
26 29 3379
26 31 6610
26 34 4573
26 35 2129
26 36 4306
26 37 6183
26 38 6975
26 40 3444
26 41 3070
26 43 3603
26 44 464
26 45 3912
26 46 805
26 47 2370
26 51 6307
26 57 6793
26 58 3580
26 65 823
26 66 3928
26 69 278
26 71 1500
26 78 867
26 79 5601
27 30 1022
27 34 7025
27 35 4310
27 37 737
27 45 4289
27 47 3090
27 48 7137
27 49 4204
27 50 1398
27 54 422
27 55 5250
27 56 5456
27 58 291
27 59 5983
27 61 5597
27 62 4720
27 64 360
27 65 4263
27 66 5622
27 68 1177
27 69 5358
27 70 1578
27 74 7404
27 76 1962
27 77 2825
27 78 5924
28 29 4021
28 31 935
28 34 6818
28 35 5266
28 38 2555
28 40 2984
28 43 5991
28 51 4498
28 52 5868
28 59 4415
28 62 856
28 66 5040
28 69 890
28 70 2259
28 72 3811
28 74 808
28 75 716
28 76 3908
28 77 4341
28 78 5314
28 79 3621
29 30 3633
29 32 1968
29 36 5474
29 38 6363
29 39 2122
29 40 1426
29 42 3775
29 44 3342
29 45 922
29 46 3728
29 47 24
29 49 6102
29 52 1030
29 54 3168
29 57 3701
29 58 5030
29 62 234
29 67 5669
29 72 894
29 74 7307
29 77 5928
29 78 3647
30 40 1321
30 46 4355
30 48 5248
30 50 3907
30 52 2568
30 55 961
30 57 4819
30 60 1691
30 61 5668
30 64 2019
30 68 2619
30 70 6719
30 71 3208
30 77 2110
30 79 5873
31 35 6336
31 39 5753
31 41 2869
31 43 4340
31 44 3127
31 47 5534
31 48 4937
31 49 7479
31 51 2812
31 53 2963
31 55 4491
31 59 5180
31 62 3010
31 63 5936
31 65 1563
31 70 3037
31 71 5253
31 73 6916
31 75 2378
31 76 3028
31 79 2405
32 34 2545
32 36 5554
32 37 3834
32 39 4248
32 40 1827
32 42 7101
32 43 6224
32 44 4609
32 45 3120
32 51 6169
32 52 6121
32 54 1165
32 57 2662
32 60 6551
32 61 3201
32 64 4486
32 67 6245
32 77 2897
32 78 1325
32 79 5616
33 36 571
33 39 5831
33 40 2003
33 41 4205
33 42 6488
33 46 6551
33 49 6827
33 51 6987
33 53 7164
33 55 6558
33 59 1392
33 61 7463
33 62 5158
33 63 915
33 64 2466
33 65 1811
33 72 4424
33 73 5529
33 74 4426
33 77 2296
33 79 2789
34 37 5093
34 38 4472
34 39 1666
34 40 3077
34 41 631
34 50 5750
34 51 6042
34 56 543
34 57 483
34 62 6186
34 64 614
34 66 6868
34 68 722
34 69 2343
34 73 1802
34 74 4781
35 39 2327
35 43 4508
35 44 2614
35 46 2563
35 47 6918
35 52 2458
35 54 6090
35 55 340
35 57 814
35 61 1701
35 62 6035
35 63 6413
35 64 7247
35 65 5310
35 66 2941
35 67 4213
35 68 7014
35 70 4921
35 75 3372
35 76 1063
35 77 114
36 37 2137
36 49 2640
36 53 1018
36 55 3192
36 57 1620
36 59 1733
36 63 4162
36 64 7359
36 65 5657
36 67 2665
36 74 4849
36 76 80
36 77 4901
37 38 4631
37 44 7191
37 45 3314
37 47 3175
37 49 3778
37 50 1678
37 51 1520
37 54 7253
37 56 2841
37 58 7246
37 59 2531
37 60 261
37 62 1517
37 67 99
37 68 4424
37 69 5106
37 70 513
37 73 6020
37 74 2375
37 76 4068
38 39 557
38 44 6373
38 45 2811
38 46 5843
38 48 1619
38 51 7460
38 53 2582
38 55 3809
38 58 1674
38 59 1892
38 61 6709
38 62 6348
38 63 2774
38 64 5022
38 65 2246
38 69 5645
38 70 1042
38 72 1709
38 73 2021
38 74 3346
38 78 7286
38 79 4251
39 40 2525
39 41 3244
39 44 1753
39 46 5117
39 47 3808
39 48 197
39 49 1344
39 51 1904
39 53 4311
39 56 1459
39 65 826
39 71 7408
39 73 1422
39 74 2435
39 75 4652
39 78 4362
39 79 6707
40 42 4237
40 43 6829
40 45 87
40 46 4624
40 48 2905
40 51 3828
40 57 1137
40 62 6615
40 63 2405
40 64 416
40 65 7013
40 67 5951
40 68 920
40 69 1932
40 72 5533
40 74 4591
40 76 5248
40 78 1908
41 42 29
41 52 943
41 55 544
41 58 6885
41 60 2827
41 61 3614
41 62 2887
41 64 4453
41 66 3753
41 69 5036
41 71 29
41 72 4676
41 74 4500
41 75 5807
41 78 2940
41 79 4634
42 44 747
42 49 1396
42 50 3579
42 53 5042
42 55 3922
42 58 6960
42 60 5266
42 63 3381
42 64 4653
42 66 4251
42 67 767
42 69 594
42 71 3024
42 72 2505
42 77 3305
42 78 5496
43 49 5570
43 52 5883
43 54 6649
43 56 6094
43 58 1618
43 61 385
43 62 5410
43 64 2771
43 65 3495
43 66 7201
43 68 2286
43 73 9
43 75 5510
44 45 4572
44 52 1560
44 53 3960
44 55 2512
44 56 5966
44 57 6761
44 58 71
44 60 6432
44 64 7172
44 65 3902
44 66 4467
44 70 6890
44 73 4222
44 74 3707
44 77 3095
45 46 3013
45 47 2589
45 52 4962
45 54 2419
45 55 7185
45 56 2921
45 60 170
45 64 6432
45 65 4753
45 69 5466
45 70 5680
45 72 3415
45 76 6754
45 78 233
45 79 4711
46 49 5976
46 50 851
46 51 1612
46 53 5216
46 58 5795
46 59 904
46 60 5837
46 68 544
46 73 3421
46 75 3884
46 77 1599
46 78 2900
47 48 3116
47 52 7214
47 53 2625
47 56 1078
47 60 5774
47 62 1747
47 64 5274
47 65 4483
47 66 3046
47 67 5377
47 71 1286
47 73 7351
47 74 6407
47 77 5226
47 79 5699
48 52 5343
48 53 6907
48 54 1150
48 56 3047
48 58 3252
48 59 1016
48 67 6898
48 68 259
48 70 4809
48 76 1753
48 77 6650
48 79 2196
49 50 6639
49 51 234
49 54 3884
49 58 836
49 60 7446
49 65 3052
49 66 592
49 69 6553
49 70 7080
49 75 5223
49 79 1585
50 51 275
50 52 242
50 56 4822
50 57 3692
50 59 4283
50 62 6828
50 66 3044
50 68 767
50 71 6499
50 74 47
50 75 1106
50 78 4937
51 53 2482
51 57 2617
51 58 6458
51 59 2972
51 60 4719
51 64 1695
51 66 4143
51 67 392
51 68 5732
51 69 811
51 71 5264
51 73 6598
51 77 509
51 78 2324
52 55 6933
52 62 7454
52 63 5372
52 65 6182
52 66 6538
52 68 1142
52 72 5223
52 77 925
53 54 1096
53 55 1263
53 56 5666
53 57 2729
53 60 7350
53 62 5240
53 63 4117
53 66 4266
53 67 1399
53 68 6425
53 76 41
53 77 1297
53 78 4559
54 60 7253
54 68 3260
54 70 5714
54 73 4234
54 74 1661
54 76 2958
54 77 4858
54 78 3496
54 79 975
55 56 6819
55 57 4114
55 59 450
55 60 7034
55 62 2158
55 63 1960
55 67 4515
55 69 6176
55 74 7466
55 76 7292
55 78 1699
55 79 133
56 61 3777
56 64 4477
56 65 1209
56 66 3037
56 67 2915
56 73 1013
56 74 6111
56 78 475
56 79 1360
57 58 1841
57 59 6447
57 60 298
57 61 2705
57 62 967
57 67 4566
57 69 6761
57 71 6625
57 76 1283
57 78 1495
58 59 1245
58 61 1542
58 64 5740
58 65 4041
58 67 3533
58 70 3771
58 73 4356
58 74 1676
58 76 1810
58 77 2368
58 78 4102
58 79 3400
59 63 6960
59 65 1281
59 68 385
59 70 436
59 71 6402
59 72 2118
59 73 5009
59 74 4410
59 75 4454
59 78 1730
60 62 4556
60 64 2867
60 65 1711
60 66 1171
60 70 4075
60 71 6921
60 72 4251
60 78 7487
60 79 141
61 68 631
61 69 5336
61 70 864
61 71 2494
61 72 5764
61 75 7316
61 76 1060
62 64 3465
62 65 2504
62 67 1558
62 70 1749
62 72 5965
62 74 5680
62 76 2470
62 79 2670
63 65 2581
63 66 1709
63 68 6887
63 70 1890
63 72 2299
63 74 1274
63 79 6879
64 66 1522
64 67 7120
64 69 1141
64 70 6401
64 77 4723
64 78 7416
64 79 1887
65 67 3160
65 69 1741
65 70 4924
65 71 2217
65 75 4403
65 77 3314
65 78 2017
66 67 193
66 68 1434
66 70 1022
66 72 1760
66 74 3771
66 75 3920
66 76 6601
66 78 1318
66 79 5826
67 68 3533
67 70 1828
67 76 2661
67 77 324
68 70 7230
68 72 3500
68 75 3570
69 70 6611
69 73 4815
69 76 6466
69 77 602
69 78 3696
69 79 6051
70 71 3803
70 72 1396
70 75 3986
70 76 6405
71 72 7262
71 75 7167
72 75 5877
73 77 324
73 78 1849
74 75 7105
74 76 858
74 77 7008
74 78 4622
74 79 2219
75 77 2280
75 78 3622
76 79 4769
78 79 6920
