35 80 3160
6279 3042 3683 273 1902 650 5268 3719 1831 2554 5128 5363 1345 1409 4349 3418 5380 6580 2959 1293 3662 7436 4483 4408 1351 2490 5141 5936 1021 2453 2640 7299 4346 6322 6423
6247 6971 4190 2466 154 5595 6445 5516 6940 6705 2364 2857 3436 296 4668 4728 2809 3455 562 6068 4806 1903 3708 2093 2924 5013 4732 2722 710 2405 1645 6957 727 4686 774 880 2781 7218 6396 2220 6422 111 3928 2357 406 1095 5936 2066 4550 6497 634 707 899 3193 2799 2674 705 6382 4248 1415 1286 4744 7223 2012 1929 496 1744 4709 6565 6991 5780 5486 7101 2208 6694 6359 3302 5129 7276 6703
2977 409 7409 2727 3602 2707 5401 3158 1588 2148 3424 1725 6891 1998 3737 171 2493 4332 3732 409 3822 2011 5894 2274 4218 3939 1132 6372 419 908 5574 3395 168 4335 4974 2621 7041 1726 4631 7481 2725 6906 1705 2115 1404 4293 1137 2748 1124 4868 3157 3797 6879 402 6071 2448 4341 7202 1319 4759 6961 5745 7006 5981 2579 4479 1101 971 5056 5731 7303 280 5137 1508 1246 5392 4652 2382 639 5776
7250 2647 924 5480 3049 6994 427 6241 5548 598 3499 3860 5194 1856 2340 6624 5186 3441 94 2741 523 7397 3020 4511 256 4265 1254 4907 6647 745 2034 5248 3391 2958 3227 5291 1303 2505 4031 6850 3102 6382 2062 7147 737 4401 6270 5923 6693 5216 1163 6068 3964 3035 3078 3071 7299 3184 477 5297 3928 1363 3044 7318 3172 6270 5109 3326 127 491 2676 2080 6872 3589 1727 109 489 6848 4883 6034
4563 4897 4601 7378 431 6530 2948 6582 2213 2277 4378 6140 2491 7422 4810 4514 5043 1270 339 5169 1760 1866 7249 1132 5454 1475 92 4795 7174 4974 3328 3089 1222 6780 2966 1653 5809 4766 734 6874 5894 3963 4365 884 3884 1674 5397 279 1795 4587 5447 3555 6453 4047 3538 4406 4373 3629 1700 4047 7454 3879 7135 1175 3158 1452 1679 1467 5069 2412 840 3462 5227 5204 3197 1610 5730 7445 740 24
4532 6187 2430 3484 1585 5967 6741 5958 2095 941 1356 900 4819 7342 2075 477 1293 3753 795 6362 5017 486 1175 2743 5689 4372 3204 2770 4316 3944 2794 199 1482 5223 3682 3066 2542 2923 375 4636 2715 1730 5536 6385 423 6462 6861 1716 2714 6507 6929 6582 6992 603 1824 5181 3826 5028 6802 642 323 947 840 1804 5022 3374 3721 63 5148 4096 3550 362 4677 1585 5598 5100 6898 4959 5667 2112
3965 3947 1193 3457 4549 1869 7489 875 5748 5642 368 6070 6589 59 6725 4110 2284 2945 4172 7431 5892 221 6644 1921 658 4742 5872 55 1052 4038 1018 3868 484 1063 6176 3884 2931 5016 3610 30 3158 3977 6099 2246 2888 5323 5207 5171 7119 1878 3954 5511 950 3097 7431 1607 6690 5802 514 241 1191 1531 4109 526 2593 1636 4409 4375 6652 6871 3256 2309 3347 1854 3406 5086 6028 1112 2757 5647
1841 6710 3657 2790 1158 2439 4397 348 740 4910 6940 1930 5292 2400 2455 6737 4036 5715 2463 2039 5085 5719 4347 7284 72 6604 4869 4952 215 6477 1950 2055 4538 4458 3696 5696 6896 592 4895 6487 4353 3186 7268 2145 5586 2222 233 973 6788 2695 3011 3225 913 6209 3008 7337 5312 6728 4788 4378 5705 6737 6432 1594 3694 2627 6141 1941 2071 3535 927 5275 5573 694 6271 3658 1767 6503 4630 1054
1698 6492 4278 2610 5200 6137 1298 3011 5365 6085 7388 2421 4173 5171 4014 6718 6649 2655 1158 71 5041 936 5346 3113 1629 4116 5622 3395 3119 1603 3301 4816 594 6430 6277 5793 3919 75 1303 1783 5011 42 3055 536 5212 7068 7253 4361 1074 7263 4431 4967 698 1128 6931 1179 5244 3905 3425 862 5507 5577 4529 4953 4507 2157 3245 7277 2231 3400 1559 6094 3441 4613 6629 5 3032 5233 3217 2958
3847 6499 6776 4545 127 6206 5723 5370 2610 499 5083 6969 6076 2111 4421 1934 3119 6517 1710 5350 1268 3268 2795 4709 6732 775 3565 1115 6007 6781 2924 2354 5779 2199 5750 4757 905 2824 2626 2366 3322 6560 686 1897 22 3958 3830 3141 1827 5539 7342 3094 158 2636 6654 5741 3410 2718 6856 768 850 1131 3121 6629 3330 222 2737 3086 3045 5363 4303 6367 3274 4989 763 3296 298 3445 5288 2124
1483 5129 5218 1641 6616 3223 6233 1377 5941 4440 2144 6790 5571 4117 4770 1400 4338 7 4485 7383 4221 1287 6249 7494 5127 5863 2141 4277 1807 6280 6400 3290 3908 2969 3782 1875 6192 1366 3251 3484 5806 5395 2773 3876 863 6395 5275 5200 6401 1111 3934 1973 1249 2682 818 5228 7397 1811 2004 1703 590 7255 3844 3350 2724 6477 5224 267 343 975 3750 6148 5221 6522 2523 4935 4268 6649 2634 2020
259 6568 3992 359 601 4810 5586 497 5472 6441 2200 6061 6196 4895 1910 1419 3872 7134 537 4214 6960 4286 1713 3532 2159 3087 966 6427 2235 3599 946 1345 1518 3790 1703 2119 1099 6141 1467 6570 5081 2518 3982 3776 7413 5892 4046 3784 4377 4582 6849 3836 1367 1061 7367 2378 4147 7184 1304 5233 3282 1101 5429 3652 4890 5983 4622 4840 4623 6088 2761 1056 7458 6743 4831 7370 5134 229 2505 862
4810 1853 4697 5029 1765 3415 7406 4763 3098 61 2495 5231 1161 6775 1382 6051 5257 4855 3390 1232 2295 6151 2287 2252 4245 5969 2121 1878 6197 4625 2739 2359 5329 6287 6239 7093 1053 4996 3207 4150 5056 4553 732 5068 3827 2114 2470 1583 5820 5860 2814 614 3362 5100 2865 106 2421 3837 835 1117 7313 2425 2327 5141 63 1065 3585 1115 6060 6791 5264 2467 3843 5995 35 169 6960 2504 604 5280
7215 3417 4745 1928 7369 110 885 2289 3946 1719 2257 2611 2995 4584 251 3057 4500 2688 4171 1912 1978 786 4378 4673 5633 3264 3693 5092 5768 4296 1723 4334 6565 6468 6262 5285 5429 7146 73 1874 217 1181 4484 3211 4616 3587 5120 1616 6274 642 3527 7103 1428 404 4275 7060 3668 468 3503 787 4763 5226 5120 2679 3045 2733 463 973 1231 6887 1698 1447 568 5034 3509 5183 1120 1128 5650 6245
622 1676 5847 2049 932 2622 1608 3451 1941 5110 4237 5555 1687 708 734 4731 2293 1196 5703 3523 583 7401 4969 2 4934 7329 5184 4905 7309 3334 3649 430 3861 847 2478 4792 3468 2937 742 4260 6898 3830 2315 7437 3390 3048 4667 5682 4243 1722 1704 3677 1622 5524 3678 5407 5352 214 1663 5160 2399 5311 4441 5111 6157 5770 2403 977 1206 1996 5236 6956 4678 50 6892 567 1949 2910 6248 6192
4631 451 1220 5104 5974 3750 1862 2677 3963 3524 337 5213 186 3629 2823 5195 1899 4077 5023 1956 4925 2758 1411 2102 1660 802 2668 2460 2564 1415 3 7194 1865 1223 4798 6690 4972 6659 1866 286 1535 1054 4350 1720 4683 7172 6914 5433 2601 4436 7388 25 6046 1299 2126 6557 952 4793 1516 3515 5059 1519 2061 5775 1593 6858 4964 6564 4868 5681 5701 5254 6735 2550 6974 2769 1073 5239 701 2525
1027 588 2549 5924 738 3526 3832 542 818 5347 2908 5876 5717 4968 4150 6161 3177 465 4076 545 6146 2276 4650 4232 3677 4123 7000 3602 714 6552 6126 592 7139 27 6515 6729 3552 1698 7270 4370 5896 2677 1597 4113 6497 4599 2773 2173 3915 6849 1569 2560 476 6219 6791 3005 1693 5142 6606 2406 4193 5231 1849 2684 5257 7215 1912 1309 1412 533 4530 7308 2061 4978 2772 1057 928 4396 3230 3695
2596 4798 6254 1924 3516 4397 4928 4061 2038 4033 6466 5083 615 7167 266 4724 6881 2177 4884 7145 1561 765 6952 2473 4594 1075 3530 5522 5470 5611 1716 6918 1760 6821 1341 4128 2569 6268 688 4607 1652 6005 2189 2266 5671 1306 6989 3904 2334 3224 3548 3894 3988 1851 6366 1082 2925 1247 5455 7246 5709 7170 6663 7469 5342 6855 2948 411 5622 3635 3869 6125 991 4909 7243 6662 6214 6731 1917 1047
2455 5464 3792 5294 7314 1509 6375 1590 2756 4329 1335 7316 2850 6850 7284 692 6204 1583 7454 3178 5217 3822 1802 6208 1230 1544 4221 6295 7127 6137 7341 933 2952 2484 6226 1617 3992 3953 3206 5599 781 3392 5415 3631 2741 4050 3174 297 5633 3127 2326 2201 6948 2979 908 7029 3375 3980 5823 1853 1468 4515 2785 3271 6998 362 4887 2341 3166 6944 440 3947 1688 4706 6429 3280 1255 2102 3576 6887
5228 4753 1588 3527 232 1347 3055 3606 4179 229 5458 5646 3595 7094 269 1944 6307 5155 4284 1973 3451 3575 5919 3990 780 4847 7269 2035 5800 2197 273 3527 6949 712 5905 7180 911 311 2137 5089 539 94 2086 2985 7187 2354 4928 5994 6361 563 466 1163 4138 5236 5152 4917 1434 3772 5803 7233 5968 4928 2111 4269 5639 515 3948 6549 825 4937 2989 215 5030 5075 3199 3569 6280 6978 914 5140
6392 231 5154 3029 5466 2805 6798 5751 6577 3952 5483 3896 1379 6445 664 7018 5811 4612 4918 6635 900 407 5701 5929 4333 251 849 3112 7228 1762 7104 6119 1992 4757 500 6309 62 6149 3411 5490 2600 245 1885 3979 6689 2549 2348 4999 6012 7265 2985 6911 6523 1185 5339 3355 1435 5040 5319 14 6801 4922 6133 145 2178 5484 5305 2239 4132 1216 6580 6731 1460 965 2061 7001 3513 4408 4499 2024
3025 7484 1434 2047 20 5624 4254 307 3163 2072 320 1316 5845 5304 1460 522 3287 6764 1613 7418 6831 692 5501 7143 1656 61 6643 4020 3321 2493 6043 6345 2476 6328 7243 1348 4452 2848 1654 6466 3771 1973 281 2115 7277 592 2637 1915 6208 3101 685 5538 3792 6185 5180 4300 5097 3174 819 7269 5667 5714 6113 6994 4541 4708 841 344 55 2494 6810 2678 3319 5942 4792 1947 6534 6280 2713 5241
732 3397 2130 3376 933 6162 175 4882 1835 7345 4650 1 5558 2115 6995 1451 6822 335 1794 5728 1681 7455 905 3851 5897 4549 4649 3782 3328 7361 374 4060 2110 2503 7435 3042 1164 6461 6775 1851 5157 3925 1851 3215 6039 1345 3517 4212 532 5310 1291 1064 4117 2196 3766 1365 5596 914 5146 275 7126 5519 3186 1735 6873 1972 3629 537 932 1755 2387 6089 5679 3089 655 3069 3286 4171 6132 2669
832 7423 2584 4948 970 6349 6312 5417 6114 2809 5691 4591 827 1377 5178 6552 3348 1306 7088 4280 1912 826 1720 6443 2766 1226 863 6051 5396 6995 1219 5079 5769 3802 1379 5590 1502 190 3506 6467 1851 1696 3558 1529 1924 1235 580 5272 1392 6519 903 3303 6196 2622 2245 1462 2699 3108 6364 594 1454 6435 5672 6074 1588 5902 4163 3090 6092 6520 2056 6794 715 4465 822 2639 5699 254 6762 5942
6772 164 1745 5468 1637 2841 5781 4335 4800 4644 3780 5105 3578 803 3678 5166 6705 340 7107 4148 5711 1662 3441 6426 6127 3114 416 3177 3367 7177 1619 2639 6192 2215 6958 328 5055 5238 3514 1207 2381 7293 6311 4811 595 2489 2476 7299 1680 2082 2798 7391 2595 6238 5168 73 1852 4435 2102 5218 4111 3720 6708 1654 4786 6165 1981 1192 3902 5494 2398 5135 4138 61 2445 4732 1401 3772 3383 1932
5853 6180 674 7299 3770 5841 7372 5621 2775 1973 2190 5737 4544 250 6242 1829 6414 722 3020 1668 5067 4270 5654 1704 4330 6950 5288 5730 3221 22 6513 425 5053 7187 223 1322 5527 94 5794 7154 918 6836 4242 4313 7085 2984 6141 4850 2557 513 6517 6476 3634 3522 7031 6815 2971 3670 5044 6191 3691 4056 6615 1244 2594 6838 1417 621 5783 7211 6626 5553 6546 2219 1217 6130 4054 6210 3479 5463
6722 1348 4438 1707 3721 2820 1021 6692 6490 4916 4234 1532 323 2201 1627 2917 390 3044 2389 5024 1606 1514 3076 651 2584 3145 5632 6638 1854 462 4600 7427 661 389 1633 4382 3208 2653 2425 1049 68 5510 2581 390 210 4207 3306 599 6102 5694 5623 207 6059 50 857 1143 3194 5340 6632 3899 5802 2583 3825 5314 1823 5457 1047 3882 609 3471 4931 7028 1481 11 7418 542 3069 2075 1141 1671
6621 5615 1877 5179 4516 1586 5173 6562 5777 3156 2960 2930 4590 6785 744 6412 4741 1790 2794 4202 4113 224 3729 5593 6586 2498 4986 2154 4573 6126 2676 3693 3092 3405 223 108 4990 4248 5521 2118 7403 980 5048 3345 264 5791 2256 3857 6432 3901 558 3044 2976 3138 7488 2061 5636 4974 3067 2708 2451 4594 5252 5543 498 4326 4502 4339 1073 2522 6457 7328 3501 4004 2024 2617 1146 4279 5325 77
7032 4734 3121 2507 371 1960 3420 6006 6933 5338 65 1884 2431 4168 7426 1781 994 3279 6119 918 5800 5075 7097 652 430 1620 2120 1575 4751 7444 504 4282 4677 2476 5640 5048 4435 411 2405 2720 5748 2470 4603 7031 5489 3380 1311 6482 6658 7429 6252 4957 3856 5848 4460 4285 6320 6580 4712 3570 6523 4067 6703 2552 5394 3694 6451 2328 4105 207 5047 2352 1528 1001 1882 7017 3232 2044 4850 2389
1973 3601 6197 4680 801 3157 316 7120 2236 5027 2041 110 445 1243 1513 5838 4936 463 7018 392 670 3416 1596 2197 4417 3477 565 148 4373 5415 1389 6345 1515 85 3524 2315 2093 3839 786 3180 218 2826 2142 7014 2920 3654 5352 6708 2969 3721 7099 2490 7136 1194 3538 2904 3523 4103 1904 395 2017 3292 5591 2383 2228 466 4698 3173 3156 4335 6352 2225 7161 993 1739 1432 3499 5942 639 5319
2162 6590 308 1797 6635 3845 3553 2657 447 5456 1903 1315 1247 6345 3698 2326 6810 7247 5498 1318 4081 4350 3542 2593 4194 4132 4025 6544 2573 3515 4362 4734 1456 4669 5383 591 7366 1435 2099 6664 6890 4002 479 6988 1698 4176 1813 7360 2774 6163 1177 6854 1864 4718 799 4909 1350 3675 3953 2774 7189 814 6360 7497 4335 4242 587 4200 4528 2685 2215 2769 5538 2693 1108 7236 5720 1772 7095 7345
434 7123 6699 2297 4340 6349 7206 4541 2523 2510 7315 1063 2175 6174 1059 6509 1767 1645 2060 5146 3182 3127 414 1219 5819 1521 7306 2891 2144 5752 2735 2578 5374 785 3726 1066 7133 2283 4458 2155 4792 4272 2070 5819 1797 3128 3679 2415 4773 4591 60 6806 217 6825 6876 6035 7197 6682 277 1841 3785 3012 3270 511 2648 6995 1576 1133 630 6033 2139 4273 1657 4208 2591 2305 7336 6270 4720 3460
3360 3631 2765 3576 2956 992 962 2652 173 1239 3344 2810 3102 6613 3320 4601 4960 4895 5733 5589 2279 372 2361 3935 4579 4952 6240 3266 2573 2311 6725 5932 5941 841 859 1396 1833 1820 2900 857 1910 6243 3666 3863 4208 5837 7316 1667 2083 5548 7255 4362 5919 967 7148 1850 4770 4739 5115 7342 7049 3192 4625 4342 4032 5483 4589 4716 6155 7488 5573 564 5083 590 3279 642 6427 3094 2308 1009
1141 914 4222 5912 732 2722 6613 5502 7460 4227 5343 5861 7418 2468 2702 2802 450 7290 17 6604 6130 4441 6020 2564 5031 650 3205 2809 3743 5512 2669 3735 5277 6891 998 6008 2112 110 4009 923 3189 704 6783 1958 3171 836 4759 2472 626 3628 428 5607 6920 6447 670 4450 7096 3874 6110 2190 737 1279 5924 6013 7021 5774 4520 484 5883 7381 1406 1571 584 7041 2381 2606 6728 7139 5077 6205
2118 4356 4311 1538 2154 4980 4839 1749 1353 3449 2790 941 4727 66 6953 3099 5839 2825 3582 4221 1557 3839 4644 2140 3379 7024 3597 2607 5514 1173 1311 6484 4381 4474 521 6534 1953 4211 7135 2158 159 2424 3098 3737 2489 1403 6835 7179 3079 1768 2752 4635 5607 7395 6774 337 5770 2870 1795 2635 2894 1958 1618 6126 6431 990 5160 7235 5201 4794 744 4211 7217 2694 448 1058 4096 6134 736 7174
402 3487 3160 4860 2233 1285 5196 6854 3006 6991 841 5899 1448 1310 4525 6730 1152 1036 6464 6352 5829 6060 1914 4397 1253 1213 4306 4200 7347 5042 3873 6600 7380 5884 3959 965 7168 506 6670 2673 7496 10 7423 295 172 4447 5876 1323 4334 3692 6526 2662 2251 939 5911 3503 1004 2716 202 7202 257 2926 6301 6489 1309 1611 6305 976 2116 4326 3648 964 3188 3570 1258 3359 6869 7134 4681 3702
0 1 6711
0 2 1149
0 3 4051
0 4 2641
0 5 3087
0 6 3380
0 7 6445
0 8 4169
0 9 5285
0 10 3207
0 11 5270
0 12 5070
0 13 7277
0 14 5147
0 15 7334
0 16 462
0 17 95
0 18 5524
0 19 970
0 20 6238
0 21 4016
0 22 4528
0 23 3849
0 24 3342
0 25 6464
0 26 2055
0 27 3732
0 28 1467
0 29 5218
0 30 6534
0 31 6599
0 32 2946
0 33 6308
0 34 2190
0 35 6836
0 36 2685
0 37 1896
0 38 4015
0 39 6112
0 40 5080
0 41 6404
0 42 7012
0 43 4462
0 44 4994
0 45 5295
0 46 6081
0 47 2374
0 48 2438
0 49 199
0 50 7310
0 51 4406
0 52 590
0 53 1059
0 54 2249
0 55 3312
0 56 2449
0 57 4666
0 58 3701
0 59 1789
0 60 2658
0 61 2924
0 62 1681
0 63 469
0 64 5330
0 65 6449
0 66 5405
0 67 6485
0 68 1006
0 69 1950
0 70 4917
0 71 1934
0 72 5179
0 73 676
0 74 726
0 75 276
0 76 7251
0 77 2326
0 78 7348
0 79 4401
1 2 1164
1 3 519
1 4 5554
1 5 2766
1 6 5898
1 7 1165
1 8 179
1 9 2030
1 10 1048
1 11 5587
1 12 4021
1 13 2861
1 14 6765
1 15 4054
1 16 5683
1 17 1992
1 18 2006
1 19 3618
1 20 2013
1 21 5469
1 22 154
1 23 1428
1 24 7434
1 25 3393
1 26 3866
1 27 459
1 28 5045
1 29 1861
1 30 6208
1 31 3420
1 32 4571
1 33 1439
1 34 6773
1 35 5486
1 36 1644
1 37 547
1 38 291
1 39 7333
1 40 3136
1 41 6409
1 42 3557
1 43 5091
1 44 1537
1 45 5410
1 46 4216
1 47 3485
1 48 4444
1 49 6713
1 50 184
1 51 3852
1 52 7003
1 53 1327
1 54 4077
1 55 5221
1 56 4385
1 57 4416
1 58 2348
1 59 1541
1 60 308
1 61 2980
1 62 5983
1 63 3512
1 64 1591
1 65 5493
1 66 7421
1 67 2452
1 68 5094
1 69 4420
1 70 4938
1 71 6585
1 72 3973
1 73 1114
1 74 4358
1 75 2703
1 76 7308
1 77 540
1 78 2350
1 79 67
2 3 5627
2 4 5714
2 5 6254
2 6 1527
2 7 3295
2 8 4369
2 9 5790
2 10 257
2 11 6954
2 12 1081
2 13 1728
2 14 7328
2 15 7169
2 16 7324
2 17 2123
2 18 5957
2 19 4300
2 20 3500
2 21 2539
2 22 5752
2 23 2324
2 24 4269
2 25 4926
2 26 1726
2 27 4747
2 28 5893
2 29 5440
2 30 6860
2 31 2644
2 32 5977
2 33 4276
2 34 2718
2 35 6307
2 36 2979
2 37 2595
2 38 6030
2 39 1555
2 40 3234
2 41 6174
2 42 7414
2 43 264
2 44 97
2 45 1730
2 46 1015
2 47 4990
2 48 6842
2 49 2777
2 50 1691
2 51 7129
2 52 1780
2 53 2456
2 54 3697
2 55 1958
2 56 693
2 57 4389
2 58 2903
2 59 4115
2 60 559
2 61 1307
2 62 421
2 63 6269
2 64 6913
2 65 674
2 66 831
2 67 2328
2 68 6580
2 69 1770
2 70 144
2 71 2206
2 72 3210
2 73 5497
2 74 1449
2 75 6814
2 76 5660
2 77 137
2 78 5768
2 79 3546
3 4 6801
3 5 3986
3 6 1076
3 7 2741
3 8 2448
3 9 1783
3 10 5941
3 11 7483
3 12 785
3 13 5465
3 14 6443
3 15 1945
3 16 5398
3 17 2033
3 18 985
3 19 196
3 20 6353
3 21 6767
3 22 1846
3 23 6436
3 24 4221
3 25 5737
3 26 3558
3 27 3162
3 28 2550
3 29 5427
3 30 5903
3 31 6093
3 32 803
3 33 5168
3 34 2760
3 35 6127
3 36 896
3 37 1540
3 38 6252
3 39 5886
3 40 45
3 41 3336
3 42 45
3 43 5647
3 44 6474
3 45 2938
3 46 1148
3 47 6380
3 48 7359
3 49 293
3 50 762
3 51 3082
3 52 4313
3 53 2102
3 54 2800
3 55 2592
3 56 2313
3 57 4149
3 58 3776
3 59 2654
3 60 4720
3 61 6477
3 62 4825
3 63 6670
3 64 756
3 65 6153
3 66 4733
3 67 878
3 68 4058
3 69 1165
3 70 1169
3 71 1052
3 72 1034
3 73 3541
3 74 7495
3 75 6410
3 76 1989
3 77 1933
3 78 946
3 79 2848
4 5 5768
4 6 922
4 7 937
4 8 2249
4 9 2481
4 10 3203
4 11 6020
4 12 5982
4 13 1954
4 14 3214
4 15 4772
4 16 4365
4 17 6360
4 18 4925
4 19 3955
4 20 358
4 21 6975
4 22 4074
4 23 781
4 24 3109
4 25 1086
4 26 5762
4 27 1916
4 28 5509
4 29 2820
4 30 3520
4 31 2196
4 32 5704
4 33 4386
4 34 6065
4 35 2252
4 36 1914
4 37 5405
4 38 7341
4 39 1364
4 40 798
4 41 1759
4 42 7257
4 43 7357
4 44 5247
4 45 5339
4 46 2767
4 47 6854
4 48 7441
4 49 2950
4 50 2283
4 51 3779
4 52 5778
4 53 386
4 54 6719
4 55 7418
4 56 3049
4 57 3130
4 58 3054
4 59 6921
4 60 5662
4 61 917
4 62 3645
4 63 7102
4 64 1713
4 65 942
4 66 6603
4 67 7042
4 68 4106
4 69 702
4 70 527
4 71 1044
4 72 1147
4 73 5231
4 74 6011
4 75 4999
4 76 762
4 77 1655
4 78 3889
4 79 6843
5 6 2658
5 7 948
5 8 2707
5 9 4344
5 10 5620
5 11 1487
5 12 4515
5 13 7425
5 14 4407
5 15 2360
5 16 11
5 17 4792
5 18 3477
5 19 2882
5 20 6554
5 21 3170
5 22 1359
5 23 1175
5 24 2311
5 25 1080
5 26 766
5 27 5428
5 28 2800
5 29 3441
5 30 1860
5 31 326
5 32 3362
5 33 345
5 34 2914
5 35 4406
5 36 4301
5 37 1382
5 38 3045
5 39 7427
5 40 5777
5 41 4636
5 42 2424
5 43 3173
5 44 6768
5 45 2632
5 46 3765
5 47 700
5 48 5777
5 49 4167
5 50 1974
5 51 861
5 52 6351
5 53 3285
5 54 2501
5 55 4953
5 56 1921
5 57 6170
5 58 2356
5 59 7270
5 60 7307
5 61 453
5 62 3061
5 63 900
5 64 7399
5 65 1378
5 66 2693
5 67 6998
5 68 3331
5 69 1142
5 70 3696
5 71 5459
5 72 4739
5 73 163
5 74 4822
5 75 68
5 76 36
5 77 5902
5 78 523
5 79 4432
6 7 2070
6 8 1145
6 9 5751
6 10 4009
6 11 2275
6 12 5116
6 13 1449
6 14 2938
6 15 6054
6 16 4632
6 17 736
6 18 5706
6 19 5218
6 20 3867
6 21 2259
6 22 3864
6 23 4311
6 24 6794
6 25 4501
6 26 2995
6 27 7304
6 28 2949
6 29 2536
6 30 6290
6 31 337
6 32 1020
6 33 6971
6 34 695
6 35 2184
6 36 631
6 37 3062
6 38 6474
6 39 2002
6 40 138
6 41 421
6 42 3481
6 43 1445
6 44 328
6 45 3666
6 46 2774
6 47 1390
6 48 2778
6 49 722
6 50 3252
6 51 6884
6 52 5052
6 53 876
6 54 6374
6 55 7496
6 56 7084
6 57 7346
6 58 639
6 59 845
6 60 2974
6 61 6435
6 62 6216
6 63 7244
6 64 6387
6 65 3817
6 66 2222
6 67 4872
6 68 3350
6 69 354
6 70 7476
6 71 85
6 72 7116
6 73 327
6 74 71
6 75 6424
6 76 3384
6 77 143
6 78 3385
6 79 2445
7 8 6703
7 9 2113
7 10 813
7 11 6401
7 12 4082
7 13 6384
7 14 5954
7 15 1320
7 16 5249
7 17 3526
7 18 1668
7 19 864
7 20 6658
7 21 6003
7 22 7244
7 23 1369
7 24 6059
7 25 5573
7 26 1816
7 27 3533
7 28 1430
7 29 158
7 30 236
7 31 4303
7 32 1975
7 33 2156
7 34 1629
7 35 6398
7 36 1728
7 37 2180
7 38 3550
7 39 5620
7 40 5880
7 41 331
7 42 5869
7 43 2648
7 44 3984
7 45 6033
7 46 3134
7 47 7407
7 48 2016
7 49 6455
7 50 2784
7 51 3282
7 52 6807
7 53 4834
7 54 361
7 55 3815
7 56 4350
7 57 2991
7 58 5713
7 59 2516
7 60 943
7 61 4118
7 62 2736
7 63 6888
7 64 4938
7 65 6098
7 66 249
7 67 3585
7 68 5045
7 69 1262
7 70 1575
7 71 1849
7 72 6926
7 73 7494
7 74 1829
7 75 5037
7 76 2409
7 77 4551
7 78 4530
7 79 6450
8 9 7484
8 10 7393
8 11 5779
8 12 7287
8 13 2098
8 14 6431
8 15 3828
8 16 7300
8 17 4471
8 18 6094
8 19 1154
8 20 422
8 21 4136
8 22 6410
8 23 6613
8 24 1984
8 25 1758
8 26 6828
8 27 3056
8 28 1062
8 29 5365
8 30 6530
8 31 7124
8 32 2649
8 33 4974
8 34 596
8 35 2576
8 36 7392
8 37 3692
8 38 6728
8 39 1864
8 40 1900
8 41 791
8 42 1361
8 43 4396
8 44 351
8 45 1266
8 46 1657
8 47 4561
8 48 2686
8 49 3251
8 50 5864
8 51 3150
8 52 3889
8 53 2260
8 54 998
8 55 3179
8 56 6595
8 57 1828
8 58 6666
8 59 581
8 60 7335
8 61 5248
8 62 439
8 63 2352
8 64 2045
8 65 4109
8 66 2780
8 67 3867
8 68 5452
8 69 1136
8 70 1600
8 71 697
8 72 7134
8 73 6353
8 74 99
8 75 5816
8 76 130
8 77 6628
8 78 3575
8 79 1396
9 10 4784
9 11 3731
9 12 4114
9 13 4436
9 14 5074
9 15 7365
9 16 1237
9 17 5070
9 18 1937
9 19 7169
9 20 3354
9 21 820
9 22 6751
9 23 607
9 24 6629
9 25 7295
9 26 6358
9 27 2827
9 28 2473
9 29 3888
9 30 5333
9 31 4422
9 32 2017
9 33 6290
9 34 4765
9 35 5988
9 36 1646
9 37 658
9 38 4457
9 39 2572
9 40 2118
9 41 6349
9 42 4743
9 43 2797
9 44 289
9 45 3817
9 46 640
9 47 2393
9 48 434
9 49 5461
9 50 5992
9 51 2372
9 52 959
9 53 7385
9 54 4293
9 55 5556
9 56 4823
9 57 5088
9 58 4931
9 59 5836
9 60 4772
9 61 1043
9 62 1743
9 63 5770
9 64 3468
9 65 6225
9 66 5383
9 67 949
9 68 2977
9 69 1960
9 70 3289
9 71 3882
9 72 2123
9 73 6732
9 74 705
9 75 2475
9 76 7219
9 77 7442
9 78 5803
9 79 2488
10 11 793
10 12 2582
10 13 13
10 14 3868
10 15 4362
10 16 1610
10 17 3546
10 18 4817
10 19 4664
10 20 4073
10 21 1615
10 22 1047
10 23 1416
10 24 1646
10 25 5550
10 26 341
10 27 4197
10 28 3869
10 29 5303
10 30 6050
10 31 3767
10 32 18
10 33 3353
10 34 3184
10 35 234
10 36 3587
10 37 4008
10 38 2033
10 39 3324
10 40 3993
10 41 6662
10 42 6568
10 43 6106
10 44 6419
10 45 2024
10 46 4924
10 47 2830
10 48 2157
10 49 1127
10 50 4402
10 51 3949
10 52 2060
10 53 2825
10 54 4730
10 55 269
10 56 22
10 57 4407
10 58 1641
10 59 876
10 60 6920
10 61 3231
10 62 6392
10 63 6988
10 64 2446
10 65 5241
10 66 826
10 67 5040
10 68 7348
10 69 5829
10 70 6512
10 71 4651
10 72 3232
10 73 3325
10 74 3422
10 75 3134
10 76 4803
10 77 4888
10 78 2628
10 79 2447
11 12 4988
11 13 2124
11 14 5931
11 15 6403
11 16 27
11 17 558
11 18 1032
11 19 3275
11 20 4470
11 21 6838
11 22 2151
11 23 2083
11 24 5391
11 25 852
11 26 2696
11 27 3295
11 28 2336
11 29 3701
11 30 5081
11 31 5395
11 32 5037
11 33 2996
11 34 1364
11 35 535
11 36 3073
11 37 5075
11 38 48
11 39 2380
11 40 5479
11 41 4808
11 42 5380
11 43 7210
11 44 6019
11 45 6184
11 46 2568
11 47 57
11 48 234
11 49 3876
11 50 5878
11 51 6282
11 52 1987
11 53 4377
11 54 2365
11 55 6323
11 56 191
11 57 6222
11 58 3083
11 59 3489
11 60 7044
11 61 2904
11 62 3954
11 63 1066
11 64 3717
11 65 4635
11 66 7056
11 67 2396
11 68 6124
11 69 2427
11 70 4879
11 71 183
11 72 1435
11 73 1991
11 74 3686
11 75 3822
11 76 6502
11 77 4191
11 78 1038
11 79 4845
12 13 402
12 14 5699
12 15 4247
12 16 350
12 17 6217
12 18 2710
12 19 580
12 20 6368
12 21 648
12 22 5383
12 23 4040
12 24 5266
12 25 6133
12 26 3700
12 27 6064
12 28 2127
12 29 3024
12 30 5273
12 31 6123
12 32 344
12 33 6101
12 34 6139
12 35 4796
12 36 46
12 37 3568
12 38 7480
12 39 4836
12 40 2000
12 41 6052
12 42 1990
12 43 5596
12 44 1284
12 45 2145
12 46 6092
12 47 2382
12 48 4459
12 49 7191
12 50 5367
12 51 6954
12 52 133
12 53 2192
12 54 1980
12 55 5356
12 56 1846
12 57 7382
12 58 7375
12 59 6803
12 60 5447
12 61 5418
12 62 1066
12 63 7029
12 64 134
12 65 7472
12 66 3706
12 67 2263
12 68 150
12 69 2802
12 70 1684
12 71 2664
12 72 3416
12 73 6216
12 74 6874
12 75 2152
12 76 5817
12 77 5414
12 78 6720
12 79 3758
13 14 4162
13 15 3704
13 16 858
13 17 1908
13 18 1772
13 19 840
13 20 4218
13 21 6985
13 22 4900
13 23 7479
13 24 1422
13 25 6796
13 26 1050
13 27 4323
13 28 2152
13 29 5974
13 30 2013
13 31 4383
13 32 644
13 33 1581
13 34 3499
13 35 4722
13 36 3627
13 37 5552
13 38 110
13 39 3002
13 40 6511
13 41 120
13 42 5859
13 43 6682
13 44 3874
13 45 5674
13 46 6184
13 47 107
13 48 197
13 49 594
13 50 1812
13 51 2762
13 52 7225
13 53 5316
13 54 5195
13 55 216
13 56 1966
13 57 3118
13 58 2480
13 59 7185
13 60 6305
13 61 2442
13 62 6765
13 63 3167
13 64 1940
13 65 2008
13 66 6779
13 67 540
13 68 3287
13 69 4040
13 70 4376
13 71 4038
13 72 1145
13 73 5517
13 74 7157
13 75 1329
13 76 1911
13 77 2302
13 78 4022
13 79 5840
14 15 5784
14 16 7415
14 17 2821
14 18 1768
14 19 4013
14 20 4791
14 21 265
14 22 6081
14 23 6187
14 24 2736
14 25 1797
14 26 3157
14 27 5538
14 28 2586
14 29 7481
14 30 6872
14 31 6476
14 32 2177
14 33 6092
14 34 5606
14 35 1102
14 36 2344
14 37 1929
14 38 6830
14 39 3872
14 40 5310
14 41 4981
14 42 5931
14 43 2979
14 44 3929
14 45 7145
14 46 1223
14 47 1437
14 48 5620
14 49 6195
14 50 337
14 51 4325
14 52 6366
14 53 1308
14 54 4572
14 55 6613
14 56 7403
14 57 1051
14 58 7111
14 59 5701
14 60 6988
14 61 4542
14 62 1669
14 63 2962
14 64 3710
14 65 2364
14 66 304
14 67 4430
14 68 3145
14 69 3717
14 70 1119
14 71 1449
14 72 5773
14 73 6855
14 74 5379
14 75 6625
14 76 604
14 77 3281
14 78 996
14 79 2059
15 16 6749
15 17 6455
15 18 166
15 19 5074
15 20 472
15 21 2378
15 22 1822
15 23 1463
15 24 4028
15 25 4329
15 26 3576
15 27 4477
15 28 5971
15 29 6450
15 30 5350
15 31 1874
15 32 1985
15 33 3002
15 34 1915
15 35 4313
15 36 716
15 37 1680
15 38 1868
15 39 1483
15 40 2811
15 41 6653
15 42 615
15 43 1916
15 44 1589
15 45 3754
15 46 7076
15 47 2888
15 48 5307
15 49 2562
15 50 5316
15 51 959
15 52 6064
15 53 6272
15 54 4632
15 55 4029
15 56 4916
15 57 4031
15 58 5662
15 59 3467
15 60 4514
15 61 5540
15 62 4199
15 63 4500
15 64 4520
15 65 579
15 66 5287
15 67 6069
15 68 1879
15 69 1984
15 70 2797
15 71 3007
15 72 546
15 73 3446
15 74 3186
15 75 3661
15 76 4335
15 77 3139
15 78 331
15 79 1891
16 17 6051
16 18 6036
16 19 561
16 20 6539
16 21 6000
16 22 6652
16 23 5887
16 24 360
16 25 1694
16 26 2842
16 27 920
16 28 3929
16 29 7055
16 30 6288
16 31 4909
16 32 3587
16 33 7202
16 34 6148
16 35 3282
16 36 1553
16 37 3913
16 38 3078
16 39 2862
16 40 6434
16 41 4946
16 42 7138
16 43 777
16 44 2471
16 45 837
16 46 5420
16 47 5991
16 48 555
16 49 1331
16 50 4806
16 51 2093
16 52 6394
16 53 5913
16 54 4859
16 55 3111
16 56 3533
16 57 4418
16 58 4125
16 59 4439
16 60 3229
16 61 5557
16 62 2371
16 63 1505
16 64 1091
16 65 7332
16 66 7448
16 67 4753
16 68 4484
16 69 6015
16 70 3291
16 71 5633
16 72 7385
16 73 1344
16 74 6596
16 75 807
16 76 1261
16 77 2324
16 78 1762
16 79 3112
17 18 6664
17 19 1247
17 20 2570
17 21 4303
17 22 6867
17 23 1394
17 24 2145
17 25 7183
17 26 928
17 27 4889
17 28 4512
17 29 1199
17 30 3410
17 31 7106
17 32 6203
17 33 6874
17 34 4512
17 35 3328
17 36 3174
17 37 5486
17 38 650
17 39 1753
17 40 5257
17 41 3675
17 42 1313
17 43 5059
17 44 5610
17 45 651
17 46 7483
17 47 4394
17 48 678
17 49 2902
17 50 2091
17 51 3622
17 52 4062
17 53 6657
17 54 7339
17 55 6357
17 56 1196
17 57 2631
17 58 1297
17 59 4888
17 60 4149
17 61 6130
17 62 4647
17 63 2816
17 64 5642
17 65 716
17 66 3298
17 67 4349
17 68 3649
17 69 2274
17 70 2117
17 71 7433
17 72 2512
17 73 4673
17 74 1603
17 75 919
17 76 6450
17 77 1235
17 78 1422
17 79 6623
18 19 1119
18 20 5000
18 21 3028
18 22 1980
18 23 4204
18 24 2662
18 25 4235
18 26 984
18 27 4009
18 28 758
18 29 5420
18 30 2714
18 31 75
18 32 5669
18 33 6850
18 34 6264
18 35 4629
18 36 2588
18 37 5610
18 38 5683
18 39 172
18 40 6336
18 41 1142
18 42 2503
18 43 3179
18 44 964
18 45 3788
18 46 4319
18 47 6477
18 48 4211
18 49 6129
18 50 5146
18 51 5588
18 52 1117
18 53 2504
18 54 3713
18 55 4199
18 56 5932
18 57 71
18 58 693
18 59 3046
18 60 4347
18 61 5334
18 62 900
18 63 1355
18 64 1488
18 65 6935
18 66 945
18 67 4569
18 68 70
18 69 6564
18 70 1098
18 71 4033
18 72 7454
18 73 6815
18 74 6205
18 75 1155
18 76 6897
18 77 1920
18 78 1001
18 79 4257
19 20 2109
19 21 6824
19 22 6416
19 23 2818
19 24 1168
19 25 6822
19 26 3995
19 27 6998
19 28 5162
19 29 2299
19 30 6376
19 31 5768
19 32 1292
19 33 3772
19 34 2313
19 35 3632
19 36 1923
19 37 6326
19 38 4551
19 39 6175
19 40 2375
19 41 5688
19 42 202
19 43 522
19 44 2849
19 45 580
19 46 5124
19 47 6347
19 48 6534
19 49 1206
19 50 1998
19 51 4619
19 52 5496
19 53 4757
19 54 3938
19 55 7116
19 56 6631
19 57 4033
19 58 2988
19 59 3547
19 60 5077
19 61 59
19 62 1825
19 63 1614
19 64 375
19 65 1056
19 66 5360
19 67 5143
19 68 469
19 69 5901
19 70 3534
19 71 2070
19 72 2171
19 73 7199
19 74 860
19 75 2345
19 76 5075
19 77 1136
19 78 6511
19 79 6609
20 21 3272
20 22 608
20 23 3542
20 24 3338
20 25 5853
20 26 7268
20 27 6106
20 28 3401
20 29 439
20 30 4785
20 31 4048
20 32 6085
20 33 883
20 34 1020
20 35 1321
20 36 5630
20 37 5497
20 38 4575
20 39 2191
20 40 5548
20 41 7354
20 42 1280
20 43 7152
20 44 4438
20 45 5482
20 46 6591
20 47 1350
20 48 3650
20 49 3747
20 50 7329
20 51 2502
20 52 1011
20 53 1898
20 54 887
20 55 3701
20 56 3482
20 57 3102
20 58 865
20 59 792
20 60 6899
20 61 5876
20 62 7154
20 63 2516
20 64 7161
20 65 5677
20 66 1533
20 67 3798
20 68 6379
20 69 5832
20 70 1135
20 71 5051
20 72 3290
20 73 729
20 74 1109
20 75 7161
20 76 6646
20 77 4199
20 78 4113
20 79 7306
21 22 3181
21 23 966
21 24 3863
21 25 4960
21 26 663
21 27 1358
21 28 3026
21 29 4117
21 30 4764
21 31 1822
21 32 6366
21 33 4082
21 34 5869
21 35 2013
21 36 4050
21 37 3959
21 38 6152
21 39 2147
21 40 6243
21 41 4107
21 42 1748
21 43 6406
21 44 2076
21 45 3588
21 46 6719
21 47 2914
21 48 5742
21 49 1298
21 50 5478
21 51 5444
21 52 5129
21 53 6961
21 54 4529
21 55 5146
21 56 64
21 57 380
21 58 4920
21 59 6584
21 60 11
21 61 5185
21 62 5784
21 63 2517
21 64 5296
21 65 6987
21 66 5976
21 67 3005
21 68 5683
21 69 6236
21 70 2924
21 71 2539
21 72 4485
21 73 3650
21 74 7407
21 75 251
21 76 3107
21 77 4349
21 78 2589
21 79 5415
22 23 883
22 24 1362
22 25 1183
22 26 2962
22 27 4534
22 28 7280
22 29 4429
22 30 1796
22 31 2940
22 32 2170
22 33 7029
22 34 466
22 35 4411
22 36 2877
22 37 1883
22 38 6236
22 39 3395
22 40 974
22 41 3314
22 42 1646
22 43 3335
22 44 6656
22 45 2595
22 46 529
22 47 4099
22 48 7231
22 49 2821
22 50 3965
22 51 1565
22 52 5583
22 53 5335
22 54 3915
22 55 4414
22 56 4658
22 57 175
22 58 6925
22 59 6580
22 60 2625
22 61 4734
22 62 4911
22 63 3554
22 64 3810
22 65 1392
22 66 3809
22 67 5967
22 68 5255
22 69 5060
22 70 3883
22 71 5409
22 72 1051
22 73 6195
22 74 445
22 75 3111
22 76 4651
22 77 3925
22 78 528
22 79 4405
23 24 4055
23 25 3464
23 26 1251
23 27 7458
23 28 3435
23 29 5878
23 30 5842
23 31 7209
23 32 1869
23 33 5072
23 34 1380
23 35 3085
23 36 7378
23 37 6942
23 38 4690
23 39 3595
23 40 7345
23 41 6812
23 42 6691
23 43 5304
23 44 4286
23 45 1294
23 46 7466
23 47 872
23 48 5756
23 49 1851
23 50 4328
23 51 4516
23 52 2148
23 53 4611
23 54 5506
23 55 6934
23 56 5466
23 57 5297
23 58 4365
23 59 6133
23 60 5632
23 61 1482
23 62 7280
23 63 5135
23 64 4851
23 65 2874
23 66 977
23 67 5883
23 68 2698
23 69 1313
23 70 1401
23 71 3757
23 72 4694
23 73 2874
23 74 3504
23 75 413
23 76 6636
23 77 4936
23 78 802
23 79 2155
24 25 7259
24 26 7329
24 27 3769
24 28 2711
24 29 6408
24 30 3726
24 31 2473
24 32 7174
24 33 387
24 34 76
24 35 1757
24 36 3229
24 37 85
24 38 5011
24 39 937
24 40 6537
24 41 2397
24 42 282
24 43 2281
24 44 2835
24 45 4719
24 46 1496
24 47 5394
24 48 6856
24 49 1420
24 50 1021
24 51 5123
24 52 1772
24 53 3764
24 54 4945
24 55 5299
24 56 4248
24 57 551
24 58 4063
24 59 5225
24 60 2870
24 61 3661
24 62 985
24 63 3239
24 64 6185
24 65 4975
24 66 5538
24 67 2806
24 68 6657
24 69 6590
24 70 2622
24 71 5786
24 72 2286
24 73 1601
24 74 518
24 75 3450
24 76 619
24 77 6605
24 78 16
24 79 795
25 26 5852
25 27 4757
25 28 7218
25 29 2549
25 30 5484
25 31 679
25 32 3730
25 33 6325
25 34 5300
25 35 2568
25 36 6102
25 37 556
25 38 3330
25 39 7175
25 40 854
25 41 7249
25 42 5089
25 43 1946
25 44 3419
25 45 1384
25 46 4985
25 47 7210
25 48 1026
25 49 4933
25 50 5311
25 51 2345
25 52 3720
25 53 1983
25 54 264
25 55 598
25 56 977
25 57 6675
25 58 3703
25 59 2224
25 60 4466
25 61 6227
25 62 4521
25 63 868
25 64 3322
25 65 2074
25 66 4652
25 67 2747
25 68 5022
25 69 6772
25 70 4090
25 71 5255
25 72 6567
25 73 2483
25 74 3252
25 75 94
25 76 6017
25 77 7371
25 78 2459
25 79 7434
26 27 6538
26 28 3467
26 29 5276
26 30 2263
26 31 1146
26 32 5787
26 33 256
26 34 2800
26 35 5673
26 36 943
26 37 192
26 38 6845
26 39 5059
26 40 1744
26 41 7453
26 42 3501
26 43 1387
26 44 382
26 45 4532
26 46 7164
26 47 1883
26 48 2263
26 49 342
26 50 311
26 51 548
26 52 5141
26 53 1140
26 54 6947
26 55 2553
26 56 3919
26 57 6923
26 58 5551
26 59 5737
26 60 6324
26 61 6280
26 62 7296
26 63 2788
26 64 1651
26 65 4824
26 66 6846
26 67 2066
26 68 4962
26 69 6675
26 70 7107
26 71 3303
26 72 788
26 73 2295
26 74 3534
26 75 3621
26 76 1003
26 77 6047
26 78 766
26 79 560
27 28 3314
27 29 4378
27 30 2106
27 31 3701
27 32 7352
27 33 2827
27 34 2306
27 35 687
27 36 206
27 37 782
27 38 1217
27 39 3800
27 40 4506
27 41 1869
27 42 2532
27 43 6540
27 44 311
27 45 6208
27 46 63
27 47 1983
27 48 4134
27 49 4577
27 50 2290
27 51 7235
27 52 5948
27 53 5085
27 54 3770
27 55 1883
27 56 2582
27 57 3750
27 58 6179
27 59 1161
27 60 3909
27 61 6609
27 62 1127
27 63 442
27 64 3604
27 65 755
27 66 484
27 67 7239
27 68 1005
27 69 6095
27 70 3911
27 71 2105
27 72 1932
27 73 1808
27 74 6347
27 75 4803
27 76 1688
27 77 4430
27 78 3854
27 79 4630
28 29 92
28 30 4701
28 31 5874
28 32 5859
28 33 6966
28 34 1856
28 35 2634
28 36 1219
28 37 1165
28 38 4026
28 39 4845
28 40 1618
28 41 4092
28 42 698
28 43 1122
28 44 5606
28 45 2063
28 46 640
28 47 4949
28 48 6166
28 49 2303
28 50 6641
28 51 2184
28 52 852
28 53 1088
28 54 2211
28 55 3909
28 56 2668
28 57 78
28 58 6149
28 59 43
28 60 1264
28 61 4763
28 62 1393
28 63 7253
28 64 4328
28 65 5782
28 66 4694
28 67 382
28 68 1517
28 69 6977
28 70 5105
28 71 5258
28 72 1589
28 73 2488
28 74 4238
28 75 2194
28 76 2339
28 77 5107
28 78 6871
28 79 1493
29 30 4617
29 31 6018
29 32 5443
29 33 3910
29 34 5572
29 35 889
29 36 5624
29 37 2299
29 38 2833
29 39 6301
29 40 5020
29 41 3922
29 42 6802
29 43 1293
29 44 4091
29 45 2371
29 46 1412
29 47 721
29 48 4991
29 49 4017
29 50 6868
29 51 5090
29 52 2403
29 53 3555
29 54 3526
29 55 2508
29 56 2200
29 57 6107
29 58 5660
29 59 6526
29 60 2684
29 61 2309
29 62 7487
29 63 5
29 64 6510
29 65 5744
29 66 6629
29 67 1072
29 68 3221
29 69 4469
29 70 5832
29 71 5495
29 72 3608
29 73 885
29 74 4000
29 75 2869
29 76 157
29 77 982
29 78 5909
29 79 2824
30 31 2710
30 32 1000
30 33 3252
30 34 2221
30 35 6697
30 36 3422
30 37 3869
30 38 3263
30 39 5517
30 40 6947
30 41 2908
30 42 6403
30 43 6344
30 44 911
30 45 6073
30 46 1023
30 47 3653
30 48 1971
30 49 4092
30 50 4727
30 51 7436
30 52 4872
30 53 917
30 54 1483
30 55 3633
30 56 6153
30 57 2097
30 58 7308
30 59 1494
30 60 3396
30 61 2155
30 62 199
30 63 5291
30 64 4062
30 65 2916
30 66 1726
30 67 7141
30 68 3210
30 69 6083
30 70 4693
30 71 4473
30 72 106
30 73 6103
30 74 5213
30 75 5834
30 76 6513
30 77 3230
30 78 5147
30 79 5436
31 32 606
31 33 701
31 34 1405
31 35 6632
31 36 6101
31 37 657
31 38 7428
31 39 5490
31 40 1902
31 41 5150
31 42 1892
31 43 5926
31 44 2824
31 45 5319
31 46 1526
31 47 1030
31 48 1808
31 49 2167
31 50 7274
31 51 5529
31 52 6512
31 53 1667
31 54 1518
31 55 4176
31 56 1451
31 57 1885
31 58 4161
31 59 1950
31 60 816
31 61 6305
31 62 725
31 63 2177
31 64 416
31 65 4595
31 66 3344
31 67 4915
31 68 159
31 69 6498
31 70 3940
31 71 3948
31 72 2702
31 73 6436
31 74 3846
31 75 4049
31 76 5856
31 77 4706
31 78 1540
31 79 1611
32 33 1428
32 34 6200
32 35 6531
32 36 4830
32 37 1547
32 38 6070
32 39 4704
32 40 2229
32 41 6052
32 42 3323
32 43 7253
32 44 3614
32 45 428
32 46 4688
32 47 5405
32 48 478
32 49 2707
32 50 659
32 51 2791
32 52 6130
32 53 7019
32 54 1176
32 55 4919
32 56 1831
32 57 2271
32 58 2423
32 59 2727
32 60 6483
32 61 4559
32 62 3973
32 63 171
32 64 5850
32 65 2479
32 66 2318
32 67 4497
32 68 958
32 69 3350
32 70 7089
32 71 3240
32 72 1942
32 73 4275
32 74 5237
32 75 1752
32 76 1507
32 77 5592
32 78 6476
32 79 1281
33 34 5195
33 35 3834
33 36 380
33 37 6163
33 38 2548
33 39 2322
33 40 483
33 41 1258
33 42 1275
33 43 5641
33 44 3885
33 45 2082
33 46 5054
33 47 2222
33 48 2492
33 49 1354
33 50 6113
33 51 6550
33 52 3720
33 53 5533
33 54 4927
33 55 7255
33 56 3618
33 57 6685
33 58 5396
33 59 2756
33 60 3569
33 61 6023
33 62 2714
33 63 4002
33 64 1950
33 65 5391
33 66 746
33 67 4758
33 68 7355
33 69 2085
33 70 847
33 71 1541
33 72 1703
33 73 7061
33 74 4402
33 75 6582
33 76 6004
33 77 6795
33 78 3552
33 79 5274
34 35 6356
34 36 4915
34 37 4159
34 38 622
34 39 2666
34 40 145
34 41 3397
34 42 5681
34 43 115
34 44 1253
34 45 6408
34 46 3838
34 47 1994
34 48 3832
34 49 5280
34 50 2398
34 51 1325
34 52 292
34 53 7188
34 54 1996
34 55 3619
34 56 4718
34 57 1530
34 58 1169
34 59 5842
34 60 5011
34 61 460
34 62 6215
34 63 3332
34 64 6850
34 65 1856
34 66 2950
34 67 6762
34 68 1163
34 69 4153
34 70 155
34 71 3003
34 72 3841
34 73 5473
34 74 3879
34 75 5135
34 76 5118
34 77 2737
34 78 6898
34 79 6378
35 36 6030
35 37 6845
35 38 2765
35 39 3571
35 40 3908
35 41 4789
35 42 5698
35 43 285
35 44 2526
35 45 4752
35 46 6126
35 47 293
35 48 6831
35 49 74
35 50 6800
35 51 3827
35 52 4888
35 53 4512
35 54 629
35 55 1783
35 56 7157
35 57 1097
35 58 5714
35 59 5097
35 60 3693
35 61 7143
35 62 3585
35 63 4912
35 64 667
35 65 1642
35 66 1641
35 67 2998
35 68 7491
35 69 4384
35 70 6943
35 71 5155
35 72 4088
35 73 1009
35 74 5336
35 75 3040
35 76 7304
35 77 2698
35 78 320
35 79 6302
36 37 3946
36 38 7303
36 39 4763
36 40 2318
36 41 1661
36 42 4224
36 43 3070
36 44 5405
36 45 5832
36 46 1958
36 47 3870
36 48 4047
36 49 6530
36 50 5913
36 51 5704
36 52 6686
36 53 4010
36 54 6587
36 55 6991
36 56 3729
36 57 5808
36 58 7457
36 59 33
36 60 1034
36 61 1979
36 62 883
36 63 6839
36 64 7225
36 65 1876
36 66 2920
36 67 2852
36 68 2228
36 69 5148
36 70 5836
36 71 1570
36 72 3493
36 73 219
36 74 106
36 75 5366
36 76 6115
36 77 1833
36 78 3396
36 79 2129
37 38 4742
37 39 1257
37 40 2934
37 41 6321
37 42 1172
37 43 4180
37 44 7458
37 45 423
37 46 3330
37 47 4602
37 48 7244
37 49 3426
37 50 1163
37 51 3058
37 52 5281
37 53 178
37 54 541
37 55 387
37 56 3246
37 57 7488
37 58 2027
37 59 3924
37 60 1267
37 61 4285
37 62 2692
37 63 6884
37 64 2706
37 65 7145
37 66 6919
37 67 7278
37 68 6740
37 69 6074
37 70 6592
37 71 958
37 72 4519
37 73 6754
37 74 3963
37 75 6233
37 76 5227
37 77 1178
37 78 2108
37 79 2853
38 39 2221
38 40 32
38 41 4050
38 42 5191
38 43 6115
38 44 773
38 45 1575
38 46 43
38 47 1527
38 48 2843
38 49 177
38 50 2070
38 51 3444
38 52 3525
38 53 1511
38 54 1715
38 55 6577
38 56 4223
38 57 1555
38 58 5267
38 59 3380
38 60 4228
38 61 6620
38 62 1251
38 63 1270
38 64 4987
38 65 3372
38 66 3404
38 67 6859
38 68 3718
38 69 3508
38 70 3452
38 71 6030
38 72 4562
38 73 7290
38 74 5458
38 75 6070
38 76 6975
38 77 5306
38 78 3539
38 79 2522
39 40 5724
39 41 4636
39 42 4059
39 43 7407
39 44 4863
39 45 4560
39 46 4850
39 47 7340
39 48 877
39 49 3090
39 50 1650
39 51 7370
39 52 3404
39 53 700
39 54 1954
39 55 5670
39 56 465
39 57 657
39 58 6799
39 59 3651
39 60 2829
39 61 3826
39 62 355
39 63 941
39 64 998
39 65 6417
39 66 3393
39 67 1474
39 68 1665
39 69 5089
39 70 3098
39 71 2648
39 72 6063
39 73 6937
39 74 1570
39 75 873
39 76 353
39 77 3429
39 78 6067
39 79 790
40 41 7251
40 42 6266
40 43 3695
40 44 143
40 45 1263
40 46 6682
40 47 7341
40 48 5626
40 49 3984
40 50 1467
40 51 5853
40 52 1303
40 53 3593
40 54 4616
40 55 452
40 56 6926
40 57 1666
40 58 1049
40 59 4781
40 60 924
40 61 5275
40 62 607
40 63 1933
40 64 74
40 65 2645
40 66 1672
40 67 1583
40 68 4907
40 69 5409
40 70 5037
40 71 5131
40 72 4914
40 73 356
40 74 3508
40 75 4857
40 76 2530
40 77 3387
40 78 4302
40 79 719
41 42 1438
41 43 4766
41 44 3213
41 45 3788
41 46 1726
41 47 6696
41 48 56
41 49 1427
41 50 2474
41 51 1134
41 52 4621
41 53 616
41 54 6325
41 55 490
41 56 7025
41 57 6352
41 58 3424
41 59 1775
41 60 1317
41 61 4958
41 62 6110
41 63 8
41 64 7331
41 65 1337
41 66 920
41 67 5988
41 68 5016
41 69 4043
41 70 809
41 71 5818
41 72 4592
41 73 146
41 74 7139
41 75 6002
41 76 6334
41 77 1701
41 78 6464
41 79 1311
42 43 1995
42 44 7449
42 45 2821
42 46 954
42 47 2743
42 48 1880
42 49 7232
42 50 2735
42 51 2571
42 52 3690
42 53 2504
42 54 2015
42 55 4502
42 56 3984
42 57 4276
42 58 1110
42 59 5645
42 60 1683
42 61 4697
42 62 6505
42 63 5336
42 64 1193
42 65 6285
42 66 7094
42 67 4511
42 68 2415
42 69 3177
42 70 4907
42 71 6997
42 72 1346
42 73 4389
42 74 1393
42 75 2364
42 76 1202
42 77 3415
42 78 5851
42 79 7441
43 44 4021
43 45 1174
43 46 80
43 47 4600
43 48 1754
43 49 4628
43 50 5658
43 51 6902
43 52 5599
43 53 1958
43 54 5175
43 55 269
43 56 2734
43 57 5433
43 58 2638
43 59 5831
43 60 1802
43 61 476
43 62 2892
43 63 2080
43 64 3055
43 65 3805
43 66 2182
43 67 7068
43 68 4700
43 69 6122
43 70 4698
43 71 6453
43 72 1425
43 73 5071
43 74 7461
43 75 2072
43 76 1757
43 77 2496
43 78 4177
43 79 645
44 45 3781
44 46 7296
44 47 5359
44 48 5093
44 49 7239
44 50 3783
44 51 1455
44 52 2071
44 53 5971
44 54 5793
44 55 1894
44 56 6545
44 57 6966
44 58 6002
44 59 4966
44 60 3374
44 61 2447
44 62 4911
44 63 1383
44 64 2862
44 65 3920
44 66 4409
44 67 730
44 68 7106
44 69 3824
44 70 3983
44 71 3466
44 72 719
44 73 2271
44 74 6573
44 75 5866
44 76 5038
44 77 4466
44 78 7469
44 79 2655
45 46 5821
45 47 826
45 48 4448
45 49 6912
45 50 5959
45 51 803
45 52 304
45 53 3172
45 54 7198
45 55 6594
45 56 2881
45 57 68
45 58 3475
45 59 1718
45 60 585
45 61 5126
45 62 3445
45 63 6838
45 64 4062
45 65 3297
45 66 836
45 67 2665
45 68 866
45 69 7365
45 70 1481
45 71 5686
45 72 1621
45 73 2483
45 74 490
45 75 6242
45 76 7423
45 77 6331
45 78 22
45 79 1464
46 47 2121
46 48 5455
46 49 211
46 50 1799
46 51 5307
46 52 6843
46 53 6973
46 54 1353
46 55 2133
46 56 5040
46 57 6887
46 58 3696
46 59 6500
46 60 1528
46 61 5898
46 62 807
46 63 6603
46 64 1178
46 65 5733
46 66 6740
46 67 4639
46 68 530
46 69 2462
46 70 4056
46 71 4569
46 72 7216
46 73 4228
46 74 2115
46 75 3641
46 76 6303
46 77 5485
46 78 260
46 79 4722
47 48 2751
47 49 4413
47 50 5345
47 51 6925
47 52 4514
47 53 6608
47 54 5332
47 55 368
47 56 5334
47 57 6161
47 58 5525
47 59 2442
47 60 896
47 61 2788
47 62 1569
47 63 1444
47 64 1815
47 65 4014
47 66 6258
47 67 3236
47 68 3027
47 69 2045
47 70 3722
47 71 3608
47 72 5859
47 73 355
47 74 2274
47 75 5914
47 76 7278
47 77 3175
47 78 6413
47 79 4518
48 49 1825
48 50 5589
48 51 3320
48 52 1558
48 53 2519
48 54 6056
48 55 3717
48 56 295
48 57 3283
48 58 2514
48 59 1149
48 60 76
48 61 7331
48 62 2272
48 63 6720
48 64 4674
48 65 319
48 66 6831
48 67 4086
48 68 1336
48 69 2193
48 70 5345
48 71 905
48 72 4540
48 73 3992
48 74 1095
48 75 5683
48 76 6065
48 77 2125
48 78 1959
48 79 5329
49 50 92
49 51 1894
49 52 6989
49 53 6661
49 54 3935
49 55 5918
49 56 3818
49 57 3974
49 58 1214
49 59 6761
49 60 4456
49 61 34
49 62 1807
49 63 1560
49 64 1206
49 65 1749
49 66 3888
49 67 719
49 68 6176
49 69 1904
49 70 6436
49 71 2093
49 72 4847
49 73 2461
49 74 6530
49 75 6072
49 76 5515
49 77 4209
49 78 7115
49 79 1289
50 51 2860
50 52 2116
50 53 3234
50 54 327
50 55 417
50 56 4520
50 57 1402
50 58 7308
50 59 4030
50 60 2512
50 61 2840
50 62 4248
50 63 6040
50 64 7026
50 65 4427
50 66 4177
50 67 1555
50 68 4237
50 69 6830
50 70 5549
50 71 5644
50 72 4301
50 73 6884
50 74 3498
50 75 4079
50 76 5323
50 77 5944
50 78 6623
50 79 1877
51 52 6692
51 53 4665
51 54 3794
51 55 1011
51 56 2359
51 57 3945
51 58 5289
51 59 1827
51 60 485
51 61 3900
51 62 3474
51 63 1343
51 64 6247
51 65 2218
51 66 824
51 67 1720
51 68 6953
51 69 3382
51 70 2807
51 71 2628
51 72 2436
51 73 4424
51 74 11
51 75 1165
51 76 5163
51 77 2181
51 78 3246
51 79 135
52 53 1012
52 54 5065
52 55 4150
52 56 1849
52 57 4520
52 58 5700
52 59 7326
52 60 3843
52 61 6250
52 62 2484
52 63 3571
52 64 5607
52 65 5268
52 66 72
52 67 2662
52 68 708
52 69 1410
52 70 4360
52 71 2760
52 72 513
52 73 1642
52 74 4809
52 75 7038
52 76 2579
52 77 7121
52 78 3398
52 79 5266
53 54 980
53 55 6996
53 56 1749
53 57 6462
53 58 2386
53 59 5932
53 60 3634
53 61 3158
53 62 6174
53 63 1709
53 64 5118
53 65 3485
53 66 4736
53 67 2962
53 68 4001
53 69 6193
53 70 2612
53 71 3735
53 72 5549
53 73 4521
53 74 1919
53 75 6031
53 76 1847
53 77 1049
53 78 5339
53 79 2853
54 55 2854
54 56 855
54 57 7147
54 58 5925
54 59 3396
54 60 6330
54 61 1657
54 62 571
54 63 5260
54 64 5343
54 65 4599
54 66 4081
54 67 4413
54 68 4668
54 69 6737
54 70 2910
54 71 4061
54 72 7382
54 73 6432
54 74 6205
54 75 628
54 76 4890
54 77 6451
54 78 6045
54 79 755
55 56 2740
55 57 6611
55 58 3149
55 59 4449
55 60 3477
55 61 6687
55 62 4627
55 63 1502
55 64 5806
55 65 518
55 66 464
55 67 7249
55 68 1133
55 69 2164
55 70 2908
55 71 3563
55 72 5974
55 73 4967
55 74 2752
55 75 789
55 76 3303
55 77 2818
55 78 2075
55 79 2641
56 57 2455
56 58 2594
56 59 2007
56 60 5974
56 61 1040
56 62 2815
56 63 1259
56 64 946
56 65 5605
56 66 6558
56 67 5530
56 68 5936
56 69 6174
56 70 6965
56 71 3275
56 72 6331
56 73 2967
56 74 6351
56 75 3766
56 76 611
56 77 3165
56 78 6457
56 79 6357
57 58 1860
57 59 4666
57 60 4169
57 61 7115
57 62 583
57 63 1560
57 64 4239
57 65 1004
57 66 766
57 67 2198
57 68 1442
57 69 3292
57 70 972
57 71 3180
57 72 1083
57 73 6182
57 74 5349
57 75 2711
57 76 3745
57 77 3472
57 78 6965
57 79 3227
58 59 68
58 60 4476
58 61 7052
58 62 449
58 63 3988
58 64 749
58 65 399
58 66 3739
58 67 3668
58 68 3275
58 69 4618
58 70 2384
58 71 7162
58 72 2893
58 73 1089
58 74 1680
58 75 553
58 76 1988
58 77 5328
58 78 7448
58 79 2731
59 60 4478
59 61 3476
59 62 2315
59 63 1987
59 64 10
59 65 1778
59 66 4021
59 67 7099
59 68 564
59 69 4384
59 70 694
59 71 7250
59 72 3891
59 73 2821
59 74 3448
59 75 3386
59 76 6384
59 77 7492
59 78 4207
59 79 3343
60 61 6285
60 62 5460
60 63 5410
60 64 1071
60 65 3448
60 66 5919
60 67 1742
60 68 4526
60 69 950
60 70 822
60 71 3100
60 72 3674
60 73 1272
60 74 7237
60 75 3347
60 76 1046
60 77 698
60 78 2640
60 79 619
61 62 3431
61 63 6868
61 64 5911
61 65 5222
61 66 4444
61 67 485
61 68 771
61 69 825
61 70 2124
61 71 5813
61 72 5278
61 73 4939
61 74 1493
61 75 3033
61 76 3095
61 77 5546
61 78 6569
61 79 6078
62 63 3725
62 64 6767
62 65 173
62 66 4786
62 67 1040
62 68 4239
62 69 4261
62 70 5022
62 71 3061
62 72 862
62 73 6948
62 74 5242
62 75 6396
62 76 6770
62 77 5904
62 78 1796
62 79 5702
63 64 1648
63 65 7165
63 66 5670
63 67 1098
63 68 2718
63 69 4959
63 70 7397
63 71 1551
63 72 2776
63 73 2355
63 74 2391
63 75 1508
63 76 4418
63 77 3564
63 78 2038
63 79 6127
64 65 6491
64 66 322
64 67 4199
64 68 7068
64 69 5630
64 70 6007
64 71 2748
64 72 3987
64 73 1055
64 74 3744
64 75 5294
64 76 1662
64 77 5161
64 78 6128
64 79 5841
65 66 1088
65 67 749
65 68 1991
65 69 1680
65 70 2066
65 71 4935
65 72 3038
65 73 630
65 74 3410
65 75 3568
65 76 1685
65 77 2608
65 78 1277
65 79 1070
66 67 5170
66 68 3510
66 69 4242
66 70 5370
66 71 5760
66 72 6642
66 73 4562
66 74 897
66 75 1962
66 76 5975
66 77 914
66 78 1580
66 79 2255
67 68 5944
67 69 3306
67 70 2287
67 71 4127
67 72 4936
67 73 6609
67 74 4804
67 75 6410
67 76 5192
67 77 5724
67 78 2421
67 79 6466
68 69 2112
68 70 1789
68 71 181
68 72 6729
68 73 5278
68 74 3340
68 75 1214
68 76 3563
68 77 6038
68 78 5510
68 79 38
69 70 6137
69 71 6741
69 72 2669
69 73 2250
69 74 260
69 75 5569
69 76 6904
69 77 3794
69 78 3224
69 79 6370
70 71 486
70 72 5382
70 73 2788
70 74 5570
70 75 7260
70 76 4067
70 77 2188
70 78 460
70 79 3819
71 72 3046
71 73 5922
71 74 4977
71 75 6863
71 76 512
71 77 1693
71 78 502
71 79 3520
72 73 3930
72 74 1153
72 75 5955
72 76 6458
72 77 4512
72 78 5827
72 79 2557
73 74 6532
73 75 6223
73 76 6716
73 77 6833
73 78 3822
73 79 17
74 75 5577
74 76 6544
74 77 5252
74 78 6755
74 79 3825
75 76 6168
75 77 6582
75 78 1631
75 79 7001
76 77 4758
76 78 1140
76 79 2336
77 78 4883
77 79 4138
78 79 364
