35 80 2528
6279 3042 3683 273 1902 650 5268 3719 1831 2554 5128 5363 1345 1409 4349 3418 5380 6580 2959 1293 3662 7436 4483 4408 1351 2490 5141 5936 1021 2453 2640 7299 4346 6322 6423
6247 6971 4190 2466 154 5595 6445 5516 6940 6705 2364 2857 3436 296 4668 4728 2809 3455 562 6068 4806 1903 3708 2093 2924 5013 4732 2722 710 2405 1645 6957 727 4686 774 880 2781 7218 6396 2220 6422 111 3928 2357 406 1095 5936 2066 4550 6497 634 707 899 3193 2799 2674 705 6382 4248 1415 1286 4744 7223 2012 1929 496 1744 4709 6565 6991 5780 5486 7101 2208 6694 6359 3302 5129 7276 6703
2977 409 7409 2727 3602 2707 5401 3158 1588 2148 3424 1725 6891 1998 3737 171 2493 4332 3732 409 3822 2011 5894 2274 4218 3939 1132 6372 419 908 5574 3395 168 4335 4974 2621 7041 1726 4631 7481 2725 6906 1705 2115 1404 4293 1137 2748 1124 4868 3157 3797 6879 402 6071 2448 4341 7202 1319 4759 6961 5745 7006 5981 2579 4479 1101 971 5056 5731 7303 280 5137 1508 1246 5392 4652 2382 639 5776
7250 2647 924 5480 3049 6994 427 6241 5548 598 3499 3860 5194 1856 2340 6624 5186 3441 94 2741 523 7397 3020 4511 256 4265 1254 4907 6647 745 2034 5248 3391 2958 3227 5291 1303 2505 4031 6850 3102 6382 2062 7147 737 4401 6270 5923 6693 5216 1163 6068 3964 3035 3078 3071 7299 3184 477 5297 3928 1363 3044 7318 3172 6270 5109 3326 127 491 2676 2080 6872 3589 1727 109 489 6848 4883 6034
4563 4897 4601 7378 431 6530 2948 6582 2213 2277 4378 6140 2491 7422 4810 4514 5043 1270 339 5169 1760 1866 7249 1132 5454 1475 92 4795 7174 4974 3328 3089 1222 6780 2966 1653 5809 4766 734 6874 5894 3963 4365 884 3884 1674 5397 279 1795 4587 5447 3555 6453 4047 3538 4406 4373 3629 1700 4047 7454 3879 7135 1175 3158 1452 1679 1467 5069 2412 840 3462 5227 5204 3197 1610 5730 7445 740 24
4532 6187 2430 3484 1585 5967 6741 5958 2095 941 1356 900 4819 7342 2075 477 1293 3753 795 6362 5017 486 1175 2743 5689 4372 3204 2770 4316 3944 2794 199 1482 5223 3682 3066 2542 2923 375 4636 2715 1730 5536 6385 423 6462 6861 1716 2714 6507 6929 6582 6992 603 1824 5181 3826 5028 6802 642 323 947 840 1804 5022 3374 3721 63 5148 4096 3550 362 4677 1585 5598 5100 6898 4959 5667 2112
3965 3947 1193 3457 4549 1869 7489 875 5748 5642 368 6070 6589 59 6725 4110 2284 2945 4172 7431 5892 221 6644 1921 658 4742 5872 55 1052 4038 1018 3868 484 1063 6176 3884 2931 5016 3610 30 3158 3977 6099 2246 2888 5323 5207 5171 7119 1878 3954 5511 950 3097 7431 1607 6690 5802 514 241 1191 1531 4109 526 2593 1636 4409 4375 6652 6871 3256 2309 3347 1854 3406 5086 6028 1112 2757 5647
1841 6710 3657 2790 1158 2439 4397 348 740 4910 6940 1930 5292 2400 2455 6737 4036 5715 2463 2039 5085 5719 4347 7284 72 6604 4869 4952 215 6477 1950 2055 4538 4458 3696 5696 6896 592 4895 6487 4353 3186 7268 2145 5586 2222 233 973 6788 2695 3011 3225 913 6209 3008 7337 5312 6728 4788 4378 5705 6737 6432 1594 3694 2627 6141 1941 2071 3535 927 5275 5573 694 6271 3658 1767 6503 4630 1054
1698 6492 4278 2610 5200 6137 1298 3011 5365 6085 7388 2421 4173 5171 4014 6718 6649 2655 1158 71 5041 936 5346 3113 1629 4116 5622 3395 3119 1603 3301 4816 594 6430 6277 5793 3919 75 1303 1783 5011 42 3055 536 5212 7068 7253 4361 1074 7263 4431 4967 698 1128 6931 1179 5244 3905 3425 862 5507 5577 4529 4953 4507 2157 3245 7277 2231 3400 1559 6094 3441 4613 6629 5 3032 5233 3217 2958
3847 6499 6776 4545 127 6206 5723 5370 2610 499 5083 6969 6076 2111 4421 1934 3119 6517 1710 5350 1268 3268 2795 4709 6732 775 3565 1115 6007 6781 2924 2354 5779 2199 5750 4757 905 2824 2626 2366 3322 6560 686 1897 22 3958 3830 3141 1827 5539 7342 3094 158 2636 6654 5741 3410 2718 6856 768 850 1131 3121 6629 3330 222 2737 3086 3045 5363 4303 6367 3274 4989 763 3296 298 3445 5288 2124
1483 5129 5218 1641 6616 3223 6233 1377 5941 4440 2144 6790 5571 4117 4770 1400 4338 7 4485 7383 4221 1287 6249 7494 5127 5863 2141 4277 1807 6280 6400 3290 3908 2969 3782 1875 6192 1366 3251 3484 5806 5395 2773 3876 863 6395 5275 5200 6401 1111 3934 1973 1249 2682 818 5228 7397 1811 2004 1703 590 7255 3844 3350 2724 6477 5224 267 343 975 3750 6148 5221 6522 2523 4935 4268 6649 2634 2020
259 6568 3992 359 601 4810 5586 497 5472 6441 2200 6061 6196 4895 1910 1419 3872 7134 537 4214 6960 4286 1713 3532 2159 3087 966 6427 2235 3599 946 1345 1518 3790 1703 2119 1099 6141 1467 6570 5081 2518 3982 3776 7413 5892 4046 3784 4377 4582 6849 3836 1367 1061 7367 2378 4147 7184 1304 5233 3282 1101 5429 3652 4890 5983 4622 4840 4623 6088 2761 1056 7458 6743 4831 7370 5134 229 2505 862
4810 1853 4697 5029 1765 3415 7406 4763 3098 61 2495 5231 1161 6775 1382 6051 5257 4855 3390 1232 2295 6151 2287 2252 4245 5969 2121 1878 6197 4625 2739 2359 5329 6287 6239 7093 1053 4996 3207 4150 5056 4553 732 5068 3827 2114 2470 1583 5820 5860 2814 614 3362 5100 2865 106 2421 3837 835 1117 7313 2425 2327 5141 63 1065 3585 1115 6060 6791 5264 2467 3843 5995 35 169 6960 2504 604 5280
7215 3417 4745 1928 7369 110 885 2289 3946 1719 2257 2611 2995 4584 251 3057 4500 2688 4171 1912 1978 786 4378 4673 5633 3264 3693 5092 5768 4296 1723 4334 6565 6468 6262 5285 5429 7146 73 1874 217 1181 4484 3211 4616 3587 5120 1616 6274 642 3527 7103 1428 404 4275 7060 3668 468 3503 787 4763 5226 5120 2679 3045 2733 463 973 1231 6887 1698 1447 568 5034 3509 5183 1120 1128 5650 6245
622 1676 5847 2049 932 2622 1608 3451 1941 5110 4237 5555 1687 708 734 4731 2293 1196 5703 3523 583 7401 4969 2 4934 7329 5184 4905 7309 3334 3649 430 3861 847 2478 4792 3468 2937 742 4260 6898 3830 2315 7437 3390 3048 4667 5682 4243 1722 1704 3677 1622 5524 3678 5407 5352 214 1663 5160 2399 5311 4441 5111 6157 5770 2403 977 1206 1996 5236 6956 4678 50 6892 567 1949 2910 6248 6192
4631 451 1220 5104 5974 3750 1862 2677 3963 3524 337 5213 186 3629 2823 5195 1899 4077 5023 1956 4925 2758 1411 2102 1660 802 2668 2460 2564 1415 3 7194 1865 1223 4798 6690 4972 6659 1866 286 1535 1054 4350 1720 4683 7172 6914 5433 2601 4436 7388 25 6046 1299 2126 6557 952 4793 1516 3515 5059 1519 2061 5775 1593 6858 4964 6564 4868 5681 5701 5254 6735 2550 6974 2769 1073 5239 701 2525
1027 588 2549 5924 738 3526 3832 542 818 5347 2908 5876 5717 4968 4150 6161 3177 465 4076 545 6146 2276 4650 4232 3677 4123 7000 3602 714 6552 6126 592 7139 27 6515 6729 3552 1698 7270 4370 5896 2677 1597 4113 6497 4599 2773 2173 3915 6849 1569 2560 476 6219 6791 3005 1693 5142 6606 2406 4193 5231 1849 2684 5257 7215 1912 1309 1412 533 4530 7308 2061 4978 2772 1057 928 4396 3230 3695
2596 4798 6254 1924 3516 4397 4928 4061 2038 4033 6466 5083 615 7167 266 4724 6881 2177 4884 7145 1561 765 6952 2473 4594 1075 3530 5522 5470 5611 1716 6918 1760 6821 1341 4128 2569 6268 688 4607 1652 6005 2189 2266 5671 1306 6989 3904 2334 3224 3548 3894 3988 1851 6366 1082 2925 1247 5455 7246 5709 7170 6663 7469 5342 6855 2948 411 5622 3635 3869 6125 991 4909 7243 6662 6214 6731 1917 1047
2455 5464 3792 5294 7314 1509 6375 1590 2756 4329 1335 7316 2850 6850 7284 692 6204 1583 7454 3178 5217 3822 1802 6208 1230 1544 4221 6295 7127 6137 7341 933 2952 2484 6226 1617 3992 3953 3206 5599 781 3392 5415 3631 2741 4050 3174 297 5633 3127 2326 2201 6948 2979 908 7029 3375 3980 5823 1853 1468 4515 2785 3271 6998 362 4887 2341 3166 6944 440 3947 1688 4706 6429 3280 1255 2102 3576 6887
5228 4753 1588 3527 232 1347 3055 3606 4179 229 5458 5646 3595 7094 269 1944 6307 5155 4284 1973 3451 3575 5919 3990 780 4847 7269 2035 5800 2197 273 3527 6949 712 5905 7180 911 311 2137 5089 539 94 2086 2985 7187 2354 4928 5994 6361 563 466 1163 4138 5236 5152 4917 1434 3772 5803 7233 5968 4928 2111 4269 5639 515 3948 6549 825 4937 2989 215 5030 5075 3199 3569 6280 6978 914 5140
6392 231 5154 3029 5466 2805 6798 5751 6577 3952 5483 3896 1379 6445 664 7018 5811 4612 4918 6635 900 407 5701 5929 4333 251 849 3112 7228 1762 7104 6119 1992 4757 500 6309 62 6149 3411 5490 2600 245 1885 3979 6689 2549 2348 4999 6012 7265 2985 6911 6523 1185 5339 3355 1435 5040 5319 14 6801 4922 6133 145 2178 5484 5305 2239 4132 1216 6580 6731 1460 965 2061 7001 3513 4408 4499 2024
3025 7484 1434 2047 20 5624 4254 307 3163 2072 320 1316 5845 5304 1460 522 3287 6764 1613 7418 6831 692 5501 7143 1656 61 6643 4020 3321 2493 6043 6345 2476 6328 7243 1348 4452 2848 1654 6466 3771 1973 281 2115 7277 592 2637 1915 6208 3101 685 5538 3792 6185 5180 4300 5097 3174 819 7269 5667 5714 6113 6994 4541 4708 841 344 55 2494 6810 2678 3319 5942 4792 1947 6534 6280 2713 5241
732 3397 2130 3376 933 6162 175 4882 1835 7345 4650 1 5558 2115 6995 1451 6822 335 1794 5728 1681 7455 905 3851 5897 4549 4649 3782 3328 7361 374 4060 2110 2503 7435 3042 1164 6461 6775 1851 5157 3925 1851 3215 6039 1345 3517 4212 532 5310 1291 1064 4117 2196 3766 1365 5596 914 5146 275 7126 5519 3186 1735 6873 1972 3629 537 932 1755 2387 6089 5679 3089 655 3069 3286 4171 6132 2669
832 7423 2584 4948 970 6349 6312 5417 6114 2809 5691 4591 827 1377 5178 6552 3348 1306 7088 4280 1912 826 1720 6443 2766 1226 863 6051 5396 6995 1219 5079 5769 3802 1379 5590 1502 190 3506 6467 1851 1696 3558 1529 1924 1235 580 5272 1392 6519 903 3303 6196 2622 2245 1462 2699 3108 6364 594 1454 6435 5672 6074 1588 5902 4163 3090 6092 6520 2056 6794 715 4465 822 2639 5699 254 6762 5942
6772 164 1745 5468 1637 2841 5781 4335 4800 4644 3780 5105 3578 803 3678 5166 6705 340 7107 4148 5711 1662 3441 6426 6127 3114 416 3177 3367 7177 1619 2639 6192 2215 6958 328 5055 5238 3514 1207 2381 7293 6311 4811 595 2489 2476 7299 1680 2082 2798 7391 2595 6238 5168 73 1852 4435 2102 5218 4111 3720 6708 1654 4786 6165 1981 1192 3902 5494 2398 5135 4138 61 2445 4732 1401 3772 3383 1932
5853 6180 674 7299 3770 5841 7372 5621 2775 1973 2190 5737 4544 250 6242 1829 6414 722 3020 1668 5067 4270 5654 1704 4330 6950 5288 5730 3221 22 6513 425 5053 7187 223 1322 5527 94 5794 7154 918 6836 4242 4313 7085 2984 6141 4850 2557 513 6517 6476 3634 3522 7031 6815 2971 3670 5044 6191 3691 4056 6615 1244 2594 6838 1417 621 5783 7211 6626 5553 6546 2219 1217 6130 4054 6210 3479 5463
6722 1348 4438 1707 3721 2820 1021 6692 6490 4916 4234 1532 323 2201 1627 2917 390 3044 2389 5024 1606 1514 3076 651 2584 3145 5632 6638 1854 462 4600 7427 661 389 1633 4382 3208 2653 2425 1049 68 5510 2581 390 210 4207 3306 599 6102 5694 5623 207 6059 50 857 1143 3194 5340 6632 3899 5802 2583 3825 5314 1823 5457 1047 3882 609 3471 4931 7028 1481 11 7418 542 3069 2075 1141 1671
6621 5615 1877 5179 4516 1586 5173 6562 5777 3156 2960 2930 4590 6785 744 6412 4741 1790 2794 4202 4113 224 3729 5593 6586 2498 4986 2154 4573 6126 2676 3693 3092 3405 223 108 4990 4248 5521 2118 7403 980 5048 3345 264 5791 2256 3857 6432 3901 558 3044 2976 3138 7488 2061 5636 4974 3067 2708 2451 4594 5252 5543 498 4326 4502 4339 1073 2522 6457 7328 3501 4004 2024 2617 1146 4279 5325 77
7032 4734 3121 2507 371 1960 3420 6006 6933 5338 65 1884 2431 4168 7426 1781 994 3279 6119 918 5800 5075 7097 652 430 1620 2120 1575 4751 7444 504 4282 4677 2476 5640 5048 4435 411 2405 2720 5748 2470 4603 7031 5489 3380 1311 6482 6658 7429 6252 4957 3856 5848 4460 4285 6320 6580 4712 3570 6523 4067 6703 2552 5394 3694 6451 2328 4105 207 5047 2352 1528 1001 1882 7017 3232 2044 4850 2389
1973 3601 6197 4680 801 3157 316 7120 2236 5027 2041 110 445 1243 1513 5838 4936 463 7018 392 670 3416 1596 2197 4417 3477 565 148 4373 5415 1389 6345 1515 85 3524 2315 2093 3839 786 3180 218 2826 2142 7014 2920 3654 5352 6708 2969 3721 7099 2490 7136 1194 3538 2904 3523 4103 1904 395 2017 3292 5591 2383 2228 466 4698 3173 3156 4335 6352 2225 7161 993 1739 1432 3499 5942 639 5319
2162 6590 308 1797 6635 3845 3553 2657 447 5456 1903 1315 1247 6345 3698 2326 6810 7247 5498 1318 4081 4350 3542 2593 4194 4132 4025 6544 2573 3515 4362 4734 1456 4669 5383 591 7366 1435 2099 6664 6890 4002 479 6988 1698 4176 1813 7360 2774 6163 1177 6854 1864 4718 799 4909 1350 3675 3953 2774 7189 814 6360 7497 4335 4242 587 4200 4528 2685 2215 2769 5538 2693 1108 7236 5720 1772 7095 7345
434 7123 6699 2297 4340 6349 7206 4541 2523 2510 7315 1063 2175 6174 1059 6509 1767 1645 2060 5146 3182 3127 414 1219 5819 1521 7306 2891 2144 5752 2735 2578 5374 785 3726 1066 7133 2283 4458 2155 4792 4272 2070 5819 1797 3128 3679 2415 4773 4591 60 6806 217 6825 6876 6035 7197 6682 277 1841 3785 3012 3270 511 2648 6995 1576 1133 630 6033 2139 4273 1657 4208 2591 2305 7336 6270 4720 3460
3360 3631 2765 3576 2956 992 962 2652 173 1239 3344 2810 3102 6613 3320 4601 4960 4895 5733 5589 2279 372 2361 3935 4579 4952 6240 3266 2573 2311 6725 5932 5941 841 859 1396 1833 1820 2900 857 1910 6243 3666 3863 4208 5837 7316 1667 2083 5548 7255 4362 5919 967 7148 1850 4770 4739 5115 7342 7049 3192 4625 4342 4032 5483 4589 4716 6155 7488 5573 564 5083 590 3279 642 6427 3094 2308 1009
1141 914 4222 5912 732 2722 6613 5502 7460 4227 5343 5861 7418 2468 2702 2802 450 7290 17 6604 6130 4441 6020 2564 5031 650 3205 2809 3743 5512 2669 3735 5277 6891 998 6008 2112 110 4009 923 3189 704 6783 1958 3171 836 4759 2472 626 3628 428 5607 6920 6447 670 4450 7096 3874 6110 2190 737 1279 5924 6013 7021 5774 4520 484 5883 7381 1406 1571 584 7041 2381 2606 6728 7139 5077 6205
2118 4356 4311 1538 2154 4980 4839 1749 1353 3449 2790 941 4727 66 6953 3099 5839 2825 3582 4221 1557 3839 4644 2140 3379 7024 3597 2607 5514 1173 1311 6484 4381 4474 521 6534 1953 4211 7135 2158 159 2424 3098 3737 2489 1403 6835 7179 3079 1768 2752 4635 5607 7395 6774 337 5770 2870 1795 2635 2894 1958 1618 6126 6431 990 5160 7235 5201 4794 744 4211 7217 2694 448 1058 4096 6134 736 7174
402 3487 3160 4860 2233 1285 5196 6854 3006 6991 841 5899 1448 1310 4525 6730 1152 1036 6464 6352 5829 6060 1914 4397 1253 1213 4306 4200 7347 5042 3873 6600 7380 5884 3959 965 7168 506 6670 2673 7496 10 7423 295 172 4447 5876 1323 4334 3692 6526 2662 2251 939 5911 3503 1004 2716 202 7202 257 2926 6301 6489 1309 1611 6305 976 2116 4326 3648 964 3188 3570 1258 3359 6869 7134 4681 3702
0 1 6188
0 2 2500
0 3 5545
0 4 908
0 5 5472
0 6 5002
0 7 5073
0 8 734
0 9 4808
0 10 4355
0 11 2970
0 12 2653
0 13 7210
0 15 3021
0 18 7429
0 19 4756
0 21 1527
0 23 6999
0 24 4376
0 25 7383
0 26 1440
0 27 3178
0 28 7220
0 29 1086
0 30 4891
0 32 4069
0 33 3147
0 34 5472
0 36 1988
0 38 2901
0 39 3973
0 40 3682
0 41 4355
0 43 2725
0 44 2679
0 45 3944
0 46 640
0 47 2815
0 48 6149
0 49 2099
0 50 6087
0 51 4142
0 56 381
0 57 1448
0 58 7011
0 59 5862
0 60 43
0 61 7429
0 64 3971
0 65 6605
0 66 3360
0 67 2225
0 68 2775
0 69 5367
0 71 1866
0 73 6841
0 74 7272
0 75 5136
0 76 7371
0 77 884
0 78 1138
1 2 6976
1 3 4308
1 6 7017
1 7 4668
1 8 6075
1 9 1694
1 10 1628
1 11 90
1 12 604
1 13 5342
1 14 206
1 15 6466
1 16 4359
1 17 2544
1 18 4419
1 19 5261
1 20 4529
1 21 2521
1 22 2552
1 23 1520
1 25 2065
1 27 4475
1 28 270
1 29 627
1 31 832
1 32 3138
1 33 3649
1 34 3634
1 35 4138
1 36 4283
1 37 1533
1 38 5588
1 40 4128
1 41 4914
1 42 6864
1 45 6141
1 46 268
1 47 6428
1 49 5718
1 50 6392
1 51 5001
1 52 7240
1 53 5881
1 54 4706
1 55 6407
1 56 4341
1 57 5772
1 58 6461
1 60 7045
1 62 4537
1 63 3962
1 64 2115
1 65 6809
1 66 5035
1 68 2536
1 69 789
1 70 5456
1 71 231
1 72 1420
1 73 7412
1 74 147
1 75 780
1 76 2556
1 77 6636
1 78 3713
1 79 1562
2 3 5584
2 4 3379
2 5 4054
2 6 5817
2 8 5457
2 9 3164
2 10 1196
2 12 3070
2 14 2068
2 15 4487
2 16 1605
2 17 3172
2 18 6226
2 19 7119
2 20 3577
2 21 5027
2 23 5457
2 24 631
2 25 2320
2 26 6329
2 27 1643
2 28 4678
2 29 3709
2 30 5632
2 32 1020
2 33 1532
2 34 2420
2 35 2185
2 36 1906
2 37 7028
2 39 2218
2 41 1700
2 42 3492
2 43 4585
2 45 999
2 46 7352
2 48 4335
2 50 5355
2 51 6651
2 52 5600
2 53 1934
2 55 6546
2 56 5948
2 57 734
2 59 2433
2 60 6869
2 61 1584
2 62 867
2 63 5661
2 64 6141
2 66 4958
2 68 638
2 69 1508
2 70 2733
2 71 5226
2 72 2486
2 74 3544
2 75 6439
2 76 4611
2 77 5141
2 78 6169
3 4 103
3 5 7328
3 7 2584
3 8 3532
3 9 3190
3 10 4701
3 11 3237
3 13 3837
3 15 2884
3 17 1823
3 18 6736
3 19 1434
3 20 2781
3 21 6386
3 22 1577
3 23 477
3 24 1297
3 26 3342
3 29 4699
3 30 35
3 31 1096
3 32 852
3 33 5238
3 34 4653
3 35 1064
3 36 1816
3 37 4045
3 38 6076
3 40 3641
3 41 3305
3 42 636
3 45 6995
3 46 1756
3 47 6559
3 48 4201
3 49 2364
3 50 4013
3 51 1888
3 53 3152
3 56 2951
3 57 5474
3 58 7162
3 61 3715
3 62 4227
3 63 6092
3 64 2527
3 66 4038
3 68 6401
3 70 4241
3 71 1990
3 72 7021
3 73 6941
3 74 3650
3 77 1475
3 79 4924
4 5 5139
4 6 2458
4 7 3753
4 8 3130
4 9 374
4 10 4847
4 12 2442
4 14 3283
4 15 4602
4 16 2654
4 18 4467
4 19 1602
4 21 6495
4 22 4721
4 23 2719
4 24 5566
4 25 2366
4 26 2735
4 27 6776
4 29 487
4 30 2082
4 31 4657
4 32 2670
4 33 6799
4 34 6472
4 35 604
4 37 2490
4 38 2127
4 43 1520
4 45 4255
4 46 5141
4 47 3058
4 48 3414
4 49 3695
4 51 5216
4 52 7435
4 53 5882
4 56 1314
4 59 2411
4 60 7137
4 61 1149
4 62 6457
4 64 3
4 65 6302
4 67 2215
4 68 3030
4 69 185
4 70 1046
4 71 354
4 72 374
4 73 2436
4 74 3268
4 76 4531
4 77 3615
4 78 1488
4 79 1840
5 6 6737
5 7 3358
5 8 3753
5 9 6604
5 10 5723
5 12 5319
5 13 161
5 14 5266
5 15 6239
5 16 2221
5 17 5211
5 18 5388
5 19 1166
5 21 4788
5 22 6889
5 24 2746
5 25 705
5 27 1710
5 28 7108
5 29 331
5 30 3061
5 31 4361
5 32 2445
5 34 3303
5 35 2218
5 36 6674
5 37 1961
5 38 7022
5 39 5599
5 40 374
5 41 2164
5 42 3986
5 43 1640
5 44 1788
5 45 5681
5 47 3035
5 48 1397
5 49 9
5 50 134
5 51 5985
5 52 305
5 53 2135
5 54 6592
5 56 342
5 57 2012
5 58 5860
5 61 3847
5 63 2027
5 65 3914
5 66 2589
5 67 514
5 70 4840
5 71 7154
5 72 4335
5 73 3501
5 74 7336
5 76 699
5 77 6681
5 79 5531
6 7 5410
6 8 2773
6 9 2612
6 10 2325
6 11 7430
6 13 1955
6 15 3007
6 18 6858
6 19 1083
6 21 756
6 24 5439
6 25 4318
6 26 6541
6 28 860
6 30 3184
6 31 573
6 32 1454
6 33 7058
6 34 4385
6 35 6353
6 36 7106
6 40 2619
6 41 1605
6 42 1832
6 43 5723
6 45 2812
6 46 1487
6 47 1468
6 48 6263
6 49 7246
6 51 6803
6 52 4359
6 53 7118
6 54 6657
6 55 651
6 56 7183
6 57 700
6 58 4674
6 59 2874
6 60 1899
6 61 3412
6 63 4775
6 64 7360
6 65 2787
6 66 2605
6 67 4112
6 68 768
6 69 1840
6 70 1670
6 71 205
6 72 5851
6 74 5989
6 75 558
6 76 97
6 77 3715
7 8 7135
7 9 5117
7 10 1213
7 11 5776
7 12 185
7 13 4741
7 14 2338
7 17 3351
7 18 6855
7 19 870
7 20 4024
7 21 4410
7 22 2734
7 24 5617
7 25 6114
7 26 2350
7 27 2960
7 28 5264
7 29 6107
7 30 4173
7 33 6819
7 34 3169
7 35 6162
7 36 1883
7 37 4218
7 39 7189
7 40 4445
7 41 1863
7 42 3633
7 43 4027
7 45 2449
7 46 7148
7 47 6646
7 48 1210
7 49 2490
7 50 6550
7 52 5211
7 53 2276
7 54 273
7 55 4388
7 58 4981
7 59 1862
7 60 7300
7 61 3086
7 62 7188
7 63 6015
7 64 3115
7 65 7155
7 67 6535
7 68 5889
7 69 3674
7 70 555
7 71 1069
7 72 7480
7 73 5671
7 74 4863
7 75 2025
8 9 5303
8 11 2600
8 12 5430
8 13 6911
8 14 1289
8 15 5198
8 16 2695
8 17 123
8 18 7062
8 20 6944
8 21 3634
8 22 2847
8 23 6837
8 25 6101
8 26 6781
8 27 4685
8 28 684
8 29 4134
8 30 775
8 31 5467
8 32 3843
8 33 2169
8 34 4152
8 35 429
8 37 1415
8 38 2034
8 39 7117
8 40 4176
8 42 4616
8 44 652
8 46 969
8 47 6637
8 49 3455
8 50 5856
8 51 86
8 52 5971
8 53 453
8 54 692
8 55 6402
8 56 4980
8 59 7113
8 61 7487
8 62 4625
8 63 1469
8 64 1127
8 65 6188
8 66 4060
8 67 1495
8 68 3043
8 71 1971
8 72 2106
8 73 7046
8 74 169
8 75 5481
8 76 2880
8 77 4649
8 79 625
9 10 1347
9 11 3936
9 12 3758
9 14 5567
9 15 2094
9 17 6443
9 18 3410
9 19 4628
9 20 4335
9 21 6266
9 24 2981
9 25 2941
9 26 3621
9 27 1155
9 28 7487
9 29 4623
9 30 2368
9 31 662
9 32 2932
9 33 2580
9 34 3144
9 35 6663
9 36 4587
9 37 1080
9 38 3599
9 40 5432
9 42 2629
9 43 5853
9 44 1256
9 45 6576
9 46 7286
9 47 5568
9 48 3732
9 49 1068
9 51 4212
9 52 7238
9 54 2087
9 56 4538
9 57 2289
9 58 3302
9 60 738
9 61 6584
9 62 119
9 63 5575
9 65 2494
9 66 2186
9 67 269
9 68 4067
9 70 3804
9 74 3735
9 75 4417
9 76 4248
9 78 696
10 11 6131
10 12 4997
10 13 3930
10 14 3891
10 15 2953
10 16 2414
10 17 4776
10 18 5405
10 19 1636
10 21 6378
10 22 5303
10 23 5064
10 24 3756
10 25 6924
10 26 2793
10 27 1934
10 28 651
10 29 5078
10 30 1465
10 31 6207
10 32 5266
10 33 3668
10 34 5036
10 35 3584
10 36 3715
10 37 2753
10 38 3117
10 39 5342
10 40 2154
10 41 1527
10 42 418
10 43 4945
10 44 1034
10 45 3174
10 46 5374
10 47 6594
10 49 1614
10 50 4250
10 51 1171
10 52 7475
10 54 1491
10 55 5980
10 56 2675
10 57 1800
10 59 1070
10 60 1874
10 62 3248
10 63 6599
10 65 5692
10 66 2959
10 68 6061
10 70 4915
10 71 3202
10 72 3881
10 73 3853
10 74 2827
10 75 2716
10 76 6618
10 77 3743
10 78 3626
10 79 3091
11 12 6942
11 13 588
11 15 2398
11 16 4573
11 17 6206
11 19 7448
11 20 2598
11 22 5303
11 26 54
11 27 1448
11 28 6452
11 29 4140
11 32 3956
11 33 65
11 35 2706
11 36 3562
11 37 1547
11 38 210
11 39 2235
11 40 239
11 42 3062
11 43 5296
11 46 5763
11 47 2020
11 49 2787
11 50 1787
11 51 3751
11 52 5597
11 53 7021
11 55 7420
11 56 6928
11 57 3529
11 58 1549
11 60 3462
11 61 5449
11 62 6784
11 63 3691
11 64 5564
11 66 7202
11 67 2191
11 68 4880
11 71 2680
11 72 1905
11 73 1446
11 74 2761
11 75 2501
11 77 3802
11 78 6391
11 79 4549
12 13 4146
12 14 7099
12 15 3387
12 16 7115
12 18 2309
12 19 5352
12 20 4581
12 22 5338
12 23 3547
12 24 4742
12 25 1670
12 29 2709
12 30 2924
12 31 423
12 32 5685
12 33 3604
12 35 6971
12 36 1110
12 37 5732
12 38 3650
12 41 7096
12 42 7008
12 43 6282
12 44 2443
12 45 4352
12 46 5309
12 47 2593
12 48 7404
12 49 931
12 50 6414
12 51 6540
12 52 6998
12 53 6101
12 54 2060
12 55 2843
12 56 2588
12 58 2095
12 59 4911
12 60 6922
12 62 6591
12 63 4807
12 64 6917
12 65 3344
12 68 5817
12 69 6993
12 70 7043
12 71 3042
12 72 6694
12 73 6525
12 74 6025
12 75 2727
12 76 1417
12 77 1277
12 78 1527
12 79 4449
13 14 7253
13 15 99
13 16 1915
13 18 231
13 19 3697
13 20 1688
13 21 7437
13 22 7334
13 23 1166
13 24 2049
13 25 2044
13 26 6587
13 27 5180
13 28 6123
13 30 2660
13 31 4233
13 32 6097
13 33 4360
13 34 4082
13 36 978
13 37 5989
13 38 536
13 39 3290
13 40 3991
13 41 6872
13 43 4810
13 44 5772
13 46 1521
13 47 2115
13 48 1276
13 49 1970
13 50 584
13 51 2856
13 52 1471
13 53 4335
13 54 3599
13 55 4633
13 56 6571
13 59 6009
13 60 2103
13 61 1292
13 62 6297
13 63 3320
13 64 7333
13 65 4635
13 66 2221
13 67 4276
13 68 2509
13 69 261
13 70 4558
13 72 542
13 73 2134
13 74 3378
13 75 5378
13 77 4719
13 78 6658
13 79 3000
14 15 4426
14 16 5923
14 17 2337
14 18 4481
14 19 4571
14 20 3711
14 21 5183
14 22 41
14 23 1309
14 24 2880
14 25 3219
14 26 6055
14 27 2688
14 28 2304
14 29 6788
14 30 2026
14 33 2977
14 34 6295
14 35 7286
14 36 5798
14 38 2333
14 39 5939
14 41 5780
14 42 3953
14 43 5968
14 44 3613
14 45 5779
14 46 704
14 47 3718
14 48 132
14 49 880
14 50 2728
14 51 769
14 52 742
14 54 6640
14 55 5680
14 56 2181
14 57 3357
14 59 4854
14 60 6765
14 61 4316
14 62 6881
14 63 313
14 64 5451
14 65 2856
14 66 1256
14 68 2024
14 69 3302
14 70 865
14 73 6371
14 74 498
14 75 714
14 76 5933
14 77 2872
14 79 5619
15 16 2265
15 18 6567
15 19 1288
15 20 4186
15 21 6809
15 22 4023
15 23 5003
15 25 4046
15 26 1624
15 27 3280
15 28 4835
15 29 1135
15 30 1111
15 32 5581
15 33 1866
15 36 6942
15 37 4033
15 38 159
15 39 2335
15 40 3654
15 41 6771
15 42 2735
15 43 5735
15 44 4185
15 45 5338
15 46 923
15 47 2386
15 48 4999
15 49 1376
15 50 3330
15 51 297
15 53 4329
15 54 2971
15 56 4855
15 57 5124
15 58 6786
15 59 5030
15 61 566
15 62 5050
15 63 4584
15 64 4227
15 65 6797
15 67 5013
15 68 5994
15 70 2454
15 72 4277
15 74 1631
15 75 1653
15 76 4879
15 78 1251
15 79 2703
16 17 5623
16 18 3142
16 19 1270
16 20 5570
16 21 2204
16 23 697
16 25 2002
16 26 1629
16 27 4798
16 28 6761
16 30 3868
16 31 672
16 32 1518
16 33 6412
16 34 5720
16 35 2070
16 36 3576
16 38 889
16 39 4495
16 40 908
16 41 5664
16 43 7292
16 44 5173
16 45 6151
16 46 5259
16 47 830
16 49 2348
16 51 1276
16 52 7444
16 53 1239
16 54 2501
16 55 3259
16 56 5999
16 57 4767
16 58 4200
16 59 1963
16 60 5918
16 61 791
16 62 197
16 63 4789
16 65 2367
16 66 711
16 67 3501
16 68 6299
16 69 6196
16 72 4427
16 73 6197
16 74 676
16 75 4866
16 76 7450
16 77 4472
16 78 7351
16 79 6133
17 18 2883
17 19 5787
17 20 736
17 21 4105
17 22 2805
17 23 2432
17 24 2924
17 25 551
17 26 186
17 27 517
17 28 3586
17 29 5767
17 30 5590
17 33 832
17 34 395
17 35 6613
17 37 6200
17 38 4420
17 40 5027
17 41 4889
17 42 7347
17 43 6652
17 44 1242
17 45 6096
17 46 5051
17 47 862
17 48 5951
17 49 6284
17 51 6678
17 52 1398
17 53 2162
17 54 7091
17 55 3031
17 56 2959
17 57 369
17 58 5946
17 59 1412
17 60 4752
17 61 2276
17 62 4982
17 63 1792
17 66 4608
17 67 6908
17 68 3919
17 69 496
17 70 901
17 71 2864
17 72 1918
17 73 1382
17 74 581
17 75 5796
17 76 2360
17 77 775
18 19 1476
18 20 2933
18 21 1743
18 22 6338
18 23 3825
18 25 3172
18 28 754
18 29 2879
18 30 5869
18 33 2311
18 34 6908
18 35 6478
18 36 7039
18 37 4370
18 38 5369
18 40 5409
18 42 585
18 43 6707
18 44 4676
18 45 3570
18 47 5300
18 49 1815
18 51 4125
18 52 6574
18 53 3098
18 54 6725
18 55 4042
18 56 3403
18 57 6988
18 59 4242
18 60 991
18 61 3356
18 62 4360
18 64 1110
18 65 3505
18 66 4242
18 68 7218
18 69 2469
18 71 2141
18 72 1971
18 73 6068
18 74 2710
18 75 5536
18 76 2296
18 77 4258
18 78 990
18 79 1455
19 20 1424
19 21 545
19 22 5145
19 23 499
19 24 2208
19 25 2360
19 27 4500
19 28 7245
19 29 4010
19 30 4743
19 31 858
19 32 2064
19 33 4767
19 34 5834
19 35 6965
19 37 881
19 39 6025
19 40 4243
19 41 544
19 42 1923
19 43 2206
19 44 5301
19 45 7307
19 47 3401
19 48 5629
19 49 3642
19 50 28
19 51 2454
19 52 2265
19 53 2588
19 54 7455
19 55 1669
19 56 777
19 57 5187
19 58 859
19 59 7414
19 60 2846
19 62 3508
19 63 692
19 64 1320
19 68 2879
19 69 7252
19 70 3353
19 71 7140
19 72 6374
19 74 6002
19 75 3341
19 76 7454
19 77 2476
19 78 3730
19 79 2229
20 21 6382
20 24 6372
20 25 4493
20 27 2590
20 28 3126
20 30 1618
20 31 7371
20 32 6254
20 33 7225
20 34 2082
20 35 2978
20 40 5296
20 41 6319
20 43 4043
20 44 379
20 45 4352
20 46 6201
20 47 6613
20 48 447
20 49 7069
20 50 4817
20 51 800
20 52 6375
20 53 92
20 55 6799
20 57 3446
20 58 2720
20 60 6762
20 61 7182
20 62 636
20 63 2060
20 64 613
20 65 7411
20 68 2845
20 69 637
20 70 4493
20 72 6775
20 73 5700
20 74 2072
20 75 4075
20 77 3378
20 78 2843
20 79 6263
21 22 3412
21 23 1794
21 25 1704
21 27 1541
21 28 6078
21 30 3070
21 32 1197
21 33 807
21 34 6442
21 35 4779
21 36 1511
21 37 4340
21 38 2567
21 39 5535
21 40 1627
21 41 207
21 42 6736
21 44 776
21 45 7298
21 46 7418
21 48 2525
21 49 4874
21 50 3620
21 51 5783
21 52 4104
21 53 6757
21 54 1849
21 55 2897
21 56 5506
21 57 4915
21 58 4136
21 59 6822
21 60 4925
21 61 5153
21 62 4097
21 63 6085
21 64 2287
21 65 1305
21 66 3830
21 67 5655
21 68 4583
21 69 227
21 70 5587
21 71 4018
21 73 1432
21 74 837
21 76 6192
21 78 3844
21 79 7104
22 23 3727
22 24 5502
22 26 2760
22 27 3671
22 28 1650
22 29 4677
22 30 4887
22 31 3851
22 32 4058
22 33 1687
22 34 1388
22 35 4687
22 36 476
22 37 2774
22 38 7297
22 39 1843
22 40 1695
22 41 1457
22 42 448
22 43 4219
22 44 4731
22 45 2825
22 47 5527
22 48 5920
22 49 4059
22 50 5169
22 51 318
22 52 2005
22 54 121
22 55 3065
22 56 2883
22 57 46
22 59 6846
22 60 4782
22 61 4399
22 62 3118
22 63 6891
22 64 239
22 65 3777
22 68 5827
22 69 5543
22 70 6971
22 71 6803
22 72 5683
22 73 363
22 74 6516
22 75 2356
22 76 4369
22 78 119
22 79 624
23 24 2908
23 25 5724
23 26 3248
23 27 508
23 28 6051
23 29 1587
23 30 5291
23 31 4536
23 32 1239
23 36 5539
23 37 6084
23 38 2726
23 40 6243
23 41 6863
23 42 3683
23 43 1218
23 44 5311
23 46 3861
23 47 4560
23 49 116
23 50 607
23 51 7337
23 52 3236
23 53 631
23 54 6144
23 55 1550
23 56 2118
23 57 6445
23 58 794
23 59 4270
23 60 909
23 61 1441
23 62 4792
23 63 6145
23 64 6821
23 65 1569
23 66 6465
23 67 1372
23 68 318
23 69 6228
23 71 278
23 72 2564
23 76 6821
23 77 7430
23 79 1370
24 26 1707
24 27 827
24 28 6719
24 29 7307
24 30 1505
24 31 4439
24 32 883
24 33 7134
24 34 3444
24 36 1717
24 38 7135
24 40 5917
24 41 2452
24 42 5237
24 43 1493
24 44 6368
24 45 3766
24 46 30
24 48 59
24 50 941
24 51 778
24 55 3769
24 56 3148
24 57 6373
24 58 671
24 59 1103
24 61 6644
24 62 3429
24 63 2172
24 64 3330
24 65 5699
24 66 1111
24 67 3796
24 68 2047
24 69 2022
24 70 1585
24 73 1531
24 75 6535
24 77 137
24 78 219
24 79 2252
25 26 1348
25 27 1046
25 28 4327
25 29 7329
25 31 2477
25 32 3580
25 33 7213
25 34 6337
25 35 6897
25 36 5979
25 37 4940
25 38 3014
25 40 4465
25 41 2133
25 42 1495
25 43 2491
25 45 5670
25 46 5689
25 47 2168
25 49 4600
25 50 6213
25 51 4254
25 52 3026
25 53 1638
25 54 2998
25 55 5761
25 56 3151
25 59 793
25 60 6467
25 61 2506
25 62 305
25 63 3015
25 64 4160
25 65 1762
25 66 449
25 67 3740
25 68 3634
25 69 1612
25 70 865
25 71 4421
25 72 5234
25 73 7053
25 74 1909
25 76 875
25 77 975
25 78 1637
25 79 1216
26 27 7126
26 28 5012
26 30 5485
26 31 6600
26 33 711
26 34 161
26 35 2661
26 36 1905
26 37 4042
26 38 2343
26 39 4079
26 40 4571
26 41 270
26 42 6871
26 43 808
26 44 4083
26 45 5085
26 46 1508
26 50 4643
26 51 5721
26 52 1729
26 53 922
26 54 5603
26 55 3358
26 56 1962
26 57 4763
26 58 4548
26 59 5237
26 61 3085
26 63 669
26 64 658
26 65 2732
26 66 4993
26 68 3213
26 69 4579
26 70 6164
26 71 2876
26 72 1451
26 73 6009
26 74 1478
26 76 2650
26 77 5364
26 78 4048
26 79 3780
27 28 2186
27 29 3000
27 30 5922
27 31 1346
27 33 6589
27 34 7330
27 35 2796
27 38 5773
27 39 1326
27 40 1237
27 41 1252
27 42 6021
27 45 1012
27 48 4165
27 49 1574
27 50 1705
27 51 4917
27 52 6399
27 53 3749
27 54 6303
27 55 4791
27 56 113
27 58 1349
27 59 2133
27 60 4145
27 63 377
27 65 3529
27 66 4149
27 67 186
27 68 6798
27 69 4350
27 71 598
27 72 6354
27 73 2385
27 75 6204
27 76 3012
27 78 5410
27 79 4660
28 29 7022
28 31 2163
28 32 4393
28 33 5017
28 34 2368
28 35 2180
28 36 215
28 37 5018
28 38 7436
28 39 192
28 41 5248
28 42 4891
28 43 2024
28 44 751
28 45 706
28 46 1923
28 48 1838
28 49 5301
28 50 94
28 53 4588
28 54 2207
28 55 5746
28 56 2321
28 57 3210
28 58 2537
28 59 442
28 60 815
28 61 3065
28 63 2189
28 64 1422
28 65 1461
28 66 127
28 67 3383
28 68 6243
28 69 3734
28 70 5565
28 71 4927
28 72 7011
28 73 2268
28 74 2456
28 75 3004
28 77 3949
28 79 5599
29 30 6697
29 31 4849
29 32 1662
29 33 5528
29 34 4121
29 38 4170
29 39 6081
29 40 4555
29 41 4346
29 42 2103
29 44 6873
29 45 5421
29 46 4554
29 47 2229
29 48 744
29 50 2405
29 51 6491
29 52 6376
29 53 4905
29 55 426
29 57 2504
29 58 1496
29 59 6149
29 61 121
29 62 1085
29 63 1528
29 65 2608
29 67 1036
29 68 1263
29 69 694
29 71 1659
29 72 1395
29 73 4243
29 74 421
29 75 4699
29 76 3800
29 77 4366
29 79 6187
30 31 6712
30 32 3183
30 33 1674
30 34 4834
30 35 4478
30 37 4023
30 38 1813
30 39 179
30 40 3106
30 41 6578
30 42 1372
30 43 4294
30 44 5975
30 45 1630
30 47 322
30 48 4116
30 49 3683
30 50 5130
30 51 6202
30 52 4815
30 53 4982
30 54 6513
30 56 1071
30 57 4628
30 58 6350
30 59 1628
30 60 1373
30 61 2006
30 62 6098
30 64 4954
30 65 4531
30 66 7162
30 68 4716
30 70 1916
30 73 318
30 74 7203
30 75 2030
30 76 842
30 77 330
30 79 6783
31 32 1457
31 33 2099
31 34 1685
31 35 663
31 36 1986
31 37 6730
31 38 3645
31 40 1949
31 41 896
31 42 3701
31 43 3110
31 44 5653
31 45 2813
31 46 5638
31 47 2968
31 49 7199
31 50 6356
31 52 5870
31 53 738
31 55 7438
31 56 1591
31 58 389
31 59 4457
31 60 251
31 62 5903
31 63 1686
31 64 1006
31 65 6203
31 68 3320
31 69 4988
31 71 5747
31 72 2943
31 73 450
31 74 7325
31 75 174
31 76 1155
31 77 857
31 78 2400
31 79 6159
32 33 267
32 34 5125
32 35 6948
32 37 4200
32 38 5925
32 39 1259
32 40 7434
32 41 3119
32 42 3369
32 43 4344
32 46 3729
32 47 3116
32 50 3791
32 52 4536
32 53 5181
32 54 1322
32 55 7034
32 58 1766
32 59 6358
32 61 3377
32 62 4800
32 63 1979
32 65 4559
32 66 3298
32 68 4994
32 71 720
32 72 3488
32 73 2665
32 74 1939
32 75 4115
32 77 6992
32 78 974
32 79 3098
33 35 2169
33 36 5415
33 37 5766
33 38 5649
33 39 858
33 40 2992
33 41 1450
33 42 386
33 43 6116
33 44 5203
33 45 6221
33 48 1309
33 49 3483
33 51 2712
33 52 4107
33 54 6458
33 55 701
33 56 6695
33 57 6601
33 58 6952
33 59 3600
33 63 2041
33 65 3858
33 67 4018
33 69 2164
33 70 514
33 72 3284
33 73 6880
33 74 346
33 75 2366
33 76 1938
33 78 2488
33 79 5246
34 35 570
34 37 1042
34 38 4076
34 40 6945
34 41 3617
34 42 5179
34 43 2408
34 44 6266
34 45 3833
34 46 3547
34 47 2006
34 48 7460
34 49 2211
34 51 6308
34 52 2037
34 55 2287
34 56 3711
34 57 4361
34 58 5366
34 60 848
34 62 5965
34 63 3537
34 66 110
34 67 1518
34 68 2041
34 69 6986
34 70 3439
34 71 5490
34 72 2303
34 73 549
34 75 4910
34 76 6243
34 78 5942
35 36 3258
35 37 6136
35 39 194
35 40 4300
35 41 5841
35 42 3378
35 43 6039
35 44 4551
35 45 2448
35 46 3156
35 47 4218
35 48 6758
35 49 1627
35 50 2050
35 51 5203
35 52 3325
35 53 3283
35 54 2463
35 55 6156
35 56 2890
35 57 4453
35 59 2992
35 62 5734
35 63 1527
35 64 4702
35 65 6839
35 66 6037
35 67 4758
35 68 2583
35 69 780
35 70 5188
35 71 1891
35 72 1825
35 73 1757
35 74 4457
35 75 2902
35 76 2662
35 77 4671
35 78 5667
35 79 977
36 37 1960
36 38 5577
36 39 4048
36 40 4304
36 41 3591
36 42 4910
36 43 7104
36 44 6498
36 45 4509
36 46 4304
36 47 6481
36 49 1642
36 50 2639
36 51 1905
36 52 1217
36 53 1000
36 56 3282
36 57 4651
36 58 5829
36 59 3877
36 60 7042
36 61 2660
36 62 5389
36 63 4125
36 64 98
36 65 4822
36 66 6420
36 68 7177
36 69 3195
36 70 7499
36 72 6698
36 74 2700
36 75 3270
36 76 7407
36 78 787
36 79 851
37 38 4356
37 39 3233
37 40 156
37 41 3895
37 42 5717
37 43 3956
37 44 420
37 45 3566
37 46 2460
37 47 5116
37 48 5463
37 49 3171
37 50 7403
37 51 482
37 52 4693
37 53 4569
37 54 5159
37 55 3704
37 57 98
37 58 3126
37 59 6048
37 60 5243
37 61 2759
37 62 7114
37 63 3410
37 64 2336
37 65 1537
37 67 4138
37 69 182
37 70 5122
37 71 109
37 72 3136
37 73 535
37 74 5219
37 75 6908
37 76 2854
37 77 7273
37 79 6887
38 40 5253
38 41 7464
38 42 4310
38 45 2678
38 46 380
38 48 6840
38 50 2466
38 51 4817
38 52 6472
38 53 3951
38 54 6578
38 55 5140
38 56 1961
38 57 3783
38 58 2648
38 59 4205
38 60 3575
38 61 3738
38 62 6646
38 63 5403
38 64 1161
38 67 1843
38 68 3810
38 69 716
38 70 1490
38 71 1687
38 73 2499
38 75 1064
38 76 2454
38 77 5414
39 40 3632
39 41 2324
39 43 3484
39 45 7109
39 47 2271
39 48 2574
39 49 1265
39 51 6746
39 52 5567
39 53 5794
39 54 2158
39 55 953
39 56 5627
39 58 610
39 59 601
39 62 6764
39 63 2544
39 64 6477
39 65 6650
39 66 5048
39 68 615
39 69 5261
39 70 2213
39 71 1866
39 72 4301
39 73 3293
39 74 4577
39 75 1889
39 77 1736
39 78 5105
39 79 359
40 41 6726
40 43 4727
40 44 1361
40 45 5410
40 46 2504
40 48 4717
40 49 6578
40 50 1228
40 51 3731
40 52 5324
40 53 4395
40 54 6322
40 56 3927
40 59 4059
40 60 5592
40 61 7387
40 62 4130
40 64 6633
40 66 2701
40 67 1772
40 68 5471
40 69 5722
40 71 2374
40 72 3302
40 74 853
40 75 6038
40 76 5751
40 77 2358
40 78 1585
41 42 5714
41 44 4846
41 45 5120
41 46 1804
41 47 2037
41 48 1910
41 49 5454
41 50 1483
41 51 3257
41 52 1733
41 53 4354
41 54 2871
41 55 1718
41 56 5299
41 57 5177
41 58 1515
41 59 1222
41 62 2962
41 63 3436
41 65 5346
41 67 5301
41 68 4593
41 69 4824
41 70 4017
41 71 6594
41 72 3133
41 73 2320
41 74 2964
41 75 875
41 76 1767
41 77 7394
41 78 6141
41 79 2233
42 43 6705
42 44 6273
42 45 3761
42 47 853
42 49 7177
42 50 4458
42 51 5089
42 52 4785
42 53 1021
42 54 5107
42 56 6873
42 57 2323
42 59 4030
42 62 1252
42 63 5398
42 64 2960
42 67 7285
42 68 5141
42 69 7219
42 70 4333
42 71 340
42 72 3604
42 73 4952
42 74 2523
42 75 6060
42 76 6981
42 77 2252
42 78 5822
42 79 7130
43 45 2589
43 46 2287
43 47 5712
43 51 6453
43 52 1105
43 53 2342
43 54 2442
43 55 944
43 56 5292
43 58 3624
43 59 412
43 61 2767
43 63 337
43 64 262
43 65 6315
43 66 7005
43 67 7278
43 68 2640
43 69 3562
43 70 5461
43 71 2077
43 72 6917
43 73 1897
43 74 2905
43 75 6214
43 76 90
43 77 3786
43 78 6165
43 79 872
44 45 6744
44 46 4899
44 47 3373
44 50 295
44 52 5755
44 53 5428
44 54 3804
44 55 3108
44 56 4428
44 57 6640
44 58 69
44 60 3005
44 62 3877
44 63 3950
44 64 5956
44 65 4639
44 66 3903
44 68 1170
44 69 532
44 70 2132
44 71 7065
44 74 582
44 75 6630
44 76 3748
44 77 261
44 78 4730
44 79 833
45 46 1415
45 47 3095
45 49 5078
45 52 5740
45 53 6738
45 54 75
45 55 1066
45 56 3533
45 57 4311
45 58 6538
45 59 2312
45 60 803
45 62 5769
45 63 2356
45 64 3346
45 66 1435
45 67 4921
45 69 2012
45 70 6176
45 71 5895
45 73 2124
45 75 5286
45 76 1226
45 77 2915
45 78 279
45 79 5781
46 47 2282
46 48 2286
46 49 3789
46 51 4520
46 52 7438
46 53 919
46 54 2633
46 55 4152
46 56 5564
46 58 1401
46 59 1485
46 63 1519
46 64 322
46 65 6567
46 66 54
46 67 2450
46 68 811
46 69 6800
46 70 3426
46 71 5358
46 72 2353
46 73 6049
46 74 7135
46 76 1398
46 77 2146
46 78 3018
47 48 951
47 49 776
47 50 3170
47 51 1267
47 52 1222
47 55 529
47 56 7092
47 57 3626
47 58 5598
47 59 1212
47 60 456
47 61 5482
47 62 2878
47 63 2091
47 64 4774
47 65 4073
47 66 761
47 67 5230
47 68 3064
47 70 5855
47 71 3484
47 73 722
47 74 6211
47 75 574
47 76 2903
47 77 7006
47 78 6454
47 79 354
48 49 799
48 50 2936
48 51 879
48 52 2317
48 53 5723
48 54 2764
48 55 2587
48 56 3513
48 57 6503
48 58 5556
48 59 1905
48 61 3659
48 64 3814
48 65 3747
48 67 6577
48 68 5805
48 69 1692
48 70 4915
48 72 178
48 73 5143
48 74 3455
48 75 5471
48 76 559
48 78 5539
48 79 3455
49 50 3774
49 51 6713
49 52 798
49 53 5990
49 54 2065
49 55 6180
49 58 2521
49 59 2624
49 60 2817
49 61 3622
49 62 7063
49 65 1310
49 66 3028
49 67 5667
49 68 2963
49 69 2061
49 70 6653
49 71 2485
49 72 2547
49 73 2677
49 74 2462
49 75 1691
49 76 5364
49 77 5530
49 78 1178
49 79 2998
50 51 5542
50 52 1175
50 53 1570
50 54 6721
50 56 1282
50 57 1076
50 58 7331
50 59 3230
50 61 7246
50 62 6721
50 63 5097
50 64 3646
50 65 6068
50 67 1565
50 68 5110
50 70 5030
50 71 301
50 73 2224
50 74 5873
50 77 1000
50 78 3253
50 79 6892
51 52 2892
51 53 2008
51 55 3985
51 56 5852
51 57 5312
51 58 15
51 60 5044
51 61 1693
51 62 1204
51 63 5029
51 66 2983
51 67 1093
51 68 941
51 70 2685
51 71 2857
51 73 6841
51 74 4746
51 75 4217
51 76 1760
51 77 5423
51 78 6928
51 79 6301
52 53 2382
52 55 6153
52 56 2042
52 57 4072
52 58 4363
52 59 1626
52 60 6478
52 61 1058
52 63 6315
52 64 4420
52 65 5500
52 66 1134
52 68 561
52 69 1985
52 70 4270
52 72 2922
52 73 1143
52 74 3067
52 75 909
52 76 2395
52 77 3156
52 78 6716
52 79 903
53 54 1349
53 56 5701
53 57 1047
53 58 2592
53 59 2362
53 60 2797
53 61 6946
53 62 7256
53 63 3040
53 64 2656
53 65 5859
53 66 5056
53 67 2488
53 68 3233
53 70 1263
53 71 4915
53 72 7120
53 73 1074
53 74 562
53 75 1306
53 76 4328
53 77 2287
53 78 6543
53 79 617
54 55 2234
54 57 1567
54 58 4071
54 59 1821
54 60 4125
54 63 7477
54 64 6311
54 65 7369
54 66 4860
54 68 201
54 69 4700
54 71 2595
54 72 2773
54 73 4299
54 74 4345
54 75 3440
54 77 5260
54 79 322
55 57 299
55 58 1099
55 59 3354
55 61 4754
55 62 1008
55 65 5137
55 66 4410
55 67 6053
55 68 4163
55 69 5924
55 70 1516
55 71 4214
55 72 3939
55 73 4626
55 74 2537
55 75 7326
55 77 5031
56 57 299
56 59 1496
56 60 1579
56 62 6484
56 63 1813
56 64 4389
56 65 2247
56 68 5724
56 69 6809
56 70 2254
56 71 3129
56 73 659
56 75 1307
56 76 4705
56 78 3094
56 79 5433
57 59 2750
57 60 120
57 62 1218
57 63 7152
57 64 5998
57 67 474
57 69 64
57 70 5587
57 71 3573
57 72 4478
57 73 5719
57 74 3871
57 75 1938
57 76 5511
57 77 7169
57 79 1842
58 59 3450
58 61 1947
58 62 864
58 63 6538
58 64 1175
58 65 1963
58 66 4399
58 67 3858
58 69 929
58 70 387
58 71 7317
58 72 5062
58 73 3521
58 74 6530
58 75 243
58 76 4558
58 78 4270
58 79 7024
59 60 454
59 61 113
59 62 5164
59 63 5656
59 64 3590
59 65 1301
59 66 2558
59 67 6490
59 70 1283
59 71 226
59 72 7051
59 73 1406
59 74 5981
59 75 7004
59 76 6686
59 77 3907
59 78 6429
60 61 4584
60 62 3953
60 63 2095
60 64 7017
60 66 5926
60 68 6060
60 69 4683
60 70 5421
60 71 4313
60 72 3571
60 74 427
60 75 532
60 76 3878
60 78 4242
60 79 4400
61 62 1002
61 63 2671
61 65 4785
61 66 7354
61 67 2707
61 68 5277
61 70 2867
61 71 5864
61 72 1469
61 73 5716
61 74 5822
61 75 3574
61 77 6667
61 78 1905
61 79 6882
62 63 235
62 64 6893
62 65 2898
62 67 5605
62 68 1094
62 69 5169
62 72 1750
62 73 1323
62 74 3864
62 75 1365
62 76 3776
62 77 4308
62 79 1872
63 64 5729
63 65 287
63 67 2037
63 68 646
63 69 5890
63 70 2710
63 71 4552
63 72 5943
63 73 928
63 74 5117
63 75 5760
63 76 2432
63 77 1908
63 78 4190
63 79 1110
64 65 6114
64 66 4865
64 67 6896
64 68 4655
64 70 3045
64 71 1102
64 73 5363
64 74 1687
64 76 5656
64 77 772
64 78 3716
64 79 5396
65 66 6996
65 68 4073
65 69 2685
65 70 4684
65 73 973
65 75 456
65 77 4491
65 78 5585
65 79 7390
66 67 3184
66 68 1368
66 70 3025
66 71 4398
66 72 552
66 73 5445
66 74 1349
66 76 2280
66 78 2104
66 79 4257
67 68 5592
67 69 5902
67 70 2881
67 71 6582
67 72 6614
67 73 3696
67 74 2848
67 75 6908
67 76 592
67 77 4761
67 78 2608
67 79 1973
68 69 7240
68 70 667
68 71 5155
68 72 3255
68 74 1656
68 75 5100
68 76 371
68 77 1902
68 78 3624
68 79 1177
69 70 4798
69 71 1140
69 72 4533
69 73 5067
69 74 6851
69 76 3300
69 78 955
69 79 5682
70 71 5518
70 74 2625
70 75 1897
70 78 1269
71 72 6066
71 73 6059
71 75 3438
71 76 5923
71 77 4948
71 78 4940
72 73 4746
72 74 7115
72 75 2343
72 76 3491
72 77 7280
72 78 5060
72 79 6652
73 74 4426
73 75 6851
73 76 471
73 77 4015
73 78 1347
73 79 527
74 76 7034
74 77 1079
74 78 4022
74 79 5786
75 76 246
75 77 5514
75 79 2772
76 77 5876
76 79 2801
77 78 1101
77 79 22
78 79 1157
