35 80 2862
6279 3042 3683 273 1902 650 5268 3719 1831 2554 5128 5363 1345 1409 4349 3418 5380 6580 2959 1293 3662 7436 4483 4408 1351 2490 5141 5936 1021 2453 2640 7299 4346 6322 6423
6247 6971 4190 2466 154 5595 6445 5516 6940 6705 2364 2857 3436 296 4668 4728 2809 3455 562 6068 4806 1903 3708 2093 2924 5013 4732 2722 710 2405 1645 6957 727 4686 774 880 2781 7218 6396 2220 6422 111 3928 2357 406 1095 5936 2066 4550 6497 634 707 899 3193 2799 2674 705 6382 4248 1415 1286 4744 7223 2012 1929 496 1744 4709 6565 6991 5780 5486 7101 2208 6694 6359 3302 5129 7276 6703
2977 409 7409 2727 3602 2707 5401 3158 1588 2148 3424 1725 6891 1998 3737 171 2493 4332 3732 409 3822 2011 5894 2274 4218 3939 1132 6372 419 908 5574 3395 168 4335 4974 2621 7041 1726 4631 7481 2725 6906 1705 2115 1404 4293 1137 2748 1124 4868 3157 3797 6879 402 6071 2448 4341 7202 1319 4759 6961 5745 7006 5981 2579 4479 1101 971 5056 5731 7303 280 5137 1508 1246 5392 4652 2382 639 5776
7250 2647 924 5480 3049 6994 427 6241 5548 598 3499 3860 5194 1856 2340 6624 5186 3441 94 2741 523 7397 3020 4511 256 4265 1254 4907 6647 745 2034 5248 3391 2958 3227 5291 1303 2505 4031 6850 3102 6382 2062 7147 737 4401 6270 5923 6693 5216 1163 6068 3964 3035 3078 3071 7299 3184 477 5297 3928 1363 3044 7318 3172 6270 5109 3326 127 491 2676 2080 6872 3589 1727 109 489 6848 4883 6034
4563 4897 4601 7378 431 6530 2948 6582 2213 2277 4378 6140 2491 7422 4810 4514 5043 1270 339 5169 1760 1866 7249 1132 5454 1475 92 4795 7174 4974 3328 3089 1222 6780 2966 1653 5809 4766 734 6874 5894 3963 4365 884 3884 1674 5397 279 1795 4587 5447 3555 6453 4047 3538 4406 4373 3629 1700 4047 7454 3879 7135 1175 3158 1452 1679 1467 5069 2412 840 3462 5227 5204 3197 1610 5730 7445 740 24
4532 6187 2430 3484 1585 5967 6741 5958 2095 941 1356 900 4819 7342 2075 477 1293 3753 795 6362 5017 486 1175 2743 5689 4372 3204 2770 4316 3944 2794 199 1482 5223 3682 3066 2542 2923 375 4636 2715 1730 5536 6385 423 6462 6861 1716 2714 6507 6929 6582 6992 603 1824 5181 3826 5028 6802 642 323 947 840 1804 5022 3374 3721 63 5148 4096 3550 362 4677 1585 5598 5100 6898 4959 5667 2112
3965 3947 1193 3457 4549 1869 7489 875 5748 5642 368 6070 6589 59 6725 4110 2284 2945 4172 7431 5892 221 6644 1921 658 4742 5872 55 1052 4038 1018 3868 484 1063 6176 3884 2931 5016 3610 30 3158 3977 6099 2246 2888 5323 5207 5171 7119 1878 3954 5511 950 3097 7431 1607 6690 5802 514 241 1191 1531 4109 526 2593 1636 4409 4375 6652 6871 3256 2309 3347 1854 3406 5086 6028 1112 2757 5647
1841 6710 3657 2790 1158 2439 4397 348 740 4910 6940 1930 5292 2400 2455 6737 4036 5715 2463 2039 5085 5719 4347 7284 72 6604 4869 4952 215 6477 1950 2055 4538 4458 3696 5696 6896 592 4895 6487 4353 3186 7268 2145 5586 2222 233 973 6788 2695 3011 3225 913 6209 3008 7337 5312 6728 4788 4378 5705 6737 6432 1594 3694 2627 6141 1941 2071 3535 927 5275 5573 694 6271 3658 1767 6503 4630 1054
1698 6492 4278 2610 5200 6137 1298 3011 5365 6085 7388 2421 4173 5171 4014 6718 6649 2655 1158 71 5041 936 5346 3113 1629 4116 5622 3395 3119 1603 3301 4816 594 6430 6277 5793 3919 75 1303 1783 5011 42 3055 536 5212 7068 7253 4361 1074 7263 4431 4967 698 1128 6931 1179 5244 3905 3425 862 5507 5577 4529 4953 4507 2157 3245 7277 2231 3400 1559 6094 3441 4613 6629 5 3032 5233 3217 2958
3847 6499 6776 4545 127 6206 5723 5370 2610 499 5083 6969 6076 2111 4421 1934 3119 6517 1710 5350 1268 3268 2795 4709 6732 775 3565 1115 6007 6781 2924 2354 5779 2199 5750 4757 905 2824 2626 2366 3322 6560 686 1897 22 3958 3830 3141 1827 5539 7342 3094 158 2636 6654 5741 3410 2718 6856 768 850 1131 3121 6629 3330 222 2737 3086 3045 5363 4303 6367 3274 4989 763 3296 298 3445 5288 2124
1483 5129 5218 1641 6616 3223 6233 1377 5941 4440 2144 6790 5571 4117 4770 1400 4338 7 4485 7383 4221 1287 6249 7494 5127 5863 2141 4277 1807 6280 6400 3290 3908 2969 3782 1875 6192 1366 3251 3484 5806 5395 2773 3876 863 6395 5275 5200 6401 1111 3934 1973 1249 2682 818 5228 7397 1811 2004 1703 590 7255 3844 3350 2724 6477 5224 267 343 975 3750 6148 5221 6522 2523 4935 4268 6649 2634 2020
259 6568 3992 359 601 4810 5586 497 5472 6441 2200 6061 6196 4895 1910 1419 3872 7134 537 4214 6960 4286 1713 3532 2159 3087 966 6427 2235 3599 946 1345 1518 3790 1703 2119 1099 6141 1467 6570 5081 2518 3982 3776 7413 5892 4046 3784 4377 4582 6849 3836 1367 1061 7367 2378 4147 7184 1304 5233 3282 1101 5429 3652 4890 5983 4622 4840 4623 6088 2761 1056 7458 6743 4831 7370 5134 229 2505 862
4810 1853 4697 5029 1765 3415 7406 4763 3098 61 2495 5231 1161 6775 1382 6051 5257 4855 3390 1232 2295 6151 2287 2252 4245 5969 2121 1878 6197 4625 2739 2359 5329 6287 6239 7093 1053 4996 3207 4150 5056 4553 732 5068 3827 2114 2470 1583 5820 5860 2814 614 3362 5100 2865 106 2421 3837 835 1117 7313 2425 2327 5141 63 1065 3585 1115 6060 6791 5264 2467 3843 5995 35 169 6960 2504 604 5280
7215 3417 4745 1928 7369 110 885 2289 3946 1719 2257 2611 2995 4584 251 3057 4500 2688 4171 1912 1978 786 4378 4673 5633 3264 3693 5092 5768 4296 1723 4334 6565 6468 6262 5285 5429 7146 73 1874 217 1181 4484 3211 4616 3587 5120 1616 6274 642 3527 7103 1428 404 4275 7060 3668 468 3503 787 4763 5226 5120 2679 3045 2733 463 973 1231 6887 1698 1447 568 5034 3509 5183 1120 1128 5650 6245
622 1676 5847 2049 932 2622 1608 3451 1941 5110 4237 5555 1687 708 734 4731 2293 1196 5703 3523 583 7401 4969 2 4934 7329 5184 4905 7309 3334 3649 430 3861 847 2478 4792 3468 2937 742 4260 6898 3830 2315 7437 3390 3048 4667 5682 4243 1722 1704 3677 1622 5524 3678 5407 5352 214 1663 5160 2399 5311 4441 5111 6157 5770 2403 977 1206 1996 5236 6956 4678 50 6892 567 1949 2910 6248 6192
4631 451 1220 5104 5974 3750 1862 2677 3963 3524 337 5213 186 3629 2823 5195 1899 4077 5023 1956 4925 2758 1411 2102 1660 802 2668 2460 2564 1415 3 7194 1865 1223 4798 6690 4972 6659 1866 286 1535 1054 4350 1720 4683 7172 6914 5433 2601 4436 7388 25 6046 1299 2126 6557 952 4793 1516 3515 5059 1519 2061 5775 1593 6858 4964 6564 4868 5681 5701 5254 6735 2550 6974 2769 1073 5239 701 2525
1027 588 2549 5924 738 3526 3832 542 818 5347 2908 5876 5717 4968 4150 6161 3177 465 4076 545 6146 2276 4650 4232 3677 4123 7000 3602 714 6552 6126 592 7139 27 6515 6729 3552 1698 7270 4370 5896 2677 1597 4113 6497 4599 2773 2173 3915 6849 1569 2560 476 6219 6791 3005 1693 5142 6606 2406 4193 5231 1849 2684 5257 7215 1912 1309 1412 533 4530 7308 2061 4978 2772 1057 928 4396 3230 3695
2596 4798 6254 1924 3516 4397 4928 4061 2038 4033 6466 5083 615 7167 266 4724 6881 2177 4884 7145 1561 765 6952 2473 4594 1075 3530 5522 5470 5611 1716 6918 1760 6821 1341 4128 2569 6268 688 4607 1652 6005 2189 2266 5671 1306 6989 3904 2334 3224 3548 3894 3988 1851 6366 1082 2925 1247 5455 7246 5709 7170 6663 7469 5342 6855 2948 411 5622 3635 3869 6125 991 4909 7243 6662 6214 6731 1917 1047
2455 5464 3792 5294 7314 1509 6375 1590 2756 4329 1335 7316 2850 6850 7284 692 6204 1583 7454 3178 5217 3822 1802 6208 1230 1544 4221 6295 7127 6137 7341 933 2952 2484 6226 1617 3992 3953 3206 5599 781 3392 5415 3631 2741 4050 3174 297 5633 3127 2326 2201 6948 2979 908 7029 3375 3980 5823 1853 1468 4515 2785 3271 6998 362 4887 2341 3166 6944 440 3947 1688 4706 6429 3280 1255 2102 3576 6887
5228 4753 1588 3527 232 1347 3055 3606 4179 229 5458 5646 3595 7094 269 1944 6307 5155 4284 1973 3451 3575 5919 3990 780 4847 7269 2035 5800 2197 273 3527 6949 712 5905 7180 911 311 2137 5089 539 94 2086 2985 7187 2354 4928 5994 6361 563 466 1163 4138 5236 5152 4917 1434 3772 5803 7233 5968 4928 2111 4269 5639 515 3948 6549 825 4937 2989 215 5030 5075 3199 3569 6280 6978 914 5140
6392 231 5154 3029 5466 2805 6798 5751 6577 3952 5483 3896 1379 6445 664 7018 5811 4612 4918 6635 900 407 5701 5929 4333 251 849 3112 7228 1762 7104 6119 1992 4757 500 6309 62 6149 3411 5490 2600 245 1885 3979 6689 2549 2348 4999 6012 7265 2985 6911 6523 1185 5339 3355 1435 5040 5319 14 6801 4922 6133 145 2178 5484 5305 2239 4132 1216 6580 6731 1460 965 2061 7001 3513 4408 4499 2024
3025 7484 1434 2047 20 5624 4254 307 3163 2072 320 1316 5845 5304 1460 522 3287 6764 1613 7418 6831 692 5501 7143 1656 61 6643 4020 3321 2493 6043 6345 2476 6328 7243 1348 4452 2848 1654 6466 3771 1973 281 2115 7277 592 2637 1915 6208 3101 685 5538 3792 6185 5180 4300 5097 3174 819 7269 5667 5714 6113 6994 4541 4708 841 344 55 2494 6810 2678 3319 5942 4792 1947 6534 6280 2713 5241
732 3397 2130 3376 933 6162 175 4882 1835 7345 4650 1 5558 2115 6995 1451 6822 335 1794 5728 1681 7455 905 3851 5897 4549 4649 3782 3328 7361 374 4060 2110 2503 7435 3042 1164 6461 6775 1851 5157 3925 1851 3215 6039 1345 3517 4212 532 5310 1291 1064 4117 2196 3766 1365 5596 914 5146 275 7126 5519 3186 1735 6873 1972 3629 537 932 1755 2387 6089 5679 3089 655 3069 3286 4171 6132 2669
832 7423 2584 4948 970 6349 6312 5417 6114 2809 5691 4591 827 1377 5178 6552 3348 1306 7088 4280 1912 826 1720 6443 2766 1226 863 6051 5396 6995 1219 5079 5769 3802 1379 5590 1502 190 3506 6467 1851 1696 3558 1529 1924 1235 580 5272 1392 6519 903 3303 6196 2622 2245 1462 2699 3108 6364 594 1454 6435 5672 6074 1588 5902 4163 3090 6092 6520 2056 6794 715 4465 822 2639 5699 254 6762 5942
6772 164 1745 5468 1637 2841 5781 4335 4800 4644 3780 5105 3578 803 3678 5166 6705 340 7107 4148 5711 1662 3441 6426 6127 3114 416 3177 3367 7177 1619 2639 6192 2215 6958 328 5055 5238 3514 1207 2381 7293 6311 4811 595 2489 2476 7299 1680 2082 2798 7391 2595 6238 5168 73 1852 4435 2102 5218 4111 3720 6708 1654 4786 6165 1981 1192 3902 5494 2398 5135 4138 61 2445 4732 1401 3772 3383 1932
5853 6180 674 7299 3770 5841 7372 5621 2775 1973 2190 5737 4544 250 6242 1829 6414 722 3020 1668 5067 4270 5654 1704 4330 6950 5288 5730 3221 22 6513 425 5053 7187 223 1322 5527 94 5794 7154 918 6836 4242 4313 7085 2984 6141 4850 2557 513 6517 6476 3634 3522 7031 6815 2971 3670 5044 6191 3691 4056 6615 1244 2594 6838 1417 621 5783 7211 6626 5553 6546 2219 1217 6130 4054 6210 3479 5463
6722 1348 4438 1707 3721 2820 1021 6692 6490 4916 4234 1532 323 2201 1627 2917 390 3044 2389 5024 1606 1514 3076 651 2584 3145 5632 6638 1854 462 4600 7427 661 389 1633 4382 3208 2653 2425 1049 68 5510 2581 390 210 4207 3306 599 6102 5694 5623 207 6059 50 857 1143 3194 5340 6632 3899 5802 2583 3825 5314 1823 5457 1047 3882 609 3471 4931 7028 1481 11 7418 542 3069 2075 1141 1671
6621 5615 1877 5179 4516 1586 5173 6562 5777 3156 2960 2930 4590 6785 744 6412 4741 1790 2794 4202 4113 224 3729 5593 6586 2498 4986 2154 4573 6126 2676 3693 3092 3405 223 108 4990 4248 5521 2118 7403 980 5048 3345 264 5791 2256 3857 6432 3901 558 3044 2976 3138 7488 2061 5636 4974 3067 2708 2451 4594 5252 5543 498 4326 4502 4339 1073 2522 6457 7328 3501 4004 2024 2617 1146 4279 5325 77
7032 4734 3121 2507 371 1960 3420 6006 6933 5338 65 1884 2431 4168 7426 1781 994 3279 6119 918 5800 5075 7097 652 430 1620 2120 1575 4751 7444 504 4282 4677 2476 5640 5048 4435 411 2405 2720 5748 2470 4603 7031 5489 3380 1311 6482 6658 7429 6252 4957 3856 5848 4460 4285 6320 6580 4712 3570 6523 4067 6703 2552 5394 3694 6451 2328 4105 207 5047 2352 1528 1001 1882 7017 3232 2044 4850 2389
1973 3601 6197 4680 801 3157 316 7120 2236 5027 2041 110 445 1243 1513 5838 4936 463 7018 392 670 3416 1596 2197 4417 3477 565 148 4373 5415 1389 6345 1515 85 3524 2315 2093 3839 786 3180 218 2826 2142 7014 2920 3654 5352 6708 2969 3721 7099 2490 7136 1194 3538 2904 3523 4103 1904 395 2017 3292 5591 2383 2228 466 4698 3173 3156 4335 6352 2225 7161 993 1739 1432 3499 5942 639 5319
2162 6590 308 1797 6635 3845 3553 2657 447 5456 1903 1315 1247 6345 3698 2326 6810 7247 5498 1318 4081 4350 3542 2593 4194 4132 4025 6544 2573 3515 4362 4734 1456 4669 5383 591 7366 1435 2099 6664 6890 4002 479 6988 1698 4176 1813 7360 2774 6163 1177 6854 1864 4718 799 4909 1350 3675 3953 2774 7189 814 6360 7497 4335 4242 587 4200 4528 2685 2215 2769 5538 2693 1108 7236 5720 1772 7095 7345
434 7123 6699 2297 4340 6349 7206 4541 2523 2510 7315 1063 2175 6174 1059 6509 1767 1645 2060 5146 3182 3127 414 1219 5819 1521 7306 2891 2144 5752 2735 2578 5374 785 3726 1066 7133 2283 4458 2155 4792 4272 2070 5819 1797 3128 3679 2415 4773 4591 60 6806 217 6825 6876 6035 7197 6682 277 1841 3785 3012 3270 511 2648 6995 1576 1133 630 6033 2139 4273 1657 4208 2591 2305 7336 6270 4720 3460
3360 3631 2765 3576 2956 992 962 2652 173 1239 3344 2810 3102 6613 3320 4601 4960 4895 5733 5589 2279 372 2361 3935 4579 4952 6240 3266 2573 2311 6725 5932 5941 841 859 1396 1833 1820 2900 857 1910 6243 3666 3863 4208 5837 7316 1667 2083 5548 7255 4362 5919 967 7148 1850 4770 4739 5115 7342 7049 3192 4625 4342 4032 5483 4589 4716 6155 7488 5573 564 5083 590 3279 642 6427 3094 2308 1009
1141 914 4222 5912 732 2722 6613 5502 7460 4227 5343 5861 7418 2468 2702 2802 450 7290 17 6604 6130 4441 6020 2564 5031 650 3205 2809 3743 5512 2669 3735 5277 6891 998 6008 2112 110 4009 923 3189 704 6783 1958 3171 836 4759 2472 626 3628 428 5607 6920 6447 670 4450 7096 3874 6110 2190 737 1279 5924 6013 7021 5774 4520 484 5883 7381 1406 1571 584 7041 2381 2606 6728 7139 5077 6205
2118 4356 4311 1538 2154 4980 4839 1749 1353 3449 2790 941 4727 66 6953 3099 5839 2825 3582 4221 1557 3839 4644 2140 3379 7024 3597 2607 5514 1173 1311 6484 4381 4474 521 6534 1953 4211 7135 2158 159 2424 3098 3737 2489 1403 6835 7179 3079 1768 2752 4635 5607 7395 6774 337 5770 2870 1795 2635 2894 1958 1618 6126 6431 990 5160 7235 5201 4794 744 4211 7217 2694 448 1058 4096 6134 736 7174
402 3487 3160 4860 2233 1285 5196 6854 3006 6991 841 5899 1448 1310 4525 6730 1152 1036 6464 6352 5829 6060 1914 4397 1253 1213 4306 4200 7347 5042 3873 6600 7380 5884 3959 965 7168 506 6670 2673 7496 10 7423 295 172 4447 5876 1323 4334 3692 6526 2662 2251 939 5911 3503 1004 2716 202 7202 257 2926 6301 6489 1309 1611 6305 976 2116 4326 3648 964 3188 3570 1258 3359 6869 7134 4681 3702
0 1 2715
0 2 3683
0 4 1216
0 5 6208
0 6 7267
0 7 6870
0 8 495
0 9 6178
0 10 1350
0 11 2449
0 12 7484
0 13 3350
0 15 2529
0 16 6405
0 18 471
0 19 1606
0 20 1372
0 23 6045
0 26 7320
0 27 3756
0 28 3171
0 29 7475
0 30 419
0 31 1153
0 32 2515
0 33 6297
0 34 6305
0 35 6970
0 37 7428
0 38 1281
0 39 6481
0 40 145
0 41 6339
0 42 6802
0 43 7017
0 44 6336
0 45 4124
0 46 2744
0 47 4459
0 48 5449
0 49 4159
0 50 3164
0 51 5317
0 52 2665
0 53 5887
0 54 5696
0 55 3008
0 56 3201
0 57 453
0 58 3863
0 59 5503
0 60 2294
0 61 6004
0 62 3912
0 63 1752
0 64 6173
0 65 6558
0 66 17
0 67 1977
0 68 969
0 69 5478
0 70 2933
0 71 3855
0 72 6887
0 73 7486
0 74 3129
0 76 4274
0 77 3303
0 78 1729
0 79 2414
1 2 3788
1 3 349
1 4 6044
1 5 5304
1 6 4543
1 7 5553
1 8 6303
1 9 6413
1 11 2072
1 12 6877
1 13 612
1 14 7178
1 15 7478
1 16 6509
1 17 1605
1 18 233
1 19 649
1 20 6174
1 21 2510
1 22 1265
1 23 4302
1 24 4682
1 26 968
1 27 3659
1 28 2899
1 29 4204
1 30 7388
1 31 5903
1 32 493
1 34 792
1 35 7165
1 36 7286
1 37 4514
1 38 4588
1 39 7027
1 40 953
1 41 136
1 43 3658
1 44 119
1 45 5261
1 46 3834
1 47 5805
1 48 3078
1 49 4583
1 50 5941
1 51 1128
1 52 5800
1 53 950
1 54 2905
1 55 5325
1 56 6532
1 58 1572
1 59 5790
1 60 5028
1 61 5530
1 63 2029
1 64 1118
1 65 4154
1 66 5421
1 67 4214
1 68 6530
1 69 3718
1 70 811
1 71 5558
1 72 1119
1 74 4399
1 75 4427
1 76 5281
1 77 5237
1 78 2655
1 79 3042
2 3 6383
2 4 4666
2 5 3771
2 6 6500
2 7 3992
2 8 4240
2 9 1174
2 10 7231
2 11 4480
2 12 5677
2 13 683
2 14 1770
2 15 2261
2 16 6977
2 17 4771
2 18 4279
2 19 869
2 20 4792
2 21 5259
2 22 5162
2 23 4154
2 24 2276
2 25 4113
2 26 2838
2 27 4029
2 28 174
2 29 2468
2 30 2027
2 32 1503
2 33 5070
2 34 4126
2 35 3742
2 36 3718
2 37 1032
2 38 3746
2 39 1865
2 40 2760
2 41 1110
2 42 1380
2 43 1294
2 44 79
2 45 2565
2 46 6883
2 47 1172
2 48 5992
2 49 1462
2 50 2872
2 51 5890
2 54 4301
2 55 7406
2 56 4529
2 58 4491
2 59 4939
2 60 6428
2 61 3326
2 62 100
2 63 2019
2 65 608
2 66 1813
2 67 5055
2 68 6124
2 69 2625
2 70 1717
2 72 474
2 73 6970
2 75 3960
2 76 4291
2 78 1826
3 4 777
3 5 2057
3 6 3949
3 7 1958
3 8 3584
3 9 1797
3 10 1808
3 11 4617
3 12 1549
3 13 1702
3 14 5379
3 15 5341
3 16 2168
3 17 1545
3 18 2808
3 19 7108
3 20 3157
3 21 1955
3 22 4327
3 23 4219
3 24 2276
3 25 2617
3 26 640
3 27 5311
3 28 5642
3 30 3521
3 31 4870
3 32 3075
3 33 4607
3 34 1160
3 35 1104
3 36 4840
3 37 4402
3 38 5946
3 39 6367
3 40 792
3 41 325
3 42 3224
3 43 389
3 44 2255
3 45 3792
3 47 13
3 48 1587
3 49 5943
3 51 6478
3 52 822
3 53 4658
3 54 5965
3 55 3740
3 56 811
3 57 7415
3 58 5961
3 59 5247
3 60 7402
3 61 5102
3 62 4627
3 63 2558
3 64 5201
3 66 7135
3 67 2235
3 68 6470
3 69 6182
3 70 3367
3 71 5636
3 72 299
3 73 6963
3 74 7479
3 75 4383
3 76 1354
3 77 1633
3 78 6714
3 79 6456
4 5 1799
4 7 285
4 8 7224
4 9 2198
4 10 6843
4 11 5696
4 12 2229
4 13 277
4 14 4706
4 15 2577
4 16 2648
4 17 12
4 18 1888
4 19 3948
4 21 6828
4 22 1593
4 23 569
4 24 2892
4 25 7019
4 26 6924
4 27 3416
4 28 5841
4 29 6031
4 30 4717
4 31 2367
4 32 6943
4 33 2238
4 35 5000
4 36 2995
4 37 5156
4 38 809
4 39 1550
4 40 3716
4 41 5147
4 42 2203
4 43 6000
4 44 4803
4 45 5339
4 46 2078
4 47 6959
4 48 6780
4 49 5394
4 50 5440
4 51 1784
4 52 960
4 53 1916
4 54 6614
4 55 6249
4 56 5096
4 57 4265
4 58 2857
4 59 5458
4 60 125
4 61 3603
4 62 3134
4 63 5358
4 64 3992
4 65 3573
4 66 3847
4 67 1717
4 69 2484
4 70 1611
4 71 4174
4 72 2396
4 73 56
4 74 1129
4 75 5354
4 76 647
4 77 2594
4 78 838
4 79 5911
5 6 998
5 7 4527
5 8 3212
5 9 3498
5 10 2583
5 12 3045
5 13 6673
5 14 4528
5 15 5243
5 16 4925
5 17 1129
5 18 6412
5 19 6510
5 20 819
5 21 5374
5 22 4513
5 23 7447
5 25 32
5 26 6171
5 27 7123
5 28 4511
5 29 341
5 30 5135
5 31 1089
5 32 1562
5 33 2039
5 34 5764
5 36 5228
5 37 501
5 38 3463
5 40 3410
5 41 7140
5 42 4949
5 43 3759
5 44 5831
5 45 5178
5 46 4114
5 47 1660
5 48 3723
5 49 2259
5 50 49
5 51 5485
5 52 5749
5 53 3887
5 54 3137
5 55 540
5 56 2910
5 57 191
5 58 3693
5 59 3781
5 60 3569
5 61 5898
5 62 3122
5 63 3088
5 64 981
5 66 1029
5 67 793
5 68 1820
5 69 1950
5 70 2455
5 71 2560
5 72 3963
5 73 6895
5 74 4136
5 75 600
5 76 4615
5 77 1111
5 78 4031
5 79 5587
6 7 999
6 8 5035
6 9 7003
6 10 6442
6 11 5145
6 12 2194
6 13 796
6 14 6803
6 15 4048
6 16 429
6 17 7243
6 19 3209
6 20 4507
6 21 4820
6 22 4943
6 23 4376
6 24 3432
6 25 5581
6 26 4196
6 28 3939
6 29 4705
6 30 4051
6 31 843
6 32 1556
6 33 132
6 34 1151
6 35 3359
6 36 5738
6 37 5612
6 38 6509
6 39 5989
6 40 7441
6 41 3167
6 42 439
6 43 5156
6 44 1866
6 45 6814
6 46 5218
6 47 6514
6 48 278
6 49 5775
6 50 6729
6 52 4966
6 54 6579
6 55 3192
6 57 1984
6 58 1812
6 59 6952
6 60 5392
6 62 251
6 63 2365
6 64 1000
6 65 3593
6 66 5728
6 67 1558
6 68 2351
6 69 1273
6 70 2960
6 71 4312
6 73 2957
6 74 3284
6 75 870
6 76 6851
6 77 4267
6 78 5364
6 79 5664
7 8 4963
7 9 5777
7 10 2973
7 11 5501
7 12 198
7 14 3450
7 15 7255
7 16 1090
7 17 2069
7 18 6159
7 19 297
7 20 3891
7 21 3364
7 22 3273
7 23 4206
7 25 1451
7 26 83
7 28 5583
7 29 6980
7 30 1959
7 31 2299
7 32 2042
7 33 2292
7 34 1667
7 35 1151
7 36 6400
7 37 7372
7 38 3583
7 39 940
7 40 6305
7 42 241
7 43 3865
7 45 5272
7 46 308
7 47 784
7 48 5498
7 49 2550
7 50 5787
7 51 91
7 52 6179
7 53 3330
7 54 104
7 55 5751
7 56 4903
7 57 3327
7 58 4795
7 59 7061
7 60 7288
7 62 95
7 63 2954
7 64 262
7 65 2954
7 66 4065
7 68 2354
7 69 4834
7 70 955
7 71 2798
7 72 2537
7 73 2611
7 74 3395
7 75 4054
7 76 1925
7 77 6638
7 78 2788
8 9 3192
8 10 4179
8 11 7417
8 12 3519
8 13 1949
8 14 3094
8 15 525
8 16 1780
8 17 771
8 18 43
8 19 4225
8 20 2039
8 21 724
8 22 4021
8 24 4275
8 25 2063
8 26 7398
8 27 4705
8 28 3078
8 29 293
8 30 6059
8 31 2025
8 32 1054
8 33 3916
8 34 7000
8 35 4960
8 36 2790
8 37 5374
8 39 1544
8 40 3138
8 41 954
8 42 3511
8 43 2835
8 44 1294
8 45 2147
8 46 3209
8 49 1326
8 50 1621
8 51 1479
8 52 4725
8 53 5162
8 54 2854
8 55 4782
8 56 1777
8 57 6863
8 58 6049
8 59 2094
8 60 3580
8 61 7181
8 62 5033
8 63 4851
8 64 595
8 65 4330
8 66 5941
8 67 4586
8 68 3289
8 69 2731
8 70 5133
8 72 6909
8 73 105
8 74 4183
8 75 1936
8 76 4261
8 77 4098
8 78 1708
8 79 6188
9 10 5285
9 12 7499
9 13 4400
9 14 4172
9 15 5683
9 16 5182
9 17 4618
9 19 2753
9 20 269
9 21 5562
9 22 3852
9 23 6379
9 24 1364
9 25 3991
9 26 1200
9 27 1470
9 28 625
9 29 4190
9 30 6648
9 31 1094
9 32 7263
9 34 4539
9 35 3623
9 36 2807
9 37 5185
9 38 4613
9 39 2742
9 40 6573
9 41 6755
9 42 2230
9 43 6945
9 44 505
9 45 5061
9 46 7421
9 47 5658
9 48 6904
9 49 4545
9 50 1659
9 51 3564
9 52 1428
9 54 4892
9 55 2421
9 57 2304
9 58 3505
9 59 6790
9 60 6553
9 61 2575
9 62 3210
9 63 2606
9 65 861
9 66 917
9 67 2146
9 69 5463
9 70 6169
9 71 5606
9 72 63
9 73 2008
9 74 4023
9 75 6898
9 76 5017
9 77 1958
9 78 6619
9 79 1438
10 11 5385
10 12 2585
10 13 7374
10 14 6869
10 15 3659
10 16 6226
10 17 2472
10 18 5157
10 19 297
10 20 3751
10 21 1732
10 22 6483
10 23 5654
10 24 5691
10 25 4959
10 26 6496
10 27 6085
10 28 67
10 29 5521
10 30 3969
10 32 1547
10 33 4440
10 34 4571
10 36 3087
10 37 696
10 38 2928
10 39 1769
10 40 6971
10 41 4705
10 42 7086
10 43 7272
10 44 1835
10 45 1831
10 46 4476
10 48 5296
10 49 6153
10 50 2279
10 51 5765
10 52 5161
10 53 5703
10 54 972
10 55 1951
10 56 3703
10 57 4461
10 58 1495
10 60 6016
10 62 347
10 63 124
10 64 4496
10 65 2547
10 66 6507
10 67 5223
10 68 3480
10 69 2814
10 70 1917
10 71 4767
10 72 3541
10 73 4627
10 75 4973
10 76 6059
10 77 6564
10 78 1539
10 79 1830
11 12 2465
11 13 434
11 14 5107
11 16 2377
11 17 2773
11 18 622
11 19 327
11 20 6259
11 21 5209
11 22 2073
11 23 6062
11 24 3070
11 25 5205
11 26 1292
11 27 6606
11 28 4491
11 30 307
11 31 3721
11 32 4041
11 33 2969
11 34 2135
11 37 4120
11 38 2934
11 40 7446
11 41 4342
11 42 4672
11 43 6643
11 44 4072
11 45 3994
11 46 3453
11 47 6572
11 48 6178
11 50 191
11 51 3388
11 52 97
11 54 4217
11 55 2984
11 56 1533
11 57 5695
11 58 3647
11 59 5624
11 60 6534
11 61 7388
11 62 7312
11 63 5484
11 64 7309
11 65 5650
11 66 2056
11 67 3706
11 68 482
11 70 3550
11 71 5116
11 72 3071
11 73 1373
11 76 4772
11 77 976
11 78 3423
11 79 4481
12 13 7190
12 14 5423
12 15 1512
12 16 3610
12 17 3094
12 18 1229
12 19 2621
12 20 3985
12 21 6808
12 22 5984
12 23 5056
12 24 1474
12 25 3913
12 26 6996
12 27 4154
12 28 4301
12 29 6190
12 32 463
12 33 948
12 34 7198
12 35 2559
12 36 3510
12 37 259
12 39 5094
12 40 1357
12 41 2673
12 42 1884
12 43 2030
12 44 627
12 45 4870
12 46 3546
12 47 70
12 48 5259
12 49 3546
12 50 6477
12 51 1576
12 53 6971
12 54 1104
12 55 4350
12 56 3481
12 57 3828
12 58 1908
12 59 6897
12 61 3105
12 62 3099
12 64 2020
12 65 104
12 66 4145
12 67 274
12 68 697
12 69 5857
12 70 4880
12 71 1142
12 72 6966
12 73 1754
12 74 1989
12 75 3593
12 76 4990
12 77 3341
12 78 5320
12 79 6033
13 14 1943
13 15 7489
13 16 5256
13 17 3861
13 18 4738
13 19 3822
13 20 6880
13 21 2698
13 22 7289
13 23 2138
13 24 613
13 25 865
13 26 6803
13 27 6993
13 28 5548
13 29 3313
13 30 1864
13 31 3781
13 32 1267
13 33 3275
13 34 61
13 35 6972
13 36 2264
13 37 3488
13 38 6621
13 39 2681
13 40 1558
13 41 1890
13 42 250
13 43 4335
13 44 5759
13 45 2343
13 46 1152
13 47 6094
13 48 3967
13 49 6125
13 50 6668
13 51 1170
13 52 265
13 53 3483
13 54 486
13 56 896
13 57 6211
13 58 161
13 59 4942
13 60 3555
13 61 7152
13 62 5091
13 63 7474
13 64 7445
13 65 3836
13 66 7361
13 67 2845
13 68 1048
13 69 3626
13 70 5692
13 71 2457
13 72 2198
13 73 842
13 75 5783
13 76 1370
13 77 4523
13 78 6165
13 79 2724
14 15 6797
14 16 6564
14 17 2129
14 18 3817
14 19 2042
14 20 4749
14 21 7213
14 22 2635
14 23 6938
14 24 5992
14 25 1616
14 26 5518
14 27 4200
14 28 5734
14 29 1892
14 30 5591
14 32 4654
14 33 4206
14 34 4828
14 35 6542
14 36 2578
14 37 6062
14 38 1853
14 39 6754
14 40 2204
14 41 4973
14 42 4270
14 43 2028
14 44 3894
14 45 6404
14 46 686
14 47 5779
14 48 1102
14 49 1191
14 50 313
14 51 3630
14 52 5802
14 53 2706
14 54 4754
14 55 3512
14 56 712
14 57 4786
14 58 6644
14 59 1993
14 60 1908
14 61 5591
14 63 3870
14 64 7292
14 65 473
14 67 7056
14 68 7258
14 69 595
14 70 3216
14 71 3275
14 72 3657
14 73 5414
14 74 6670
14 75 5459
14 76 5297
14 77 7261
14 78 162
14 79 6109
15 16 5741
15 17 5121
15 18 7034
15 20 6791
15 21 664
15 22 3452
15 23 3880
15 24 1020
15 26 814
15 27 1703
15 29 5852
15 30 3363
15 31 4002
15 32 5551
15 33 6405
15 34 7417
15 35 248
15 36 6990
15 37 3681
15 38 144
15 39 3868
15 40 6366
15 41 944
15 42 4552
15 43 5215
15 44 636
15 45 6015
15 46 4156
15 47 4663
15 48 3665
15 49 2921
15 50 2988
15 51 5877
15 52 410
15 53 1481
15 54 5746
15 55 2281
15 56 1586
15 57 1771
15 58 6609
15 59 812
15 60 1903
15 63 694
15 65 3210
15 66 1388
15 67 6310
15 68 4019
15 69 3817
15 70 1618
15 71 2025
15 72 5502
15 73 7403
15 74 7258
15 75 6686
15 76 4555
15 77 6350
15 78 376
15 79 3427
16 17 3375
16 19 4763
16 20 1116
16 22 1254
16 23 2780
16 25 3657
16 26 2265
16 27 6294
16 29 3685
16 30 4700
16 31 4513
16 32 2324
16 33 7308
16 34 5020
16 35 3737
16 36 6796
16 37 2090
16 38 5219
16 39 1007
16 40 5065
16 41 3006
16 42 1182
16 43 2749
16 44 3754
16 45 1607
16 46 4876
16 47 3353
16 48 3507
16 49 4300
16 50 4045
16 51 852
16 52 5606
16 54 3324
16 55 7219
16 56 1552
16 57 5679
16 58 6170
16 59 7108
16 60 5433
16 61 1503
16 62 1119
16 63 7441
16 64 2480
16 65 2820
16 66 4848
16 67 3209
16 68 6665
16 69 4605
16 70 1488
16 71 2866
16 72 1811
16 74 480
16 75 5857
16 76 5859
16 77 1878
16 78 3219
16 79 2387
17 18 3329
17 19 4559
17 20 538
17 21 247
17 22 4782
17 23 1237
17 24 6735
17 25 1487
17 26 6222
17 27 7375
17 29 5731
17 30 168
17 31 6657
17 32 2400
17 33 3853
17 34 1039
17 35 1197
17 36 6431
17 37 5822
17 38 2947
17 39 4300
17 40 508
17 41 759
17 43 2141
17 44 5484
17 45 6089
17 46 1821
17 47 1919
17 48 170
17 49 786
17 50 1815
17 51 3208
17 52 5610
17 53 5712
17 54 4319
17 55 5473
17 56 7491
17 57 5498
17 58 6615
17 59 833
17 60 1791
17 61 1009
17 63 2927
17 64 2564
17 66 5723
17 67 5713
17 68 4259
17 70 1322
17 71 5972
17 72 1819
17 73 796
17 74 60
17 75 116
17 76 955
17 77 7192
17 78 4573
17 79 1621
18 19 402
18 20 1406
18 21 2406
18 22 4000
18 23 2533
18 24 4340
18 25 3021
18 26 3510
18 27 6022
18 28 4692
18 29 3279
18 30 2833
18 31 872
18 32 2311
18 33 2382
18 35 2783
18 36 4553
18 37 725
18 38 3922
18 39 4211
18 40 6603
18 41 3819
18 42 2925
18 43 6787
18 44 3553
18 45 1860
18 46 5903
18 47 6935
18 48 7254
18 49 2160
18 50 5729
18 51 856
18 52 3716
18 53 3311
18 54 3842
18 55 7287
18 56 5788
18 58 1212
18 59 2995
18 60 4871
18 61 6856
18 62 4468
18 63 2868
18 64 2905
18 65 5257
18 66 3678
18 67 5148
18 68 4117
18 70 1957
18 71 6344
18 72 3716
18 73 4201
18 74 4694
18 75 2919
18 76 2889
18 77 1546
18 78 5951
18 79 542
19 20 1249
19 21 5656
19 22 1020
19 23 2041
19 25 119
19 26 3482
19 27 2847
19 28 5755
19 30 5679
19 31 5147
19 32 5713
19 33 284
19 34 5710
19 35 4454
19 37 5702
19 38 3640
19 39 3465
19 40 4635
19 41 3722
19 42 4001
19 43 5644
19 44 2632
19 46 2260
19 48 7407
19 49 5114
19 50 12
19 52 5097
19 54 3082
19 55 5050
19 56 1473
19 57 269
19 58 7364
19 59 1063
19 60 2545
19 61 7267
19 62 1955
19 63 6287
19 64 3696
19 65 1462
19 66 4338
19 67 5033
19 68 4273
19 69 3297
19 70 3439
19 71 5427
19 72 7064
19 73 1221
19 74 1037
19 75 7347
19 77 7113
19 78 2296
19 79 5246
20 21 6455
20 23 264
20 24 4666
20 25 6672
20 27 1320
20 28 5795
20 31 6933
20 32 2130
20 33 3653
20 34 3909
20 35 3605
20 36 5044
20 37 5132
20 38 1281
20 39 3283
20 40 4349
20 42 996
20 43 1930
20 44 1105
20 45 6850
20 46 6495
20 47 6757
20 48 2387
20 49 4115
20 50 6080
20 51 1756
20 52 5446
20 53 4937
20 54 1435
20 55 1721
20 56 4723
20 57 48
20 60 6773
20 61 2901
20 63 747
20 64 1157
20 65 118
20 66 4175
20 68 5725
20 69 564
20 70 5382
20 71 2108
20 72 7021
20 73 4077
20 74 5014
20 75 1313
20 76 3804
20 79 5559
21 22 6303
21 24 11
21 25 4646
21 26 6879
21 27 1262
21 28 5968
21 29 2488
21 30 5891
21 31 2339
21 32 3584
21 33 6083
21 34 394
21 35 2862
21 36 3978
21 37 4240
21 38 7219
21 39 5459
21 40 7492
21 41 1619
21 42 6860
21 43 3976
21 45 6463
21 47 7118
21 48 4974
21 50 2408
21 51 6514
21 52 2824
21 53 1155
21 54 787
21 55 2311
21 56 3253
21 57 6010
21 60 2920
21 61 1855
21 62 7460
21 63 4299
21 64 5638
21 65 6542
21 67 1449
21 68 323
21 69 4123
21 71 6714
21 72 3927
21 73 3674
21 74 119
21 75 2091
21 77 5010
21 78 7120
21 79 2236
22 23 5461
22 24 4925
22 25 2844
22 26 4255
22 27 6413
22 28 1771
22 29 1446
22 31 5452
22 32 1476
22 33 2860
22 34 2660
22 35 1926
22 36 1311
22 37 1193
22 38 5289
22 39 434
22 40 4257
22 41 4435
22 42 4190
22 44 119
22 45 373
22 46 1104
22 47 5867
22 48 1801
22 49 792
22 50 1503
22 51 3024
22 52 7052
22 53 1971
22 54 3866
22 55 2459
22 56 4411
22 57 1244
22 58 231
22 59 2470
22 61 2843
22 62 1978
22 63 5483
22 64 3819
22 65 7053
22 66 4680
22 67 441
22 68 3698
22 69 7429
22 70 2883
22 71 7032
22 72 3345
22 73 935
22 74 1008
22 75 1150
22 76 834
22 77 7324
22 78 4862
22 79 424
23 24 983
23 25 4949
23 26 4122
23 28 6671
23 29 1251
23 31 1333
23 32 5832
23 33 2905
23 34 2209
23 35 6725
23 36 2971
23 37 6201
23 38 1721
23 39 5803
23 40 2446
23 41 973
23 42 2650
23 43 2987
23 44 1969
23 45 5223
23 47 5408
23 48 3216
23 49 948
23 50 2496
23 51 557
23 52 5534
23 53 2257
23 54 2336
23 55 3186
23 56 7116
23 57 4304
23 58 2824
23 59 201
23 60 2717
23 61 3370
23 62 3829
23 63 5325
23 64 1565
23 65 7228
23 66 1335
23 67 117
23 68 899
23 69 3102
23 70 5895
23 71 5417
23 72 6461
23 73 1576
23 74 1820
23 75 7431
23 76 720
23 78 3400
23 79 993
24 25 3845
24 26 1522
24 27 6303
24 28 5724
24 29 408
24 30 123
24 31 5343
24 32 6761
24 33 4222
24 34 2633
24 36 4408
24 37 6687
24 38 6938
24 39 7379
24 40 2200
24 41 5562
24 42 2047
24 44 2704
24 45 2991
24 46 1341
24 48 6684
24 49 3715
24 50 3948
24 51 2872
24 52 6197
24 53 6090
24 54 2611
24 55 6590
24 56 6097
24 57 3014
24 58 2105
24 59 327
24 60 5468
24 62 7431
24 63 5530
24 64 1595
24 65 6952
24 66 1703
24 68 1858
24 69 1041
24 70 5280
24 71 3678
24 72 4992
24 73 4510
24 74 5283
24 75 4417
24 76 6041
24 77 5533
24 78 1167
24 79 6487
25 26 891
25 28 1577
25 29 6203
25 30 6654
25 31 3879
25 32 5026
25 33 2130
25 34 5020
25 35 5256
25 36 1037
25 37 145
25 38 614
25 39 2382
25 40 2547
25 41 557
25 42 3716
25 43 2155
25 44 7298
25 45 6981
25 46 6956
25 47 3756
25 48 3388
25 49 2931
25 50 6843
25 51 2987
25 52 2760
25 53 3581
25 54 3364
25 55 4944
25 56 1287
25 57 3064
25 58 6853
25 59 497
25 60 3779
25 61 4454
25 62 2188
25 63 5418
25 64 3149
25 65 3038
25 66 6739
25 67 573
25 68 507
25 69 4223
25 70 1467
25 71 6337
25 72 3721
25 74 3074
25 75 4807
25 76 1099
25 77 4381
25 78 5824
25 79 7454
26 27 5941
26 28 4639
26 29 6392
26 30 355
26 32 3360
26 33 4095
26 34 2185
26 35 6430
26 36 3682
26 37 331
26 38 547
26 39 2101
26 40 5786
26 41 209
26 42 4090
26 43 5870
26 45 5652
26 46 963
26 47 78
26 48 717
26 49 6430
26 50 2782
26 51 2176
26 52 4394
26 53 369
26 54 4813
26 55 5201
26 56 5263
26 59 4778
26 60 3561
26 61 166
26 63 7480
26 64 286
26 65 4990
26 66 1245
26 67 3664
26 69 3702
26 70 825
26 71 802
26 72 2399
26 73 4835
26 74 5542
26 75 5352
26 76 4310
26 77 2690
26 78 827
26 79 3307
27 28 2035
27 29 2588
27 30 5717
27 31 5432
27 32 6232
27 33 3079
27 34 4554
27 36 6952
27 37 6583
27 38 5626
27 39 2667
27 40 6486
27 41 2485
27 42 3756
27 43 5618
27 44 6268
27 45 3942
27 46 7159
27 47 5968
27 48 4848
27 50 3255
27 51 3345
27 53 3429
27 54 6625
27 55 6261
27 56 1349
27 57 3573
27 58 6410
27 59 6918
27 60 35
27 61 5969
27 62 5073
27 63 2592
27 64 3163
27 65 2493
27 66 2045
27 67 7120
27 68 5511
27 69 3633
27 70 3453
27 71 6427
27 72 6491
27 73 7485
27 74 31
27 75 1278
27 76 5086
27 77 1745
27 78 4226
27 79 5051
28 29 3126
28 30 2515
28 32 2134
28 33 1755
28 34 7201
28 35 7485
28 36 4168
28 37 6288
28 38 4769
28 39 4401
28 40 3168
28 41 607
28 42 5061
28 43 3695
28 44 6019
28 45 2725
28 46 4948
28 47 6361
28 48 2815
28 50 1368
28 52 1165
28 54 7452
28 56 1842
28 57 6374
28 58 4813
28 59 4479
28 60 6801
28 61 825
28 62 3107
28 63 436
28 65 6796
28 66 4462
28 67 303
28 68 3469
28 69 6993
28 70 188
28 71 791
28 72 6489
28 73 118
28 74 5950
28 75 7327
28 77 6852
28 78 774
28 79 2899
29 30 1863
29 31 6857
29 33 4470
29 34 5039
29 35 459
29 37 6998
29 38 4923
29 40 6061
29 41 2366
29 42 5661
29 43 1888
29 44 396
29 45 1888
29 46 4137
29 47 2419
29 48 157
29 50 3478
29 51 5430
29 52 6637
29 53 6901
29 54 1841
29 55 6876
29 57 235
29 58 3949
29 59 4767
29 60 5862
29 61 7074
29 62 6866
29 63 7401
29 64 2595
29 65 2756
29 67 1434
29 68 5154
29 69 7430
29 70 6703
29 71 229
29 72 3127
29 73 5164
29 74 4763
29 76 3099
29 77 629
29 78 6224
29 79 5233
30 31 631
30 32 3885
30 33 1016
30 34 3671
30 35 2777
30 36 7063
30 37 2294
30 38 6410
30 39 3310
30 40 4887
30 41 4487
30 43 6437
30 44 6254
30 46 5100
30 47 7176
30 48 4870
30 50 5885
30 51 2989
30 52 2811
30 53 5080
30 54 873
30 55 402
30 56 1072
30 57 4335
30 58 3464
30 59 706
30 60 5311
30 61 2860
30 62 3410
30 63 7185
30 64 3625
30 65 6161
30 66 2130
30 67 5231
30 68 6580
30 70 7453
30 71 5685
30 72 6849
30 73 2586
30 74 6977
30 76 729
30 78 3589
30 79 2059
31 32 776
31 34 2871
31 35 6829
31 36 6915
31 38 4846
31 40 4798
31 41 2463
31 42 3846
31 43 5635
31 44 5453
31 45 6114
31 46 2489
31 47 1121
31 48 5673
31 49 3207
31 50 784
31 51 4840
31 52 2430
31 53 2375
31 54 451
31 55 6852
31 56 4446
31 57 7150
31 58 6642
31 59 4270
31 60 4395
31 61 978
31 62 6497
31 63 1815
31 64 4414
31 65 1947
31 66 2450
31 67 4161
31 68 1243
31 69 5156
31 70 6483
31 71 5793
31 72 4024
31 73 1922
31 74 930
31 76 5324
31 78 3558
31 79 7390
32 33 1794
32 35 3740
32 36 4194
32 37 5012
32 38 3119
32 39 5580
32 40 732
32 41 1956
32 42 5461
32 43 3785
32 44 7178
32 45 3143
32 46 604
32 47 7411
32 48 7175
32 49 669
32 50 5878
32 51 2533
32 52 5136
32 53 2996
32 54 1793
32 55 4417
32 56 2512
32 57 4387
32 58 3972
32 59 5653
32 61 148
32 62 2601
32 63 5116
32 64 5960
32 65 7349
32 66 127
32 67 2673
32 68 7096
32 70 349
32 71 4471
32 72 4736
32 73 2488
32 74 6306
32 75 1145
32 76 1461
32 78 6666
32 79 2242
33 34 3774
33 35 6031
33 36 7193
33 37 6729
33 38 6559
33 40 2455
33 41 7291
33 42 1641
33 43 5259
33 44 5001
33 46 6145
33 47 1104
33 48 7386
33 49 4084
33 50 3402
33 51 1679
33 53 223
33 54 2059
33 55 3703
33 56 6518
33 57 4110
33 58 4434
33 59 1039
33 60 6435
33 61 5108
33 62 2387
33 65 3719
33 66 5961
33 67 3351
33 68 5228
33 69 499
33 71 1409
33 72 4980
33 73 4758
33 74 4104
33 75 6922
33 76 2308
33 77 6492
33 78 5574
34 35 758
34 37 4476
34 38 125
34 39 6899
34 40 4604
34 41 4644
34 42 4810
34 43 7145
34 44 6045
34 45 3630
34 46 5672
34 47 1557
34 48 2369
34 50 442
34 51 6317
34 52 2864
34 53 4527
34 54 606
34 55 5811
34 56 1006
34 57 1894
34 58 5505
34 59 907
34 60 5342
34 61 479
34 63 2381
34 64 1663
34 65 6649
34 67 3617
34 68 5241
34 69 4045
34 70 4244
34 71 6169
34 72 1901
34 73 3249
34 74 7287
34 77 4454
34 78 6001
34 79 5477
35 36 6165
35 38 3413
35 39 7242
35 41 3306
35 42 4674
35 43 6313
35 44 4500
35 45 1675
35 46 2358
35 47 399
35 49 2341
35 50 7186
35 51 6541
35 52 6453
35 53 2133
35 54 72
35 55 5107
35 56 3204
35 57 1970
35 58 474
35 59 4914
35 60 5171
35 61 1269
35 62 2455
35 63 1025
35 64 275
35 65 5138
35 66 3194
35 68 998
35 69 4413
35 70 678
35 71 485
35 72 4513
35 73 1312
35 74 4258
35 75 527
35 76 6006
35 77 3972
35 78 3078
35 79 157
36 37 641
36 38 3017
36 39 4419
36 41 4268
36 42 4997
36 43 7331
36 45 6673
36 46 3915
36 47 5285
36 48 171
36 50 6176
36 51 6198
36 52 864
36 53 4316
36 55 5541
36 57 1311
36 59 5578
36 60 4737
36 61 3346
36 62 3056
36 64 5822
36 65 1202
36 66 877
36 67 72
36 68 3650
36 69 3711
36 70 5333
36 71 960
36 74 3045
36 75 4785
36 76 2009
36 77 6374
36 78 2996
36 79 1639
37 38 4685
37 39 5071
37 40 4157
37 41 1954
37 42 4351
37 43 702
37 44 320
37 45 5143
37 46 1275
37 47 554
37 49 4190
37 50 1000
37 51 4829
37 52 484
37 53 6425
37 55 6384
37 56 5722
37 57 6070
37 58 4973
37 59 4630
37 60 37
37 61 1911
37 62 3932
37 63 6590
37 64 5208
37 66 2515
37 67 3867
37 68 3867
37 69 3642
37 70 6903
37 71 526
37 72 1700
37 73 5596
37 74 5094
37 75 5355
37 76 7403
37 77 2882
37 78 4439
37 79 4171
38 39 1477
38 40 5507
38 41 5387
38 42 2685
38 43 3927
38 44 2247
38 45 3452
38 46 2855
38 48 950
38 49 488
38 50 2583
38 51 719
38 52 4339
38 53 6381
38 54 174
38 55 2085
38 56 2366
38 57 5515
38 58 1260
38 59 7017
38 60 7218
38 61 1242
38 62 4553
38 63 3087
38 64 2472
38 65 5170
38 66 2736
38 67 6996
38 69 4728
38 70 2065
38 71 7471
38 72 3953
38 74 7043
38 76 6560
38 77 2598
38 78 5188
38 79 5309
39 40 4729
39 41 5403
39 42 7332
39 43 1242
39 44 1304
39 45 5315
39 47 6231
39 48 6171
39 49 2923
39 50 5184
39 51 1076
39 53 5022
39 54 2281
39 55 5951
39 56 3344
39 57 2252
39 58 1686
39 59 1906
39 60 5507
39 61 1445
39 62 6944
39 63 904
39 64 5167
39 65 1337
39 66 4713
39 67 1162
39 68 4178
39 69 937
39 70 6596
39 71 5399
39 72 271
39 73 2536
39 74 7437
39 75 2586
39 76 5353
39 77 6467
39 78 3027
40 41 693
40 42 2250
40 44 4903
40 45 7092
40 46 5826
40 47 4594
40 48 3971
40 49 5063
40 50 346
40 51 3900
40 52 2242
40 53 4576
40 54 1867
40 55 2595
40 56 2264
40 58 6866
40 59 4067
40 60 2012
40 61 7124
40 62 2036
40 63 5889
40 64 1826
40 65 2223
40 66 6429
40 67 1318
40 68 2266
40 69 2637
40 70 1021
40 71 2658
40 72 6146
40 73 1701
40 74 4422
40 75 6692
40 76 1977
40 78 2864
40 79 4969
41 42 4848
41 43 1098
41 44 2481
41 46 542
41 47 1589
41 48 2301
41 49 5913
41 50 6225
41 51 3623
41 52 2568
41 53 5045
41 54 4681
41 55 5778
41 58 81
41 59 4998
41 60 6413
41 61 3817
41 62 1050
41 63 1123
41 65 3423
41 66 3652
41 67 527
41 68 2207
41 70 454
41 71 1591
41 72 3221
41 73 247
41 74 1167
41 75 2272
41 76 1664
41 77 3631
41 78 68
41 79 1189
42 43 5021
42 44 2317
42 45 284
42 46 6202
42 47 3107
42 48 825
42 49 3353
42 50 46
42 51 2283
42 52 85
42 53 5824
42 54 7316
42 55 2391
42 56 4318
42 57 6977
42 58 1352
42 59 2138
42 60 1524
42 61 3420
42 62 1118
42 63 3934
42 64 1437
42 66 1483
42 67 4342
42 68 4146
42 70 5353
42 71 4140
42 73 7309
42 74 7084
42 76 1785
42 77 3126
42 78 6429
42 79 1237
43 44 4422
43 45 7191
43 46 3807
43 47 5045
43 48 7240
43 49 3365
43 50 1176
43 51 1894
43 52 6663
43 53 3975
43 54 436
43 55 173
43 56 3499
43 57 4379
43 58 47
43 59 176
43 60 988
43 61 1678
43 62 1616
43 63 4013
43 64 2596
43 65 4291
43 66 6297
43 67 437
43 68 7037
43 70 7472
43 71 2901
43 72 6253
43 73 5421
43 74 5096
43 75 207
43 76 2227
43 77 1445
43 78 540
43 79 1237
44 45 966
44 46 3888
44 47 5114
44 48 4025
44 50 7288
44 51 931
44 52 53
44 53 146
44 54 6246
44 55 402
44 56 6736
44 57 2211
44 58 1613
44 59 3903
44 60 1820
44 61 2097
44 62 7387
44 63 4602
44 64 1061
44 65 3418
44 66 1382
44 67 2241
44 68 5173
44 69 4240
44 70 1415
44 72 650
44 73 4965
44 74 6421
44 75 415
44 76 6218
44 77 7352
44 78 2653
44 79 1660
45 46 5448
45 47 6232
45 49 1932
45 50 1204
45 51 2274
45 52 2374
45 53 287
45 54 3190
45 55 3740
45 56 2868
45 57 117
45 58 5708
45 59 474
45 60 5535
45 61 4424
45 62 1660
45 63 5932
45 65 364
45 67 6320
45 68 6933
45 69 5156
45 70 6320
45 71 3666
45 72 6900
45 73 2049
45 74 7155
45 75 1250
45 76 1872
45 77 3840
45 78 5336
45 79 460
46 47 4806
46 48 2983
46 49 6827
46 50 4319
46 51 1846
46 52 4830
46 53 524
46 54 3224
46 55 6379
46 56 4642
46 57 3231
46 58 5012
46 59 1731
46 60 1602
46 61 4553
46 62 3334
46 63 3954
46 64 3561
46 65 6969
46 66 891
46 67 1206
46 68 1979
46 69 5566
46 70 503
46 71 7030
46 72 1828
46 73 2387
46 74 5567
46 75 5893
46 76 2536
46 77 6932
46 78 2507
46 79 3536
47 49 1856
47 50 4110
47 51 6503
47 52 5148
47 54 554
47 55 3689
47 56 5229
47 57 1695
47 58 3706
47 59 1936
47 60 4632
47 61 1599
47 62 1691
47 63 5151
47 64 375
47 65 5933
47 66 6128
47 67 4675
47 69 4258
47 70 6154
47 71 1595
47 72 7274
47 73 6783
47 74 1020
47 75 7028
47 76 231
47 77 2419
47 78 4541
47 79 7148
48 49 5750
48 50 7051
48 52 4
48 53 5305
48 54 3057
48 55 3109
48 56 3657
48 57 6024
48 58 5183
48 59 841
48 60 3144
48 61 2159
48 62 4080
48 63 3034
48 64 3803
48 65 6556
48 66 2555
48 67 2316
48 68 628
48 69 7014
48 70 1035
48 71 1287
48 72 1022
48 73 4512
48 74 3426
48 75 633
48 76 7014
48 77 3914
48 78 6946
48 79 3251
49 50 2451
49 51 6419
49 52 1838
49 53 6414
49 54 207
49 55 5002
49 57 6288
49 58 7274
49 59 646
49 60 7226
49 61 6610
49 62 3215
49 63 1559
49 64 6550
49 65 262
49 66 2308
49 67 6420
49 68 2109
49 69 3929
49 70 6712
49 71 7279
49 72 7460
49 73 2938
49 74 2367
49 75 5710
49 76 6137
49 77 6090
49 78 3275
49 79 6362
50 51 6357
50 52 2324
50 53 5747
50 54 5031
50 55 1396
50 56 1485
50 57 2667
50 58 5114
50 59 7329
50 60 1210
50 61 1838
50 62 3138
50 63 1942
50 64 1176
50 65 7079
50 66 6391
50 67 4365
50 69 1463
50 70 2333
50 71 2705
50 72 2153
50 73 4162
50 74 6129
50 75 2096
50 76 6849
50 77 7368
50 78 3983
50 79 4765
51 52 369
51 53 4140
51 54 223
51 55 3622
51 57 5084
51 59 4604
51 61 6757
51 62 5570
51 63 500
51 64 2471
51 65 1908
51 66 4750
51 67 946
51 68 3144
51 69 4311
51 70 998
51 71 2402
51 72 6041
51 74 3624
51 76 727
51 77 175
51 78 7016
51 79 358
52 53 803
52 54 6046
52 55 4995
52 56 6293
52 57 6089
52 59 1751
52 60 1501
52 61 6517
52 62 2710
52 64 6333
52 65 6749
52 67 5775
52 68 6061
52 69 5104
52 70 2524
52 71 3473
52 72 3130
52 73 1731
52 74 4208
52 75 924
52 76 6633
52 77 1480
52 78 4051
52 79 6207
53 54 3022
53 55 2633
53 56 1449
53 57 6179
53 59 2634
53 60 4003
53 61 909
53 62 2749
53 63 23
53 64 2088
53 65 2946
53 66 524
53 68 6172
53 69 3918
53 70 4156
53 72 6788
53 73 5285
53 74 4754
53 75 6877
53 76 1582
53 78 1342
53 79 1107
54 55 545
54 56 1309
54 57 4926
54 58 1312
54 59 6786
54 60 2417
54 61 2565
54 63 50
54 64 70
54 65 2608
54 66 831
54 67 2414
54 68 4215
54 69 2606
54 70 731
54 71 4134
54 72 839
54 74 396
54 75 633
54 76 5068
54 77 1736
54 78 7325
54 79 6534
55 56 1004
55 57 5995
55 59 6831
55 60 4165
55 61 364
55 62 7133
55 63 6300
55 64 2656
55 65 1187
55 66 6385
55 67 1127
55 68 4987
55 69 5505
55 70 557
55 72 3944
55 73 6223
55 76 620
55 77 5788
55 78 4574
56 57 4519
56 58 6414
56 59 1199
56 60 6520
56 61 20
56 62 3852
56 64 1857
56 65 1434
56 66 4480
56 67 736
56 68 5519
56 69 4825
56 70 2065
56 71 2802
56 72 4726
56 73 1361
56 75 7387
56 76 3315
56 77 5271
56 78 3108
56 79 7192
57 58 1182
57 59 4271
57 60 4499
57 61 1563
57 62 5370
57 63 2729
57 64 334
57 65 5660
57 66 770
57 67 6036
57 68 5676
57 69 4743
57 70 2532
57 71 3676
57 73 3367
57 74 1872
57 76 3848
57 77 3950
57 78 4640
57 79 2531
58 59 4677
58 60 3413
58 61 6391
58 62 4149
58 63 2590
58 65 6184
58 66 2435
58 67 6341
58 68 7091
58 69 6753
58 70 3296
58 71 5309
58 72 6152
58 73 7171
58 74 3453
58 75 2850
58 76 1803
58 77 2910
58 78 39
58 79 1074
59 60 238
59 61 3879
59 62 5010
59 63 949
59 64 3777
59 65 6061
59 66 2403
59 67 955
59 68 3644
59 69 6727
59 70 5367
59 72 7169
59 73 5376
59 74 5504
59 75 4431
59 76 3652
59 77 1948
59 78 549
59 79 4975
60 62 5175
60 63 5718
60 64 5282
60 65 6334
60 66 5000
60 67 6224
60 68 6488
60 69 239
60 70 6565
60 71 160
60 72 1674
60 73 6129
60 74 175
60 76 2545
60 77 614
60 78 4157
60 79 5760
61 62 7307
61 65 135
61 66 5158
61 67 4169
61 68 943
61 69 4263
61 70 6484
61 72 3564
61 73 3424
61 74 524
61 75 5134
61 76 7003
61 77 4809
61 79 6746
62 63 6071
62 64 268
62 66 5425
62 67 718
62 68 6703
62 69 7385
62 70 4878
62 71 2451
62 72 3344
62 73 3530
62 74 3615
62 75 4520
62 76 6339
62 77 4644
62 78 7425
62 79 7196
63 64 5096
63 65 5137
63 66 3013
63 67 3846
63 68 4247
63 70 476
63 71 7257
63 73 4483
63 74 268
63 75 3813
63 76 2566
63 77 4318
63 78 2629
63 79 4538
64 66 2133
64 67 7022
64 68 1441
64 69 6702
64 70 7326
64 71 7314
64 72 3489
64 74 7389
64 75 3218
64 76 2353
64 77 3794
64 78 6236
64 79 3479
65 66 3706
65 68 6739
65 69 967
65 70 4356
65 71 1839
65 72 3766
65 73 4193
65 74 817
65 75 2002
65 76 5273
65 77 3454
65 79 1835
66 67 2380
66 69 5858
66 70 3742
66 71 2177
66 72 5576
66 73 6945
66 74 3254
66 75 3693
66 76 1799
66 77 1950
66 79 2803
67 68 3541
67 69 5156
67 70 4022
67 71 7247
67 72 5263
67 73 3610
67 74 3525
67 75 7076
67 76 4613
67 79 3676
68 69 940
68 70 5585
68 71 3996
68 73 6798
68 74 837
68 75 6408
68 76 1231
68 77 7255
68 79 7038
69 70 6263
69 71 1629
69 72 6122
69 73 5113
69 74 4637
69 75 7208
69 76 3333
69 77 3456
69 78 4843
69 79 5478
70 71 439
70 72 3855
70 73 3917
70 74 6554
70 76 4943
70 77 6433
70 79 3623
71 72 4710
71 73 6602
71 74 1374
71 75 3978
71 76 1806
71 77 3386
71 78 683
71 79 2947
72 73 1753
72 74 6773
72 75 5609
72 76 6271
72 77 3269
72 78 3563
72 79 433
73 74 4657
73 75 7272
73 76 3544
73 77 271
73 78 4704
73 79 7453
74 75 6428
74 76 6008
74 77 6961
74 78 6379
74 79 4781
75 76 3410
75 77 469
75 78 5515
75 79 5858
76 77 1421
76 78 2441
76 79 5623
77 78 41
77 79 4857
78 79 6821
