35 80 2172
6279 3042 3683 273 1902 650 5268 3719 1831 2554 5128 5363 1345 1409 4349 3418 5380 6580 2959 1293 3662 7436 4483 4408 1351 2490 5141 5936 1021 2453 2640 7299 4346 6322 6423
6247 6971 4190 2466 154 5595 6445 5516 6940 6705 2364 2857 3436 296 4668 4728 2809 3455 562 6068 4806 1903 3708 2093 2924 5013 4732 2722 710 2405 1645 6957 727 4686 774 880 2781 7218 6396 2220 6422 111 3928 2357 406 1095 5936 2066 4550 6497 634 707 899 3193 2799 2674 705 6382 4248 1415 1286 4744 7223 2012 1929 496 1744 4709 6565 6991 5780 5486 7101 2208 6694 6359 3302 5129 7276 6703
2977 409 7409 2727 3602 2707 5401 3158 1588 2148 3424 1725 6891 1998 3737 171 2493 4332 3732 409 3822 2011 5894 2274 4218 3939 1132 6372 419 908 5574 3395 168 4335 4974 2621 7041 1726 4631 7481 2725 6906 1705 2115 1404 4293 1137 2748 1124 4868 3157 3797 6879 402 6071 2448 4341 7202 1319 4759 6961 5745 7006 5981 2579 4479 1101 971 5056 5731 7303 280 5137 1508 1246 5392 4652 2382 639 5776
7250 2647 924 5480 3049 6994 427 6241 5548 598 3499 3860 5194 1856 2340 6624 5186 3441 94 2741 523 7397 3020 4511 256 4265 1254 4907 6647 745 2034 5248 3391 2958 3227 5291 1303 2505 4031 6850 3102 6382 2062 7147 737 4401 6270 5923 6693 5216 1163 6068 3964 3035 3078 3071 7299 3184 477 5297 3928 1363 3044 7318 3172 6270 5109 3326 127 491 2676 2080 6872 3589 1727 109 489 6848 4883 6034
4563 4897 4601 7378 431 6530 2948 6582 2213 2277 4378 6140 2491 7422 4810 4514 5043 1270 339 5169 1760 1866 7249 1132 5454 1475 92 4795 7174 4974 3328 3089 1222 6780 2966 1653 5809 4766 734 6874 5894 3963 4365 884 3884 1674 5397 279 1795 4587 5447 3555 6453 4047 3538 4406 4373 3629 1700 4047 7454 3879 7135 1175 3158 1452 1679 1467 5069 2412 840 3462 5227 5204 3197 1610 5730 7445 740 24
4532 6187 2430 3484 1585 5967 6741 5958 2095 941 1356 900 4819 7342 2075 477 1293 3753 795 6362 5017 486 1175 2743 5689 4372 3204 2770 4316 3944 2794 199 1482 5223 3682 3066 2542 2923 375 4636 2715 1730 5536 6385 423 6462 6861 1716 2714 6507 6929 6582 6992 603 1824 5181 3826 5028 6802 642 323 947 840 1804 5022 3374 3721 63 5148 4096 3550 362 4677 1585 5598 5100 6898 4959 5667 2112
3965 3947 1193 3457 4549 1869 7489 875 5748 5642 368 6070 6589 59 6725 4110 2284 2945 4172 7431 5892 221 6644 1921 658 4742 5872 55 1052 4038 1018 3868 484 1063 6176 3884 2931 5016 3610 30 3158 3977 6099 2246 2888 5323 5207 5171 7119 1878 3954 5511 950 3097 7431 1607 6690 5802 514 241 1191 1531 4109 526 2593 1636 4409 4375 6652 6871 3256 2309 3347 1854 3406 5086 6028 1112 2757 5647
1841 6710 3657 2790 1158 2439 4397 348 740 4910 6940 1930 5292 2400 2455 6737 4036 5715 2463 2039 5085 5719 4347 7284 72 6604 4869 4952 215 6477 1950 2055 4538 4458 3696 5696 6896 592 4895 6487 4353 3186 7268 2145 5586 2222 233 973 6788 2695 3011 3225 913 6209 3008 7337 5312 6728 4788 4378 5705 6737 6432 1594 3694 2627 6141 1941 2071 3535 927 5275 5573 694 6271 3658 1767 6503 4630 1054
1698 6492 4278 2610 5200 6137 1298 3011 5365 6085 7388 2421 4173 5171 4014 6718 6649 2655 1158 71 5041 936 5346 3113 1629 4116 5622 3395 3119 1603 3301 4816 594 6430 6277 5793 3919 75 1303 1783 5011 42 3055 536 5212 7068 7253 4361 1074 7263 4431 4967 698 1128 6931 1179 5244 3905 3425 862 5507 5577 4529 4953 4507 2157 3245 7277 2231 3400 1559 6094 3441 4613 6629 5 3032 5233 3217 2958
3847 6499 6776 4545 127 6206 5723 5370 2610 499 5083 6969 6076 2111 4421 1934 3119 6517 1710 5350 1268 3268 2795 4709 6732 775 3565 1115 6007 6781 2924 2354 5779 2199 5750 4757 905 2824 2626 2366 3322 6560 686 1897 22 3958 3830 3141 1827 5539 7342 3094 158 2636 6654 5741 3410 2718 6856 768 850 1131 3121 6629 3330 222 2737 3086 3045 5363 4303 6367 3274 4989 763 3296 298 3445 5288 2124
1483 5129 5218 1641 6616 3223 6233 1377 5941 4440 2144 6790 5571 4117 4770 1400 4338 7 4485 7383 4221 1287 6249 7494 5127 5863 2141 4277 1807 6280 6400 3290 3908 2969 3782 1875 6192 1366 3251 3484 5806 5395 2773 3876 863 6395 5275 5200 6401 1111 3934 1973 1249 2682 818 5228 7397 1811 2004 1703 590 7255 3844 3350 2724 6477 5224 267 343 975 3750 6148 5221 6522 2523 4935 4268 6649 2634 2020
259 6568 3992 359 601 4810 5586 497 5472 6441 2200 6061 6196 4895 1910 1419 3872 7134 537 4214 6960 4286 1713 3532 2159 3087 966 6427 2235 3599 946 1345 1518 3790 1703 2119 1099 6141 1467 6570 5081 2518 3982 3776 7413 5892 4046 3784 4377 4582 6849 3836 1367 1061 7367 2378 4147 7184 1304 5233 3282 1101 5429 3652 4890 5983 4622 4840 4623 6088 2761 1056 7458 6743 4831 7370 5134 229 2505 862
4810 1853 4697 5029 1765 3415 7406 4763 3098 61 2495 5231 1161 6775 1382 6051 5257 4855 3390 1232 2295 6151 2287 2252 4245 5969 2121 1878 6197 4625 2739 2359 5329 6287 6239 7093 1053 4996 3207 4150 5056 4553 732 5068 3827 2114 2470 1583 5820 5860 2814 614 3362 5100 2865 106 2421 3837 835 1117 7313 2425 2327 5141 63 1065 3585 1115 6060 6791 5264 2467 3843 5995 35 169 6960 2504 604 5280
7215 3417 4745 1928 7369 110 885 2289 3946 1719 2257 2611 2995 4584 251 3057 4500 2688 4171 1912 1978 786 4378 4673 5633 3264 3693 5092 5768 4296 1723 4334 6565 6468 6262 5285 5429 7146 73 1874 217 1181 4484 3211 4616 3587 5120 1616 6274 642 3527 7103 1428 404 4275 7060 3668 468 3503 787 4763 5226 5120 2679 3045 2733 463 973 1231 6887 1698 1447 568 5034 3509 5183 1120 1128 5650 6245
622 1676 5847 2049 932 2622 1608 3451 1941 5110 4237 5555 1687 708 734 4731 2293 1196 5703 3523 583 7401 4969 2 4934 7329 5184 4905 7309 3334 3649 430 3861 847 2478 4792 3468 2937 742 4260 6898 3830 2315 7437 3390 3048 4667 5682 4243 1722 1704 3677 1622 5524 3678 5407 5352 214 1663 5160 2399 5311 4441 5111 6157 5770 2403 977 1206 1996 5236 6956 4678 50 6892 567 1949 2910 6248 6192
4631 451 1220 5104 5974 3750 1862 2677 3963 3524 337 5213 186 3629 2823 5195 1899 4077 5023 1956 4925 2758 1411 2102 1660 802 2668 2460 2564 1415 3 7194 1865 1223 4798 6690 4972 6659 1866 286 1535 1054 4350 1720 4683 7172 6914 5433 2601 4436 7388 25 6046 1299 2126 6557 952 4793 1516 3515 5059 1519 2061 5775 1593 6858 4964 6564 4868 5681 5701 5254 6735 2550 6974 2769 1073 5239 701 2525
1027 588 2549 5924 738 3526 3832 542 818 5347 2908 5876 5717 4968 4150 6161 3177 465 4076 545 6146 2276 4650 4232 3677 4123 7000 3602 714 6552 6126 592 7139 27 6515 6729 3552 1698 7270 4370 5896 2677 1597 4113 6497 4599 2773 2173 3915 6849 1569 2560 476 6219 6791 3005 1693 5142 6606 2406 4193 5231 1849 2684 5257 7215 1912 1309 1412 533 4530 7308 2061 4978 2772 1057 928 4396 3230 3695
2596 4798 6254 1924 3516 4397 4928 4061 2038 4033 6466 5083 615 7167 266 4724 6881 2177 4884 7145 1561 765 6952 2473 4594 1075 3530 5522 5470 5611 1716 6918 1760 6821 1341 4128 2569 6268 688 4607 1652 6005 2189 2266 5671 1306 6989 3904 2334 3224 3548 3894 3988 1851 6366 1082 2925 1247 5455 7246 5709 7170 6663 7469 5342 6855 2948 411 5622 3635 3869 6125 991 4909 7243 6662 6214 6731 1917 1047
2455 5464 3792 5294 7314 1509 6375 1590 2756 4329 1335 7316 2850 6850 7284 692 6204 1583 7454 3178 5217 3822 1802 6208 1230 1544 4221 6295 7127 6137 7341 933 2952 2484 6226 1617 3992 3953 3206 5599 781 3392 5415 3631 2741 4050 3174 297 5633 3127 2326 2201 6948 2979 908 7029 3375 3980 5823 1853 1468 4515 2785 3271 6998 362 4887 2341 3166 6944 440 3947 1688 4706 6429 3280 1255 2102 3576 6887
5228 4753 1588 3527 232 1347 3055 3606 4179 229 5458 5646 3595 7094 269 1944 6307 5155 4284 1973 3451 3575 5919 3990 780 4847 7269 2035 5800 2197 273 3527 6949 712 5905 7180 911 311 2137 5089 539 94 2086 2985 7187 2354 4928 5994 6361 563 466 1163 4138 5236 5152 4917 1434 3772 5803 7233 5968 4928 2111 4269 5639 515 3948 6549 825 4937 2989 215 5030 5075 3199 3569 6280 6978 914 5140
6392 231 5154 3029 5466 2805 6798 5751 6577 3952 5483 3896 1379 6445 664 7018 5811 4612 4918 6635 900 407 5701 5929 4333 251 849 3112 7228 1762 7104 6119 1992 4757 500 6309 62 6149 3411 5490 2600 245 1885 3979 6689 2549 2348 4999 6012 7265 2985 6911 6523 1185 5339 3355 1435 5040 5319 14 6801 4922 6133 145 2178 5484 5305 2239 4132 1216 6580 6731 1460 965 2061 7001 3513 4408 4499 2024
3025 7484 1434 2047 20 5624 4254 307 3163 2072 320 1316 5845 5304 1460 522 3287 6764 1613 7418 6831 692 5501 7143 1656 61 6643 4020 3321 2493 6043 6345 2476 6328 7243 1348 4452 2848 1654 6466 3771 1973 281 2115 7277 592 2637 1915 6208 3101 685 5538 3792 6185 5180 4300 5097 3174 819 7269 5667 5714 6113 6994 4541 4708 841 344 55 2494 6810 2678 3319 5942 4792 1947 6534 6280 2713 5241
732 3397 2130 3376 933 6162 175 4882 1835 7345 4650 1 5558 2115 6995 1451 6822 335 1794 5728 1681 7455 905 3851 5897 4549 4649 3782 3328 7361 374 4060 2110 2503 7435 3042 1164 6461 6775 1851 5157 3925 1851 3215 6039 1345 3517 4212 532 5310 1291 1064 4117 2196 3766 1365 5596 914 5146 275 7126 5519 3186 1735 6873 1972 3629 537 932 1755 2387 6089 5679 3089 655 3069 3286 4171 6132 2669
832 7423 2584 4948 970 6349 6312 5417 6114 2809 5691 4591 827 1377 5178 6552 3348 1306 7088 4280 1912 826 1720 6443 2766 1226 863 6051 5396 6995 1219 5079 5769 3802 1379 5590 1502 190 3506 6467 1851 1696 3558 1529 1924 1235 580 5272 1392 6519 903 3303 6196 2622 2245 1462 2699 3108 6364 594 1454 6435 5672 6074 1588 5902 4163 3090 6092 6520 2056 6794 715 4465 822 2639 5699 254 6762 5942
6772 164 1745 5468 1637 2841 5781 4335 4800 4644 3780 5105 3578 803 3678 5166 6705 340 7107 4148 5711 1662 3441 6426 6127 3114 416 3177 3367 7177 1619 2639 6192 2215 6958 328 5055 5238 3514 1207 2381 7293 6311 4811 595 2489 2476 7299 1680 2082 2798 7391 2595 6238 5168 73 1852 4435 2102 5218 4111 3720 6708 1654 4786 6165 1981 1192 3902 5494 2398 5135 4138 61 2445 4732 1401 3772 3383 1932
5853 6180 674 7299 3770 5841 7372 5621 2775 1973 2190 5737 4544 250 6242 1829 6414 722 3020 1668 5067 4270 5654 1704 4330 6950 5288 5730 3221 22 6513 425 5053 7187 223 1322 5527 94 5794 7154 918 6836 4242 4313 7085 2984 6141 4850 2557 513 6517 6476 3634 3522 7031 6815 2971 3670 5044 6191 3691 4056 6615 1244 2594 6838 1417 621 5783 7211 6626 5553 6546 2219 1217 6130 4054 6210 3479 5463
6722 1348 4438 1707 3721 2820 1021 6692 6490 4916 4234 1532 323 2201 1627 2917 390 3044 2389 5024 1606 1514 3076 651 2584 3145 5632 6638 1854 462 4600 7427 661 389 1633 4382 3208 2653 2425 1049 68 5510 2581 390 210 4207 3306 599 6102 5694 5623 207 6059 50 857 1143 3194 5340 6632 3899 5802 2583 3825 5314 1823 5457 1047 3882 609 3471 4931 7028 1481 11 7418 542 3069 2075 1141 1671
6621 5615 1877 5179 4516 1586 5173 6562 5777 3156 2960 2930 4590 6785 744 6412 4741 1790 2794 4202 4113 224 3729 5593 6586 2498 4986 2154 4573 6126 2676 3693 3092 3405 223 108 4990 4248 5521 2118 7403 980 5048 3345 264 5791 2256 3857 6432 3901 558 3044 2976 3138 7488 2061 5636 4974 3067 2708 2451 4594 5252 5543 498 4326 4502 4339 1073 2522 6457 7328 3501 4004 2024 2617 1146 4279 5325 77
7032 4734 3121 2507 371 1960 3420 6006 6933 5338 65 1884 2431 4168 7426 1781 994 3279 6119 918 5800 5075 7097 652 430 1620 2120 1575 4751 7444 504 4282 4677 2476 5640 5048 4435 411 2405 2720 5748 2470 4603 7031 5489 3380 1311 6482 6658 7429 6252 4957 3856 5848 4460 4285 6320 6580 4712 3570 6523 4067 6703 2552 5394 3694 6451 2328 4105 207 5047 2352 1528 1001 1882 7017 3232 2044 4850 2389
1973 3601 6197 4680 801 3157 316 7120 2236 5027 2041 110 445 1243 1513 5838 4936 463 7018 392 670 3416 1596 2197 4417 3477 565 148 4373 5415 1389 6345 1515 85 3524 2315 2093 3839 786 3180 218 2826 2142 7014 2920 3654 5352 6708 2969 3721 7099 2490 7136 1194 3538 2904 3523 4103 1904 395 2017 3292 5591 2383 2228 466 4698 3173 3156 4335 6352 2225 7161 993 1739 1432 3499 5942 639 5319
2162 6590 308 1797 6635 3845 3553 2657 447 5456 1903 1315 1247 6345 3698 2326 6810 7247 5498 1318 4081 4350 3542 2593 4194 4132 4025 6544 2573 3515 4362 4734 1456 4669 5383 591 7366 1435 2099 6664 6890 4002 479 6988 1698 4176 1813 7360 2774 6163 1177 6854 1864 4718 799 4909 1350 3675 3953 2774 7189 814 6360 7497 4335 4242 587 4200 4528 2685 2215 2769 5538 2693 1108 7236 5720 1772 7095 7345
434 7123 6699 2297 4340 6349 7206 4541 2523 2510 7315 1063 2175 6174 1059 6509 1767 1645 2060 5146 3182 3127 414 1219 5819 1521 7306 2891 2144 5752 2735 2578 5374 785 3726 1066 7133 2283 4458 2155 4792 4272 2070 5819 1797 3128 3679 2415 4773 4591 60 6806 217 6825 6876 6035 7197 6682 277 1841 3785 3012 3270 511 2648 6995 1576 1133 630 6033 2139 4273 1657 4208 2591 2305 7336 6270 4720 3460
3360 3631 2765 3576 2956 992 962 2652 173 1239 3344 2810 3102 6613 3320 4601 4960 4895 5733 5589 2279 372 2361 3935 4579 4952 6240 3266 2573 2311 6725 5932 5941 841 859 1396 1833 1820 2900 857 1910 6243 3666 3863 4208 5837 7316 1667 2083 5548 7255 4362 5919 967 7148 1850 4770 4739 5115 7342 7049 3192 4625 4342 4032 5483 4589 4716 6155 7488 5573 564 5083 590 3279 642 6427 3094 2308 1009
1141 914 4222 5912 732 2722 6613 5502 7460 4227 5343 5861 7418 2468 2702 2802 450 7290 17 6604 6130 4441 6020 2564 5031 650 3205 2809 3743 5512 2669 3735 5277 6891 998 6008 2112 110 4009 923 3189 704 6783 1958 3171 836 4759 2472 626 3628 428 5607 6920 6447 670 4450 7096 3874 6110 2190 737 1279 5924 6013 7021 5774 4520 484 5883 7381 1406 1571 584 7041 2381 2606 6728 7139 5077 6205
2118 4356 4311 1538 2154 4980 4839 1749 1353 3449 2790 941 4727 66 6953 3099 5839 2825 3582 4221 1557 3839 4644 2140 3379 7024 3597 2607 5514 1173 1311 6484 4381 4474 521 6534 1953 4211 7135 2158 159 2424 3098 3737 2489 1403 6835 7179 3079 1768 2752 4635 5607 7395 6774 337 5770 2870 1795 2635 2894 1958 1618 6126 6431 990 5160 7235 5201 4794 744 4211 7217 2694 448 1058 4096 6134 736 7174
402 3487 3160 4860 2233 1285 5196 6854 3006 6991 841 5899 1448 1310 4525 6730 1152 1036 6464 6352 5829 6060 1914 4397 1253 1213 4306 4200 7347 5042 3873 6600 7380 5884 3959 965 7168 506 6670 2673 7496 10 7423 295 172 4447 5876 1323 4334 3692 6526 2662 2251 939 5911 3503 1004 2716 202 7202 257 2926 6301 6489 1309 1611 6305 976 2116 4326 3648 964 3188 3570 1258 3359 6869 7134 4681 3702
0 3 2760
0 4 2244
0 5 553
0 7 1215
0 9 280
0 11 2858
0 12 2805
0 13 1571
0 14 2521
0 15 4973
0 16 5922
0 17 2308
0 18 7124
0 19 2746
0 22 4920
0 23 1476
0 24 1180
0 26 6659
0 28 7117
0 29 326
0 30 6291
0 31 4968
0 34 2222
0 35 5375
0 38 4240
0 39 175
0 41 5094
0 42 4602
0 43 3415
0 44 7379
0 45 465
0 46 1041
0 47 5447
0 48 3934
0 53 5169
0 54 6447
0 56 2797
0 58 2971
0 59 6676
0 60 4436
0 61 5053
0 62 1273
0 63 626
0 64 1404
0 65 5733
0 67 1018
0 68 1464
0 70 2536
0 71 1014
0 72 2682
0 73 3130
0 75 4952
0 76 2790
0 77 4810
0 78 7124
1 2 3407
1 5 4005
1 6 3012
1 7 6530
1 10 6531
1 11 4626
1 12 223
1 13 1257
1 15 6019
1 16 651
1 17 2875
1 19 2499
1 22 3161
1 24 6018
1 26 4205
1 27 4985
1 29 4016
1 30 562
1 32 369
1 33 5022
1 35 4678
1 36 551
1 38 6129
1 39 2985
1 40 6159
1 42 725
1 43 7066
1 44 218
1 45 3288
1 46 3444
1 47 3223
1 48 418
1 49 2077
1 52 2679
1 53 6924
1 55 1587
1 56 7396
1 57 1812
1 59 7463
1 61 5880
1 62 4650
1 63 7220
1 65 4726
1 67 5143
1 68 5615
1 69 1954
1 72 4315
1 73 38
1 74 4252
1 75 2971
1 76 3691
1 78 2969
1 79 3257
2 3 6619
2 7 1551
2 11 1682
2 12 6888
2 13 6938
2 14 2238
2 16 638
2 17 6106
2 18 5793
2 19 6349
2 21 817
2 22 2370
2 23 5772
2 24 3182
2 25 744
2 27 6289
2 29 3116
2 30 2621
2 31 6328
2 33 5000
2 34 5262
2 35 5659
2 36 4753
2 38 1369
2 40 2590
2 42 1783
2 45 7220
2 46 167
2 47 5339
2 48 3627
2 51 4169
2 52 6306
2 53 480
2 54 5526
2 56 1385
2 58 4412
2 59 1323
2 61 3106
2 62 114
2 63 3439
2 64 3502
2 71 2073
2 73 1940
2 74 3222
2 75 254
2 78 469
2 79 7282
3 6 3749
3 7 1234
3 10 4233
3 12 2367
3 13 7136
3 14 3315
3 15 3226
3 16 1352
3 18 169
3 19 436
3 21 904
3 23 1547
3 27 751
3 28 5129
3 30 7495
3 31 2829
3 33 6868
3 35 2593
3 37 4335
3 38 1594
3 39 4435
3 41 4190
3 42 3342
3 43 4931
3 44 2383
3 45 2461
3 46 4694
3 48 4688
3 49 754
3 50 6887
3 52 609
3 53 6722
3 54 4751
3 56 1285
3 57 998
3 58 3196
3 59 923
3 61 2633
3 63 5093
3 64 1595
3 65 4408
3 67 4014
3 68 7256
3 69 1602
3 71 823
3 72 1801
3 73 2579
3 74 1901
3 75 666
3 76 4631
3 77 3084
3 78 3073
3 79 16
4 6 462
4 7 6843
4 8 1530
4 9 5775
4 10 5194
4 12 2244
4 13 600
4 14 2444
4 15 5981
4 18 5995
4 19 4790
4 20 4703
4 21 5031
4 22 7380
4 23 4032
4 24 4513
4 25 2569
4 26 6753
4 27 3265
4 28 3204
4 30 3803
4 31 6324
4 32 5736
4 33 5086
4 34 6865
4 35 7375
4 36 3876
4 37 4825
4 38 6468
4 39 2828
4 40 7007
4 41 280
4 43 2984
4 46 6350
4 47 194
4 48 2592
4 49 2044
4 50 2464
4 51 1679
4 52 3355
4 53 5512
4 54 5149
4 55 262
4 56 5988
4 57 7149
4 58 6899
4 59 4203
4 60 5569
4 61 6274
4 62 360
4 63 727
4 64 3845
4 65 5265
4 67 6943
4 68 2104
4 69 4807
4 70 6063
4 71 4807
4 72 5305
4 74 6450
4 75 784
4 76 3411
4 77 4946
4 78 974
4 79 6355
5 6 7108
5 8 4872
5 9 2071
5 10 7153
5 13 72
5 15 4878
5 16 6785
5 18 4586
5 19 3392
5 23 4483
5 24 691
5 26 298
5 30 5714
5 31 2600
5 32 4913
5 36 5040
5 39 1713
5 40 5232
5 41 550
5 43 3436
5 44 4823
5 45 348
5 46 2127
5 47 1290
5 49 7003
5 50 2132
5 51 4392
5 52 7256
5 54 4796
5 56 195
5 59 5773
5 63 2467
5 64 5729
5 67 4604
5 69 4136
5 71 6268
5 73 4512
5 74 6168
5 75 6135
5 76 7451
5 77 2885
5 79 9
6 7 6264
6 8 1934
6 9 6884
6 10 600
6 11 6869
6 12 5366
6 13 690
6 14 3201
6 15 1440
6 16 2821
6 17 3590
6 18 265
6 19 5415
6 20 5246
6 24 5017
6 26 5099
6 27 3112
6 28 5106
6 29 2252
6 30 6053
6 31 2827
6 32 1250
6 34 2922
6 37 7308
6 38 6301
6 39 575
6 40 4005
6 41 6245
6 43 1695
6 44 6842
6 45 3668
6 48 6270
6 49 212
6 53 7377
6 54 3108
6 55 4119
6 56 4322
6 58 3748
6 60 927
6 62 3245
6 64 2587
6 65 2088
6 70 718
6 72 1030
6 73 612
6 74 4272
6 76 4890
6 78 3259
7 8 3336
7 9 2152
7 11 6145
7 12 4837
7 14 3221
7 15 4799
7 18 3179
7 19 5397
7 20 1874
7 22 1681
7 23 3709
7 24 1099
7 25 3889
7 26 1655
7 27 807
7 28 7441
7 29 1293
7 31 5585
7 34 4927
7 36 6958
7 38 2653
7 40 323
7 41 3457
7 42 6445
7 43 2350
7 44 3210
7 45 5728
7 46 795
7 47 1172
7 48 1796
7 50 7496
7 53 329
7 54 2084
7 55 4508
7 57 869
7 60 441
7 63 1075
7 66 2866
7 68 4037
7 69 3320
7 71 3316
7 72 3713
7 73 255
7 75 7461
7 76 4112
7 77 7300
7 78 216
8 9 5957
8 10 1454
8 11 910
8 12 4037
8 13 296
8 14 6663
8 16 5524
8 18 5450
8 21 4171
8 22 4516
8 23 4328
8 24 2901
8 25 2205
8 26 4661
8 29 5397
8 30 2268
8 31 1677
8 32 6346
8 33 4495
8 36 2626
8 37 2979
8 38 218
8 39 4831
8 40 1602
8 42 3355
8 43 1428
8 44 1371
8 45 5077
8 46 6337
8 48 7121
8 49 1372
8 50 3197
8 52 7262
8 53 6522
8 56 846
8 57 6171
8 59 329
8 62 5081
8 63 5909
8 64 6600
8 65 3709
8 67 3329
8 68 3777
8 69 6484
8 70 3395
8 72 2417
8 73 1021
8 74 219
8 75 2426
8 76 6684
8 77 803
8 78 6144
9 10 3405
9 11 3044
9 12 6963
9 13 3055
9 14 909
9 15 1142
9 17 4536
9 18 6768
9 19 3214
9 20 2060
9 22 3337
9 23 6272
9 24 6588
9 25 2438
9 28 724
9 29 5343
9 30 1207
9 31 680
9 34 859
9 35 5209
9 36 2726
9 38 1865
9 40 1453
9 41 2130
9 42 4054
9 43 268
9 45 3107
9 46 4613
9 47 379
9 48 1547
9 50 2514
9 51 6150
9 54 570
9 55 5073
9 56 3809
9 58 5261
9 59 4659
9 61 4727
9 63 2264
9 64 5538
9 65 5754
9 70 1165
9 71 3707
9 73 6416
9 75 3988
9 76 5630
9 77 5173
9 79 2331
10 12 5910
10 13 2010
10 14 1594
10 15 6401
10 16 3667
10 17 5999
10 18 6982
10 19 571
10 21 447
10 22 5860
10 25 6748
10 26 6174
10 27 4774
10 28 567
10 29 5766
10 31 5290
10 32 4689
10 33 4540
10 34 4967
10 36 3300
10 37 191
10 38 4602
10 39 6294
10 40 607
10 43 2569
10 44 1344
10 45 1344
10 46 4770
10 47 3861
10 48 3751
10 49 6600
10 50 4445
10 52 7482
10 53 5262
10 54 4968
10 55 4987
10 57 6799
10 59 2113
10 60 4754
10 61 3964
10 63 4725
10 69 578
10 70 5435
10 71 6112
10 72 3013
10 73 4652
10 74 5825
10 76 6570
10 77 6554
10 79 2822
11 12 6001
11 14 1149
11 15 1522
11 17 3000
11 19 2430
11 20 1723
11 24 1655
11 25 1861
11 26 2983
11 27 5401
11 28 2406
11 29 5671
11 32 3364
11 34 5077
11 36 375
11 37 4894
11 40 4737
11 42 2078
11 43 6946
11 44 2435
11 46 5787
11 47 2823
11 48 535
11 49 4771
11 51 6987
11 54 1321
11 55 4938
11 56 2211
11 57 6894
11 58 5189
11 60 7266
11 61 5808
11 62 1595
11 63 2240
11 64 6612
11 65 6924
11 66 3759
11 67 1899
11 68 3681
11 69 5017
11 72 4532
11 74 3836
11 79 141
12 14 2829
12 15 3425
12 16 1734
12 20 2944
12 21 2933
12 22 384
12 23 4789
12 24 1454
12 25 3362
12 26 1871
12 27 3031
12 28 1220
12 33 1892
12 36 477
12 37 3849
12 38 3908
12 39 4689
12 40 6564
12 41 299
12 42 2753
12 44 6114
12 45 1901
12 46 3003
12 48 7133
12 50 5170
12 52 3912
12 53 3999
12 54 5939
12 56 2346
12 57 7265
12 59 2540
12 60 258
12 61 291
12 62 3906
12 63 3336
12 64 3266
12 65 6948
12 67 4392
12 69 2580
12 70 5877
12 71 4274
12 72 4629
12 73 5513
12 74 6615
12 76 507
12 77 7280
12 78 3731
13 15 3402
13 16 6112
13 17 423
13 18 2969
13 19 6132
13 21 814
13 23 3939
13 25 3289
13 26 3272
13 27 5646
13 28 1762
13 30 6412
13 31 1493
13 32 7014
13 35 1424
13 36 4837
13 37 2733
13 38 6729
13 39 1985
13 40 4504
13 41 4971
13 42 1712
13 43 429
13 45 2075
13 46 3149
13 47 1343
13 49 162
13 50 1238
13 53 4226
13 55 5810
13 56 3985
13 57 2002
13 59 425
13 62 4815
13 64 26
13 65 6386
13 66 2858
13 68 6702
13 69 22
13 70 4400
13 71 1952
13 73 5560
13 74 6744
13 75 4425
13 76 3675
13 78 3924
14 15 90
14 16 4315
14 17 1061
14 20 2280
14 22 373
14 23 2411
14 24 5534
14 26 4761
14 28 2856
14 31 6993
14 33 2268
14 37 1795
14 38 1467
14 40 4237
14 41 1094
14 42 6499
14 43 7471
14 44 834
14 46 4446
14 49 276
14 51 6120
14 52 7374
14 53 5641
14 54 947
14 56 2271
14 58 5735
14 59 1621
14 61 6971
14 62 2926
14 63 1814
14 64 813
14 65 3067
14 67 2194
14 69 7165
14 70 1187
14 71 7060
14 73 5605
14 74 324
14 75 7036
14 76 2364
14 77 1941
14 78 6978
14 79 7096
15 16 4735
15 17 1234
15 18 124
15 19 906
15 20 578
15 21 834
15 22 2257
15 23 6760
15 24 5789
15 26 4964
15 27 3226
15 28 4196
15 30 867
15 31 7234
15 32 1984
15 34 3218
15 36 7018
15 38 6447
15 42 2787
15 43 6102
15 44 2771
15 45 4891
15 46 4369
15 47 151
15 48 2928
15 49 6869
15 50 6682
15 51 3685
15 52 3421
15 53 4749
15 55 115
15 56 2819
15 58 2919
15 60 1520
15 61 6413
15 62 3916
15 63 5883
15 64 1369
15 65 4310
15 67 5823
15 69 859
15 70 329
15 71 3627
15 72 6535
15 73 2854
15 75 1089
15 76 6652
15 77 3994
15 78 4791
15 79 2092
16 17 3890
16 18 7378
16 20 7466
16 21 4956
16 22 1190
16 23 4466
16 24 6226
16 25 2487
16 27 4193
16 28 4384
16 29 938
16 30 3659
16 33 2938
16 34 5810
16 35 6127
16 36 5757
16 37 3356
16 38 2716
16 40 7382
16 43 5352
16 44 2719
16 45 979
16 47 6260
16 48 1453
16 49 5902
16 50 1071
16 51 4669
16 52 5871
16 53 1622
16 55 4977
16 56 1473
16 57 596
16 58 2532
16 60 383
16 64 2712
16 66 3683
16 67 6542
16 68 2801
16 69 7480
16 73 6316
16 76 5697
16 77 416
16 78 1403
16 79 40
17 19 5574
17 21 4586
17 22 4080
17 23 6991
17 25 427
17 28 4191
17 29 3959
17 31 5286
17 33 3482
17 34 2337
17 35 2888
17 36 17
17 37 6317
17 38 4846
17 39 379
17 42 144
17 43 7042
17 45 3959
17 46 4772
17 48 1281
17 49 422
17 51 2756
17 53 1585
17 54 3445
17 56 2261
17 57 6390
17 58 4124
17 59 4816
17 60 7186
17 61 4105
17 62 1755
17 63 5285
17 71 1301
17 72 4967
17 75 3337
17 76 876
17 77 360
17 78 3706
17 79 1717
18 23 2349
18 25 226
18 27 5735
18 30 4022
18 33 1387
18 35 3576
18 36 7331
18 37 4497
18 39 3250
18 40 5334
18 42 1559
18 43 243
18 45 468
18 47 5054
18 48 1973
18 50 475
18 52 1862
18 54 4289
18 55 2239
18 56 3666
18 59 3771
18 60 6306
18 61 3902
18 62 3055
18 64 2374
18 65 887
18 66 6127
18 67 496
18 68 2186
18 69 5195
18 70 7486
18 71 7187
18 72 46
18 74 5368
18 76 1638
18 78 4450
19 20 6356
19 21 3305
19 22 5278
19 24 3904
19 25 6854
19 26 6940
19 27 1043
19 29 7498
19 30 2
19 31 6860
19 33 3501
19 34 5901
19 36 1702
19 37 45
19 39 3349
19 40 5450
19 41 5849
19 42 3645
19 44 1936
19 45 6244
19 46 6911
19 47 4002
19 50 1086
19 51 5713
19 54 4202
19 55 6680
19 56 5465
19 57 95
19 58 3652
19 59 3303
19 60 1483
19 61 909
19 64 5395
19 65 3597
19 66 2446
19 67 4108
19 71 2892
19 72 1783
19 74 6029
19 75 5602
19 76 3218
19 78 5372
19 79 3147
20 23 2499
20 25 6680
20 27 478
20 28 666
20 30 1837
20 31 4890
20 33 5189
20 34 751
20 35 3466
20 36 6670
20 37 7390
20 38 1532
20 39 1121
20 40 951
20 41 1978
20 42 502
20 43 7171
20 45 336
20 46 6758
20 47 4280
20 48 2433
20 49 688
20 50 901
20 52 5478
20 53 331
20 56 7254
20 58 7056
20 59 1444
20 60 6202
20 61 2339
20 63 1526
20 64 3315
20 66 6313
20 68 7000
20 69 6551
20 70 6741
20 71 3504
20 76 5935
20 77 6907
20 78 6399
20 79 2835
21 22 2117
21 24 3642
21 25 6716
21 26 2886
21 27 227
21 29 3207
21 31 2447
21 34 2416
21 36 1118
21 37 6109
21 38 4201
21 39 1450
21 45 3490
21 46 2453
21 47 2699
21 48 5114
21 52 7183
21 54 6905
21 55 805
21 57 7224
21 59 3924
21 60 931
21 63 2064
21 65 5553
21 66 3211
21 68 5889
21 70 3125
21 73 369
21 75 6857
21 77 5815
21 78 2548
21 79 1865
22 23 5078
22 24 3765
22 25 3943
22 27 1996
22 29 4126
22 30 2136
22 31 3317
22 32 6518
22 36 5686
22 38 5011
22 39 7225
22 40 56
22 41 1039
22 42 3469
22 43 3763
22 44 658
22 45 758
22 46 545
22 47 6703
22 50 4496
22 51 6375
22 52 3712
22 54 1306
22 55 3666
22 56 2800
22 57 1325
22 62 423
22 66 53
22 68 6755
22 72 3450
22 74 7161
22 75 1769
22 76 5014
22 77 2235
22 78 6862
22 79 2406
23 26 448
23 27 2493
23 28 4215
23 29 7278
23 31 5384
23 32 2273
23 35 6655
23 36 5383
23 37 5969
23 38 4958
23 39 6287
23 41 1198
23 43 269
23 44 946
23 45 4894
23 46 2828
23 47 6801
23 48 6967
23 49 3251
23 50 3192
23 52 1199
23 54 1143
23 56 4953
23 57 5887
23 58 930
23 59 4658
23 60 6204
23 63 5599
23 64 6497
23 67 6588
23 68 3609
23 69 422
23 70 788
23 72 3835
23 73 3284
23 74 6566
23 75 2969
23 76 4176
23 78 5602
23 79 3707
24 25 3775
24 26 72
24 28 1266
24 29 6865
24 30 4442
24 31 5268
24 32 7330
24 33 1166
24 34 7353
24 35 746
24 37 2566
24 38 4371
24 40 2472
24 41 3968
24 42 4406
24 43 720
24 44 4902
24 45 509
24 47 4951
24 49 2338
24 50 542
24 51 6800
24 54 5663
24 55 2611
24 56 3869
24 58 5193
24 59 6005
24 60 2967
24 61 5413
24 62 5734
24 63 2003
24 65 5805
24 67 642
24 69 2997
24 70 5373
24 71 7139
24 72 1799
24 74 5667
24 75 6200
24 77 3556
24 78 6912
25 26 7258
25 27 3564
25 28 3973
25 29 6417
25 30 4934
25 31 2572
25 34 285
25 37 4356
25 38 6833
25 40 4384
25 41 1288
25 42 5284
25 43 4828
25 44 6809
25 46 6273
25 50 1795
25 51 5326
25 52 2709
25 53 4491
25 54 5848
25 55 2122
25 57 4644
25 59 729
25 60 1520
25 61 2338
25 62 7463
25 63 5148
25 64 6770
25 65 1838
25 67 3632
25 68 2147
25 70 988
25 71 6235
25 73 857
25 77 2266
25 78 2575
25 79 1296
26 27 2632
26 28 5409
26 29 3938
26 31 5775
26 33 758
26 34 3722
26 35 6068
26 37 3654
26 39 3362
26 40 5854
26 41 5028
26 42 2997
26 43 4403
26 44 3865
26 45 2105
26 48 5302
26 50 4640
26 51 3925
26 52 1214
26 53 7158
26 54 6348
26 55 6523
26 56 5525
26 57 1870
26 59 2488
26 60 1890
26 61 2082
26 62 4128
26 64 495
26 65 1883
26 66 4747
26 68 24
26 69 322
26 70 6122
26 71 446
26 72 2970
26 73 4012
26 74 5831
26 75 372
26 77 2262
26 79 5719
27 28 2861
27 29 2533
27 31 5296
27 32 3205
27 33 562
27 34 4725
27 35 7142
27 38 2994
27 40 2725
27 41 3242
27 43 984
27 45 807
27 46 4512
27 47 4728
27 49 2558
27 51 4615
27 52 6910
27 53 4171
27 54 6425
27 56 4554
27 57 4384
27 59 631
27 60 2063
27 61 3418
27 62 168
27 63 6402
27 64 5595
27 65 3075
27 67 5618
27 68 2153
27 69 1014
27 71 1433
27 72 3632
27 73 3764
27 74 1340
27 76 1970
27 77 4347
27 78 6514
27 79 7331
28 29 871
28 30 6535
28 33 889
28 34 3395
28 35 969
28 36 3328
28 38 2538
28 39 2796
28 41 4135
28 42 991
28 46 2719
28 47 4449
28 48 7028
28 49 1546
28 50 5597
28 51 3767
28 53 5659
28 54 2491
28 55 1729
28 56 1728
28 57 1330
28 59 4317
28 60 4315
28 62 1003
28 63 1823
28 64 2190
28 65 5539
28 66 7027
28 68 2863
28 70 946
28 71 7475
28 72 883
28 74 2610
28 75 2151
28 76 3292
28 79 739
29 31 5980
29 33 670
29 34 5158
29 35 3321
29 36 319
29 38 6472
29 39 357
29 42 7001
29 43 2700
29 46 463
29 48 6920
29 54 6648
29 55 1860
29 56 5140
29 58 2675
29 59 5661
29 61 4606
29 62 4747
29 63 1212
29 64 130
29 65 1190
29 67 969
29 68 765
29 70 6743
29 71 2445
29 74 4761
29 75 1293
29 76 3750
29 77 2110
29 78 3898
29 79 4527
30 31 7377
30 32 6294
30 33 6096
30 34 6949
30 35 6156
30 37 3394
30 38 6869
30 41 2094
30 42 6575
30 44 3024
30 45 6743
30 46 2024
30 47 2051
30 48 1989
30 49 1345
30 50 1932
30 51 5969
30 52 450
30 53 6044
30 54 6870
30 57 3355
30 58 5325
30 60 993
30 61 3855
30 62 160
30 64 1004
30 65 3243
30 66 2020
30 67 1478
30 68 4527
30 69 3036
30 70 2274
30 71 4403
30 73 3198
30 74 2939
30 75 2699
30 78 3623
31 33 184
31 34 3638
31 35 1739
31 36 2297
31 37 6959
31 38 3351
31 39 635
31 41 7417
31 42 7377
31 43 4982
31 45 2437
31 46 5144
31 47 1343
31 48 6920
31 49 2753
31 50 6845
31 51 6232
31 52 3223
31 53 7408
31 56 6141
31 57 640
31 60 4250
31 62 352
31 64 6652
31 68 186
31 69 3389
31 70 7039
31 72 622
31 74 529
31 77 4526
31 78 2129
32 33 5700
32 34 2865
32 35 5999
32 36 443
32 37 7407
32 38 3347
32 39 1394
32 40 3932
32 41 3079
32 42 2611
32 43 1914
32 44 1932
32 46 3422
32 49 7370
32 51 4369
32 52 704
32 54 7498
32 55 4188
32 56 1566
32 57 303
32 58 1162
32 59 7037
32 62 636
32 63 2872
32 66 5758
32 67 3194
32 68 1940
32 69 1348
32 70 5350
32 71 3615
32 75 1704
32 76 4558
32 77 5046
32 78 4049
33 34 4989
33 36 360
33 37 625
33 38 6503
33 39 1197
33 40 1325
33 41 3681
33 42 3692
33 45 6885
33 46 4645
33 47 6163
33 51 1001
33 52 1197
33 54 2662
33 55 6882
33 57 4736
33 58 3251
33 59 1700
33 62 4137
33 63 3185
33 64 732
33 67 2977
33 68 5122
33 69 4229
33 70 7270
33 72 4759
33 74 2992
33 76 227
33 77 4170
33 79 4615
34 36 1251
34 37 1690
34 39 6005
34 42 3932
34 43 4721
34 44 2034
34 45 4938
34 46 600
34 47 4360
34 48 5951
34 50 1548
34 52 6345
34 54 3702
34 55 4691
34 57 2312
34 58 6648
34 61 5162
34 62 2591
34 63 3641
34 64 2895
34 67 6683
34 68 3884
34 70 5831
34 71 7301
34 72 4615
34 73 5204
34 74 244
34 75 2969
34 78 4922
35 36 2925
35 37 4983
35 38 1747
35 39 2157
35 41 192
35 44 5366
35 46 5166
35 48 1167
35 49 4128
35 50 1842
35 51 2105
35 52 869
35 54 952
35 60 1375
35 61 1848
35 62 2396
35 63 2460
35 65 2463
35 66 5107
35 67 4298
35 69 4560
35 70 6211
35 71 6333
35 73 6797
35 74 6342
35 75 4169
35 76 4260
35 77 6933
36 37 4642
36 38 1161
36 40 3624
36 41 2719
36 42 4830
36 43 24
36 44 6817
36 46 5650
36 47 4944
36 48 4048
36 49 6424
36 50 1844
36 52 128
36 53 1630
36 56 7490
36 58 2465
36 61 3038
36 62 1100
36 64 6185
36 67 1126
36 68 6249
36 70 5816
36 71 5205
36 73 3133
36 74 2266
36 78 6360
37 38 2320
37 39 3476
37 40 4599
37 41 1251
37 42 3435
37 43 6632
37 44 7093
37 45 822
37 46 2547
37 48 7463
37 49 1302
37 50 4627
37 53 6938
37 54 1805
37 56 4156
37 57 6515
37 58 1955
37 60 5390
37 61 2520
37 62 6759
37 64 872
37 66 189
37 67 2261
37 69 6888
37 71 5121
37 72 6043
37 73 3214
37 75 4267
37 79 7072
38 42 5457
38 44 5181
38 45 5136
38 46 5510
38 47 4563
38 49 2113
38 50 3255
38 51 6227
38 52 1164
38 53 2814
38 54 2452
38 55 3004
38 56 4922
38 60 2194
38 61 5668
38 62 3455
38 63 2947
38 64 903
38 65 3147
38 67 3331
38 68 72
38 69 1526
38 70 5742
38 71 6665
38 72 7393
38 73 6232
38 75 2969
38 77 5163
38 78 5584
38 79 1745
39 40 5686
39 41 7493
39 43 5381
39 44 1037
39 45 6738
39 47 473
39 48 1445
39 52 4815
39 53 141
39 54 5884
39 55 3149
39 57 5889
39 58 3583
39 59 6829
39 61 3386
39 62 287
39 63 5683
39 64 5219
39 65 6348
39 67 4837
39 68 4420
39 69 5358
39 71 4492
39 72 4542
39 74 1534
39 76 5116
39 77 5130
39 78 2574
39 79 348
40 41 4289
40 42 87
40 43 1317
40 44 5116
40 46 5659
40 47 6967
40 48 3241
40 49 6860
40 52 4579
40 55 140
40 56 510
40 57 6110
40 58 6881
40 59 4665
40 60 6760
40 62 4546
40 63 2478
40 65 3797
40 69 3025
40 71 1376
40 72 6600
40 73 4800
40 74 1791
40 75 6920
40 77 5152
40 78 1702
40 79 6332
41 42 6344
41 43 2864
41 44 1896
41 46 7381
41 48 2965
41 49 7201
41 50 3578
41 51 6139
41 52 6420
41 55 3650
41 57 1301
41 58 7022
41 59 5334
41 60 7261
41 61 962
41 62 1958
41 63 1607
41 64 3153
41 65 4803
41 66 221
41 67 284
41 69 7319
41 71 7497
41 74 6865
41 76 6386
41 77 3762
41 78 1893
42 43 1826
42 44 1920
42 46 5073
42 47 2625
42 48 4172
42 50 4864
42 53 3915
42 54 3723
42 56 3087
42 57 6082
42 58 4879
42 59 5308
42 60 3870
42 62 1003
42 63 2233
42 64 449
42 65 1450
42 66 1708
42 68 6571
42 72 4602
42 73 1918
42 74 559
42 75 2190
42 76 2043
42 78 1314
42 79 147
43 44 5960
43 45 2347
43 47 7382
43 48 4550
43 49 2556
43 50 660
43 51 4063
43 54 5733
43 55 5920
43 57 6961
43 59 2845
43 60 4758
43 61 2419
43 62 6261
43 63 7218
43 64 1412
43 65 7481
43 66 1188
43 67 5002
43 69 1565
43 70 3882
43 72 620
43 74 3169
43 76 6613
43 77 4984
43 78 1458
43 79 1242
44 45 5343
44 46 1465
44 47 6911
44 48 2918
44 51 6501
44 52 835
44 53 2535
44 54 6503
44 55 2415
44 56 6323
44 57 5402
44 59 2885
44 60 1044
44 64 1710
44 65 5086
44 67 503
44 68 113
44 69 3625
44 70 608
44 71 2449
44 72 1939
44 73 4288
44 74 3276
44 75 1381
44 76 4600
44 77 719
44 79 1469
45 46 4235
45 47 3888
45 48 853
45 49 1174
45 51 947
45 53 406
45 55 2279
45 57 6567
45 58 6168
45 60 6230
45 61 4655
45 62 3378
45 63 7269
45 65 650
45 67 1503
45 71 5491
45 73 4748
45 75 7027
45 76 6436
46 50 3444
46 51 1489
46 52 5955
46 53 6904
46 54 4048
46 55 607
46 56 968
46 57 5998
46 58 1166
46 60 432
46 62 3876
46 63 7028
46 64 2536
46 65 7415
46 66 4366
46 68 4706
46 69 2360
46 70 4670
46 72 1092
46 73 4163
46 74 1007
46 75 6221
46 77 1278
46 78 5910
46 79 4183
47 49 5309
47 50 6846
47 51 2449
47 52 7433
47 54 5199
47 55 3001
47 57 3929
47 58 1303
47 59 3222
47 60 2103
47 62 865
47 63 3640
47 64 3135
47 67 4483
47 69 2206
47 70 4486
47 71 1
47 72 5041
47 74 6260
47 75 2534
47 76 600
47 77 3143
47 78 4079
47 79 2797
48 49 4858
48 51 492
48 52 3389
48 53 2593
48 54 7288
48 55 5529
48 59 1033
48 61 7292
48 63 861
48 65 2856
48 67 6791
48 68 7420
48 69 4392
48 70 4640
48 71 4080
48 73 6166
48 74 6448
48 76 2440
48 78 3472
48 79 6682
49 50 6968
49 51 2976
49 52 4948
49 54 1073
49 55 2128
49 58 6888
49 59 6724
49 61 2021
49 62 4316
49 63 4031
49 66 634
49 67 829
49 68 6698
49 69 2919
49 70 662
49 72 3686
49 74 5813
49 75 2800
50 51 2584
50 52 1675
50 54 5705
50 55 3562
50 58 1842
50 59 6194
50 61 867
50 62 5973
50 63 4188
50 65 1352
50 66 4052
50 67 1324
50 71 7124
50 72 4297
50 73 7097
50 74 3339
50 75 6504
50 76 1304
50 77 1528
50 78 2095
51 55 5682
51 56 6037
51 58 1274
51 59 436
51 62 5391
51 63 982
51 65 2315
51 66 4919
51 67 3840
51 72 4317
51 74 3487
51 75 1556
51 77 2688
51 78 2562
51 79 2464
52 53 964
52 54 6220
52 56 3887
52 57 1297
52 59 1467
52 61 3328
52 62 3695
52 63 6324
52 64 3158
52 66 3565
52 68 5105
52 69 3161
52 70 914
52 72 63
52 73 1886
52 77 1691
52 78 1807
52 79 6954
53 56 3769
53 57 6057
53 58 2617
53 60 187
53 61 6946
53 63 1045
53 64 2170
53 65 7112
53 67 6156
53 69 6497
53 70 3189
53 71 1695
53 72 3641
53 73 5789
53 74 4634
53 75 5686
53 76 7416
53 77 7437
53 78 5825
53 79 2914
54 55 5622
54 56 1826
54 57 165
54 58 2741
54 59 6233
54 60 613
54 61 244
54 62 3415
54 63 4338
54 64 2644
54 65 2604
54 66 1221
54 67 6059
54 68 6104
54 69 6081
54 70 1455
54 71 4305
54 72 7140
54 73 801
54 74 2864
54 79 2338
55 56 3651
55 57 1978
55 58 646
55 59 4826
55 62 727
55 64 5659
55 65 5777
55 67 409
55 68 3901
55 69 936
55 71 1608
55 73 1375
55 74 172
55 75 7159
55 77 304
55 78 5199
56 58 599
56 59 4256
56 60 4864
56 61 7470
56 62 645
56 63 7048
56 65 4015
56 66 6272
56 67 3103
56 68 2645
56 69 4022
56 70 4275
56 72 2356
56 76 1929
56 77 5134
56 78 2544
56 79 7007
57 59 5532
57 60 6719
57 61 1753
57 62 1467
57 63 6675
57 65 1301
57 66 212
57 67 1379
57 68 5635
57 69 2998
57 70 5497
57 71 2203
57 73 3598
57 74 5118
57 76 2001
57 77 5083
57 79 1155
58 59 4044
58 60 5479
58 63 2164
58 64 2694
58 65 747
58 66 6829
58 67 3012
58 68 5176
58 71 5991
58 72 3060
58 73 6039
58 74 3085
58 76 3091
58 77 6759
58 79 1211
59 60 42
59 61 4216
59 63 4963
59 64 5385
59 65 3262
59 66 6759
59 67 7412
59 68 6745
59 70 4747
59 72 6683
59 74 1125
59 78 5914
59 79 1793
60 64 5528
60 65 4580
60 66 5742
60 67 4073
60 68 3185
60 69 5739
60 72 3268
60 73 1019
60 75 995
60 76 4924
60 77 6265
60 78 7092
61 62 6509
61 64 3389
61 66 1851
61 67 2375
61 68 208
61 70 5946
61 72 6635
61 74 6505
61 75 6825
61 76 2369
61 78 7486
61 79 2832
62 65 7386
62 66 4080
62 67 4036
62 68 4070
62 69 2058
62 71 2787
62 73 7117
62 74 6029
62 75 6065
62 76 4397
62 77 6253
63 64 6433
63 65 4484
63 66 4179
63 68 7110
63 69 2166
63 72 5301
63 74 588
63 76 6556
63 78 5276
63 79 932
64 67 2167
64 68 4773
64 69 4736
64 70 647
64 72 6277
64 73 2406
64 74 4267
64 75 6073
64 77 7024
65 66 6914
65 68 4689
65 69 3522
65 70 619
65 72 1868
65 73 6681
65 74 6288
65 75 6869
65 76 6104
65 77 5020
65 79 276
66 67 3281
66 68 2844
66 69 7393
66 71 4239
66 72 240
66 75 2586
66 79 2065
67 68 2577
67 69 1775
67 70 6846
67 72 4095
67 74 7415
67 75 1997
67 77 1889
67 78 4702
68 70 6947
68 71 1096
68 72 135
68 73 4188
68 75 6594
68 76 435
68 78 6132
68 79 1160
69 70 2969
69 71 2641
69 72 1550
69 73 2631
69 74 5599
69 75 7270
69 77 5568
69 78 3573
69 79 3934
70 71 3138
70 72 4948
70 73 3412
70 74 803
70 75 2865
70 77 4443
70 78 4870
71 73 2685
71 74 1209
71 75 4507
71 76 2557
71 78 6356
71 79 3199
72 75 7201
72 76 6271
72 78 7073
72 79 1911
73 74 2788
73 75 3326
73 76 4787
73 77 6576
73 78 4841
73 79 753
74 75 6466
74 76 6533
74 77 7368
74 78 61
75 76 5248
75 77 4063
75 78 2023
75 79 2443
76 77 6167
76 78 3430
77 79 2306
78 79 1514
