35 80 3160
6279 3042 3683 273 1902 650 5268 3719 1831 2554 5128 5363 1345 1409 4349 3418 5380 6580 2959 1293 3662 7436 4483 4408 1351 2490 5141 5936 1021 2453 2640 7299 4346 6322 6423
6247 6971 4190 2466 154 5595 6445 5516 6940 6705 2364 2857 3436 296 4668 4728 2809 3455 562 6068 4806 1903 3708 2093 2924 5013 4732 2722 710 2405 1645 6957 727 4686 774 880 2781 7218 6396 2220 6422 111 3928 2357 406 1095 5936 2066 4550 6497 634 707 899 3193 2799 2674 705 6382 4248 1415 1286 4744 7223 2012 1929 496 1744 4709 6565 6991 5780 5486 7101 2208 6694 6359 3302 5129 7276 6703
2977 409 7409 2727 3602 2707 5401 3158 1588 2148 3424 1725 6891 1998 3737 171 2493 4332 3732 409 3822 2011 5894 2274 4218 3939 1132 6372 419 908 5574 3395 168 4335 4974 2621 7041 1726 4631 7481 2725 6906 1705 2115 1404 4293 1137 2748 1124 4868 3157 3797 6879 402 6071 2448 4341 7202 1319 4759 6961 5745 7006 5981 2579 4479 1101 971 5056 5731 7303 280 5137 1508 1246 5392 4652 2382 639 5776
7250 2647 924 5480 3049 6994 427 6241 5548 598 3499 3860 5194 1856 2340 6624 5186 3441 94 2741 523 7397 3020 4511 256 4265 1254 4907 6647 745 2034 5248 3391 2958 3227 5291 1303 2505 4031 6850 3102 6382 2062 7147 737 4401 6270 5923 6693 5216 1163 6068 3964 3035 3078 3071 7299 3184 477 5297 3928 1363 3044 7318 3172 6270 5109 3326 127 491 2676 2080 6872 3589 1727 109 489 6848 4883 6034
4563 4897 4601 7378 431 6530 2948 6582 2213 2277 4378 6140 2491 7422 4810 4514 5043 1270 339 5169 1760 1866 7249 1132 5454 1475 92 4795 7174 4974 3328 3089 1222 6780 2966 1653 5809 4766 734 6874 5894 3963 4365 884 3884 1674 5397 279 1795 4587 5447 3555 6453 4047 3538 4406 4373 3629 1700 4047 7454 3879 7135 1175 3158 1452 1679 1467 5069 2412 840 3462 5227 5204 3197 1610 5730 7445 740 24
4532 6187 2430 3484 1585 5967 6741 5958 2095 941 1356 900 4819 7342 2075 477 1293 3753 795 6362 5017 486 1175 2743 5689 4372 3204 2770 4316 3944 2794 199 1482 5223 3682 3066 2542 2923 375 4636 2715 1730 5536 6385 423 6462 6861 1716 2714 6507 6929 6582 6992 603 1824 5181 3826 5028 6802 642 323 947 840 1804 5022 3374 3721 63 5148 4096 3550 362 4677 1585 5598 5100 6898 4959 5667 2112
3965 3947 1193 3457 4549 1869 7489 875 5748 5642 368 6070 6589 59 6725 4110 2284 2945 4172 7431 5892 221 6644 1921 658 4742 5872 55 1052 4038 1018 3868 484 1063 6176 3884 2931 5016 3610 30 3158 3977 6099 2246 2888 5323 5207 5171 7119 1878 3954 5511 950 3097 7431 1607 6690 5802 514 241 1191 1531 4109 526 2593 1636 4409 4375 6652 6871 3256 2309 3347 1854 3406 5086 6028 1112 2757 5647
1841 6710 3657 2790 1158 2439 4397 348 740 4910 6940 1930 5292 2400 2455 6737 4036 5715 2463 2039 5085 5719 4347 7284 72 6604 4869 4952 215 6477 1950 2055 4538 4458 3696 5696 6896 592 4895 6487 4353 3186 7268 2145 5586 2222 233 973 6788 2695 3011 3225 913 6209 3008 7337 5312 6728 4788 4378 5705 6737 6432 1594 3694 2627 6141 1941 2071 3535 927 5275 5573 694 6271 3658 1767 6503 4630 1054
1698 6492 4278 2610 5200 6137 1298 3011 5365 6085 7388 2421 4173 5171 4014 6718 6649 2655 1158 71 5041 936 5346 3113 1629 4116 5622 3395 3119 1603 3301 4816 594 6430 6277 5793 3919 75 1303 1783 5011 42 3055 536 5212 7068 7253 4361 1074 7263 4431 4967 698 1128 6931 1179 5244 3905 3425 862 5507 5577 4529 4953 4507 2157 3245 7277 2231 3400 1559 6094 3441 4613 6629 5 3032 5233 3217 2958
3847 6499 6776 4545 127 6206 5723 5370 2610 499 5083 6969 6076 2111 4421 1934 3119 6517 1710 5350 1268 3268 2795 4709 6732 775 3565 1115 6007 6781 2924 2354 5779 2199 5750 4757 905 2824 2626 2366 3322 6560 686 1897 22 3958 3830 3141 1827 5539 7342 3094 158 2636 6654 5741 3410 2718 6856 768 850 1131 3121 6629 3330 222 2737 3086 3045 5363 4303 6367 3274 4989 763 3296 298 3445 5288 2124
1483 5129 5218 1641 6616 3223 6233 1377 5941 4440 2144 6790 5571 4117 4770 1400 4338 7 4485 7383 4221 1287 6249 7494 5127 5863 2141 4277 1807 6280 6400 3290 3908 2969 3782 1875 6192 1366 3251 3484 5806 5395 2773 3876 863 6395 5275 5200 6401 1111 3934 1973 1249 2682 818 5228 7397 1811 2004 1703 590 7255 3844 3350 2724 6477 5224 267 343 975 3750 6148 5221 6522 2523 4935 4268 6649 2634 2020
259 6568 3992 359 601 4810 5586 497 5472 6441 2200 6061 6196 4895 1910 1419 3872 7134 537 4214 6960 4286 1713 3532 2159 3087 966 6427 2235 3599 946 1345 1518 3790 1703 2119 1099 6141 1467 6570 5081 2518 3982 3776 7413 5892 4046 3784 4377 4582 6849 3836 1367 1061 7367 2378 4147 7184 1304 5233 3282 1101 5429 3652 4890 5983 4622 4840 4623 6088 2761 1056 7458 6743 4831 7370 5134 229 2505 862
4810 1853 4697 5029 1765 3415 7406 4763 3098 61 2495 5231 1161 6775 1382 6051 5257 4855 3390 1232 2295 6151 2287 2252 4245 5969 2121 1878 6197 4625 2739 2359 5329 6287 6239 7093 1053 4996 3207 4150 5056 4553 732 5068 3827 2114 2470 1583 5820 5860 2814 614 3362 5100 2865 106 2421 3837 835 1117 7313 2425 2327 5141 63 1065 3585 1115 6060 6791 5264 2467 3843 5995 35 169 6960 2504 604 5280
7215 3417 4745 1928 7369 110 885 2289 3946 1719 2257 2611 2995 4584 251 3057 4500 2688 4171 1912 1978 786 4378 4673 5633 3264 3693 5092 5768 4296 1723 4334 6565 6468 6262 5285 5429 7146 73 1874 217 1181 4484 3211 4616 3587 5120 1616 6274 642 3527 7103 1428 404 4275 7060 3668 468 3503 787 4763 5226 5120 2679 3045 2733 463 973 1231 6887 1698 1447 568 5034 3509 5183 1120 1128 5650 6245
622 1676 5847 2049 932 2622 1608 3451 1941 5110 4237 5555 1687 708 734 4731 2293 1196 5703 3523 583 7401 4969 2 4934 7329 5184 4905 7309 3334 3649 430 3861 847 2478 4792 3468 2937 742 4260 6898 3830 2315 7437 3390 3048 4667 5682 4243 1722 1704 3677 1622 5524 3678 5407 5352 214 1663 5160 2399 5311 4441 5111 6157 5770 2403 977 1206 1996 5236 6956 4678 50 6892 567 1949 2910 6248 6192
4631 451 1220 5104 5974 3750 1862 2677 3963 3524 337 5213 186 3629 2823 5195 1899 4077 5023 1956 4925 2758 1411 2102 1660 802 2668 2460 2564 1415 3 7194 1865 1223 4798 6690 4972 6659 1866 286 1535 1054 4350 1720 4683 7172 6914 5433 2601 4436 7388 25 6046 1299 2126 6557 952 4793 1516 3515 5059 1519 2061 5775 1593 6858 4964 6564 4868 5681 5701 5254 6735 2550 6974 2769 1073 5239 701 2525
1027 588 2549 5924 738 3526 3832 542 818 5347 2908 5876 5717 4968 4150 6161 3177 465 4076 545 6146 2276 4650 4232 3677 4123 7000 3602 714 6552 6126 592 7139 27 6515 6729 3552 1698 7270 4370 5896 2677 1597 4113 6497 4599 2773 2173 3915 6849 1569 2560 476 6219 6791 3005 1693 5142 6606 2406 4193 5231 1849 2684 5257 7215 1912 1309 1412 533 4530 7308 2061 4978 2772 1057 928 4396 3230 3695
2596 4798 6254 1924 3516 4397 4928 4061 2038 4033 6466 5083 615 7167 266 4724 6881 2177 4884 7145 1561 765 6952 2473 4594 1075 3530 5522 5470 5611 1716 6918 1760 6821 1341 4128 2569 6268 688 4607 1652 6005 2189 2266 5671 1306 6989 3904 2334 3224 3548 3894 3988 1851 6366 1082 2925 1247 5455 7246 5709 7170 6663 7469 5342 6855 2948 411 5622 3635 3869 6125 991 4909 7243 6662 6214 6731 1917 1047
2455 5464 3792 5294 7314 1509 6375 1590 2756 4329 1335 7316 2850 6850 7284 692 6204 1583 7454 3178 5217 3822 1802 6208 1230 1544 4221 6295 7127 6137 7341 933 2952 2484 6226 1617 3992 3953 3206 5599 781 3392 5415 3631 2741 4050 3174 297 5633 3127 2326 2201 6948 2979 908 7029 3375 3980 5823 1853 1468 4515 2785 3271 6998 362 4887 2341 3166 6944 440 3947 1688 4706 6429 3280 1255 2102 3576 6887
5228 4753 1588 3527 232 1347 3055 3606 4179 229 5458 5646 3595 7094 269 1944 6307 5155 4284 1973 3451 3575 5919 3990 780 4847 7269 2035 5800 2197 273 3527 6949 712 5905 7180 911 311 2137 5089 539 94 2086 2985 7187 2354 4928 5994 6361 563 466 1163 4138 5236 5152 4917 1434 3772 5803 7233 5968 4928 2111 4269 5639 515 3948 6549 825 4937 2989 215 5030 5075 3199 3569 6280 6978 914 5140
6392 231 5154 3029 5466 2805 6798 5751 6577 3952 5483 3896 1379 6445 664 7018 5811 4612 4918 6635 900 407 5701 5929 4333 251 849 3112 7228 1762 7104 6119 1992 4757 500 6309 62 6149 3411 5490 2600 245 1885 3979 6689 2549 2348 4999 6012 7265 2985 6911 6523 1185 5339 3355 1435 5040 5319 14 6801 4922 6133 145 2178 5484 5305 2239 4132 1216 6580 6731 1460 965 2061 7001 3513 4408 4499 2024
3025 7484 1434 2047 20 5624 4254 307 3163 2072 320 1316 5845 5304 1460 522 3287 6764 1613 7418 6831 692 5501 7143 1656 61 6643 4020 3321 2493 6043 6345 2476 6328 7243 1348 4452 2848 1654 6466 3771 1973 281 2115 7277 592 2637 1915 6208 3101 685 5538 3792 6185 5180 4300 5097 3174 819 7269 5667 5714 6113 6994 4541 4708 841 344 55 2494 6810 2678 3319 5942 4792 1947 6534 6280 2713 5241
732 3397 2130 3376 933 6162 175 4882 1835 7345 4650 1 5558 2115 6995 1451 6822 335 1794 5728 1681 7455 905 3851 5897 4549 4649 3782 3328 7361 374 4060 2110 2503 7435 3042 1164 6461 6775 1851 5157 3925 1851 3215 6039 1345 3517 4212 532 5310 1291 1064 4117 2196 3766 1365 5596 914 5146 275 7126 5519 3186 1735 6873 1972 3629 537 932 1755 2387 6089 5679 3089 655 3069 3286 4171 6132 2669
832 7423 2584 4948 970 6349 6312 5417 6114 2809 5691 4591 827 1377 5178 6552 3348 1306 7088 4280 1912 826 1720 6443 2766 1226 863 6051 5396 6995 1219 5079 5769 3802 1379 5590 1502 190 3506 6467 1851 1696 3558 1529 1924 1235 580 5272 1392 6519 903 3303 6196 2622 2245 1462 2699 3108 6364 594 1454 6435 5672 6074 1588 5902 4163 3090 6092 6520 2056 6794 715 4465 822 2639 5699 254 6762 5942
6772 164 1745 5468 1637 2841 5781 4335 4800 4644 3780 5105 3578 803 3678 5166 6705 340 7107 4148 5711 1662 3441 6426 6127 3114 416 3177 3367 7177 1619 2639 6192 2215 6958 328 5055 5238 3514 1207 2381 7293 6311 4811 595 2489 2476 7299 1680 2082 2798 7391 2595 6238 5168 73 1852 4435 2102 5218 4111 3720 6708 1654 4786 6165 1981 1192 3902 5494 2398 5135 4138 61 2445 4732 1401 3772 3383 1932
5853 6180 674 7299 3770 5841 7372 5621 2775 1973 2190 5737 4544 250 6242 1829 6414 722 3020 1668 5067 4270 5654 1704 4330 6950 5288 5730 3221 22 6513 425 5053 7187 223 1322 5527 94 5794 7154 918 6836 4242 4313 7085 2984 6141 4850 2557 513 6517 6476 3634 3522 7031 6815 2971 3670 5044 6191 3691 4056 6615 1244 2594 6838 1417 621 5783 7211 6626 5553 6546 2219 1217 6130 4054 6210 3479 5463
6722 1348 4438 1707 3721 2820 1021 6692 6490 4916 4234 1532 323 2201 1627 2917 390 3044 2389 5024 1606 1514 3076 651 2584 3145 5632 6638 1854 462 4600 7427 661 389 1633 4382 3208 2653 2425 1049 68 5510 2581 390 210 4207 3306 599 6102 5694 5623 207 6059 50 857 1143 3194 5340 6632 3899 5802 2583 3825 5314 1823 5457 1047 3882 609 3471 4931 7028 1481 11 7418 542 3069 2075 1141 1671
6621 5615 1877 5179 4516 1586 5173 6562 5777 3156 2960 2930 4590 6785 744 6412 4741 1790 2794 4202 4113 224 3729 5593 6586 2498 4986 2154 4573 6126 2676 3693 3092 3405 223 108 4990 4248 5521 2118 7403 980 5048 3345 264 5791 2256 3857 6432 3901 558 3044 2976 3138 7488 2061 5636 4974 3067 2708 2451 4594 5252 5543 498 4326 4502 4339 1073 2522 6457 7328 3501 4004 2024 2617 1146 4279 5325 77
7032 4734 3121 2507 371 1960 3420 6006 6933 5338 65 1884 2431 4168 7426 1781 994 3279 6119 918 5800 5075 7097 652 430 1620 2120 1575 4751 7444 504 4282 4677 2476 5640 5048 4435 411 2405 2720 5748 2470 4603 7031 5489 3380 1311 6482 6658 7429 6252 4957 3856 5848 4460 4285 6320 6580 4712 3570 6523 4067 6703 2552 5394 3694 6451 2328 4105 207 5047 2352 1528 1001 1882 7017 3232 2044 4850 2389
1973 3601 6197 4680 801 3157 316 7120 2236 5027 2041 110 445 1243 1513 5838 4936 463 7018 392 670 3416 1596 2197 4417 3477 565 148 4373 5415 1389 6345 1515 85 3524 2315 2093 3839 786 3180 218 2826 2142 7014 2920 3654 5352 6708 2969 3721 7099 2490 7136 1194 3538 2904 3523 4103 1904 395 2017 3292 5591 2383 2228 466 4698 3173 3156 4335 6352 2225 7161 993 1739 1432 3499 5942 639 5319
2162 6590 308 1797 6635 3845 3553 2657 447 5456 1903 1315 1247 6345 3698 2326 6810 7247 5498 1318 4081 4350 3542 2593 4194 4132 4025 6544 2573 3515 4362 4734 1456 4669 5383 591 7366 1435 2099 6664 6890 4002 479 6988 1698 4176 1813 7360 2774 6163 1177 6854 1864 4718 799 4909 1350 3675 3953 2774 7189 814 6360 7497 4335 4242 587 4200 4528 2685 2215 2769 5538 2693 1108 7236 5720 1772 7095 7345
434 7123 6699 2297 4340 6349 7206 4541 2523 2510 7315 1063 2175 6174 1059 6509 1767 1645 2060 5146 3182 3127 414 1219 5819 1521 7306 2891 2144 5752 2735 2578 5374 785 3726 1066 7133 2283 4458 2155 4792 4272 2070 5819 1797 3128 3679 2415 4773 4591 60 6806 217 6825 6876 6035 7197 6682 277 1841 3785 3012 3270 511 2648 6995 1576 1133 630 6033 2139 4273 1657 4208 2591 2305 7336 6270 4720 3460
3360 3631 2765 3576 2956 992 962 2652 173 1239 3344 2810 3102 6613 3320 4601 4960 4895 5733 5589 2279 372 2361 3935 4579 4952 6240 3266 2573 2311 6725 5932 5941 841 859 1396 1833 1820 2900 857 1910 6243 3666 3863 4208 5837 7316 1667 2083 5548 7255 4362 5919 967 7148 1850 4770 4739 5115 7342 7049 3192 4625 4342 4032 5483 4589 4716 6155 7488 5573 564 5083 590 3279 642 6427 3094 2308 1009
1141 914 4222 5912 732 2722 6613 5502 7460 4227 5343 5861 7418 2468 2702 2802 450 7290 17 6604 6130 4441 6020 2564 5031 650 3205 2809 3743 5512 2669 3735 5277 6891 998 6008 2112 110 4009 923 3189 704 6783 1958 3171 836 4759 2472 626 3628 428 5607 6920 6447 670 4450 7096 3874 6110 2190 737 1279 5924 6013 7021 5774 4520 484 5883 7381 1406 1571 584 7041 2381 2606 6728 7139 5077 6205
2118 4356 4311 1538 2154 4980 4839 1749 1353 3449 2790 941 4727 66 6953 3099 5839 2825 3582 4221 1557 3839 4644 2140 3379 7024 3597 2607 5514 1173 1311 6484 4381 4474 521 6534 1953 4211 7135 2158 159 2424 3098 3737 2489 1403 6835 7179 3079 1768 2752 4635 5607 7395 6774 337 5770 2870 1795 2635 2894 1958 1618 6126 6431 990 5160 7235 5201 4794 744 4211 7217 2694 448 1058 4096 6134 736 7174
402 3487 3160 4860 2233 1285 5196 6854 3006 6991 841 5899 1448 1310 4525 6730 1152 1036 6464 6352 5829 6060 1914 4397 1253 1213 4306 4200 7347 5042 3873 6600 7380 5884 3959 965 7168 506 6670 2673 7496 10 7423 295 172 4447 5876 1323 4334 3692 6526 2662 2251 939 5911 3503 1004 2716 202 7202 257 2926 6301 6489 1309 1611 6305 976 2116 4326 3648 964 3188 3570 1258 3359 6869 7134 4681 3702
0 1 1552
0 2 2001
0 3 5402
0 4 3580
0 5 373
0 6 5027
0 7 1784
0 8 7438
0 9 5440
0 10 3491
0 11 4679
0 12 7112
0 13 3224
0 14 2575
0 15 3216
0 16 3742
0 17 3257
0 18 3939
0 19 4922
0 20 1335
0 21 6905
0 22 359
0 23 6364
0 24 5244
0 25 2995
0 26 5217
0 27 3782
0 28 3895
0 29 887
0 30 1005
0 31 3716
0 32 6572
0 33 691
0 34 6983
0 35 731
0 36 2258
0 37 4882
0 38 5379
0 39 1765
0 40 5752
0 41 2061
0 42 2635
0 43 795
0 44 4198
0 45 3202
0 46 3486
0 47 151
0 48 5242
0 49 4418
0 50 5304
0 51 3244
0 52 1839
0 53 382
0 54 2075
0 55 543
0 56 4608
0 57 2646
0 58 6148
0 59 3975
0 60 2825
0 61 5750
0 62 5446
0 63 219
0 64 4444
0 65 5614
0 66 6340
0 67 13
0 68 6038
0 69 5598
0 70 243
0 71 7290
0 72 95
0 73 3443
0 74 2430
0 75 439
0 76 5946
0 77 1768
0 78 3440
0 79 3633
1 2 3177
1 3 335
1 4 806
1 5 397
1 6 5944
1 7 6307
1 8 4635
1 9 3535
1 10 5086
1 11 2323
1 12 4598
1 13 2973
1 14 1450
1 15 3489
1 16 4429
1 17 2976
1 18 218
1 19 973
1 20 2508
1 21 5571
1 22 6216
1 23 4840
1 24 7029
1 25 6930
1 26 5555
1 27 2333
1 28 3366
1 29 3399
1 30 1397
1 31 7407
1 32 6508
1 33 4783
1 34 5044
1 35 5452
1 36 5976
1 37 6206
1 38 6751
1 39 6892
1 40 3271
1 41 1096
1 42 5778
1 43 1681
1 44 1234
1 45 5309
1 46 4465
1 47 7307
1 48 5801
1 49 401
1 50 1696
1 51 1100
1 52 726
1 53 3714
1 54 1054
1 55 3958
1 56 778
1 57 3353
1 58 7333
1 59 7049
1 60 1463
1 61 2548
1 62 6628
1 63 7103
1 64 5795
1 65 7124
1 66 3559
1 67 5364
1 68 5732
1 69 3111
1 70 3534
1 71 1313
1 72 2324
1 73 2218
1 74 1050
1 75 2074
1 76 3179
1 77 6144
1 78 4679
1 79 6085
2 3 2305
2 4 666
2 5 4135
2 6 1498
2 7 106
2 8 6855
2 9 1879
2 10 6801
2 11 4184
2 12 5210
2 13 7340
2 14 5450
2 15 3256
2 16 5323
2 17 42
2 18 3406
2 19 7319
2 20 7060
2 21 1452
2 22 4023
2 23 4516
2 24 4047
2 25 4044
2 26 1948
2 27 2569
2 28 3664
2 29 6940
2 30 4277
2 31 3409
2 32 1981
2 33 3709
2 34 3500
2 35 7161
2 36 5185
2 37 2968
2 38 1520
2 39 5084
2 40 5229
2 41 265
2 42 6409
2 43 5685
2 44 2944
2 45 3037
2 46 5523
2 47 670
2 48 100
2 49 4242
2 50 5609
2 51 5510
2 52 3866
2 53 5000
2 54 961
2 55 3451
2 56 1913
2 57 4717
2 58 3103
2 59 2245
2 60 5728
2 61 4617
2 62 1931
2 63 1458
2 64 7367
2 65 4480
2 66 7304
2 67 6472
2 68 2319
2 69 1554
2 70 4257
2 71 819
2 72 5274
2 73 4694
2 74 6139
2 75 5773
2 76 2423
2 77 5821
2 78 7026
2 79 4086
3 4 3180
3 5 1423
3 6 2407
3 7 6652
3 8 3217
3 9 6855
3 10 2264
3 11 4994
3 12 3412
3 13 7264
3 14 477
3 15 4120
3 16 7276
3 17 4956
3 18 7421
3 19 3896
3 20 1458
3 21 6083
3 22 4565
3 23 6292
3 24 2494
3 25 254
3 26 3523
3 27 2497
3 28 5138
3 29 6687
3 30 6647
3 31 6217
3 32 3450
3 33 3426
3 34 4064
3 35 6470
3 36 2843
3 37 7089
3 38 6841
3 39 188
3 40 1730
3 41 5442
3 42 2244
3 43 2389
3 44 1549
3 45 2051
3 46 2586
3 47 4820
3 48 3290
3 49 757
3 50 5770
3 51 3079
3 52 1334
3 53 1019
3 54 7399
3 55 2508
3 56 5702
3 57 4584
3 58 6091
3 59 5531
3 60 6252
3 61 6038
3 62 7200
3 63 5075
3 64 1806
3 65 546
3 66 3262
3 67 39
3 68 5143
3 69 4121
3 70 6318
3 71 4373
3 72 4782
3 73 3816
3 74 7281
3 75 1215
3 76 1927
3 77 5072
3 78 814
3 79 3466
4 5 6181
4 6 398
4 7 5339
4 8 4241
4 9 6696
4 10 5726
4 11 5193
4 12 2531
4 13 2906
4 14 3550
4 15 7044
4 16 5273
4 17 2220
4 18 1947
4 19 3194
4 20 3356
4 21 7128
4 22 372
4 23 1892
4 24 5651
4 25 3176
4 26 5451
4 27 4177
4 28 2194
4 29 4531
4 30 7472
4 31 711
4 32 4396
4 33 6940
4 34 4815
4 35 1959
4 36 2211
4 37 2126
4 38 5403
4 39 4897
4 40 3955
4 41 6280
4 42 292
4 43 6441
4 44 1391
4 45 4784
4 46 6398
4 47 4310
4 48 924
4 49 7339
4 50 4086
4 51 4111
4 52 2234
4 53 6581
4 54 1604
4 55 2541
4 56 2253
4 57 5166
4 58 1981
4 59 2733
4 60 6429
4 61 2436
4 62 5510
4 63 6323
4 64 699
4 65 2374
4 66 5662
4 67 1284
4 68 5219
4 69 5735
4 70 2045
4 71 2583
4 72 7300
4 73 5692
4 74 2058
4 75 2854
4 76 7293
4 77 5164
4 78 2238
4 79 791
5 6 350
5 7 4276
5 8 1000
5 9 4110
5 10 3626
5 11 3244
5 12 823
5 13 1318
5 14 3778
5 15 105
5 16 6786
5 17 5672
5 18 7099
5 19 935
5 20 5024
5 21 2476
5 22 3741
5 23 2736
5 24 3661
5 25 2309
5 26 541
5 27 3160
5 28 1582
5 29 837
5 30 2838
5 31 2545
5 32 2751
5 33 5256
5 34 2903
5 35 3036
5 36 6767
5 37 4651
5 38 3613
5 39 5450
5 40 5583
5 41 4763
5 42 2366
5 43 7486
5 44 3750
5 45 657
5 46 614
5 47 62
5 48 1621
5 49 4564
5 50 2860
5 51 3800
5 52 3314
5 53 1689
5 54 7189
5 55 3255
5 56 5100
5 57 2746
5 58 6142
5 59 3912
5 60 1256
5 61 331
5 62 4325
5 63 2937
5 64 4561
5 65 1819
5 66 5303
5 67 7250
5 68 5421
5 69 5747
5 70 7427
5 71 1731
5 72 870
5 73 3844
5 74 4910
5 75 754
5 76 2527
5 77 6886
5 78 328
5 79 4148
6 7 1173
6 8 2512
6 9 2937
6 10 6444
6 11 1402
6 12 3669
6 13 5042
6 14 4058
6 15 79
6 16 4274
6 17 7008
6 18 2505
6 19 4963
6 20 6589
6 21 1915
6 22 1529
6 23 6907
6 24 914
6 25 4004
6 26 903
6 27 2250
6 28 4437
6 29 1321
6 30 4554
6 31 247
6 32 5239
6 33 4058
6 34 6991
6 35 984
6 36 5661
6 37 5872
6 38 3688
6 39 1433
6 40 6472
6 41 2162
6 42 2193
6 43 2148
6 44 4203
6 45 122
6 46 3719
6 47 287
6 48 6473
6 49 6903
6 50 3567
6 51 1099
6 52 987
6 53 6619
6 54 3599
6 55 627
6 56 5987
6 57 147
6 58 6052
6 59 6159
6 60 3465
6 61 1713
6 62 4352
6 63 6343
6 64 4046
6 65 5843
6 66 4982
6 67 690
6 68 5262
6 69 1994
6 70 359
6 71 1633
6 72 4260
6 73 3579
6 74 1776
6 75 4416
6 76 5073
6 77 3775
6 78 6979
6 79 2951
7 8 862
7 9 1340
7 10 7086
7 11 3163
7 12 690
7 13 5059
7 14 5480
7 15 5097
7 16 6174
7 17 2754
7 18 1116
7 19 4542
7 20 4649
7 21 6963
7 22 3433
7 23 4208
7 24 2558
7 25 342
7 26 76
7 27 4695
7 28 6364
7 29 665
7 30 6648
7 31 4285
7 32 4639
7 33 3475
7 34 6707
7 35 4441
7 36 1331
7 37 4538
7 38 5168
7 39 6762
7 40 6792
7 41 6424
7 42 810
7 43 5336
7 44 3575
7 45 1719
7 46 1964
7 47 5747
7 48 4393
7 49 3708
7 50 2236
7 51 5158
7 52 2255
7 53 7182
7 54 2292
7 55 4202
7 56 3749
7 57 6153
7 58 5595
7 59 787
7 60 1339
7 61 3243
7 62 7360
7 63 108
7 64 3210
7 65 5555
7 66 2166
7 67 363
7 68 3111
7 69 2045
7 70 4190
7 71 4688
7 72 724
7 73 1552
7 74 5032
7 75 487
7 76 3694
7 77 7376
7 78 4069
7 79 5510
8 9 2649
8 10 4075
8 11 5628
8 12 6938
8 13 3333
8 14 4343
8 15 5432
8 16 4516
8 17 2573
8 18 3825
8 19 904
8 20 6474
8 21 5743
8 22 5854
8 23 5183
8 24 2089
8 25 6279
8 26 3996
8 27 1951
8 28 4495
8 29 3767
8 30 3009
8 31 1718
8 32 6705
8 33 4942
8 34 3246
8 35 5043
8 36 645
8 37 6271
8 38 4447
8 39 1713
8 40 3135
8 41 4049
8 42 4896
8 43 1915
8 44 2634
8 45 930
8 46 6230
8 47 4517
8 48 4641
8 49 6166
8 50 5506
8 51 308
8 52 5844
8 53 5149
8 54 3030
8 55 677
8 56 6204
8 57 3497
8 58 2077
8 59 3193
8 60 2443
8 61 1704
8 62 3325
8 63 4310
8 64 5882
8 65 6054
8 66 4387
8 67 1389
8 68 5438
8 69 3225
8 70 3602
8 71 4834
8 72 7478
8 73 4755
8 74 5093
8 75 5616
8 76 1125
8 77 6411
8 78 4890
8 79 3765
9 10 3900
9 11 6010
9 12 30
9 13 1220
9 14 5287
9 15 4137
9 16 6049
9 17 2544
9 18 1151
9 19 6932
9 20 6597
9 21 5130
9 22 3717
9 23 3521
9 24 6112
9 25 3229
9 26 954
9 27 1001
9 28 487
9 29 5301
9 30 3220
9 31 6012
9 32 2258
9 33 5497
9 34 7205
9 35 7355
9 36 178
9 37 5373
9 38 375
9 39 3852
9 40 6381
9 41 6701
9 42 169
9 43 7168
9 44 6477
9 45 5280
9 46 4608
9 47 2815
9 48 3698
9 49 476
9 50 4591
9 51 1054
9 52 5313
9 53 14
9 54 5522
9 55 2378
9 56 2296
9 57 3087
9 58 6983
9 59 1970
9 60 5425
9 61 7006
9 62 2392
9 63 7100
9 64 1982
9 65 1990
9 66 6757
9 67 1544
9 68 820
9 69 460
9 70 4273
9 71 3242
9 72 3267
9 73 383
9 74 6785
9 75 59
9 76 953
9 77 4944
9 78 735
9 79 1932
10 11 3469
10 12 6992
10 13 5815
10 14 4998
10 15 1443
10 16 4326
10 17 5998
10 18 3634
10 19 5246
10 20 3364
10 21 5219
10 22 590
10 23 2985
10 24 2014
10 25 279
10 26 4138
10 27 5569
10 28 4176
10 29 2367
10 30 1868
10 31 3685
10 32 7227
10 33 5111
10 34 2797
10 35 5079
10 36 6237
10 37 933
10 38 320
10 39 2562
10 40 5339
10 41 3982
10 42 5439
10 43 2161
10 44 3637
10 45 1490
10 46 6040
10 47 3049
10 48 7356
10 49 6830
10 50 2367
10 51 6516
10 52 6058
10 53 5633
10 54 1569
10 55 6414
10 56 2386
10 57 6587
10 58 3798
10 59 141
10 60 3479
10 61 3142
10 62 6804
10 63 5488
10 64 5702
10 65 7014
10 66 6930
10 67 5727
10 68 4829
10 69 3215
10 70 2258
10 71 3507
10 72 3876
10 73 1523
10 74 2693
10 75 5310
10 76 3293
10 77 7040
10 78 5994
10 79 5810
11 12 49
11 13 2466
11 14 1556
11 15 3816
11 16 2256
11 17 2984
11 18 510
11 19 6859
11 20 435
11 21 2261
11 22 2544
11 23 7001
11 24 7374
11 25 4987
11 26 1772
11 27 265
11 28 6322
11 29 149
11 30 1126
11 31 4464
11 32 1197
11 33 6745
11 34 5289
11 35 3795
11 36 5836
11 37 6554
11 38 4978
11 39 4418
11 40 2798
11 41 7273
11 42 2903
11 43 4092
11 44 470
11 45 7305
11 46 5907
11 47 3828
11 48 3067
11 49 162
11 50 6880
11 51 4282
11 52 2511
11 53 3798
11 54 7092
11 55 1394
11 56 323
11 57 5810
11 58 54
11 59 2653
11 60 4345
11 61 7323
11 62 5578
11 63 1207
11 64 3278
11 65 7203
11 66 5323
11 67 6724
11 68 5022
11 69 4377
11 70 1439
11 71 7002
11 72 5788
11 73 1542
11 74 5417
11 75 4069
11 76 6651
11 77 2716
11 78 5244
11 79 4724
12 13 5289
12 14 2530
12 15 6113
12 16 1149
12 17 1329
12 18 746
12 19 2647
12 20 2232
12 21 2115
12 22 4480
12 23 6819
12 24 7495
12 25 2642
12 26 901
12 27 6632
12 28 258
12 29 253
12 30 5236
12 31 1096
12 32 1350
12 33 3260
12 34 4044
12 35 46
12 36 4545
12 37 1400
12 38 1042
12 39 1423
12 40 4390
12 41 2599
12 42 3300
12 43 2265
12 44 5002
12 45 4049
12 46 6585
12 47 472
12 48 6420
12 49 1381
12 50 7342
12 51 6942
12 52 1290
12 53 4761
12 54 6762
12 55 2219
12 56 1598
12 57 293
12 58 5399
12 59 6158
12 60 2778
12 61 3341
12 62 5554
12 63 2296
12 64 6395
12 65 5140
12 66 2805
12 67 825
12 68 4273
12 69 5277
12 70 3119
12 71 6036
12 72 2516
12 73 7317
12 74 237
12 75 1017
12 76 6384
12 77 3727
12 78 669
12 79 6613
13 14 7401
13 15 2355
13 16 1332
13 17 4503
13 18 116
13 19 489
13 20 7478
13 21 6802
13 22 3056
13 23 610
13 24 3943
13 25 4009
13 26 5983
13 27 6114
13 28 3961
13 29 2769
13 30 830
13 31 3123
13 32 7154
13 33 6617
13 34 108
13 35 1854
13 36 3834
13 37 1429
13 38 6624
13 39 1533
13 40 2515
13 41 3596
13 42 3480
13 43 5351
13 44 5140
13 45 2654
13 46 4594
13 47 630
13 48 4752
13 49 2867
13 50 3408
13 51 3795
13 52 4727
13 53 4333
13 54 6112
13 55 3473
13 56 1610
13 57 975
13 58 6981
13 59 5029
13 60 5797
13 61 3089
13 62 3661
13 63 3693
13 64 20
13 65 4623
13 66 2631
13 67 2019
13 68 4992
13 69 264
13 70 3568
13 71 2434
13 72 1007
13 73 1618
13 74 1085
13 75 3959
13 76 3384
13 77 7475
13 78 969
13 79 6808
14 15 1577
14 16 3267
14 17 2552
14 18 1769
14 19 2988
14 20 1350
14 21 3471
14 22 1936
14 23 7191
14 24 3816
14 25 6755
14 26 5360
14 27 6173
14 28 1033
14 29 6704
14 30 6981
14 31 1975
14 32 2691
14 33 6883
14 34 2272
14 35 4194
14 36 5482
14 37 6256
14 38 3493
14 39 1174
14 40 4425
14 41 5286
14 42 1917
14 43 5321
14 44 1303
14 45 993
14 46 4155
14 47 2381
14 48 5196
14 49 1508
14 50 1838
14 51 2441
14 52 4717
14 53 6087
14 54 4846
14 55 5721
14 56 5391
14 57 1757
14 58 5168
14 59 1608
14 60 2952
14 61 6105
14 62 3271
14 63 5303
14 64 453
14 65 7285
14 66 3864
14 67 960
14 68 1125
14 69 6993
14 70 4510
14 71 5443
14 72 6422
14 73 7411
14 74 5627
14 75 1912
14 76 1821
14 77 7035
14 78 353
14 79 4909
15 16 3000
15 17 1946
15 18 5770
15 19 6794
15 20 155
15 21 4215
15 22 2850
15 23 4767
15 24 707
15 25 3565
15 26 5046
15 27 7410
15 28 5991
15 29 3309
15 30 3133
15 31 6000
15 32 5410
15 33 4346
15 34 2202
15 35 1924
15 36 1277
15 37 5871
15 38 7146
15 39 3602
15 40 6666
15 41 5536
15 42 3993
15 43 3578
15 44 3740
15 45 6530
15 46 6455
15 47 5504
15 48 3179
15 49 6894
15 50 4841
15 51 6588
15 52 5158
15 53 1595
15 54 5799
15 55 2858
15 56 3713
15 57 1676
15 58 5189
15 59 392
15 60 2342
15 61 800
15 62 2154
15 63 5659
15 64 5
15 65 2064
15 66 4072
15 67 2313
15 68 3812
15 69 4235
15 70 6807
15 71 5927
15 72 6836
15 73 928
15 74 3058
15 75 5952
15 76 7092
15 77 6695
15 78 3258
15 79 5929
16 17 6461
16 18 5810
16 19 5698
16 20 3613
16 21 3382
16 22 2971
16 23 6291
16 24 3411
16 25 350
16 26 2650
16 27 3361
16 28 158
16 29 5555
16 30 2401
16 31 1908
16 32 3426
16 33 6524
16 34 2752
16 35 1210
16 36 5581
16 37 5562
16 38 4982
16 39 152
16 40 2478
16 41 2935
16 42 2760
16 43 2783
16 44 599
16 45 1120
16 46 1001
16 47 2679
16 48 1599
16 49 3866
16 50 4126
16 51 2065
16 52 6221
16 53 7313
16 54 4478
16 55 2298
16 56 5670
16 57 1137
16 58 2879
16 59 1550
16 60 3608
16 61 5327
16 62 3400
16 63 5590
16 64 6262
16 65 7052
16 66 4733
16 67 2796
16 68 1743
16 69 6007
16 70 1425
16 71 2231
16 72 4888
16 73 6874
16 74 6138
16 75 1446
16 76 1296
16 77 3408
16 78 4980
16 79 7397
17 18 2304
17 19 5479
17 20 1065
17 21 2989
17 22 3382
17 23 5582
17 24 1151
17 25 3251
17 26 2531
17 27 4007
17 28 1251
17 29 7468
17 30 3575
17 31 4945
17 32 4872
17 33 3646
17 34 4289
17 35 5564
17 36 1249
17 37 4715
17 38 251
17 39 7140
17 40 1960
17 41 5142
17 42 3219
17 43 2213
17 44 5951
17 45 5867
17 46 5555
17 47 782
17 48 7003
17 49 305
17 50 3754
17 51 6848
17 52 4624
17 53 7336
17 54 5711
17 55 3978
17 56 70
17 57 1216
17 58 970
17 59 6608
17 60 5608
17 61 6648
17 62 7136
17 63 3143
17 64 3207
17 65 634
17 66 7019
17 67 2165
17 68 2895
17 69 6719
17 70 6680
17 71 5331
17 72 2518
17 73 1388
17 74 2473
17 75 1758
17 76 3173
17 77 797
17 78 6037
17 79 7150
18 19 6239
18 20 6406
18 21 264
18 22 1251
18 23 775
18 24 819
18 25 2517
18 26 4406
18 27 4046
18 28 6225
18 29 3991
18 30 4802
18 31 6591
18 32 1323
18 33 889
18 34 5722
18 35 107
18 36 4236
18 37 3401
18 38 1231
18 39 4806
18 40 1832
18 41 7049
18 42 2560
18 43 1085
18 44 1464
18 45 617
18 46 3590
18 47 2066
18 48 3686
18 49 3588
18 50 1433
18 51 3089
18 52 2915
18 53 2505
18 54 868
18 55 3898
18 56 5984
18 57 6640
18 58 5892
18 59 1178
18 60 4152
18 61 2675
18 62 6705
18 63 2857
18 64 5398
18 65 2500
18 66 1489
18 67 2702
18 68 3430
18 69 6251
18 70 3869
18 71 5848
18 72 3798
18 73 1099
18 74 2916
18 75 7247
18 76 626
18 77 6159
18 78 6012
18 79 1572
19 20 6810
19 21 2092
19 22 7364
19 23 2904
19 24 1351
19 25 5293
19 26 2006
19 27 6423
19 28 6332
19 29 6843
19 30 7500
19 31 1313
19 32 1509
19 33 6808
19 34 6690
19 35 2782
19 36 1506
19 37 4501
19 38 7369
19 39 2365
19 40 5614
19 41 5290
19 42 2650
19 43 4774
19 44 1936
19 45 3227
19 46 2057
19 47 265
19 48 2213
19 49 1290
19 50 5654
19 51 5105
19 52 6647
19 53 7380
19 54 6064
19 55 234
19 56 106
19 57 2001
19 58 7439
19 59 3087
19 60 1094
19 61 2662
19 62 1055
19 63 4420
19 64 1349
19 65 2373
19 66 1131
19 67 5513
19 68 6137
19 69 5643
19 70 5341
19 71 229
19 72 1604
19 73 7052
19 74 6707
19 75 2268
19 76 302
19 77 2302
19 78 6706
19 79 2326
20 21 3781
20 22 6408
20 23 1230
20 24 2891
20 25 16
20 26 3418
20 27 4614
20 28 1005
20 29 3579
20 30 6610
20 31 2045
20 32 3084
20 33 5158
20 34 257
20 35 4606
20 36 2621
20 37 4984
20 38 3501
20 39 3652
20 40 4931
20 41 6277
20 42 375
20 43 3346
20 44 958
20 45 787
20 46 2208
20 47 296
20 48 1733
20 49 880
20 50 21
20 51 2275
20 52 4076
20 53 3021
20 54 4824
20 55 6467
20 56 542
20 57 3102
20 58 7484
20 59 1147
20 60 4722
20 61 6212
20 62 1319
20 63 1275
20 64 3312
20 65 2744
20 66 6492
20 67 4825
20 68 3628
20 69 3142
20 70 4720
20 71 2057
20 72 5055
20 73 5029
20 74 1808
20 75 2535
20 76 4663
20 77 2513
20 78 253
20 79 6736
21 22 5941
21 23 5748
21 24 5848
21 25 6850
21 26 1120
21 27 1778
21 28 1156
21 29 1303
21 30 6695
21 31 1452
21 32 1561
21 33 6382
21 34 4084
21 35 2408
21 36 4033
21 37 6752
21 38 1325
21 39 5109
21 40 5774
21 41 499
21 42 4653
21 43 2935
21 44 3814
21 45 2222
21 46 772
21 47 2862
21 48 5363
21 49 6259
21 50 1989
21 51 5134
21 52 1660
21 53 6198
21 54 7087
21 55 359
21 56 5967
21 57 2456
21 58 838
21 59 6631
21 60 6183
21 61 5363
21 62 2729
21 63 6989
21 64 1320
21 65 2537
21 66 6912
21 67 7033
21 68 3407
21 69 1758
21 70 7239
21 71 6057
21 72 1826
21 73 176
21 74 4106
21 75 5017
21 76 5862
21 77 7445
21 78 3604
21 79 1681
22 23 5180
22 24 5934
22 25 2091
22 26 4514
22 27 2547
22 28 6195
22 29 7240
22 30 6842
22 31 3467
22 32 3079
22 33 4027
22 34 564
22 35 1178
22 36 3478
22 37 7442
22 38 1055
22 39 5931
22 40 1064
22 41 3806
22 42 3722
22 43 2053
22 44 7489
22 45 4871
22 46 1060
22 47 4051
22 48 4965
22 49 2436
22 50 1817
22 51 3741
22 52 7246
22 53 656
22 54 6506
22 55 5493
22 56 5959
22 57 3351
22 58 5854
22 59 2300
22 60 4898
22 61 2876
22 62 5710
22 63 298
22 64 3
22 65 6407
22 66 5198
22 67 4817
22 68 5180
22 69 3448
22 70 3410
22 71 3106
22 72 941
22 73 2900
22 74 2062
22 75 3989
22 76 2572
22 77 3119
22 78 6290
22 79 1659
23 24 5001
23 25 5814
23 26 2063
23 27 5345
23 28 7455
23 29 2779
23 30 1583
23 31 4084
23 32 2544
23 33 670
23 34 2385
23 35 2916
23 36 2873
23 37 4588
23 38 802
23 39 5657
23 40 5663
23 41 6203
23 42 5953
23 43 6319
23 44 4191
23 45 6974
23 46 6333
23 47 6001
23 48 743
23 49 4832
23 50 2679
23 51 5786
23 52 3985
23 53 6065
23 54 472
23 55 7143
23 56 7043
23 57 5211
23 58 1244
23 59 457
23 60 4478
23 61 1412
23 62 2339
23 63 2389
23 64 5433
23 65 3912
23 66 5171
23 67 5013
23 68 3923
23 69 4144
23 70 6650
23 71 731
23 72 983
23 73 743
23 74 1323
23 75 5364
23 76 1129
23 77 5666
23 78 5538
23 79 4253
24 25 6626
24 26 1784
24 27 1713
24 28 4803
24 29 1725
24 30 232
24 31 2936
24 32 4770
24 33 4608
24 34 3848
24 35 5562
24 36 1933
24 37 7338
24 38 362
24 39 652
24 40 6549
24 41 5277
24 42 2925
24 43 128
24 44 2828
24 45 5730
24 46 1578
24 47 1726
24 48 2787
24 49 2062
24 50 3614
24 51 7196
24 52 4518
24 53 5644
24 54 3760
24 55 1992
24 56 3775
24 57 1343
24 58 4461
24 59 3483
24 60 2175
24 61 552
24 62 1728
24 63 6655
24 64 7461
24 65 3647
24 66 191
24 67 471
24 68 1727
24 69 938
24 70 2612
24 71 4849
24 72 401
24 73 3290
24 74 6514
24 75 2353
24 76 7335
24 77 2643
24 78 2884
24 79 3780
25 26 1865
25 27 5269
25 28 972
25 29 4467
25 30 3205
25 31 5888
25 32 7185
25 33 2407
25 34 780
25 35 3797
25 36 1523
25 37 7332
25 38 405
25 39 622
25 40 1975
25 41 4984
25 42 3179
25 43 2449
25 44 7344
25 45 5700
25 46 3671
25 47 6568
25 48 5028
25 49 2291
25 50 3725
25 51 5599
25 52 2440
25 53 5455
25 54 5607
25 55 3837
25 56 1829
25 57 1623
25 58 1776
25 59 509
25 60 2338
25 61 2371
25 62 499
25 63 714
25 64 6968
25 65 2684
25 66 6795
25 67 7291
25 68 3915
25 69 3430
25 70 2673
25 71 954
25 72 7438
25 73 860
25 74 4352
25 75 1036
25 76 4132
25 77 4049
25 78 2547
25 79 1508
26 27 5470
26 28 2910
26 29 2677
26 30 6497
26 31 6796
26 32 1112
26 33 1044
26 34 5322
26 35 2346
26 36 398
26 37 4105
26 38 4737
26 39 3690
26 40 4217
26 41 4899
26 42 5954
26 43 119
26 44 6483
26 45 2914
26 46 1885
26 47 6757
26 48 3029
26 49 2766
26 50 6485
26 51 4735
26 52 2011
26 53 814
26 54 926
26 55 5736
26 56 943
26 57 1070
26 58 4853
26 59 7110
26 60 3982
26 61 665
26 62 3583
26 63 6566
26 64 5426
26 65 6313
26 66 4645
26 67 2644
26 68 2589
26 69 3606
26 70 5664
26 71 6360
26 72 3826
26 73 3705
26 74 1116
26 75 2716
26 76 3540
26 77 1166
26 78 2153
26 79 5085
27 28 7266
27 29 2192
27 30 4000
27 31 1269
27 32 5995
27 33 1454
27 34 4418
27 35 967
27 36 6593
27 37 7124
27 38 6836
27 39 3008
27 40 4571
27 41 1349
27 42 961
27 43 3357
27 44 534
27 45 2840
27 46 2882
27 47 2474
27 48 6686
27 49 4386
27 50 3092
27 51 2050
27 52 1375
27 53 1244
27 54 1716
27 55 3585
27 56 4980
27 57 2065
27 58 2717
27 59 5518
27 60 3468
27 61 6636
27 62 3817
27 63 5428
27 64 4387
27 65 5458
27 66 6517
27 67 7366
27 68 6884
27 69 1100
27 70 3063
27 71 5089
27 72 7320
27 73 5334
27 74 3925
27 75 4639
27 76 4208
27 77 5092
27 78 4234
27 79 2378
28 29 4184
28 30 6302
28 31 5546
28 32 2442
28 33 4979
28 34 3732
28 35 4781
28 36 6287
28 37 7325
28 38 5989
28 39 6323
28 40 2493
28 41 5752
28 42 2406
28 43 1956
28 44 1308
28 45 2822
28 46 7043
28 47 3979
28 48 3499
28 49 3229
28 50 850
28 51 6255
28 52 5110
28 53 2608
28 54 32
28 55 5576
28 56 3312
28 57 313
28 58 2867
28 59 1852
28 60 6110
28 61 1987
28 62 4391
28 63 6488
28 64 6274
28 65 6471
28 66 1577
28 67 4462
28 68 1508
28 69 1635
28 70 6204
28 71 2915
28 72 92
28 73 232
28 74 4346
28 75 5984
28 76 5607
28 77 7459
28 78 4138
28 79 1737
29 30 14
29 31 6589
29 32 2488
29 33 7128
29 34 824
29 35 4386
29 36 5028
29 37 1541
29 38 731
29 39 6929
29 40 1558
29 41 6883
29 42 2437
29 43 1012
29 44 4639
29 45 7189
29 46 12
29 47 5094
29 48 1179
29 49 5346
29 50 3686
29 51 1528
29 52 7234
29 53 5184
29 54 2544
29 55 4392
29 56 227
29 57 2617
29 58 819
29 59 1736
29 60 2933
29 61 313
29 62 6553
29 63 4294
29 64 1478
29 65 1085
29 66 3221
29 67 5228
29 68 4532
29 69 2270
29 70 5226
29 71 2529
29 72 639
29 73 614
29 74 5329
29 75 5766
29 76 1477
29 77 1408
29 78 2836
29 79 7112
30 31 6692
30 32 7181
30 33 2159
30 34 3071
30 35 5523
30 36 3970
30 37 2205
30 38 1200
30 39 1846
30 40 4299
30 41 1866
30 42 5639
30 43 7495
30 44 2723
30 45 4100
30 46 5995
30 47 733
30 48 3407
30 49 1935
30 50 7286
30 51 2021
30 52 2056
30 53 456
30 54 5919
30 55 2772
30 56 7179
30 57 2985
30 58 479
30 59 3716
30 60 4661
30 61 3239
30 62 2457
30 63 6534
30 64 5715
30 65 1396
30 66 6128
30 67 6958
30 68 5344
30 69 1642
30 70 6269
30 71 4183
30 72 1549
30 73 1469
30 74 1498
30 75 4081
30 76 4350
30 77 7016
30 78 2642
30 79 2873
31 32 5868
31 33 4059
31 34 5388
31 35 4030
31 36 7484
31 37 5845
31 38 1435
31 39 3552
31 40 7398
31 41 5010
31 42 1555
31 43 5256
31 44 6613
31 45 4061
31 46 1024
31 47 1462
31 48 1406
31 49 1590
31 50 5592
31 51 1376
31 52 1493
31 53 4327
31 54 7451
31 55 5909
31 56 4249
31 57 94
31 58 1564
31 59 4206
31 60 6676
31 61 2430
31 62 5404
31 63 3645
31 64 5966
31 65 4953
31 66 1056
31 67 984
31 68 3753
31 69 3178
31 70 4540
31 71 2403
31 72 2709
31 73 5943
31 74 4401
31 75 3800
31 76 1118
31 77 1478
31 78 323
31 79 2385
32 33 560
32 34 1697
32 35 3870
32 36 1867
32 37 5693
32 38 2676
32 39 5482
32 40 1724
32 41 5278
32 42 2666
32 43 517
32 44 4605
32 45 4045
32 46 4711
32 47 1407
32 48 2006
32 49 5785
32 50 2433
32 51 4085
32 52 1127
32 53 7046
32 54 3861
32 55 232
32 56 2273
32 57 4601
32 58 5390
32 59 3902
32 60 4456
32 61 5131
32 62 2516
32 63 1261
32 64 7355
32 65 5927
32 66 550
32 67 4289
32 68 2493
32 69 4330
32 70 6565
32 71 2141
32 72 273
32 73 6275
32 74 2062
32 75 4711
32 76 826
32 77 7035
32 78 1377
32 79 5567
33 34 5544
33 35 2369
33 36 4208
33 37 269
33 38 695
33 39 3257
33 40 6862
33 41 1096
33 42 3489
33 43 2999
33 44 6603
33 45 3419
33 46 2549
33 47 973
33 48 1452
33 49 2860
33 50 1884
33 51 5587
33 52 2089
33 53 2995
33 54 656
33 55 1393
33 56 1851
33 57 4854
33 58 6415
33 59 2241
33 60 6912
33 61 4296
33 62 7464
33 63 2441
33 64 3159
33 65 7261
33 66 1879
33 67 1337
33 68 1406
33 69 4453
33 70 7137
33 71 930
33 72 6038
33 73 6825
33 74 4987
33 75 1820
33 76 4929
33 77 2914
33 78 2735
33 79 5159
34 35 3153
34 36 2287
34 37 1618
34 38 5554
34 39 5657
34 40 3937
34 41 6056
34 42 6779
34 43 2001
34 44 896
34 45 5373
34 46 442
34 47 181
34 48 5396
34 49 1209
34 50 161
34 51 5677
34 52 5948
34 53 3774
34 54 1669
34 55 6508
34 56 6075
34 57 1823
34 58 1007
34 59 512
34 60 7366
34 61 2320
34 62 6388
34 63 2514
34 64 3119
34 65 5041
34 66 4638
34 67 4578
34 68 1863
34 69 7087
34 70 1632
34 71 488
34 72 2508
34 73 3263
34 74 2688
34 75 3119
34 76 1010
34 77 1712
34 78 5641
34 79 3032
35 36 4502
35 37 4538
35 38 2641
35 39 3577
35 40 1317
35 41 6886
35 42 608
35 43 858
35 44 1034
35 45 3184
35 46 6746
35 47 5126
35 48 1943
35 49 5355
35 50 1266
35 51 1342
35 52 311
35 53 5111
35 54 5198
35 55 6306
35 56 3201
35 57 7167
35 58 5563
35 59 4626
35 60 3496
35 61 520
35 62 5462
35 63 1847
35 64 2687
35 65 6338
35 66 6939
35 67 7423
35 68 3763
35 69 404
35 70 5071
35 71 5678
35 72 3751
35 73 3430
35 74 3572
35 75 6112
35 76 6067
35 77 11
35 78 3628
35 79 2783
36 37 409
36 38 470
36 39 652
36 40 5948
36 41 4277
36 42 3577
36 43 3263
36 44 1470
36 45 4802
36 46 177
36 47 3158
36 48 4495
36 49 3123
36 50 4604
36 51 6361
36 52 3268
36 53 358
36 54 5469
36 55 2980
36 56 3126
36 57 471
36 58 455
36 59 7309
36 60 2098
36 61 4526
36 62 2039
36 63 6266
36 64 759
36 65 3538
36 66 6341
36 67 4099
36 68 519
36 69 4696
36 70 2021
36 71 107
36 72 6283
36 73 3201
36 74 3161
36 75 12
36 76 5322
36 77 5236
36 78 3572
36 79 5245
37 38 3592
37 39 1043
37 40 2531
37 41 3392
37 42 7302
37 43 6740
37 44 5966
37 45 5820
37 46 6274
37 47 3985
37 48 3380
37 49 4896
37 50 7386
37 51 7413
37 52 5483
37 53 6639
37 54 4142
37 55 2858
37 56 3026
37 57 7426
37 58 4539
37 59 2353
37 60 3715
37 61 6605
37 62 1044
37 63 978
37 64 4789
37 65 3328
37 66 6208
37 67 5835
37 68 6101
37 69 3468
37 70 2857
37 71 767
37 72 2777
37 73 5265
37 74 3912
37 75 1672
37 76 7141
37 77 6670
37 78 1568
37 79 2810
38 39 3724
38 40 2382
38 41 730
38 42 4326
38 43 3392
38 44 924
38 45 5470
38 46 2335
38 47 6437
38 48 6913
38 49 6568
38 50 678
38 51 7063
38 52 3447
38 53 5198
38 54 6339
38 55 3745
38 56 1556
38 57 7140
38 58 1508
38 59 3878
38 60 631
38 61 677
38 62 1444
38 63 768
38 64 165
38 65 7144
38 66 3746
38 67 5893
38 68 5541
38 69 4799
38 70 1567
38 71 4450
38 72 3221
38 73 6707
38 74 5972
38 75 4863
38 76 3782
38 77 6123
38 78 4003
38 79 3785
39 40 5576
39 41 3862
39 42 1487
39 43 364
39 44 3548
39 45 2757
39 46 3909
39 47 7087
39 48 1499
39 49 3209
39 50 7080
39 51 4275
39 52 4961
39 53 5142
39 54 1138
39 55 5631
39 56 3706
39 57 7385
39 58 3097
39 59 2422
39 60 3114
39 61 3109
39 62 2588
39 63 5503
39 64 5544
39 65 2907
39 66 634
39 67 6188
39 68 282
39 69 5910
39 70 4107
39 71 6984
39 72 4883
39 73 3208
39 74 4820
39 75 5975
39 76 2159
39 77 6306
39 78 834
39 79 1331
40 41 3224
40 42 2853
40 43 1621
40 44 7155
40 45 4221
40 46 3321
40 47 955
40 48 7490
40 49 1023
40 50 5168
40 51 1326
40 52 5126
40 53 1780
40 54 7081
40 55 5944
40 56 1491
40 57 2851
40 58 2079
40 59 4734
40 60 5225
40 61 6149
40 62 1132
40 63 1552
40 64 4292
40 65 4318
40 66 7268
40 67 2156
40 68 6830
40 69 6528
40 70 6549
40 71 6172
40 72 3193
40 73 3733
40 74 4845
40 75 5857
40 76 1272
40 77 2465
40 78 1812
40 79 2376
41 42 4293
41 43 5766
41 44 2540
41 45 6657
41 46 3209
41 47 7131
41 48 7211
41 49 499
41 50 5028
41 51 7026
41 52 2900
41 53 3792
41 54 91
41 55 4278
41 56 475
41 57 6857
41 58 4698
41 59 6531
41 60 3248
41 61 459
41 62 1575
41 63 6416
41 64 3595
41 65 3039
41 66 1348
41 67 2346
41 68 6798
41 69 6122
41 70 2597
41 71 142
41 72 903
41 73 5543
41 74 3472
41 75 4190
41 76 1612
41 77 3378
41 78 2440
41 79 4470
42 43 558
42 44 4861
42 45 1424
42 46 5004
42 47 3547
42 48 6461
42 49 5375
42 50 567
42 51 4952
42 52 2081
42 53 2033
42 54 5346
42 55 1121
42 56 5681
42 57 3516
42 58 7299
42 59 1510
42 60 4830
42 61 2068
42 62 1358
42 63 4809
42 64 3110
42 65 4624
42 66 5515
42 67 7488
42 68 1850
42 69 6365
42 70 4516
42 71 7269
42 72 1250
42 73 4198
42 74 5061
42 75 2262
42 76 6343
42 77 3574
42 78 2443
42 79 5723
43 44 120
43 45 579
43 46 3773
43 47 5729
43 48 1438
43 49 3020
43 50 2283
43 51 6352
43 52 3776
43 53 1135
43 54 107
43 55 2577
43 56 224
43 57 4354
43 58 4735
43 59 5922
43 60 4273
43 61 1839
43 62 4770
43 63 5018
43 64 3513
43 65 2363
43 66 2177
43 67 5882
43 68 3115
43 69 6139
43 70 2911
43 71 7375
43 72 6216
43 73 3504
43 74 5655
43 75 6007
43 76 6130
43 77 2972
43 78 412
43 79 958
44 45 7378
44 46 6274
44 47 3386
44 48 505
44 49 3022
44 50 7426
44 51 5561
44 52 6770
44 53 2879
44 54 5429
44 55 2402
44 56 3459
44 57 4279
44 58 4430
44 59 5771
44 60 6318
44 61 6410
44 62 6553
44 63 1098
44 64 6500
44 65 3903
44 66 1403
44 67 5076
44 68 5090
44 69 2297
44 70 1486
44 71 6952
44 72 4581
44 73 1578
44 74 6124
44 75 4600
44 76 3199
44 77 237
44 78 3508
44 79 659
45 46 3157
45 47 283
45 48 6523
45 49 4083
45 50 4663
45 51 5981
45 52 1281
45 53 148
45 54 6865
45 55 5074
45 56 424
45 57 1782
45 58 3385
45 59 4724
45 60 1055
45 61 1899
45 62 2442
45 63 123
45 64 5243
45 65 3279
45 66 788
45 67 5109
45 68 6042
45 69 5632
45 70 6980
45 71 3394
45 72 4229
45 73 1228
45 74 4896
45 75 5857
45 76 2684
45 77 1514
45 78 141
45 79 3144
46 47 4692
46 48 5492
46 49 7032
46 50 46
46 51 7208
46 52 3479
46 53 233
46 54 3146
46 55 1103
46 56 2278
46 57 528
46 58 3300
46 59 7241
46 60 6040
46 61 5300
46 62 2968
46 63 6957
46 64 470
46 65 1763
46 66 4561
46 67 3896
46 68 5862
46 69 3967
46 70 5145
46 71 3584
46 72 2418
46 73 6908
46 74 6175
46 75 734
46 76 5381
46 77 4101
46 78 7377
46 79 658
47 48 1398
47 49 6065
47 50 2743
47 51 4201
47 52 4293
47 53 1462
47 54 4587
47 55 711
47 56 509
47 57 2925
47 58 5617
47 59 2748
47 60 1044
47 61 2048
47 62 1758
47 63 117
47 64 3978
47 65 464
47 66 7494
47 67 5527
47 68 1886
47 69 3926
47 70 2237
47 71 3680
47 72 3605
47 73 779
47 74 1614
47 75 4070
47 76 579
47 77 3576
47 78 6527
47 79 4342
48 49 1226
48 50 7427
48 51 6025
48 52 2060
48 53 3792
48 54 4586
48 55 3121
48 56 125
48 57 6220
48 58 7298
48 59 2134
48 60 1842
48 61 189
48 62 2751
48 63 6814
48 64 1070
48 65 952
48 66 5813
48 67 5300
48 68 5090
48 69 6356
48 70 6471
48 71 1791
48 72 53
48 73 5203
48 74 6047
48 75 1421
48 76 251
48 77 2362
48 78 7175
48 79 1444
49 50 7417
49 51 591
49 52 723
49 53 4952
49 54 6333
49 55 6838
49 56 3487
49 57 954
49 58 6841
49 59 1092
49 60 3695
49 61 3480
49 62 2973
49 63 6945
49 64 5219
49 65 1095
49 66 987
49 67 1067
49 68 5279
49 69 5224
49 70 1176
49 71 5970
49 72 4540
49 73 7052
49 74 4431
49 75 619
49 76 2008
49 77 3422
49 78 142
49 79 4183
50 51 310
50 52 698
50 53 4667
50 54 1856
50 55 281
50 56 4260
50 57 2991
50 58 4970
50 59 1003
50 60 2761
50 61 2869
50 62 4910
50 63 5181
50 64 59
50 65 1400
50 66 7238
50 67 7223
50 68 1856
50 69 1051
50 70 4537
50 71 993
50 72 492
50 73 2876
50 74 2864
50 75 186
50 76 663
50 77 356
50 78 6781
50 79 4106
51 52 7414
51 53 1285
51 54 6066
51 55 87
51 56 3099
51 57 1836
51 58 172
51 59 6635
51 60 6811
51 61 4976
51 62 4740
51 63 5503
51 64 7067
51 65 1178
51 66 1597
51 67 4538
51 68 993
51 69 14
51 70 4532
51 71 5183
51 72 88
51 73 6617
51 74 2347
51 75 7274
51 76 6612
51 77 1535
51 78 1262
51 79 6958
52 53 4246
52 54 6026
52 55 2474
52 56 5057
52 57 6589
52 58 728
52 59 4021
52 60 2602
52 61 5428
52 62 2071
52 63 6320
52 64 7135
52 65 4297
52 66 5839
52 67 5910
52 68 4089
52 69 3634
52 70 6201
52 71 4530
52 72 925
52 73 178
52 74 7238
52 75 62
52 76 7158
52 77 2909
52 78 2319
52 79 1276
53 54 3716
53 55 825
53 56 2482
53 57 6201
53 58 7093
53 59 1685
53 60 7293
53 61 7254
53 62 1183
53 63 1221
53 64 2981
53 65 964
53 66 3327
53 67 2069
53 68 2156
53 69 6449
53 70 269
53 71 6776
53 72 5359
53 73 672
53 74 5514
53 75 947
53 76 6273
53 77 3727
53 78 5835
53 79 6080
54 55 3933
54 56 1656
54 57 1118
54 58 4255
54 59 3624
54 60 496
54 61 1828
54 62 5494
54 63 2951
54 64 2340
54 65 7373
54 66 5122
54 67 1690
54 68 4952
54 69 3999
54 70 6542
54 71 1925
54 72 5394
54 73 976
54 74 6316
54 75 4203
54 76 7343
54 77 5434
54 78 3419
54 79 2853
55 56 700
55 57 6748
55 58 221
55 59 4873
55 60 6164
55 61 55
55 62 7006
55 63 3605
55 64 5022
55 65 5900
55 66 531
55 67 1999
55 68 6336
55 69 5709
55 70 7169
55 71 5716
55 72 1489
55 73 5041
55 74 3603
55 75 5734
55 76 1487
55 77 5174
55 78 267
55 79 4744
56 57 4709
56 58 6828
56 59 2300
56 60 4465
56 61 6463
56 62 2241
56 63 1438
56 64 4202
56 65 4270
56 66 3487
56 67 1858
56 68 1489
56 69 8
56 70 4337
56 71 439
56 72 2118
56 73 2426
56 74 590
56 75 475
56 76 4712
56 77 5431
56 78 4419
56 79 6259
57 58 1145
57 59 566
57 60 2251
57 61 6351
57 62 5768
57 63 2900
57 64 3188
57 65 1887
57 66 6188
57 67 5601
57 68 388
57 69 2035
57 70 4364
57 71 3402
57 72 6832
57 73 107
57 74 2891
57 75 3960
57 76 3095
57 77 1379
57 78 6872
57 79 1669
58 59 5319
58 60 6715
58 61 5570
58 62 7340
58 63 1094
58 64 1260
58 65 1839
58 66 4444
58 67 4525
58 68 6850
58 69 5221
58 70 3908
58 71 4971
58 72 7381
58 73 7268
58 74 5752
58 75 2808
58 76 5649
58 77 6336
58 78 5687
58 79 7361
59 60 4239
59 61 2959
59 62 573
59 63 4583
59 64 5103
59 65 2083
59 66 7174
59 67 5648
59 68 2746
59 69 6308
59 70 706
59 71 2518
59 72 1344
59 73 3193
59 74 134
59 75 4180
59 76 2456
59 77 3257
59 78 4825
59 79 653
60 61 346
60 62 2789
60 63 1139
60 64 5925
60 65 4055
60 66 2584
60 67 4051
60 68 1317
60 69 6454
60 70 2628
60 71 5266
60 72 2311
60 73 5296
60 74 952
60 75 4758
60 76 2751
60 77 3191
60 78 3973
60 79 4179
61 62 7065
61 63 5981
61 64 3197
61 65 7249
61 66 6777
61 67 374
61 68 2992
61 69 6414
61 70 3563
61 71 1073
61 72 4533
61 73 4969
61 74 2284
61 75 3026
61 76 3840
61 77 1153
61 78 5641
61 79 4403
62 63 7368
62 64 4701
62 65 556
62 66 6251
62 67 916
62 68 201
62 69 725
62 70 343
62 71 5954
62 72 2744
62 73 3674
62 74 5845
62 75 3177
62 76 1120
62 77 4334
62 78 1505
62 79 7377
63 64 1049
63 65 1483
63 66 2832
63 67 3815
63 68 4580
63 69 3157
63 70 6352
63 71 438
63 72 51
63 73 5068
63 74 1828
63 75 3095
63 76 2061
63 77 7321
63 78 2982
63 79 7475
64 65 6482
64 66 2681
64 67 1559
64 68 3696
64 69 1238
64 70 2413
64 71 5018
64 72 536
64 73 4664
64 74 2314
64 75 6347
64 76 790
64 77 4188
64 78 2177
64 79 5511
65 66 1403
65 67 1311
65 68 5156
65 69 782
65 70 360
65 71 5907
65 72 960
65 73 3325
65 74 991
65 75 5950
65 76 4683
65 77 6416
65 78 3407
65 79 3785
66 67 6828
66 68 4289
66 69 5139
66 70 2516
66 71 7321
66 72 2998
66 73 4169
66 74 655
66 75 4828
66 76 5475
66 77 2170
66 78 5678
66 79 71
67 68 3675
67 69 5399
67 70 6764
67 71 607
67 72 4307
67 73 504
67 74 7391
67 75 1472
67 76 6855
67 77 3144
67 78 2119
67 79 2839
68 69 3992
68 70 4016
68 71 4360
68 72 5613
68 73 5268
68 74 6845
68 75 7089
68 76 5787
68 77 4548
68 78 2070
68 79 6613
69 70 6178
69 71 532
69 72 4827
69 73 1143
69 74 1595
69 75 5173
69 76 5007
69 77 7400
69 78 1417
69 79 4334
70 71 7402
70 72 7064
70 73 5522
70 74 4478
70 75 7401
70 76 1335
70 77 7261
70 78 5602
70 79 2219
71 72 3604
71 73 2081
71 74 7127
71 75 1011
71 76 410
71 77 2397
71 78 2040
71 79 6369
72 73 6837
72 74 3418
72 75 1036
72 76 3960
72 77 7099
72 78 1939
72 79 6010
73 74 3295
73 75 6822
73 76 2240
73 77 3814
73 78 3678
73 79 4529
74 75 6670
74 76 6075
74 77 5875
74 78 132
74 79 5781
75 76 2814
75 77 2389
75 78 3663
75 79 6464
76 77 6188
76 78 4285
76 79 6486
77 78 2161
77 79 1126
78 79 4726
