35 80 2520
6279 3042 3683 273 1902 650 5268 3719 1831 2554 5128 5363 1345 1409 4349 3418 5380 6580 2959 1293 3662 7436 4483 4408 1351 2490 5141 5936 1021 2453 2640 7299 4346 6322 6423
6247 6971 4190 2466 154 5595 6445 5516 6940 6705 2364 2857 3436 296 4668 4728 2809 3455 562 6068 4806 1903 3708 2093 2924 5013 4732 2722 710 2405 1645 6957 727 4686 774 880 2781 7218 6396 2220 6422 111 3928 2357 406 1095 5936 2066 4550 6497 634 707 899 3193 2799 2674 705 6382 4248 1415 1286 4744 7223 2012 1929 496 1744 4709 6565 6991 5780 5486 7101 2208 6694 6359 3302 5129 7276 6703
2977 409 7409 2727 3602 2707 5401 3158 1588 2148 3424 1725 6891 1998 3737 171 2493 4332 3732 409 3822 2011 5894 2274 4218 3939 1132 6372 419 908 5574 3395 168 4335 4974 2621 7041 1726 4631 7481 2725 6906 1705 2115 1404 4293 1137 2748 1124 4868 3157 3797 6879 402 6071 2448 4341 7202 1319 4759 6961 5745 7006 5981 2579 4479 1101 971 5056 5731 7303 280 5137 1508 1246 5392 4652 2382 639 5776
7250 2647 924 5480 3049 6994 427 6241 5548 598 3499 3860 5194 1856 2340 6624 5186 3441 94 2741 523 7397 3020 4511 256 4265 1254 4907 6647 745 2034 5248 3391 2958 3227 5291 1303 2505 4031 6850 3102 6382 2062 7147 737 4401 6270 5923 6693 5216 1163 6068 3964 3035 3078 3071 7299 3184 477 5297 3928 1363 3044 7318 3172 6270 5109 3326 127 491 2676 2080 6872 3589 1727 109 489 6848 4883 6034
4563 4897 4601 7378 431 6530 2948 6582 2213 2277 4378 6140 2491 7422 4810 4514 5043 1270 339 5169 1760 1866 7249 1132 5454 1475 92 4795 7174 4974 3328 3089 1222 6780 2966 1653 5809 4766 734 6874 5894 3963 4365 884 3884 1674 5397 279 1795 4587 5447 3555 6453 4047 3538 4406 4373 3629 1700 4047 7454 3879 7135 1175 3158 1452 1679 1467 5069 2412 840 3462 5227 5204 3197 1610 5730 7445 740 24
4532 6187 2430 3484 1585 5967 6741 5958 2095 941 1356 900 4819 7342 2075 477 1293 3753 795 6362 5017 486 1175 2743 5689 4372 3204 2770 4316 3944 2794 199 1482 5223 3682 3066 2542 2923 375 4636 2715 1730 5536 6385 423 6462 6861 1716 2714 6507 6929 6582 6992 603 1824 5181 3826 5028 6802 642 323 947 840 1804 5022 3374 3721 63 5148 4096 3550 362 4677 1585 5598 5100 6898 4959 5667 2112
3965 3947 1193 3457 4549 1869 7489 875 5748 5642 368 6070 6589 59 6725 4110 2284 2945 4172 7431 5892 221 6644 1921 658 4742 5872 55 1052 4038 1018 3868 484 1063 6176 3884 2931 5016 3610 30 3158 3977 6099 2246 2888 5323 5207 5171 7119 1878 3954 5511 950 3097 7431 1607 6690 5802 514 241 1191 1531 4109 526 2593 1636 4409 4375 6652 6871 3256 2309 3347 1854 3406 5086 6028 1112 2757 5647
1841 6710 3657 2790 1158 2439 4397 348 740 4910 6940 1930 5292 2400 2455 6737 4036 5715 2463 2039 5085 5719 4347 7284 72 6604 4869 4952 215 6477 1950 2055 4538 4458 3696 5696 6896 592 4895 6487 4353 3186 7268 2145 5586 2222 233 973 6788 2695 3011 3225 913 6209 3008 7337 5312 6728 4788 4378 5705 6737 6432 1594 3694 2627 6141 1941 2071 3535 927 5275 5573 694 6271 3658 1767 6503 4630 1054
1698 6492 4278 2610 5200 6137 1298 3011 5365 6085 7388 2421 4173 5171 4014 6718 6649 2655 1158 71 5041 936 5346 3113 1629 4116 5622 3395 3119 1603 3301 4816 594 6430 6277 5793 3919 75 1303 1783 5011 42 3055 536 5212 7068 7253 4361 1074 7263 4431 4967 698 1128 6931 1179 5244 3905 3425 862 5507 5577 4529 4953 4507 2157 3245 7277 2231 3400 1559 6094 3441 4613 6629 5 3032 5233 3217 2958
3847 6499 6776 4545 127 6206 5723 5370 2610 499 5083 6969 6076 2111 4421 1934 3119 6517 1710 5350 1268 3268 2795 4709 6732 775 3565 1115 6007 6781 2924 2354 5779 2199 5750 4757 905 2824 2626 2366 3322 6560 686 1897 22 3958 3830 3141 1827 5539 7342 3094 158 2636 6654 5741 3410 2718 6856 768 850 1131 3121 6629 3330 222 2737 3086 3045 5363 4303 6367 3274 4989 763 3296 298 3445 5288 2124
1483 5129 5218 1641 6616 3223 6233 1377 5941 4440 2144 6790 5571 4117 4770 1400 4338 7 4485 7383 4221 1287 6249 7494 5127 5863 2141 4277 1807 6280 6400 3290 3908 2969 3782 1875 6192 1366 3251 3484 5806 5395 2773 3876 863 6395 5275 5200 6401 1111 3934 1973 1249 2682 818 5228 7397 1811 2004 1703 590 7255 3844 3350 2724 6477 5224 267 343 975 3750 6148 5221 6522 2523 4935 4268 6649 2634 2020
259 6568 3992 359 601 4810 5586 497 5472 6441 2200 6061 6196 4895 1910 1419 3872 7134 537 4214 6960 4286 1713 3532 2159 3087 966 6427 2235 3599 946 1345 1518 3790 1703 2119 1099 6141 1467 6570 5081 2518 3982 3776 7413 5892 4046 3784 4377 4582 6849 3836 1367 1061 7367 2378 4147 7184 1304 5233 3282 1101 5429 3652 4890 5983 4622 4840 4623 6088 2761 1056 7458 6743 4831 7370 5134 229 2505 862
4810 1853 4697 5029 1765 3415 7406 4763 3098 61 2495 5231 1161 6775 1382 6051 5257 4855 3390 1232 2295 6151 2287 2252 4245 5969 2121 1878 6197 4625 2739 2359 5329 6287 6239 7093 1053 4996 3207 4150 5056 4553 732 5068 3827 2114 2470 1583 5820 5860 2814 614 3362 5100 2865 106 2421 3837 835 1117 7313 2425 2327 5141 63 1065 3585 1115 6060 6791 5264 2467 3843 5995 35 169 6960 2504 604 5280
7215 3417 4745 1928 7369 110 885 2289 3946 1719 2257 2611 2995 4584 251 3057 4500 2688 4171 1912 1978 786 4378 4673 5633 3264 3693 5092 5768 4296 1723 4334 6565 6468 6262 5285 5429 7146 73 1874 217 1181 4484 3211 4616 3587 5120 1616 6274 642 3527 7103 1428 404 4275 7060 3668 468 3503 787 4763 5226 5120 2679 3045 2733 463 973 1231 6887 1698 1447 568 5034 3509 5183 1120 1128 5650 6245
622 1676 5847 2049 932 2622 1608 3451 1941 5110 4237 5555 1687 708 734 4731 2293 1196 5703 3523 583 7401 4969 2 4934 7329 5184 4905 7309 3334 3649 430 3861 847 2478 4792 3468 2937 742 4260 6898 3830 2315 7437 3390 3048 4667 5682 4243 1722 1704 3677 1622 5524 3678 5407 5352 214 1663 5160 2399 5311 4441 5111 6157 5770 2403 977 1206 1996 5236 6956 4678 50 6892 567 1949 2910 6248 6192
4631 451 1220 5104 5974 3750 1862 2677 3963 3524 337 5213 186 3629 2823 5195 1899 4077 5023 1956 4925 2758 1411 2102 1660 802 2668 2460 2564 1415 3 7194 1865 1223 4798 6690 4972 6659 1866 286 1535 1054 4350 1720 4683 7172 6914 5433 2601 4436 7388 25 6046 1299 2126 6557 952 4793 1516 3515 5059 1519 2061 5775 1593 6858 4964 6564 4868 5681 5701 5254 6735 2550 6974 2769 1073 5239 701 2525
1027 588 2549 5924 738 3526 3832 542 818 5347 2908 5876 5717 4968 4150 6161 3177 465 4076 545 6146 2276 4650 4232 3677 4123 7000 3602 714 6552 6126 592 7139 27 6515 6729 3552 1698 7270 4370 5896 2677 1597 4113 6497 4599 2773 2173 3915 6849 1569 2560 476 6219 6791 3005 1693 5142 6606 2406 4193 5231 1849 2684 5257 7215 1912 1309 1412 533 4530 7308 2061 4978 2772 1057 928 4396 3230 3695
2596 4798 6254 1924 3516 4397 4928 4061 2038 4033 6466 5083 615 7167 266 4724 6881 2177 4884 7145 1561 765 6952 2473 4594 1075 3530 5522 5470 5611 1716 6918 1760 6821 1341 4128 2569 6268 688 4607 1652 6005 2189 2266 5671 1306 6989 3904 2334 3224 3548 3894 3988 1851 6366 1082 2925 1247 5455 7246 5709 7170 6663 7469 5342 6855 2948 411 5622 3635 3869 6125 991 4909 7243 6662 6214 6731 1917 1047
2455 5464 3792 5294 7314 1509 6375 1590 2756 4329 1335 7316 2850 6850 7284 692 6204 1583 7454 3178 5217 3822 1802 6208 1230 1544 4221 6295 7127 6137 7341 933 2952 2484 6226 1617 3992 3953 3206 5599 781 3392 5415 3631 2741 4050 3174 297 5633 3127 2326 2201 6948 2979 908 7029 3375 3980 5823 1853 1468 4515 2785 3271 6998 362 4887 2341 3166 6944 440 3947 1688 4706 6429 3280 1255 2102 3576 6887
5228 4753 1588 3527 232 1347 3055 3606 4179 229 5458 5646 3595 7094 269 1944 6307 5155 4284 1973 3451 3575 5919 3990 780 4847 7269 2035 5800 2197 273 3527 6949 712 5905 7180 911 311 2137 5089 539 94 2086 2985 7187 2354 4928 5994 6361 563 466 1163 4138 5236 5152 4917 1434 3772 5803 7233 5968 4928 2111 4269 5639 515 3948 6549 825 4937 2989 215 5030 5075 3199 3569 6280 6978 914 5140
6392 231 5154 3029 5466 2805 6798 5751 6577 3952 5483 3896 1379 6445 664 7018 5811 4612 4918 6635 900 407 5701 5929 4333 251 849 3112 7228 1762 7104 6119 1992 4757 500 6309 62 6149 3411 5490 2600 245 1885 3979 6689 2549 2348 4999 6012 7265 2985 6911 6523 1185 5339 3355 1435 5040 5319 14 6801 4922 6133 145 2178 5484 5305 2239 4132 1216 6580 6731 1460 965 2061 7001 3513 4408 4499 2024
3025 7484 1434 2047 20 5624 4254 307 3163 2072 320 1316 5845 5304 1460 522 3287 6764 1613 7418 6831 692 5501 7143 1656 61 6643 4020 3321 2493 6043 6345 2476 6328 7243 1348 4452 2848 1654 6466 3771 1973 281 2115 7277 592 2637 1915 6208 3101 685 5538 3792 6185 5180 4300 5097 3174 819 7269 5667 5714 6113 6994 4541 4708 841 344 55 2494 6810 2678 3319 5942 4792 1947 6534 6280 2713 5241
732 3397 2130 3376 933 6162 175 4882 1835 7345 4650 1 5558 2115 6995 1451 6822 335 1794 5728 1681 7455 905 3851 5897 4549 4649 3782 3328 7361 374 4060 2110 2503 7435 3042 1164 6461 6775 1851 5157 3925 1851 3215 6039 1345 3517 4212 532 5310 1291 1064 4117 2196 3766 1365 5596 914 5146 275 7126 5519 3186 1735 6873 1972 3629 537 932 1755 2387 6089 5679 3089 655 3069 3286 4171 6132 2669
832 7423 2584 4948 970 6349 6312 5417 6114 2809 5691 4591 827 1377 5178 6552 3348 1306 7088 4280 1912 826 1720 6443 2766 1226 863 6051 5396 6995 1219 5079 5769 3802 1379 5590 1502 190 3506 6467 1851 1696 3558 1529 1924 1235 580 5272 1392 6519 903 3303 6196 2622 2245 1462 2699 3108 6364 594 1454 6435 5672 6074 1588 5902 4163 3090 6092 6520 2056 6794 715 4465 822 2639 5699 254 6762 5942
6772 164 1745 5468 1637 2841 5781 4335 4800 4644 3780 5105 3578 803 3678 5166 6705 340 7107 4148 5711 1662 3441 6426 6127 3114 416 3177 3367 7177 1619 2639 6192 2215 6958 328 5055 5238 3514 1207 2381 7293 6311 4811 595 2489 2476 7299 1680 2082 2798 7391 2595 6238 5168 73 1852 4435 2102 5218 4111 3720 6708 1654 4786 6165 1981 1192 3902 5494 2398 5135 4138 61 2445 4732 1401 3772 3383 1932
5853 6180 674 7299 3770 5841 7372 5621 2775 1973 2190 5737 4544 250 6242 1829 6414 722 3020 1668 5067 4270 5654 1704 4330 6950 5288 5730 3221 22 6513 425 5053 7187 223 1322 5527 94 5794 7154 918 6836 4242 4313 7085 2984 6141 4850 2557 513 6517 6476 3634 3522 7031 6815 2971 3670 5044 6191 3691 4056 6615 1244 2594 6838 1417 621 5783 7211 6626 5553 6546 2219 1217 6130 4054 6210 3479 5463
6722 1348 4438 1707 3721 2820 1021 6692 6490 4916 4234 1532 323 2201 1627 2917 390 3044 2389 5024 1606 1514 3076 651 2584 3145 5632 6638 1854 462 4600 7427 661 389 1633 4382 3208 2653 2425 1049 68 5510 2581 390 210 4207 3306 599 6102 5694 5623 207 6059 50 857 1143 3194 5340 6632 3899 5802 2583 3825 5314 1823 5457 1047 3882 609 3471 4931 7028 1481 11 7418 542 3069 2075 1141 1671
6621 5615 1877 5179 4516 1586 5173 6562 5777 3156 2960 2930 4590 6785 744 6412 4741 1790 2794 4202 4113 224 3729 5593 6586 2498 4986 2154 4573 6126 2676 3693 3092 3405 223 108 4990 4248 5521 2118 7403 980 5048 3345 264 5791 2256 3857 6432 3901 558 3044 2976 3138 7488 2061 5636 4974 3067 2708 2451 4594 5252 5543 498 4326 4502 4339 1073 2522 6457 7328 3501 4004 2024 2617 1146 4279 5325 77
7032 4734 3121 2507 371 1960 3420 6006 6933 5338 65 1884 2431 4168 7426 1781 994 3279 6119 918 5800 5075 7097 652 430 1620 2120 1575 4751 7444 504 4282 4677 2476 5640 5048 4435 411 2405 2720 5748 2470 4603 7031 5489 3380 1311 6482 6658 7429 6252 4957 3856 5848 4460 4285 6320 6580 4712 3570 6523 4067 6703 2552 5394 3694 6451 2328 4105 207 5047 2352 1528 1001 1882 7017 3232 2044 4850 2389
1973 3601 6197 4680 801 3157 316 7120 2236 5027 2041 110 445 1243 1513 5838 4936 463 7018 392 670 3416 1596 2197 4417 3477 565 148 4373 5415 1389 6345 1515 85 3524 2315 2093 3839 786 3180 218 2826 2142 7014 2920 3654 5352 6708 2969 3721 7099 2490 7136 1194 3538 2904 3523 4103 1904 395 2017 3292 5591 2383 2228 466 4698 3173 3156 4335 6352 2225 7161 993 1739 1432 3499 5942 639 5319
2162 6590 308 1797 6635 3845 3553 2657 447 5456 1903 1315 1247 6345 3698 2326 6810 7247 5498 1318 4081 4350 3542 2593 4194 4132 4025 6544 2573 3515 4362 4734 1456 4669 5383 591 7366 1435 2099 6664 6890 4002 479 6988 1698 4176 1813 7360 2774 6163 1177 6854 1864 4718 799 4909 1350 3675 3953 2774 7189 814 6360 7497 4335 4242 587 4200 4528 2685 2215 2769 5538 2693 1108 7236 5720 1772 7095 7345
434 7123 6699 2297 4340 6349 7206 4541 2523 2510 7315 1063 2175 6174 1059 6509 1767 1645 2060 5146 3182 3127 414 1219 5819 1521 7306 2891 2144 5752 2735 2578 5374 785 3726 1066 7133 2283 4458 2155 4792 4272 2070 5819 1797 3128 3679 2415 4773 4591 60 6806 217 6825 6876 6035 7197 6682 277 1841 3785 3012 3270 511 2648 6995 1576 1133 630 6033 2139 4273 1657 4208 2591 2305 7336 6270 4720 3460
3360 3631 2765 3576 2956 992 962 2652 173 1239 3344 2810 3102 6613 3320 4601 4960 4895 5733 5589 2279 372 2361 3935 4579 4952 6240 3266 2573 2311 6725 5932 5941 841 859 1396 1833 1820 2900 857 1910 6243 3666 3863 4208 5837 7316 1667 2083 5548 7255 4362 5919 967 7148 1850 4770 4739 5115 7342 7049 3192 4625 4342 4032 5483 4589 4716 6155 7488 5573 564 5083 590 3279 642 6427 3094 2308 1009
1141 914 4222 5912 732 2722 6613 5502 7460 4227 5343 5861 7418 2468 2702 2802 450 7290 17 6604 6130 4441 6020 2564 5031 650 3205 2809 3743 5512 2669 3735 5277 6891 998 6008 2112 110 4009 923 3189 704 6783 1958 3171 836 4759 2472 626 3628 428 5607 6920 6447 670 4450 7096 3874 6110 2190 737 1279 5924 6013 7021 5774 4520 484 5883 7381 1406 1571 584 7041 2381 2606 6728 7139 5077 6205
2118 4356 4311 1538 2154 4980 4839 1749 1353 3449 2790 941 4727 66 6953 3099 5839 2825 3582 4221 1557 3839 4644 2140 3379 7024 3597 2607 5514 1173 1311 6484 4381 4474 521 6534 1953 4211 7135 2158 159 2424 3098 3737 2489 1403 6835 7179 3079 1768 2752 4635 5607 7395 6774 337 5770 2870 1795 2635 2894 1958 1618 6126 6431 990 5160 7235 5201 4794 744 4211 7217 2694 448 1058 4096 6134 736 7174
402 3487 3160 4860 2233 1285 5196 6854 3006 6991 841 5899 1448 1310 4525 6730 1152 1036 6464 6352 5829 6060 1914 4397 1253 1213 4306 4200 7347 5042 3873 6600 7380 5884 3959 965 7168 506 6670 2673 7496 10 7423 295 172 4447 5876 1323 4334 3692 6526 2662 2251 939 5911 3503 1004 2716 202 7202 257 2926 6301 6489 1309 1611 6305 976 2116 4326 3648 964 3188 3570 1258 3359 6869 7134 4681 3702
0 1 2635
0 2 5166
0 3 2775
0 4 6048
0 5 5988
0 7 7130
0 8 1205
0 9 7063
0 10 1509
0 11 6536
0 12 6328
0 13 5446
0 14 3061
0 15 4604
0 16 2000
0 18 1854
0 19 2973
0 20 4527
0 21 299
0 22 2110
0 23 1496
0 24 3685
0 25 3718
0 26 5040
0 28 3687
0 30 1632
0 31 5195
0 32 4832
0 33 1555
0 34 6105
0 35 6741
0 36 5741
0 37 1949
0 39 4058
0 40 7128
0 41 4703
0 42 2135
0 43 699
0 44 3833
0 47 4868
0 48 2512
0 49 2051
0 50 4830
0 52 7090
0 53 7331
0 54 188
0 55 2720
0 56 4688
0 57 4300
0 58 941
0 59 6386
0 60 5861
0 62 1597
0 63 6840
0 65 1851
0 66 5092
0 67 7069
0 68 2050
0 69 6192
0 72 2510
0 74 6049
0 75 6703
0 76 2089
0 77 538
0 78 2725
0 79 2300
1 2 4246
1 3 989
1 4 1193
1 5 4878
1 6 1647
1 7 4743
1 8 5840
1 9 4144
1 11 2702
1 12 6532
1 13 2881
1 14 5938
1 15 74
1 16 1322
1 17 7367
1 18 3891
1 19 5482
1 21 61
1 22 5390
1 25 1363
1 26 6957
1 28 7440
1 30 5324
1 31 6874
1 33 5470
1 34 4618
1 35 4577
1 36 2637
1 37 4840
1 40 7030
1 41 1981
1 42 659
1 43 303
1 44 2921
1 45 2924
1 46 776
1 47 7035
1 48 3994
1 49 1438
1 50 1825
1 51 1254
1 52 1890
1 54 5581
1 56 3321
1 57 2173
1 61 983
1 63 4495
1 64 4748
1 65 5482
1 66 6010
1 67 6380
1 68 3938
1 70 4043
1 71 6743
1 72 2381
1 73 1494
1 74 6996
1 75 3325
1 76 3914
1 77 3764
1 79 5652
2 3 3808
2 4 4865
2 7 2616
2 8 1024
2 9 2172
2 11 6981
2 14 147
2 16 5994
2 17 6338
2 21 6119
2 22 1760
2 23 1951
2 24 1929
2 25 7248
2 26 5207
2 28 3112
2 29 2406
2 31 5229
2 32 4728
2 33 2659
2 34 2720
2 38 626
2 39 7307
2 40 1580
2 41 7071
2 42 6300
2 43 2542
2 47 683
2 48 740
2 50 5969
2 51 6091
2 52 7186
2 53 4267
2 54 1964
2 55 1989
2 56 5503
2 57 210
2 58 5018
2 59 2376
2 60 7145
2 61 5623
2 62 1175
2 63 5399
2 64 4696
2 66 3164
2 67 772
2 69 5955
2 70 2
2 71 6011
2 72 711
2 74 7272
2 75 5358
2 77 527
2 78 7443
3 4 7469
3 6 787
3 7 7207
3 9 372
3 10 5378
3 11 7397
3 12 5927
3 13 1920
3 14 7377
3 15 5961
3 17 3818
3 19 3197
3 20 1049
3 23 3302
3 24 655
3 26 2474
3 28 5064
3 30 4961
3 31 1116
3 32 4680
3 34 1963
3 35 1355
3 36 366
3 37 1650
3 39 1550
3 40 4234
3 41 6411
3 43 7216
3 44 5693
3 45 6782
3 46 6891
3 48 1002
3 49 2547
3 51 5401
3 54 5891
3 55 3865
3 56 5703
3 57 442
3 58 3064
3 59 223
3 60 5079
3 61 6501
3 62 6331
3 64 5721
3 66 6722
3 67 5198
3 68 6270
3 69 1602
3 70 1205
3 71 4984
3 72 4088
3 73 2751
3 74 3351
3 75 5241
3 76 1
3 78 6501
3 79 6397
4 5 6877
4 7 2028
4 8 1482
4 9 5297
4 10 527
4 12 1731
4 13 5781
4 14 1181
4 15 6106
4 16 2521
4 19 3272
4 22 6618
4 23 4758
4 24 5081
4 25 522
4 27 6598
4 28 5782
4 29 3816
4 31 7260
4 32 3562
4 33 2881
4 38 6901
4 40 2116
4 41 7447
4 43 4792
4 44 4789
4 45 430
4 46 2115
4 48 590
4 50 7148
4 51 2742
4 52 5918
4 53 3080
4 54 78
4 55 5980
4 56 1078
4 57 446
4 58 5607
4 59 706
4 61 5494
4 62 2465
4 63 529
4 64 1915
4 66 946
4 67 3655
4 68 1678
4 69 5864
4 70 2546
4 71 4626
4 72 3122
4 73 6685
4 74 5670
4 76 6375
4 78 4368
4 79 1294
5 7 7457
5 8 4304
5 9 6892
5 11 782
5 12 7268
5 13 559
5 14 5085
5 15 1041
5 16 1090
5 17 1977
5 18 3867
5 20 1759
5 21 1353
5 22 43
5 24 6351
5 25 5553
5 26 2075
5 27 385
5 30 853
5 33 2367
5 34 4348
5 35 6638
5 36 1567
5 37 6243
5 39 3844
5 40 530
5 41 2992
5 42 1588
5 43 6183
5 44 6602
5 45 2364
5 46 3632
5 47 1662
5 48 388
5 49 2034
5 50 3298
5 51 7085
5 53 1441
5 55 5054
5 56 919
5 57 5148
5 58 6213
5 59 7289
5 60 1215
5 61 4401
5 63 6885
5 64 6564
5 68 3484
5 69 5427
5 70 1137
5 72 7205
5 73 7266
5 76 6115
5 77 2913
5 78 6021
5 79 4268
6 7 3560
6 8 2312
6 9 2995
6 10 1995
6 11 5742
6 12 867
6 13 7358
6 14 5894
6 15 6147
6 16 5097
6 17 5416
6 18 1464
6 19 7300
6 20 731
6 21 3536
6 22 2082
6 23 3048
6 24 2539
6 28 1714
6 29 4291
6 30 6321
6 32 6568
6 34 4164
6 35 6080
6 36 2154
6 37 5031
6 38 2192
6 39 1417
6 40 3136
6 41 1589
6 42 3550
6 44 6934
6 45 4066
6 46 4402
6 47 2422
6 49 1490
6 51 5653
6 52 3697
6 53 1601
6 55 5834
6 56 7172
6 57 4741
6 58 762
6 59 540
6 63 4275
6 65 1177
6 66 7471
6 67 4650
6 69 2267
6 70 2210
6 71 7051
6 72 3620
6 73 995
6 74 5339
6 75 708
6 76 358
6 78 2372
7 8 2672
7 9 6441
7 10 5707
7 11 190
7 12 1491
7 15 5317
7 16 1072
7 18 4691
7 19 1044
7 20 6077
7 21 6568
7 22 7350
7 23 5610
7 24 5212
7 25 4892
7 26 6330
7 27 5652
7 28 3005
7 29 4661
7 30 1894
7 32 6782
7 33 2744
7 34 5530
7 35 5577
7 36 3207
7 37 2958
7 39 6766
7 40 7138
7 41 4483
7 42 4422
7 43 7345
7 44 5334
7 45 640
7 46 4058
7 47 2263
7 49 3102
7 51 7484
7 52 3276
7 53 3866
7 55 5146
7 56 6096
7 57 6547
7 59 1280
7 60 1384
7 62 6718
7 63 908
7 64 5734
7 65 1677
7 66 1810
7 68 7009
7 69 6654
7 70 7487
7 71 3628
7 72 5868
7 73 3117
7 74 935
7 78 62
7 79 709
8 9 3864
8 10 6193
8 11 2761
8 13 3422
8 14 4814
8 15 113
8 16 4567
8 17 4690
8 18 4619
8 19 1434
8 24 3433
8 25 1253
8 26 5275
8 27 7189
8 28 4428
8 29 7355
8 31 3277
8 32 4271
8 34 7089
8 35 4414
8 36 1670
8 37 6187
8 38 619
8 39 4323
8 41 6608
8 43 3580
8 44 3027
8 46 7454
8 47 2886
8 48 2213
8 49 2601
8 50 3720
8 53 4977
8 55 5361
8 56 821
8 57 439
8 61 441
8 64 853
8 65 7112
8 66 2909
8 67 3260
8 68 11
8 69 4104
8 71 1527
8 72 3901
8 73 6143
8 74 1318
8 76 609
8 77 6369
8 78 6559
8 79 117
9 10 2241
9 11 4745
9 13 153
9 14 3887
9 15 2064
9 16 1878
9 17 1170
9 19 3922
9 20 3066
9 21 5653
9 22 3624
9 23 3690
9 25 1600
9 26 19
9 27 597
9 29 1301
9 30 2440
9 32 214
9 33 5450
9 34 2563
9 35 3198
9 36 1893
9 37 1403
9 40 2550
9 41 6472
9 42 2051
9 44 921
9 45 3993
9 47 5293
9 48 2841
9 50 3054
9 54 1495
9 55 7461
9 56 6078
9 57 1164
9 58 2998
9 59 5262
9 60 106
9 62 3502
9 64 6346
9 66 2990
9 68 2987
9 69 2358
9 70 2016
9 71 1376
9 72 3750
9 73 4600
9 74 1551
9 75 5440
9 76 1976
9 77 5370
9 78 1864
10 13 2131
10 14 435
10 15 3354
10 16 6958
10 17 2095
10 18 3860
10 19 584
10 20 3549
10 21 2172
10 22 2322
10 23 2667
10 24 114
10 26 1046
10 29 5734
10 30 6461
10 31 1517
10 32 1079
10 33 93
10 34 3349
10 35 5635
10 36 6237
10 37 5549
10 39 2776
10 40 3517
10 42 3630
10 43 197
10 44 4652
10 45 357
10 46 1835
10 47 610
10 51 6396
10 52 6806
10 53 1596
10 55 3655
10 56 1643
10 57 7333
10 58 2753
10 59 6430
10 60 2195
10 61 1260
10 63 468
10 64 565
10 65 543
10 67 1082
10 69 3395
10 70 881
10 71 4539
10 72 7497
10 73 4659
10 74 1428
10 75 1985
10 76 4763
10 78 2741
10 79 3649
11 12 296
11 13 886
11 15 2505
11 16 2909
11 17 6554
11 20 1497
11 21 1802
11 22 1949
11 23 725
11 24 3646
11 26 7261
11 28 2501
11 29 4788
11 30 253
11 32 5535
11 33 5064
11 35 5145
11 38 3798
11 39 1311
11 40 5100
11 41 2263
11 42 4339
11 43 6237
11 45 14
11 46 4725
11 47 7102
11 48 6576
11 50 3463
11 51 169
11 52 5326
11 53 581
11 54 6271
11 55 3542
11 56 1328
11 57 1044
11 58 4669
11 59 6055
11 60 4260
11 61 3418
11 62 6651
11 63 5028
11 64 169
11 65 1801
11 66 2923
11 67 5551
11 68 6133
11 69 7035
11 70 1860
11 71 3835
11 72 3069
11 74 237
11 75 3036
11 77 3814
12 13 7003
12 14 2159
12 15 2228
12 16 1005
12 17 3631
12 18 5898
12 19 2890
12 20 7165
12 21 7361
12 22 6789
12 23 6081
12 24 870
12 25 4509
12 26 3766
12 27 1772
12 28 3785
12 30 4795
12 31 167
12 33 5317
12 34 2765
12 35 4851
12 37 3367
12 38 5563
12 39 1043
12 40 3151
12 41 712
12 42 7024
12 43 4811
12 45 2575
12 46 3675
12 49 7033
12 50 4885
12 51 1820
12 52 6267
12 53 3506
12 54 1389
12 55 2531
12 56 5155
12 57 460
12 58 789
12 59 6046
12 60 5167
12 61 7263
12 63 2289
12 64 6202
12 65 5491
12 66 6052
12 67 6106
12 68 458
12 69 7410
12 70 4367
12 71 5161
12 72 1676
12 74 698
12 75 3641
12 76 1092
12 78 7206
12 79 1764
13 14 6359
13 15 3162
13 16 4751
13 17 6040
13 18 4469
13 19 6335
13 20 1628
13 23 3729
13 25 5865
13 26 1904
13 28 1847
13 30 1553
13 31 7080
13 33 45
13 34 3473
13 35 4977
13 36 7003
13 37 6214
13 38 4027
13 39 389
13 40 4832
13 42 7061
13 43 1587
13 45 4714
13 47 2529
13 49 2108
13 51 2152
13 52 6067
13 53 1649
13 54 5301
13 55 4496
13 57 3688
13 58 453
13 59 4698
13 60 6932
13 61 2651
13 62 7072
13 63 1909
13 64 1244
13 65 6245
13 66 4235
13 67 5503
13 69 2653
13 70 6835
13 71 2704
13 72 1793
13 73 6369
13 74 980
13 75 5923
13 76 4522
13 77 3545
13 78 2877
13 79 5029
14 15 3504
14 16 3249
14 17 6238
14 20 5639
14 21 7402
14 22 4518
14 24 5163
14 25 6522
14 27 4112
14 28 2709
14 30 6254
14 33 634
14 34 2220
14 35 1447
14 36 227
14 37 4135
14 38 3023
14 39 4976
14 40 5217
14 41 7000
14 42 915
14 43 1766
14 44 337
14 45 5438
14 47 3043
14 49 2907
14 50 4288
14 51 6697
14 52 5552
14 53 4267
14 54 4496
14 55 1737
14 56 6636
14 57 903
14 58 36
14 59 1212
14 60 3398
14 61 7229
14 62 1869
14 63 3229
14 64 2063
14 65 1854
14 66 2613
14 67 4583
14 68 5676
14 69 554
14 71 2291
14 72 5477
14 73 4396
14 74 6983
14 75 3026
14 77 3425
14 79 5293
15 16 3228
15 18 1862
15 19 3101
15 20 3694
15 21 3991
15 22 6736
15 23 2245
15 24 4538
15 25 3553
15 26 1486
15 27 3468
15 28 893
15 29 5215
15 30 2319
15 31 962
15 32 941
15 33 1259
15 34 6692
15 35 4980
15 36 1097
15 37 1311
15 38 3718
15 39 5908
15 41 812
15 42 2129
15 43 7059
15 45 2013
15 46 1591
15 47 1809
15 48 1338
15 49 4304
15 50 3255
15 51 3510
15 52 2936
15 53 6260
15 54 3790
15 56 1050
15 59 4526
15 60 6891
15 61 806
15 62 6097
15 64 1779
15 65 6011
15 66 7162
15 67 3416
15 68 4013
15 69 1354
15 71 113
15 72 5525
15 73 1697
15 74 2375
15 75 7287
15 76 3416
15 78 3073
15 79 932
16 17 6801
16 18 4886
16 19 3531
16 20 6977
16 21 5167
16 22 4075
16 23 640
16 24 5484
16 26 5776
16 27 1760
16 28 5225
16 29 51
16 31 2386
16 32 620
16 33 2389
16 35 6126
16 36 6114
16 37 2410
16 38 4896
16 39 7338
16 40 4242
16 41 751
16 42 833
16 43 2511
16 44 6028
16 46 4930
16 48 7316
16 49 7239
16 50 3383
16 51 3420
16 52 1444
16 53 1737
16 54 6443
16 55 7455
16 57 3048
16 58 1500
16 59 2963
16 61 3259
16 62 1127
16 63 1687
16 65 354
16 66 1663
16 68 6524
16 69 6589
16 70 5493
16 71 3172
16 72 6308
16 73 919
16 74 5025
16 75 7409
16 76 6011
16 78 1770
16 79 218
17 18 4080
17 19 1293
17 20 2769
17 22 998
17 23 6786
17 24 1297
17 26 4468
17 27 3773
17 29 3329
17 30 3383
17 32 1893
17 33 6465
17 34 2620
17 36 6699
17 37 2028
17 38 1225
17 39 4661
17 40 4664
17 42 5961
17 45 5844
17 46 7077
17 47 3429
17 48 2060
17 49 1122
17 50 5743
17 51 6466
17 52 4473
17 54 2929
17 56 4153
17 57 3760
17 58 2725
17 60 1185
17 62 1816
17 64 1392
17 65 1648
17 66 3418
17 67 3762
17 68 4259
17 69 4039
17 70 7172
17 72 1452
17 74 4457
17 76 1035
17 77 4798
17 78 7435
17 79 2095
18 19 258
18 20 1994
18 21 1962
18 23 478
18 24 2606
18 25 1299
18 26 59
18 27 2883
18 28 1274
18 29 4923
18 30 4374
18 32 3124
18 33 2090
18 34 2093
18 35 2512
18 36 3351
18 37 2818
18 38 6842
18 40 6588
18 41 729
18 42 6154
18 43 208
18 44 2581
18 45 1236
18 46 6062
18 47 869
18 49 180
18 51 2272
18 52 3357
18 54 5565
18 55 668
18 56 3196
18 57 3994
18 58 3741
18 59 1360
18 60 2290
18 61 4812
18 62 1834
18 63 1183
18 64 3386
18 67 2977
18 68 4689
18 70 7014
18 71 6349
18 72 6005
18 73 5556
18 74 6600
18 75 5257
18 77 7489
18 78 2719
19 21 6170
19 22 3347
19 23 2838
19 24 4472
19 25 7152
19 26 796
19 28 6133
19 29 1237
19 31 6793
19 33 54
19 34 2171
19 35 1601
19 36 3744
19 37 1939
19 38 3922
19 39 4142
19 40 2255
19 41 1799
19 42 3722
19 43 6568
19 44 39
19 45 1145
19 46 1188
19 47 6919
19 48 1728
19 49 304
19 50 497
19 51 7244
19 52 7157
19 54 3578
19 55 530
19 56 3354
19 57 2704
19 58 7172
19 60 1533
19 63 1734
19 64 2268
19 65 3474
19 68 5597
19 69 5681
19 70 3064
19 71 5874
19 72 266
19 73 6333
19 74 530
19 75 3874
19 76 807
19 78 2339
19 79 90
20 21 2430
20 23 2433
20 25 1908
20 26 5929
20 27 2802
20 30 7347
20 31 7256
20 32 2078
20 33 5052
20 34 3651
20 36 1592
20 37 6357
20 39 1575
20 40 6364
20 41 6002
20 42 4597
20 43 4328
20 45 7129
20 47 6619
20 49 5226
20 50 2758
20 51 4121
20 52 2301
20 53 2488
20 54 4081
20 55 5032
20 56 1770
20 57 3288
20 58 5953
20 59 3130
20 60 6174
20 61 6353
20 62 856
20 66 1498
20 67 6076
20 68 4944
20 69 152
20 70 5884
20 72 6079
20 73 6329
20 75 968
20 76 5182
20 77 863
20 78 1487
21 23 5576
21 25 978
21 26 1614
21 27 2835
21 29 6231
21 30 6864
21 33 2044
21 34 1244
21 35 3313
21 37 7347
21 40 5363
21 42 2855
21 44 4120
21 45 1041
21 46 5413
21 47 4050
21 48 1458
21 49 5168
21 50 6175
21 51 6967
21 52 6531
21 53 3775
21 55 2473
21 57 4066
21 58 1788
21 60 3274
21 61 157
21 62 635
21 63 2503
21 64 142
21 66 3807
21 67 2242
21 68 2613
21 69 1795
21 70 2418
21 71 1737
21 72 542
21 73 5684
21 74 36
21 76 3573
21 77 7013
21 78 6686
22 23 1688
22 24 6315
22 25 7179
22 26 6171
22 27 2805
22 28 2480
22 30 4898
22 31 3515
22 32 914
22 33 2888
22 34 606
22 36 4178
22 37 2656
22 38 1842
22 39 4283
22 40 4014
22 42 3692
22 43 1249
22 44 5077
22 45 6943
22 46 3162
22 47 2548
22 48 6748
22 49 6098
22 50 5538
22 51 1548
22 52 2233
22 53 3836
22 54 4898
22 56 6131
22 57 5425
22 58 3399
22 59 2456
22 62 6157
22 63 4704
22 64 1348
22 65 7448
22 66 1329
22 67 550
22 68 2482
22 69 1616
22 70 5566
22 71 1787
22 72 4286
22 73 3262
22 74 2773
22 75 2406
22 76 4726
22 77 6771
22 79 3974
23 24 326
23 25 2881
23 26 5737
23 27 2240
23 28 3999
23 29 5587
23 30 2035
23 31 2675
23 32 2034
23 33 5407
23 34 4715
23 35 5501
23 36 644
23 37 6917
23 38 3509
23 39 5811
23 40 298
23 42 6034
23 43 6616
23 44 5559
23 45 592
23 47 5840
23 48 7264
23 49 3563
23 50 1172
23 51 1088
23 52 923
23 53 2555
23 54 3460
23 55 2581
23 57 1730
23 58 4478
23 59 7428
23 60 1620
23 61 6678
23 62 3283
23 63 5754
23 64 2911
23 65 6169
23 66 5002
23 67 519
23 68 6720
23 71 3413
23 72 7342
23 73 3097
23 74 1254
23 75 7039
23 76 3666
23 77 5518
23 78 1073
24 25 6826
24 27 3156
24 28 4889
24 30 5407
24 31 5294
24 32 6967
24 33 125
24 34 2397
24 35 4410
24 36 3116
24 37 2358
24 38 7001
24 40 1195
24 41 6522
24 42 2765
24 43 2846
24 45 234
24 47 4492
24 48 2482
24 49 5135
24 50 1328
24 51 7434
24 52 3358
24 53 5157
24 54 3963
24 55 6192
24 56 7175
24 58 6196
24 59 5033
24 60 5324
24 61 6589
24 62 6586
24 63 1401
24 64 7407
24 65 2388
24 67 1335
24 68 5972
24 69 5333
24 70 3884
24 71 2137
24 73 1811
24 74 596
24 75 3792
24 77 1615
24 78 2978
24 79 4722
25 26 7424
25 27 6660
25 28 4362
25 29 4161
25 32 1740
25 34 5623
25 35 6099
25 38 7214
25 41 7414
25 42 5120
25 43 5484
25 44 2771
25 45 1270
25 46 3897
25 47 6811
25 49 3859
25 51 5599
25 54 1318
25 55 974
25 57 688
25 59 3044
25 60 6645
25 61 1108
25 62 2009
25 63 717
25 66 4777
25 67 1668
25 68 848
25 69 1430
25 70 3858
25 71 371
25 72 4942
25 73 182
25 74 883
25 75 747
25 76 1181
25 77 3441
25 78 2222
25 79 3870
26 27 6431
26 28 5256
26 30 5775
26 31 6885
26 32 6925
26 34 3311
26 36 7104
26 37 4243
26 38 7278
26 39 3310
26 40 1250
26 41 5997
26 42 3126
26 43 6259
26 44 580
26 46 3139
26 47 6149
26 48 4579
26 49 5762
26 50 66
26 52 4127
26 53 5707
26 54 2590
26 56 4752
26 57 2188
26 59 3429
26 60 7037
26 62 116
26 65 5391
26 66 2092
26 67 2952
26 68 4228
26 69 776
26 70 7144
26 71 597
26 72 2243
26 73 6655
26 75 195
26 76 2211
26 77 2984
26 78 4662
26 79 714
27 28 1359
27 29 2748
27 30 4911
27 31 6084
27 32 7147
27 35 96
27 36 1486
27 38 6418
27 39 6279
27 40 4013
27 41 4303
27 42 4615
27 43 2501
27 44 6763
27 45 3059
27 46 1457
27 47 5845
27 48 4774
27 49 5170
27 50 7349
27 52 5539
27 54 4824
27 55 4008
27 57 520
27 58 5357
27 59 51
27 60 859
27 61 2020
27 62 4810
27 63 1024
27 64 149
27 65 7125
27 66 3069
27 67 2456
27 69 6846
27 70 563
27 71 633
27 72 6624
27 73 3941
27 74 7043
27 75 3259
27 76 2010
27 77 4319
27 78 1170
27 79 2601
28 29 6272
28 31 231
28 33 2686
28 35 2032
28 36 6634
28 37 1145
28 39 2831
28 40 6235
28 41 1294
28 42 3525
28 43 4706
28 44 3733
28 46 6333
28 47 2942
28 48 3892
28 49 2899
28 50 4710
28 51 661
28 52 7457
28 53 3145
28 54 1200
28 55 2783
28 56 4906
28 57 340
28 58 6383
28 59 2956
28 62 2247
28 63 929
28 65 3673
28 66 4993
28 67 3273
28 68 5274
28 70 3919
28 71 4345
28 72 2032
28 75 2486
28 76 4039
28 77 6996
28 78 4649
28 79 6028
29 31 5808
29 33 1980
29 34 5775
29 35 4122
29 37 5486
29 38 784
29 39 2801
29 40 1081
29 41 1416
29 42 2616
29 43 2260
29 46 6336
29 47 5485
29 48 1174
29 49 6870
29 53 2568
29 55 6934
29 57 6569
29 58 1901
29 59 1308
29 60 4089
29 61 5795
29 66 5170
29 67 5582
29 68 632
29 69 1621
29 70 3052
29 71 1670
29 72 6180
29 73 3905
29 74 3711
29 77 4498
29 78 143
29 79 920
30 31 2443
30 32 4771
30 33 1657
30 34 21
30 35 3543
30 36 5667
30 37 944
30 38 5855
30 39 5689
30 40 6075
30 41 3242
30 42 3918
30 43 6748
30 44 4717
30 45 853
30 47 3295
30 48 6653
30 49 204
30 50 2730
30 51 3986
30 52 3312
30 53 2029
30 54 5207
30 56 1092
30 57 3662
30 58 3203
30 59 6511
30 60 7346
30 61 7044
30 63 2574
30 64 5613
30 66 4669
30 67 7133
30 68 5007
30 69 5625
30 70 450
30 71 2066
30 72 1926
30 73 6008
30 74 5194
30 76 3056
30 77 2067
30 78 1408
31 32 2834
31 33 2164
31 34 1363
31 35 4432
31 37 790
31 38 6121
31 40 6478
31 41 3808
31 42 6926
31 43 4194
31 44 2877
31 45 6527
31 46 2130
31 47 3853
31 48 63
31 51 1448
31 52 1558
31 53 765
31 54 5520
31 55 7027
31 56 46
31 57 6936
31 60 5020
31 61 2332
31 62 1367
31 63 2841
31 64 3721
31 65 4946
31 67 4501
31 68 6177
31 69 5271
31 70 6183
31 72 6363
31 73 1150
31 74 4207
31 75 465
31 76 5798
31 78 6981
31 79 2839
32 33 6423
32 34 2263
32 35 1484
32 36 1696
32 37 2259
32 38 3903
32 39 1484
32 40 6206
32 41 299
32 43 5558
32 44 2349
32 45 136
32 46 2857
32 47 6479
32 48 4446
32 49 4214
32 50 7282
32 51 2468
32 52 2876
32 53 4641
32 54 3706
32 55 2435
32 56 1079
32 57 6588
32 58 4812
32 59 4305
32 60 871
32 61 5509
32 62 4899
32 63 1519
32 64 859
32 65 1681
32 66 6912
32 70 6515
32 71 157
32 72 5674
32 73 2466
32 74 3238
32 75 4885
32 77 2248
32 78 5752
32 79 2685
33 34 2447
33 35 3847
33 36 2434
33 37 1648
33 39 3522
33 41 2537
33 42 2838
33 43 2100
33 44 6390
33 45 2725
33 47 812
33 48 656
33 49 5257
33 50 2453
33 51 1062
33 52 3605
33 53 440
33 54 2569
33 55 1508
33 56 2973
33 57 7479
33 59 2754
33 60 161
33 62 1737
33 63 2080
33 64 5692
33 65 2316
33 66 203
33 68 116
33 69 4514
33 70 2066
33 71 4753
33 72 5356
33 73 5027
33 74 2173
33 76 3779
33 77 581
33 78 947
33 79 2960
34 35 4865
34 36 3466
34 37 1155
34 39 3213
34 40 3777
34 41 4819
34 43 923
34 44 1929
34 45 3126
34 47 6403
34 48 420
34 49 3824
34 50 4625
34 51 6504
34 52 2356
34 53 1320
34 54 6514
34 55 3039
34 57 6815
34 58 2643
34 59 5376
34 60 2108
34 61 6682
34 62 1479
34 63 4135
34 64 2595
34 65 2193
34 66 2640
34 67 3995
34 68 892
34 69 1813
34 70 7218
34 71 3669
34 73 1836
34 74 4969
34 76 1034
34 77 4981
34 78 4535
34 79 1242
35 36 4829
35 37 6684
35 39 676
35 40 4173
35 41 5301
35 43 5931
35 44 6336
35 45 6538
35 46 3935
35 47 4983
35 49 6016
35 50 3791
35 51 2670
35 52 4028
35 53 5282
35 54 725
35 55 6895
35 56 6915
35 59 944
35 60 1997
35 63 3428
35 64 5734
35 65 7086
35 66 7428
35 67 4998
35 68 887
35 69 4172
35 70 1708
35 71 2982
35 73 2376
35 74 2724
35 75 4104
35 76 4590
35 77 7139
35 78 798
35 79 3759
36 37 7172
36 39 5386
36 40 4642
36 41 7374
36 42 1902
36 43 1794
36 45 4776
36 48 6429
36 49 3297
36 50 2171
36 51 1741
36 52 7070
36 53 3247
36 54 3142
36 55 704
36 56 7155
36 57 471
36 58 5380
36 59 2144
36 60 6644
36 61 5624
36 62 850
36 63 2422
36 65 4570
36 67 3808
36 70 2496
36 72 4489
36 74 319
36 75 1972
36 76 6461
36 77 5639
36 78 6979
36 79 4560
37 38 53
37 39 2735
37 40 4038
37 41 5896
37 42 5786
37 43 6806
37 44 3284
37 45 6926
37 46 5142
37 48 5460
37 49 7277
37 50 2520
37 51 2091
37 52 4309
37 53 7034
37 54 5777
37 55 2349
37 56 332
37 57 4350
37 58 4383
37 59 3040
37 61 3692
37 63 1333
37 64 3241
37 65 3394
37 66 2096
37 67 348
37 68 7240
37 69 2410
37 70 5418
37 71 1919
37 72 5492
37 73 5216
37 74 5984
37 75 5449
37 76 5166
37 78 159
37 79 4251
38 39 5516
38 40 3386
38 41 4490
38 42 231
38 43 6743
38 44 2436
38 45 508
38 46 6786
38 47 6317
38 48 4841
38 49 6371
38 50 3161
38 51 2307
38 53 2465
38 54 62
38 56 2456
38 57 6525
38 58 5345
38 59 5823
38 60 1846
38 61 806
38 63 92
38 64 5603
38 65 5671
38 66 4553
38 67 6476
38 68 3971
38 69 7109
38 70 6453
38 71 6596
38 72 978
38 73 2323
38 74 487
38 75 2801
38 76 1127
38 77 4731
38 78 549
38 79 3161
39 40 3004
39 41 817
39 42 1848
39 43 3854
39 44 5119
39 45 2457
39 47 405
39 48 1814
39 50 6292
39 51 2620
39 52 7457
39 53 1706
39 54 4928
39 56 589
39 57 2715
39 59 2770
39 60 5568
39 61 6140
39 62 6641
39 63 6109
39 64 1501
39 65 641
39 69 2138
39 70 6886
39 71 433
39 73 1539
39 74 454
39 75 6497
39 77 618
39 79 6093
40 41 7175
40 42 1283
40 43 4060
40 45 4701
40 46 1481
40 47 4461
40 49 2698
40 50 996
40 51 7070
40 52 1903
40 53 2679
40 54 100
40 56 1646
40 57 5313
40 58 3616
40 59 1966
40 60 5956
40 61 1565
40 62 6336
40 63 3844
40 65 5554
40 66 4071
40 67 2966
40 68 434
40 69 2514
40 72 3065
40 73 3111
40 76 1973
40 77 5760
40 78 6059
40 79 1992
41 43 3889
41 45 755
41 46 5391
41 47 6715
41 48 6168
41 49 3428
41 50 1613
41 51 1498
41 53 3460
41 55 7254
41 56 398
41 60 5128
41 61 1177
41 62 1634
41 63 1122
41 64 5964
41 65 1015
41 66 3466
41 67 451
41 68 2275
41 69 3849
41 70 4845
41 72 3992
41 74 3242
41 75 6033
41 77 3660
41 78 4436
41 79 7408
42 43 4001
42 44 4620
42 45 2721
42 46 2468
42 47 2092
42 48 4509
42 49 1167
42 50 4489
42 52 7332
42 53 4747
42 54 5071
42 56 830
42 58 5265
42 59 2302
42 60 4021
42 61 7392
42 62 5581
42 63 5491
42 64 2477
42 65 3676
42 66 2827
42 67 5461
42 69 5292
42 70 3286
42 71 2517
42 73 3346
42 75 7463
42 77 3883
42 79 2627
43 44 3122
43 46 2289
43 49 108
43 51 5568
43 52 1194
43 54 3332
43 55 323
43 56 561
43 58 6792
43 61 5217
43 64 717
43 65 3354
43 66 3276
43 67 3212
43 68 301
43 69 3246
43 70 3578
43 71 580
43 72 6623
43 74 6722
43 75 1931
43 76 1210
43 77 3670
43 78 982
43 79 548
44 47 2382
44 48 2515
44 49 2427
44 50 2875
44 51 6352
44 52 1721
44 53 674
44 54 1265
44 55 2516
44 57 4446
44 58 6308
44 59 3737
44 60 44
44 61 889
44 62 2629
44 63 1452
44 64 2642
44 65 4271
44 66 5753
44 67 3450
44 68 1839
44 71 5708
44 72 6310
44 73 3854
44 74 5112
44 75 2318
44 76 3002
44 78 2742
44 79 2478
45 46 587
45 47 5510
45 48 7444
45 49 568
45 50 6058
45 51 3048
45 52 1991
45 54 746
45 55 5106
45 56 6611
45 57 7259
45 58 1769
45 59 1492
45 62 2947
45 63 2360
45 65 5824
45 66 4396
45 67 4976
45 69 523
45 70 3851
45 71 3719
45 73 1324
45 74 1182
45 75 306
45 76 3513
45 77 2952
45 79 4725
46 48 5937
46 49 4335
46 50 7017
46 51 854
46 52 3034
46 54 340
46 55 1435
46 57 3506
46 59 4687
46 60 1069
46 61 7192
46 62 6802
46 63 5811
46 64 7156
46 65 1315
46 67 4426
46 68 4125
46 69 5767
46 70 5697
46 72 3614
46 73 1758
46 74 5925
46 75 5741
46 76 2170
46 77 6962
46 79 6264
47 48 4660
47 50 4369
47 51 4651
47 52 6233
47 53 3888
47 55 3545
47 56 4027
47 57 3525
47 58 3003
47 59 4871
47 60 4447
47 62 1459
47 63 2078
47 65 5315
47 66 3255
47 67 1835
47 69 1598
47 70 2634
47 71 4361
47 72 382
47 73 2202
47 74 6648
47 75 3481
47 76 4870
47 77 1151
47 78 5190
47 79 7053
48 50 2315
48 51 384
48 52 3493
48 53 835
48 54 2668
48 55 2835
48 57 7362
48 58 3463
48 59 6715
48 60 915
48 61 6815
48 62 5372
48 64 1914
48 65 7242
48 66 4843
48 67 4466
48 68 5329
48 69 5147
48 70 660
48 71 994
48 72 5022
48 73 1060
48 74 2500
48 75 1825
48 76 2889
48 77 2128
48 78 1243
49 52 5159
49 54 4918
49 55 2493
49 56 7464
49 57 6612
49 58 5657
49 59 673
49 60 5495
49 61 4639
49 62 3707
49 63 2159
49 64 38
49 65 4323
49 66 3434
49 67 3288
49 68 6250
49 69 4070
49 70 5333
49 71 4117
49 72 4404
49 73 2474
49 74 1037
49 75 2293
49 76 4879
49 78 1085
49 79 6887
50 51 3636
50 52 1059
50 53 5958
50 54 7055
50 55 899
50 56 5885
50 57 2066
50 58 33
50 59 7053
50 61 7317
50 62 2037
50 63 1032
50 64 392
50 65 6851
50 67 4735
50 68 170
50 69 2744
50 70 442
50 71 6794
50 72 5384
50 73 4756
50 74 1475
50 76 7380
50 79 5457
51 53 6488
51 54 1048
51 55 2408
51 57 5994
51 58 266
51 59 4460
51 60 4727
51 61 3390
51 62 2344
51 63 1026
51 65 3518
51 66 1273
51 67 4321
51 69 464
51 70 3918
51 71 2671
51 74 112
51 76 378
51 77 5234
51 79 3342
52 54 4538
52 55 2080
52 56 1676
52 57 7247
52 59 4067
52 61 4530
52 62 5269
52 63 4765
52 64 5329
52 66 1102
52 69 1182
52 70 4798
52 72 4704
52 75 4945
52 76 3732
52 77 1124
52 78 1257
53 54 5786
53 55 6773
53 56 3249
53 59 6507
53 60 1871
53 61 5277
53 62 6988
53 63 6427
53 65 6838
53 66 4265
53 67 2477
53 68 1473
53 69 649
53 70 6343
53 71 1015
53 72 2573
53 73 6928
53 74 1717
53 75 2691
53 76 6073
53 77 2462
53 78 2365
54 55 6720
54 56 6240
54 58 1874
54 59 6128
54 60 6152
54 62 3846
54 63 4794
54 64 2853
54 65 4655
54 66 5211
54 67 1728
54 68 6281
54 69 4856
54 70 6969
54 71 5010
54 72 314
54 73 7412
54 75 2464
54 76 6671
54 77 1552
54 78 3812
54 79 1391
55 57 3737
55 58 3721
55 60 5448
55 61 6330
55 62 49
55 63 873
55 64 1946
55 65 6808
55 66 5824
55 67 371
55 68 6381
55 69 753
55 72 2264
55 73 4955
55 74 6469
55 75 2021
55 76 2549
55 77 1959
55 78 1372
55 79 4666
56 57 6205
56 58 1804
56 60 6479
56 61 584
56 63 6477
56 64 6634
56 66 249
56 67 6592
56 68 7223
56 69 569
56 70 4139
56 71 7299
56 72 759
56 73 1533
56 76 3657
56 77 6061
56 79 6644
57 59 4472
57 60 233
57 62 481
57 63 6554
57 64 2970
57 65 5949
57 66 4782
57 67 6960
57 68 3799
57 69 886
57 70 3535
57 72 4964
57 73 3296
57 74 2140
57 75 961
57 77 1193
57 79 1674
58 59 1890
58 60 320
58 61 4355
58 62 5019
58 63 589
58 64 3693
58 65 6404
58 66 795
58 67 2506
58 68 1133
58 72 6581
58 73 2278
58 74 1691
58 75 798
58 77 6704
58 78 6091
58 79 5693
59 60 2304
59 62 5996
59 63 5735
59 64 4336
59 65 1698
59 66 2707
59 67 5918
59 68 5754
59 70 531
59 71 6608
59 76 1564
59 77 4236
59 78 1603
59 79 4889
60 61 3886
60 62 316
60 63 4118
60 65 5563
60 67 3980
60 68 7082
60 69 4548
60 70 3303
60 72 5926
60 73 4012
60 75 3155
60 76 6030
60 78 3418
60 79 3966
61 62 4857
61 63 7317
61 64 874
61 65 398
61 66 7063
61 67 1784
61 69 1896
61 70 4785
61 71 6822
61 72 718
61 74 2724
61 75 6796
61 76 2991
61 77 3374
61 78 4765
62 63 3433
62 64 3929
62 65 5577
62 66 6077
62 67 414
62 68 382
62 71 4219
62 73 3788
62 74 6778
62 75 5225
62 78 6491
62 79 5375
63 65 930
63 66 3683
63 67 5053
63 69 2482
63 70 1606
63 71 5448
63 72 5516
63 73 4688
63 74 6829
63 75 6515
63 76 6338
63 77 2383
63 78 3805
63 79 806
64 65 3979
64 67 2517
64 68 4023
64 69 2453
64 71 19
64 72 55
64 73 7289
64 74 5135
64 75 7475
64 76 5451
64 77 773
64 78 3227
64 79 5025
65 66 4528
65 67 6414
65 68 2841
65 69 2375
65 72 7135
65 73 402
65 74 6635
65 76 6424
65 78 2251
65 79 3771
66 70 4769
66 71 6069
66 72 3577
66 74 4582
66 75 6495
66 76 976
66 77 5955
66 78 2059
66 79 5466
67 68 5663
67 69 6468
67 70 96
67 71 5594
67 72 271
67 73 6113
67 74 3257
67 75 7383
67 76 1238
67 77 5029
67 78 6926
67 79 1831
68 69 5118
68 70 6215
68 71 5493
68 72 6073
68 74 3892
68 75 2766
68 76 1344
68 77 3085
68 79 4399
69 70 1757
69 72 1846
69 73 5876
69 74 3394
69 75 7198
69 76 6368
69 78 4895
69 79 4392
70 71 6833
70 72 7359
70 73 2328
70 75 311
70 76 4905
70 77 2655
70 78 5014
70 79 191
71 72 3404
71 73 3579
71 74 6168
71 78 2156
71 79 5288
72 73 4748
72 74 4961
72 75 851
72 76 6129
72 77 99
72 78 1032
72 79 7039
73 74 7222
73 75 6918
73 76 81
73 78 5730
73 79 2490
74 75 5740
74 76 1180
74 77 1239
74 79 5859
75 76 6577
75 77 2679
75 78 2836
75 79 941
76 77 3838
76 78 3094
76 79 3508
77 78 343
77 79 5697
78 79 670
