35 80 3160
6279 3042 3683 273 1902 650 5268 3719 1831 2554 5128 5363 1345 1409 4349 3418 5380 6580 2959 1293 3662 7436 4483 4408 1351 2490 5141 5936 1021 2453 2640 7299 4346 6322 6423
6247 6971 4190 2466 154 5595 6445 5516 6940 6705 2364 2857 3436 296 4668 4728 2809 3455 562 6068 4806 1903 3708 2093 2924 5013 4732 2722 710 2405 1645 6957 727 4686 774 880 2781 7218 6396 2220 6422 111 3928 2357 406 1095 5936 2066 4550 6497 634 707 899 3193 2799 2674 705 6382 4248 1415 1286 4744 7223 2012 1929 496 1744 4709 6565 6991 5780 5486 7101 2208 6694 6359 3302 5129 7276 6703
2977 409 7409 2727 3602 2707 5401 3158 1588 2148 3424 1725 6891 1998 3737 171 2493 4332 3732 409 3822 2011 5894 2274 4218 3939 1132 6372 419 908 5574 3395 168 4335 4974 2621 7041 1726 4631 7481 2725 6906 1705 2115 1404 4293 1137 2748 1124 4868 3157 3797 6879 402 6071 2448 4341 7202 1319 4759 6961 5745 7006 5981 2579 4479 1101 971 5056 5731 7303 280 5137 1508 1246 5392 4652 2382 639 5776
7250 2647 924 5480 3049 6994 427 6241 5548 598 3499 3860 5194 1856 2340 6624 5186 3441 94 2741 523 7397 3020 4511 256 4265 1254 4907 6647 745 2034 5248 3391 2958 3227 5291 1303 2505 4031 6850 3102 6382 2062 7147 737 4401 6270 5923 6693 5216 1163 6068 3964 3035 3078 3071 7299 3184 477 5297 3928 1363 3044 7318 3172 6270 5109 3326 127 491 2676 2080 6872 3589 1727 109 489 6848 4883 6034
4563 4897 4601 7378 431 6530 2948 6582 2213 2277 4378 6140 2491 7422 4810 4514 5043 1270 339 5169 1760 1866 7249 1132 5454 1475 92 4795 7174 4974 3328 3089 1222 6780 2966 1653 5809 4766 734 6874 5894 3963 4365 884 3884 1674 5397 279 1795 4587 5447 3555 6453 4047 3538 4406 4373 3629 1700 4047 7454 3879 7135 1175 3158 1452 1679 1467 5069 2412 840 3462 5227 5204 3197 1610 5730 7445 740 24
4532 6187 2430 3484 1585 5967 6741 5958 2095 941 1356 900 4819 7342 2075 477 1293 3753 795 6362 5017 486 1175 2743 5689 4372 3204 2770 4316 3944 2794 199 1482 5223 3682 3066 2542 2923 375 4636 2715 1730 5536 6385 423 6462 6861 1716 2714 6507 6929 6582 6992 603 1824 5181 3826 5028 6802 642 323 947 840 1804 5022 3374 3721 63 5148 4096 3550 362 4677 1585 5598 5100 6898 4959 5667 2112
3965 3947 1193 3457 4549 1869 7489 875 5748 5642 368 6070 6589 59 6725 4110 2284 2945 4172 7431 5892 221 6644 1921 658 4742 5872 55 1052 4038 1018 3868 484 1063 6176 3884 2931 5016 3610 30 3158 3977 6099 2246 2888 5323 5207 5171 7119 1878 3954 5511 950 3097 7431 1607 6690 5802 514 241 1191 1531 4109 526 2593 1636 4409 4375 6652 6871 3256 2309 3347 1854 3406 5086 6028 1112 2757 5647
1841 6710 3657 2790 1158 2439 4397 348 740 4910 6940 1930 5292 2400 2455 6737 4036 5715 2463 2039 5085 5719 4347 7284 72 6604 4869 4952 215 6477 1950 2055 4538 4458 3696 5696 6896 592 4895 6487 4353 3186 7268 2145 5586 2222 233 973 6788 2695 3011 3225 913 6209 3008 7337 5312 6728 4788 4378 5705 6737 6432 1594 3694 2627 6141 1941 2071 3535 927 5275 5573 694 6271 3658 1767 6503 4630 1054
1698 6492 4278 2610 5200 6137 1298 3011 5365 6085 7388 2421 4173 5171 4014 6718 6649 2655 1158 71 5041 936 5346 3113 1629 4116 5622 3395 3119 1603 3301 4816 594 6430 6277 5793 3919 75 1303 1783 5011 42 3055 536 5212 7068 7253 4361 1074 7263 4431 4967 698 1128 6931 1179 5244 3905 3425 862 5507 5577 4529 4953 4507 2157 3245 7277 2231 3400 1559 6094 3441 4613 6629 5 3032 5233 3217 2958
3847 6499 6776 4545 127 6206 5723 5370 2610 499 5083 6969 6076 2111 4421 1934 3119 6517 1710 5350 1268 3268 2795 4709 6732 775 3565 1115 6007 6781 2924 2354 5779 2199 5750 4757 905 2824 2626 2366 3322 6560 686 1897 22 3958 3830 3141 1827 5539 7342 3094 158 2636 6654 5741 3410 2718 6856 768 850 1131 3121 6629 3330 222 2737 3086 3045 5363 4303 6367 3274 4989 763 3296 298 3445 5288 2124
1483 5129 5218 1641 6616 3223 6233 1377 5941 4440 2144 6790 5571 4117 4770 1400 4338 7 4485 7383 4221 1287 6249 7494 5127 5863 2141 4277 1807 6280 6400 3290 3908 2969 3782 1875 6192 1366 3251 3484 5806 5395 2773 3876 863 6395 5275 5200 6401 1111 3934 1973 1249 2682 818 5228 7397 1811 2004 1703 590 7255 3844 3350 2724 6477 5224 267 343 975 3750 6148 5221 6522 2523 4935 4268 6649 2634 2020
259 6568 3992 359 601 4810 5586 497 5472 6441 2200 6061 6196 4895 1910 1419 3872 7134 537 4214 6960 4286 1713 3532 2159 3087 966 6427 2235 3599 946 1345 1518 3790 1703 2119 1099 6141 1467 6570 5081 2518 3982 3776 7413 5892 4046 3784 4377 4582 6849 3836 1367 1061 7367 2378 4147 7184 1304 5233 3282 1101 5429 3652 4890 5983 4622 4840 4623 6088 2761 1056 7458 6743 4831 7370 5134 229 2505 862
4810 1853 4697 5029 1765 3415 7406 4763 3098 61 2495 5231 1161 6775 1382 6051 5257 4855 3390 1232 2295 6151 2287 2252 4245 5969 2121 1878 6197 4625 2739 2359 5329 6287 6239 7093 1053 4996 3207 4150 5056 4553 732 5068 3827 2114 2470 1583 5820 5860 2814 614 3362 5100 2865 106 2421 3837 835 1117 7313 2425 2327 5141 63 1065 3585 1115 6060 6791 5264 2467 3843 5995 35 169 6960 2504 604 5280
7215 3417 4745 1928 7369 110 885 2289 3946 1719 2257 2611 2995 4584 251 3057 4500 2688 4171 1912 1978 786 4378 4673 5633 3264 3693 5092 5768 4296 1723 4334 6565 6468 6262 5285 5429 7146 73 1874 217 1181 4484 3211 4616 3587 5120 1616 6274 642 3527 7103 1428 404 4275 7060 3668 468 3503 787 4763 5226 5120 2679 3045 2733 463 973 1231 6887 1698 1447 568 5034 3509 5183 1120 1128 5650 6245
622 1676 5847 2049 932 2622 1608 3451 1941 5110 4237 5555 1687 708 734 4731 2293 1196 5703 3523 583 7401 4969 2 4934 7329 5184 4905 7309 3334 3649 430 3861 847 2478 4792 3468 2937 742 4260 6898 3830 2315 7437 3390 3048 4667 5682 4243 1722 1704 3677 1622 5524 3678 5407 5352 214 1663 5160 2399 5311 4441 5111 6157 5770 2403 977 1206 1996 5236 6956 4678 50 6892 567 1949 2910 6248 6192
4631 451 1220 5104 5974 3750 1862 2677 3963 3524 337 5213 186 3629 2823 5195 1899 4077 5023 1956 4925 2758 1411 2102 1660 802 2668 2460 2564 1415 3 7194 1865 1223 4798 6690 4972 6659 1866 286 1535 1054 4350 1720 4683 7172 6914 5433 2601 4436 7388 25 6046 1299 2126 6557 952 4793 1516 3515 5059 1519 2061 5775 1593 6858 4964 6564 4868 5681 5701 5254 6735 2550 6974 2769 1073 5239 701 2525
1027 588 2549 5924 738 3526 3832 542 818 5347 2908 5876 5717 4968 4150 6161 3177 465 4076 545 6146 2276 4650 4232 3677 4123 7000 3602 714 6552 6126 592 7139 27 6515 6729 3552 1698 7270 4370 5896 2677 1597 4113 6497 4599 2773 2173 3915 6849 1569 2560 476 6219 6791 3005 1693 5142 6606 2406 4193 5231 1849 2684 5257 7215 1912 1309 1412 533 4530 7308 2061 4978 2772 1057 928 4396 3230 3695
2596 4798 6254 1924 3516 4397 4928 4061 2038 4033 6466 5083 615 7167 266 4724 6881 2177 4884 7145 1561 765 6952 2473 4594 1075 3530 5522 5470 5611 1716 6918 1760 6821 1341 4128 2569 6268 688 4607 1652 6005 2189 2266 5671 1306 6989 3904 2334 3224 3548 3894 3988 1851 6366 1082 2925 1247 5455 7246 5709 7170 6663 7469 5342 6855 2948 411 5622 3635 3869 6125 991 4909 7243 6662 6214 6731 1917 1047
2455 5464 3792 5294 7314 1509 6375 1590 2756 4329 1335 7316 2850 6850 7284 692 6204 1583 7454 3178 5217 3822 1802 6208 1230 1544 4221 6295 7127 6137 7341 933 2952 2484 6226 1617 3992 3953 3206 5599 781 3392 5415 3631 2741 4050 3174 297 5633 3127 2326 2201 6948 2979 908 7029 3375 3980 5823 1853 1468 4515 2785 3271 6998 362 4887 2341 3166 6944 440 3947 1688 4706 6429 3280 1255 2102 3576 6887
5228 4753 1588 3527 232 1347 3055 3606 4179 229 5458 5646 3595 7094 269 1944 6307 5155 4284 1973 3451 3575 5919 3990 780 4847 7269 2035 5800 2197 273 3527 6949 712 5905 7180 911 311 2137 5089 539 94 2086 2985 7187 2354 4928 5994 6361 563 466 1163 4138 5236 5152 4917 1434 3772 5803 7233 5968 4928 2111 4269 5639 515 3948 6549 825 4937 2989 215 5030 5075 3199 3569 6280 6978 914 5140
6392 231 5154 3029 5466 2805 6798 5751 6577 3952 5483 3896 1379 6445 664 7018 5811 4612 4918 6635 900 407 5701 5929 4333 251 849 3112 7228 1762 7104 6119 1992 4757 500 6309 62 6149 3411 5490 2600 245 1885 3979 6689 2549 2348 4999 6012 7265 2985 6911 6523 1185 5339 3355 1435 5040 5319 14 6801 4922 6133 145 2178 5484 5305 2239 4132 1216 6580 6731 1460 965 2061 7001 3513 4408 4499 2024
3025 7484 1434 2047 20 5624 4254 307 3163 2072 320 1316 5845 5304 1460 522 3287 6764 1613 7418 6831 692 5501 7143 1656 61 6643 4020 3321 2493 6043 6345 2476 6328 7243 1348 4452 2848 1654 6466 3771 1973 281 2115 7277 592 2637 1915 6208 3101 685 5538 3792 6185 5180 4300 5097 3174 819 7269 5667 5714 6113 6994 4541 4708 841 344 55 2494 6810 2678 3319 5942 4792 1947 6534 6280 2713 5241
732 3397 2130 3376 933 6162 175 4882 1835 7345 4650 1 5558 2115 6995 1451 6822 335 1794 5728 1681 7455 905 3851 5897 4549 4649 3782 3328 7361 374 4060 2110 2503 7435 3042 1164 6461 6775 1851 5157 3925 1851 3215 6039 1345 3517 4212 532 5310 1291 1064 4117 2196 3766 1365 5596 914 5146 275 7126 5519 3186 1735 6873 1972 3629 537 932 1755 2387 6089 5679 3089 655 3069 3286 4171 6132 2669
832 7423 2584 4948 970 6349 6312 5417 6114 2809 5691 4591 827 1377 5178 6552 3348 1306 7088 4280 1912 826 1720 6443 2766 1226 863 6051 5396 6995 1219 5079 5769 3802 1379 5590 1502 190 3506 6467 1851 1696 3558 1529 1924 1235 580 5272 1392 6519 903 3303 6196 2622 2245 1462 2699 3108 6364 594 1454 6435 5672 6074 1588 5902 4163 3090 6092 6520 2056 6794 715 4465 822 2639 5699 254 6762 5942
6772 164 1745 5468 1637 2841 5781 4335 4800 4644 3780 5105 3578 803 3678 5166 6705 340 7107 4148 5711 1662 3441 6426 6127 3114 416 3177 3367 7177 1619 2639 6192 2215 6958 328 5055 5238 3514 1207 2381 7293 6311 4811 595 2489 2476 7299 1680 2082 2798 7391 2595 6238 5168 73 1852 4435 2102 5218 4111 3720 6708 1654 4786 6165 1981 1192 3902 5494 2398 5135 4138 61 2445 4732 1401 3772 3383 1932
5853 6180 674 7299 3770 5841 7372 5621 2775 1973 2190 5737 4544 250 6242 1829 6414 722 3020 1668 5067 4270 5654 1704 4330 6950 5288 5730 3221 22 6513 425 5053 7187 223 1322 5527 94 5794 7154 918 6836 4242 4313 7085 2984 6141 4850 2557 513 6517 6476 3634 3522 7031 6815 2971 3670 5044 6191 3691 4056 6615 1244 2594 6838 1417 621 5783 7211 6626 5553 6546 2219 1217 6130 4054 6210 3479 5463
6722 1348 4438 1707 3721 2820 1021 6692 6490 4916 4234 1532 323 2201 1627 2917 390 3044 2389 5024 1606 1514 3076 651 2584 3145 5632 6638 1854 462 4600 7427 661 389 1633 4382 3208 2653 2425 1049 68 5510 2581 390 210 4207 3306 599 6102 5694 5623 207 6059 50 857 1143 3194 5340 6632 3899 5802 2583 3825 5314 1823 5457 1047 3882 609 3471 4931 7028 1481 11 7418 542 3069 2075 1141 1671
6621 5615 1877 5179 4516 1586 5173 6562 5777 3156 2960 2930 4590 6785 744 6412 4741 1790 2794 4202 4113 224 3729 5593 6586 2498 4986 2154 4573 6126 2676 3693 3092 3405 223 108 4990 4248 5521 2118 7403 980 5048 3345 264 5791 2256 3857 6432 3901 558 3044 2976 3138 7488 2061 5636 4974 3067 2708 2451 4594 5252 5543 498 4326 4502 4339 1073 2522 6457 7328 3501 4004 2024 2617 1146 4279 5325 77
7032 4734 3121 2507 371 1960 3420 6006 6933 5338 65 1884 2431 4168 7426 1781 994 3279 6119 918 5800 5075 7097 652 430 1620 2120 1575 4751 7444 504 4282 4677 2476 5640 5048 4435 411 2405 2720 5748 2470 4603 7031 5489 3380 1311 6482 6658 7429 6252 4957 3856 5848 4460 4285 6320 6580 4712 3570 6523 4067 6703 2552 5394 3694 6451 2328 4105 207 5047 2352 1528 1001 1882 7017 3232 2044 4850 2389
1973 3601 6197 4680 801 3157 316 7120 2236 5027 2041 110 445 1243 1513 5838 4936 463 7018 392 670 3416 1596 2197 4417 3477 565 148 4373 5415 1389 6345 1515 85 3524 2315 2093 3839 786 3180 218 2826 2142 7014 2920 3654 5352 6708 2969 3721 7099 2490 7136 1194 3538 2904 3523 4103 1904 395 2017 3292 5591 2383 2228 466 4698 3173 3156 4335 6352 2225 7161 993 1739 1432 3499 5942 639 5319
2162 6590 308 1797 6635 3845 3553 2657 447 5456 1903 1315 1247 6345 3698 2326 6810 7247 5498 1318 4081 4350 3542 2593 4194 4132 4025 6544 2573 3515 4362 4734 1456 4669 5383 591 7366 1435 2099 6664 6890 4002 479 6988 1698 4176 1813 7360 2774 6163 1177 6854 1864 4718 799 4909 1350 3675 3953 2774 7189 814 6360 7497 4335 4242 587 4200 4528 2685 2215 2769 5538 2693 1108 7236 5720 1772 7095 7345
434 7123 6699 2297 4340 6349 7206 4541 2523 2510 7315 1063 2175 6174 1059 6509 1767 1645 2060 5146 3182 3127 414 1219 5819 1521 7306 2891 2144 5752 2735 2578 5374 785 3726 1066 7133 2283 4458 2155 4792 4272 2070 5819 1797 3128 3679 2415 4773 4591 60 6806 217 6825 6876 6035 7197 6682 277 1841 3785 3012 3270 511 2648 6995 1576 1133 630 6033 2139 4273 1657 4208 2591 2305 7336 6270 4720 3460
3360 3631 2765 3576 2956 992 962 2652 173 1239 3344 2810 3102 6613 3320 4601 4960 4895 5733 5589 2279 372 2361 3935 4579 4952 6240 3266 2573 2311 6725 5932 5941 841 859 1396 1833 1820 2900 857 1910 6243 3666 3863 4208 5837 7316 1667 2083 5548 7255 4362 5919 967 7148 1850 4770 4739 5115 7342 7049 3192 4625 4342 4032 5483 4589 4716 6155 7488 5573 564 5083 590 3279 642 6427 3094 2308 1009
1141 914 4222 5912 732 2722 6613 5502 7460 4227 5343 5861 7418 2468 2702 2802 450 7290 17 6604 6130 4441 6020 2564 5031 650 3205 2809 3743 5512 2669 3735 5277 6891 998 6008 2112 110 4009 923 3189 704 6783 1958 3171 836 4759 2472 626 3628 428 5607 6920 6447 670 4450 7096 3874 6110 2190 737 1279 5924 6013 7021 5774 4520 484 5883 7381 1406 1571 584 7041 2381 2606 6728 7139 5077 6205
2118 4356 4311 1538 2154 4980 4839 1749 1353 3449 2790 941 4727 66 6953 3099 5839 2825 3582 4221 1557 3839 4644 2140 3379 7024 3597 2607 5514 1173 1311 6484 4381 4474 521 6534 1953 4211 7135 2158 159 2424 3098 3737 2489 1403 6835 7179 3079 1768 2752 4635 5607 7395 6774 337 5770 2870 1795 2635 2894 1958 1618 6126 6431 990 5160 7235 5201 4794 744 4211 7217 2694 448 1058 4096 6134 736 7174
402 3487 3160 4860 2233 1285 5196 6854 3006 6991 841 5899 1448 1310 4525 6730 1152 1036 6464 6352 5829 6060 1914 4397 1253 1213 4306 4200 7347 5042 3873 6600 7380 5884 3959 965 7168 506 6670 2673 7496 10 7423 295 172 4447 5876 1323 4334 3692 6526 2662 2251 939 5911 3503 1004 2716 202 7202 257 2926 6301 6489 1309 1611 6305 976 2116 4326 3648 964 3188 3570 1258 3359 6869 7134 4681 3702
0 1 2008
0 2 4900
0 3 3637
0 4 259
0 5 5621
0 6 5612
0 7 6798
0 8 1180
0 9 3838
0 10 3494
0 11 1042
0 12 6104
0 13 7447
0 14 7358
0 15 4613
0 16 5452
0 17 1848
0 18 2882
0 19 359
0 20 720
0 21 6086
0 22 1262
0 23 5533
0 24 6075
0 25 7204
0 26 4079
0 27 3077
0 28 3344
0 29 3392
0 30 649
0 31 7446
0 32 5976
0 33 6654
0 34 4981
0 35 2201
0 36 5491
0 37 2234
0 38 3872
0 39 545
0 40 7339
0 41 4514
0 42 7345
0 43 5451
0 44 817
0 45 5242
0 46 697
0 47 6416
0 48 4683
0 49 6881
0 50 3933
0 51 5566
0 52 1218
0 53 6379
0 54 4621
0 55 6386
0 56 4875
0 57 6080
0 58 1193
0 59 5611
0 60 3075
0 61 1177
0 62 7390
0 63 1795
0 64 3364
0 65 4439
0 66 1607
0 67 6924
0 68 6860
0 69 5616
0 70 4077
0 71 7291
0 72 5604
0 73 5021
0 74 1252
0 75 6508
0 76 5335
0 77 6950
0 78 5479
0 79 1
1 2 123
1 3 7491
1 4 3499
1 5 2257
1 6 4067
1 7 5690
1 8 2577
1 9 2093
1 10 2702
1 11 5180
1 12 449
1 13 7132
1 14 2075
1 15 1211
1 16 5528
1 17 248
1 18 2206
1 19 6231
1 20 4855
1 21 7414
1 22 6562
1 23 916
1 24 2434
1 25 1171
1 26 325
1 27 441
1 28 1889
1 29 5408
1 30 4356
1 31 1721
1 32 6681
1 33 5737
1 34 7409
1 35 5941
1 36 3157
1 37 3887
1 38 2808
1 39 2708
1 40 6662
1 41 1729
1 42 1580
1 43 259
1 44 7444
1 45 5135
1 46 3635
1 47 4385
1 48 174
1 49 1904
1 50 5939
1 51 1400
1 52 3902
1 53 2665
1 54 2588
1 55 2155
1 56 602
1 57 1235
1 58 3755
1 59 3352
1 60 4862
1 61 5700
1 62 6693
1 63 367
1 64 2909
1 65 4652
1 66 318
1 67 646
1 68 3838
1 69 7485
1 70 6385
1 71 7026
1 72 3725
1 73 6870
1 74 6308
1 75 1380
1 76 2560
1 77 2368
1 78 7366
1 79 6322
2 3 2708
2 4 677
2 5 877
2 6 3800
2 7 3483
2 8 194
2 9 4774
2 10 7057
2 11 5682
2 12 7328
2 13 499
2 14 5861
2 15 7137
2 16 2514
2 17 1166
2 18 6332
2 19 3660
2 20 4602
2 21 829
2 22 5805
2 23 4685
2 24 4382
2 25 4569
2 26 1808
2 27 1715
2 28 4943
2 29 1694
2 30 4123
2 31 1736
2 32 4888
2 33 5675
2 34 5626
2 35 3227
2 36 2926
2 37 2479
2 38 4922
2 39 6080
2 40 6825
2 41 4592
2 42 2455
2 43 470
2 44 7372
2 45 904
2 46 49
2 47 834
2 48 4392
2 49 7
2 50 6045
2 51 2947
2 52 4993
2 53 1552
2 54 2792
2 55 3069
2 56 983
2 57 951
2 58 4170
2 59 2186
2 60 139
2 61 6887
2 62 4580
2 63 3974
2 64 4431
2 65 2839
2 66 4918
2 67 3297
2 68 3709
2 69 2527
2 70 2682
2 71 6319
2 72 3459
2 73 5953
2 74 5245
2 75 3021
2 76 2579
2 77 4421
2 78 330
2 79 1128
3 4 2578
3 5 5438
3 6 2250
3 7 108
3 8 3785
3 9 1514
3 10 5933
3 11 1483
3 12 6453
3 13 7223
3 14 6925
3 15 931
3 16 2853
3 17 512
3 18 3948
3 19 5645
3 20 3308
3 21 4224
3 22 3668
3 23 1718
3 24 5818
3 25 5270
3 26 2415
3 27 3845
3 28 5539
3 29 3267
3 30 5161
3 31 4669
3 32 899
3 33 2546
3 34 4522
3 35 2723
3 36 3123
3 37 4737
3 38 2630
3 39 4446
3 40 7389
3 41 2900
3 42 6671
3 43 2521
3 44 2810
3 45 7375
3 46 1335
3 47 7334
3 48 1074
3 49 5930
3 50 1920
3 51 5923
3 52 5803
3 53 2036
3 54 7316
3 55 730
3 56 48
3 57 858
3 58 1725
3 59 2778
3 60 6868
3 61 3856
3 62 6046
3 63 638
3 64 3772
3 65 4065
3 66 5424
3 67 937
3 68 3349
3 69 3509
3 70 7157
3 71 1720
3 72 6718
3 73 5273
3 74 4807
3 75 4328
3 76 905
3 77 2580
3 78 2075
3 79 4272
4 5 1136
4 6 1741
4 7 1026
4 8 1636
4 9 3353
4 10 4094
4 11 733
4 12 1565
4 13 7241
4 14 6096
4 15 5091
4 16 6425
4 17 1309
4 18 4297
4 19 3572
4 20 6933
4 21 7108
4 22 2618
4 23 1554
4 24 2711
4 25 749
4 26 6767
4 27 3968
4 28 5488
4 29 5373
4 30 4811
4 31 4710
4 32 6662
4 33 4090
4 34 7105
4 35 2231
4 36 3721
4 37 6562
4 38 1323
4 39 3091
4 40 4373
4 41 2189
4 42 3025
4 43 2174
4 44 6421
4 45 3946
4 46 713
4 47 6318
4 48 6025
4 49 1036
4 50 772
4 51 3518
4 52 5104
4 53 2182
4 54 2046
4 55 1811
4 56 6815
4 57 1409
4 58 360
4 59 2202
4 60 1332
4 61 1862
4 62 5006
4 63 7121
4 64 142
4 65 511
4 66 2774
4 67 4257
4 68 5459
4 69 6803
4 70 3061
4 71 5274
4 72 2816
4 73 2418
4 74 468
4 75 1306
4 76 971
4 77 1546
4 78 1550
4 79 858
5 6 7026
5 7 1456
5 8 4247
5 9 2676
5 10 3501
5 11 1062
5 12 795
5 13 6640
5 14 4369
5 15 5637
5 16 5029
5 17 4338
5 18 313
5 19 2178
5 20 4752
5 21 1257
5 22 3254
5 23 5429
5 24 6127
5 25 1058
5 26 286
5 27 6392
5 28 7305
5 29 2393
5 30 5940
5 31 360
5 32 6323
5 33 7170
5 34 783
5 35 6201
5 36 3734
5 37 16
5 38 6725
5 39 4692
5 40 3751
5 41 5182
5 42 5571
5 43 2819
5 44 956
5 45 900
5 46 4592
5 47 567
5 48 3660
5 49 253
5 50 935
5 51 1328
5 52 2966
5 53 1860
5 54 4490
5 55 6394
5 56 3651
5 57 3628
5 58 648
5 59 5947
5 60 1862
5 61 6201
5 62 5809
5 63 71
5 64 5855
5 65 5261
5 66 4479
5 67 2809
5 68 5635
5 69 987
5 70 2570
5 71 3365
5 72 3954
5 73 5644
5 74 3642
5 75 2759
5 76 2288
5 77 4456
5 78 726
5 79 1415
6 7 2552
6 8 3573
6 9 4616
6 10 4678
6 11 1253
6 12 4226
6 13 4395
6 14 1394
6 15 4786
6 16 3153
6 17 2479
6 18 6430
6 19 6223
6 20 4214
6 21 6762
6 22 3732
6 23 3656
6 24 194
6 25 5036
6 26 2372
6 27 1887
6 28 1462
6 29 5539
6 30 5982
6 31 1243
6 32 2603
6 33 6397
6 34 6192
6 35 3768
6 36 2271
6 37 7385
6 38 3693
6 39 4657
6 40 4310
6 41 6461
6 42 7332
6 43 3483
6 44 5981
6 45 2999
6 46 3197
6 47 3799
6 48 5666
6 49 6182
6 50 5518
6 51 6114
6 52 5477
6 53 5141
6 54 890
6 55 2110
6 56 4489
6 57 2084
6 58 7122
6 59 4464
6 60 5939
6 61 267
6 62 3054
6 63 5137
6 64 4464
6 65 4428
6 66 6266
6 67 473
6 68 391
6 69 2466
6 70 410
6 71 4182
6 72 4497
6 73 6921
6 74 3183
6 75 7423
6 76 2697
6 77 959
6 78 3106
6 79 4674
7 8 2412
7 9 254
7 10 2346
7 11 3122
7 12 5192
7 13 1719
7 14 1514
7 15 7055
7 16 3517
7 17 332
7 18 563
7 19 6024
7 20 443
7 21 5565
7 22 4429
7 23 1320
7 24 2043
7 25 5721
7 26 4
7 27 3679
7 28 6929
7 29 7351
7 30 1500
7 31 4656
7 32 4732
7 33 1920
7 34 4092
7 35 6256
7 36 6277
7 37 5785
7 38 5910
7 39 1398
7 40 5234
7 41 1395
7 42 960
7 43 635
7 44 673
7 45 6534
7 46 6242
7 47 6041
7 48 6379
7 49 5322
7 50 7254
7 51 6356
7 52 7249
7 53 588
7 54 801
7 55 2666
7 56 1602
7 57 1474
7 58 485
7 59 654
7 60 296
7 61 3330
7 62 1080
7 63 213
7 64 33
7 65 2928
7 66 963
7 67 4668
7 68 2980
7 69 4073
7 70 6091
7 71 1165
7 72 3299
7 73 1606
7 74 3597
7 75 3792
7 76 797
7 77 1781
7 78 342
7 79 686
8 9 6379
8 10 5364
8 11 1952
8 12 5755
8 13 5490
8 14 62
8 15 418
8 16 4272
8 17 2715
8 18 6350
8 19 6987
8 20 407
8 21 1114
8 22 1011
8 23 1883
8 24 7033
8 25 3013
8 26 5805
8 27 6279
8 28 1247
8 29 5239
8 30 7199
8 31 1386
8 32 723
8 33 2347
8 34 615
8 35 1065
8 36 969
8 37 2059
8 38 1338
8 39 1379
8 40 2406
8 41 3470
8 42 706
8 43 3621
8 44 4219
8 45 2112
8 46 5866
8 47 387
8 48 6448
8 49 3864
8 50 2271
8 51 5786
8 52 4810
8 53 2921
8 54 3137
8 55 3573
8 56 41
8 57 5103
8 58 641
8 59 1550
8 60 1434
8 61 1275
8 62 6009
8 63 2943
8 64 951
8 65 2222
8 66 1938
8 67 4163
8 68 7203
8 69 1950
8 70 2734
8 71 7232
8 72 5063
8 73 2372
8 74 3762
8 75 1913
8 76 5286
8 77 1550
8 78 1404
8 79 6455
9 10 3798
9 11 4426
9 12 535
9 13 2686
9 14 7023
9 15 1928
9 16 2656
9 17 3881
9 18 4198
9 19 3624
9 20 6730
9 21 3357
9 22 6426
9 23 7161
9 24 1899
9 25 2683
9 26 6143
9 27 1635
9 28 7048
9 29 6914
9 30 306
9 31 1325
9 32 705
9 33 882
9 34 1662
9 35 3064
9 36 1392
9 37 4257
9 38 2678
9 39 646
9 40 1384
9 41 476
9 42 641
9 43 6703
9 44 4133
9 45 6758
9 46 5161
9 47 5102
9 48 3491
9 49 2118
9 50 691
9 51 4894
9 52 1805
9 53 1250
9 54 4420
9 55 6762
9 56 2928
9 57 4681
9 58 698
9 59 2607
9 60 202
9 61 6971
9 62 150
9 63 3727
9 64 7110
9 65 6496
9 66 81
9 67 1233
9 68 3243
9 69 4071
9 70 2081
9 71 3669
9 72 1920
9 73 7427
9 74 2435
9 75 5150
9 76 3249
9 77 6850
9 78 5747
9 79 4742
10 11 5477
10 12 4507
10 13 4181
10 14 6294
10 15 5924
10 16 5289
10 17 5047
10 18 4364
10 19 6361
10 20 934
10 21 5676
10 22 2783
10 23 906
10 24 3674
10 25 4060
10 26 3359
10 27 2355
10 28 93
10 29 3807
10 30 5310
10 31 6953
10 32 438
10 33 2259
10 34 2816
10 35 5648
10 36 1266
10 37 35
10 38 4098
10 39 6180
10 40 5295
10 41 6389
10 42 3627
10 43 5573
10 44 6630
10 45 308
10 46 1812
10 47 5241
10 48 3110
10 49 3607
10 50 6323
10 51 7377
10 52 5576
10 53 2988
10 54 4906
10 55 6500
10 56 3257
10 57 1556
10 58 4335
10 59 805
10 60 358
10 61 5606
10 62 7223
10 63 2122
10 64 1050
10 65 6460
10 66 7481
10 67 7459
10 68 2802
10 69 5433
10 70 3464
10 71 610
10 72 1171
10 73 3807
10 74 644
10 75 6672
10 76 4575
10 77 7226
10 78 624
10 79 4833
11 12 6427
11 13 396
11 14 6684
11 15 2167
11 16 1004
11 17 1044
11 18 2234
11 19 1391
11 20 2670
11 21 6613
11 22 1161
11 23 2018
11 24 3061
11 25 1384
11 26 2442
11 27 3060
11 28 213
11 29 5478
11 30 2661
11 31 1381
11 32 5446
11 33 6982
11 34 4078
11 35 2435
11 36 4922
11 37 264
11 38 6182
11 39 2020
11 40 2876
11 41 3130
11 42 972
11 43 4388
11 44 996
11 45 6931
11 46 213
11 47 6171
11 48 940
11 49 4689
11 50 5377
11 51 1967
11 52 6373
11 53 6583
11 54 4512
11 55 5649
11 56 3357
11 57 1760
11 58 7467
11 59 2067
11 60 7364
11 61 3470
11 62 1161
11 63 4587
11 64 6645
11 65 4820
11 66 250
11 67 5022
11 68 1516
11 69 3028
11 70 4057
11 71 2470
11 72 2454
11 73 797
11 74 1727
11 75 1086
11 76 3213
11 77 519
11 78 5548
11 79 5324
12 13 5731
12 14 564
12 15 780
12 16 2806
12 17 1040
12 18 6026
12 19 7009
12 20 2713
12 21 5223
12 22 2085
12 23 5225
12 24 7392
12 25 6578
12 26 4161
12 27 3218
12 28 668
12 29 2330
12 30 5132
12 31 5667
12 32 4256
12 33 6269
12 34 3153
12 35 2628
12 36 5442
12 37 7079
12 38 6152
12 39 901
12 40 4591
12 41 4156
12 42 2306
12 43 938
12 44 6524
12 45 1907
12 46 4079
12 47 3443
12 48 4482
12 49 1320
12 50 5692
12 51 3703
12 52 2001
12 53 1364
12 54 6935
12 55 5546
12 56 6297
12 57 2979
12 58 7277
12 59 1778
12 60 3738
12 61 1807
12 62 1460
12 63 5207
12 64 5165
12 65 4926
12 66 676
12 67 4693
12 68 3261
12 69 2180
12 70 6023
12 71 4424
12 72 130
12 73 4772
12 74 1522
12 75 5059
12 76 436
12 77 3280
12 78 3466
12 79 5539
13 14 6363
13 15 3338
13 16 1797
13 17 1066
13 18 5438
13 19 6604
13 20 2323
13 21 131
13 22 1134
13 23 1210
13 24 1655
13 25 4470
13 26 5633
13 27 1689
13 28 86
13 29 1580
13 30 395
13 31 4838
13 32 4298
13 33 6100
13 34 500
13 35 5047
13 36 6434
13 37 4126
13 38 282
13 39 6778
13 40 2955
13 41 1730
13 42 2848
13 43 388
13 44 848
13 45 733
13 46 5735
13 47 2285
13 48 1676
13 49 3619
13 50 3791
13 51 2701
13 52 6341
13 53 6847
13 54 2365
13 55 7410
13 56 2370
13 57 5257
13 58 2760
13 59 7002
13 60 6463
13 61 2554
13 62 3507
13 63 4933
13 64 3426
13 65 3913
13 66 2216
13 67 6495
13 68 3643
13 69 5383
13 70 4464
13 71 2677
13 72 4635
13 73 3402
13 74 4929
13 75 1205
13 76 840
13 77 5143
13 78 5152
13 79 6084
14 15 2479
14 16 5996
14 17 461
14 18 3454
14 19 3331
14 20 1462
14 21 4332
14 22 4831
14 23 3423
14 24 6563
14 25 1339
14 26 1297
14 27 581
14 28 5376
14 29 1515
14 30 5660
14 31 5307
14 32 38
14 33 497
14 34 1222
14 35 3679
14 36 1824
14 37 4526
14 38 7179
14 39 6239
14 40 6503
14 41 3065
14 42 2255
14 43 6738
14 44 729
14 45 1793
14 46 2448
14 47 747
14 48 5366
14 49 3681
14 50 2773
14 51 6974
14 52 5573
14 53 1454
14 54 3299
14 55 1696
14 56 6621
14 57 1451
14 58 6109
14 59 6709
14 60 6644
14 61 4576
14 62 600
14 63 1781
14 64 5416
14 65 2756
14 66 4171
14 67 2988
14 68 5080
14 69 6346
14 70 3485
14 71 3178
14 72 1857
14 73 2831
14 74 4168
14 75 6153
14 76 1893
14 77 2607
14 78 7402
14 79 5013
15 16 2347
15 17 3709
15 18 1348
15 19 112
15 20 2488
15 21 7304
15 22 3553
15 23 7428
15 24 5313
15 25 5873
15 26 3650
15 27 2995
15 28 6605
15 29 4589
15 30 1339
15 31 3174
15 32 2368
15 33 406
15 34 3781
15 35 1494
15 36 4677
15 37 2444
15 38 834
15 39 6138
15 40 2834
15 41 6978
15 42 6739
15 43 2228
15 44 6925
15 45 3700
15 46 1417
15 47 3300
15 48 3959
15 49 5203
15 50 3073
15 51 4211
15 52 4550
15 53 7329
15 54 6730
15 55 4029
15 56 680
15 57 6249
15 58 4829
15 59 4612
15 60 6643
15 61 3868
15 62 5387
15 63 2047
15 64 2223
15 65 7288
15 66 3001
15 67 2099
15 68 856
15 69 5433
15 70 5597
15 71 7351
15 72 3170
15 73 3897
15 74 5926
15 75 3603
15 76 7022
15 77 3331
15 78 5988
15 79 4457
16 17 1682
16 18 2560
16 19 5945
16 20 3584
16 21 5436
16 22 3441
16 23 1180
16 24 11
16 25 742
16 26 3698
16 27 3766
16 28 3088
16 29 6121
16 30 5899
16 31 1999
16 32 1873
16 33 3654
16 34 861
16 35 441
16 36 6602
16 37 3663
16 38 7112
16 39 3538
16 40 542
16 41 3529
16 42 1150
16 43 4039
16 44 7137
16 45 859
16 46 4971
16 47 6093
16 48 5388
16 49 2627
16 50 3196
16 51 896
16 52 6648
16 53 1395
16 54 752
16 55 5881
16 56 6915
16 57 5532
16 58 5760
16 59 2505
16 60 2434
16 61 2283
16 62 3923
16 63 4451
16 64 1973
16 65 5761
16 66 349
16 67 5168
16 68 1418
16 69 4606
16 70 2846
16 71 2313
16 72 1452
16 73 1676
16 74 119
16 75 5106
16 76 6394
16 77 159
16 78 7115
16 79 3477
17 18 1891
17 19 4458
17 20 6097
17 21 6938
17 22 6391
17 23 1034
17 24 3585
17 25 1700
17 26 2542
17 27 4746
17 28 6406
17 29 2915
17 30 7443
17 31 5818
17 32 5387
17 33 6347
17 34 87
17 35 7219
17 36 1985
17 37 5048
17 38 902
17 39 315
17 40 1926
17 41 2022
17 42 4241
17 43 4831
17 44 5675
17 45 5001
17 46 2171
17 47 4026
17 48 1668
17 49 5037
17 50 2732
17 51 436
17 52 2762
17 53 4442
17 54 2915
17 55 7001
17 56 5623
17 57 7012
17 58 5994
17 59 2065
17 60 4587
17 61 1136
17 62 1736
17 63 4517
17 64 4589
17 65 5157
17 66 6807
17 67 3387
17 68 1279
17 69 4583
17 70 1640
17 71 385
17 72 3309
17 73 7329
17 74 3090
17 75 3673
17 76 1458
17 77 4637
17 78 173
17 79 5448
18 19 2558
18 20 3432
18 21 6399
18 22 1636
18 23 3702
18 24 3222
18 25 504
18 26 3955
18 27 1206
18 28 4466
18 29 5675
18 30 1026
18 31 4299
18 32 529
18 33 5019
18 34 584
18 35 5635
18 36 791
18 37 1037
18 38 2414
18 39 6347
18 40 2578
18 41 6945
18 42 2015
18 43 1666
18 44 2648
18 45 4822
18 46 4677
18 47 7039
18 48 4943
18 49 237
18 50 3484
18 51 7244
18 52 1756
18 53 4404
18 54 4369
18 55 8
18 56 1452
18 57 3682
18 58 6453
18 59 1298
18 60 2892
18 61 2977
18 62 6591
18 63 2976
18 64 4775
18 65 7262
18 66 435
18 67 2735
18 68 6637
18 69 4063
18 70 592
18 71 7007
18 72 3522
18 73 5509
18 74 7388
18 75 1778
18 76 5424
18 77 550
18 78 4972
18 79 7398
19 20 5589
19 21 707
19 22 4368
19 23 7064
19 24 783
19 25 4712
19 26 6549
19 27 2269
19 28 6259
19 29 2748
19 30 5934
19 31 6628
19 32 6983
19 33 7223
19 34 2053
19 35 4404
19 36 4483
19 37 5015
19 38 6256
19 39 3705
19 40 5909
19 41 4968
19 42 3986
19 43 5230
19 44 5216
19 45 6593
19 46 3855
19 47 6357
19 48 4248
19 49 4347
19 50 2255
19 51 5293
19 52 4065
19 53 6938
19 54 3942
19 55 61
19 56 613
19 57 5010
19 58 3615
19 59 5046
19 60 2068
19 61 3830
19 62 1210
19 63 6963
19 64 5321
19 65 4258
19 66 3911
19 67 4515
19 68 1413
19 69 2146
19 70 4797
19 71 5407
19 72 4938
19 73 1360
19 74 4507
19 75 86
19 76 1895
19 77 3848
19 78 4306
19 79 1062
20 21 7118
20 22 7405
20 23 3924
20 24 4003
20 25 7223
20 26 2042
20 27 6059
20 28 132
20 29 2864
20 30 2252
20 31 6748
20 32 5296
20 33 3957
20 34 3098
20 35 4952
20 36 6943
20 37 6033
20 38 6949
20 39 2618
20 40 6645
20 41 7304
20 42 4562
20 43 7486
20 44 7061
20 45 3888
20 46 423
20 47 1854
20 48 1981
20 49 7360
20 50 4275
20 51 6941
20 52 7084
20 53 3064
20 54 5633
20 55 1335
20 56 5724
20 57 4815
20 58 5851
20 59 5182
20 60 6501
20 61 7224
20 62 3556
20 63 3993
20 64 6238
20 65 818
20 66 6367
20 67 5580
20 68 3434
20 69 3834
20 70 4527
20 71 5195
20 72 6306
20 73 4387
20 74 5013
20 75 2567
20 76 1341
20 77 1140
20 78 1570
20 79 1784
21 22 337
21 23 1022
21 24 562
21 25 2857
21 26 6596
21 27 4414
21 28 3209
21 29 5224
21 30 2321
21 31 4374
21 32 1882
21 33 1549
21 34 6934
21 35 6970
21 36 6673
21 37 6514
21 38 1558
21 39 3915
21 40 5488
21 41 4967
21 42 3664
21 43 706
21 44 543
21 45 238
21 46 6891
21 47 1547
21 48 2903
21 49 3345
21 50 4636
21 51 1042
21 52 2920
21 53 2168
21 54 5294
21 55 5448
21 56 3057
21 57 364
21 58 1349
21 59 4944
21 60 5850
21 61 3606
21 62 1144
21 63 4215
21 64 5952
21 65 4085
21 66 2873
21 67 5746
21 68 1737
21 69 473
21 70 4198
21 71 1663
21 72 5390
21 73 5326
21 74 799
21 75 1129
21 76 5654
21 77 2091
21 78 1239
21 79 1047
22 23 6363
22 24 1628
22 25 6814
22 26 4083
22 27 6637
22 28 6932
22 29 679
22 30 1940
22 31 1971
22 32 4157
22 33 1385
22 34 7120
22 35 224
22 36 5188
22 37 514
22 38 3
22 39 1569
22 40 6316
22 41 354
22 42 784
22 43 6305
22 44 1675
22 45 160
22 46 3254
22 47 2230
22 48 1455
22 49 4047
22 50 2005
22 51 2784
22 52 4583
22 53 2481
22 54 1525
22 55 3918
22 56 3783
22 57 942
22 58 1464
22 59 2484
22 60 5580
22 61 5604
22 62 1329
22 63 94
22 64 1652
22 65 3856
22 66 6114
22 67 1051
22 68 140
22 69 5485
22 70 5284
22 71 7208
22 72 2729
22 73 3836
22 74 6746
22 75 5035
22 76 6666
22 77 5009
22 78 1175
22 79 2128
23 24 6946
23 25 5333
23 26 2826
23 27 6460
23 28 118
23 29 4629
23 30 4050
23 31 5819
23 32 3836
23 33 1175
23 34 6178
23 35 6757
23 36 7050
23 37 4689
23 38 7070
23 39 2402
23 40 3003
23 41 1131
23 42 3173
23 43 1293
23 44 3385
23 45 43
23 46 460
23 47 4417
23 48 5719
23 49 7375
23 50 3151
23 51 7443
23 52 1099
23 53 1128
23 54 1650
23 55 3740
23 56 1468
23 57 2981
23 58 4959
23 59 6782
23 60 1546
23 61 7129
23 62 2888
23 63 6300
23 64 987
23 65 3206
23 66 3009
23 67 4541
23 68 6630
23 69 1331
23 70 549
23 71 4284
23 72 2439
23 73 4360
23 74 4036
23 75 5944
23 76 668
23 77 6438
23 78 969
23 79 2365
24 25 1614
24 26 3796
24 27 6422
24 28 5285
24 29 4207
24 30 4035
24 31 4185
24 32 4475
24 33 581
24 34 4224
24 35 3826
24 36 401
24 37 7090
24 38 6900
24 39 3426
24 40 217
24 41 5038
24 42 7365
24 43 2551
24 44 7215
24 45 3115
24 46 1716
24 47 4566
24 48 5274
24 49 6376
24 50 6317
24 51 3515
24 52 4898
24 53 4906
24 54 1366
24 55 3765
24 56 3574
24 57 2149
24 58 2965
24 59 6290
24 60 1659
24 61 6427
24 62 555
24 63 917
24 64 5193
24 65 5528
24 66 197
24 67 2078
24 68 2349
24 69 7095
24 70 5518
24 71 1851
24 72 1217
24 73 1584
24 74 6401
24 75 5712
24 76 1129
24 77 3934
24 78 4686
24 79 5214
25 26 3493
25 27 5239
25 28 2486
25 29 136
25 30 5652
25 31 6252
25 32 793
25 33 2964
25 34 3453
25 35 5041
25 36 3772
25 37 1764
25 38 4446
25 39 4286
25 40 1898
25 41 2860
25 42 2943
25 43 432
25 44 415
25 45 1613
25 46 5500
25 47 7438
25 48 7318
25 49 6004
25 50 6300
25 51 3326
25 52 4500
25 53 5174
25 54 990
25 55 1927
25 56 1661
25 57 778
25 58 5385
25 59 1382
25 60 6979
25 61 920
25 62 2210
25 63 2622
25 64 2610
25 65 3000
25 66 3521
25 67 535
25 68 470
25 69 817
25 70 5370
25 71 4347
25 72 6382
25 73 1836
25 74 4036
25 75 268
25 76 6210
25 77 7343
25 78 895
25 79 1797
26 27 2441
26 28 1468
26 29 177
26 30 5333
26 31 6561
26 32 2105
26 33 6597
26 34 1663
26 35 1778
26 36 7447
26 37 5566
26 38 678
26 39 252
26 40 4046
26 41 1836
26 42 2354
26 43 842
26 44 1589
26 45 4675
26 46 516
26 47 3274
26 48 5869
26 49 5627
26 50 5551
26 51 2381
26 52 4569
26 53 4562
26 54 3573
26 55 3470
26 56 3663
26 57 4813
26 58 933
26 59 1188
26 60 5524
26 61 794
26 62 7301
26 63 5214
26 64 4141
26 65 4551
26 66 2096
26 67 6540
26 68 5081
26 69 2113
26 70 7266
26 71 123
26 72 1092
26 73 795
26 74 1941
26 75 2249
26 76 5548
26 77 2558
26 78 4812
26 79 2368
27 28 2463
27 29 1347
27 30 2905
27 31 1425
27 32 2838
27 33 489
27 34 6823
27 35 4882
27 36 4398
27 37 142
27 38 5362
27 39 2857
27 40 4283
27 41 108
27 42 3389
27 43 750
27 44 7096
27 45 1760
27 46 1333
27 47 2984
27 48 4424
27 49 5625
27 50 1788
27 51 3012
27 52 34
27 53 2727
27 54 4394
27 55 155
27 56 1201
27 57 1622
27 58 1588
27 59 1791
27 60 4466
27 61 2535
27 62 5585
27 63 1319
27 64 6694
27 65 5106
27 66 1301
27 67 6018
27 68 1474
27 69 4432
27 70 5678
27 71 5895
27 72 2551
27 73 2818
27 74 1238
27 75 3024
27 76 7009
27 77 1704
27 78 2428
27 79 5305
28 29 1317
28 30 2602
28 31 1231
28 32 506
28 33 1214
28 34 6276
28 35 6078
28 36 5121
28 37 2390
28 38 2969
28 39 5046
28 40 682
28 41 4050
28 42 7351
28 43 5407
28 44 6950
28 45 6916
28 46 5896
28 47 873
28 48 7407
28 49 1542
28 50 1476
28 51 1055
28 52 99
28 53 5886
28 54 5923
28 55 1560
28 56 5688
28 57 1488
28 58 1142
28 59 3192
28 60 3822
28 61 345
28 62 958
28 63 6322
28 64 3302
28 65 4749
28 66 6835
28 67 1577
28 68 599
28 69 1352
28 70 1096
28 71 5624
28 72 5076
28 73 3673
28 74 4209
28 75 5659
28 76 823
28 77 6803
28 78 6071
28 79 347
29 30 4839
29 31 5500
29 32 2250
29 33 2458
29 34 4741
29 35 720
29 36 4424
29 37 2823
29 38 3657
29 39 7067
29 40 4710
29 41 4951
29 42 2579
29 43 5016
29 44 2377
29 45 3020
29 46 1809
29 47 3888
29 48 4651
29 49 5757
29 50 357
29 51 5431
29 52 4170
29 53 5630
29 54 6099
29 55 5896
29 56 1772
29 57 6544
29 58 6451
29 59 5498
29 60 7126
29 61 7393
29 62 6092
29 63 4344
29 64 328
29 65 3984
29 66 428
29 67 4316
29 68 370
29 69 2627
29 70 6493
29 71 7480
29 72 2072
29 73 5114
29 74 786
29 75 1200
29 76 684
29 77 1845
29 78 2576
29 79 1368
30 31 139
30 32 2439
30 33 3821
30 34 4015
30 35 552
30 36 862
30 37 5367
30 38 6660
30 39 5068
30 40 6163
30 41 5089
30 42 6264
30 43 7305
30 44 2751
30 45 4499
30 46 4135
30 47 7173
30 48 4055
30 49 3531
30 50 6536
30 51 4913
30 52 1330
30 53 5942
30 54 420
30 55 3614
30 56 1861
30 57 4147
30 58 4678
30 59 6435
30 60 4035
30 61 2897
30 62 6922
30 63 4946
30 64 4915
30 65 600
30 66 3910
30 67 1550
30 68 5995
30 69 5727
30 70 2351
30 71 3200
30 72 7098
30 73 3687
30 74 2649
30 75 3054
30 76 4906
30 77 6204
30 78 6224
30 79 4358
31 32 3477
31 33 4143
31 34 673
31 35 3976
31 36 3387
31 37 3284
31 38 1746
31 39 1300
31 40 4033
31 41 4470
31 42 6460
31 43 4716
31 44 3678
31 45 4748
31 46 4772
31 47 3742
31 48 5414
31 49 6985
31 50 4927
31 51 2956
31 52 3366
31 53 5402
31 54 2926
31 55 4158
31 56 3039
31 57 3842
31 58 6355
31 59 3567
31 60 2181
31 61 3784
31 62 1270
31 63 5404
31 64 6760
31 65 2972
31 66 6052
31 67 3851
31 68 2370
31 69 5879
31 70 952
31 71 2456
31 72 2516
31 73 3692
31 74 6206
31 75 2753
31 76 5775
31 77 5542
31 78 4264
31 79 2783
32 33 6036
32 34 208
32 35 1885
32 36 5355
32 37 4661
32 38 900
32 39 3974
32 40 7307
32 41 1004
32 42 5562
32 43 960
32 44 6947
32 45 5053
32 46 3982
32 47 4988
32 48 4190
32 49 3871
32 50 5814
32 51 6159
32 52 1361
32 53 3957
32 54 1431
32 55 4467
32 56 4622
32 57 3587
32 58 4030
32 59 1200
32 60 2631
32 61 5019
32 62 6919
32 63 4729
32 64 3733
32 65 6857
32 66 5705
32 67 3417
32 68 185
32 69 7029
32 70 6655
32 71 1704
32 72 7168
32 73 5311
32 74 39
32 75 6025
32 76 4114
32 77 634
32 78 3753
32 79 4844
33 34 4164
33 35 882
33 36 7418
33 37 7137
33 38 4171
33 39 570
33 40 863
33 41 4806
33 42 5267
33 43 4226
33 44 478
33 45 474
33 46 2849
33 47 5828
33 48 4172
33 49 6585
33 50 6223
33 51 2055
33 52 3115
33 53 5094
33 54 6059
33 55 815
33 56 436
33 57 7450
33 58 7087
33 59 2358
33 60 3481
33 61 2360
33 62 1642
33 63 4281
33 64 1561
33 65 5500
33 66 1034
33 67 4127
33 68 6948
33 69 1637
33 70 7383
33 71 3778
33 72 6922
33 73 3723
33 74 5606
33 75 5425
33 76 6615
33 77 6766
33 78 5026
33 79 4274
34 35 4614
34 36 5721
34 37 6383
34 38 1146
34 39 2918
34 40 1540
34 41 5233
34 42 821
34 43 396
34 44 2515
34 45 1975
34 46 5290
34 47 4778
34 48 7049
34 49 5804
34 50 240
34 51 3799
34 52 7415
34 53 6010
34 54 7362
34 55 3842
34 56 3079
34 57 6718
34 58 2785
34 59 7294
34 60 3317
34 61 2293
34 62 1709
34 63 3364
34 64 724
34 65 3931
34 66 3435
34 67 4627
34 68 1761
34 69 3260
34 70 2267
34 71 1875
34 72 5232
34 73 6949
34 74 4760
34 75 4666
34 76 7362
34 77 533
34 78 5379
34 79 530
35 36 3266
35 37 4768
35 38 2392
35 39 1400
35 40 2734
35 41 3478
35 42 816
35 43 1697
35 44 2999
35 45 5414
35 46 6739
35 47 7185
35 48 7240
35 49 5873
35 50 1816
35 51 1423
35 52 1066
35 53 3132
35 54 5788
35 55 5313
35 56 6893
35 57 4873
35 58 3197
35 59 5107
35 60 5418
35 61 5304
35 62 3303
35 63 2607
35 64 4056
35 65 7012
35 66 5084
35 67 2303
35 68 4829
35 69 7310
35 70 168
35 71 1841
35 72 2967
35 73 4972
35 74 4633
35 75 3709
35 76 3303
35 77 6057
35 78 6499
35 79 999
36 37 7345
36 38 6628
36 39 297
36 40 1281
36 41 4567
36 42 5944
36 43 3915
36 44 1997
36 45 5848
36 46 4395
36 47 7251
36 48 3234
36 49 2114
36 50 1009
36 51 657
36 52 721
36 53 1370
36 54 1986
36 55 129
36 56 4494
36 57 3208
36 58 7132
36 59 2073
36 60 4207
36 61 5153
36 62 2252
36 63 556
36 64 6807
36 65 4980
36 66 1485
36 67 1174
36 68 3841
36 69 905
36 70 3060
36 71 444
36 72 3432
36 73 1842
36 74 976
36 75 2395
36 76 3185
36 77 5135
36 78 3801
36 79 1126
37 38 7210
37 39 2274
37 40 3092
37 41 1103
37 42 5990
37 43 4110
37 44 1891
37 45 454
37 46 7055
37 47 7237
37 48 3912
37 49 4564
37 50 1030
37 51 3884
37 52 6739
37 53 6789
37 54 2465
37 55 5346
37 56 3860
37 57 3841
37 58 954
37 59 1602
37 60 3855
37 61 7018
37 62 2053
37 63 1643
37 64 237
37 65 4411
37 66 6108
37 67 4947
37 68 3507
37 69 3147
37 70 4648
37 71 2880
37 72 7440
37 73 2208
37 74 4873
37 75 1441
37 76 3567
37 77 2340
37 78 6564
37 79 2934
38 39 392
38 40 4621
38 41 5843
38 42 4346
38 43 5154
38 44 5524
38 45 7335
38 46 2161
38 47 4178
38 48 7019
38 49 5881
38 50 1629
38 51 7121
38 52 66
38 53 6802
38 54 2040
38 55 547
38 56 6192
38 57 80
38 58 5942
38 59 732
38 60 6386
38 61 2572
38 62 340
38 63 3118
38 64 7151
38 65 4873
38 66 3444
38 67 4099
38 68 2029
38 69 3064
38 70 1945
38 71 3229
38 72 1351
38 73 1377
38 74 7392
38 75 1460
38 76 1526
38 77 5027
38 78 2132
38 79 6927
39 40 993
39 41 1913
39 42 144
39 43 4501
39 44 763
39 45 6240
39 46 2526
39 47 2195
39 48 4127
39 49 1371
39 50 3382
39 51 500
39 52 5713
39 53 5625
39 54 3874
39 55 977
39 56 7054
39 57 5858
39 58 1401
39 59 720
39 60 1774
39 61 3722
39 62 6631
39 63 5878
39 64 6042
39 65 4980
39 66 1430
39 67 5682
39 68 60
39 69 7485
39 70 6561
39 71 6503
39 72 2702
39 73 3514
39 74 5422
39 75 3969
39 76 2544
39 77 1698
39 78 3809
39 79 3784
40 41 6175
40 42 3124
40 43 3297
40 44 6097
40 45 3963
40 46 6141
40 47 4746
40 48 5692
40 49 1354
40 50 1753
40 51 4790
40 52 5323
40 53 3614
40 54 359
40 55 4799
40 56 7475
40 57 1960
40 58 2429
40 59 3255
40 60 1112
40 61 5958
40 62 444
40 63 4894
40 64 854
40 65 6692
40 66 3226
40 67 6030
40 68 3814
40 69 5772
40 70 7268
40 71 6018
40 72 5395
40 73 1691
40 74 4585
40 75 201
40 76 3515
40 77 5447
40 78 7065
40 79 1445
41 42 6790
41 43 727
41 44 3469
41 45 2415
41 46 6602
41 47 1658
41 48 2608
41 49 3814
41 50 5855
41 51 6029
41 52 1801
41 53 1134
41 54 2591
41 55 625
41 56 7123
41 57 276
41 58 409
41 59 6632
41 60 5461
41 61 2511
41 62 7436
41 63 1134
41 64 3194
41 65 1896
41 66 1802
41 67 3339
41 68 5505
41 69 269
41 70 2404
41 71 453
41 72 666
41 73 7291
41 74 6933
41 75 3803
41 76 5671
41 77 7158
41 78 1833
41 79 648
42 43 3441
42 44 4279
42 45 1820
42 46 6549
42 47 3441
42 48 4475
42 49 6562
42 50 5575
42 51 3359
42 52 6004
42 53 1990
42 54 5388
42 55 6324
42 56 5766
42 57 4688
42 58 3386
42 59 6660
42 60 4722
42 61 5485
42 62 6007
42 63 1939
42 64 4973
42 65 5611
42 66 4782
42 67 7263
42 68 3112
42 69 3295
42 70 764
42 71 4895
42 72 1626
42 73 4293
42 74 1562
42 75 1731
42 76 2135
42 77 257
42 78 6343
42 79 1325
43 44 898
43 45 5714
43 46 7256
43 47 315
43 48 4932
43 49 2717
43 50 4579
43 51 3575
43 52 7397
43 53 271
43 54 1524
43 55 5445
43 56 567
43 57 3151
43 58 6747
43 59 928
43 60 2762
43 61 4674
43 62 2322
43 63 4236
43 64 7449
43 65 3152
43 66 4768
43 67 935
43 68 4797
43 69 3826
43 70 2057
43 71 1330
43 72 7470
43 73 884
43 74 5510
43 75 5711
43 76 7304
43 77 2141
43 78 6723
43 79 5934
44 45 3532
44 46 1403
44 47 6014
44 48 3167
44 49 2394
44 50 7334
44 51 113
44 52 5925
44 53 2198
44 54 4501
44 55 7470
44 56 7331
44 57 4446
44 58 7102
44 59 7198
44 60 1691
44 61 4823
44 62 1732
44 63 4282
44 64 5499
44 65 3241
44 66 2476
44 67 4199
44 68 1138
44 69 207
44 70 4307
44 71 6052
44 72 5154
44 73 4959
44 74 5517
44 75 494
44 76 6738
44 77 1652
44 78 1152
44 79 4719
45 46 3959
45 47 1038
45 48 1516
45 49 7334
45 50 1835
45 51 7143
45 52 5420
45 53 1630
45 54 43
45 55 6680
45 56 2597
45 57 2969
45 58 4988
45 59 506
45 60 3052
45 61 1845
45 62 3387
45 63 4796
45 64 6969
45 65 6406
45 66 3520
45 67 6297
45 68 1946
45 69 3364
45 70 5866
45 71 5250
45 72 7419
45 73 6851
45 74 5338
45 75 1250
45 76 1636
45 77 5603
45 78 5976
45 79 1275
46 47 6378
46 48 5599
46 49 3932
46 50 1540
46 51 2525
46 52 5568
46 53 4002
46 54 7056
46 55 4035
46 56 179
46 57 3966
46 58 6816
46 59 3373
46 60 1975
46 61 6667
46 62 3848
46 63 1134
46 64 5645
46 65 4045
46 66 2294
46 67 1143
46 68 6310
46 69 2530
46 70 1565
46 71 3623
46 72 6139
46 73 874
46 74 4541
46 75 1724
46 76 2650
46 77 1117
46 78 4138
46 79 7294
47 48 6166
47 49 7169
47 50 1758
47 51 6524
47 52 4808
47 53 6432
47 54 5820
47 55 5818
47 56 1494
47 57 115
47 58 1140
47 59 3901
47 60 6784
47 61 1637
47 62 6118
47 63 3406
47 64 4120
47 65 2298
47 66 1589
47 67 6445
47 68 577
47 69 4119
47 70 5634
47 71 1057
47 72 6830
47 73 3364
47 74 713
47 75 1962
47 76 3633
47 77 1120
47 78 3881
47 79 3590
48 49 6451
48 50 4081
48 51 4912
48 52 5787
48 53 6105
48 54 3236
48 55 3693
48 56 2716
48 57 3167
48 58 1195
48 59 4695
48 60 1579
48 61 4459
48 62 7134
48 63 7223
48 64 6542
48 65 461
48 66 4416
48 67 4999
48 68 2212
48 69 5106
48 70 6692
48 71 1090
48 72 876
48 73 6838
48 74 5840
48 75 2930
48 76 2563
48 77 2616
48 78 5930
48 79 4270
49 50 5067
49 51 6946
49 52 306
49 53 4683
49 54 5751
49 55 6815
49 56 142
49 57 5701
49 58 3513
49 59 791
49 60 421
49 61 621
49 62 2460
49 63 4031
49 64 3279
49 65 4712
49 66 2087
49 67 1679
49 68 6305
49 69 4909
49 70 6353
49 71 848
49 72 3479
49 73 5215
49 74 4085
49 75 6546
49 76 1077
49 77 5193
49 78 1755
49 79 2128
50 51 227
50 52 3581
50 53 1200
50 54 3557
50 55 1824
50 56 2262
50 57 2891
50 58 6022
50 59 2157
50 60 3564
50 61 1093
50 62 7303
50 63 1128
50 64 4556
50 65 4421
50 66 5618
50 67 3727
50 68 5812
50 69 4661
50 70 2634
50 71 536
50 72 6011
50 73 6856
50 74 1148
50 75 7121
50 76 4310
50 77 5024
50 78 1734
50 79 458
51 52 6736
51 53 3176
51 54 877
51 55 3107
51 56 3180
51 57 6260
51 58 5602
51 59 2059
51 60 1574
51 61 7496
51 62 631
51 63 3987
51 64 5533
51 65 6755
51 66 5365
51 67 3758
51 68 3441
51 69 6009
51 70 6335
51 71 2358
51 72 733
51 73 6678
51 74 6764
51 75 2946
51 76 355
51 77 1261
51 78 1409
51 79 3628
52 53 5610
52 54 5558
52 55 1445
52 56 5778
52 57 100
52 58 554
52 59 4753
52 60 6152
52 61 2880
52 62 3171
52 63 5418
52 64 1832
52 65 409
52 66 4460
52 67 7191
52 68 6461
52 69 1172
52 70 6478
52 71 4036
52 72 6352
52 73 6745
52 74 774
52 75 1168
52 76 835
52 77 3606
52 78 3894
52 79 1473
53 54 4998
53 55 6520
53 56 1401
53 57 247
53 58 1714
53 59 2582
53 60 1737
53 61 4298
53 62 956
53 63 5198
53 64 6391
53 65 6
53 66 616
53 67 2582
53 68 2838
53 69 1585
53 70 4786
53 71 7496
53 72 5666
53 73 5398
53 74 6864
53 75 6922
53 76 4799
53 77 6892
53 78 6113
53 79 6335
54 55 2306
54 56 2432
54 57 1303
54 58 7429
54 59 6770
54 60 2178
54 61 968
54 62 1592
54 63 1267
54 64 5365
54 65 5171
54 66 581
54 67 7357
54 68 7075
54 69 3413
54 70 1175
54 71 3601
54 72 7490
54 73 6322
54 74 6746
54 75 6634
54 76 997
54 77 2448
54 78 5587
54 79 928
55 56 3195
55 57 5940
55 58 7419
55 59 1452
55 60 1968
55 61 4254
55 62 1934
55 63 4452
55 64 5257
55 65 7045
55 66 1364
55 67 4778
55 68 5131
55 69 3800
55 70 2291
55 71 4371
55 72 1029
55 73 6964
55 74 7458
55 75 6792
55 76 4631
55 77 3920
55 78 3899
55 79 7338
56 57 2996
56 58 3862
56 59 4412
56 60 5572
56 61 7215
56 62 4111
56 63 4302
56 64 5194
56 65 1495
56 66 6277
56 67 4424
56 68 2230
56 69 465
56 70 5821
56 71 4723
56 72 3722
56 73 2744
56 74 2282
56 75 6425
56 76 548
56 77 7427
56 78 5848
56 79 3343
57 58 2059
57 59 698
57 60 5141
57 61 2959
57 62 4378
57 63 2574
57 64 5489
57 65 6059
57 66 5219
57 67 6997
57 68 7308
57 69 5556
57 70 2265
57 71 3865
57 72 1062
57 73 4153
57 74 3396
57 75 1659
57 76 174
57 77 6110
57 78 6891
57 79 4952
58 59 7331
58 60 5441
58 61 3664
58 62 2752
58 63 1063
58 64 2678
58 65 3993
58 66 3938
58 67 2805
58 68 7026
58 69 3143
58 70 4940
58 71 3504
58 72 5570
58 73 3583
58 74 5476
58 75 5383
58 76 6166
58 77 6058
58 78 2720
58 79 7428
59 60 1798
59 61 2144
59 62 326
59 63 5177
59 64 1352
59 65 6238
59 66 1839
59 67 1191
59 68 1690
59 69 1781
59 70 7038
59 71 785
59 72 60
59 73 3677
59 74 4165
59 75 7028
59 76 24
59 77 3049
59 78 4323
59 79 6551
60 61 395
60 62 4464
60 63 4084
60 64 993
60 65 1778
60 66 3141
60 67 1287
60 68 4723
60 69 971
60 70 2976
60 71 3354
60 72 2449
60 73 1878
60 74 1429
60 75 5073
60 76 4373
60 77 2322
60 78 6552
60 79 4693
61 62 3529
61 63 1668
61 64 6638
61 65 799
61 66 3151
61 67 2462
61 68 5756
61 69 1130
61 70 6896
61 71 5053
61 72 559
61 73 6507
61 74 6945
61 75 2823
61 76 6585
61 77 3744
61 78 5337
61 79 6986
62 63 6069
62 64 6037
62 65 7257
62 66 345
62 67 4517
62 68 5068
62 69 2185
62 70 2439
62 71 4098
62 72 5377
62 73 2773
62 74 889
62 75 7066
62 76 2173
62 77 247
62 78 728
62 79 794
63 64 533
63 65 4318
63 66 4914
63 67 6407
63 68 4097
63 69 2805
63 70 1537
63 71 6832
63 72 1795
63 73 5316
63 74 2812
63 75 6167
63 76 1135
63 77 5494
63 78 5227
63 79 6329
64 65 4541
64 66 4341
64 67 3331
64 68 2139
64 69 2042
64 70 4166
64 71 2049
64 72 1843
64 73 5600
64 74 6526
64 75 3391
64 76 3598
64 77 1809
64 78 4090
64 79 4435
65 66 2999
65 67 3768
65 68 1133
65 69 789
65 70 5877
65 71 5917
65 72 6408
65 73 4890
65 74 3160
65 75 5612
65 76 1603
65 77 5081
65 78 4879
65 79 3348
66 67 5277
66 68 3239
66 69 6960
66 70 5817
66 71 6604
66 72 1566
66 73 787
66 74 5226
66 75 5651
66 76 5647
66 77 4456
66 78 2347
66 79 5261
67 68 315
67 69 4520
67 70 2959
67 71 1647
67 72 774
67 73 5703
67 74 6902
67 75 4547
67 76 7490
67 77 7301
67 78 2730
67 79 5535
68 69 4465
68 70 3486
68 71 6252
68 72 4442
68 73 1589
68 74 6783
68 75 1461
68 76 3244
68 77 887
68 78 176
68 79 5103
69 70 106
69 71 258
69 72 6864
69 73 3062
69 74 2714
69 75 6239
69 76 5689
69 77 5149
69 78 1760
69 79 1794
70 71 3784
70 72 823
70 73 4340
70 74 6176
70 75 7200
70 76 5792
70 77 6574
70 78 6064
70 79 387
71 72 2186
71 73 6854
71 74 7003
71 75 4767
71 76 5375
71 77 2740
71 78 5272
71 79 626
72 73 3753
72 74 5507
72 75 7183
72 76 5058
72 77 5012
72 78 1726
72 79 1420
73 74 1755
73 75 2916
73 76 3381
73 77 5002
73 78 5921
73 79 4877
74 75 248
74 76 6535
74 77 94
74 78 4690
74 79 5215
75 76 3307
75 77 50
75 78 4607
75 79 948
76 77 3887
76 78 7334
76 79 2661
77 78 572
77 79 2713
78 79 742
