35 80 646
6279 3042 3683 273 1902 650 5268 3719 1831 2554 5128 5363 1345 1409 4349 3418 5380 6580 2959 1293 3662 7436 4483 4408 1351 2490 5141 5936 1021 2453 2640 7299 4346 6322 6423
6247 6971 4190 2466 154 5595 6445 5516 6940 6705 2364 2857 3436 296 4668 4728 2809 3455 562 6068 4806 1903 3708 2093 2924 5013 4732 2722 710 2405 1645 6957 727 4686 774 880 2781 7218 6396 2220 6422 111 3928 2357 406 1095 5936 2066 4550 6497 634 707 899 3193 2799 2674 705 6382 4248 1415 1286 4744 7223 2012 1929 496 1744 4709 6565 6991 5780 5486 7101 2208 6694 6359 3302 5129 7276 6703
2977 409 7409 2727 3602 2707 5401 3158 1588 2148 3424 1725 6891 1998 3737 171 2493 4332 3732 409 3822 2011 5894 2274 4218 3939 1132 6372 419 908 5574 3395 168 4335 4974 2621 7041 1726 4631 7481 2725 6906 1705 2115 1404 4293 1137 2748 1124 4868 3157 3797 6879 402 6071 2448 4341 7202 1319 4759 6961 5745 7006 5981 2579 4479 1101 971 5056 5731 7303 280 5137 1508 1246 5392 4652 2382 639 5776
7250 2647 924 5480 3049 6994 427 6241 5548 598 3499 3860 5194 1856 2340 6624 5186 3441 94 2741 523 7397 3020 4511 256 4265 1254 4907 6647 745 2034 5248 3391 2958 3227 5291 1303 2505 4031 6850 3102 6382 2062 7147 737 4401 6270 5923 6693 5216 1163 6068 3964 3035 3078 3071 7299 3184 477 5297 3928 1363 3044 7318 3172 6270 5109 3326 127 491 2676 2080 6872 3589 1727 109 489 6848 4883 6034
4563 4897 4601 7378 431 6530 2948 6582 2213 2277 4378 6140 2491 7422 4810 4514 5043 1270 339 5169 1760 1866 7249 1132 5454 1475 92 4795 7174 4974 3328 3089 1222 6780 2966 1653 5809 4766 734 6874 5894 3963 4365 884 3884 1674 5397 279 1795 4587 5447 3555 6453 4047 3538 4406 4373 3629 1700 4047 7454 3879 7135 1175 3158 1452 1679 1467 5069 2412 840 3462 5227 5204 3197 1610 5730 7445 740 24
4532 6187 2430 3484 1585 5967 6741 5958 2095 941 1356 900 4819 7342 2075 477 1293 3753 795 6362 5017 486 1175 2743 5689 4372 3204 2770 4316 3944 2794 199 1482 5223 3682 3066 2542 2923 375 4636 2715 1730 5536 6385 423 6462 6861 1716 2714 6507 6929 6582 6992 603 1824 5181 3826 5028 6802 642 323 947 840 1804 5022 3374 3721 63 5148 4096 3550 362 4677 1585 5598 5100 6898 4959 5667 2112
3965 3947 1193 3457 4549 1869 7489 875 5748 5642 368 6070 6589 59 6725 4110 2284 2945 4172 7431 5892 221 6644 1921 658 4742 5872 55 1052 4038 1018 3868 484 1063 6176 3884 2931 5016 3610 30 3158 3977 6099 2246 2888 5323 5207 5171 7119 1878 3954 5511 950 3097 7431 1607 6690 5802 514 241 1191 1531 4109 526 2593 1636 4409 4375 6652 6871 3256 2309 3347 1854 3406 5086 6028 1112 2757 5647
1841 6710 3657 2790 1158 2439 4397 348 740 4910 6940 1930 5292 2400 2455 6737 4036 5715 2463 2039 5085 5719 4347 7284 72 6604 4869 4952 215 6477 1950 2055 4538 4458 3696 5696 6896 592 4895 6487 4353 3186 7268 2145 5586 2222 233 973 6788 2695 3011 3225 913 6209 3008 7337 5312 6728 4788 4378 5705 6737 6432 1594 3694 2627 6141 1941 2071 3535 927 5275 5573 694 6271 3658 1767 6503 4630 1054
1698 6492 4278 2610 5200 6137 1298 3011 5365 6085 7388 2421 4173 5171 4014 6718 6649 2655 1158 71 5041 936 5346 3113 1629 4116 5622 3395 3119 1603 3301 4816 594 6430 6277 5793 3919 75 1303 1783 5011 42 3055 536 5212 7068 7253 4361 1074 7263 4431 4967 698 1128 6931 1179 5244 3905 3425 862 5507 5577 4529 4953 4507 2157 3245 7277 2231 3400 1559 6094 3441 4613 6629 5 3032 5233 3217 2958
3847 6499 6776 4545 127 6206 5723 5370 2610 499 5083 6969 6076 2111 4421 1934 3119 6517 1710 5350 1268 3268 2795 4709 6732 775 3565 1115 6007 6781 2924 2354 5779 2199 5750 4757 905 2824 2626 2366 3322 6560 686 1897 22 3958 3830 3141 1827 5539 7342 3094 158 2636 6654 5741 3410 2718 6856 768 850 1131 3121 6629 3330 222 2737 3086 3045 5363 4303 6367 3274 4989 763 3296 298 3445 5288 2124
1483 5129 5218 1641 6616 3223 6233 1377 5941 4440 2144 6790 5571 4117 4770 1400 4338 7 4485 7383 4221 1287 6249 7494 5127 5863 2141 4277 1807 6280 6400 3290 3908 2969 3782 1875 6192 1366 3251 3484 5806 5395 2773 3876 863 6395 5275 5200 6401 1111 3934 1973 1249 2682 818 5228 7397 1811 2004 1703 590 7255 3844 3350 2724 6477 5224 267 343 975 3750 6148 5221 6522 2523 4935 4268 6649 2634 2020
259 6568 3992 359 601 4810 5586 497 5472 6441 2200 6061 6196 4895 1910 1419 3872 7134 537 4214 6960 4286 1713 3532 2159 3087 966 6427 2235 3599 946 1345 1518 3790 1703 2119 1099 6141 1467 6570 5081 2518 3982 3776 7413 5892 4046 3784 4377 4582 6849 3836 1367 1061 7367 2378 4147 7184 1304 5233 3282 1101 5429 3652 4890 5983 4622 4840 4623 6088 2761 1056 7458 6743 4831 7370 5134 229 2505 862
4810 1853 4697 5029 1765 3415 7406 4763 3098 61 2495 5231 1161 6775 1382 6051 5257 4855 3390 1232 2295 6151 2287 2252 4245 5969 2121 1878 6197 4625 2739 2359 5329 6287 6239 7093 1053 4996 3207 4150 5056 4553 732 5068 3827 2114 2470 1583 5820 5860 2814 614 3362 5100 2865 106 2421 3837 835 1117 7313 2425 2327 5141 63 1065 3585 1115 6060 6791 5264 2467 3843 5995 35 169 6960 2504 604 5280
7215 3417 4745 1928 7369 110 885 2289 3946 1719 2257 2611 2995 4584 251 3057 4500 2688 4171 1912 1978 786 4378 4673 5633 3264 3693 5092 5768 4296 1723 4334 6565 6468 6262 5285 5429 7146 73 1874 217 1181 4484 3211 4616 3587 5120 1616 6274 642 3527 7103 1428 404 4275 7060 3668 468 3503 787 4763 5226 5120 2679 3045 2733 463 973 1231 6887 1698 1447 568 5034 3509 5183 1120 1128 5650 6245
622 1676 5847 2049 932 2622 1608 3451 1941 5110 4237 5555 1687 708 734 4731 2293 1196 5703 3523 583 7401 4969 2 4934 7329 5184 4905 7309 3334 3649 430 3861 847 2478 4792 3468 2937 742 4260 6898 3830 2315 7437 3390 3048 4667 5682 4243 1722 1704 3677 1622 5524 3678 5407 5352 214 1663 5160 2399 5311 4441 5111 6157 5770 2403 977 1206 1996 5236 6956 4678 50 6892 567 1949 2910 6248 6192
4631 451 1220 5104 5974 3750 1862 2677 3963 3524 337 5213 186 3629 2823 5195 1899 4077 5023 1956 4925 2758 1411 2102 1660 802 2668 2460 2564 1415 3 7194 1865 1223 4798 6690 4972 6659 1866 286 1535 1054 4350 1720 4683 7172 6914 5433 2601 4436 7388 25 6046 1299 2126 6557 952 4793 1516 3515 5059 1519 2061 5775 1593 6858 4964 6564 4868 5681 5701 5254 6735 2550 6974 2769 1073 5239 701 2525
1027 588 2549 5924 738 3526 3832 542 818 5347 2908 5876 5717 4968 4150 6161 3177 465 4076 545 6146 2276 4650 4232 3677 4123 7000 3602 714 6552 6126 592 7139 27 6515 6729 3552 1698 7270 4370 5896 2677 1597 4113 6497 4599 2773 2173 3915 6849 1569 2560 476 6219 6791 3005 1693 5142 6606 2406 4193 5231 1849 2684 5257 7215 1912 1309 1412 533 4530 7308 2061 4978 2772 1057 928 4396 3230 3695
2596 4798 6254 1924 3516 4397 4928 4061 2038 4033 6466 5083 615 7167 266 4724 6881 2177 4884 7145 1561 765 6952 2473 4594 1075 3530 5522 5470 5611 1716 6918 1760 6821 1341 4128 2569 6268 688 4607 1652 6005 2189 2266 5671 1306 6989 3904 2334 3224 3548 3894 3988 1851 6366 1082 2925 1247 5455 7246 5709 7170 6663 7469 5342 6855 2948 411 5622 3635 3869 6125 991 4909 7243 6662 6214 6731 1917 1047
2455 5464 3792 5294 7314 1509 6375 1590 2756 4329 1335 7316 2850 6850 7284 692 6204 1583 7454 3178 5217 3822 1802 6208 1230 1544 4221 6295 7127 6137 7341 933 2952 2484 6226 1617 3992 3953 3206 5599 781 3392 5415 3631 2741 4050 3174 297 5633 3127 2326 2201 6948 2979 908 7029 3375 3980 5823 1853 1468 4515 2785 3271 6998 362 4887 2341 3166 6944 440 3947 1688 4706 6429 3280 1255 2102 3576 6887
5228 4753 1588 3527 232 1347 3055 3606 4179 229 5458 5646 3595 7094 269 1944 6307 5155 4284 1973 3451 3575 5919 3990 780 4847 7269 2035 5800 2197 273 3527 6949 712 5905 7180 911 311 2137 5089 539 94 2086 2985 7187 2354 4928 5994 6361 563 466 1163 4138 5236 5152 4917 1434 3772 5803 7233 5968 4928 2111 4269 5639 515 3948 6549 825 4937 2989 215 5030 5075 3199 3569 6280 6978 914 5140
6392 231 5154 3029 5466 2805 6798 5751 6577 3952 5483 3896 1379 6445 664 7018 5811 4612 4918 6635 900 407 5701 5929 4333 251 849 3112 7228 1762 7104 6119 1992 4757 500 6309 62 6149 3411 5490 2600 245 1885 3979 6689 2549 2348 4999 6012 7265 2985 6911 6523 1185 5339 3355 1435 5040 5319 14 6801 4922 6133 145 2178 5484 5305 2239 4132 1216 6580 6731 1460 965 2061 7001 3513 4408 4499 2024
3025 7484 1434 2047 20 5624 4254 307 3163 2072 320 1316 5845 5304 1460 522 3287 6764 1613 7418 6831 692 5501 7143 1656 61 6643 4020 3321 2493 6043 6345 2476 6328 7243 1348 4452 2848 1654 6466 3771 1973 281 2115 7277 592 2637 1915 6208 3101 685 5538 3792 6185 5180 4300 5097 3174 819 7269 5667 5714 6113 6994 4541 4708 841 344 55 2494 6810 2678 3319 5942 4792 1947 6534 6280 2713 5241
732 3397 2130 3376 933 6162 175 4882 1835 7345 4650 1 5558 2115 6995 1451 6822 335 1794 5728 1681 7455 905 3851 5897 4549 4649 3782 3328 7361 374 4060 2110 2503 7435 3042 1164 6461 6775 1851 5157 3925 1851 3215 6039 1345 3517 4212 532 5310 1291 1064 4117 2196 3766 1365 5596 914 5146 275 7126 5519 3186 1735 6873 1972 3629 537 932 1755 2387 6089 5679 3089 655 3069 3286 4171 6132 2669
832 7423 2584 4948 970 6349 6312 5417 6114 2809 5691 4591 827 1377 5178 6552 3348 1306 7088 4280 1912 826 1720 6443 2766 1226 863 6051 5396 6995 1219 5079 5769 3802 1379 5590 1502 190 3506 6467 1851 1696 3558 1529 1924 1235 580 5272 1392 6519 903 3303 6196 2622 2245 1462 2699 3108 6364 594 1454 6435 5672 6074 1588 5902 4163 3090 6092 6520 2056 6794 715 4465 822 2639 5699 254 6762 5942
6772 164 1745 5468 1637 2841 5781 4335 4800 4644 3780 5105 3578 803 3678 5166 6705 340 7107 4148 5711 1662 3441 6426 6127 3114 416 3177 3367 7177 1619 2639 6192 2215 6958 328 5055 5238 3514 1207 2381 7293 6311 4811 595 2489 2476 7299 1680 2082 2798 7391 2595 6238 5168 73 1852 4435 2102 5218 4111 3720 6708 1654 4786 6165 1981 1192 3902 5494 2398 5135 4138 61 2445 4732 1401 3772 3383 1932
5853 6180 674 7299 3770 5841 7372 5621 2775 1973 2190 5737 4544 250 6242 1829 6414 722 3020 1668 5067 4270 5654 1704 4330 6950 5288 5730 3221 22 6513 425 5053 7187 223 1322 5527 94 5794 7154 918 6836 4242 4313 7085 2984 6141 4850 2557 513 6517 6476 3634 3522 7031 6815 2971 3670 5044 6191 3691 4056 6615 1244 2594 6838 1417 621 5783 7211 6626 5553 6546 2219 1217 6130 4054 6210 3479 5463
6722 1348 4438 1707 3721 2820 1021 6692 6490 4916 4234 1532 323 2201 1627 2917 390 3044 2389 5024 1606 1514 3076 651 2584 3145 5632 6638 1854 462 4600 7427 661 389 1633 4382 3208 2653 2425 1049 68 5510 2581 390 210 4207 3306 599 6102 5694 5623 207 6059 50 857 1143 3194 5340 6632 3899 5802 2583 3825 5314 1823 5457 1047 3882 609 3471 4931 7028 1481 11 7418 542 3069 2075 1141 1671
6621 5615 1877 5179 4516 1586 5173 6562 5777 3156 2960 2930 4590 6785 744 6412 4741 1790 2794 4202 4113 224 3729 5593 6586 2498 4986 2154 4573 6126 2676 3693 3092 3405 223 108 4990 4248 5521 2118 7403 980 5048 3345 264 5791 2256 3857 6432 3901 558 3044 2976 3138 7488 2061 5636 4974 3067 2708 2451 4594 5252 5543 498 4326 4502 4339 1073 2522 6457 7328 3501 4004 2024 2617 1146 4279 5325 77
7032 4734 3121 2507 371 1960 3420 6006 6933 5338 65 1884 2431 4168 7426 1781 994 3279 6119 918 5800 5075 7097 652 430 1620 2120 1575 4751 7444 504 4282 4677 2476 5640 5048 4435 411 2405 2720 5748 2470 4603 7031 5489 3380 1311 6482 6658 7429 6252 4957 3856 5848 4460 4285 6320 6580 4712 3570 6523 4067 6703 2552 5394 3694 6451 2328 4105 207 5047 2352 1528 1001 1882 7017 3232 2044 4850 2389
1973 3601 6197 4680 801 3157 316 7120 2236 5027 2041 110 445 1243 1513 5838 4936 463 7018 392 670 3416 1596 2197 4417 3477 565 148 4373 5415 1389 6345 1515 85 3524 2315 2093 3839 786 3180 218 2826 2142 7014 2920 3654 5352 6708 2969 3721 7099 2490 7136 1194 3538 2904 3523 4103 1904 395 2017 3292 5591 2383 2228 466 4698 3173 3156 4335 6352 2225 7161 993 1739 1432 3499 5942 639 5319
2162 6590 308 1797 6635 3845 3553 2657 447 5456 1903 1315 1247 6345 3698 2326 6810 7247 5498 1318 4081 4350 3542 2593 4194 4132 4025 6544 2573 3515 4362 4734 1456 4669 5383 591 7366 1435 2099 6664 6890 4002 479 6988 1698 4176 1813 7360 2774 6163 1177 6854 1864 4718 799 4909 1350 3675 3953 2774 7189 814 6360 7497 4335 4242 587 4200 4528 2685 2215 2769 5538 2693 1108 7236 5720 1772 7095 7345
434 7123 6699 2297 4340 6349 7206 4541 2523 2510 7315 1063 2175 6174 1059 6509 1767 1645 2060 5146 3182 3127 414 1219 5819 1521 7306 2891 2144 5752 2735 2578 5374 785 3726 1066 7133 2283 4458 2155 4792 4272 2070 5819 1797 3128 3679 2415 4773 4591 60 6806 217 6825 6876 6035 7197 6682 277 1841 3785 3012 3270 511 2648 6995 1576 1133 630 6033 2139 4273 1657 4208 2591 2305 7336 6270 4720 3460
3360 3631 2765 3576 2956 992 962 2652 173 1239 3344 2810 3102 6613 3320 4601 4960 4895 5733 5589 2279 372 2361 3935 4579 4952 6240 3266 2573 2311 6725 5932 5941 841 859 1396 1833 1820 2900 857 1910 6243 3666 3863 4208 5837 7316 1667 2083 5548 7255 4362 5919 967 7148 1850 4770 4739 5115 7342 7049 3192 4625 4342 4032 5483 4589 4716 6155 7488 5573 564 5083 590 3279 642 6427 3094 2308 1009
1141 914 4222 5912 732 2722 6613 5502 7460 4227 5343 5861 7418 2468 2702 2802 450 7290 17 6604 6130 4441 6020 2564 5031 650 3205 2809 3743 5512 2669 3735 5277 6891 998 6008 2112 110 4009 923 3189 704 6783 1958 3171 836 4759 2472 626 3628 428 5607 6920 6447 670 4450 7096 3874 6110 2190 737 1279 5924 6013 7021 5774 4520 484 5883 7381 1406 1571 584 7041 2381 2606 6728 7139 5077 6205
2118 4356 4311 1538 2154 4980 4839 1749 1353 3449 2790 941 4727 66 6953 3099 5839 2825 3582 4221 1557 3839 4644 2140 3379 7024 3597 2607 5514 1173 1311 6484 4381 4474 521 6534 1953 4211 7135 2158 159 2424 3098 3737 2489 1403 6835 7179 3079 1768 2752 4635 5607 7395 6774 337 5770 2870 1795 2635 2894 1958 1618 6126 6431 990 5160 7235 5201 4794 744 4211 7217 2694 448 1058 4096 6134 736 7174
402 3487 3160 4860 2233 1285 5196 6854 3006 6991 841 5899 1448 1310 4525 6730 1152 1036 6464 6352 5829 6060 1914 4397 1253 1213 4306 4200 7347 5042 3873 6600 7380 5884 3959 965 7168 506 6670 2673 7496 10 7423 295 172 4447 5876 1323 4334 3692 6526 2662 2251 939 5911 3503 1004 2716 202 7202 257 2926 6301 6489 1309 1611 6305 976 2116 4326 3648 964 3188 3570 1258 3359 6869 7134 4681 3702
0 11 6258
0 24 4475
0 26 918
0 32 3728
0 39 2762
0 53 5674
0 54 2884
0 65 4273
0 69 2533
0 70 6814
0 73 7353
0 77 7420
0 79 1655
1 2 6865
1 5 2315
1 9 4028
1 15 4678
1 17 3499
1 18 6827
1 25 5879
1 26 4234
1 31 5859
1 58 4246
1 61 4342
1 67 4127
1 68 5748
1 71 3568
1 72 3338
1 74 4125
1 75 6542
2 3 3509
2 9 4415
2 15 2531
2 24 4839
2 27 5739
2 28 59
2 34 7438
2 35 6926
2 37 3709
2 39 5091
2 58 6267
2 66 5418
2 67 7231
2 78 5031
3 12 1657
3 24 1361
3 25 3233
3 29 2330
3 45 2149
3 47 1217
3 55 6399
3 63 350
3 64 6130
3 65 211
3 77 6204
3 78 3562
3 79 3530
4 9 4958
4 15 626
4 22 4217
4 26 4494
4 28 556
4 30 3015
4 31 6796
4 44 5610
4 47 4913
4 48 3740
4 50 7086
4 53 4391
4 56 7002
4 64 1430
4 70 3469
4 73 606
4 77 3628
4 79 3834
5 7 2187
5 19 5217
5 21 1185
5 26 785
5 30 1919
5 35 2309
5 39 1167
5 42 4193
5 50 970
5 54 1629
5 59 7064
5 61 4992
5 62 4253
5 65 5275
5 69 6467
5 73 183
6 13 2550
6 15 5654
6 29 505
6 35 3102
6 49 6583
6 54 2997
6 56 2353
6 60 5853
6 61 3692
6 62 1283
6 73 2730
7 10 4836
7 15 6461
7 20 2882
7 21 5838
7 25 101
7 30 4525
7 31 2148
7 34 4344
7 36 3156
7 42 107
7 47 6677
7 60 5779
7 62 4227
7 67 7081
7 73 2400
7 78 112
8 10 2762
8 12 1311
8 14 3056
8 15 4799
8 16 5420
8 21 5397
8 26 4722
8 27 763
8 29 7226
8 31 3605
8 41 6355
8 42 3309
8 46 7039
8 48 7207
8 50 7254
8 60 3255
8 61 1737
8 63 4358
8 64 860
8 67 6267
8 70 5635
8 72 1854
8 76 487
9 11 2145
9 12 1264
9 22 4538
9 25 6468
9 29 2671
9 36 6904
9 41 567
9 45 1884
9 48 2858
9 57 1997
9 66 3943
9 71 2594
9 73 1412
9 79 4650
10 13 286
10 22 471
10 33 2572
10 39 6655
10 42 1610
10 46 3011
10 50 4085
10 51 6430
10 55 7335
10 56 2905
10 61 4716
10 62 6332
10 66 4664
10 67 2273
10 70 3006
10 72 7090
10 75 6947
10 77 5634
11 12 4601
11 14 4279
11 16 3110
11 30 1398
11 32 7196
11 34 4181
11 38 2646
11 40 4070
11 43 336
11 51 6661
11 67 1338
11 77 6233
11 79 5394
12 29 2841
12 33 3296
12 67 4592
12 70 4259
12 75 3026
12 77 2668
13 15 4716
13 19 3785
13 22 2282
13 31 7219
13 34 5576
13 39 1089
13 40 5844
13 46 3676
13 53 7022
13 56 4320
14 22 4630
14 32 7310
14 35 5373
14 36 7066
14 44 4207
14 49 4462
14 50 3896
14 54 1419
14 66 3005
14 67 2515
14 72 902
14 74 5363
14 76 5813
14 77 4100
15 22 3003
15 28 6388
15 31 3540
15 33 5594
15 38 6686
15 46 4077
15 58 5285
15 64 4896
15 65 3049
15 66 2797
15 69 5375
15 73 122
15 75 4481
15 76 1091
15 78 1688
16 17 5824
16 23 4072
16 27 4076
16 43 2579
16 47 205
16 48 193
16 55 3377
16 56 7163
16 57 1221
16 77 4157
17 20 5022
17 22 68
17 28 6832
17 29 6932
17 33 2249
17 37 843
17 43 4812
17 48 2775
17 49 5580
17 60 6961
17 62 2415
17 64 1385
17 73 5739
17 79 2844
18 34 3072
18 37 1460
18 38 731
18 49 1007
18 51 1320
18 52 688
18 57 3191
18 64 4764
18 78 3768
19 21 2165
19 32 7473
19 40 83
19 41 2601
19 44 5150
19 49 3178
19 66 5570
19 68 670
19 69 2274
19 71 7191
19 79 5824
20 23 4509
20 36 7449
20 41 6689
20 45 1340
20 47 6250
20 52 3781
20 57 6361
20 68 4170
20 71 7321
20 73 4922
20 76 4161
21 23 4178
21 25 4622
21 26 7145
21 30 476
21 32 6454
21 41 5513
21 46 3843
21 49 4237
21 51 2733
21 56 4957
21 62 2598
21 68 3972
21 71 84
22 25 854
22 29 5356
22 31 6805
22 51 6959
22 52 5765
22 53 4892
22 54 3676
22 60 6307
22 61 4317
22 65 4664
22 67 1686
22 77 506
22 79 4181
23 24 106
23 34 6782
23 38 4831
23 39 2853
23 52 4379
23 55 1428
23 62 1437
23 66 536
23 69 5760
24 25 6541
24 31 5556
24 50 1193
24 57 3146
24 65 4156
24 71 2671
24 79 6381
25 31 653
25 36 4191
25 39 5610
25 46 4369
25 56 4146
25 58 1591
25 72 509
25 77 3545
26 37 1455
26 40 5457
26 48 6734
26 53 857
26 56 4300
26 64 2985
26 66 7293
26 69 3356
26 75 2233
26 76 3241
26 78 2015
27 28 6315
27 31 2680
27 44 3337
27 50 2447
27 52 4462
27 56 5090
27 65 6763
27 76 2219
27 78 299
27 79 1869
28 32 3518
28 33 1827
28 35 4561
28 44 3269
28 47 4012
28 48 5345
28 50 5643
28 64 4720
28 65 7370
28 69 3744
28 71 5721
28 73 2417
28 74 2117
28 75 7286
29 34 3046
29 35 5501
29 52 1626
29 54 1435
29 58 3813
29 67 7469
29 69 107
29 70 2457
29 78 5676
30 33 6951
30 35 7114
30 44 1949
30 50 871
30 51 3179
30 55 4414
30 60 4616
30 61 1808
30 71 5349
30 74 1821
30 79 3559
31 36 5853
31 39 310
31 40 2109
31 50 6919
31 51 6651
31 57 2818
31 60 4932
31 70 2214
32 37 7443
32 51 2493
32 54 4706
32 58 4672
32 63 3164
32 64 7107
32 67 1305
32 68 5718
32 69 5403
33 35 6671
33 38 5691
33 39 3238
33 47 6108
33 49 4011
33 53 2906
33 54 1353
33 55 789
33 56 3186
33 57 1457
33 61 6273
33 68 706
34 45 1776
34 48 1799
34 49 7452
34 50 533
34 54 4242
34 57 1165
34 58 1500
34 61 33
34 70 2918
35 36 2144
35 41 1890
35 47 1317
35 50 5279
35 51 3492
35 53 6619
35 54 5321
35 56 1802
35 60 265
35 67 4434
35 70 6167
35 73 5542
35 75 6237
35 77 1029
35 79 5450
36 40 4403
36 43 6259
36 50 3281
36 54 2263
36 58 885
36 63 1180
36 65 5582
36 68 5191
36 69 3301
36 78 126
37 40 7071
37 44 6287
37 56 1224
37 65 3944
37 67 2367
37 68 2365
37 72 6973
37 79 219
38 40 294
38 43 5587
38 44 1270
38 49 6468
38 53 6209
38 55 5681
38 63 2916
38 64 5668
38 76 5383
39 46 7367
39 62 701
39 64 4935
39 72 5735
40 41 7459
40 46 3252
40 50 5717
40 66 1932
40 72 1522
40 75 655
40 76 1713
41 44 5603
41 51 354
41 52 888
41 53 6733
41 57 4775
41 59 7479
41 63 6683
41 66 125
41 67 3611
41 68 1734
42 44 4788
42 70 2756
42 71 4672
42 76 405
42 78 1290
43 45 5587
43 48 6211
43 51 4416
43 57 3952
43 58 1629
43 64 2929
43 66 4218
43 67 3508
43 76 5412
43 77 4626
44 46 498
44 52 5956
44 58 2045
44 60 5057
44 62 6779
44 72 3836
44 79 3838
45 47 2375
45 49 4419
45 60 6501
45 62 5420
45 66 3668
45 77 2906
45 78 3240
45 79 1445
46 48 1840
46 55 7333
46 57 7458
46 60 4697
46 67 472
46 68 6655
46 69 574
46 72 2439
46 75 2631
47 55 7366
47 59 3212
47 61 2366
47 65 7080
47 66 7310
47 68 1292
47 69 2885
47 70 5006
47 72 3271
47 75 1105
47 79 6064
48 53 4269
48 64 4169
48 68 3613
48 76 3627
49 51 1849
49 63 2385
49 66 3777
49 69 1839
49 75 6675
49 78 4480
50 51 3199
50 56 5158
50 59 5382
50 61 510
50 66 2008
50 71 2719
50 72 4558
50 74 1551
50 77 6328
51 67 6997
51 73 2094
52 53 1878
52 54 6517
52 58 1110
52 65 5292
52 72 7427
53 60 5193
53 64 5729
53 66 3521
53 71 2837
54 57 5569
54 58 6680
54 59 248
54 67 1711
54 72 2319
54 76 5710
55 59 2038
55 64 2247
55 65 2982
55 70 5144
55 72 6334
56 61 5908
56 66 3404
56 67 973
56 70 6424
56 77 6203
56 78 564
57 62 7072
57 67 551
57 68 669
57 79 3146
58 63 2754
58 69 4434
58 73 1289
58 74 4340
58 77 5667
59 61 2633
59 64 7010
59 66 990
59 78 2060
60 62 4671
60 77 4693
61 68 4945
61 79 7123
62 64 1087
62 67 285
62 77 6504
62 78 5633
63 68 500
63 73 2083
64 67 7031
64 68 2342
64 74 440
64 77 2574
65 71 3493
65 78 3919
66 67 5112
66 68 6413
66 74 5098
67 68 6402
67 69 4756
67 74 576
67 77 127
68 71 4276
69 70 5348
69 72 4249
69 74 246
70 73 1817
70 76 51
70 79 4375
71 72 2055
71 73 6023
71 74 280
71 77 5599
71 79 7022
72 75 2689
72 76 72
72 79 5047
73 74 3244
73 78 2842
73 79 7093
74 77 2058
74 79 3419
76 78 7472
