35 80 3160
6279 3042 3683 273 1902 650 5268 3719 1831 2554 5128 5363 1345 1409 4349 3418 5380 6580 2959 1293 3662 7436 4483 4408 1351 2490 5141 5936 1021 2453 2640 7299 4346 6322 6423
6247 6971 4190 2466 154 5595 6445 5516 6940 6705 2364 2857 3436 296 4668 4728 2809 3455 562 6068 4806 1903 3708 2093 2924 5013 4732 2722 710 2405 1645 6957 727 4686 774 880 2781 7218 6396 2220 6422 111 3928 2357 406 1095 5936 2066 4550 6497 634 707 899 3193 2799 2674 705 6382 4248 1415 1286 4744 7223 2012 1929 496 1744 4709 6565 6991 5780 5486 7101 2208 6694 6359 3302 5129 7276 6703
2977 409 7409 2727 3602 2707 5401 3158 1588 2148 3424 1725 6891 1998 3737 171 2493 4332 3732 409 3822 2011 5894 2274 4218 3939 1132 6372 419 908 5574 3395 168 4335 4974 2621 7041 1726 4631 7481 2725 6906 1705 2115 1404 4293 1137 2748 1124 4868 3157 3797 6879 402 6071 2448 4341 7202 1319 4759 6961 5745 7006 5981 2579 4479 1101 971 5056 5731 7303 280 5137 1508 1246 5392 4652 2382 639 5776
7250 2647 924 5480 3049 6994 427 6241 5548 598 3499 3860 5194 1856 2340 6624 5186 3441 94 2741 523 7397 3020 4511 256 4265 1254 4907 6647 745 2034 5248 3391 2958 3227 5291 1303 2505 4031 6850 3102 6382 2062 7147 737 4401 6270 5923 6693 5216 1163 6068 3964 3035 3078 3071 7299 3184 477 5297 3928 1363 3044 7318 3172 6270 5109 3326 127 491 2676 2080 6872 3589 1727 109 489 6848 4883 6034
4563 4897 4601 7378 431 6530 2948 6582 2213 2277 4378 6140 2491 7422 4810 4514 5043 1270 339 5169 1760 1866 7249 1132 5454 1475 92 4795 7174 4974 3328 3089 1222 6780 2966 1653 5809 4766 734 6874 5894 3963 4365 884 3884 1674 5397 279 1795 4587 5447 3555 6453 4047 3538 4406 4373 3629 1700 4047 7454 3879 7135 1175 3158 1452 1679 1467 5069 2412 840 3462 5227 5204 3197 1610 5730 7445 740 24
4532 6187 2430 3484 1585 5967 6741 5958 2095 941 1356 900 4819 7342 2075 477 1293 3753 795 6362 5017 486 1175 2743 5689 4372 3204 2770 4316 3944 2794 199 1482 5223 3682 3066 2542 2923 375 4636 2715 1730 5536 6385 423 6462 6861 1716 2714 6507 6929 6582 6992 603 1824 5181 3826 5028 6802 642 323 947 840 1804 5022 3374 3721 63 5148 4096 3550 362 4677 1585 5598 5100 6898 4959 5667 2112
3965 3947 1193 3457 4549 1869 7489 875 5748 5642 368 6070 6589 59 6725 4110 2284 2945 4172 7431 5892 221 6644 1921 658 4742 5872 55 1052 4038 1018 3868 484 1063 6176 3884 2931 5016 3610 30 3158 3977 6099 2246 2888 5323 5207 5171 7119 1878 3954 5511 950 3097 7431 1607 6690 5802 514 241 1191 1531 4109 526 2593 1636 4409 4375 6652 6871 3256 2309 3347 1854 3406 5086 6028 1112 2757 5647
1841 6710 3657 2790 1158 2439 4397 348 740 4910 6940 1930 5292 2400 2455 6737 4036 5715 2463 2039 5085 5719 4347 7284 72 6604 4869 4952 215 6477 1950 2055 4538 4458 3696 5696 6896 592 4895 6487 4353 3186 7268 2145 5586 2222 233 973 6788 2695 3011 3225 913 6209 3008 7337 5312 6728 4788 4378 5705 6737 6432 1594 3694 2627 6141 1941 2071 3535 927 5275 5573 694 6271 3658 1767 6503 4630 1054
1698 6492 4278 2610 5200 6137 1298 3011 5365 6085 7388 2421 4173 5171 4014 6718 6649 2655 1158 71 5041 936 5346 3113 1629 4116 5622 3395 3119 1603 3301 4816 594 6430 6277 5793 3919 75 1303 1783 5011 42 3055 536 5212 7068 7253 4361 1074 7263 4431 4967 698 1128 6931 1179 5244 3905 3425 862 5507 5577 4529 4953 4507 2157 3245 7277 2231 3400 1559 6094 3441 4613 6629 5 3032 5233 3217 2958
3847 6499 6776 4545 127 6206 5723 5370 2610 499 5083 6969 6076 2111 4421 1934 3119 6517 1710 5350 1268 3268 2795 4709 6732 775 3565 1115 6007 6781 2924 2354 5779 2199 5750 4757 905 2824 2626 2366 3322 6560 686 1897 22 3958 3830 3141 1827 5539 7342 3094 158 2636 6654 5741 3410 2718 6856 768 850 1131 3121 6629 3330 222 2737 3086 3045 5363 4303 6367 3274 4989 763 3296 298 3445 5288 2124
1483 5129 5218 1641 6616 3223 6233 1377 5941 4440 2144 6790 5571 4117 4770 1400 4338 7 4485 7383 4221 1287 6249 7494 5127 5863 2141 4277 1807 6280 6400 3290 3908 2969 3782 1875 6192 1366 3251 3484 5806 5395 2773 3876 863 6395 5275 5200 6401 1111 3934 1973 1249 2682 818 5228 7397 1811 2004 1703 590 7255 3844 3350 2724 6477 5224 267 343 975 3750 6148 5221 6522 2523 4935 4268 6649 2634 2020
259 6568 3992 359 601 4810 5586 497 5472 6441 2200 6061 6196 4895 1910 1419 3872 7134 537 4214 6960 4286 1713 3532 2159 3087 966 6427 2235 3599 946 1345 1518 3790 1703 2119 1099 6141 1467 6570 5081 2518 3982 3776 7413 5892 4046 3784 4377 4582 6849 3836 1367 1061 7367 2378 4147 7184 1304 5233 3282 1101 5429 3652 4890 5983 4622 4840 4623 6088 2761 1056 7458 6743 4831 7370 5134 229 2505 862
4810 1853 4697 5029 1765 3415 7406 4763 3098 61 2495 5231 1161 6775 1382 6051 5257 4855 3390 1232 2295 6151 2287 2252 4245 5969 2121 1878 6197 4625 2739 2359 5329 6287 6239 7093 1053 4996 3207 4150 5056 4553 732 5068 3827 2114 2470 1583 5820 5860 2814 614 3362 5100 2865 106 2421 3837 835 1117 7313 2425 2327 5141 63 1065 3585 1115 6060 6791 5264 2467 3843 5995 35 169 6960 2504 604 5280
7215 3417 4745 1928 7369 110 885 2289 3946 1719 2257 2611 2995 4584 251 3057 4500 2688 4171 1912 1978 786 4378 4673 5633 3264 3693 5092 5768 4296 1723 4334 6565 6468 6262 5285 5429 7146 73 1874 217 1181 4484 3211 4616 3587 5120 1616 6274 642 3527 7103 1428 404 4275 7060 3668 468 3503 787 4763 5226 5120 2679 3045 2733 463 973 1231 6887 1698 1447 568 5034 3509 5183 1120 1128 5650 6245
622 1676 5847 2049 932 2622 1608 3451 1941 5110 4237 5555 1687 708 734 4731 2293 1196 5703 3523 583 7401 4969 2 4934 7329 5184 4905 7309 3334 3649 430 3861 847 2478 4792 3468 2937 742 4260 6898 3830 2315 7437 3390 3048 4667 5682 4243 1722 1704 3677 1622 5524 3678 5407 5352 214 1663 5160 2399 5311 4441 5111 6157 5770 2403 977 1206 1996 5236 6956 4678 50 6892 567 1949 2910 6248 6192
4631 451 1220 5104 5974 3750 1862 2677 3963 3524 337 5213 186 3629 2823 5195 1899 4077 5023 1956 4925 2758 1411 2102 1660 802 2668 2460 2564 1415 3 7194 1865 1223 4798 6690 4972 6659 1866 286 1535 1054 4350 1720 4683 7172 6914 5433 2601 4436 7388 25 6046 1299 2126 6557 952 4793 1516 3515 5059 1519 2061 5775 1593 6858 4964 6564 4868 5681 5701 5254 6735 2550 6974 2769 1073 5239 701 2525
1027 588 2549 5924 738 3526 3832 542 818 5347 2908 5876 5717 4968 4150 6161 3177 465 4076 545 6146 2276 4650 4232 3677 4123 7000 3602 714 6552 6126 592 7139 27 6515 6729 3552 1698 7270 4370 5896 2677 1597 4113 6497 4599 2773 2173 3915 6849 1569 2560 476 6219 6791 3005 1693 5142 6606 2406 4193 5231 1849 2684 5257 7215 1912 1309 1412 533 4530 7308 2061 4978 2772 1057 928 4396 3230 3695
2596 4798 6254 1924 3516 4397 4928 4061 2038 4033 6466 5083 615 7167 266 4724 6881 2177 4884 7145 1561 765 6952 2473 4594 1075 3530 5522 5470 5611 1716 6918 1760 6821 1341 4128 2569 6268 688 4607 1652 6005 2189 2266 5671 1306 6989 3904 2334 3224 3548 3894 3988 1851 6366 1082 2925 1247 5455 7246 5709 7170 6663 7469 5342 6855 2948 411 5622 3635 3869 6125 991 4909 7243 6662 6214 6731 1917 1047
2455 5464 3792 5294 7314 1509 6375 1590 2756 4329 1335 7316 2850 6850 7284 692 6204 1583 7454 3178 5217 3822 1802 6208 1230 1544 4221 6295 7127 6137 7341 933 2952 2484 6226 1617 3992 3953 3206 5599 781 3392 5415 3631 2741 4050 3174 297 5633 3127 2326 2201 6948 2979 908 7029 3375 3980 5823 1853 1468 4515 2785 3271 6998 362 4887 2341 3166 6944 440 3947 1688 4706 6429 3280 1255 2102 3576 6887
5228 4753 1588 3527 232 1347 3055 3606 4179 229 5458 5646 3595 7094 269 1944 6307 5155 4284 1973 3451 3575 5919 3990 780 4847 7269 2035 5800 2197 273 3527 6949 712 5905 7180 911 311 2137 5089 539 94 2086 2985 7187 2354 4928 5994 6361 563 466 1163 4138 5236 5152 4917 1434 3772 5803 7233 5968 4928 2111 4269 5639 515 3948 6549 825 4937 2989 215 5030 5075 3199 3569 6280 6978 914 5140
6392 231 5154 3029 5466 2805 6798 5751 6577 3952 5483 3896 1379 6445 664 7018 5811 4612 4918 6635 900 407 5701 5929 4333 251 849 3112 7228 1762 7104 6119 1992 4757 500 6309 62 6149 3411 5490 2600 245 1885 3979 6689 2549 2348 4999 6012 7265 2985 6911 6523 1185 5339 3355 1435 5040 5319 14 6801 4922 6133 145 2178 5484 5305 2239 4132 1216 6580 6731 1460 965 2061 7001 3513 4408 4499 2024
3025 7484 1434 2047 20 5624 4254 307 3163 2072 320 1316 5845 5304 1460 522 3287 6764 1613 7418 6831 692 5501 7143 1656 61 6643 4020 3321 2493 6043 6345 2476 6328 7243 1348 4452 2848 1654 6466 3771 1973 281 2115 7277 592 2637 1915 6208 3101 685 5538 3792 6185 5180 4300 5097 3174 819 7269 5667 5714 6113 6994 4541 4708 841 344 55 2494 6810 2678 3319 5942 4792 1947 6534 6280 2713 5241
732 3397 2130 3376 933 6162 175 4882 1835 7345 4650 1 5558 2115 6995 1451 6822 335 1794 5728 1681 7455 905 3851 5897 4549 4649 3782 3328 7361 374 4060 2110 2503 7435 3042 1164 6461 6775 1851 5157 3925 1851 3215 6039 1345 3517 4212 532 5310 1291 1064 4117 2196 3766 1365 5596 914 5146 275 7126 5519 3186 1735 6873 1972 3629 537 932 1755 2387 6089 5679 3089 655 3069 3286 4171 6132 2669
832 7423 2584 4948 970 6349 6312 5417 6114 2809 5691 4591 827 1377 5178 6552 3348 1306 7088 4280 1912 826 1720 6443 2766 1226 863 6051 5396 6995 1219 5079 5769 3802 1379 5590 1502 190 3506 6467 1851 1696 3558 1529 1924 1235 580 5272 1392 6519 903 3303 6196 2622 2245 1462 2699 3108 6364 594 1454 6435 5672 6074 1588 5902 4163 3090 6092 6520 2056 6794 715 4465 822 2639 5699 254 6762 5942
6772 164 1745 5468 1637 2841 5781 4335 4800 4644 3780 5105 3578 803 3678 5166 6705 340 7107 4148 5711 1662 3441 6426 6127 3114 416 3177 3367 7177 1619 2639 6192 2215 6958 328 5055 5238 3514 1207 2381 7293 6311 4811 595 2489 2476 7299 1680 2082 2798 7391 2595 6238 5168 73 1852 4435 2102 5218 4111 3720 6708 1654 4786 6165 1981 1192 3902 5494 2398 5135 4138 61 2445 4732 1401 3772 3383 1932
5853 6180 674 7299 3770 5841 7372 5621 2775 1973 2190 5737 4544 250 6242 1829 6414 722 3020 1668 5067 4270 5654 1704 4330 6950 5288 5730 3221 22 6513 425 5053 7187 223 1322 5527 94 5794 7154 918 6836 4242 4313 7085 2984 6141 4850 2557 513 6517 6476 3634 3522 7031 6815 2971 3670 5044 6191 3691 4056 6615 1244 2594 6838 1417 621 5783 7211 6626 5553 6546 2219 1217 6130 4054 6210 3479 5463
6722 1348 4438 1707 3721 2820 1021 6692 6490 4916 4234 1532 323 2201 1627 2917 390 3044 2389 5024 1606 1514 3076 651 2584 3145 5632 6638 1854 462 4600 7427 661 389 1633 4382 3208 2653 2425 1049 68 5510 2581 390 210 4207 3306 599 6102 5694 5623 207 6059 50 857 1143 3194 5340 6632 3899 5802 2583 3825 5314 1823 5457 1047 3882 609 3471 4931 7028 1481 11 7418 542 3069 2075 1141 1671
6621 5615 1877 5179 4516 1586 5173 6562 5777 3156 2960 2930 4590 6785 744 6412 4741 1790 2794 4202 4113 224 3729 5593 6586 2498 4986 2154 4573 6126 2676 3693 3092 3405 223 108 4990 4248 5521 2118 7403 980 5048 3345 264 5791 2256 3857 6432 3901 558 3044 2976 3138 7488 2061 5636 4974 3067 2708 2451 4594 5252 5543 498 4326 4502 4339 1073 2522 6457 7328 3501 4004 2024 2617 1146 4279 5325 77
7032 4734 3121 2507 371 1960 3420 6006 6933 5338 65 1884 2431 4168 7426 1781 994 3279 6119 918 5800 5075 7097 652 430 1620 2120 1575 4751 7444 504 4282 4677 2476 5640 5048 4435 411 2405 2720 5748 2470 4603 7031 5489 3380 1311 6482 6658 7429 6252 4957 3856 5848 4460 4285 6320 6580 4712 3570 6523 4067 6703 2552 5394 3694 6451 2328 4105 207 5047 2352 1528 1001 1882 7017 3232 2044 4850 2389
1973 3601 6197 4680 801 3157 316 7120 2236 5027 2041 110 445 1243 1513 5838 4936 463 7018 392 670 3416 1596 2197 4417 3477 565 148 4373 5415 1389 6345 1515 85 3524 2315 2093 3839 786 3180 218 2826 2142 7014 2920 3654 5352 6708 2969 3721 7099 2490 7136 1194 3538 2904 3523 4103 1904 395 2017 3292 5591 2383 2228 466 4698 3173 3156 4335 6352 2225 7161 993 1739 1432 3499 5942 639 5319
2162 6590 308 1797 6635 3845 3553 2657 447 5456 1903 1315 1247 6345 3698 2326 6810 7247 5498 1318 4081 4350 3542 2593 4194 4132 4025 6544 2573 3515 4362 4734 1456 4669 5383 591 7366 1435 2099 6664 6890 4002 479 6988 1698 4176 1813 7360 2774 6163 1177 6854 1864 4718 799 4909 1350 3675 3953 2774 7189 814 6360 7497 4335 4242 587 4200 4528 2685 2215 2769 5538 2693 1108 7236 5720 1772 7095 7345
434 7123 6699 2297 4340 6349 7206 4541 2523 2510 7315 1063 2175 6174 1059 6509 1767 1645 2060 5146 3182 3127 414 1219 5819 1521 7306 2891 2144 5752 2735 2578 5374 785 3726 1066 7133 2283 4458 2155 4792 4272 2070 5819 1797 3128 3679 2415 4773 4591 60 6806 217 6825 6876 6035 7197 6682 277 1841 3785 3012 3270 511 2648 6995 1576 1133 630 6033 2139 4273 1657 4208 2591 2305 7336 6270 4720 3460
3360 3631 2765 3576 2956 992 962 2652 173 1239 3344 2810 3102 6613 3320 4601 4960 4895 5733 5589 2279 372 2361 3935 4579 4952 6240 3266 2573 2311 6725 5932 5941 841 859 1396 1833 1820 2900 857 1910 6243 3666 3863 4208 5837 7316 1667 2083 5548 7255 4362 5919 967 7148 1850 4770 4739 5115 7342 7049 3192 4625 4342 4032 5483 4589 4716 6155 7488 5573 564 5083 590 3279 642 6427 3094 2308 1009
1141 914 4222 5912 732 2722 6613 5502 7460 4227 5343 5861 7418 2468 2702 2802 450 7290 17 6604 6130 4441 6020 2564 5031 650 3205 2809 3743 5512 2669 3735 5277 6891 998 6008 2112 110 4009 923 3189 704 6783 1958 3171 836 4759 2472 626 3628 428 5607 6920 6447 670 4450 7096 3874 6110 2190 737 1279 5924 6013 7021 5774 4520 484 5883 7381 1406 1571 584 7041 2381 2606 6728 7139 5077 6205
2118 4356 4311 1538 2154 4980 4839 1749 1353 3449 2790 941 4727 66 6953 3099 5839 2825 3582 4221 1557 3839 4644 2140 3379 7024 3597 2607 5514 1173 1311 6484 4381 4474 521 6534 1953 4211 7135 2158 159 2424 3098 3737 2489 1403 6835 7179 3079 1768 2752 4635 5607 7395 6774 337 5770 2870 1795 2635 2894 1958 1618 6126 6431 990 5160 7235 5201 4794 744 4211 7217 2694 448 1058 4096 6134 736 7174
402 3487 3160 4860 2233 1285 5196 6854 3006 6991 841 5899 1448 1310 4525 6730 1152 1036 6464 6352 5829 6060 1914 4397 1253 1213 4306 4200 7347 5042 3873 6600 7380 5884 3959 965 7168 506 6670 2673 7496 10 7423 295 172 4447 5876 1323 4334 3692 6526 2662 2251 939 5911 3503 1004 2716 202 7202 257 2926 6301 6489 1309 1611 6305 976 2116 4326 3648 964 3188 3570 1258 3359 6869 7134 4681 3702
0 1 137
0 2 2489
0 3 958
0 4 4723
0 5 2077
0 6 1849
0 7 309
0 8 2804
0 9 2565
0 10 3682
0 11 6528
0 12 4508
0 13 3723
0 14 3445
0 15 6733
0 16 6986
0 17 7439
0 18 5356
0 19 5845
0 20 1998
0 21 466
0 22 464
0 23 1285
0 24 720
0 25 3681
0 26 5674
0 27 127
0 28 5086
0 29 1530
0 30 1932
0 31 5576
0 32 5335
0 33 1094
0 34 4113
0 35 4619
0 36 6211
0 37 1309
0 38 4709
0 39 1292
0 40 4146
0 41 33
0 42 6532
0 43 2704
0 44 2859
0 45 1702
0 46 3847
0 47 3911
0 48 4142
0 49 2574
0 50 3294
0 51 5716
0 52 3628
0 53 29
0 54 7321
0 55 3968
0 56 3996
0 57 5136
0 58 3011
0 59 4847
0 60 3424
0 61 864
0 62 6324
0 63 6654
0 64 1130
0 65 2570
0 66 1418
0 67 4131
0 68 5513
0 69 2437
0 70 2035
0 71 650
0 72 608
0 73 408
0 74 4976
0 75 7192
0 76 3153
0 77 5872
0 78 5328
0 79 2644
1 2 6751
1 3 1085
1 4 3703
1 5 3417
1 6 5930
1 7 7048
1 8 2461
1 9 6494
1 10 3686
1 11 4390
1 12 3507
1 13 7264
1 14 3487
1 15 7487
1 16 3160
1 17 5476
1 18 5548
1 19 783
1 20 1978
1 21 3464
1 22 256
1 23 7224
1 24 912
1 25 3487
1 26 4470
1 27 3462
1 28 3309
1 29 5988
1 30 213
1 31 5814
1 32 6308
1 33 4634
1 34 552
1 35 6104
1 36 7319
1 37 640
1 38 2782
1 39 493
1 40 5432
1 41 7142
1 42 2059
1 43 1729
1 44 5180
1 45 3515
1 46 3894
1 47 116
1 48 4468
1 49 4760
1 50 369
1 51 5251
1 52 3134
1 53 6612
1 54 6253
1 55 960
1 56 1286
1 57 5437
1 58 1408
1 59 64
1 60 5085
1 61 4479
1 62 3109
1 63 734
1 64 694
1 65 2798
1 66 208
1 67 100
1 68 6438
1 69 608
1 70 2870
1 71 726
1 72 7372
1 73 6352
1 74 3531
1 75 366
1 76 1344
1 77 6648
1 78 7141
1 79 3379
2 3 5374
2 4 6600
2 5 5575
2 6 273
2 7 3614
2 8 2203
2 9 1300
2 10 1990
2 11 6794
2 12 1302
2 13 6107
2 14 1642
2 15 4214
2 16 2105
2 17 7021
2 18 1891
2 19 1862
2 20 678
2 21 6541
2 22 4449
2 23 683
2 24 6840
2 25 6134
2 26 856
2 27 7374
2 28 5954
2 29 379
2 30 2486
2 31 7235
2 32 6149
2 33 1425
2 34 1853
2 35 1529
2 36 2075
2 37 2333
2 38 926
2 39 3377
2 40 1552
2 41 6799
2 42 6289
2 43 2268
2 44 2856
2 45 3689
2 46 6090
2 47 1284
2 48 382
2 49 4129
2 50 3698
2 51 3617
2 52 3930
2 53 2498
2 54 6667
2 55 2825
2 56 5588
2 57 828
2 58 6498
2 59 469
2 60 4593
2 61 4899
2 62 5284
2 63 4475
2 64 6593
2 65 6751
2 66 4465
2 67 5118
2 68 1315
2 69 3453
2 70 3693
2 71 50
2 72 6103
2 73 3859
2 74 1676
2 75 3510
2 76 6188
2 77 6005
2 78 4793
2 79 988
3 4 2935
3 5 3231
3 6 3105
3 7 7144
3 8 7316
3 9 2604
3 10 7077
3 11 1844
3 12 1234
3 13 7336
3 14 233
3 15 529
3 16 1956
3 17 595
3 18 865
3 19 836
3 20 672
3 21 3697
3 22 3767
3 23 4750
3 24 4140
3 25 3645
3 26 6562
3 27 5952
3 28 3690
3 29 908
3 30 483
3 31 546
3 32 5674
3 33 6889
3 34 1574
3 35 2836
3 36 1994
3 37 2576
3 38 75
3 39 7045
3 40 6030
3 41 5635
3 42 1177
3 43 3090
3 44 76
3 45 6492
3 46 4285
3 47 699
3 48 7029
3 49 1495
3 50 6662
3 51 1051
3 52 1065
3 53 5767
3 54 2304
3 55 4206
3 56 7353
3 57 3628
3 58 2981
3 59 3599
3 60 3213
3 61 2465
3 62 7330
3 63 1307
3 64 953
3 65 5665
3 66 4835
3 67 6473
3 68 545
3 69 5891
3 70 255
3 71 2533
3 72 1491
3 73 7487
3 74 5376
3 75 6378
3 76 3878
3 77 6289
3 78 2208
3 79 1918
4 5 1749
4 6 2125
4 7 4500
4 8 3834
4 9 4689
4 10 392
4 11 3671
4 12 3901
4 13 435
4 14 983
4 15 5176
4 16 3454
4 17 53
4 18 4112
4 19 41
4 20 5419
4 21 3814
4 22 6076
4 23 7493
4 24 4710
4 25 3485
4 26 975
4 27 5729
4 28 2520
4 29 5317
4 30 1029
4 31 3362
4 32 2249
4 33 4427
4 34 4526
4 35 2593
4 36 5108
4 37 1339
4 38 6071
4 39 4944
4 40 4863
4 41 6085
4 42 5786
4 43 915
4 44 679
4 45 3159
4 46 575
4 47 3892
4 48 137
4 49 535
4 50 5286
4 51 5958
4 52 884
4 53 5428
4 54 7479
4 55 438
4 56 2650
4 57 882
4 58 2186
4 59 592
4 60 6879
4 61 2275
4 62 1621
4 63 1628
4 64 5837
4 65 5271
4 66 2992
4 67 4218
4 68 1227
4 69 7386
4 70 2719
4 71 3750
4 72 4549
4 73 4007
4 74 4130
4 75 7302
4 76 7199
4 77 2314
4 78 5947
4 79 1927
5 6 2659
5 7 5608
5 8 2276
5 9 7229
5 10 1026
5 11 2411
5 12 5141
5 13 6816
5 14 994
5 15 274
5 16 6771
5 17 1132
5 18 7356
5 19 6639
5 20 5089
5 21 1436
5 22 5966
5 23 4749
5 24 5923
5 25 1947
5 26 1795
5 27 2044
5 28 1869
5 29 1623
5 30 3532
5 31 6838
5 32 823
5 33 6974
5 34 1617
5 35 5331
5 36 3732
5 37 4656
5 38 2864
5 39 1790
5 40 2936
5 41 7086
5 42 5797
5 43 3016
5 44 1839
5 45 732
5 46 5386
5 47 5875
5 48 6889
5 49 5738
5 50 515
5 51 4265
5 52 538
5 53 5295
5 54 1027
5 55 3539
5 56 1024
5 57 6396
5 58 3605
5 59 5837
5 60 5401
5 61 1017
5 62 6636
5 63 7198
5 64 2443
5 65 3584
5 66 6706
5 67 6056
5 68 620
5 69 848
5 70 2286
5 71 3313
5 72 6362
5 73 1480
5 74 2971
5 75 6762
5 76 5236
5 77 3009
5 78 6021
5 79 6951
6 7 6992
6 8 1625
6 9 2235
6 10 3644
6 11 2881
6 12 2204
6 13 229
6 14 6178
6 15 5428
6 16 1556
6 17 5178
6 18 621
6 19 6299
6 20 4988
6 21 5187
6 22 2338
6 23 7473
6 24 1080
6 25 2993
6 26 3912
6 27 566
6 28 95
6 29 1835
6 30 7383
6 31 4134
6 32 660
6 33 6311
6 34 3575
6 35 3761
6 36 132
6 37 5501
6 38 4978
6 39 6431
6 40 5383
6 41 983
6 42 4352
6 43 6761
6 44 1193
6 45 923
6 46 7209
6 47 6570
6 48 5718
6 49 500
6 50 1841
6 51 1706
6 52 4559
6 53 3292
6 54 1734
6 55 5796
6 56 1849
6 57 262
6 58 6030
6 59 850
6 60 6969
6 61 6002
6 62 4531
6 63 5897
6 64 1802
6 65 1096
6 66 2008
6 67 3317
6 68 211
6 69 6306
6 70 182
6 71 412
6 72 1583
6 73 5934
6 74 6546
6 75 6187
6 76 5111
6 77 4044
6 78 7462
6 79 2593
7 8 188
7 9 3109
7 10 4192
7 11 6464
7 12 4385
7 13 5198
7 14 1222
7 15 5448
7 16 5133
7 17 620
7 18 868
7 19 1544
7 20 1697
7 21 5822
7 22 6879
7 23 1125
7 24 2305
7 25 612
7 26 2009
7 27 2250
7 28 3696
7 29 3460
7 30 4407
7 31 5424
7 32 2992
7 33 5069
7 34 4201
7 35 40
7 36 4699
7 37 6407
7 38 4479
7 39 2494
7 40 3115
7 41 4631
7 42 1531
7 43 2869
7 44 5679
7 45 1494
7 46 5438
7 47 3476
7 48 4313
7 49 3639
7 50 6508
7 51 5762
7 52 7243
7 53 5486
7 54 2403
7 55 2355
7 56 2435
7 57 845
7 58 5218
7 59 6895
7 60 1392
7 61 3685
7 62 6657
7 63 6610
7 64 5908
7 65 2186
7 66 4130
7 67 6324
7 68 2819
7 69 5796
7 70 3639
7 71 943
7 72 5339
7 73 242
7 74 5499
7 75 4156
7 76 5727
7 77 5070
7 78 6352
7 79 6056
8 9 4631
8 10 1026
8 11 40
8 12 2835
8 13 3010
8 14 6931
8 15 6983
8 16 2925
8 17 1011
8 18 4433
8 19 505
8 20 4750
8 21 280
8 22 1319
8 23 4202
8 24 2742
8 25 6967
8 26 295
8 27 1321
8 28 67
8 29 1962
8 30 2330
8 31 5074
8 32 2822
8 33 7272
8 34 3945
8 35 842
8 36 4212
8 37 1218
8 38 6603
8 39 4255
8 40 3307
8 41 3316
8 42 7282
8 43 4434
8 44 317
8 45 5698
8 46 5543
8 47 401
8 48 7059
8 49 6970
8 50 6800
8 51 3550
8 52 6635
8 53 392
8 54 6741
8 55 5285
8 56 6071
8 57 3852
8 58 4587
8 59 4553
8 60 6031
8 61 6402
8 62 3724
8 63 2641
8 64 5825
8 65 6786
8 66 124
8 67 7487
8 68 5305
8 69 2699
8 70 2729
8 71 4796
8 72 435
8 73 6003
8 74 783
8 75 128
8 76 4656
8 77 1090
8 78 4682
8 79 3014
9 10 2396
9 11 6983
9 12 2837
9 13 629
9 14 5051
9 15 1741
9 16 2662
9 17 430
9 18 6534
9 19 4672
9 20 839
9 21 5481
9 22 2680
9 23 4077
9 24 504
9 25 1720
9 26 740
9 27 4271
9 28 5874
9 29 1920
9 30 5930
9 31 1407
9 32 1548
9 33 1890
9 34 5972
9 35 397
9 36 3860
9 37 2507
9 38 3799
9 39 5253
9 40 5025
9 41 4905
9 42 7025
9 43 7044
9 44 3130
9 45 6526
9 46 2828
9 47 1501
9 48 1120
9 49 4956
9 50 2450
9 51 5252
9 52 1433
9 53 1905
9 54 5694
9 55 6089
9 56 5480
9 57 5538
9 58 2872
9 59 605
9 60 4249
9 61 6411
9 62 6415
9 63 2802
9 64 2652
9 65 7125
9 66 3314
9 67 466
9 68 2838
9 69 181
9 70 878
9 71 1953
9 72 7465
9 73 1564
9 74 3923
9 75 188
9 76 7003
9 77 6598
9 78 5860
9 79 5950
10 11 1009
10 12 4964
10 13 654
10 14 6771
10 15 6651
10 16 3374
10 17 3423
10 18 5237
10 19 4167
10 20 3927
10 21 6672
10 22 112
10 23 2064
10 24 3442
10 25 1109
10 26 286
10 27 4021
10 28 5290
10 29 882
10 30 665
10 31 1715
10 32 6411
10 33 715
10 34 7376
10 35 2299
10 36 3174
10 37 6769
10 38 5348
10 39 2495
10 40 6959
10 41 7236
10 42 3423
10 43 2697
10 44 930
10 45 3475
10 46 1313
10 47 3335
10 48 1678
10 49 3222
10 50 6634
10 51 3059
10 52 4694
10 53 4444
10 54 1363
10 55 385
10 56 7096
10 57 5769
10 58 2729
10 59 3081
10 60 2247
10 61 1808
10 62 3096
10 63 1487
10 64 6895
10 65 2882
10 66 1580
10 67 6038
10 68 5971
10 69 6517
10 70 123
10 71 7005
10 72 4725
10 73 1588
10 74 5091
10 75 1315
10 76 2576
10 77 7452
10 78 7115
10 79 7000
11 12 4998
11 13 2740
11 14 7172
11 15 3053
11 16 1963
11 17 4326
11 18 6673
11 19 655
11 20 456
11 21 2702
11 22 5763
11 23 1938
11 24 5989
11 25 4212
11 26 2179
11 27 2316
11 28 4943
11 29 5104
11 30 5185
11 31 1608
11 32 428
11 33 6935
11 34 1116
11 35 1202
11 36 1184
11 37 4820
11 38 5623
11 39 6635
11 40 7498
11 41 7418
11 42 4761
11 43 1852
11 44 6141
11 45 5669
11 46 5315
11 47 1175
11 48 4562
11 49 4195
11 50 7050
11 51 4951
11 52 650
11 53 6530
11 54 1526
11 55 1735
11 56 6714
11 57 2552
11 58 2737
11 59 3880
11 60 2710
11 61 4053
11 62 7029
11 63 5119
11 64 4688
11 65 7470
11 66 7208
11 67 3822
11 68 7189
11 69 5481
11 70 7367
11 71 441
11 72 6570
11 73 757
11 74 6247
11 75 2035
11 76 5536
11 77 7184
11 78 2666
11 79 505
12 13 5466
12 14 1794
12 15 5393
12 16 3234
12 17 6169
12 18 2851
12 19 6132
12 20 2818
12 21 5135
12 22 7007
12 23 710
12 24 3040
12 25 6481
12 26 3809
12 27 6377
12 28 5555
12 29 3639
12 30 7219
12 31 3166
12 32 4316
12 33 3017
12 34 6721
12 35 1808
12 36 5701
12 37 5612
12 38 2174
12 39 5600
12 40 5065
12 41 6789
12 42 3930
12 43 3390
12 44 1359
12 45 683
12 46 6262
12 47 2881
12 48 5681
12 49 1594
12 50 6397
12 51 5791
12 52 547
12 53 1156
12 54 2722
12 55 6786
12 56 391
12 57 6863
12 58 1942
12 59 5155
12 60 1131
12 61 3230
12 62 7388
12 63 1821
12 64 2211
12 65 673
12 66 3371
12 67 4556
12 68 2864
12 69 5490
12 70 2670
12 71 3574
12 72 1052
12 73 5083
12 74 4539
12 75 3997
12 76 6277
12 77 4413
12 78 3540
12 79 1935
13 14 6202
13 15 5709
13 16 1569
13 17 4842
13 18 6179
13 19 1368
13 20 5309
13 21 2111
13 22 6729
13 23 7056
13 24 1281
13 25 7140
13 26 2130
13 27 5072
13 28 6840
13 29 2771
13 30 965
13 31 6466
13 32 2595
13 33 4669
13 34 5489
13 35 325
13 36 1182
13 37 7360
13 38 2128
13 39 1881
13 40 671
13 41 1169
13 42 3276
13 43 6173
13 44 4599
13 45 657
13 46 126
13 47 5800
13 48 1132
13 49 1697
13 50 357
13 51 120
13 52 3309
13 53 7151
13 54 3449
13 55 6548
13 56 1904
13 57 5772
13 58 5309
13 59 294
13 60 4739
13 61 4525
13 62 5775
13 63 6435
13 64 4645
13 65 3729
13 66 1505
13 67 4242
13 68 382
13 69 452
13 70 5423
13 71 6802
13 72 4920
13 73 3857
13 74 868
13 75 2838
13 76 2804
13 77 673
13 78 1538
13 79 5688
14 15 5443
14 16 2534
14 17 3468
14 18 1963
14 19 2019
14 20 6531
14 21 7117
14 22 4971
14 23 2256
14 24 6115
14 25 3180
14 26 6433
14 27 166
14 28 5913
14 29 4417
14 30 385
14 31 3719
14 32 7009
14 33 6249
14 34 1239
14 35 1588
14 36 5911
14 37 3805
14 38 3444
14 39 1263
14 40 5739
14 41 1214
14 42 2925
14 43 3129
14 44 3082
14 45 1992
14 46 107
14 47 2939
14 48 3100
14 49 7437
14 50 1305
14 51 1163
14 52 6784
14 53 7152
14 54 82
14 55 2490
14 56 5357
14 57 1844
14 58 5082
14 59 6174
14 60 2720
14 61 1832
14 62 4079
14 63 1292
14 64 5309
14 65 1720
14 66 455
14 67 4032
14 68 5552
14 69 170
14 70 3450
14 71 2806
14 72 5213
14 73 7290
14 74 972
14 75 1160
14 76 4332
14 77 4220
14 78 5465
14 79 6940
15 16 4442
15 17 89
15 18 1745
15 19 2338
15 20 304
15 21 3134
15 22 4017
15 23 3910
15 24 1939
15 25 2227
15 26 7366
15 27 4304
15 28 4081
15 29 3958
15 30 4237
15 31 1873
15 32 3409
15 33 4925
15 34 6082
15 35 2653
15 36 1121
15 37 341
15 38 3076
15 39 5719
15 40 4504
15 41 5627
15 42 2683
15 43 6269
15 44 8
15 45 5364
15 46 4976
15 47 5421
15 48 1698
15 49 2592
15 50 1460
15 51 4367
15 52 2382
15 53 5421
15 54 6660
15 55 675
15 56 2936
15 57 6884
15 58 5287
15 59 2585
15 60 6082
15 61 2038
15 62 6537
15 63 996
15 64 1656
15 65 7364
15 66 1332
15 67 3398
15 68 288
15 69 6874
15 70 3809
15 71 813
15 72 2906
15 73 2566
15 74 3552
15 75 5986
15 76 4450
15 77 4542
15 78 5686
15 79 4219
16 17 476
16 18 7011
16 19 6015
16 20 3224
16 21 3078
16 22 3452
16 23 349
16 24 4982
16 25 2164
16 26 2798
16 27 4049
16 28 6700
16 29 7010
16 30 3336
16 31 629
16 32 2739
16 33 692
16 34 615
16 35 4009
16 36 4360
16 37 5287
16 38 5324
16 39 2279
16 40 6593
16 41 556
16 42 2657
16 43 2024
16 44 3306
16 45 4448
16 46 4432
16 47 4398
16 48 3885
16 49 7123
16 50 4295
16 51 7189
16 52 921
16 53 6668
16 54 7165
16 55 6753
16 56 5889
16 57 6998
16 58 2116
16 59 1753
16 60 759
16 61 4561
16 62 332
16 63 1416
16 64 5399
16 65 67
16 66 2373
16 67 1050
16 68 2433
16 69 889
16 70 516
16 71 7206
16 72 5153
16 73 5152
16 74 5928
16 75 5189
16 76 3308
16 77 2080
16 78 1412
16 79 6707
17 18 3385
17 19 6707
17 20 3083
17 21 1550
17 22 6825
17 23 5315
17 24 6635
17 25 3947
17 26 3075
17 27 1759
17 28 7354
17 29 7040
17 30 5753
17 31 4504
17 32 3965
17 33 4177
17 34 686
17 35 5607
17 36 2491
17 37 6986
17 38 6150
17 39 6859
17 40 2320
17 41 6126
17 42 3755
17 43 4599
17 44 6184
17 45 5621
17 46 3460
17 47 2951
17 48 5185
17 49 6126
17 50 1862
17 51 7341
17 52 443
17 53 2722
17 54 4126
17 55 2079
17 56 4237
17 57 894
17 58 7441
17 59 2951
17 60 7334
17 61 763
17 62 1399
17 63 921
17 64 2191
17 65 2657
17 66 1481
17 67 4959
17 68 675
17 69 6219
17 70 1112
17 71 300
17 72 6706
17 73 3543
17 74 4389
17 75 4121
17 76 5268
17 77 5218
17 78 7447
17 79 3454
18 19 4536
18 20 3893
18 21 6311
18 22 6792
18 23 383
18 24 841
18 25 5159
18 26 4546
18 27 37
18 28 2361
18 29 4785
18 30 7498
18 31 2715
18 32 5774
18 33 2706
18 34 2502
18 35 5541
18 36 5757
18 37 5448
18 38 1540
18 39 1910
18 40 5029
18 41 2373
18 42 1636
18 43 6718
18 44 5686
18 45 1829
18 46 4257
18 47 2250
18 48 4908
18 49 3109
18 50 3548
18 51 4006
18 52 4352
18 53 5704
18 54 5487
18 55 7123
18 56 4884
18 57 1645
18 58 3256
18 59 3015
18 60 3715
18 61 5975
18 62 7089
18 63 705
18 64 3383
18 65 3256
18 66 3814
18 67 1234
18 68 566
18 69 4260
18 70 4753
18 71 5623
18 72 4729
18 73 1155
18 74 628
18 75 776
18 76 6715
18 77 2516
18 78 5178
18 79 2151
19 20 5886
19 21 490
19 22 4019
19 23 6920
19 24 6363
19 25 839
19 26 6412
19 27 4603
19 28 5079
19 29 2975
19 30 129
19 31 251
19 32 1852
19 33 4497
19 34 4839
19 35 6941
19 36 3405
19 37 1978
19 38 6857
19 39 2210
19 40 5075
19 41 7038
19 42 861
19 43 6478
19 44 100
19 45 1849
19 46 3406
19 47 3626
19 48 3717
19 49 2490
19 50 4973
19 51 1982
19 52 7064
19 53 7151
19 54 5356
19 55 2344
19 56 2612
19 57 4621
19 58 3725
19 59 7114
19 60 3254
19 61 1756
19 62 3561
19 63 2120
19 64 3707
19 65 7184
19 66 5391
19 67 908
19 68 4476
19 69 2726
19 70 122
19 71 1818
19 72 5802
19 73 5056
19 74 239
19 75 5849
19 76 4983
19 77 356
19 78 3189
19 79 7172
20 21 5936
20 22 6926
20 23 6223
20 24 1279
20 25 6096
20 26 2086
20 27 425
20 28 302
20 29 544
20 30 751
20 31 230
20 32 1978
20 33 4407
20 34 5107
20 35 3660
20 36 5842
20 37 2984
20 38 5920
20 39 3304
20 40 1461
20 41 1406
20 42 6968
20 43 6300
20 44 556
20 45 2829
20 46 6476
20 47 5610
20 48 7123
20 49 2138
20 50 1463
20 51 859
20 52 6743
20 53 1626
20 54 3252
20 55 1416
20 56 6828
20 57 7109
20 58 3503
20 59 4915
20 60 4102
20 61 3069
20 62 1006
20 63 1735
20 64 3693
20 65 4208
20 66 7373
20 67 1514
20 68 6612
20 69 1981
20 70 6921
20 71 5927
20 72 5068
20 73 3895
20 74 1647
20 75 3981
20 76 5608
20 77 6529
20 78 726
20 79 6092
21 22 3487
21 23 6129
21 24 5569
21 25 177
21 26 2133
21 27 5895
21 28 4404
21 29 5505
21 30 1207
21 31 1894
21 32 911
21 33 7453
21 34 4274
21 35 4483
21 36 4948
21 37 7120
21 38 2430
21 39 1996
21 40 3594
21 41 2882
21 42 3181
21 43 4983
21 44 3300
21 45 2055
21 46 3737
21 47 5063
21 48 1173
21 49 1369
21 50 1699
21 51 648
21 52 5482
21 53 5283
21 54 3719
21 55 6112
21 56 802
21 57 4390
21 58 1620
21 59 4065
21 60 3710
21 61 7129
21 62 271
21 63 3444
21 64 1057
21 65 4593
21 66 7220
21 67 753
21 68 4360
21 69 4463
21 70 4665
21 71 390
21 72 4567
21 73 799
21 74 5502
21 75 1309
21 76 1186
21 77 508
21 78 4479
21 79 604
22 23 6467
22 24 7141
22 25 2936
22 26 2738
22 27 4132
22 28 6725
22 29 2774
22 30 5613
22 31 3244
22 32 2581
22 33 2625
22 34 1807
22 35 3677
22 36 2971
22 37 5116
22 38 5041
22 39 121
22 40 1620
22 41 2778
22 42 555
22 43 2909
22 44 7056
22 45 5744
22 46 4373
22 47 2930
22 48 1583
22 49 2194
22 50 717
22 51 4554
22 52 4229
22 53 6112
22 54 5104
22 55 5303
22 56 640
22 57 1284
22 58 7489
22 59 7325
22 60 2374
22 61 3564
22 62 5907
22 63 3904
22 64 3399
22 65 1082
22 66 2171
22 67 5505
22 68 6657
22 69 7021
22 70 1700
22 71 38
22 72 4254
22 73 2385
22 74 4366
22 75 1490
22 76 5482
22 77 2541
22 78 1749
22 79 2729
23 24 2745
23 25 6966
23 26 7150
23 27 1518
23 28 438
23 29 769
23 30 3564
23 31 2180
23 32 979
23 33 3411
23 34 4477
23 35 2287
23 36 156
23 37 5198
23 38 2623
23 39 4756
23 40 1940
23 41 485
23 42 6895
23 43 6746
23 44 744
23 45 7173
23 46 6024
23 47 4625
23 48 5268
23 49 2550
23 50 3139
23 51 3554
23 52 1014
23 53 2902
23 54 528
23 55 354
23 56 3230
23 57 2908
23 58 1693
23 59 160
23 60 6223
23 61 6743
23 62 536
23 63 1952
23 64 958
23 65 6899
23 66 688
23 67 5093
23 68 3054
23 69 4189
23 70 7003
23 71 4900
23 72 5380
23 73 1912
23 74 6517
23 75 860
23 76 755
23 77 2485
23 78 1673
23 79 5945
24 25 288
24 26 5577
24 27 5998
24 28 379
24 29 1367
24 30 5132
24 31 1609
24 32 157
24 33 6894
24 34 5412
24 35 2991
24 36 3649
24 37 5224
24 38 2739
24 39 772
24 40 877
24 41 4230
24 42 7237
24 43 7326
24 44 3130
24 45 3534
24 46 7265
24 47 996
24 48 3481
24 49 841
24 50 5151
24 51 5366
24 52 5280
24 53 5135
24 54 1337
24 55 6905
24 56 4668
24 57 18
24 58 4066
24 59 3370
24 60 7387
24 61 6808
24 62 3396
24 63 5924
24 64 5895
24 65 5972
24 66 799
24 67 2547
24 68 5779
24 69 5448
24 70 3790
24 71 680
24 72 7338
24 73 4212
24 74 5744
24 75 2450
24 76 4688
24 77 4133
24 78 7263
24 79 6312
25 26 7024
25 27 6906
25 28 7472
25 29 5252
25 30 7337
25 31 4217
25 32 551
25 33 2287
25 34 3297
25 35 3143
25 36 3135
25 37 6022
25 38 6200
25 39 7258
25 40 1766
25 41 1822
25 42 2203
25 43 6815
25 44 883
25 45 6776
25 46 6617
25 47 900
25 48 7240
25 49 5259
25 50 7388
25 51 3428
25 52 4196
25 53 2196
25 54 1159
25 55 6560
25 56 521
25 57 3065
25 58 960
25 59 3750
25 60 5797
25 61 264
25 62 5369
25 63 3432
25 64 2053
25 65 5847
25 66 942
25 67 3813
25 68 280
25 69 6883
25 70 461
25 71 4362
25 72 5675
25 73 2557
25 74 8
25 75 5031
25 76 7034
25 77 2070
25 78 4160
25 79 213
26 27 4395
26 28 651
26 29 5538
26 30 677
26 31 1824
26 32 7254
26 33 4853
26 34 2117
26 35 1744
26 36 6216
26 37 1182
26 38 6408
26 39 391
26 40 4469
26 41 4181
26 42 3262
26 43 2093
26 44 5263
26 45 6079
26 46 4798
26 47 4849
26 48 2686
26 49 6370
26 50 2931
26 51 7179
26 52 1216
26 53 5391
26 54 427
26 55 6303
26 56 1683
26 57 929
26 58 4058
26 59 207
26 60 2002
26 61 5462
26 62 5539
26 63 1553
26 64 3863
26 65 3230
26 66 5091
26 67 6143
26 68 2619
26 69 4133
26 70 18
26 71 5645
26 72 5918
26 73 5495
26 74 7297
26 75 1999
26 76 3339
26 77 6300
26 78 1623
26 79 953
27 28 4830
27 29 2482
27 30 5941
27 31 77
27 32 2862
27 33 1808
27 34 7144
27 35 3431
27 36 5376
27 37 4592
27 38 7126
27 39 4673
27 40 4255
27 41 2045
27 42 380
27 43 1565
27 44 4882
27 45 128
27 46 4023
27 47 3232
27 48 3265
27 49 1114
27 50 3843
27 51 5024
27 52 4821
27 53 4594
27 54 58
27 55 5114
27 56 1794
27 57 1540
27 58 358
27 59 7381
27 60 6002
27 61 7412
27 62 5416
27 63 7111
27 64 5886
27 65 643
27 66 2972
27 67 1651
27 68 281
27 69 3590
27 70 5714
27 71 3501
27 72 6064
27 73 1032
27 74 6996
27 75 3011
27 76 6124
27 77 6873
27 78 3768
27 79 2922
28 29 4911
28 30 3234
28 31 582
28 32 674
28 33 2479
28 34 6404
28 35 4317
28 36 5904
28 37 5148
28 38 652
28 39 5551
28 40 1491
28 41 4287
28 42 5917
28 43 5050
28 44 412
28 45 2606
28 46 1694
28 47 6232
28 48 2901
28 49 5482
28 50 7106
28 51 1911
28 52 5178
28 53 3796
28 54 3052
28 55 7195
28 56 3724
28 57 1961
28 58 2240
28 59 1183
28 60 822
28 61 5147
28 62 4679
28 63 3734
28 64 3939
28 65 7086
28 66 4014
28 67 6757
28 68 7406
28 69 5224
28 70 2602
28 71 4055
28 72 252
28 73 7317
28 74 4377
28 75 5141
28 76 2491
28 77 6565
28 78 4368
28 79 4951
29 30 3365
29 31 2054
29 32 4883
29 33 6773
29 34 2066
29 35 4301
29 36 7118
29 37 1196
29 38 6870
29 39 2359
29 40 7215
29 41 296
29 42 6841
29 43 7077
29 44 7362
29 45 1070
29 46 6766
29 47 808
29 48 3285
29 49 6640
29 50 2279
29 51 221
29 52 4294
29 53 617
29 54 1280
29 55 5114
29 56 7030
29 57 902
29 58 1325
29 59 282
29 60 1560
29 61 3263
29 62 3326
29 63 3824
29 64 1853
29 65 2164
29 66 5254
29 67 4880
29 68 1504
29 69 3415
29 70 6175
29 71 1480
29 72 2992
29 73 3427
29 74 562
29 75 3205
29 76 2763
29 77 2945
29 78 741
29 79 2901
30 31 1083
30 32 5577
30 33 5153
30 34 7236
30 35 7303
30 36 791
30 37 733
30 38 3034
30 39 3503
30 40 6892
30 41 371
30 42 5037
30 43 6767
30 44 572
30 45 4953
30 46 2601
30 47 6241
30 48 3724
30 49 2484
30 50 1900
30 51 4312
30 52 7115
30 53 2664
30 54 119
30 55 6811
30 56 1581
30 57 7310
30 58 518
30 59 4802
30 60 5435
30 61 2266
30 62 5993
30 63 63
30 64 3750
30 65 4526
30 66 2536
30 67 6043
30 68 5232
30 69 2502
30 70 6223
30 71 3712
30 72 6697
30 73 4624
30 74 1449
30 75 4860
30 76 1882
30 77 6270
30 78 5834
30 79 1442
31 32 6582
31 33 6583
31 34 6156
31 35 2618
31 36 4034
31 37 1738
31 38 5783
31 39 1911
31 40 6674
31 41 1249
31 42 6162
31 43 5208
31 44 3436
31 45 6121
31 46 513
31 47 3851
31 48 6030
31 49 62
31 50 4614
31 51 7424
31 52 6650
31 53 3903
31 54 4814
31 55 6466
31 56 2550
31 57 1164
31 58 5174
31 59 606
31 60 552
31 61 1730
31 62 5640
31 63 5861
31 64 6218
31 65 6558
31 66 6304
31 67 4478
31 68 6994
31 69 6940
31 70 4397
31 71 4849
31 72 6120
31 73 657
31 74 3734
31 75 2606
31 76 6840
31 77 3052
31 78 1268
31 79 500
32 33 3889
32 34 2167
32 35 4889
32 36 4701
32 37 6377
32 38 5244
32 39 2546
32 40 1571
32 41 7455
32 42 2661
32 43 1193
32 44 4529
32 45 2102
32 46 3215
32 47 6696
32 48 2205
32 49 974
32 50 2333
32 51 2367
32 52 448
32 53 3673
32 54 2220
32 55 5987
32 56 6234
32 57 4869
32 58 7333
32 59 5513
32 60 4297
32 61 3294
32 62 2334
32 63 2576
32 64 2129
32 65 1408
32 66 763
32 67 3994
32 68 3869
32 69 3456
32 70 4088
32 71 1230
32 72 6735
32 73 1919
32 74 3511
32 75 2280
32 76 6396
32 77 6670
32 78 4618
32 79 4618
33 34 4146
33 35 3707
33 36 1152
33 37 2673
33 38 5569
33 39 2460
33 40 570
33 41 3829
33 42 7490
33 43 4075
33 44 4530
33 45 2660
33 46 2131
33 47 3506
33 48 2426
33 49 4845
33 50 5500
33 51 1683
33 52 6454
33 53 3023
33 54 2984
33 55 5530
33 56 6874
33 57 1061
33 58 5309
33 59 1715
33 60 2840
33 61 3466
33 62 3907
33 63 4217
33 64 6446
33 65 5403
33 66 316
33 67 2448
33 68 2793
33 69 2644
33 70 1155
33 71 680
33 72 235
33 73 5094
33 74 5726
33 75 5584
33 76 1386
33 77 6035
33 78 7372
33 79 4124
34 35 2017
34 36 965
34 37 6815
34 38 1601
34 39 6585
34 40 6734
34 41 2621
34 42 5970
34 43 505
34 44 4953
34 45 1724
34 46 7296
34 47 3436
34 48 7253
34 49 6285
34 50 975
34 51 3605
34 52 1985
34 53 3055
34 54 3878
34 55 5533
34 56 82
34 57 1877
34 58 63
34 59 7319
34 60 7463
34 61 6902
34 62 2354
34 63 3292
34 64 4996
34 65 3685
34 66 1729
34 67 4465
34 68 1561
34 69 5001
34 70 7363
34 71 7401
34 72 1389
34 73 4847
34 74 3010
34 75 5317
34 76 3910
34 77 434
34 78 5259
34 79 6073
35 36 3504
35 37 5279
35 38 899
35 39 296
35 40 1115
35 41 5600
35 42 7181
35 43 7272
35 44 6129
35 45 1372
35 46 6987
35 47 2314
35 48 1610
35 49 7364
35 50 4175
35 51 6177
35 52 5897
35 53 3114
35 54 5051
35 55 6957
35 56 6409
35 57 4845
35 58 1909
35 59 6011
35 60 6938
35 61 7379
35 62 4274
35 63 25
35 64 2642
35 65 2955
35 66 2379
35 67 4697
35 68 4439
35 69 6422
35 70 2571
35 71 5857
35 72 3435
35 73 6420
35 74 5520
35 75 4731
35 76 3664
35 77 1586
35 78 4504
35 79 5172
36 37 5553
36 38 3016
36 39 1110
36 40 1206
36 41 5726
36 42 5240
36 43 6006
36 44 7479
36 45 4500
36 46 6134
36 47 2680
36 48 6328
36 49 4529
36 50 4483
36 51 7226
36 52 5233
36 53 485
36 54 5709
36 55 6164
36 56 4845
36 57 4745
36 58 4037
36 59 5031
36 60 4041
36 61 1765
36 62 3400
36 63 2594
36 64 990
36 65 344
36 66 6357
36 67 6478
36 68 4199
36 69 4837
36 70 7407
36 71 5877
36 72 6741
36 73 6186
36 74 5223
36 75 4996
36 76 3449
36 77 2141
36 78 1407
36 79 5632
37 38 2059
37 39 6720
37 40 3748
37 41 5004
37 42 4011
37 43 557
37 44 2395
37 45 6372
37 46 2054
37 47 2617
37 48 6477
37 49 390
37 50 3428
37 51 6977
37 52 4967
37 53 4934
37 54 2435
37 55 6792
37 56 1201
37 57 5480
37 58 3190
37 59 6832
37 60 4969
37 61 6071
37 62 963
37 63 5649
37 64 5355
37 65 1216
37 66 7420
37 67 4967
37 68 5800
37 69 2115
37 70 6552
37 71 5767
37 72 3404
37 73 3167
37 74 2283
37 75 3529
37 76 5904
37 77 5625
37 78 990
37 79 5657
38 39 1163
38 40 125
38 41 64
38 42 3673
38 43 6343
38 44 4300
38 45 3749
38 46 2202
38 47 6312
38 48 3949
38 49 5570
38 50 6049
38 51 7279
38 52 1044
38 53 5649
38 54 5963
38 55 6072
38 56 5598
38 57 1382
38 58 2201
38 59 5260
38 60 3321
38 61 417
38 62 12
38 63 2243
38 64 5526
38 65 1640
38 66 1989
38 67 7098
38 68 1038
38 69 1084
38 70 3410
38 71 3291
38 72 4641
38 73 2128
38 74 3747
38 75 4692
38 76 247
38 77 3941
38 78 3188
38 79 1921
39 40 4199
39 41 4139
39 42 3829
39 43 571
39 44 6687
39 45 3218
39 46 160
39 47 4102
39 48 2531
39 49 1844
39 50 4967
39 51 3547
39 52 1846
39 53 3174
39 54 2726
39 55 3951
39 56 5
39 57 3315
39 58 2029
39 59 1199
39 60 4390
39 61 2662
39 62 1127
39 63 7052
39 64 4343
39 65 137
39 66 5633
39 67 3578
39 68 1375
39 69 2715
39 70 3197
39 71 2376
39 72 3810
39 73 7035
39 74 926
39 75 4757
39 76 2853
39 77 67
39 78 5533
39 79 136
40 41 6216
40 42 740
40 43 1659
40 44 2029
40 45 3569
40 46 5985
40 47 464
40 48 2466
40 49 4253
40 50 1463
40 51 437
40 52 696
40 53 4988
40 54 7267
40 55 5583
40 56 3099
40 57 5378
40 58 6349
40 59 655
40 60 1421
40 61 2176
40 62 1192
40 63 4820
40 64 5764
40 65 3361
40 66 4453
40 67 4796
40 68 7085
40 69 3613
40 70 3007
40 71 4457
40 72 3696
40 73 1295
40 74 721
40 75 7476
40 76 3876
40 77 7249
40 78 3643
40 79 6427
41 42 4991
41 43 484
41 44 4935
41 45 5942
41 46 4118
41 47 2722
41 48 2600
41 49 4581
41 50 863
41 51 5394
41 52 6676
41 53 2576
41 54 6373
41 55 5821
41 56 5744
41 57 2124
41 58 7034
41 59 5177
41 60 5590
41 61 339
41 62 4524
41 63 7035
41 64 6793
41 65 2474
41 66 2490
41 67 6941
41 68 4588
41 69 2419
41 70 2044
41 71 3678
41 72 5486
41 73 3520
41 74 7260
41 75 7190
41 76 1370
41 77 5260
41 78 7143
41 79 3219
42 43 261
42 44 4293
42 45 3763
42 46 2119
42 47 4601
42 48 2014
42 49 4128
42 50 6930
42 51 3992
42 52 3687
42 53 701
42 54 6804
42 55 7460
42 56 6814
42 57 709
42 58 4889
42 59 5928
42 60 2571
42 61 4267
42 62 1892
42 63 6931
42 64 511
42 65 947
42 66 3375
42 67 6945
42 68 42
42 69 641
42 70 2215
42 71 1612
42 72 6555
42 73 1765
42 74 992
42 75 3328
42 76 1234
42 77 5956
42 78 313
42 79 5881
43 44 295
43 45 5966
43 46 3117
43 47 934
43 48 4408
43 49 207
43 50 7378
43 51 5854
43 52 1841
43 53 6931
43 54 6662
43 55 5246
43 56 556
43 57 2371
43 58 438
43 59 542
43 60 77
43 61 2105
43 62 2121
43 63 4055
43 64 2316
43 65 3354
43 66 4930
43 67 6329
43 68 677
43 69 954
43 70 7368
43 71 6584
43 72 1252
43 73 142
43 74 1056
43 75 1273
43 76 3746
43 77 2029
43 78 5267
43 79 3746
44 45 2844
44 46 1127
44 47 157
44 48 4747
44 49 4565
44 50 7022
44 51 3251
44 52 3707
44 53 6410
44 54 3894
44 55 2235
44 56 7449
44 57 7396
44 58 3197
44 59 560
44 60 5244
44 61 5392
44 62 1381
44 63 4028
44 64 4085
44 65 3179
44 66 4375
44 67 1063
44 68 7486
44 69 985
44 70 6289
44 71 397
44 72 1698
44 73 5918
44 74 5454
44 75 2040
44 76 84
44 77 6122
44 78 3183
44 79 6443
45 46 2592
45 47 1078
45 48 5105
45 49 4103
45 50 7316
45 51 1468
45 52 805
45 53 2545
45 54 2156
45 55 5099
45 56 6291
45 57 7361
45 58 5921
45 59 6690
45 60 1130
45 61 6574
45 62 5456
45 63 891
45 64 1143
45 65 649
45 66 2579
45 67 5914
45 68 1684
45 69 3588
45 70 772
45 71 1652
45 72 7176
45 73 4788
45 74 6346
45 75 4902
45 76 7312
45 77 2548
45 78 2978
45 79 7178
46 47 7282
46 48 3930
46 49 6497
46 50 4594
46 51 2153
46 52 3372
46 53 719
46 54 6542
46 55 3091
46 56 4841
46 57 5509
46 58 764
46 59 3921
46 60 1938
46 61 4453
46 62 3518
46 63 792
46 64 6594
46 65 1142
46 66 6821
46 67 4368
46 68 2774
46 69 4270
46 70 4331
46 71 4496
46 72 1797
46 73 1616
46 74 324
46 75 3574
46 76 3787
46 77 2728
46 78 4760
46 79 4955
47 48 1012
47 49 39
47 50 7093
47 51 727
47 52 7195
47 53 3034
47 54 4856
47 55 3399
47 56 2533
47 57 6915
47 58 755
47 59 2822
47 60 2366
47 61 2048
47 62 420
47 63 2329
47 64 4449
47 65 614
47 66 4477
47 67 5260
47 68 5188
47 69 7048
47 70 821
47 71 6899
47 72 6813
47 73 2766
47 74 7005
47 75 3459
47 76 3635
47 77 347
47 78 3860
47 79 3189
48 49 3895
48 50 4849
48 51 3994
48 52 2746
48 53 2252
48 54 3076
48 55 4092
48 56 4130
48 57 5342
48 58 1174
48 59 3833
48 60 4421
48 61 341
48 62 1725
48 63 5146
48 64 5008
48 65 68
48 66 115
48 67 2668
48 68 4594
48 69 2857
48 70 5695
48 71 6698
48 72 555
48 73 6922
48 74 7089
48 75 4063
48 76 925
48 77 6480
48 78 1103
48 79 5266
49 50 4517
49 51 6170
49 52 7098
49 53 5194
49 54 2811
49 55 915
49 56 6350
49 57 1033
49 58 2354
49 59 7484
49 60 264
49 61 4803
49 62 7302
49 63 1541
49 64 6759
49 65 4718
49 66 2343
49 67 4961
49 68 2427
49 69 3834
49 70 2056
49 71 3946
49 72 3711
49 73 5514
49 74 3137
49 75 6858
49 76 7247
49 77 3440
49 78 5646
49 79 6804
50 51 3137
50 52 5234
50 53 6259
50 54 7418
50 55 4200
50 56 4125
50 57 7350
50 58 3716
50 59 4401
50 60 976
50 61 6078
50 62 1140
50 63 3345
50 64 4224
50 65 910
50 66 4098
50 67 6399
50 68 2025
50 69 3377
50 70 5193
50 71 3397
50 72 4035
50 73 1239
50 74 4510
50 75 1979
50 76 3379
50 77 4670
50 78 4083
50 79 449
51 52 856
51 53 888
51 54 4257
51 55 5637
51 56 3794
51 57 4779
51 58 441
51 59 1007
51 60 1626
51 61 3576
51 62 5588
51 63 2972
51 64 3813
51 65 3688
51 66 7006
51 67 5257
51 68 3199
51 69 3019
51 70 5930
51 71 2791
51 72 371
51 73 1413
51 74 5949
51 75 4137
51 76 2368
51 77 5060
51 78 4618
51 79 7124
52 53 7023
52 54 6530
52 55 5152
52 56 3446
52 57 1782
52 58 4860
52 59 5322
52 60 139
52 61 6571
52 62 4207
52 63 2822
52 64 3944
52 65 7407
52 66 3347
52 67 7238
52 68 3159
52 69 5133
52 70 3493
52 71 4177
52 72 1337
52 73 3605
52 74 5022
52 75 6346
52 76 4821
52 77 5562
52 78 639
52 79 74
53 54 3775
53 55 4937
53 56 2208
53 57 1443
53 58 2787
53 59 5257
53 60 711
53 61 3420
53 62 392
53 63 743
53 64 7301
53 65 1924
53 66 1559
53 67 3852
53 68 6072
53 69 5631
53 70 2756
53 71 7171
53 72 5445
53 73 533
53 74 6539
53 75 3565
53 76 223
53 77 1796
53 78 5359
53 79 4878
54 55 7329
54 56 7484
54 57 4489
54 58 2436
54 59 6611
54 60 1962
54 61 1336
54 62 5681
54 63 1596
54 64 5215
54 65 4503
54 66 6735
54 67 7115
54 68 4190
54 69 1271
54 70 2632
54 71 7219
54 72 189
54 73 5301
54 74 4971
54 75 2041
54 76 5129
54 77 7415
54 78 361
54 79 7226
55 56 995
55 57 5706
55 58 6656
55 59 6462
55 60 2794
55 61 3763
55 62 6534
55 63 5744
55 64 4244
55 65 7050
55 66 5659
55 67 7497
55 68 2671
55 69 5447
55 70 6624
55 71 7457
55 72 7104
55 73 5551
55 74 2335
55 75 956
55 76 3596
55 77 756
55 78 4755
55 79 7055
56 57 247
56 58 2063
56 59 7047
56 60 543
56 61 821
56 62 4099
56 63 1365
56 64 6414
56 65 7421
56 66 7228
56 67 327
56 68 6234
56 69 3105
56 70 4255
56 71 4840
56 72 1857
56 73 1765
56 74 2342
56 75 4830
56 76 2379
56 77 225
56 78 4446
56 79 736
57 58 1409
57 59 5526
57 60 2911
57 61 7023
57 62 7478
57 63 7485
57 64 2986
57 65 4597
57 66 114
57 67 6466
57 68 6524
57 69 4191
57 70 797
57 71 5583
57 72 3708
57 73 6305
57 74 6973
57 75 5104
57 76 387
57 77 1731
57 78 6104
57 79 1152
58 59 3095
58 60 2988
58 61 4608
58 62 4516
58 63 5747
58 64 3885
58 65 3325
58 66 1990
58 67 7136
58 68 3499
58 69 2828
58 70 5547
58 71 3431
58 72 1282
58 73 6695
58 74 180
58 75 680
58 76 4350
58 77 5119
58 78 6622
58 79 1422
59 60 6464
59 61 2676
59 62 3129
59 63 599
59 64 6622
59 65 6581
59 66 5492
59 67 3296
59 68 2250
59 69 1705
59 70 2484
59 71 4447
59 72 5374
59 73 7049
59 74 3133
59 75 5204
59 76 4568
59 77 1901
59 78 393
59 79 5675
60 61 3629
60 62 4182
60 63 4971
60 64 7244
60 65 172
60 66 7352
60 67 1535
60 68 839
60 69 5214
60 70 1607
60 71 208
60 72 646
60 73 4893
60 74 3823
60 75 2749
60 76 3651
60 77 5604
60 78 6848
60 79 5514
61 62 6849
61 63 6890
61 64 7191
61 65 2349
61 66 6684
61 67 7267
61 68 6112
61 69 5303
61 70 3601
61 71 7007
61 72 6832
61 73 771
61 74 6336
61 75 2166
61 76 6004
61 77 3626
61 78 5863
61 79 3404
62 63 2791
62 64 3785
62 65 4666
62 66 467
62 67 2377
62 68 1386
62 69 7316
62 70 3603
62 71 851
62 72 981
62 73 7303
62 74 4222
62 75 3325
62 76 2511
62 77 2214
62 78 4944
62 79 4166
63 64 5830
63 65 3631
63 66 3460
63 67 3418
63 68 3335
63 69 3441
63 70 1232
63 71 1513
63 72 1681
63 73 5357
63 74 7122
63 75 5101
63 76 572
63 77 6897
63 78 4818
63 79 4446
64 65 3746
64 66 7148
64 67 5434
64 68 2254
64 69 5149
64 70 5908
64 71 188
64 72 7443
64 73 1236
64 74 5474
64 75 4184
64 76 692
64 77 2888
64 78 473
64 79 2502
65 66 1056
65 67 4346
65 68 3656
65 69 2619
65 70 1251
65 71 2954
65 72 5499
65 73 7079
65 74 1565
65 75 945
65 76 6874
65 77 2612
65 78 1235
65 79 6504
66 67 3408
66 68 5477
66 69 6604
66 70 2870
66 71 3454
66 72 19
66 73 4607
66 74 3214
66 75 2669
66 76 5751
66 77 1309
66 78 3771
66 79 3174
67 68 7098
67 69 3233
67 70 6115
67 71 6459
67 72 1307
67 73 5265
67 74 6025
67 75 1015
67 76 4774
67 77 6719
67 78 5931
67 79 983
68 69 4971
68 70 1079
68 71 677
68 72 6476
68 73 12
68 74 4079
68 75 6552
68 76 1568
68 77 6303
68 78 3385
68 79 6902
69 70 1073
69 71 1372
69 72 2366
69 73 7381
69 74 538
69 75 3342
69 76 6093
69 77 3572
69 78 3144
69 79 4979
70 71 1060
70 72 1611
70 73 2091
70 74 811
70 75 2943
70 76 1226
70 77 3239
70 78 2010
70 79 103
71 72 6655
71 73 5593
71 74 7460
71 75 6514
71 76 6956
71 77 5965
71 78 731
71 79 5020
72 73 1002
72 74 457
72 75 3937
72 76 2025
72 77 5117
72 78 5463
72 79 1071
73 74 6720
73 75 3908
73 76 1573
73 77 349
73 78 5101
73 79 447
74 75 1942
74 76 792
74 77 2369
74 78 5424
74 79 3606
75 76 5075
75 77 5874
75 78 7448
75 79 21
76 77 7104
76 78 6447
76 79 4052
77 78 5082
77 79 7457
78 79 1907
