35 80 2538
6279 3042 3683 273 1902 650 5268 3719 1831 2554 5128 5363 1345 1409 4349 3418 5380 6580 2959 1293 3662 7436 4483 4408 1351 2490 5141 5936 1021 2453 2640 7299 4346 6322 6423
6247 6971 4190 2466 154 5595 6445 5516 6940 6705 2364 2857 3436 296 4668 4728 2809 3455 562 6068 4806 1903 3708 2093 2924 5013 4732 2722 710 2405 1645 6957 727 4686 774 880 2781 7218 6396 2220 6422 111 3928 2357 406 1095 5936 2066 4550 6497 634 707 899 3193 2799 2674 705 6382 4248 1415 1286 4744 7223 2012 1929 496 1744 4709 6565 6991 5780 5486 7101 2208 6694 6359 3302 5129 7276 6703
2977 409 7409 2727 3602 2707 5401 3158 1588 2148 3424 1725 6891 1998 3737 171 2493 4332 3732 409 3822 2011 5894 2274 4218 3939 1132 6372 419 908 5574 3395 168 4335 4974 2621 7041 1726 4631 7481 2725 6906 1705 2115 1404 4293 1137 2748 1124 4868 3157 3797 6879 402 6071 2448 4341 7202 1319 4759 6961 5745 7006 5981 2579 4479 1101 971 5056 5731 7303 280 5137 1508 1246 5392 4652 2382 639 5776
7250 2647 924 5480 3049 6994 427 6241 5548 598 3499 3860 5194 1856 2340 6624 5186 3441 94 2741 523 7397 3020 4511 256 4265 1254 4907 6647 745 2034 5248 3391 2958 3227 5291 1303 2505 4031 6850 3102 6382 2062 7147 737 4401 6270 5923 6693 5216 1163 6068 3964 3035 3078 3071 7299 3184 477 5297 3928 1363 3044 7318 3172 6270 5109 3326 127 491 2676 2080 6872 3589 1727 109 489 6848 4883 6034
4563 4897 4601 7378 431 6530 2948 6582 2213 2277 4378 6140 2491 7422 4810 4514 5043 1270 339 5169 1760 1866 7249 1132 5454 1475 92 4795 7174 4974 3328 3089 1222 6780 2966 1653 5809 4766 734 6874 5894 3963 4365 884 3884 1674 5397 279 1795 4587 5447 3555 6453 4047 3538 4406 4373 3629 1700 4047 7454 3879 7135 1175 3158 1452 1679 1467 5069 2412 840 3462 5227 5204 3197 1610 5730 7445 740 24
4532 6187 2430 3484 1585 5967 6741 5958 2095 941 1356 900 4819 7342 2075 477 1293 3753 795 6362 5017 486 1175 2743 5689 4372 3204 2770 4316 3944 2794 199 1482 5223 3682 3066 2542 2923 375 4636 2715 1730 5536 6385 423 6462 6861 1716 2714 6507 6929 6582 6992 603 1824 5181 3826 5028 6802 642 323 947 840 1804 5022 3374 3721 63 5148 4096 3550 362 4677 1585 5598 5100 6898 4959 5667 2112
3965 3947 1193 3457 4549 1869 7489 875 5748 5642 368 6070 6589 59 6725 4110 2284 2945 4172 7431 5892 221 6644 1921 658 4742 5872 55 1052 4038 1018 3868 484 1063 6176 3884 2931 5016 3610 30 3158 3977 6099 2246 2888 5323 5207 5171 7119 1878 3954 5511 950 3097 7431 1607 6690 5802 514 241 1191 1531 4109 526 2593 1636 4409 4375 6652 6871 3256 2309 3347 1854 3406 5086 6028 1112 2757 5647
1841 6710 3657 2790 1158 2439 4397 348 740 4910 6940 1930 5292 2400 2455 6737 4036 5715 2463 2039 5085 5719 4347 7284 72 6604 4869 4952 215 6477 1950 2055 4538 4458 3696 5696 6896 592 4895 6487 4353 3186 7268 2145 5586 2222 233 973 6788 2695 3011 3225 913 6209 3008 7337 5312 6728 4788 4378 5705 6737 6432 1594 3694 2627 6141 1941 2071 3535 927 5275 5573 694 6271 3658 1767 6503 4630 1054
1698 6492 4278 2610 5200 6137 1298 3011 5365 6085 7388 2421 4173 5171 4014 6718 6649 2655 1158 71 5041 936 5346 3113 1629 4116 5622 3395 3119 1603 3301 4816 594 6430 6277 5793 3919 75 1303 1783 5011 42 3055 536 5212 7068 7253 4361 1074 7263 4431 4967 698 1128 6931 1179 5244 3905 3425 862 5507 5577 4529 4953 4507 2157 3245 7277 2231 3400 1559 6094 3441 4613 6629 5 3032 5233 3217 2958
3847 6499 6776 4545 127 6206 5723 5370 2610 499 5083 6969 6076 2111 4421 1934 3119 6517 1710 5350 1268 3268 2795 4709 6732 775 3565 1115 6007 6781 2924 2354 5779 2199 5750 4757 905 2824 2626 2366 3322 6560 686 1897 22 3958 3830 3141 1827 5539 7342 3094 158 2636 6654 5741 3410 2718 6856 768 850 1131 3121 6629 3330 222 2737 3086 3045 5363 4303 6367 3274 4989 763 3296 298 3445 5288 2124
1483 5129 5218 1641 6616 3223 6233 1377 5941 4440 2144 6790 5571 4117 4770 1400 4338 7 4485 7383 4221 1287 6249 7494 5127 5863 2141 4277 1807 6280 6400 3290 3908 2969 3782 1875 6192 1366 3251 3484 5806 5395 2773 3876 863 6395 5275 5200 6401 1111 3934 1973 1249 2682 818 5228 7397 1811 2004 1703 590 7255 3844 3350 2724 6477 5224 267 343 975 3750 6148 5221 6522 2523 4935 4268 6649 2634 2020
259 6568 3992 359 601 4810 5586 497 5472 6441 2200 6061 6196 4895 1910 1419 3872 7134 537 4214 6960 4286 1713 3532 2159 3087 966 6427 2235 3599 946 1345 1518 3790 1703 2119 1099 6141 1467 6570 5081 2518 3982 3776 7413 5892 4046 3784 4377 4582 6849 3836 1367 1061 7367 2378 4147 7184 1304 5233 3282 1101 5429 3652 4890 5983 4622 4840 4623 6088 2761 1056 7458 6743 4831 7370 5134 229 2505 862
4810 1853 4697 5029 1765 3415 7406 4763 3098 61 2495 5231 1161 6775 1382 6051 5257 4855 3390 1232 2295 6151 2287 2252 4245 5969 2121 1878 6197 4625 2739 2359 5329 6287 6239 7093 1053 4996 3207 4150 5056 4553 732 5068 3827 2114 2470 1583 5820 5860 2814 614 3362 5100 2865 106 2421 3837 835 1117 7313 2425 2327 5141 63 1065 3585 1115 6060 6791 5264 2467 3843 5995 35 169 6960 2504 604 5280
7215 3417 4745 1928 7369 110 885 2289 3946 1719 2257 2611 2995 4584 251 3057 4500 2688 4171 1912 1978 786 4378 4673 5633 3264 3693 5092 5768 4296 1723 4334 6565 6468 6262 5285 5429 7146 73 1874 217 1181 4484 3211 4616 3587 5120 1616 6274 642 3527 7103 1428 404 4275 7060 3668 468 3503 787 4763 5226 5120 2679 3045 2733 463 973 1231 6887 1698 1447 568 5034 3509 5183 1120 1128 5650 6245
622 1676 5847 2049 932 2622 1608 3451 1941 5110 4237 5555 1687 708 734 4731 2293 1196 5703 3523 583 7401 4969 2 4934 7329 5184 4905 7309 3334 3649 430 3861 847 2478 4792 3468 2937 742 4260 6898 3830 2315 7437 3390 3048 4667 5682 4243 1722 1704 3677 1622 5524 3678 5407 5352 214 1663 5160 2399 5311 4441 5111 6157 5770 2403 977 1206 1996 5236 6956 4678 50 6892 567 1949 2910 6248 6192
4631 451 1220 5104 5974 3750 1862 2677 3963 3524 337 5213 186 3629 2823 5195 1899 4077 5023 1956 4925 2758 1411 2102 1660 802 2668 2460 2564 1415 3 7194 1865 1223 4798 6690 4972 6659 1866 286 1535 1054 4350 1720 4683 7172 6914 5433 2601 4436 7388 25 6046 1299 2126 6557 952 4793 1516 3515 5059 1519 2061 5775 1593 6858 4964 6564 4868 5681 5701 5254 6735 2550 6974 2769 1073 5239 701 2525
1027 588 2549 5924 738 3526 3832 542 818 5347 2908 5876 5717 4968 4150 6161 3177 465 4076 545 6146 2276 4650 4232 3677 4123 7000 3602 714 6552 6126 592 7139 27 6515 6729 3552 1698 7270 4370 5896 2677 1597 4113 6497 4599 2773 2173 3915 6849 1569 2560 476 6219 6791 3005 1693 5142 6606 2406 4193 5231 1849 2684 5257 7215 1912 1309 1412 533 4530 7308 2061 4978 2772 1057 928 4396 3230 3695
2596 4798 6254 1924 3516 4397 4928 4061 2038 4033 6466 5083 615 7167 266 4724 6881 2177 4884 7145 1561 765 6952 2473 4594 1075 3530 5522 5470 5611 1716 6918 1760 6821 1341 4128 2569 6268 688 4607 1652 6005 2189 2266 5671 1306 6989 3904 2334 3224 3548 3894 3988 1851 6366 1082 2925 1247 5455 7246 5709 7170 6663 7469 5342 6855 2948 411 5622 3635 3869 6125 991 4909 7243 6662 6214 6731 1917 1047
2455 5464 3792 5294 7314 1509 6375 1590 2756 4329 1335 7316 2850 6850 7284 692 6204 1583 7454 3178 5217 3822 1802 6208 1230 1544 4221 6295 7127 6137 7341 933 2952 2484 6226 1617 3992 3953 3206 5599 781 3392 5415 3631 2741 4050 3174 297 5633 3127 2326 2201 6948 2979 908 7029 3375 3980 5823 1853 1468 4515 2785 3271 6998 362 4887 2341 3166 6944 440 3947 1688 4706 6429 3280 1255 2102 3576 6887
5228 4753 1588 3527 232 1347 3055 3606 4179 229 5458 5646 3595 7094 269 1944 6307 5155 4284 1973 3451 3575 5919 3990 780 4847 7269 2035 5800 2197 273 3527 6949 712 5905 7180 911 311 2137 5089 539 94 2086 2985 7187 2354 4928 5994 6361 563 466 1163 4138 5236 5152 4917 1434 3772 5803 7233 5968 4928 2111 4269 5639 515 3948 6549 825 4937 2989 215 5030 5075 3199 3569 6280 6978 914 5140
6392 231 5154 3029 5466 2805 6798 5751 6577 3952 5483 3896 1379 6445 664 7018 5811 4612 4918 6635 900 407 5701 5929 4333 251 849 3112 7228 1762 7104 6119 1992 4757 500 6309 62 6149 3411 5490 2600 245 1885 3979 6689 2549 2348 4999 6012 7265 2985 6911 6523 1185 5339 3355 1435 5040 5319 14 6801 4922 6133 145 2178 5484 5305 2239 4132 1216 6580 6731 1460 965 2061 7001 3513 4408 4499 2024
3025 7484 1434 2047 20 5624 4254 307 3163 2072 320 1316 5845 5304 1460 522 3287 6764 1613 7418 6831 692 5501 7143 1656 61 6643 4020 3321 2493 6043 6345 2476 6328 7243 1348 4452 2848 1654 6466 3771 1973 281 2115 7277 592 2637 1915 6208 3101 685 5538 3792 6185 5180 4300 5097 3174 819 7269 5667 5714 6113 6994 4541 4708 841 344 55 2494 6810 2678 3319 5942 4792 1947 6534 6280 2713 5241
732 3397 2130 3376 933 6162 175 4882 1835 7345 4650 1 5558 2115 6995 1451 6822 335 1794 5728 1681 7455 905 3851 5897 4549 4649 3782 3328 7361 374 4060 2110 2503 7435 3042 1164 6461 6775 1851 5157 3925 1851 3215 6039 1345 3517 4212 532 5310 1291 1064 4117 2196 3766 1365 5596 914 5146 275 7126 5519 3186 1735 6873 1972 3629 537 932 1755 2387 6089 5679 3089 655 3069 3286 4171 6132 2669
832 7423 2584 4948 970 6349 6312 5417 6114 2809 5691 4591 827 1377 5178 6552 3348 1306 7088 4280 1912 826 1720 6443 2766 1226 863 6051 5396 6995 1219 5079 5769 3802 1379 5590 1502 190 3506 6467 1851 1696 3558 1529 1924 1235 580 5272 1392 6519 903 3303 6196 2622 2245 1462 2699 3108 6364 594 1454 6435 5672 6074 1588 5902 4163 3090 6092 6520 2056 6794 715 4465 822 2639 5699 254 6762 5942
6772 164 1745 5468 1637 2841 5781 4335 4800 4644 3780 5105 3578 803 3678 5166 6705 340 7107 4148 5711 1662 3441 6426 6127 3114 416 3177 3367 7177 1619 2639 6192 2215 6958 328 5055 5238 3514 1207 2381 7293 6311 4811 595 2489 2476 7299 1680 2082 2798 7391 2595 6238 5168 73 1852 4435 2102 5218 4111 3720 6708 1654 4786 6165 1981 1192 3902 5494 2398 5135 4138 61 2445 4732 1401 3772 3383 1932
5853 6180 674 7299 3770 5841 7372 5621 2775 1973 2190 5737 4544 250 6242 1829 6414 722 3020 1668 5067 4270 5654 1704 4330 6950 5288 5730 3221 22 6513 425 5053 7187 223 1322 5527 94 5794 7154 918 6836 4242 4313 7085 2984 6141 4850 2557 513 6517 6476 3634 3522 7031 6815 2971 3670 5044 6191 3691 4056 6615 1244 2594 6838 1417 621 5783 7211 6626 5553 6546 2219 1217 6130 4054 6210 3479 5463
6722 1348 4438 1707 3721 2820 1021 6692 6490 4916 4234 1532 323 2201 1627 2917 390 3044 2389 5024 1606 1514 3076 651 2584 3145 5632 6638 1854 462 4600 7427 661 389 1633 4382 3208 2653 2425 1049 68 5510 2581 390 210 4207 3306 599 6102 5694 5623 207 6059 50 857 1143 3194 5340 6632 3899 5802 2583 3825 5314 1823 5457 1047 3882 609 3471 4931 7028 1481 11 7418 542 3069 2075 1141 1671
6621 5615 1877 5179 4516 1586 5173 6562 5777 3156 2960 2930 4590 6785 744 6412 4741 1790 2794 4202 4113 224 3729 5593 6586 2498 4986 2154 4573 6126 2676 3693 3092 3405 223 108 4990 4248 5521 2118 7403 980 5048 3345 264 5791 2256 3857 6432 3901 558 3044 2976 3138 7488 2061 5636 4974 3067 2708 2451 4594 5252 5543 498 4326 4502 4339 1073 2522 6457 7328 3501 4004 2024 2617 1146 4279 5325 77
7032 4734 3121 2507 371 1960 3420 6006 6933 5338 65 1884 2431 4168 7426 1781 994 3279 6119 918 5800 5075 7097 652 430 1620 2120 1575 4751 7444 504 4282 4677 2476 5640 5048 4435 411 2405 2720 5748 2470 4603 7031 5489 3380 1311 6482 6658 7429 6252 4957 3856 5848 4460 4285 6320 6580 4712 3570 6523 4067 6703 2552 5394 3694 6451 2328 4105 207 5047 2352 1528 1001 1882 7017 3232 2044 4850 2389
1973 3601 6197 4680 801 3157 316 7120 2236 5027 2041 110 445 1243 1513 5838 4936 463 7018 392 670 3416 1596 2197 4417 3477 565 148 4373 5415 1389 6345 1515 85 3524 2315 2093 3839 786 3180 218 2826 2142 7014 2920 3654 5352 6708 2969 3721 7099 2490 7136 1194 3538 2904 3523 4103 1904 395 2017 3292 5591 2383 2228 466 4698 3173 3156 4335 6352 2225 7161 993 1739 1432 3499 5942 639 5319
2162 6590 308 1797 6635 3845 3553 2657 447 5456 1903 1315 1247 6345 3698 2326 6810 7247 5498 1318 4081 4350 3542 2593 4194 4132 4025 6544 2573 3515 4362 4734 1456 4669 5383 591 7366 1435 2099 6664 6890 4002 479 6988 1698 4176 1813 7360 2774 6163 1177 6854 1864 4718 799 4909 1350 3675 3953 2774 7189 814 6360 7497 4335 4242 587 4200 4528 2685 2215 2769 5538 2693 1108 7236 5720 1772 7095 7345
434 7123 6699 2297 4340 6349 7206 4541 2523 2510 7315 1063 2175 6174 1059 6509 1767 1645 2060 5146 3182 3127 414 1219 5819 1521 7306 2891 2144 5752 2735 2578 5374 785 3726 1066 7133 2283 4458 2155 4792 4272 2070 5819 1797 3128 3679 2415 4773 4591 60 6806 217 6825 6876 6035 7197 6682 277 1841 3785 3012 3270 511 2648 6995 1576 1133 630 6033 2139 4273 1657 4208 2591 2305 7336 6270 4720 3460
3360 3631 2765 3576 2956 992 962 2652 173 1239 3344 2810 3102 6613 3320 4601 4960 4895 5733 5589 2279 372 2361 3935 4579 4952 6240 3266 2573 2311 6725 5932 5941 841 859 1396 1833 1820 2900 857 1910 6243 3666 3863 4208 5837 7316 1667 2083 5548 7255 4362 5919 967 7148 1850 4770 4739 5115 7342 7049 3192 4625 4342 4032 5483 4589 4716 6155 7488 5573 564 5083 590 3279 642 6427 3094 2308 1009
1141 914 4222 5912 732 2722 6613 5502 7460 4227 5343 5861 7418 2468 2702 2802 450 7290 17 6604 6130 4441 6020 2564 5031 650 3205 2809 3743 5512 2669 3735 5277 6891 998 6008 2112 110 4009 923 3189 704 6783 1958 3171 836 4759 2472 626 3628 428 5607 6920 6447 670 4450 7096 3874 6110 2190 737 1279 5924 6013 7021 5774 4520 484 5883 7381 1406 1571 584 7041 2381 2606 6728 7139 5077 6205
2118 4356 4311 1538 2154 4980 4839 1749 1353 3449 2790 941 4727 66 6953 3099 5839 2825 3582 4221 1557 3839 4644 2140 3379 7024 3597 2607 5514 1173 1311 6484 4381 4474 521 6534 1953 4211 7135 2158 159 2424 3098 3737 2489 1403 6835 7179 3079 1768 2752 4635 5607 7395 6774 337 5770 2870 1795 2635 2894 1958 1618 6126 6431 990 5160 7235 5201 4794 744 4211 7217 2694 448 1058 4096 6134 736 7174
402 3487 3160 4860 2233 1285 5196 6854 3006 6991 841 5899 1448 1310 4525 6730 1152 1036 6464 6352 5829 6060 1914 4397 1253 1213 4306 4200 7347 5042 3873 6600 7380 5884 3959 965 7168 506 6670 2673 7496 10 7423 295 172 4447 5876 1323 4334 3692 6526 2662 2251 939 5911 3503 1004 2716 202 7202 257 2926 6301 6489 1309 1611 6305 976 2116 4326 3648 964 3188 3570 1258 3359 6869 7134 4681 3702
0 1 4995
0 3 1731
0 4 5799
0 5 338
0 6 3292
0 7 2674
0 8 3621
0 9 2844
0 12 288
0 13 661
0 14 4793
0 15 3106
0 16 4280
0 17 2313
0 18 6309
0 20 6891
0 21 6370
0 22 756
0 23 5143
0 24 7183
0 25 961
0 27 1694
0 29 1982
0 30 4560
0 32 2344
0 33 989
0 34 827
0 35 7090
0 36 1758
0 37 5378
0 38 5382
0 39 1783
0 40 2576
0 41 2074
0 42 82
0 43 6283
0 44 395
0 45 1461
0 46 7242
0 47 7486
0 48 4880
0 50 4559
0 52 3045
0 53 5012
0 55 2894
0 56 1342
0 57 7282
0 59 3363
0 60 5971
0 61 6376
0 62 4827
0 63 3010
0 64 5703
0 66 1934
0 67 3266
0 68 5949
0 69 889
0 70 5629
0 71 1744
0 72 4220
0 76 2720
0 77 647
0 78 7212
0 79 6406
1 3 1915
1 4 4411
1 5 3664
1 6 5435
1 7 3040
1 8 5250
1 9 6067
1 11 310
1 12 6513
1 13 6114
1 14 3497
1 15 6932
1 18 2517
1 19 3680
1 21 1840
1 22 3659
1 24 1593
1 25 4075
1 27 503
1 28 2615
1 30 4719
1 32 3332
1 33 5501
1 35 996
1 36 7451
1 37 5167
1 38 3588
1 39 4322
1 40 1221
1 41 462
1 42 2664
1 43 4845
1 45 5442
1 46 5538
1 47 585
1 48 7206
1 49 5278
1 50 7431
1 51 5053
1 52 4888
1 54 6222
1 56 3044
1 57 6472
1 58 7448
1 62 134
1 63 2274
1 64 4115
1 65 4084
1 66 6032
1 67 6940
1 68 5633
1 69 6494
1 70 1765
1 71 3139
1 73 2038
1 74 7102
1 75 4304
1 77 1390
1 79 376
2 3 4806
2 4 5575
2 5 6811
2 7 6161
2 8 3604
2 9 2405
2 10 4948
2 11 6709
2 12 2359
2 13 328
2 15 188
2 16 2530
2 17 1784
2 20 5725
2 21 4886
2 23 4196
2 24 2871
2 25 6767
2 26 4853
2 27 6774
2 31 5902
2 32 918
2 33 7140
2 34 2387
2 35 640
2 37 2707
2 38 3509
2 39 2566
2 41 5613
2 42 4510
2 43 312
2 44 4673
2 45 1609
2 46 4378
2 47 6415
2 48 1953
2 49 4772
2 50 936
2 52 427
2 53 6748
2 54 6711
2 55 4063
2 56 2562
2 57 6240
2 58 2711
2 59 1621
2 60 2084
2 61 5505
2 62 6833
2 63 6822
2 64 5251
2 65 5735
2 66 5292
2 67 6009
2 68 5774
2 69 202
2 71 3116
2 72 1924
2 73 3204
2 74 4027
2 75 4854
2 76 2698
2 77 4780
3 5 5308
3 6 5634
3 7 2875
3 8 6637
3 9 1642
3 10 5491
3 12 4853
3 14 6777
3 15 6617
3 16 505
3 17 6215
3 20 4560
3 21 1719
3 23 7026
3 24 2646
3 25 5192
3 26 7407
3 27 6563
3 28 3417
3 29 2618
3 30 3566
3 31 5249
3 32 5147
3 33 1697
3 34 5325
3 36 1551
3 39 3672
3 40 1647
3 41 400
3 42 3681
3 44 1607
3 45 3696
3 46 1843
3 48 5409
3 49 1244
3 50 6547
3 52 2775
3 53 6328
3 54 6080
3 55 1025
3 56 6238
3 57 2348
3 58 5531
3 59 907
3 60 4792
3 61 4290
3 63 6133
3 64 87
3 65 6404
3 66 7196
3 69 7077
3 70 3375
3 72 7088
3 73 2049
3 74 4866
3 75 3051
3 76 6864
3 77 3952
3 78 4175
3 79 1698
4 5 5725
4 6 853
4 8 1035
4 10 422
4 11 7187
4 12 1234
4 14 821
4 15 6585
4 16 1849
4 17 7400
4 20 48
4 21 5735
4 22 5251
4 23 6513
4 24 6205
4 25 5466
4 27 5576
4 28 2857
4 29 2201
4 31 6737
4 35 6547
4 36 511
4 37 52
4 38 2691
4 39 306
4 40 1355
4 41 1343
4 42 4362
4 43 1476
4 44 4173
4 45 1963
4 46 1370
4 47 2470
4 48 2251
4 49 7430
4 50 5694
4 51 5281
4 52 1618
4 53 7127
4 55 6284
4 56 1642
4 57 6833
4 58 154
4 59 5480
4 60 2681
4 61 2771
4 62 4104
4 63 3531
4 65 1114
4 66 6311
4 67 3444
4 68 3215
4 69 774
4 70 721
4 71 6828
4 72 1554
4 73 5542
4 74 2773
4 75 2390
4 76 5582
4 77 6351
4 78 1728
4 79 1524
5 6 4021
5 8 1683
5 9 326
5 10 566
5 11 4250
5 12 3810
5 13 1585
5 14 5716
5 16 2625
5 17 2314
5 18 1908
5 19 2638
5 20 4741
5 21 4244
5 22 4279
5 24 1161
5 26 1486
5 28 5723
5 29 4482
5 30 3390
5 32 457
5 34 1934
5 35 3982
5 36 7059
5 37 2084
5 38 6820
5 39 2263
5 40 2078
5 41 96
5 42 880
5 43 3575
5 45 1798
5 46 3256
5 47 3680
5 48 6085
5 49 1145
5 50 4922
5 51 4233
5 52 5854
5 53 6452
5 55 4251
5 56 271
5 57 6864
5 58 7270
5 59 3268
5 60 1306
5 63 4149
5 64 6423
5 65 4111
5 67 3214
5 68 2464
5 69 2552
5 70 6259
5 71 4689
5 72 3457
5 74 1137
5 75 3878
5 76 634
5 77 1955
5 78 539
5 79 3534
6 7 2826
6 8 6064
6 9 2071
6 10 1501
6 11 4696
6 12 2805
6 13 5409
6 15 1151
6 16 3728
6 17 5456
6 18 7392
6 19 4751
6 21 5541
6 23 1574
6 24 4996
6 25 6234
6 26 4951
6 27 3636
6 29 3934
6 30 230
6 31 1372
6 32 1845
6 33 3213
6 34 4794
6 35 4102
6 36 3432
6 37 7379
6 38 6622
6 40 5644
6 41 4778
6 42 2828
6 43 3047
6 44 5136
6 47 5493
6 48 4720
6 49 3138
6 50 691
6 51 203
6 52 5098
6 54 6440
6 55 4275
6 56 2342
6 58 1886
6 59 4636
6 60 3380
6 61 1379
6 62 4297
6 63 4364
6 64 3272
6 66 6410
6 67 6809
6 69 6180
6 70 3960
6 71 1645
6 72 4610
6 73 5445
6 75 7330
6 76 2304
6 78 189
6 79 5383
7 8 4455
7 9 5626
7 10 1532
7 12 6023
7 13 5392
7 14 7436
7 15 4880
7 16 2242
7 18 7151
7 20 4818
7 21 499
7 22 502
7 26 3147
7 28 124
7 29 5378
7 30 6794
7 31 5623
7 32 3673
7 33 4135
7 34 4680
7 35 1534
7 36 3730
7 37 4477
7 39 4975
7 40 5069
7 42 1695
7 43 179
7 44 288
7 45 1786
7 46 3522
7 49 2320
7 50 4906
7 51 4492
7 52 1886
7 53 698
7 54 5984
7 55 5514
7 56 1501
7 58 2693
7 59 1165
7 60 2245
7 62 1399
7 65 2211
7 66 4267
7 67 7147
7 68 1188
7 69 1460
7 70 1515
7 71 39
7 72 5035
7 73 752
7 75 1370
7 76 2855
7 77 6065
7 78 4177
7 79 5349
8 9 7127
8 10 18
8 13 1830
8 14 3439
8 16 6511
8 17 6583
8 18 2887
8 19 3453
8 20 856
8 21 5008
8 22 7097
8 23 6351
8 25 3188
8 28 3015
8 29 4998
8 30 3146
8 31 5515
8 34 4446
8 35 374
8 38 4651
8 39 4197
8 40 1271
8 41 988
8 42 3334
8 43 2085
8 44 5930
8 45 687
8 46 1560
8 47 1697
8 48 3862
8 49 1492
8 50 1002
8 51 4098
8 52 5986
8 53 4716
8 54 2782
8 55 3380
8 56 4747
8 57 4216
8 58 253
8 60 6182
8 61 5491
8 62 6229
8 63 7026
8 65 5588
8 66 3450
8 68 48
8 69 5901
8 70 2882
8 71 7052
8 73 3604
8 74 634
8 75 6176
8 76 3175
8 77 4772
8 78 1470
8 79 6572
9 10 3274
9 11 2882
9 12 2835
9 13 5653
9 14 5230
9 16 3148
9 17 391
9 19 3010
9 20 442
9 22 5470
9 23 6351
9 24 7005
9 25 2919
9 28 5379
9 30 4443
9 31 6329
9 32 2909
9 33 6414
9 34 6057
9 35 1005
9 36 6812
9 37 5260
9 38 157
9 39 4074
9 40 7286
9 41 745
9 42 6145
9 43 5892
9 44 7080
9 47 4524
9 48 6617
9 50 5531
9 51 4701
9 52 1551
9 53 1807
9 54 2567
9 55 4573
9 57 5813
9 58 211
9 59 1117
9 60 759
9 61 2116
9 62 1577
9 63 4359
9 64 2256
9 66 899
9 67 5429
9 68 2853
9 69 2906
9 70 5044
9 71 2775
9 72 6677
9 73 6780
9 74 4026
9 75 2431
9 76 5447
9 77 3847
9 78 2367
9 79 2643
10 11 3975
10 12 4701
10 13 4179
10 17 4729
10 18 4855
10 19 3520
10 20 728
10 21 3954
10 22 5008
10 23 3325
10 24 6589
10 25 790
10 26 5334
10 27 6366
10 28 5336
10 29 2351
10 31 3832
10 32 6396
10 33 613
10 34 998
10 35 3161
10 36 2892
10 37 2124
10 38 6854
10 39 7109
10 40 1206
10 41 5733
10 42 409
10 43 2647
10 44 4929
10 45 6762
10 46 4698
10 47 2372
10 48 4439
10 49 2085
10 50 5148
10 51 3607
10 52 7091
10 53 3175
10 54 6699
10 55 2740
10 56 4211
10 57 5333
10 58 6917
10 59 381
10 60 4663
10 61 2185
10 62 438
10 64 4877
10 65 5241
10 66 4039
10 68 2281
10 69 1204
10 70 6723
10 71 5943
10 72 7158
10 73 1786
10 74 4975
10 75 3172
10 76 3251
10 78 5435
10 79 3138
11 13 6866
11 14 793
11 15 1977
11 16 4003
11 17 1761
11 18 1065
11 20 5859
11 21 2969
11 22 2434
11 23 4837
11 24 185
11 26 6870
11 27 2524
11 28 1029
11 29 3468
11 30 1804
11 32 3781
11 33 4278
11 34 6353
11 35 6806
11 36 2998
11 39 3878
11 40 2979
11 41 4255
11 42 1608
11 44 6999
11 45 1799
11 49 7240
11 50 47
11 51 5470
11 52 613
11 53 4010
11 54 1862
11 55 3933
11 56 4325
11 58 6156
11 59 7219
11 60 834
11 61 3202
11 63 3853
11 65 1618
11 66 1455
11 67 5880
11 68 5669
11 69 3290
11 70 5564
11 72 3923
11 73 3252
11 74 5152
11 75 5755
11 76 3638
11 77 5211
11 79 4395
12 13 4830
12 14 1546
12 16 1852
12 17 6020
12 18 2518
12 19 318
12 20 4490
12 21 4767
12 24 6863
12 25 4437
12 26 1746
12 27 1745
12 28 4125
12 29 2703
12 30 5255
12 31 5501
12 32 5799
12 34 3170
12 35 2419
12 36 2403
12 37 233
12 38 2396
12 39 4496
12 40 5711
12 41 6201
12 42 2462
12 43 2775
12 44 3399
12 45 3472
12 46 2102
12 49 5131
12 51 801
12 52 5179
12 53 7397
12 54 3128
12 57 522
12 58 185
12 59 3373
12 60 3698
12 61 3990
12 62 4897
12 63 6790
12 64 1791
12 65 5513
12 69 3405
12 70 3939
12 72 5598
12 74 1005
12 75 1213
12 76 642
12 77 401
12 78 4999
12 79 4699
13 14 6795
13 15 107
13 16 6178
13 17 6113
13 18 1333
13 19 3235
13 20 3156
13 21 2389
13 22 4122
13 23 1012
13 24 2477
13 25 2155
13 26 2376
13 27 3827
13 28 4453
13 29 7043
13 30 5412
13 31 3200
13 32 4729
13 34 6061
13 37 2206
13 38 3391
13 39 4647
13 40 3537
13 41 6738
13 42 2131
13 43 4691
13 44 3885
13 45 489
13 47 3087
13 48 311
13 49 4613
13 50 5802
13 51 2451
13 52 4232
13 53 7057
13 54 5695
13 55 7106
13 56 4470
13 57 6897
13 58 1712
13 60 6396
13 61 7391
13 62 748
13 63 1323
13 64 2011
13 65 4736
13 66 4761
13 67 7204
13 68 2549
13 71 202
13 72 4614
13 74 4196
13 75 5206
13 76 6711
13 77 3655
13 78 1571
14 15 2124
14 16 3421
14 18 656
14 19 5784
14 20 1090
14 21 2670
14 22 915
14 23 3298
14 24 4791
14 25 789
14 26 3414
14 29 6527
14 30 4026
14 33 1572
14 34 2095
14 36 1602
14 37 6806
14 38 7033
14 39 2095
14 41 2272
14 42 687
14 44 327
14 45 2052
14 46 6144
14 47 4199
14 48 52
14 49 5330
14 51 5329
14 52 2276
14 53 125
14 54 5656
14 55 6603
14 56 2793
14 58 5065
14 59 2066
14 60 3998
14 61 2230
14 62 65
14 63 928
14 64 767
14 65 410
14 66 6057
14 67 3924
14 68 404
14 69 4705
14 70 7282
14 71 6577
14 72 7047
14 73 5369
14 75 7434
14 76 369
14 77 1671
15 16 7344
15 17 2162
15 18 4765
15 20 2893
15 22 2149
15 24 975
15 25 3120
15 26 6633
15 27 7210
15 28 6129
15 30 5570
15 31 4462
15 32 569
15 33 7487
15 34 3706
15 36 970
15 39 4142
15 40 3715
15 41 2900
15 42 3295
15 43 4739
15 44 37
15 45 5779
15 47 416
15 48 1033
15 49 1678
15 50 3079
15 51 865
15 52 1515
15 53 6606
15 54 1027
15 55 6265
15 56 4386
15 57 6812
15 58 1562
15 59 5164
15 60 3071
15 61 7470
15 63 385
15 64 5432
15 65 4203
15 66 7192
15 68 5327
15 69 5404
15 71 5282
15 72 4823
15 73 6044
15 74 2153
15 75 3503
15 76 4133
15 77 757
15 78 5163
15 79 848
16 17 5017
16 18 2160
16 19 4663
16 21 2764
16 22 1723
16 23 665
16 25 3471
16 26 142
16 28 1146
16 30 6332
16 31 7094
16 32 6767
16 33 7283
16 36 4096
16 37 4221
16 38 3368
16 39 1726
16 40 1435
16 41 1412
16 42 6043
16 43 6819
16 44 5749
16 45 6182
16 47 3865
16 48 4413
16 50 520
16 51 4337
16 52 3442
16 53 3691
16 54 7394
16 55 6226
16 57 160
16 58 1717
16 60 5451
16 62 2551
16 63 2825
16 64 2580
16 65 6739
16 66 346
16 67 6363
16 68 2594
16 70 1229
16 71 2591
16 72 1989
16 75 327
16 76 2862
16 77 2415
16 78 7449
16 79 1067
17 18 1883
17 20 7424
17 22 269
17 23 402
17 24 5844
17 26 7073
17 27 4275
17 28 2412
17 29 7491
17 30 4768
17 31 5271
17 32 3415
17 33 4620
17 34 4853
17 36 4257
17 37 4278
17 38 5915
17 40 6316
17 42 5457
17 43 4064
17 44 1111
17 45 1940
17 46 2453
17 47 1671
17 48 970
17 49 6868
17 50 1166
17 51 2109
17 52 5046
17 54 675
17 55 1691
17 56 410
17 58 3754
17 59 1265
17 60 3194
17 61 2779
17 62 5631
17 63 832
17 64 35
17 65 3847
17 66 6557
17 69 5061
17 70 5233
17 71 4664
17 72 1380
17 73 5108
17 74 4515
17 75 5551
17 76 530
17 77 4709
17 78 4080
17 79 6242
18 19 344
18 20 5564
18 21 3382
18 22 6905
18 23 3489
18 24 6316
18 26 2331
18 27 4384
18 28 2379
18 29 4636
18 31 1766
18 32 970
18 33 5280
18 34 665
18 36 1008
18 37 6875
18 39 2847
18 40 5059
18 41 5621
18 42 5260
18 43 5056
18 44 4361
18 47 3460
18 48 559
18 49 4269
18 50 1903
18 51 6576
18 52 3772
18 54 4271
18 55 5326
18 56 1458
18 57 4562
18 59 6139
18 61 2546
18 62 2586
18 64 2270
18 66 2828
18 67 7464
18 68 1013
18 69 2282
18 71 1520
18 72 1404
18 73 2681
18 76 4320
18 77 7411
18 78 1692
18 79 4356
19 20 722
19 21 4321
19 22 7111
19 23 4671
19 24 1127
19 25 7233
19 29 3030
19 31 2012
19 32 6636
19 33 3859
19 34 6092
19 38 7324
19 39 330
19 40 3434
19 41 4012
19 42 6842
19 43 3428
19 44 169
19 45 81
19 46 2242
19 50 602
19 51 4129
19 53 2720
19 55 1855
19 56 3557
19 57 7018
19 58 4401
19 60 6701
19 62 2628
19 63 5072
19 64 4885
19 65 1637
19 66 5807
19 67 2171
19 69 6299
19 71 1518
19 72 5062
19 73 6193
19 74 4340
19 75 427
19 76 6252
19 77 6792
19 78 3
20 22 167
20 23 2680
20 26 2761
20 27 5098
20 28 5193
20 30 6710
20 31 1065
20 32 5514
20 33 5773
20 34 1461
20 35 1327
20 37 5164
20 40 1635
20 41 4833
20 42 4451
20 43 3004
20 44 451
20 45 1886
20 47 5390
20 48 4942
20 49 5138
20 51 2262
20 52 301
20 53 5708
20 55 2224
20 57 1029
20 58 1115
20 59 5721
20 60 6269
20 61 5275
20 62 677
20 64 6298
20 65 6269
20 66 2855
20 67 5546
20 68 3871
20 69 1994
20 70 6987
20 71 3388
20 72 7273
20 73 1591
20 76 6900
20 77 5072
20 79 1994
21 22 1374
21 23 5302
21 24 3327
21 26 4936
21 28 1306
21 29 2019
21 30 352
21 31 5745
21 32 6996
21 33 2504
21 34 7122
21 35 6427
21 36 5229
21 37 71
21 38 3758
21 39 4281
21 40 6718
21 41 1952
21 42 3894
21 44 5199
21 45 741
21 46 459
21 48 1372
21 49 4751
21 50 6986
21 51 4032
21 52 433
21 53 2017
21 54 1483
21 55 1947
21 56 6186
21 57 3573
21 59 6318
21 60 4934
21 61 6337
21 62 4072
21 63 3841
21 65 2652
21 66 2244
21 67 549
21 68 5752
21 69 536
21 72 4894
21 73 5484
21 74 1151
21 75 772
21 76 6725
21 78 2092
21 79 5878
22 23 2837
22 26 3721
22 27 3450
22 28 4112
22 30 3945
22 31 7284
22 33 4677
22 34 6816
22 36 7223
22 37 1835
22 38 5084
22 40 2273
22 41 4905
22 42 2633
22 44 5206
22 45 7468
22 46 3816
22 47 1930
22 48 2655
22 50 3987
22 51 158
22 52 3700
22 53 728
22 54 5113
22 55 513
22 56 4767
22 57 2362
22 58 4450
22 59 4665
22 60 1552
22 61 7287
22 62 7036
22 63 3598
22 64 2336
22 65 2038
22 66 755
22 67 7327
22 68 3177
22 69 6236
22 72 440
22 73 7237
22 74 3720
22 75 5500
22 76 4006
22 77 2956
22 78 71
22 79 3474
23 24 6341
23 25 6682
23 27 6288
23 28 3310
23 30 2715
23 31 3594
23 32 6428
23 34 5017
23 35 7062
23 36 1390
23 39 1105
23 40 7362
23 41 3178
23 42 140
23 43 416
23 44 3821
23 45 6998
23 46 1296
23 49 5896
23 51 1281
23 52 4920
23 54 5474
23 56 1385
23 57 1703
23 58 5712
23 60 6946
23 61 3456
23 62 714
23 63 5415
23 64 4610
23 66 4658
23 67 908
23 68 89
23 69 1886
23 72 1833
23 73 4932
23 74 3767
23 76 830
23 77 5127
23 78 1831
23 79 6487
24 25 6061
24 26 2755
24 27 2464
24 29 2649
24 30 3381
24 31 6065
24 32 5449
24 33 7304
24 34 1042
24 35 1851
24 37 3860
24 38 2558
24 39 4764
24 40 6623
24 41 5784
24 43 1039
24 44 1967
24 45 4087
24 46 1535
24 47 5056
24 48 1789
24 49 3225
24 50 1638
24 51 5178
24 52 426
24 53 6199
24 54 2954
24 55 1030
24 56 4510
24 58 1044
24 60 7100
24 61 876
24 62 1068
24 63 210
24 64 1360
24 65 479
24 66 2442
24 68 119
24 69 1775
24 70 2005
24 72 6244
24 74 2105
24 75 3195
24 76 6984
24 77 1600
24 78 936
24 79 4504
25 26 3199
25 27 3557
25 28 1309
25 30 2276
25 31 5460
25 32 2615
25 33 6439
25 35 5183
25 38 2426
25 39 639
25 40 472
25 41 4197
25 42 2932
25 43 1308
25 46 1531
25 47 4355
25 48 4465
25 49 4831
25 50 6662
25 51 338
25 54 4745
25 55 3010
25 56 5784
25 57 6782
25 58 3591
25 59 4217
25 60 2382
25 61 4004
25 62 1739
25 63 5452
25 65 1269
25 68 654
25 69 1856
25 70 1605
25 71 1770
25 72 589
25 73 4112
25 74 5925
25 75 6679
25 76 4787
25 77 1988
25 78 7408
25 79 3401
26 27 2054
26 28 550
26 30 489
26 31 2991
26 32 6696
26 33 3041
26 35 1369
26 36 929
26 37 451
26 38 4902
26 39 6459
26 40 1884
26 41 2702
26 42 5048
26 44 7102
26 45 5485
26 46 636
26 49 7409
26 50 2494
26 51 1437
26 52 3169
26 53 2912
26 54 5601
26 55 2607
26 56 6426
26 57 5964
26 58 5199
26 60 2652
26 61 3372
26 62 3174
26 63 1585
26 64 1965
26 65 6758
26 66 5408
26 67 563
26 69 5713
26 70 1931
26 71 3917
26 73 1694
26 74 5208
26 75 4733
26 76 4187
26 77 2003
26 78 834
26 79 2907
27 28 4525
27 29 5332
27 30 3997
27 31 2543
27 32 3130
27 33 1623
27 35 5435
27 37 4679
27 38 1824
27 40 5408
27 41 6348
27 42 55
27 44 2934
27 45 6246
27 46 4386
27 47 1444
27 48 5021
27 50 650
27 51 2471
27 52 6213
27 53 5485
27 54 3936
27 55 1678
27 56 1891
27 57 3226
27 58 3729
27 59 3698
27 60 5065
27 61 6302
27 62 6449
27 63 4171
27 64 6751
27 65 7031
27 66 6819
27 68 5531
27 70 6533
27 71 7102
27 72 571
27 73 6647
27 75 2875
27 76 3630
27 77 1196
27 78 1733
27 79 4642
28 29 6944
28 30 1566
28 31 6910
28 32 5770
28 33 2206
28 34 372
28 35 1684
28 36 2828
28 39 6744
28 41 2119
28 42 5586
28 43 4961
28 44 5633
28 45 7272
28 46 7178
28 48 6129
28 49 34
28 50 6823
28 51 5902
28 52 4317
28 53 2963
28 55 6802
28 56 5778
28 57 3623
28 59 1708
28 61 5486
28 62 6099
28 63 6932
28 64 3761
28 65 2109
28 66 329
28 68 1420
28 69 690
28 70 401
28 71 4232
28 72 2954
28 74 1242
28 76 2147
28 77 4164
29 30 5462
29 31 2580
29 32 7288
29 34 2608
29 37 2327
29 38 4292
29 39 3272
29 40 3646
29 41 2249
29 42 4474
29 43 1770
29 45 4350
29 46 3851
29 47 5301
29 49 6733
29 51 960
29 53 1867
29 55 4194
29 56 1436
29 57 3407
29 58 7253
29 60 7001
29 61 5320
29 62 6279
29 63 5620
29 64 6157
29 65 5084
29 66 1682
29 67 2573
29 68 5275
29 70 7141
29 72 2686
29 73 6087
29 74 2680
29 75 4898
29 76 2295
29 77 7284
29 79 6062
30 31 2639
30 32 7428
30 33 3428
30 34 3910
30 35 671
30 36 3221
30 41 4399
30 42 917
30 43 191
30 44 6940
30 45 1379
30 48 7209
30 49 1615
30 50 1078
30 51 4575
30 52 7141
30 53 2451
30 54 5009
30 55 559
30 56 7384
30 57 2723
30 58 3808
30 60 2850
30 62 887
30 64 5059
30 65 661
30 66 2616
30 67 222
30 68 6433
30 69 1502
30 70 4881
30 71 3777
30 72 1223
30 73 638
30 74 6891
30 75 3827
30 76 2595
30 77 4604
30 79 6410
31 32 2824
31 33 174
31 34 1378
31 35 1041
31 36 964
31 37 5888
31 38 7202
31 39 3509
31 40 274
31 41 1094
31 43 4865
31 45 7459
31 46 3755
31 48 1516
31 49 439
31 50 6854
31 51 2804
31 52 1150
31 53 1200
31 54 3282
31 56 2333
31 57 3629
31 59 4722
31 62 3571
31 63 7248
31 65 5767
31 66 5161
31 67 324
31 68 4300
31 69 741
31 70 1582
31 71 5736
31 72 1416
31 73 725
31 74 163
31 75 4057
31 76 426
31 78 1364
31 79 817
32 33 2998
32 34 5730
32 35 973
32 36 2059
32 37 6328
32 38 6003
32 39 2925
32 40 450
32 41 5552
32 42 1201
32 44 4405
32 46 4831
32 48 5046
32 49 6912
32 52 2089
32 53 4845
32 54 733
32 55 2944
32 56 1110
32 57 5001
32 58 5608
32 60 2928
32 61 1652
32 63 5211
32 64 4968
32 65 4175
32 66 7367
32 67 6373
32 68 6311
32 69 1832
32 70 5077
32 71 5114
32 73 6223
32 74 7344
32 76 4173
32 77 5564
32 79 4825
33 34 4331
33 35 7307
33 36 5931
33 37 1474
33 38 6395
33 39 7179
33 40 5315
33 41 2636
33 42 7298
33 43 1575
33 46 1340
33 48 5160
33 49 5495
33 50 4560
33 51 7462
33 53 1569
33 54 1310
33 55 4466
33 56 5378
33 57 6412
33 58 6328
33 59 127
33 60 2406
33 61 2349
33 62 822
33 63 3114
33 64 200
33 65 2110
33 67 2443
33 68 5076
33 70 25
33 71 5607
33 72 1800
33 73 7485
33 74 4380
33 75 7461
33 76 2641
33 77 3910
33 79 3583
34 35 6922
34 36 6580
34 38 2411
34 39 3602
34 40 4957
34 41 1915
34 42 279
34 43 822
34 44 1209
34 46 4440
34 47 1600
34 48 7462
34 49 3058
34 50 6626
34 51 2684
34 52 5690
34 53 6020
34 54 3025
34 55 2951
34 57 486
34 59 764
34 60 5716
34 61 7279
34 62 2184
34 63 2695
34 65 1508
34 66 6425
34 68 4417
34 69 828
34 70 7460
34 71 807
34 73 2609
34 75 3094
34 76 2556
34 78 771
34 79 2257
35 36 5436
35 37 190
35 38 1193
35 40 6469
35 42 3385
35 43 1630
35 44 2868
35 45 3353
35 46 2780
35 47 6619
35 48 406
35 50 3114
35 51 1471
35 52 6612
35 53 3153
35 54 5508
35 55 4482
35 56 1096
35 57 3268
35 58 5687
35 60 1881
35 61 3356
35 62 6247
35 63 2545
35 64 4280
35 65 7242
35 67 4097
35 68 2632
35 69 3119
35 70 6497
35 71 858
35 73 1953
35 74 653
35 75 3967
35 76 7377
35 77 870
35 78 2432
35 79 719
36 37 3832
36 38 426
36 39 180
36 40 6522
36 41 6824
36 43 3960
36 44 6280
36 45 1260
36 46 4473
36 47 3169
36 48 2359
36 49 699
36 50 2217
36 53 3500
36 54 4516
36 55 5095
36 57 1787
36 58 2065
36 60 867
36 61 2529
36 62 89
36 63 1014
36 64 2180
36 65 5383
36 66 5529
36 67 4095
36 68 214
36 70 2566
36 71 4297
36 72 6050
36 73 6498
36 74 7403
36 75 298
36 76 7132
36 77 6031
36 78 3159
36 79 5494
37 38 3350
37 40 6740
37 41 1885
37 42 6800
37 43 5973
37 44 3516
37 45 4524
37 47 7113
37 49 5867
37 50 6111
37 51 1028
37 52 6751
37 54 421
37 55 3909
37 56 3380
37 57 1861
37 58 1598
37 59 1734
37 60 2519
37 61 4915
37 62 5337
37 63 1073
37 64 2529
37 65 2167
37 66 4348
37 67 3804
37 68 2137
37 69 2217
37 70 3016
37 71 5179
37 74 182
37 75 3585
37 76 185
37 77 2727
37 78 6902
37 79 4998
38 40 6378
38 41 4234
38 42 3058
38 43 5457
38 44 6961
38 45 2653
38 47 129
38 48 6882
38 49 5586
38 50 2455
38 51 329
38 52 5477
38 53 5442
38 54 1322
38 55 3056
38 57 1767
38 59 3676
38 60 278
38 61 3257
38 63 4126
38 65 2672
38 67 7109
38 69 6483
38 70 3561
38 71 4619
38 72 7041
38 74 1449
38 76 3215
38 77 3985
38 78 6
38 79 58
39 41 4525
39 42 6598
39 43 263
39 45 6224
39 47 5206
39 48 5719
39 49 4131
39 50 5761
39 51 7068
39 52 6159
39 53 1775
39 55 16
39 56 7181
39 59 3450
39 60 7140
39 64 1064
39 65 5020
39 66 166
39 67 4989
39 68 662
39 69 4571
39 70 1809
39 73 5597
39 74 2450
39 75 1763
39 76 4957
39 78 7035
39 79 97
40 41 2352
40 42 2939
40 43 6829
40 44 2022
40 45 4399
40 46 2080
40 47 2240
40 48 807
40 49 6676
40 50 1268
40 51 5691
40 52 4168
40 53 5545
40 54 3240
40 56 2188
40 60 531
40 61 1802
40 63 6201
40 64 5673
40 67 4858
40 68 4861
40 69 4604
40 70 5140
40 71 2786
40 72 3237
40 73 5647
40 74 4432
40 76 3106
40 79 154
41 42 3892
41 43 4921
41 44 1920
41 45 3129
41 46 6328
41 48 5778
41 50 3417
41 51 4071
41 52 4495
41 54 3014
41 55 2009
41 56 1272
41 57 5404
41 58 5344
41 60 443
41 61 3115
41 62 3014
41 65 5208
41 66 119
41 67 68
41 68 2533
41 69 7063
41 70 5373
41 71 245
41 73 81
41 74 2083
41 75 1069
41 76 2107
41 77 6720
41 78 3185
41 79 5516
42 43 2899
42 44 4839
42 45 6327
42 46 6952
42 47 7498
42 48 7128
42 49 6666
42 50 3825
42 51 5258
42 52 14
42 53 7093
42 55 551
42 57 3053
42 58 4622
42 59 2820
42 60 924
42 62 6102
42 63 4060
42 64 2824
42 65 5793
42 66 4517
42 67 3876
42 68 4414
42 69 7234
42 70 5076
42 71 575
42 72 7170
42 73 1179
42 74 737
42 79 4217
43 44 12
43 45 5639
43 47 2784
43 48 3144
43 49 4465
43 50 4058
43 51 301
43 52 24
43 53 6589
43 54 4840
43 55 5680
43 56 2291
43 58 751
43 59 4817
43 60 5974
43 61 5742
43 62 6514
43 63 5747
43 64 6364
43 65 4067
43 66 1948
43 67 7231
43 70 7050
43 71 2240
43 72 5773
43 73 3395
43 75 4145
43 76 7382
43 77 2522
43 79 5486
44 45 1925
44 47 7140
44 48 5094
44 49 1273
44 50 5152
44 51 7200
44 53 942
44 54 2387
44 57 3115
44 59 6015
44 60 2888
44 61 3437
44 62 4226
44 63 2369
44 64 7038
44 65 4987
44 66 7430
44 68 5082
44 69 4994
44 70 6979
44 73 4001
44 76 5255
44 77 4481
44 79 3221
45 48 2486
45 50 875
45 51 1945
45 52 411
45 53 2152
45 56 3329
45 58 4808
45 59 932
45 60 5591
45 61 6674
45 63 2009
45 65 7132
45 66 3601
45 67 4750
45 68 2991
45 70 6201
45 71 909
45 72 2485
45 73 497
45 74 3389
45 75 824
45 76 4712
45 77 572
45 79 6435
46 47 3424
46 48 7050
46 49 5587
46 50 4023
46 51 2560
46 53 3914
46 55 4823
46 56 5246
46 57 5914
46 58 5722
46 59 2085
46 61 4327
46 62 1218
46 63 6561
46 64 1666
46 65 3015
46 66 3957
46 68 6792
46 69 5960
46 70 3989
46 71 1471
46 72 942
46 73 2496
46 74 6830
46 75 400
46 77 7304
46 78 6750
46 79 2835
47 48 3338
47 49 3033
47 50 6924
47 51 3868
47 53 3943
47 54 2693
47 55 6207
47 56 5798
47 57 1083
47 58 5354
47 59 6714
47 61 5837
47 62 4121
47 63 3133
47 64 1099
47 65 2807
47 66 4174
47 67 2472
47 69 104
47 71 2796
47 72 2488
47 74 987
47 76 5192
47 77 4976
47 78 3388
47 79 6703
48 49 4953
48 51 6052
48 52 7473
48 53 4331
48 54 4005
48 56 4108
48 57 4287
48 59 5626
48 61 6612
48 62 3112
48 63 3873
48 65 6112
48 66 4653
48 67 5407
48 68 991
48 69 4849
48 71 1679
48 72 848
48 73 1375
48 74 1516
48 75 2063
48 77 4980
48 78 602
48 79 5910
49 52 2854
49 53 4654
49 54 4948
49 55 4697
49 59 7417
49 60 5473
49 61 5681
49 62 3424
49 63 2711
49 64 6294
49 66 1592
49 67 457
49 69 1821
49 70 3912
49 71 6558
49 72 6743
49 73 6318
49 74 3543
49 75 1136
49 76 1142
49 77 3076
49 78 4806
50 51 16
50 52 1867
50 53 6300
50 54 1519
50 55 2310
50 56 1076
50 57 5340
50 59 6961
50 60 3739
50 61 3849
50 62 4345
50 64 4338
50 65 5168
50 66 248
50 68 264
50 69 1098
50 70 4004
50 72 2111
50 73 6278
50 74 3577
50 75 4908
50 77 4725
50 79 7426
51 52 3904
51 53 4958
51 54 6704
51 55 2103
51 57 1335
51 58 1050
51 59 749
51 60 4691
51 61 6015
51 62 4375
51 63 5334
51 65 5828
51 66 388
51 69 3129
51 70 4073
51 71 6475
51 72 914
51 73 1579
51 74 2411
51 75 4160
51 76 7245
51 78 5342
51 79 2642
52 53 4833
52 55 1643
52 57 2030
52 60 7398
52 61 5267
52 62 4519
52 63 6600
52 64 324
52 65 6858
52 66 5221
52 67 6564
52 68 492
52 70 1985
52 71 7397
52 72 2940
52 73 5318
52 74 1273
52 76 2466
52 77 2829
52 78 1318
52 79 6478
53 54 4294
53 55 1478
53 56 4972
53 57 4406
53 58 3833
53 59 4996
53 60 6881
53 61 5145
53 64 6010
53 65 5660
53 67 6977
53 68 1199
53 69 1602
53 70 3890
53 71 4191
53 72 2348
53 73 5866
53 74 3598
53 75 4230
53 76 6247
53 78 5771
54 55 734
54 56 3632
54 57 7373
54 58 189
54 59 4511
54 60 4261
54 61 137
54 63 4327
54 64 1829
54 65 7409
54 66 7116
54 67 5306
54 68 5111
54 69 6186
54 70 3462
54 72 5175
54 73 4784
54 74 3018
54 75 3247
54 76 4064
54 77 6140
54 78 5861
55 56 7404
55 58 6164
55 60 6176
55 61 2471
55 63 8
55 64 3835
55 65 1483
55 66 3753
55 67 5407
55 68 1442
55 70 5505
55 71 4289
55 72 3577
55 73 933
55 74 61
55 76 6289
55 77 6023
55 78 12
55 79 3196
56 58 7030
56 59 11
56 60 6439
56 62 5708
56 63 3005
56 64 3426
56 65 645
56 66 3148
56 67 4266
56 68 817
56 69 5327
56 70 4987
56 71 132
56 72 3860
56 73 3870
56 74 561
56 75 1250
56 77 6377
56 78 2553
56 79 6454
57 58 6576
57 59 7054
57 60 1673
57 61 5526
57 63 4323
57 65 1810
57 66 7215
57 68 746
57 69 6424
57 70 1083
57 71 609
57 72 5402
57 74 1051
57 76 6478
57 77 6441
58 59 4616
58 60 377
58 62 7460
58 63 2276
58 64 258
58 65 6772
58 66 4088
58 68 3112
58 69 1296
58 70 2947
58 71 7268
58 73 5097
58 74 5307
58 75 2667
58 78 3785
59 60 2596
59 61 6455
59 63 4119
59 64 5085
59 65 6173
59 66 1521
59 67 7452
59 68 1657
59 69 5
59 70 591
59 71 720
59 73 3386
59 74 1940
59 76 2383
59 77 7036
59 79 7009
60 61 1776
60 63 185
60 66 2486
60 68 4142
60 69 1946
60 70 3933
60 71 1531
60 72 6537
60 73 1838
60 74 6939
60 75 1063
60 76 4666
60 78 4174
60 79 3925
61 62 569
61 63 5553
61 64 5814
61 66 255
61 67 1988
61 68 4343
61 69 6951
61 70 5953
61 71 7344
61 72 5815
61 73 5419
61 74 4923
61 75 3066
61 76 5609
61 77 3497
62 63 4290
62 64 3622
62 65 7276
62 66 6064
62 67 3781
62 68 6535
62 69 6483
62 70 6921
62 71 4128
62 72 5608
62 73 2316
62 74 3482
62 75 1453
62 76 4858
62 77 328
62 78 1610
62 79 6031
63 64 7149
63 65 6811
63 67 3091
63 68 5456
63 69 6451
63 70 3446
63 72 33
63 73 4524
63 74 2969
63 75 229
63 76 948
63 79 191
64 65 3595
64 68 3380
64 70 2301
64 71 5479
64 75 5340
64 76 2232
64 77 2144
64 78 6571
64 79 7260
65 67 7059
65 69 7185
65 70 6844
65 71 1001
65 72 4226
65 73 6887
65 74 4384
65 75 1362
65 76 6651
65 77 949
65 78 4551
66 68 1286
66 69 4306
66 72 604
66 73 2203
66 74 3950
66 77 3857
66 78 5885
66 79 1380
67 69 1593
67 70 6002
67 71 4910
67 72 3285
67 73 4203
67 74 727
67 75 5635
67 76 2919
67 77 79
67 79 6719
68 69 3627
68 70 2543
68 71 5987
68 72 931
68 73 2546
68 74 311
68 75 6283
68 76 2769
68 77 33
68 78 4827
68 79 639
69 70 5849
69 72 5728
69 73 7021
69 74 5763
69 75 3936
69 76 804
69 77 2443
69 78 3701
69 79 3127
70 71 322
70 72 1616
70 73 3754
70 74 4602
70 75 5918
70 76 4305
70 77 3164
70 78 2661
70 79 4610
71 72 1700
71 73 6795
71 74 6829
71 75 906
71 76 680
71 77 1782
71 78 7440
71 79 3644
72 73 6673
72 74 2647
72 75 2414
72 76 7442
72 78 1957
72 79 509
73 75 1542
73 76 173
73 77 2034
73 78 7287
73 79 123
74 77 1976
74 78 2860
74 79 5596
75 77 742
75 78 6781
75 79 3451
76 78 4259
76 79 163
77 78 4638
77 79 2856
78 79 1392
