35 80 2496
6279 3042 3683 273 1902 650 5268 3719 1831 2554 5128 5363 1345 1409 4349 3418 5380 6580 2959 1293 3662 7436 4483 4408 1351 2490 5141 5936 1021 2453 2640 7299 4346 6322 6423
6247 6971 4190 2466 154 5595 6445 5516 6940 6705 2364 2857 3436 296 4668 4728 2809 3455 562 6068 4806 1903 3708 2093 2924 5013 4732 2722 710 2405 1645 6957 727 4686 774 880 2781 7218 6396 2220 6422 111 3928 2357 406 1095 5936 2066 4550 6497 634 707 899 3193 2799 2674 705 6382 4248 1415 1286 4744 7223 2012 1929 496 1744 4709 6565 6991 5780 5486 7101 2208 6694 6359 3302 5129 7276 6703
2977 409 7409 2727 3602 2707 5401 3158 1588 2148 3424 1725 6891 1998 3737 171 2493 4332 3732 409 3822 2011 5894 2274 4218 3939 1132 6372 419 908 5574 3395 168 4335 4974 2621 7041 1726 4631 7481 2725 6906 1705 2115 1404 4293 1137 2748 1124 4868 3157 3797 6879 402 6071 2448 4341 7202 1319 4759 6961 5745 7006 5981 2579 4479 1101 971 5056 5731 7303 280 5137 1508 1246 5392 4652 2382 639 5776
7250 2647 924 5480 3049 6994 427 6241 5548 598 3499 3860 5194 1856 2340 6624 5186 3441 94 2741 523 7397 3020 4511 256 4265 1254 4907 6647 745 2034 5248 3391 2958 3227 5291 1303 2505 4031 6850 3102 6382 2062 7147 737 4401 6270 5923 6693 5216 1163 6068 3964 3035 3078 3071 7299 3184 477 5297 3928 1363 3044 7318 3172 6270 5109 3326 127 491 2676 2080 6872 3589 1727 109 489 6848 4883 6034
4563 4897 4601 7378 431 6530 2948 6582 2213 2277 4378 6140 2491 7422 4810 4514 5043 1270 339 5169 1760 1866 7249 1132 5454 1475 92 4795 7174 4974 3328 3089 1222 6780 2966 1653 5809 4766 734 6874 5894 3963 4365 884 3884 1674 5397 279 1795 4587 5447 3555 6453 4047 3538 4406 4373 3629 1700 4047 7454 3879 7135 1175 3158 1452 1679 1467 5069 2412 840 3462 5227 5204 3197 1610 5730 7445 740 24
4532 6187 2430 3484 1585 5967 6741 5958 2095 941 1356 900 4819 7342 2075 477 1293 3753 795 6362 5017 486 1175 2743 5689 4372 3204 2770 4316 3944 2794 199 1482 5223 3682 3066 2542 2923 375 4636 2715 1730 5536 6385 423 6462 6861 1716 2714 6507 6929 6582 6992 603 1824 5181 3826 5028 6802 642 323 947 840 1804 5022 3374 3721 63 5148 4096 3550 362 4677 1585 5598 5100 6898 4959 5667 2112
3965 3947 1193 3457 4549 1869 7489 875 5748 5642 368 6070 6589 59 6725 4110 2284 2945 4172 7431 5892 221 6644 1921 658 4742 5872 55 1052 4038 1018 3868 484 1063 6176 3884 2931 5016 3610 30 3158 3977 6099 2246 2888 5323 5207 5171 7119 1878 3954 5511 950 3097 7431 1607 6690 5802 514 241 1191 1531 4109 526 2593 1636 4409 4375 6652 6871 3256 2309 3347 1854 3406 5086 6028 1112 2757 5647
1841 6710 3657 2790 1158 2439 4397 348 740 4910 6940 1930 5292 2400 2455 6737 4036 5715 2463 2039 5085 5719 4347 7284 72 6604 4869 4952 215 6477 1950 2055 4538 4458 3696 5696 6896 592 4895 6487 4353 3186 7268 2145 5586 2222 233 973 6788 2695 3011 3225 913 6209 3008 7337 5312 6728 4788 4378 5705 6737 6432 1594 3694 2627 6141 1941 2071 3535 927 5275 5573 694 6271 3658 1767 6503 4630 1054
1698 6492 4278 2610 5200 6137 1298 3011 5365 6085 7388 2421 4173 5171 4014 6718 6649 2655 1158 71 5041 936 5346 3113 1629 4116 5622 3395 3119 1603 3301 4816 594 6430 6277 5793 3919 75 1303 1783 5011 42 3055 536 5212 7068 7253 4361 1074 7263 4431 4967 698 1128 6931 1179 5244 3905 3425 862 5507 5577 4529 4953 4507 2157 3245 7277 2231 3400 1559 6094 3441 4613 6629 5 3032 5233 3217 2958
3847 6499 6776 4545 127 6206 5723 5370 2610 499 5083 6969 6076 2111 4421 1934 3119 6517 1710 5350 1268 3268 2795 4709 6732 775 3565 1115 6007 6781 2924 2354 5779 2199 5750 4757 905 2824 2626 2366 3322 6560 686 1897 22 3958 3830 3141 1827 5539 7342 3094 158 2636 6654 5741 3410 2718 6856 768 850 1131 3121 6629 3330 222 2737 3086 3045 5363 4303 6367 3274 4989 763 3296 298 3445 5288 2124
1483 5129 5218 1641 6616 3223 6233 1377 5941 4440 2144 6790 5571 4117 4770 1400 4338 7 4485 7383 4221 1287 6249 7494 5127 5863 2141 4277 1807 6280 6400 3290 3908 2969 3782 1875 6192 1366 3251 3484 5806 5395 2773 3876 863 6395 5275 5200 6401 1111 3934 1973 1249 2682 818 5228 7397 1811 2004 1703 590 7255 3844 3350 2724 6477 5224 267 343 975 3750 6148 5221 6522 2523 4935 4268 6649 2634 2020
259 6568 3992 359 601 4810 5586 497 5472 6441 2200 6061 6196 4895 1910 1419 3872 7134 537 4214 6960 4286 1713 3532 2159 3087 966 6427 2235 3599 946 1345 1518 3790 1703 2119 1099 6141 1467 6570 5081 2518 3982 3776 7413 5892 4046 3784 4377 4582 6849 3836 1367 1061 7367 2378 4147 7184 1304 5233 3282 1101 5429 3652 4890 5983 4622 4840 4623 6088 2761 1056 7458 6743 4831 7370 5134 229 2505 862
4810 1853 4697 5029 1765 3415 7406 4763 3098 61 2495 5231 1161 6775 1382 6051 5257 4855 3390 1232 2295 6151 2287 2252 4245 5969 2121 1878 6197 4625 2739 2359 5329 6287 6239 7093 1053 4996 3207 4150 5056 4553 732 5068 3827 2114 2470 1583 5820 5860 2814 614 3362 5100 2865 106 2421 3837 835 1117 7313 2425 2327 5141 63 1065 3585 1115 6060 6791 5264 2467 3843 5995 35 169 6960 2504 604 5280
7215 3417 4745 1928 7369 110 885 2289 3946 1719 2257 2611 2995 4584 251 3057 4500 2688 4171 1912 1978 786 4378 4673 5633 3264 3693 5092 5768 4296 1723 4334 6565 6468 6262 5285 5429 7146 73 1874 217 1181 4484 3211 4616 3587 5120 1616 6274 642 3527 7103 1428 404 4275 7060 3668 468 3503 787 4763 5226 5120 2679 3045 2733 463 973 1231 6887 1698 1447 568 5034 3509 5183 1120 1128 5650 6245
622 1676 5847 2049 932 2622 1608 3451 1941 5110 4237 5555 1687 708 734 4731 2293 1196 5703 3523 583 7401 4969 2 4934 7329 5184 4905 7309 3334 3649 430 3861 847 2478 4792 3468 2937 742 4260 6898 3830 2315 7437 3390 3048 4667 5682 4243 1722 1704 3677 1622 5524 3678 5407 5352 214 1663 5160 2399 5311 4441 5111 6157 5770 2403 977 1206 1996 5236 6956 4678 50 6892 567 1949 2910 6248 6192
4631 451 1220 5104 5974 3750 1862 2677 3963 3524 337 5213 186 3629 2823 5195 1899 4077 5023 1956 4925 2758 1411 2102 1660 802 2668 2460 2564 1415 3 7194 1865 1223 4798 6690 4972 6659 1866 286 1535 1054 4350 1720 4683 7172 6914 5433 2601 4436 7388 25 6046 1299 2126 6557 952 4793 1516 3515 5059 1519 2061 5775 1593 6858 4964 6564 4868 5681 5701 5254 6735 2550 6974 2769 1073 5239 701 2525
1027 588 2549 5924 738 3526 3832 542 818 5347 2908 5876 5717 4968 4150 6161 3177 465 4076 545 6146 2276 4650 4232 3677 4123 7000 3602 714 6552 6126 592 7139 27 6515 6729 3552 1698 7270 4370 5896 2677 1597 4113 6497 4599 2773 2173 3915 6849 1569 2560 476 6219 6791 3005 1693 5142 6606 2406 4193 5231 1849 2684 5257 7215 1912 1309 1412 533 4530 7308 2061 4978 2772 1057 928 4396 3230 3695
2596 4798 6254 1924 3516 4397 4928 4061 2038 4033 6466 5083 615 7167 266 4724 6881 2177 4884 7145 1561 765 6952 2473 4594 1075 3530 5522 5470 5611 1716 6918 1760 6821 1341 4128 2569 6268 688 4607 1652 6005 2189 2266 5671 1306 6989 3904 2334 3224 3548 3894 3988 1851 6366 1082 2925 1247 5455 7246 5709 7170 6663 7469 5342 6855 2948 411 5622 3635 3869 6125 991 4909 7243 6662 6214 6731 1917 1047
2455 5464 3792 5294 7314 1509 6375 1590 2756 4329 1335 7316 2850 6850 7284 692 6204 1583 7454 3178 5217 3822 1802 6208 1230 1544 4221 6295 7127 6137 7341 933 2952 2484 6226 1617 3992 3953 3206 5599 781 3392 5415 3631 2741 4050 3174 297 5633 3127 2326 2201 6948 2979 908 7029 3375 3980 5823 1853 1468 4515 2785 3271 6998 362 4887 2341 3166 6944 440 3947 1688 4706 6429 3280 1255 2102 3576 6887
5228 4753 1588 3527 232 1347 3055 3606 4179 229 5458 5646 3595 7094 269 1944 6307 5155 4284 1973 3451 3575 5919 3990 780 4847 7269 2035 5800 2197 273 3527 6949 712 5905 7180 911 311 2137 5089 539 94 2086 2985 7187 2354 4928 5994 6361 563 466 1163 4138 5236 5152 4917 1434 3772 5803 7233 5968 4928 2111 4269 5639 515 3948 6549 825 4937 2989 215 5030 5075 3199 3569 6280 6978 914 5140
6392 231 5154 3029 5466 2805 6798 5751 6577 3952 5483 3896 1379 6445 664 7018 5811 4612 4918 6635 900 407 5701 5929 4333 251 849 3112 7228 1762 7104 6119 1992 4757 500 6309 62 6149 3411 5490 2600 245 1885 3979 6689 2549 2348 4999 6012 7265 2985 6911 6523 1185 5339 3355 1435 5040 5319 14 6801 4922 6133 145 2178 5484 5305 2239 4132 1216 6580 6731 1460 965 2061 7001 3513 4408 4499 2024
3025 7484 1434 2047 20 5624 4254 307 3163 2072 320 1316 5845 5304 1460 522 3287 6764 1613 7418 6831 692 5501 7143 1656 61 6643 4020 3321 2493 6043 6345 2476 6328 7243 1348 4452 2848 1654 6466 3771 1973 281 2115 7277 592 2637 1915 6208 3101 685 5538 3792 6185 5180 4300 5097 3174 819 7269 5667 5714 6113 6994 4541 4708 841 344 55 2494 6810 2678 3319 5942 4792 1947 6534 6280 2713 5241
732 3397 2130 3376 933 6162 175 4882 1835 7345 4650 1 5558 2115 6995 1451 6822 335 1794 5728 1681 7455 905 3851 5897 4549 4649 3782 3328 7361 374 4060 2110 2503 7435 3042 1164 6461 6775 1851 5157 3925 1851 3215 6039 1345 3517 4212 532 5310 1291 1064 4117 2196 3766 1365 5596 914 5146 275 7126 5519 3186 1735 6873 1972 3629 537 932 1755 2387 6089 5679 3089 655 3069 3286 4171 6132 2669
832 7423 2584 4948 970 6349 6312 5417 6114 2809 5691 4591 827 1377 5178 6552 3348 1306 7088 4280 1912 826 1720 6443 2766 1226 863 6051 5396 6995 1219 5079 5769 3802 1379 5590 1502 190 3506 6467 1851 1696 3558 1529 1924 1235 580 5272 1392 6519 903 3303 6196 2622 2245 1462 2699 3108 6364 594 1454 6435 5672 6074 1588 5902 4163 3090 6092 6520 2056 6794 715 4465 822 2639 5699 254 6762 5942
6772 164 1745 5468 1637 2841 5781 4335 4800 4644 3780 5105 3578 803 3678 5166 6705 340 7107 4148 5711 1662 3441 6426 6127 3114 416 3177 3367 7177 1619 2639 6192 2215 6958 328 5055 5238 3514 1207 2381 7293 6311 4811 595 2489 2476 7299 1680 2082 2798 7391 2595 6238 5168 73 1852 4435 2102 5218 4111 3720 6708 1654 4786 6165 1981 1192 3902 5494 2398 5135 4138 61 2445 4732 1401 3772 3383 1932
5853 6180 674 7299 3770 5841 7372 5621 2775 1973 2190 5737 4544 250 6242 1829 6414 722 3020 1668 5067 4270 5654 1704 4330 6950 5288 5730 3221 22 6513 425 5053 7187 223 1322 5527 94 5794 7154 918 6836 4242 4313 7085 2984 6141 4850 2557 513 6517 6476 3634 3522 7031 6815 2971 3670 5044 6191 3691 4056 6615 1244 2594 6838 1417 621 5783 7211 6626 5553 6546 2219 1217 6130 4054 6210 3479 5463
6722 1348 4438 1707 3721 2820 1021 6692 6490 4916 4234 1532 323 2201 1627 2917 390 3044 2389 5024 1606 1514 3076 651 2584 3145 5632 6638 1854 462 4600 7427 661 389 1633 4382 3208 2653 2425 1049 68 5510 2581 390 210 4207 3306 599 6102 5694 5623 207 6059 50 857 1143 3194 5340 6632 3899 5802 2583 3825 5314 1823 5457 1047 3882 609 3471 4931 7028 1481 11 7418 542 3069 2075 1141 1671
6621 5615 1877 5179 4516 1586 5173 6562 5777 3156 2960 2930 4590 6785 744 6412 4741 1790 2794 4202 4113 224 3729 5593 6586 2498 4986 2154 4573 6126 2676 3693 3092 3405 223 108 4990 4248 5521 2118 7403 980 5048 3345 264 5791 2256 3857 6432 3901 558 3044 2976 3138 7488 2061 5636 4974 3067 2708 2451 4594 5252 5543 498 4326 4502 4339 1073 2522 6457 7328 3501 4004 2024 2617 1146 4279 5325 77
7032 4734 3121 2507 371 1960 3420 6006 6933 5338 65 1884 2431 4168 7426 1781 994 3279 6119 918 5800 5075 7097 652 430 1620 2120 1575 4751 7444 504 4282 4677 2476 5640 5048 4435 411 2405 2720 5748 2470 4603 7031 5489 3380 1311 6482 6658 7429 6252 4957 3856 5848 4460 4285 6320 6580 4712 3570 6523 4067 6703 2552 5394 3694 6451 2328 4105 207 5047 2352 1528 1001 1882 7017 3232 2044 4850 2389
1973 3601 6197 4680 801 3157 316 7120 2236 5027 2041 110 445 1243 1513 5838 4936 463 7018 392 670 3416 1596 2197 4417 3477 565 148 4373 5415 1389 6345 1515 85 3524 2315 2093 3839 786 3180 218 2826 2142 7014 2920 3654 5352 6708 2969 3721 7099 2490 7136 1194 3538 2904 3523 4103 1904 395 2017 3292 5591 2383 2228 466 4698 3173 3156 4335 6352 2225 7161 993 1739 1432 3499 5942 639 5319
2162 6590 308 1797 6635 3845 3553 2657 447 5456 1903 1315 1247 6345 3698 2326 6810 7247 5498 1318 4081 4350 3542 2593 4194 4132 4025 6544 2573 3515 4362 4734 1456 4669 5383 591 7366 1435 2099 6664 6890 4002 479 6988 1698 4176 1813 7360 2774 6163 1177 6854 1864 4718 799 4909 1350 3675 3953 2774 7189 814 6360 7497 4335 4242 587 4200 4528 2685 2215 2769 5538 2693 1108 7236 5720 1772 7095 7345
434 7123 6699 2297 4340 6349 7206 4541 2523 2510 7315 1063 2175 6174 1059 6509 1767 1645 2060 5146 3182 3127 414 1219 5819 1521 7306 2891 2144 5752 2735 2578 5374 785 3726 1066 7133 2283 4458 2155 4792 4272 2070 5819 1797 3128 3679 2415 4773 4591 60 6806 217 6825 6876 6035 7197 6682 277 1841 3785 3012 3270 511 2648 6995 1576 1133 630 6033 2139 4273 1657 4208 2591 2305 7336 6270 4720 3460
3360 3631 2765 3576 2956 992 962 2652 173 1239 3344 2810 3102 6613 3320 4601 4960 4895 5733 5589 2279 372 2361 3935 4579 4952 6240 3266 2573 2311 6725 5932 5941 841 859 1396 1833 1820 2900 857 1910 6243 3666 3863 4208 5837 7316 1667 2083 5548 7255 4362 5919 967 7148 1850 4770 4739 5115 7342 7049 3192 4625 4342 4032 5483 4589 4716 6155 7488 5573 564 5083 590 3279 642 6427 3094 2308 1009
1141 914 4222 5912 732 2722 6613 5502 7460 4227 5343 5861 7418 2468 2702 2802 450 7290 17 6604 6130 4441 6020 2564 5031 650 3205 2809 3743 5512 2669 3735 5277 6891 998 6008 2112 110 4009 923 3189 704 6783 1958 3171 836 4759 2472 626 3628 428 5607 6920 6447 670 4450 7096 3874 6110 2190 737 1279 5924 6013 7021 5774 4520 484 5883 7381 1406 1571 584 7041 2381 2606 6728 7139 5077 6205
2118 4356 4311 1538 2154 4980 4839 1749 1353 3449 2790 941 4727 66 6953 3099 5839 2825 3582 4221 1557 3839 4644 2140 3379 7024 3597 2607 5514 1173 1311 6484 4381 4474 521 6534 1953 4211 7135 2158 159 2424 3098 3737 2489 1403 6835 7179 3079 1768 2752 4635 5607 7395 6774 337 5770 2870 1795 2635 2894 1958 1618 6126 6431 990 5160 7235 5201 4794 744 4211 7217 2694 448 1058 4096 6134 736 7174
402 3487 3160 4860 2233 1285 5196 6854 3006 6991 841 5899 1448 1310 4525 6730 1152 1036 6464 6352 5829 6060 1914 4397 1253 1213 4306 4200 7347 5042 3873 6600 7380 5884 3959 965 7168 506 6670 2673 7496 10 7423 295 172 4447 5876 1323 4334 3692 6526 2662 2251 939 5911 3503 1004 2716 202 7202 257 2926 6301 6489 1309 1611 6305 976 2116 4326 3648 964 3188 3570 1258 3359 6869 7134 4681 3702
0 2 7223
0 3 3176
0 5 3938
0 6 4500
0 9 6987
0 11 4116
0 12 5701
0 13 1482
0 14 978
0 15 3273
0 17 5187
0 18 5543
0 19 6608
0 20 745
0 21 3527
0 22 4520
0 23 203
0 26 6763
0 27 1103
0 28 1652
0 29 6770
0 30 7274
0 31 5658
0 34 5957
0 35 185
0 36 4131
0 38 4875
0 39 6728
0 40 2751
0 41 6844
0 43 7003
0 44 1129
0 45 2304
0 46 6397
0 47 6312
0 48 4871
0 49 7171
0 50 2237
0 51 7049
0 52 978
0 53 566
0 54 1054
0 55 4555
0 56 398
0 57 5891
0 58 5042
0 59 3606
0 61 4761
0 62 2598
0 63 4316
0 64 2556
0 66 5349
0 68 4897
0 69 6394
0 70 4212
0 71 981
0 73 27
0 74 428
0 75 4627
0 77 732
0 78 5214
0 79 994
1 2 2029
1 3 1578
1 5 1367
1 7 5634
1 8 1669
1 9 7256
1 11 7088
1 13 5967
1 14 5857
1 15 5973
1 16 4748
1 17 4519
1 18 2399
1 19 1623
1 20 3322
1 21 364
1 22 3418
1 23 4494
1 24 328
1 25 3782
1 26 3394
1 29 7013
1 30 3830
1 31 6576
1 33 2675
1 34 2769
1 35 1607
1 36 5609
1 38 6512
1 39 777
1 41 5270
1 42 6076
1 43 5464
1 44 6176
1 45 2385
1 46 5412
1 47 3840
1 48 4801
1 49 383
1 50 4201
1 51 2813
1 52 1636
1 54 3442
1 56 4218
1 58 839
1 59 5264
1 60 4914
1 61 2297
1 63 1159
1 64 1088
1 65 3357
1 66 1343
1 67 3566
1 69 5230
1 70 6230
1 71 3599
1 72 1489
1 73 5240
1 74 1433
1 75 1001
1 77 5914
1 78 3346
1 79 3684
2 3 2950
2 4 855
2 5 862
2 6 248
2 7 6592
2 8 1008
2 9 3571
2 11 4593
2 12 6488
2 13 5604
2 14 909
2 15 5968
2 16 2722
2 17 5304
2 18 676
2 19 6248
2 20 2014
2 21 5159
2 22 3005
2 23 2154
2 24 1944
2 26 5656
2 27 7360
2 29 1043
2 30 5302
2 31 5766
2 33 987
2 34 6915
2 35 1436
2 36 1885
2 37 1439
2 38 2243
2 39 146
2 40 6654
2 41 3974
2 42 2110
2 43 5551
2 45 2933
2 46 3498
2 47 2665
2 49 4276
2 51 3691
2 52 3255
2 53 5476
2 54 4555
2 56 1555
2 57 3464
2 59 6290
2 60 4213
2 61 5913
2 62 2958
2 63 6895
2 65 911
2 66 1989
2 68 3807
2 69 6522
2 70 3344
2 71 6252
2 72 5965
2 73 804
2 75 363
2 76 2437
2 77 4097
2 78 5490
2 79 2868
3 4 6227
3 5 5468
3 6 3152
3 7 3675
3 8 1467
3 9 6252
3 13 4198
3 15 5001
3 17 4215
3 18 2602
3 19 1180
3 20 1781
3 21 5379
3 22 387
3 23 3138
3 24 556
3 26 6638
3 29 3290
3 30 5193
3 32 3462
3 33 3301
3 34 898
3 35 6390
3 37 69
3 38 4439
3 39 2741
3 40 967
3 41 5245
3 42 7052
3 45 1952
3 46 634
3 47 6998
3 48 4864
3 49 639
3 50 1099
3 51 4197
3 54 3772
3 56 7062
3 57 6650
3 59 6794
3 61 5198
3 63 1590
3 64 2539
3 65 2851
3 66 549
3 67 6186
3 69 7284
3 70 209
3 72 6755
3 73 5835
3 74 1933
3 75 1165
3 76 2732
3 77 3014
3 78 4507
3 79 4425
4 5 874
4 7 3724
4 8 6571
4 9 4240
4 10 6301
4 11 446
4 12 1475
4 13 3467
4 14 6655
4 15 4630
4 16 6646
4 17 5113
4 18 2596
4 19 1814
4 21 6762
4 22 4189
4 24 2243
4 25 3
4 26 3464
4 27 708
4 28 4163
4 29 3581
4 30 3731
4 33 3968
4 34 6794
4 35 916
4 36 5326
4 37 3155
4 38 843
4 39 388
4 41 2631
4 44 6445
4 45 6376
4 47 7409
4 48 4458
4 49 6873
4 51 3340
4 52 348
4 53 4795
4 54 1597
4 56 5296
4 58 4535
4 60 6017
4 62 5333
4 63 7222
4 64 1973
4 65 2968
4 66 7359
4 67 6630
4 68 5366
4 69 4010
4 72 4505
4 73 6531
4 75 6248
4 76 1518
4 79 7063
5 6 4218
5 9 1802
5 10 1597
5 11 1827
5 12 7040
5 14 2009
5 16 748
5 17 5341
5 18 2855
5 19 4418
5 20 2981
5 21 6193
5 23 4607
5 24 6742
5 25 5776
5 26 5090
5 27 6967
5 28 2070
5 30 2878
5 31 5900
5 32 1333
5 33 2870
5 34 5435
5 35 2315
5 36 6179
5 37 4843
5 38 2861
5 39 1978
5 40 5460
5 42 3330
5 44 1648
5 46 5873
5 47 943
5 48 6054
5 49 6553
5 50 562
5 51 839
5 52 6891
5 53 3816
5 54 6885
5 55 6397
5 56 868
5 57 4710
5 58 3071
5 59 5543
5 60 1039
5 61 5780
5 63 5575
5 64 2809
5 65 3683
5 66 2680
5 68 318
5 69 1094
5 70 1389
5 71 1875
5 72 6080
5 74 2142
5 75 7229
5 76 4621
5 78 74
6 7 3181
6 8 4316
6 9 3619
6 10 4202
6 11 6461
6 14 3199
6 15 6850
6 17 5987
6 18 4420
6 19 953
6 21 2485
6 22 1169
6 23 5894
6 24 2445
6 25 4947
6 27 1065
6 28 3116
6 30 5221
6 31 1884
6 32 5132
6 33 1152
6 35 1111
6 36 69
6 37 6077
6 38 2252
6 40 5011
6 41 5908
6 42 4364
6 44 3278
6 45 3028
6 46 1984
6 47 1818
6 48 185
6 49 3795
6 50 2740
6 51 4045
6 52 6831
6 53 3618
6 54 4258
6 56 5572
6 57 3945
6 58 2186
6 61 2938
6 62 2132
6 63 2789
6 64 1353
6 66 2941
6 67 6091
6 68 7201
6 69 7235
6 70 5599
6 71 2141
6 73 3295
6 74 1655
6 75 2110
6 76 6900
6 77 1796
6 78 451
6 79 724
7 8 3212
7 9 2395
7 10 3868
7 11 1271
7 12 6193
7 13 6986
7 15 1689
7 16 2062
7 17 861
7 18 1619
7 19 2302
7 20 6351
7 21 6107
7 22 2397
7 23 7115
7 24 3448
7 25 5735
7 26 4409
7 27 5102
7 28 2271
7 29 3646
7 30 1212
7 31 2763
7 32 4151
7 33 3466
7 34 1927
7 35 1432
7 36 6565
7 37 6020
7 39 4486
7 41 5027
7 42 6405
7 43 6613
7 44 4948
7 46 1093
7 47 4428
7 48 693
7 52 4254
7 53 5988
7 55 5052
7 56 945
7 57 1403
7 58 1516
7 59 1809
7 60 585
7 61 2514
7 62 6395
7 63 6658
7 66 2970
7 67 1489
7 68 2241
7 69 6856
7 71 5040
7 73 7317
7 74 1964
7 76 2331
7 77 5849
7 78 3483
7 79 7098
8 9 6191
8 10 4934
8 11 1875
8 12 500
8 13 211
8 14 3189
8 15 2457
8 16 7321
8 18 3921
8 19 445
8 21 4485
8 22 484
8 23 4150
8 24 2629
8 29 5201
8 32 5471
8 33 153
8 34 4584
8 35 736
8 38 7177
8 39 718
8 40 1761
8 41 1681
8 42 534
8 43 2766
8 44 7282
8 45 2186
8 46 90
8 47 1748
8 48 4438
8 49 3
8 50 6081
8 51 6051
8 54 7089
8 55 1885
8 56 985
8 57 4359
8 59 3745
8 60 6357
8 61 5981
8 62 6796
8 63 509
8 65 4200
8 66 1227
8 68 7308
8 70 5475
8 71 2171
8 72 4554
8 73 3073
8 74 5403
8 75 7056
8 76 1380
8 77 5555
8 78 4235
8 79 5285
9 10 6483
9 11 1448
9 12 5787
9 13 6235
9 14 1334
9 15 1159
9 16 4557
9 18 463
9 19 5148
9 20 1842
9 22 2188
9 23 2662
9 25 6896
9 26 6787
9 28 2603
9 29 7231
9 30 12
9 33 2542
9 34 653
9 36 2727
9 37 3716
9 39 5557
9 41 6597
9 42 4480
9 43 1319
9 45 605
9 46 7308
9 47 5751
9 48 652
9 49 3207
9 50 7107
9 51 7389
9 52 4197
9 53 1837
9 54 2232
9 55 520
9 56 3070
9 58 1739
9 59 3927
9 60 897
9 61 2514
9 62 5843
9 63 6411
9 64 4076
9 65 7439
9 66 4279
9 68 3389
9 69 4774
9 70 4342
9 71 5139
9 73 7061
9 75 1299
9 76 4864
9 77 3969
9 79 4630
10 11 6848
10 12 3678
10 13 712
10 14 1144
10 15 653
10 16 6082
10 18 2659
10 19 736
10 20 1293
10 21 6209
10 23 6359
10 24 1737
10 25 5737
10 26 5489
10 28 4837
10 29 757
10 30 4821
10 33 2728
10 34 6096
10 35 1886
10 36 1045
10 38 2337
10 39 4315
10 42 2799
10 44 7387
10 47 5732
10 48 6861
10 49 3082
10 50 7416
10 51 4194
10 54 4960
10 55 1746
10 56 4404
10 57 6044
10 58 3018
10 59 5889
10 61 3054
10 62 7464
10 63 6618
10 64 2437
10 68 3960
10 69 856
10 70 538
10 71 1146
10 72 4834
10 73 1705
10 74 446
10 75 4697
10 76 5027
10 77 7357
10 79 6692
11 12 1696
11 15 896
11 17 5416
11 18 1154
11 19 81
11 20 673
11 21 6040
11 22 1820
11 23 6096
11 25 2144
11 26 3221
11 27 3288
11 29 2479
11 30 2119
11 31 432
11 32 6886
11 33 7214
11 34 5124
11 35 2424
11 36 2558
11 37 2985
11 38 7454
11 40 4901
11 42 7045
11 43 2755
11 44 5141
11 45 4048
11 46 6024
11 47 6110
11 48 3769
11 49 2356
11 50 500
11 51 3200
11 52 2887
11 53 6018
11 54 5705
11 55 2027
11 56 2224
11 57 5430
11 59 7036
11 60 6293
11 61 7144
11 62 6841
11 63 1576
11 64 930
11 65 5855
11 70 71
11 71 5565
11 72 2924
11 73 468
11 75 7268
11 76 4583
11 77 5135
11 79 5952
12 14 4144
12 15 3106
12 17 380
12 18 2324
12 21 6348
12 22 4857
12 23 545
12 24 7300
12 25 450
12 26 5983
12 27 7197
12 28 2536
12 29 2021
12 31 3551
12 32 5329
12 34 3242
12 36 5566
12 38 5703
12 39 3312
12 40 7297
12 41 2190
12 42 2571
12 43 1062
12 45 759
12 46 1428
12 47 180
12 48 6683
12 49 1804
12 50 589
12 51 6605
12 52 1659
12 53 3013
12 54 1724
12 55 5030
12 56 5694
12 57 5824
12 59 7315
12 60 1565
12 62 7223
12 63 3150
12 64 6605
12 68 775
12 70 7249
12 71 7172
12 72 4472
12 73 1158
12 76 1090
12 77 2345
12 78 871
12 79 3165
13 14 1416
13 16 3417
13 17 5168
13 18 7032
13 19 1647
13 21 5297
13 22 2423
13 23 1667
13 24 2918
13 26 5651
13 27 189
13 28 2224
13 29 77
13 30 3806
13 31 241
13 32 4569
13 34 1088
13 36 6015
13 37 1282
13 39 188
13 40 1723
13 42 4640
13 44 2790
13 45 6786
13 46 3336
13 48 2162
13 49 5782
13 50 627
13 51 3763
13 52 2790
13 53 4195
13 55 5476
13 57 4515
13 59 5221
13 60 1392
13 61 2096
13 62 2363
13 63 3881
13 64 1306
13 65 359
13 68 4515
13 69 5375
13 70 5282
13 72 5437
13 73 108
13 74 903
13 75 6775
13 77 2273
13 78 1296
14 15 3658
14 16 4810
14 17 4758
14 18 1066
14 21 5660
14 22 6905
14 23 880
14 25 6316
14 27 295
14 29 7070
14 30 5301
14 31 5883
14 32 3914
14 33 2754
14 34 1825
14 35 5770
14 36 4527
14 38 6056
14 39 5347
14 42 2666
14 44 5745
14 45 4188
14 46 2992
14 47 415
14 48 3302
14 49 6240
14 50 3313
14 51 7080
14 52 3806
14 53 6779
14 54 2468
14 56 6394
14 57 255
14 58 4450
14 60 7195
14 61 4701
14 62 7445
14 63 5342
14 64 6188
14 65 5509
14 66 6062
14 67 4124
14 69 6782
14 70 3441
14 71 3660
14 72 3556
14 74 3811
14 75 6493
14 78 4451
14 79 272
15 16 1233
15 19 3312
15 20 2551
15 22 6674
15 24 5955
15 26 3772
15 27 5707
15 28 3973
15 30 4294
15 32 1782
15 33 2725
15 34 1108
15 35 2908
15 36 2077
15 37 236
15 38 4229
15 39 4329
15 40 6176
15 41 7061
15 42 4664
15 44 1722
15 45 2977
15 46 2203
15 48 478
15 49 7252
15 50 2078
15 51 525
15 52 5284
15 53 6663
15 54 5144
15 55 5330
15 56 3350
15 57 4747
15 58 440
15 59 5094
15 60 1335
15 62 2157
15 63 1041
15 65 295
15 66 893
15 67 6887
15 68 7356
15 69 2870
15 70 392
15 71 114
15 72 1336
15 74 4935
15 75 6721
15 76 1669
15 77 5883
15 78 1083
15 79 5986
16 17 6815
16 19 4195
16 20 3641
16 21 4837
16 22 5955
16 23 218
16 24 5923
16 25 2271
16 26 1497
16 27 3544
16 29 592
16 31 5326
16 32 5220
16 33 4702
16 34 2883
16 35 6315
16 36 4297
16 37 2009
16 39 6815
16 40 2724
16 41 4316
16 42 5635
16 43 3403
16 44 6469
16 45 4660
16 46 1215
16 47 3737
16 48 6517
16 49 3484
16 50 2687
16 52 2263
16 53 3034
16 54 1641
16 55 2438
16 56 763
16 57 4350
16 59 7275
16 60 1972
16 61 5248
16 62 3507
16 63 6780
16 65 5796
16 66 1229
16 67 2233
16 69 3347
16 71 6470
16 72 2861
16 73 3826
16 75 675
16 76 3643
16 78 4466
16 79 6664
17 18 402
17 20 6496
17 21 6375
17 22 1154
17 23 7127
17 24 1871
17 25 246
17 26 795
17 27 2053
17 28 364
17 29 760
17 30 1022
17 32 1289
17 33 4734
17 35 3987
17 38 3707
17 40 3712
17 41 6355
17 42 4073
17 45 326
17 47 1378
17 48 49
17 50 7422
17 51 4383
17 52 5608
17 53 514
17 54 5602
17 55 2872
17 56 6852
17 57 6663
17 59 5517
17 60 2618
17 62 4735
17 63 6119
17 64 5602
17 65 6656
17 66 6819
17 67 3331
17 68 286
17 69 4169
17 70 7417
17 72 1640
17 73 2148
17 74 220
17 77 5487
17 78 988
17 79 5028
18 19 5284
18 20 2166
18 21 3290
18 23 2366
18 24 2428
18 25 3728
18 26 1154
18 27 218
18 29 1274
18 31 345
18 32 941
18 33 4702
18 34 5920
18 36 2483
18 38 4648
18 39 5036
18 40 935
18 43 6608
18 44 2458
18 45 5766
18 47 1252
18 48 5714
18 50 6077
18 51 6929
18 52 4395
18 53 7145
18 54 6682
18 55 2606
18 56 2354
18 57 7436
18 58 4098
18 59 6650
18 60 1601
18 61 2317
18 62 1985
18 63 7469
18 65 3338
18 66 7372
18 67 6208
18 68 4541
18 70 5400
18 71 1793
18 73 4147
18 74 2409
18 75 2448
18 77 4505
18 78 4745
19 20 6729
19 21 1024
19 22 2550
19 24 1273
19 25 7204
19 26 6752
19 27 2625
19 28 1254
19 29 2860
19 30 7415
19 31 7283
19 33 521
19 35 2859
19 36 6334
19 39 3790
19 40 1489
19 41 1024
19 42 1713
19 43 6036
19 44 7392
19 46 1146
19 47 6178
19 49 7387
19 50 747
19 51 4027
19 53 6886
19 54 743
19 55 6332
19 56 4792
19 57 1171
19 58 6234
19 59 4858
19 61 4673
19 62 1330
19 63 5701
19 64 5519
19 65 303
19 66 6578
19 67 6653
19 68 3634
19 69 2490
19 70 1804
19 71 4132
19 72 7136
19 73 1507
19 74 576
19 75 138
19 77 3662
19 78 5789
19 79 6847
20 21 2170
20 22 2052
20 23 348
20 24 5579
20 25 5586
20 26 4793
20 28 7136
20 29 132
20 30 7064
20 31 2051
20 32 4780
20 33 3082
20 35 4228
20 36 1352
20 37 629
20 38 3696
20 39 151
20 40 4632
20 41 6346
20 42 3721
20 43 4955
20 44 2125
20 45 2498
20 46 2239
20 47 2298
20 48 6619
20 50 7209
20 52 4940
20 54 5568
20 55 6011
20 56 2115
20 57 5379
20 58 6602
20 59 2916
20 61 5282
20 62 7077
20 63 2814
20 64 3267
20 65 1895
20 66 6153
20 68 5542
20 69 4737
20 70 910
20 71 7099
20 72 3551
20 73 7176
20 74 7261
20 75 7229
20 76 6719
20 77 6809
20 78 1410
20 79 3451
21 22 1706
21 23 3970
21 24 4918
21 25 2739
21 26 6473
21 28 7382
21 29 6544
21 30 5181
21 31 5328
21 32 5721
21 33 2894
21 34 2174
21 35 5408
21 36 6136
21 37 5112
21 40 3532
21 41 146
21 42 2585
21 45 253
21 46 3040
21 49 4108
21 50 2737
21 51 6901
21 52 7279
21 53 2856
21 54 3236
21 55 1534
21 56 7405
21 57 2428
21 58 580
21 59 6198
21 60 2233
21 61 3426
21 62 898
21 64 7017
21 65 4741
21 66 126
21 67 2863
21 69 3288
21 70 2237
21 71 6657
21 72 3926
21 73 3355
21 76 6629
21 77 4802
21 78 5682
22 23 6580
22 24 3331
22 25 3433
22 26 909
22 27 5343
22 32 4629
22 33 6135
22 34 6562
22 35 4252
22 37 5890
22 38 2000
22 39 3608
22 40 2771
22 41 5612
22 43 4207
22 44 411
22 46 5753
22 48 645
22 49 3855
22 50 6489
22 51 5022
22 52 5389
22 53 20
22 54 6515
22 55 2988
22 56 4725
22 58 2382
22 59 5142
22 62 2631
22 64 883
22 65 2976
22 66 3747
22 70 2024
22 71 3763
22 72 6007
22 73 1663
22 74 6591
22 75 4348
22 76 1343
22 77 1242
22 78 1450
22 79 5427
23 25 2879
23 26 3984
23 27 4193
23 28 4036
23 30 3558
23 32 6172
23 34 3422
23 35 4785
23 37 1633
23 39 7213
23 40 777
23 42 5056
23 43 4736
23 44 6760
23 47 6652
23 48 2351
23 49 4083
23 50 6473
23 51 1640
23 52 5028
23 53 271
23 54 3268
23 55 1365
23 56 467
23 57 4690
23 58 5726
23 59 3426
23 62 3031
23 63 3840
23 64 842
23 65 852
23 67 6177
23 68 4751
23 69 2909
23 70 784
23 71 7391
23 73 4952
23 74 7095
23 76 4172
23 77 3614
23 78 4767
23 79 1515
24 26 1401
24 27 179
24 28 1053
24 29 928
24 30 6893
24 31 2991
24 33 3642
24 34 2615
24 35 856
24 36 4103
24 37 2511
24 38 3938
24 39 6758
24 40 2625
24 41 5139
24 43 2415
24 44 2128
24 45 5285
24 47 3529
24 48 4242
24 49 5573
24 50 2948
24 51 4891
24 52 1861
24 53 3356
24 54 1119
24 55 698
24 57 3322
24 58 6134
24 60 7400
24 61 856
24 62 4918
24 63 4618
24 64 6111
24 65 490
24 66 1742
24 67 1426
24 68 4944
24 69 6977
24 70 5361
24 72 4910
24 74 732
24 75 5424
24 77 4176
24 78 4608
24 79 2920
25 26 3510
25 27 4832
25 28 2059
25 29 5462
25 30 644
25 31 643
25 32 1773
25 33 641
25 34 7236
25 35 1041
25 37 4918
25 38 2355
25 39 1125
25 40 4630
25 41 980
25 44 7035
25 45 4608
25 46 5208
25 48 4
25 49 2176
25 50 1243
25 51 2995
25 52 6071
25 53 4
25 54 304
25 55 4910
25 58 4955
25 59 5097
25 60 5675
25 62 5421
25 64 1980
25 66 1984
25 67 3570
25 68 7251
25 70 7081
25 72 5936
25 73 1296
25 74 3772
25 75 5020
25 76 6575
25 78 5084
25 79 4483
26 27 2115
26 28 6273
26 29 6795
26 31 5304
26 32 41
26 34 5646
26 35 2983
26 36 1921
26 37 434
26 39 2054
26 40 3708
26 41 7199
26 42 3916
26 43 3879
26 44 7155
26 45 4665
26 46 4908
26 47 30
26 48 1065
26 52 1454
26 54 3375
26 55 4138
26 58 4769
26 59 3876
26 60 3991
26 61 859
26 62 6183
26 64 3348
26 65 1093
26 66 847
26 67 6946
26 68 624
26 70 2077
26 71 540
26 72 476
26 73 1541
26 74 1073
26 75 5956
26 76 3275
26 77 4090
26 78 518
26 79 3497
27 28 4971
27 29 5296
27 30 5161
27 32 3781
27 33 2483
27 34 854
27 37 5866
27 39 7228
27 40 4357
27 41 907
27 42 5833
27 43 1967
27 45 4315
27 46 4090
27 48 6294
27 49 6502
27 50 1421
27 52 888
27 53 1964
27 56 5578
27 59 5044
27 61 2878
27 62 6291
27 63 6976
27 64 511
27 65 852
27 66 7431
27 67 5631
27 68 1235
27 69 4210
27 71 2842
27 72 183
27 73 6451
27 74 6169
27 75 5001
27 77 7444
27 78 1926
28 29 1402
28 30 3295
28 31 3847
28 33 3491
28 34 495
28 35 5521
28 36 1383
28 39 3845
28 40 5307
28 41 1898
28 42 4808
28 44 3603
28 46 1189
28 47 5494
28 48 6186
28 50 1322
28 52 941
28 53 6448
28 54 4092
28 55 2623
28 57 6467
28 58 2196
28 59 4672
28 60 2434
28 61 6379
28 62 2887
28 63 7224
28 64 7317
28 66 5795
28 67 4636
28 68 6159
28 69 5223
28 72 3140
28 73 1359
28 74 3829
28 75 3373
28 76 2453
28 77 3887
28 78 4166
28 79 4676
29 30 7350
29 31 4656
29 33 2950
29 34 2254
29 35 3407
29 36 5360
29 37 2570
29 38 3003
29 39 6236
29 40 4908
29 41 6404
29 43 5339
29 46 1726
29 47 491
29 48 6088
29 50 3706
29 51 2579
29 52 5937
29 53 3993
29 55 5414
29 57 6493
29 58 3234
29 59 2776
29 60 464
29 61 6327
29 62 205
29 63 2640
29 64 172
29 65 1928
29 67 4485
29 68 2327
29 69 906
29 71 3553
29 72 1405
29 73 3417
29 74 2336
29 75 2000
29 77 2464
29 78 5316
29 79 3615
30 31 4870
30 32 4020
30 33 234
30 35 3570
30 36 1363
30 37 1768
30 38 6561
30 39 3091
30 40 248
30 41 6066
30 42 3360
30 43 6546
30 44 1881
30 45 164
30 47 5160
30 48 4377
30 49 766
30 50 1221
30 52 3231
30 53 3749
30 54 1040
30 55 1669
30 56 3274
30 58 692
30 59 4201
30 60 1248
30 61 1989
30 62 6713
30 63 2274
30 64 5281
30 65 6051
30 66 2612
30 68 2143
30 69 5862
30 70 5702
30 71 52
30 72 2384
30 73 6989
30 74 2868
30 76 4124
30 79 6641
31 32 2414
31 33 1408
31 34 5768
31 35 3943
31 36 4933
31 37 1874
31 38 7003
31 39 2691
31 41 1413
31 42 1344
31 43 3363
31 44 1443
31 45 7187
31 47 4651
31 48 4498
31 50 4758
31 51 905
31 52 1403
31 53 7352
31 54 1362
31 55 2047
31 56 7032
31 58 7296
31 60 7048
31 61 2903
31 62 4292
31 63 5370
31 64 6092
31 65 1251
31 66 5175
31 67 1967
31 69 3369
31 70 5983
31 72 2823
31 74 1206
31 75 5901
31 76 4256
31 77 549
31 79 1539
32 33 2584
32 34 6307
32 36 6409
32 38 3769
32 40 2399
32 41 320
32 42 7131
32 43 2556
32 44 6003
32 45 3257
32 46 4762
32 47 346
32 48 4126
32 49 6848
32 50 1775
32 51 3837
32 52 5904
32 53 6333
32 54 4217
32 55 3183
32 56 198
32 57 6348
32 59 1403
32 60 602
32 61 7229
32 64 3054
32 65 1569
32 67 6599
32 68 2391
32 71 3384
32 72 576
32 73 1335
32 74 6715
32 75 7260
32 76 6564
32 77 5817
32 78 165
33 34 2872
33 36 5925
33 37 6980
33 38 7477
33 39 4689
33 41 1860
33 42 3748
33 43 1440
33 44 5551
33 45 766
33 46 3809
33 47 4997
33 48 3496
33 49 4683
33 50 999
33 51 1935
33 52 5979
33 53 5889
33 57 5823
33 58 4548
33 60 1263
33 61 1480
33 62 4676
33 63 4099
33 65 447
33 66 3419
33 67 1537
33 68 7181
33 69 2533
33 70 5274
33 71 4478
33 72 1967
33 74 290
33 75 1860
33 76 1610
33 77 5307
33 78 1287
33 79 5333
34 35 1170
34 36 5831
34 38 4513
34 40 4194
34 41 860
34 42 2980
34 43 4965
34 44 1337
34 46 478
34 47 5424
34 48 1049
34 50 2989
34 51 3151
34 53 3172
34 54 3750
34 55 2658
34 56 4812
34 57 2659
34 58 1844
34 59 5498
34 61 3102
34 62 5869
34 63 1880
34 64 4589
34 65 5209
34 67 697
34 68 3355
34 69 2438
34 70 4149
34 71 5426
34 72 4653
34 73 290
34 74 4106
34 75 2956
34 77 4713
34 78 2452
35 36 3183
35 37 5513
35 38 4949
35 39 1776
35 40 5869
35 41 6014
35 44 4697
35 45 820
35 46 225
35 47 511
35 48 946
35 49 5285
35 50 679
35 51 3299
35 52 3913
35 54 778
35 55 6152
35 56 30
35 57 495
35 59 152
35 61 4848
35 62 1699
35 63 2436
35 64 6059
35 65 1458
35 66 4551
35 68 5243
35 69 3018
35 70 4583
35 71 1284
35 72 1724
35 73 2867
35 74 2756
35 75 4237
35 76 1804
35 77 6607
35 78 6814
35 79 5303
36 38 4568
36 39 2941
36 40 3587
36 41 5712
36 42 5217
36 43 5123
36 47 1116
36 48 3940
36 49 406
36 51 1062
36 53 5076
36 54 743
36 56 2807
36 57 5063
36 58 5619
36 59 445
36 60 1689
36 61 253
36 62 4154
36 63 6122
36 64 6573
36 66 1796
36 67 336
36 71 5044
36 72 4255
36 73 5214
36 74 4423
36 76 2541
36 77 2308
36 78 4465
36 79 5475
37 38 3473
37 39 1249
37 41 898
37 42 2004
37 43 337
37 44 7273
37 45 3145
37 46 6747
37 47 2942
37 48 4664
37 49 6087
37 51 1363
37 52 6479
37 53 653
37 56 4441
37 57 2171
37 58 7156
37 61 2509
37 62 5585
37 64 1753
37 65 681
37 67 4196
37 70 3517
37 71 4555
37 72 5212
37 73 3503
37 74 7037
37 75 2628
37 76 5093
37 77 1583
37 78 595
37 79 1882
38 39 2118
38 40 432
38 41 2195
38 42 3417
38 43 6238
38 44 2112
38 45 4266
38 46 3600
38 48 7103
38 49 1613
38 50 7325
38 52 2108
38 53 5938
38 54 5549
38 55 1381
38 56 1833
38 57 703
38 58 4642
38 59 1769
38 60 5557
38 61 4485
38 62 3045
38 65 6538
38 69 257
38 70 1132
38 71 6714
38 72 7263
38 74 6281
38 75 3582
38 76 1947
38 77 1306
38 78 2953
38 79 94
39 40 6887
39 41 6873
39 42 5964
39 43 589
39 44 1549
39 45 3158
39 46 7096
39 47 389
39 48 4634
39 49 5197
39 52 601
39 53 852
39 55 2657
39 56 151
39 57 5857
39 58 817
39 59 6956
39 60 6686
39 61 7127
39 62 6662
39 63 4745
39 65 7024
39 66 6315
39 67 2284
39 70 5701
39 71 3641
39 73 2611
39 74 1154
39 76 1971
39 77 5209
39 78 3953
39 79 6027
40 41 6726
40 42 6346
40 43 518
40 44 2127
40 45 794
40 46 6394
40 47 4997
40 48 1548
40 49 2852
40 50 2599
40 52 1270
40 53 3233
40 54 4721
40 55 1342
40 56 659
40 59 641
40 60 6856
40 61 5949
40 63 1711
40 64 853
40 65 7379
40 67 1582
40 68 1794
40 69 2623
40 70 1206
40 71 452
40 72 6839
40 74 7497
40 75 4923
40 76 3079
40 77 5690
40 79 2080
41 42 1403
41 43 4503
41 44 2446
41 45 7305
41 46 7115
41 47 5721
41 48 2365
41 50 1668
41 51 5135
41 52 5116
41 53 5898
41 55 329
41 56 6210
41 57 3474
41 58 2622
41 59 3357
41 60 5486
41 61 3082
41 64 3443
41 65 3785
41 66 5179
41 67 6326
41 68 6067
41 69 5848
41 70 5887
41 71 3070
41 73 631
41 74 5843
41 75 6659
41 76 3629
41 77 56
41 78 7067
41 79 1964
42 43 6492
42 44 3751
42 46 4683
42 47 7275
42 48 2464
42 49 3502
42 50 3062
42 51 4768
42 52 6053
42 53 3773
42 54 6816
42 55 157
42 56 4751
42 58 300
42 59 2834
42 60 3118
42 61 644
42 62 3767
42 63 786
42 64 3287
42 65 721
42 67 4995
42 68 3954
42 69 413
42 70 6427
42 72 6583
42 73 2172
42 74 3601
42 75 626
42 76 6965
42 77 4370
42 78 3606
42 79 2079
43 44 4208
43 45 7353
43 46 6056
43 47 126
43 48 2329
43 49 5575
43 50 1451
43 51 6327
43 52 4887
43 53 5758
43 55 5235
43 56 636
43 57 1994
43 58 3935
43 59 526
43 62 5882
43 63 3297
43 65 7312
43 66 1173
43 67 6844
43 68 892
43 69 2007
43 70 4372
43 71 4469
43 72 4351
43 73 3883
43 75 3478
43 76 3272
43 77 5995
43 78 6448
43 79 6336
44 45 6338
44 46 908
44 47 6157
44 48 3619
44 49 4889
44 50 2137
44 53 5339
44 54 4455
44 55 3494
44 57 5823
44 58 4993
44 59 4150
44 60 6477
44 61 1845
44 62 6215
44 63 980
44 64 5485
44 65 5459
44 66 2365
44 67 6603
44 68 167
44 70 7277
44 72 2122
44 73 2725
44 74 5
44 75 6826
44 76 3226
44 77 4031
44 78 5875
44 79 4398
45 47 1234
45 50 5546
45 51 4803
45 52 6512
45 53 1205
45 55 1060
45 56 6075
45 57 6558
45 58 1706
45 60 4931
45 61 4466
45 62 1411
45 63 6898
45 64 3147
45 66 4542
45 67 7195
45 70 1251
45 71 1031
45 72 2071
45 73 6152
45 76 5576
45 78 6011
45 79 4332
46 47 4066
46 48 1538
46 49 3062
46 51 5859
46 52 629
46 53 1668
46 55 1770
46 56 4113
46 57 1880
46 59 1377
46 60 2224
46 61 4119
46 63 5684
46 64 6142
46 65 3797
46 66 3415
46 67 2567
46 68 4068
46 69 4693
46 71 6657
46 72 3136
46 73 667
46 74 846
46 75 1957
46 78 6877
46 79 6552
47 48 4562
47 49 2332
47 50 7254
47 52 5463
47 53 5640
47 54 2481
47 55 706
47 56 841
47 57 6982
47 58 5426
47 59 7004
47 65 4785
47 66 3644
47 68 4828
47 69 730
47 70 434
47 71 6675
47 72 7074
47 73 257
47 75 1097
47 76 3834
47 77 1816
47 78 6759
47 79 249
48 49 424
48 51 4060
48 52 2285
48 55 3615
48 56 3505
48 57 1836
48 58 325
48 61 540
48 63 4430
48 64 6637
48 65 1185
48 67 1433
48 68 37
48 70 2948
48 71 6654
48 72 6296
48 73 3818
48 74 1122
48 75 4923
48 76 7042
48 77 5838
48 78 4576
48 79 4708
49 50 2248
49 52 2284
49 54 2568
49 55 2806
49 56 1393
49 57 3153
49 59 1948
49 60 2273
49 61 3340
49 62 162
49 63 6234
49 66 1272
49 70 3963
49 72 3905
49 73 6358
49 78 2428
50 52 1639
50 53 7114
50 55 7275
50 56 6115
50 57 5501
50 58 5243
50 59 2794
50 60 2212
50 61 3006
50 62 864
50 63 4859
50 64 5916
50 66 7026
50 67 6437
50 68 3437
50 69 6131
50 70 4404
50 72 5576
50 73 4500
50 74 5004
50 76 297
50 77 4197
50 78 1174
51 52 4232
51 54 2648
51 56 2173
51 58 6466
51 59 4142
51 60 1091
51 62 1619
51 63 4789
51 64 1549
51 65 7213
51 67 6529
51 68 6197
51 69 1779
51 70 3286
51 71 782
51 72 6025
51 73 5809
51 75 4774
51 76 6767
51 77 906
51 78 2532
52 53 6172
52 54 5036
52 56 7420
52 57 5087
52 58 7452
52 59 779
52 60 6277
52 61 2752
52 62 1137
52 63 721
52 64 3289
52 65 2728
52 66 4420
52 67 1718
52 69 6353
52 70 5003
52 71 4290
52 72 2660
52 73 1147
52 74 4348
52 75 2438
52 76 2915
52 77 1570
52 78 5038
53 54 449
53 55 1746
53 56 6927
53 58 7496
53 60 5201
53 61 7024
53 62 4583
53 63 3099
53 64 4231
53 65 5826
53 66 6047
53 68 3596
53 70 7485
53 72 434
53 73 3663
53 74 1297
53 75 621
53 76 4499
53 78 4792
53 79 4636
54 55 5248
54 56 2204
54 57 3844
54 59 2391
54 61 4838
54 64 5438
54 65 4108
54 66 578
54 67 7457
54 70 5107
54 72 2398
54 74 3123
54 75 518
54 76 3071
54 78 3620
54 79 6432
55 56 1793
55 57 654
55 60 2074
55 61 4497
55 62 1127
55 63 7182
55 65 863
55 66 5108
55 67 4658
55 69 5176
55 70 7222
55 71 6168
55 72 6492
55 73 1497
55 74 3321
55 75 6251
55 76 7218
55 77 7002
55 78 817
55 79 1819
56 57 706
56 58 6564
56 59 7341
56 61 6922
56 62 6264
56 63 5996
56 64 7052
56 65 4995
56 66 3334
56 67 5676
56 69 4007
56 70 1908
56 71 7118
56 72 2987
56 73 926
56 74 3668
56 75 123
56 76 2112
56 77 1782
56 78 1123
56 79 6882
57 58 2217
57 59 4621
57 60 3403
57 61 2747
57 63 6753
57 64 4742
57 66 6318
57 67 3045
57 68 7141
57 69 4937
57 71 5900
57 72 2205
57 73 947
57 74 5019
57 75 5939
57 76 4045
57 78 4647
57 79 6432
58 59 2712
58 60 3574
58 62 1244
58 63 5578
58 64 5116
58 65 3627
58 66 4066
58 67 4702
58 68 6515
58 69 2492
58 70 5073
58 71 6825
58 72 1643
58 74 6250
58 75 3947
58 76 3077
58 77 4635
58 78 1263
59 63 2431
59 64 450
59 65 1155
59 66 27
59 69 2079
59 70 7440
59 71 838
59 73 5939
59 74 2959
59 76 2979
59 77 1297
59 78 5994
59 79 1898
60 61 1368
60 62 2671
60 64 3825
60 65 4219
60 69 4850
60 71 4539
60 73 2977
60 74 5132
60 75 3730
60 76 5111
60 77 1406
60 79 3303
61 62 433
61 63 3843
61 64 2026
61 65 7342
61 66 6202
61 67 3577
61 68 2845
61 69 3624
61 70 2430
61 71 1711
61 75 592
61 76 3080
61 77 2354
61 79 3526
62 63 1986
62 65 4012
62 66 2371
62 67 3940
62 68 5184
62 70 4884
62 71 7148
62 72 2877
62 73 2786
62 75 1988
62 76 2396
62 77 6596
62 79 3248
63 64 1140
63 65 5845
63 66 596
63 67 4891
63 68 21
63 69 6238
63 70 5021
63 71 1504
63 72 1138
63 73 4877
63 74 888
63 75 4763
63 77 1182
63 78 5869
64 65 5494
64 66 969
64 67 4552
64 70 2619
64 71 6049
64 72 7270
64 73 2680
64 74 5940
64 75 4506
64 76 6593
64 77 3189
64 78 1082
64 79 3889
65 66 2677
65 67 1399
65 68 4517
65 70 1568
65 71 7334
65 72 4254
65 73 7262
65 74 3598
65 76 3723
65 77 13
65 78 2790
65 79 3824
66 67 664
66 68 1639
66 69 7124
66 70 7036
66 71 2689
66 72 1094
66 73 4472
66 76 6982
66 77 5446
66 78 3510
66 79 137
67 68 5954
67 69 5664
67 70 4458
67 71 4924
67 72 4596
67 73 1024
67 74 1081
67 75 2946
67 76 4611
67 77 19
67 79 3603
68 69 6248
68 71 393
68 72 4191
68 73 4459
68 74 5882
68 75 1590
68 77 5366
68 78 4612
68 79 336
69 70 2063
69 71 3128
69 72 4357
69 74 5939
69 75 6008
69 76 2883
69 77 1119
69 79 4162
70 71 2558
70 72 7389
70 73 6099
70 75 3964
70 76 1157
70 77 78
70 78 657
71 72 4191
71 74 244
71 75 7118
71 77 2500
71 78 7145
71 79 5223
72 73 6133
72 74 814
72 76 6912
72 77 4911
72 78 5046
72 79 821
73 74 6258
73 75 3799
73 76 4519
73 77 3910
73 78 3097
73 79 1217
74 76 7192
74 77 857
74 78 2776
75 76 3589
75 78 3001
75 79 1173
76 77 2617
76 78 6047
76 79 4849
77 78 2891
77 79 3394
