35 80 1579
6279 3042 3683 273 1902 650 5268 3719 1831 2554 5128 5363 1345 1409 4349 3418 5380 6580 2959 1293 3662 7436 4483 4408 1351 2490 5141 5936 1021 2453 2640 7299 4346 6322 6423
6247 6971 4190 2466 154 5595 6445 5516 6940 6705 2364 2857 3436 296 4668 4728 2809 3455 562 6068 4806 1903 3708 2093 2924 5013 4732 2722 710 2405 1645 6957 727 4686 774 880 2781 7218 6396 2220 6422 111 3928 2357 406 1095 5936 2066 4550 6497 634 707 899 3193 2799 2674 705 6382 4248 1415 1286 4744 7223 2012 1929 496 1744 4709 6565 6991 5780 5486 7101 2208 6694 6359 3302 5129 7276 6703
2977 409 7409 2727 3602 2707 5401 3158 1588 2148 3424 1725 6891 1998 3737 171 2493 4332 3732 409 3822 2011 5894 2274 4218 3939 1132 6372 419 908 5574 3395 168 4335 4974 2621 7041 1726 4631 7481 2725 6906 1705 2115 1404 4293 1137 2748 1124 4868 3157 3797 6879 402 6071 2448 4341 7202 1319 4759 6961 5745 7006 5981 2579 4479 1101 971 5056 5731 7303 280 5137 1508 1246 5392 4652 2382 639 5776
7250 2647 924 5480 3049 6994 427 6241 5548 598 3499 3860 5194 1856 2340 6624 5186 3441 94 2741 523 7397 3020 4511 256 4265 1254 4907 6647 745 2034 5248 3391 2958 3227 5291 1303 2505 4031 6850 3102 6382 2062 7147 737 4401 6270 5923 6693 5216 1163 6068 3964 3035 3078 3071 7299 3184 477 5297 3928 1363 3044 7318 3172 6270 5109 3326 127 491 2676 2080 6872 3589 1727 109 489 6848 4883 6034
4563 4897 4601 7378 431 6530 2948 6582 2213 2277 4378 6140 2491 7422 4810 4514 5043 1270 339 5169 1760 1866 7249 1132 5454 1475 92 4795 7174 4974 3328 3089 1222 6780 2966 1653 5809 4766 734 6874 5894 3963 4365 884 3884 1674 5397 279 1795 4587 5447 3555 6453 4047 3538 4406 4373 3629 1700 4047 7454 3879 7135 1175 3158 1452 1679 1467 5069 2412 840 3462 5227 5204 3197 1610 5730 7445 740 24
4532 6187 2430 3484 1585 5967 6741 5958 2095 941 1356 900 4819 7342 2075 477 1293 3753 795 6362 5017 486 1175 2743 5689 4372 3204 2770 4316 3944 2794 199 1482 5223 3682 3066 2542 2923 375 4636 2715 1730 5536 6385 423 6462 6861 1716 2714 6507 6929 6582 6992 603 1824 5181 3826 5028 6802 642 323 947 840 1804 5022 3374 3721 63 5148 4096 3550 362 4677 1585 5598 5100 6898 4959 5667 2112
3965 3947 1193 3457 4549 1869 7489 875 5748 5642 368 6070 6589 59 6725 4110 2284 2945 4172 7431 5892 221 6644 1921 658 4742 5872 55 1052 4038 1018 3868 484 1063 6176 3884 2931 5016 3610 30 3158 3977 6099 2246 2888 5323 5207 5171 7119 1878 3954 5511 950 3097 7431 1607 6690 5802 514 241 1191 1531 4109 526 2593 1636 4409 4375 6652 6871 3256 2309 3347 1854 3406 5086 6028 1112 2757 5647
1841 6710 3657 2790 1158 2439 4397 348 740 4910 6940 1930 5292 2400 2455 6737 4036 5715 2463 2039 5085 5719 4347 7284 72 6604 4869 4952 215 6477 1950 2055 4538 4458 3696 5696 6896 592 4895 6487 4353 3186 7268 2145 5586 2222 233 973 6788 2695 3011 3225 913 6209 3008 7337 5312 6728 4788 4378 5705 6737 6432 1594 3694 2627 6141 1941 2071 3535 927 5275 5573 694 6271 3658 1767 6503 4630 1054
1698 6492 4278 2610 5200 6137 1298 3011 5365 6085 7388 2421 4173 5171 4014 6718 6649 2655 1158 71 5041 936 5346 3113 1629 4116 5622 3395 3119 1603 3301 4816 594 6430 6277 5793 3919 75 1303 1783 5011 42 3055 536 5212 7068 7253 4361 1074 7263 4431 4967 698 1128 6931 1179 5244 3905 3425 862 5507 5577 4529 4953 4507 2157 3245 7277 2231 3400 1559 6094 3441 4613 6629 5 3032 5233 3217 2958
3847 6499 6776 4545 127 6206 5723 5370 2610 499 5083 6969 6076 2111 4421 1934 3119 6517 1710 5350 1268 3268 2795 4709 6732 775 3565 1115 6007 6781 2924 2354 5779 2199 5750 4757 905 2824 2626 2366 3322 6560 686 1897 22 3958 3830 3141 1827 5539 7342 3094 158 2636 6654 5741 3410 2718 6856 768 850 1131 3121 6629 3330 222 2737 3086 3045 5363 4303 6367 3274 4989 763 3296 298 3445 5288 2124
1483 5129 5218 1641 6616 3223 6233 1377 5941 4440 2144 6790 5571 4117 4770 1400 4338 7 4485 7383 4221 1287 6249 7494 5127 5863 2141 4277 1807 6280 6400 3290 3908 2969 3782 1875 6192 1366 3251 3484 5806 5395 2773 3876 863 6395 5275 5200 6401 1111 3934 1973 1249 2682 818 5228 7397 1811 2004 1703 590 7255 3844 3350 2724 6477 5224 267 343 975 3750 6148 5221 6522 2523 4935 4268 6649 2634 2020
259 6568 3992 359 601 4810 5586 497 5472 6441 2200 6061 6196 4895 1910 1419 3872 7134 537 4214 6960 4286 1713 3532 2159 3087 966 6427 2235 3599 946 1345 1518 3790 1703 2119 1099 6141 1467 6570 5081 2518 3982 3776 7413 5892 4046 3784 4377 4582 6849 3836 1367 1061 7367 2378 4147 7184 1304 5233 3282 1101 5429 3652 4890 5983 4622 4840 4623 6088 2761 1056 7458 6743 4831 7370 5134 229 2505 862
4810 1853 4697 5029 1765 3415 7406 4763 3098 61 2495 5231 1161 6775 1382 6051 5257 4855 3390 1232 2295 6151 2287 2252 4245 5969 2121 1878 6197 4625 2739 2359 5329 6287 6239 7093 1053 4996 3207 4150 5056 4553 732 5068 3827 2114 2470 1583 5820 5860 2814 614 3362 5100 2865 106 2421 3837 835 1117 7313 2425 2327 5141 63 1065 3585 1115 6060 6791 5264 2467 3843 5995 35 169 6960 2504 604 5280
7215 3417 4745 1928 7369 110 885 2289 3946 1719 2257 2611 2995 4584 251 3057 4500 2688 4171 1912 1978 786 4378 4673 5633 3264 3693 5092 5768 4296 1723 4334 6565 6468 6262 5285 5429 7146 73 1874 217 1181 4484 3211 4616 3587 5120 1616 6274 642 3527 7103 1428 404 4275 7060 3668 468 3503 787 4763 5226 5120 2679 3045 2733 463 973 1231 6887 1698 1447 568 5034 3509 5183 1120 1128 5650 6245
622 1676 5847 2049 932 2622 1608 3451 1941 5110 4237 5555 1687 708 734 4731 2293 1196 5703 3523 583 7401 4969 2 4934 7329 5184 4905 7309 3334 3649 430 3861 847 2478 4792 3468 2937 742 4260 6898 3830 2315 7437 3390 3048 4667 5682 4243 1722 1704 3677 1622 5524 3678 5407 5352 214 1663 5160 2399 5311 4441 5111 6157 5770 2403 977 1206 1996 5236 6956 4678 50 6892 567 1949 2910 6248 6192
4631 451 1220 5104 5974 3750 1862 2677 3963 3524 337 5213 186 3629 2823 5195 1899 4077 5023 1956 4925 2758 1411 2102 1660 802 2668 2460 2564 1415 3 7194 1865 1223 4798 6690 4972 6659 1866 286 1535 1054 4350 1720 4683 7172 6914 5433 2601 4436 7388 25 6046 1299 2126 6557 952 4793 1516 3515 5059 1519 2061 5775 1593 6858 4964 6564 4868 5681 5701 5254 6735 2550 6974 2769 1073 5239 701 2525
1027 588 2549 5924 738 3526 3832 542 818 5347 2908 5876 5717 4968 4150 6161 3177 465 4076 545 6146 2276 4650 4232 3677 4123 7000 3602 714 6552 6126 592 7139 27 6515 6729 3552 1698 7270 4370 5896 2677 1597 4113 6497 4599 2773 2173 3915 6849 1569 2560 476 6219 6791 3005 1693 5142 6606 2406 4193 5231 1849 2684 5257 7215 1912 1309 1412 533 4530 7308 2061 4978 2772 1057 928 4396 3230 3695
2596 4798 6254 1924 3516 4397 4928 4061 2038 4033 6466 5083 615 7167 266 4724 6881 2177 4884 7145 1561 765 6952 2473 4594 1075 3530 5522 5470 5611 1716 6918 1760 6821 1341 4128 2569 6268 688 4607 1652 6005 2189 2266 5671 1306 6989 3904 2334 3224 3548 3894 3988 1851 6366 1082 2925 1247 5455 7246 5709 7170 6663 7469 5342 6855 2948 411 5622 3635 3869 6125 991 4909 7243 6662 6214 6731 1917 1047
2455 5464 3792 5294 7314 1509 6375 1590 2756 4329 1335 7316 2850 6850 7284 692 6204 1583 7454 3178 5217 3822 1802 6208 1230 1544 4221 6295 7127 6137 7341 933 2952 2484 6226 1617 3992 3953 3206 5599 781 3392 5415 3631 2741 4050 3174 297 5633 3127 2326 2201 6948 2979 908 7029 3375 3980 5823 1853 1468 4515 2785 3271 6998 362 4887 2341 3166 6944 440 3947 1688 4706 6429 3280 1255 2102 3576 6887
5228 4753 1588 3527 232 1347 3055 3606 4179 229 5458 5646 3595 7094 269 1944 6307 5155 4284 1973 3451 3575 5919 3990 780 4847 7269 2035 5800 2197 273 3527 6949 712 5905 7180 911 311 2137 5089 539 94 2086 2985 7187 2354 4928 5994 6361 563 466 1163 4138 5236 5152 4917 1434 3772 5803 7233 5968 4928 2111 4269 5639 515 3948 6549 825 4937 2989 215 5030 5075 3199 3569 6280 6978 914 5140
6392 231 5154 3029 5466 2805 6798 5751 6577 3952 5483 3896 1379 6445 664 7018 5811 4612 4918 6635 900 407 5701 5929 4333 251 849 3112 7228 1762 7104 6119 1992 4757 500 6309 62 6149 3411 5490 2600 245 1885 3979 6689 2549 2348 4999 6012 7265 2985 6911 6523 1185 5339 3355 1435 5040 5319 14 6801 4922 6133 145 2178 5484 5305 2239 4132 1216 6580 6731 1460 965 2061 7001 3513 4408 4499 2024
3025 7484 1434 2047 20 5624 4254 307 3163 2072 320 1316 5845 5304 1460 522 3287 6764 1613 7418 6831 692 5501 7143 1656 61 6643 4020 3321 2493 6043 6345 2476 6328 7243 1348 4452 2848 1654 6466 3771 1973 281 2115 7277 592 2637 1915 6208 3101 685 5538 3792 6185 5180 4300 5097 3174 819 7269 5667 5714 6113 6994 4541 4708 841 344 55 2494 6810 2678 3319 5942 4792 1947 6534 6280 2713 5241
732 3397 2130 3376 933 6162 175 4882 1835 7345 4650 1 5558 2115 6995 1451 6822 335 1794 5728 1681 7455 905 3851 5897 4549 4649 3782 3328 7361 374 4060 2110 2503 7435 3042 1164 6461 6775 1851 5157 3925 1851 3215 6039 1345 3517 4212 532 5310 1291 1064 4117 2196 3766 1365 5596 914 5146 275 7126 5519 3186 1735 6873 1972 3629 537 932 1755 2387 6089 5679 3089 655 3069 3286 4171 6132 2669
832 7423 2584 4948 970 6349 6312 5417 6114 2809 5691 4591 827 1377 5178 6552 3348 1306 7088 4280 1912 826 1720 6443 2766 1226 863 6051 5396 6995 1219 5079 5769 3802 1379 5590 1502 190 3506 6467 1851 1696 3558 1529 1924 1235 580 5272 1392 6519 903 3303 6196 2622 2245 1462 2699 3108 6364 594 1454 6435 5672 6074 1588 5902 4163 3090 6092 6520 2056 6794 715 4465 822 2639 5699 254 6762 5942
6772 164 1745 5468 1637 2841 5781 4335 4800 4644 3780 5105 3578 803 3678 5166 6705 340 7107 4148 5711 1662 3441 6426 6127 3114 416 3177 3367 7177 1619 2639 6192 2215 6958 328 5055 5238 3514 1207 2381 7293 6311 4811 595 2489 2476 7299 1680 2082 2798 7391 2595 6238 5168 73 1852 4435 2102 5218 4111 3720 6708 1654 4786 6165 1981 1192 3902 5494 2398 5135 4138 61 2445 4732 1401 3772 3383 1932
5853 6180 674 7299 3770 5841 7372 5621 2775 1973 2190 5737 4544 250 6242 1829 6414 722 3020 1668 5067 4270 5654 1704 4330 6950 5288 5730 3221 22 6513 425 5053 7187 223 1322 5527 94 5794 7154 918 6836 4242 4313 7085 2984 6141 4850 2557 513 6517 6476 3634 3522 7031 6815 2971 3670 5044 6191 3691 4056 6615 1244 2594 6838 1417 621 5783 7211 6626 5553 6546 2219 1217 6130 4054 6210 3479 5463
6722 1348 4438 1707 3721 2820 1021 6692 6490 4916 4234 1532 323 2201 1627 2917 390 3044 2389 5024 1606 1514 3076 651 2584 3145 5632 6638 1854 462 4600 7427 661 389 1633 4382 3208 2653 2425 1049 68 5510 2581 390 210 4207 3306 599 6102 5694 5623 207 6059 50 857 1143 3194 5340 6632 3899 5802 2583 3825 5314 1823 5457 1047 3882 609 3471 4931 7028 1481 11 7418 542 3069 2075 1141 1671
6621 5615 1877 5179 4516 1586 5173 6562 5777 3156 2960 2930 4590 6785 744 6412 4741 1790 2794 4202 4113 224 3729 5593 6586 2498 4986 2154 4573 6126 2676 3693 3092 3405 223 108 4990 4248 5521 2118 7403 980 5048 3345 264 5791 2256 3857 6432 3901 558 3044 2976 3138 7488 2061 5636 4974 3067 2708 2451 4594 5252 5543 498 4326 4502 4339 1073 2522 6457 7328 3501 4004 2024 2617 1146 4279 5325 77
7032 4734 3121 2507 371 1960 3420 6006 6933 5338 65 1884 2431 4168 7426 1781 994 3279 6119 918 5800 5075 7097 652 430 1620 2120 1575 4751 7444 504 4282 4677 2476 5640 5048 4435 411 2405 2720 5748 2470 4603 7031 5489 3380 1311 6482 6658 7429 6252 4957 3856 5848 4460 4285 6320 6580 4712 3570 6523 4067 6703 2552 5394 3694 6451 2328 4105 207 5047 2352 1528 1001 1882 7017 3232 2044 4850 2389
1973 3601 6197 4680 801 3157 316 7120 2236 5027 2041 110 445 1243 1513 5838 4936 463 7018 392 670 3416 1596 2197 4417 3477 565 148 4373 5415 1389 6345 1515 85 3524 2315 2093 3839 786 3180 218 2826 2142 7014 2920 3654 5352 6708 2969 3721 7099 2490 7136 1194 3538 2904 3523 4103 1904 395 2017 3292 5591 2383 2228 466 4698 3173 3156 4335 6352 2225 7161 993 1739 1432 3499 5942 639 5319
2162 6590 308 1797 6635 3845 3553 2657 447 5456 1903 1315 1247 6345 3698 2326 6810 7247 5498 1318 4081 4350 3542 2593 4194 4132 4025 6544 2573 3515 4362 4734 1456 4669 5383 591 7366 1435 2099 6664 6890 4002 479 6988 1698 4176 1813 7360 2774 6163 1177 6854 1864 4718 799 4909 1350 3675 3953 2774 7189 814 6360 7497 4335 4242 587 4200 4528 2685 2215 2769 5538 2693 1108 7236 5720 1772 7095 7345
434 7123 6699 2297 4340 6349 7206 4541 2523 2510 7315 1063 2175 6174 1059 6509 1767 1645 2060 5146 3182 3127 414 1219 5819 1521 7306 2891 2144 5752 2735 2578 5374 785 3726 1066 7133 2283 4458 2155 4792 4272 2070 5819 1797 3128 3679 2415 4773 4591 60 6806 217 6825 6876 6035 7197 6682 277 1841 3785 3012 3270 511 2648 6995 1576 1133 630 6033 2139 4273 1657 4208 2591 2305 7336 6270 4720 3460
3360 3631 2765 3576 2956 992 962 2652 173 1239 3344 2810 3102 6613 3320 4601 4960 4895 5733 5589 2279 372 2361 3935 4579 4952 6240 3266 2573 2311 6725 5932 5941 841 859 1396 1833 1820 2900 857 1910 6243 3666 3863 4208 5837 7316 1667 2083 5548 7255 4362 5919 967 7148 1850 4770 4739 5115 7342 7049 3192 4625 4342 4032 5483 4589 4716 6155 7488 5573 564 5083 590 3279 642 6427 3094 2308 1009
1141 914 4222 5912 732 2722 6613 5502 7460 4227 5343 5861 7418 2468 2702 2802 450 7290 17 6604 6130 4441 6020 2564 5031 650 3205 2809 3743 5512 2669 3735 5277 6891 998 6008 2112 110 4009 923 3189 704 6783 1958 3171 836 4759 2472 626 3628 428 5607 6920 6447 670 4450 7096 3874 6110 2190 737 1279 5924 6013 7021 5774 4520 484 5883 7381 1406 1571 584 7041 2381 2606 6728 7139 5077 6205
2118 4356 4311 1538 2154 4980 4839 1749 1353 3449 2790 941 4727 66 6953 3099 5839 2825 3582 4221 1557 3839 4644 2140 3379 7024 3597 2607 5514 1173 1311 6484 4381 4474 521 6534 1953 4211 7135 2158 159 2424 3098 3737 2489 1403 6835 7179 3079 1768 2752 4635 5607 7395 6774 337 5770 2870 1795 2635 2894 1958 1618 6126 6431 990 5160 7235 5201 4794 744 4211 7217 2694 448 1058 4096 6134 736 7174
402 3487 3160 4860 2233 1285 5196 6854 3006 6991 841 5899 1448 1310 4525 6730 1152 1036 6464 6352 5829 6060 1914 4397 1253 1213 4306 4200 7347 5042 3873 6600 7380 5884 3959 965 7168 506 6670 2673 7496 10 7423 295 172 4447 5876 1323 4334 3692 6526 2662 2251 939 5911 3503 1004 2716 202 7202 257 2926 6301 6489 1309 1611 6305 976 2116 4326 3648 964 3188 3570 1258 3359 6869 7134 4681 3702
0 1 4007
0 2 5412
0 4 2930
0 5 254
0 6 6453
0 7 4359
0 8 6033
0 11 1505
0 12 4098
0 13 6750
0 17 2517
0 19 6323
0 23 226
0 24 3376
0 27 5509
0 28 6687
0 30 511
0 31 633
0 32 2686
0 33 2295
0 36 2502
0 37 358
0 38 1566
0 39 3341
0 40 4514
0 41 7102
0 44 2899
0 45 4166
0 48 487
0 50 7471
0 51 6685
0 53 7471
0 54 392
0 57 981
0 60 3621
0 64 3177
0 65 549
0 68 2901
0 69 1165
0 70 1166
0 72 6702
0 73 5100
0 74 7107
0 75 6847
0 76 3944
0 78 427
1 3 662
1 9 3460
1 10 2109
1 12 4400
1 15 6197
1 16 2251
1 17 2301
1 19 3438
1 23 5096
1 25 5757
1 26 516
1 27 366
1 28 155
1 29 4493
1 30 2154
1 31 4367
1 32 5112
1 33 346
1 38 4688
1 39 4750
1 40 6213
1 44 989
1 47 3162
1 53 6368
1 55 3980
1 56 189
1 58 2458
1 61 6581
1 67 299
1 68 3882
1 70 5895
1 73 5650
1 75 4517
1 77 996
1 78 3608
2 3 6065
2 4 3337
2 6 6509
2 9 3005
2 11 4007
2 15 7416
2 17 5565
2 18 4675
2 20 594
2 21 3335
2 23 749
2 24 2583
2 26 5186
2 27 1670
2 29 3526
2 30 5195
2 31 2090
2 33 1254
2 34 4556
2 35 4204
2 40 6918
2 41 3173
2 42 4987
2 45 3467
2 46 2367
2 48 1463
2 52 848
2 53 3577
2 54 6315
2 55 4454
2 56 5258
2 57 1155
2 58 4101
2 60 7273
2 61 385
2 64 6880
2 65 877
2 66 7312
2 67 1084
2 69 7481
2 71 2409
2 75 59
2 77 66
2 79 5841
3 4 2879
3 5 6797
3 10 7332
3 13 325
3 14 1369
3 15 5247
3 19 2310
3 22 4854
3 24 6812
3 26 2191
3 27 4829
3 28 3916
3 29 6652
3 30 2467
3 34 5398
3 35 4225
3 36 4452
3 37 5316
3 38 6951
3 48 1183
3 49 54
3 51 5557
3 53 2801
3 55 368
3 57 3444
3 60 3941
3 63 5765
3 64 4026
3 68 7494
3 71 6386
3 74 1736
3 76 468
3 77 5314
3 78 5298
3 79 4370
4 5 694
4 7 7081
4 8 1148
4 9 345
4 10 2457
4 13 6436
4 14 90
4 15 2991
4 17 4727
4 22 2291
4 23 1688
4 25 1234
4 26 4002
4 27 344
4 28 7040
4 29 4302
4 32 3298
4 33 3611
4 34 1604
4 36 1571
4 37 6969
4 38 373
4 39 6914
4 40 4314
4 41 5878
4 43 2402
4 44 2000
4 46 391
4 51 4537
4 54 6164
4 55 674
4 57 143
4 58 4800
4 59 2686
4 62 4692
4 63 3825
4 66 1190
4 68 2326
4 70 3104
4 71 3341
4 76 994
4 78 1136
4 79 1236
5 7 6402
5 9 3594
5 10 2832
5 13 2080
5 15 4405
5 17 6360
5 19 6523
5 20 5242
5 23 964
5 28 6016
5 30 5023
5 31 3561
5 35 1386
5 37 4642
5 38 3572
5 43 6235
5 44 2252
5 49 6711
5 51 385
5 52 1280
5 53 6505
5 55 5081
5 56 3547
5 57 3447
5 58 968
5 60 2785
5 64 1345
5 66 5589
5 69 594
5 71 978
5 73 6130
5 74 5407
5 75 4624
5 76 4338
5 78 5026
5 79 2328
6 8 1691
6 9 291
6 10 4032
6 14 1574
6 15 1509
6 16 3889
6 18 3607
6 21 759
6 22 2025
6 28 893
6 29 1353
6 31 5196
6 33 3457
6 35 3882
6 37 3051
6 41 7348
6 42 6892
6 43 3589
6 45 5864
6 50 7245
6 52 6126
6 55 6120
6 58 927
6 63 577
6 65 6321
6 68 407
6 71 3629
6 72 1261
6 73 1220
6 75 3884
6 79 4664
7 8 4448
7 13 6575
7 14 945
7 16 3909
7 17 4924
7 21 2628
7 24 2489
7 25 6583
7 27 437
7 28 2395
7 30 4875
7 32 6199
7 33 3304
7 37 529
7 39 4616
7 41 4830
7 44 1235
7 46 6669
7 48 5958
7 50 2750
7 51 4611
7 54 3477
7 55 7228
7 56 4352
7 61 1348
7 65 42
7 67 802
7 70 3947
7 72 5548
7 73 2491
7 74 5675
7 75 7028
7 76 3232
7 77 4532
7 78 5454
8 10 4966
8 14 2361
8 16 2014
8 17 4901
8 19 3011
8 25 2883
8 26 4893
8 27 616
8 28 1360
8 30 4276
8 32 6134
8 34 3936
8 35 5785
8 38 6662
8 39 6161
8 40 3203
8 45 3168
8 49 1794
8 50 509
8 51 5121
8 52 6900
8 55 6541
8 57 803
8 60 2225
8 66 512
8 67 231
8 68 5694
8 74 4533
8 76 5990
9 11 4685
9 12 2038
9 14 3348
9 18 5039
9 21 4724
9 22 3837
9 24 3249
9 26 6633
9 29 6291
9 31 4354
9 33 6975
9 35 3173
9 38 2694
9 39 39
9 40 2220
9 41 1658
9 42 5700
9 43 1722
9 47 3009
9 50 6030
9 52 3257
9 53 3330
9 54 5787
9 57 354
9 59 392
9 61 2255
9 62 6368
9 63 6776
9 65 3155
9 66 187
9 72 3168
9 73 5750
9 75 2888
9 76 2820
9 77 4704
9 78 3668
9 79 1017
10 13 5778
10 20 3933
10 23 4476
10 24 5265
10 26 3114
10 28 7464
10 31 4441
10 32 7466
10 33 6956
10 34 797
10 35 3025
10 36 4098
10 37 1830
10 39 4614
10 40 3268
10 41 5196
10 42 4474
10 43 2247
10 44 1553
10 48 1274
10 55 6889
10 57 2338
10 58 2134
10 60 6747
10 61 6413
10 62 7352
10 64 5836
10 65 721
10 66 7392
10 69 7248
10 72 4860
10 73 4947
10 75 5579
10 76 1275
10 77 5839
10 78 3640
11 12 2552
11 13 3570
11 16 1239
11 17 1792
11 23 6273
11 26 4455
11 29 7457
11 30 3028
11 35 571
11 37 1343
11 38 1788
11 42 4968
11 43 2292
11 44 5894
11 46 7394
11 47 1102
11 49 3635
11 54 4681
11 55 1992
11 59 5454
11 63 5995
11 64 4403
11 70 6438
11 73 3039
11 77 4546
12 13 3484
12 23 681
12 26 4843
12 27 1573
12 28 1907
12 30 4945
12 31 1135
12 34 5378
12 35 2421
12 37 1036
12 38 907
12 39 151
12 41 5803
12 44 1076
12 50 2891
12 52 5194
12 53 277
12 54 1703
12 57 5866
12 64 1172
12 66 6646
12 72 7160
12 74 4344
12 75 3664
12 76 3196
12 78 1349
13 15 6226
13 17 812
13 20 4304
13 22 2301
13 25 4594
13 27 4253
13 28 7354
13 29 3069
13 30 315
13 32 1235
13 37 2088
13 39 5220
13 41 875
13 45 2081
13 47 1091
13 48 6530
13 49 1565
13 52 5644
13 53 5105
13 54 7240
13 59 4926
13 61 2664
13 62 594
13 65 5682
13 66 2949
13 67 961
13 70 5076
13 71 3064
13 74 4316
13 76 6990
14 16 5477
14 19 4566
14 24 1485
14 25 4309
14 29 7283
14 31 1596
14 32 6098
14 33 6045
14 36 5193
14 37 5774
14 38 4613
14 40 1678
14 41 243
14 42 1475
14 43 1699
14 44 399
14 47 617
14 50 6000
14 51 996
14 52 6544
14 53 4025
14 56 7115
14 57 630
14 58 1912
14 60 2154
14 61 1010
14 63 5462
14 64 1116
14 66 1732
14 67 6490
14 68 6634
14 71 4884
14 72 2147
14 73 3889
14 74 5839
14 75 6293
14 77 7451
14 78 2156
14 79 5816
15 17 2629
15 18 2063
15 19 6351
15 20 5846
15 21 5627
15 25 1065
15 26 5247
15 28 3410
15 30 1054
15 31 4847
15 32 7058
15 34 4225
15 35 2125
15 36 3000
15 39 6832
15 40 4895
15 42 1075
15 44 991
15 49 2963
15 53 963
15 54 3984
15 55 347
15 56 1968
15 57 4589
15 60 4337
15 62 646
15 64 6557
15 65 2454
15 66 2566
15 68 1471
15 71 463
15 72 2392
15 73 2074
15 75 2515
15 76 686
15 78 357
16 19 5540
16 22 2644
16 25 6688
16 27 3086
16 29 2401
16 31 6485
16 33 2267
16 35 1804
16 38 6650
16 39 2800
16 40 7186
16 41 228
16 42 3313
16 44 7374
16 46 5406
16 48 3718
16 50 4422
16 53 959
16 57 306
16 58 1508
16 59 6572
16 60 490
16 64 1200
16 67 282
16 69 7336
16 71 401
16 74 4237
16 75 3505
16 78 596
16 79 7371
17 18 1137
17 19 1889
17 20 6232
17 25 4000
17 27 174
17 28 1905
17 29 7380
17 31 2783
17 33 5140
17 35 2355
17 36 4961
17 37 4155
17 41 3319
17 42 6311
17 43 1122
17 44 6101
17 46 6274
17 47 335
17 50 3900
17 51 3285
17 52 5750
17 54 604
17 55 212
17 58 7416
17 59 2338
17 62 5335
17 65 4746
17 66 1560
17 73 7444
17 75 4241
17 77 3793
17 78 5107
18 21 7157
18 22 2812
18 24 5645
18 25 6580
18 30 3377
18 31 7141
18 32 5476
18 33 360
18 34 2676
18 35 4227
18 40 5707
18 42 5314
18 45 3930
18 46 7038
18 47 7472
18 48 2607
18 52 3771
18 55 1133
18 56 3938
18 57 6727
18 58 4895
18 59 3635
18 61 1226
18 63 7121
18 66 7261
18 69 715
18 72 1428
18 74 159
18 76 418
19 20 6142
19 21 475
19 22 762
19 24 6565
19 27 1826
19 30 3188
19 31 3435
19 32 2044
19 33 4748
19 37 4290
19 38 2585
19 39 5873
19 40 2380
19 41 673
19 45 5923
19 47 6600
19 48 6964
19 51 4836
19 52 479
19 54 4780
19 56 6117
19 58 54
19 62 7344
19 63 6570
19 65 126
19 74 7057
19 76 606
19 77 2192
19 78 461
20 26 6512
20 29 5464
20 32 7155
20 33 2798
20 34 4389
20 38 3161
20 45 1794
20 47 2580
20 48 4200
20 49 3675
20 51 490
20 53 1321
20 55 4118
20 56 2413
20 59 5062
20 60 2470
20 66 5443
20 67 7189
20 70 7316
20 71 5290
20 72 558
20 78 723
20 79 4187
21 22 997
21 23 417
21 29 7398
21 32 5454
21 33 1177
21 36 1311
21 38 6784
21 39 5389
21 40 1374
21 41 6396
21 44 7308
21 45 1062
21 49 3991
21 50 69
21 51 3961
21 53 3990
21 54 1222
21 56 6816
21 57 1590
21 62 970
21 63 1518
21 65 7340
21 67 3989
21 69 6831
21 70 4991
21 71 6087
21 72 582
21 76 6313
21 77 2847
21 78 3312
21 79 3624
22 24 3445
22 25 885
22 26 1292
22 27 1635
22 28 3564
22 31 3808
22 32 7292
22 33 6705
22 34 3822
22 39 1255
22 40 3159
22 42 2537
22 45 705
22 48 1045
22 49 4992
22 50 761
22 52 5601
22 53 4336
22 55 658
22 56 6779
22 58 5478
22 59 4428
22 62 3672
22 65 150
22 69 3162
22 70 5318
22 73 7226
22 75 2234
22 77 6805
23 28 1463
23 29 1703
23 30 3348
23 31 6261
23 32 2519
23 33 4578
23 34 4609
23 35 7305
23 36 3303
23 37 6598
23 38 615
23 40 6271
23 41 7317
23 43 2803
23 46 670
23 50 1637
23 52 825
23 53 6194
23 55 4851
23 56 4185
23 59 2699
23 63 1046
23 64 4128
23 65 4449
23 70 6838
23 72 1896
23 73 1358
23 77 3379
23 79 6610
24 27 4573
24 28 2129
24 29 4306
24 30 6183
24 31 6975
24 32 3026
24 34 3070
24 35 6982
24 37 464
24 38 3912
24 39 805
24 40 2370
24 44 6307
24 46 2067
24 49 6793
24 50 3580
24 52 6605
24 56 823
24 57 3928
24 60 278
24 62 1500
24 69 867
24 70 5601
24 73 1022
24 77 7025
24 78 4310
25 26 737
25 34 4289
25 36 3090
25 37 7137
25 38 4204
25 39 1398
25 41 1271
25 42 422
25 43 5250
25 44 5456
25 46 291
25 47 5983
25 49 5597
25 50 4720
25 52 360
25 53 4263
25 54 5622
25 56 1177
25 57 5358
25 58 1578
25 60 1999
25 61 7404
25 63 1962
25 64 2825
25 65 5924
25 66 2886
25 69 935
25 72 6818
25 73 5266
25 75 5294
25 78 2984
26 28 5991
26 36 4498
26 37 5868
26 42 6445
26 43 4415
26 46 856
26 50 5040
26 52 2383
26 53 2283
26 54 3516
26 55 3811
26 57 808
26 58 716
26 59 3908
26 60 4341
26 61 5314
26 62 3621
26 63 3633
26 65 1968
26 68 4982
26 69 939
26 70 6363
26 71 2122
26 72 1426
26 74 3775
26 76 3342
26 77 922
26 78 3728
26 79 24
27 29 6102
27 32 1030
27 34 3168
27 36 2958
27 37 6471
27 38 5822
27 39 6455
27 40 234
27 45 5669
27 48 6008
27 49 894
27 51 7307
27 54 5928
27 55 3647
27 56 2510
27 58 39
27 59 5206
27 61 4292
27 62 1321
27 63 3200
27 66 5064
27 67 191
27 68 5248
27 70 3907
27 72 2568
27 74 5066
27 77 4819
28 29 1691
28 30 5668
28 31 1080
28 32 2019
28 36 2619
28 38 6719
28 39 3208
28 40 2892
28 43 2197
28 44 3982
28 45 5873
28 49 6336
28 52 6347
28 55 2869
28 56 77
28 57 3821
28 58 3558
28 59 5187
28 60 3310
28 62 7479
28 64 2812
28 66 2963
28 68 4491
28 72 5180
28 75 3010
28 76 5936
28 78 1563
29 33 3037
29 34 5253
29 36 6916
29 38 2378
29 39 3028
29 40 1761
29 41 2405
29 43 2545
29 45 5554
29 46 3834
29 48 4248
29 49 1827
29 51 7101
29 52 6224
29 53 4609
29 54 3120
29 60 6169
29 61 6121
29 63 1165
29 66 2662
29 67 2324
29 68 6551
29 69 3201
29 72 4486
29 75 6245
30 36 2897
30 37 1325
30 38 5616
30 41 571
30 43 5961
30 45 2003
30 46 4205
30 47 6488
30 48 1865
30 50 6551
30 51 5776
30 52 6827
30 53 7187
30 54 311
30 55 7164
30 57 6558
30 59 5980
30 60 1392
30 62 7463
30 63 5158
30 64 915
30 65 2466
30 66 1811
30 73 4424
30 74 5529
30 75 4426
30 77 2335
31 32 2789
31 35 5093
31 36 4472
31 37 1666
31 38 3077
31 39 631
31 48 5750
31 49 6042
31 51 877
31 52 4002
31 54 483
31 56 5575
31 58 6186
31 60 614
31 62 6868
31 64 722
31 65 2343
31 66 4503
31 68 1802
31 69 4781
31 70 2229
31 77 2327
31 78 6229
31 79 3198
32 34 2614
32 36 2563
32 37 6918
32 40 5931
32 41 2458
32 43 6090
32 44 340
32 46 814
32 50 1701
32 51 6035
32 52 6413
32 53 7247
32 54 5310
32 55 2941
32 56 4213
32 57 7014
32 59 4921
32 60 736
32 63 3372
32 64 1063
32 65 114
32 68 2137
32 78 1425
32 79 2640
33 37 1018
33 39 3192
33 41 1620
33 43 1733
33 46 4806
33 48 7359
33 49 5657
33 51 2665
33 52 215
33 54 1706
33 56 4849
33 58 80
33 59 4901
33 62 4631
33 64 7299
33 67 7191
33 68 3314
33 70 3175
33 72 3778
33 73 1678
33 74 1520
33 77 7253
33 79 2841
34 36 7246
34 37 2531
34 38 261
34 40 1517
34 42 1730
34 44 99
34 45 4424
34 46 5106
34 47 513
34 48 4609
34 49 6020
34 50 2375
34 52 4068
34 55 454
34 61 6373
34 62 2811
34 63 5843
34 65 1619
34 67 4708
34 68 2898
34 69 2582
34 71 3809
34 74 1674
34 75 1892
34 77 6709
34 78 6348
34 79 2774
35 36 5022
35 37 2246
35 41 5645
35 42 1042
35 44 1709
35 45 2021
35 46 3346
35 49 2125
35 50 3316
35 52 2525
35 53 3244
35 55 6167
35 56 4505
35 57 5117
35 58 3808
35 59 197
35 60 1344
35 62 1904
35 64 4311
35 67 1459
35 70 4612
35 75 826
35 77 5330
35 79 6235
36 39 1422
36 40 2435
36 41 4652
36 42 3621
36 43 4362
36 44 6707
36 46 4237
36 47 6829
36 49 87
36 50 4624
36 52 2905
36 53 3769
36 54 3828
36 60 1137
36 61 872
36 64 6615
36 65 2405
36 66 416
36 67 7013
36 69 5951
36 70 920
36 71 1932
36 73 4553
36 74 7134
36 75 4591
36 76 1234
36 79 1908
37 38 5980
37 49 943
37 52 544
37 55 6885
37 57 2827
37 58 3614
37 59 2887
37 61 4453
37 63 3753
37 66 5036
37 68 29
37 69 4676
37 71 4500
37 72 5807
37 75 2940
37 76 4634
37 77 1137
38 42 1396
38 43 3579
38 46 5042
38 48 3922
38 50 3745
38 51 4387
38 52 5266
38 55 3381
38 56 4653
38 57 5393
38 59 767
38 61 594
38 62 1648
38 63 1437
38 64 1115
38 68 3305
38 69 5496
38 75 6901
38 77 4053
38 78 5883
39 40 6649
39 41 317
39 42 1120
39 43 1618
39 45 1584
39 47 5410
39 49 2771
39 50 3495
39 51 7201
39 53 2286
39 58 9
39 60 5510
39 65 4572
39 68 3990
39 71 1560
39 72 3960
39 74 2512
39 75 5966
39 76 6761
39 77 71
39 79 6432
40 41 3851
40 43 7172
40 44 3902
40 45 4467
40 49 6890
40 52 4222
40 53 3707
40 55 692
40 56 4090
40 57 2892
40 59 2589
40 64 4962
40 66 2419
40 67 7185
40 68 2921
40 72 170
40 73 786
40 75 6432
40 76 4753
40 78 144
40 79 5466
41 42 5680
41 44 3415
41 46 7397
41 47 6754
41 49 233
41 50 4711
41 51 4072
41 52 5976
41 53 851
41 54 1612
41 56 5216
41 61 5795
41 62 904
41 63 5837
41 64 2003
41 70 544
41 75 3421
41 77 3884
41 79 1599
42 43 2900
42 45 3116
42 49 7214
42 50 2625
42 51 1858
42 52 1078
42 56 5774
42 57 5444
42 59 5073
42 61 4483
42 62 3046
42 63 5377
42 64 1057
42 66 1286
42 68 7351
42 69 6407
42 72 5226
42 74 5699
42 78 5343
42 79 6907
43 44 1150
43 45 4445
43 46 5991
43 47 3252
43 48 1016
43 56 6898
43 57 259
43 59 4809
43 60 2362
43 64 1753
43 65 6650
43 67 2196
43 68 6639
43 69 234
43 72 3884
43 75 4060
43 77 2707
44 45 4754
44 46 1537
44 48 592
44 50 1614
44 51 4743
44 52 1248
44 53 6218
44 55 5223
44 57 1606
44 58 1585
44 59 275
44 60 242
44 64 4822
44 65 3692
44 67 4283
44 70 6828
44 74 3044
44 75 1409
44 79 6499
45 48 47
45 49 1106
45 52 4937
45 55 2482
45 59 2617
45 60 6458
45 61 2972
45 62 4719
45 66 1695
45 68 4143
45 69 392
45 70 5732
45 71 811
45 72 5443
45 75 6598
45 79 509
46 47 2324
46 51 6933
46 56 1347
46 57 7454
46 58 5372
46 60 6182
46 61 6538
46 62 5825
46 66 2900
46 72 925
46 75 1096
46 76 1263
46 77 5666
46 78 2729
47 48 7265
47 51 5240
47 52 4117
47 55 4266
47 56 1399
47 57 6425
47 61 6075
47 64 41
47 65 1297
47 66 4559
47 71 7232
47 72 7253
47 75 6279
47 79 3260
48 50 5714
48 53 4234
48 54 1661
48 56 2958
48 57 4858
48 58 3496
48 59 975
48 60 6819
48 61 4114
48 63 450
48 64 7034
48 66 2158
48 67 1960
48 68 2524
48 70 4515
48 72 6176
48 77 7466
48 78 4910
48 79 3371
49 50 1699
49 51 133
49 53 2316
49 55 3777
49 57 4588
49 58 6022
49 60 3037
49 61 2915
49 67 1013
49 68 6111
49 71 1355
49 73 1360
49 74 1841
49 75 6447
49 76 298
49 77 2705
49 78 967
50 54 4566
50 56 6761
50 58 6625
50 63 1283
50 64 5045
50 65 4531
50 66 1245
50 67 5002
50 70 5168
50 72 4041
50 74 3533
50 77 3771
50 79 1747
51 52 452
51 55 1810
51 56 2368
51 57 4102
51 58 3400
51 62 6960
51 64 1281
51 67 385
51 68 7000
51 70 6402
51 71 2118
51 72 5009
51 73 4410
51 74 4454
51 75 4699
51 76 1730
51 79 4556
52 54 2867
52 55 1711
52 56 1171
52 58 407
52 59 4075
52 60 6921
52 61 4251
52 63 1760
52 66 7487
52 67 141
52 74 631
52 75 5336
52 76 864
52 77 2494
52 78 5764
52 79 865
53 54 7316
53 55 1060
53 57 1671
53 59 3465
53 60 2504
53 62 1558
53 65 1749
53 67 5965
53 68 7150
53 69 1245
53 70 2470
53 73 2670
53 75 2581
53 76 1709
53 78 6887
54 55 1890
54 57 2299
54 58 7224
54 59 3671
54 61 987
54 62 6879
54 64 1522
54 65 7120
54 66 2672
54 67 6412
54 68 3722
54 69 609
54 70 2058
54 71 5892
54 73 7416
54 74 1887
54 76 3160
54 78 1741
54 79 4924
55 56 2217
55 60 4403
55 62 3314
55 63 2017
55 65 193
55 66 1434
55 68 1022
55 70 1760
55 72 3771
55 73 3920
55 74 6601
55 76 1318
55 77 5826
55 78 3533
56 57 1828
56 59 2696
56 62 2661
56 63 324
56 67 7230
56 68 6258
56 69 5617
56 71 3570
56 76 6611
56 79 4815
57 58 1434
57 59 6466
57 60 602
57 61 3696
57 62 6051
57 63 3803
57 64 1396
57 66 4895
57 67 3788
57 69 6660
57 71 7262
57 74 7167
58 60 5877
58 68 324
58 69 1849
58 71 7105
58 72 858
58 73 7008
58 74 4622
58 75 2219
58 77 2280
58 78 3622
59 62 4769
59 65 6920
59 69 6635
59 72 3030
59 73 543
59 74 1299
59 75 3356
60 64 7461
60 67 3292
60 68 503
60 70 1726
60 72 7212
60 73 5423
60 75 6066
61 62 1277
61 65 6158
61 69 3104
61 70 4159
61 79 6102
62 64 1842
62 68 4849
62 69 1036
62 70 5967
62 72 6585
62 76 3114
62 77 175
62 79 6983
63 64 3921
63 67 1679
63 68 1123
63 70 815
63 72 4515
63 74 5806
64 66 4326
64 70 2954
64 72 6874
64 74 4799
64 75 813
64 77 6939
64 78 2295
64 79 2601
65 67 906
65 70 3358
65 77 276
65 79 4958
66 67 3135
66 68 1350
66 69 353
66 71 6143
66 73 2819
66 74 804
66 78 3430
67 68 4626
67 69 7095
67 72 4894
67 76 4751
68 70 2711
68 71 5578
68 72 1408
68 73 546
68 74 2805
69 70 2203
69 73 648
69 74 5457
69 75 5426
69 78 5545
70 74 6138
70 75 6111
70 77 2988
70 79 3798
71 76 5974
71 77 844
72 74 5307
72 75 6104
72 78 2589
72 79 3048
73 75 3190
73 76 2975
73 77 242
74 75 7477
75 77 1236
76 78 2355
77 79 1886
