50 50 1225
25000 25000 25000 25000 25000 25000 25000 25000 25000 25000 25000 25000 25000 25000 25000 25000 25000 25000 25000 25000 25000 25000 0 25000 25000 25000 25000 25000 25000 25000 25000 25000 25000 25000 25000 25000 25000 25000 25000 25000 25000 25000 25000 25000 25000 25000 25000 25000 25000 25000
2609 3292 6739 8933 6803 5984 10355 7650 8084 4246 5219 5776 6641 7816 4374 3847 5033 6429 6719 3660 7358 5396 5219 8345 4182 6387 7391 5542 5038 10349 6400 5558 6051 9568 3792 4898 9064 7159 11178 8697 4781 6033 6661 5299 8845 11656 9977 5301 8663 3947

2368 1148 3204 4509 4028 2752 5457 3845 4791 2504 2396 2628 3220 3859 1838 2266 2285 3117 3299 2596 3680 2582 2296 4205 1779 2994 5115 2491 2189 5399 3046 2499 2838 4940 1446 2351 4642 3507 6634 4369 2035 2890 3943 2607 5984 6919 5919 3574 4385 1538

38119 28711 4914 17161 44553 7030 26409 19622 50450 35490 13876 9147 14977 9987 21848 35330 20546 15111 25670 37312 29954 23679 9828 13734 19303 6568 57472 8895 11180 22957 12390 7341 15489 21294 21806 22713 18992 16657 67393 15523 12297 23856 48568 27686 66066 66973 59161 44864 16203 22621

94158 75406 32372 11548 94124 35112 29982 21024 105322 79267 29681 21275 20071 28595 64292 80186 47630 25921 53179 95094 61702 69206 23096 42165 48700 24701 135170 25118 40527 60515 47246 30416 52911 19804 61669 53847 15191 17163 141838 16712 34762 49569 105288 76944 142841 137025 121516 110118 12183 58878

1432 1277 1715 1883 566 1580 2152 1577 838 876 1061 1250 1363 1923 1524 955 1016 1318 949 1655 814 1789 1133 2087 1015 1583 2005 1269 1379 2512 1815 1381 1823 2008 1383 947 1901 1497 1685 1925 1108 908 1169 1798 2040 1600 1240 2003 1836 1237

29389 21549 6421 15994 35203 3514 23701 16197 40108 27663 10383 7483 12332 10627 15840 27251 15232 12444 20193 28704 23757 17769 7029 12654 13919 6260 45474 6253 6966 20326 9090 4947 10956 19446 15805 17035 17517 13730 54202 15093 8371 18684 38375 21102 52622 53852 47354 34986 15197 16483

181956 151443 81972 45118 179349 86890 28499 43134 199791 153664 65767 58805 48555 75277 138615 155294 97584 53176 107361 187467 122469 147325 56998 99391 102384 68433 259515 65619 96429 131920 108338 78565 118381 37594 126439 108605 40319 50569 262507 54213 78328 100962 199791 160389 266358 256048 228497 214099 46244 120958

70158 56137 33391 20160 68960 32030 26544 6370 78353 57158 16770 13571 8861 34044 51550 57907 31390 10985 35882 72690 42824 57376 12741 45125 33595 25346 105796 16702 32220 60071 42892 24339 46527 21820 44649 36454 21085 12128 107171 24366 22542 32942 78353 60248 108940 104203 91544 84928 20704 42130

1719 1555 2020 2186 797 1877 2480 1869 697 1127 1324 1525 1646 2242 1817 1211 1359 1593 1205 1956 1061 2099 1395 2416 1275 1880 1940 1538 1663 2869 2127 1665 2135 2327 1668 1203 2218 1789 1599 2239 1374 1156 1050 2109 1977 1509 1125 2149 2144 1511

1038 879 1459 1709 1024 1320 1995 1402 1305 464 869 1050 1181 1674 1133 546 738 1134 1066 1268 1206 1406 928 1875 768 1323 1950 999 1145 2314 1562 1115 1500 1846 988 667 1736 1318 1983 1748 832 916 1087 1416 1986 2088 1720 1628 1668 837

282030 211282 141015 156813 275986 123980 205925 104130 324205 216434 12638 46089 66146 165880 198300 220212 86408 58178 109075 294806 144106 241573 25277 212999 97536 105504 461992 48149 106122 288418 178793 81738 185456 180442 162789 111960 161484 89774 468792 165811 55499 94239 323380 245901 477721 453818 389938 356556 149807 140603

50691 38013 17684 20961 51754 16554 32069 15322 59686 41572 8429 1231 9073 20938 32781 41335 20566 9254 24295 52228 30058 37595 2463 29549 19775 11074 79235 3830 16712 41956 25571 10170 28589 26227 28724 24385 23131 11333 83247 20927 10350 21854 59166 41335 84557 81009 70500 62387 19673 26656

87703 68425 38207 29484 86090 36375 42477 15319 98955 70203 15832 11526 5185 43485 62653 71210 35513 11563 41561 91111 50906 70496 10371 57448 38482 27377 135275 15741 36631 77569 50998 26021 55891 35788 53362 42330 30731 11599 137529 32581 23565 37602 98735 74362 139911 133534 116492 107586 27615 49972

8994 7014 1953 3076 10270 2400 5044 4089 11525 8342 3428 2289 3530 1217 5553 8308 5162 3558 5938 8844 6878 5947 2434 2672 4897 1741 13134 2275 3283 4634 3544 2352 4204 3955 5544 5623 3465 3423 15131 2520 3406 5551 11125 6799 14963 15041 13379 10451 2868 5718

22109 13806 17181 27575 34163 13983 36054 25399 39559 23393 16297 15828 21148 21809 7310 21709 15513 20779 22678 21463 25368 12569 14621 24038 11931 16866 39913 14091 11169 32479 15843 13360 14375 31372 9640 15974 29250 22701 52897 26598 12776 19787 33563 13114 48346 54681 47531 28374 26698 11815

16807 14001 25640 30561 19556 22905 35602 25154 24505 9679 15763 18421 21255 29433 18478 8135 13451 20437 19232 20868 21699 23300 16271 32126 12619 23236 35094 17533 19253 39867 26303 19556 24957 32986 15933 12196 31041 23680 36455 30709 14579 16581 19881 23476 36497 38302 31816 27205 29842 13261

10299 7390 7031 8472 10011 6048 10492 6305 12559 6963 2542 3918 4743 8551 6856 7119 1531 4415 4164 10825 5152 8788 3062 9992 2712 6068 17458 3782 5031 13093 7754 4593 8294 9443 5401 2666 8664 5714 17692 8842 2599 3101 11362 8989 17709 17551 14924 13365 8184 4483

175305 136474 78453 73100 171987 74683 92515 36644 198000 139301 27445 23562 23034 89311 126332 141375 67935 11423 80376 182317 99603 144881 22846 118038 74042 56173 274079 32233 75211 159433 104768 53383 114834 79433 107218 81959 75663 36305 280374 79396 45918 72233 198000 150423 282712 269592 234531 216209 69254 97680

14104 10872 9452 10186 10309 8668 12441 7754 12529 10040 3542 5082 6005 10597 10274 10214 4313 5638 2061 14718 4237 12438 4123 12767 5635 7817 21789 5177 8073 16239 11122 6723 11726 11267 8646 5230 10401 7099 19186 10594 5350 2795 14964 12662 22071 18497 15556 17561 9863 7618

4719 4738 8597 11897 10320 7583 14113 10500 12031 6905 7254 7875 9152 10064 5467 6371 7005 8870 9277 3656 10130 6729 7312 10878 5869 8497 9506 7622 6695 13554 8172 7390 7707 13238 5406 7151 12428 9845 15675 11583 6547 8360 10130 5845 12180 16314 14559 5847 11614 5613

2204 1718 1581 1691 1302 1463 2030 1326 1635 1593 693 924 1063 1760 1628 1619 733 1008 555 2296 390 1953 780 2079 931 1335 3066 939 1298 2600 1756 1171 1846 1853 1384 871 1722 1227 2673 1752 889 505 2041 1987 3108 2532 2090 2723 1643 1229

33087 23443 23170 37575 50155 19559 48702 36072 57236 36022 26166 23493 30494 29263 14919 33813 25682 30655 35084 31815 38614 11166 22333 29102 20982 23524 56025 21214 17380 40178 17905 20255 15978 42538 17975 26288 39775 32512 74738 35911 21002 31291 49368 15978 67091 77038 67697 40884 36405 20830

29547 21819 12087 14277 30208 10393 19877 9670 34960 23989 3801 2252 5847 14071 19650 23844 11199 6260 13471 30993 16984 22873 0 19319 10703 8017 46945 2293 10145 26881 15889 6157 17728 16757 16158 13513 14856 7665 50147 14257 4959 11984 34713 24051 50189 48040 41634 36675 13492 14897

19258 15154 4883 8660 22473 5240 12851 10822 25140 18677 8930 6798 9435 4715 11943 18148 11947 9496 14265 19106 16203 11616 7106 3553 10898 5631 28226 6684 7117 7725 6509 5973 7911 10537 11924 12593 9496 9405 33421 7486 7881 13444 24198 13429 31946 32615 29081 22522 8227 12293

32600 22120 24063 31410 36263 20115 39682 24603 43406 26098 11050 13644 18976 29538 20197 24684 10012 17796 19495 34493 23056 27157 10541 33424 5270 20594 59259 12362 14845 44597 26668 15282 26495 35297 14936 10622 32488 21866 64743 31379 8099 15669 41636 27879 64804 63420 53958 43640 30250 11650

19133 14415 4124 7502 21736 4258 12148 8180 24693 17191 5611 2952 5851 5337 11613 17111 9697 5918 11525 19369 13673 12852 3268 8547 9073 1634 29479 2801 5623 13172 7620 3075 8745 9583 10952 10784 8420 6693 33190 6967 5560 10615 23935 14794 33148 32667 28750 23156 7022 11361

175156 190444 281463 355282 238383 258749 406770 325852 225170 205569 253234 264755 294457 314332 211356 210756 242970 289434 287742 170788 273327 239639 248102 332568 222222 279224 124051 257875 238875 392519 271962 254436 261534 380835 205405 233251 365874 308872 262243 348348 234998 267212 177231 219819 183947 276549 279934 151733 352989 210046

31417 23339 11056 15023 33379 9282 22113 11424 38298 25597 5582 2430 7436 13292 19279 25460 12766 7551 15708 32571 19387 22351 1601 18629 11698 6794 49650 800 9022 26549 15038 4846 16963 18384 18146 14626 16408 8878 52990 15002 5683 14150 36827 24738 53033 52629 45921 39055 14201 16091

22292 15532 8585 15815 27305 6079 22449 14122 31534 21286 7458 6609 10790 12212 11525 20448 11037 10887 16351 22629 18460 14092 5916 13959 8953 7422 37089 5247 2958 20575 9380 4675 9917 18779 10579 12122 17129 11995 44699 15038 5121 14086 30040 16086 42325 43386 37782 28046 15128 11164

35887 29205 12480 18630 41122 13061 25455 22151 45465 34940 19069 15598 19892 12207 23976 34080 23982 19991 27757 35640 30912 23444 16099 10314 22275 13699 50490 15413 16118 8049 15128 14256 17411 21687 23945 25034 19991 19843 58502 16718 17362 26420 43931 26395 56547 57636 51882 41202 17925 24545

12035 8916 3727 7937 15528 2988 11116 8229 17556 12413 5826 4628 6632 5471 6476 11884 7270 6678 9817 11792 10828 6101 4440 5425 6843 4123 18722 4120 3693 8596 2220 3580 3285 9358 7288 8021 8567 7210 23593 7374 4435 8731 16331 7478 21757 23235 20550 14388 7608 8162

16816 12300 4673 8907 19038 3674 13346 7880 21863 14695 4330 2861 5655 6838 9623 14610 7526 5719 9982 17041 12034 11338 2398 8891 6931 3300 26701 1952 3900 13310 6886 1199 7961 10895 8991 8573 9784 6460 29982 8388 3574 9112 21992 12670 30199 29780 26037 20660 8448 9382

33291 24043 13451 25678 45466 10386 35106 25927 51477 34720 17347 15249 21192 18623 16808 32845 22433 21329 29985 32571 32982 15695 14693 18486 19385 13751 53121 13742 10951 27888 8982 12141 7346 30148 19402 23889 27802 22904 67566 24266 14025 26766 46032 19779 62514 69570 61607 40269 24685 21808

946126 772783 372672 171891 941607 399465 229188 203364 1052973 801673 322800 261306 229995 336196 681269 810550 496143 258078 549405 987768 631719 728398 261790 467575 512606 298912 1361570 298428 451435 644793 516318 354111 575875 130895 640112 556184 145421 201588 1394657 221440 377998 514543 1052973 803126 1415639 1359472 1209370 1121245 178024 610899

11074 6516 9745 14620 17265 8055 18070 12049 20125 11582 7198 7592 9802 12191 5780 10692 6792 9607 10578 11927 12000 8559 6353 13369 4891 8961 21336 7495 5951 17830 10200 7109 9514 16229 3176 7028 15116 10875 27174 14096 5378 9051 16956 8848 24582 28075 24330 15579 14222 4326

15829 11730 12055 14909 14887 10463 18181 11400 18098 9950 5307 7379 8870 14516 10865 10202 3806 8340 7557 17293 9159 13994 5984 16447 4154 10495 26946 6793 8459 21470 13235 8116 13697 16483 8500 2992 15221 10444 27326 15353 4886 5837 17073 14319 27353 27097 22842 21406 14443 7022

260549 211357 97602 40426 259264 105128 73603 59561 291477 219479 83331 65940 56946 87232 185247 222003 132614 73007 147849 269818 171160 198738 65986 124584 137295 76540 378755 76494 119995 174969 138442 92233 155375 45566 173638 149685 32993 48961 388070 54606 99025 137846 290926 219984 394035 378067 335391 310337 42170 165240

137814 108160 60774 37261 137095 58008 63568 27330 156514 113056 30982 20497 15076 61549 97731 114578 60691 24757 69875 142959 83983 109515 20525 84066 63513 44425 209073 26860 58395 114439 80082 42378 87468 46721 85421 70981 39142 10262 214743 41936 40442 63900 156127 117123 218284 208713 182987 167828 34439 80359

45190 41683 54470 59493 29821 51403 65177 52117 27688 32544 40378 44494 47243 59211 47631 34351 38581 46820 37823 48504 35461 53659 42775 64357 39250 51465 40960 44335 48318 73399 57395 46882 55712 61907 44450 37012 59475 50292 21387 60630 40660 36889 30385 54285 34060 23696 24243 45428 59070 41092

22574 17974 7146 4104 23542 8089 8618 6428 26371 19848 7822 5211 5621 5744 15256 19762 12226 7047 13579 22804 15670 16305 5658 9081 11939 5543 32644 6154 9417 13583 10795 6937 12308 6121 14604 13612 4997 4907 35329 2829 8519 12693 26231 18261 35444 34157 30344 26490 3636 14436

80057 56481 38011 53182 85773 30699 70728 39587 100523 63100 15801 16494 27925 49316 49862 62659 25677 26917 44210 82915 51564 61965 10086 58183 22567 30846 133135 13847 23134 81255 43390 19877 47404 61209 39209 31140 55409 33472 142906 53119 5043 36309 95817 63289 143032 141855 122313 103360 50787 35364

58028 43758 39723 42962 45043 36260 52917 32225 54677 40086 13627 20427 24504 44777 41119 40854 14800 22884 13348 60736 18235 50669 16196 54356 20636 32504 91957 20846 31401 69686 44861 27673 47528 47737 33928 18849 43884 29335 84235 44763 19379 8098 61825 51661 93199 81191 68206 73289 41538 29391

11687 10319 16111 18256 9625 14832 20714 15620 8793 7559 11041 12598 13719 17960 12502 7885 9913 13320 12732 13667 11825 14853 11550 19329 10071 15090 13193 12158 13052 23103 16310 14031 15654 19439 11261 9301 18490 14901 14420 18590 10725 11440 5775 15097 13994 15320 12357 14935 17905 9951

19812 14312 16981 25818 30875 14743 32575 23312 35262 22118 16250 16268 19856 20756 9331 20750 16000 19556 21825 17087 24012 9543 14550 20656 13087 17100 32087 14856 12481 27518 13718 14262 12525 28893 11225 16375 27181 21506 46393 24875 13050 19475 30675 7275 38943 47856 42043 22706 25093 12993

107792 115691 168663 190737 120397 157010 210766 169251 113618 103562 131938 144628 153760 185526 134768 109304 122750 150511 145721 113954 138325 149278 136084 193650 124879 163256 89976 141042 142499 224408 164573 150483 160511 200373 123367 117764 192641 163396 108212 193454 129361 135188 93057 139110 68042 115551 117288 104178 187935 125748

50320 46673 57109 60151 29943 53921 66703 53124 27725 37172 40919 45381 48057 62039 52583 39050 40589 46994 38262 53765 35074 58814 42605 65905 40553 53307 45922 46572 49175 75966 59473 49220 61003 63303 49184 38958 60774 51227 25572 61352 42752 37291 34927 59519 38748 21302 24143 50567 59235 45803

13547 12443 15576 16502 7348 14610 18481 14368 6676 9565 10672 12024 12834 17069 14205 10134 10572 12512 9867 15145 8902 16103 11183 18240 10561 14424 14940 12384 13172 21287 16292 13186 16755 17451 13197 10078 16686 13794 8777 16860 11227 9573 9046 16305 12767 8172 5591 17640 16219 12151

1568 1572 2542 3371 2975 2287 3928 3020 3140 2117 2205 2361 2682 2911 1756 1983 2142 2611 2713 1300 2927 2073 2174 3115 1857 2517 2006 2297 2064 3788 2435 2239 2318 3664 1740 2179 3495 2856 3556 3292 2072 2483 2603 1850 2678 3717 4040 1087 3300 1792

101089 81178 34056 14036 101528 37057 34221 24448 114155 85625 31329 21905 20807 29883 69009 86632 50983 27212 57059 102699 66392 74352 23899 44780 51935 25656 147937 26114 42986 64873 50343 31915 56510 23076 66429 57791 18025 17622 155129 16909 36673 53106 114118 82825 155275 148907 131888 119151 11949 63080

7969 4856 7095 9693 10916 5941 11999 7886 12864 7029 4190 4847 6351 8766 4903 6421 3907 6030 6493 8552 7464 6801 4001 9570 2614 6560 14979 4498 4503 12617 7978 5294 7448 10753 3124 4073 9987 7090 17673 9684 3335 5450 10694 6998 17196 18323 15742 11047 9376 2000

13 19 50868
11 46 24465
7 14 47946
25 48 42206
1 27 68616
18 25 24578
14 38 33329
10 28 51128
23 42 22403
29 45 23568
12 42 48714
32 34 13311
24 42 26006
3 8 14744
14 46 29777
13 38 52171
40 47 61321
32 43 38238
10 21 19069
0 18 14930
13 23 38712
20 49 20136
1 2 23248
7 30 65253
3 21 18759
1 19 17150
2 9 52472
9 44 28765
1 4 40684
14 31 11964
3 19 39071
26 29 21551
24 45 38573
26 40 17016
20 46 65901
9 25 37188
14 49 43737
21 49 29229
23 38 30459
2 10 68283
18 48 42798
3 28 69173
8 39 11593
5 34 10946
7 47 26059
18 23 43514
7 8 53117
5 14 29522
2 25 23894
28 33 14328
34 35 34452
1 24 64750
5 37 24464
36 43 59843
20 44 12144
6 9 45366
37 46 19135
36 44 54616
30 32 64131
3 39 49820
25 26 68723
0 30 33202
43 44 13513
35 36 37295
9 11 40218
11 18 21556
3 10 16626
19 47 26098
33 40 40786
2 42 37085
29 44 24380
34 42 25726
24 30 48400
21 43 38117
21 47 26672
3 13 16601
40 42 23773
16 19 21931
44 45 36123
21 31 37667
4 25 26259
2 15 12717
17 44 32416
27 32 52867
19 29 14703
20 36 34560
20 38 28232
4 30 23838
20 24 31318
15 40 22363
33 45 15800
20 27 42184
3 22 57708
3 26 31457
38 39 21621
31 36 40068
20 37 43013
18 27 28247
8 12 56166
15 29 25941
7 24 67475
9 41 22689
17 30 53810
5 31 58017
7 17 50806
11 37 22624
7 19 64618
6 24 64579
9 34 34555
27 40 42883
5 24 44388
46 48 62958
0 46 57744
1 31 18947
13 44 45824
19 42 62447
8 17 55650
1 5 16198
12 18 28427
5 43 16968
2 35 40704
22 47 34228
29 31 61295
0 40 28411
40 49 67828
12 45 12915
22 30 58480
1 22 40840
36 41 31163
14 33 56788
11 16 56782
34 46 40780
37 48 69477
10 43 40591
0 12 28797
19 24 62425
10 17 53216
19 27 35557
7 20 69146
13 14 29913
8 13 20583
12 40 55677
1 43 22870
10 41 68327
14 45 64624
0 20 10836
14 35 60773
17 32 50273
15 35 29178
26 27 19199
20 29 69384
27 44 59882
0 21 55570
15 26 60678
0 8 30436
4 42 53397
17 48 63594
14 22 31058
21 34 36380
16 45 36899
24 47 17845
0 39 23161
1 45 67679
4 41 29465
16 32 65895
16 30 38618
1 10 34032
30 33 61253
0 22 16318
29 35 33178
29 36 21166
35 39 26901
30 41 18854
5 38 46179
15 33 37370
34 47 25620
34 44 59159
5 30 28142
5 9 65893
10 40 18336
21 28 49484
18 28 17419
4 19 20360
22 23 47197
15 19 68097
12 14 40796
2 36 42736
35 48 13832
12 24 61854
21 44 69116
2 13 40731
18 24 21842
10 36 34419
14 17 50553
5 39 53450
6 23 30314
6 29 31313
11 19 17481
0 27 21566
4 27 49774
35 37 52802
8 35 32732
25 46 18817
21 37 13798
9 16 21054
45 49 46187
40 44 29418
3 9 10212
43 45 16471
24 38 37454
6 16 18548
0 45 68099
13 37 44873
38 45 28908
0 25 45295
4 24 55112
46 49 11847
13 24 18030
28 31 58945
25 38 63701
19 35 29289
34 38 41818
13 25 27685
10 14 53708
16 25 34513
12 16 11134
27 29 14021
38 46 67970
8 15 30759
9 23 37731
3 40 47743
23 41 13560
13 41 12605
32 47 56561
1 21 29502
40 45 23659
11 34 32747
7 18 48920
4 16 23871
1 20 39219
18 39 28516
26 28 44562
8 25 49460
21 46 15531
9 36 63471
13 39 24754
17 29 60644
11 39 65318
44 48 44927
2 32 61731
31 41 11160
4 17 64216
0 24 45691
27 33 40989
5 33 60067
10 42 10204
44 49 42123
7 15 64088
20 31 20316
27 41 15024
20 33 43961
11 27 58059
19 22 18585
3 33 46567
8 40 44619
10 46 38087
6 36 60226
12 36 19509
6 7 29149
36 40 26240
3 24 60871
13 49 47666
10 26 60802
39 41 40330
20 25 53197
24 37 66415
3 11 67227
35 45 55983
23 30 13874
6 45 54296
29 40 59856
11 44 27178
1 38 48512
15 23 35547
13 31 58167
38 40 50721
2 11 47894
42 48 42432
28 39 44808
26 35 58210
16 34 47457
12 48 30912
2 17 58411
5 10 68185
17 24 67479
0 37 33030
35 47 48414
23 24 69847
33 47 54682
32 35 67563
10 48 26086
13 36 45552
8 42 57371
26 34 16888
9 31 28024
3 38 52711
9 12 25445
0 7 25250
3 20 38693
16 43 29320
34 41 69546
13 20 40692
43 49 46498
16 17 60200
38 48 66239
46 47 46807
0 28 40920
33 34 56275
17 42 19238
8 47 27871
2 33 44484
11 43 68838
15 46 48783
16 20 32894
18 43 67022
1 6 46261
30 31 68067
20 41 45435
17 40 58250
17 37 52748
4 10 55141
8 26 14336
30 38 40442
15 49 54654
12 20 33367
27 34 58466
2 22 37364
14 24 48812
26 36 25858
27 35 18200
12 46 20274
14 28 37547
0 11 48892
9 24 56772
23 36 27746
2 7 57273
23 48 45721
21 30 10809
14 26 43547
19 33 54960
33 44 28680
25 41 30173
6 35 53797
31 32 19605
3 30 65210
6 28 62962
1 34 68009
20 48 15419
34 49 50539
2 38 56258
30 49 10309
22 45 35679
4 13 60594
30 37 40752
5 17 32476
10 27 23960
29 46 41360
9 15 11982
20 26 14915
37 41 57219
47 48 20182
40 48 25189
30 45 24765
17 23 11216
7 35 24104
30 47 54654
13 16 10631
4 46 59825
19 49 55463
9 27 44178
11 15 56927
3 49 14142
4 38 16493
4 45 40724
39 44 35890
1 46 23846
27 46 45828
12 43 33898
27 43 29265
28 38 26366
15 18 20156
11 36 29574
0 10 64189
0 4 10749
26 33 12468
22 27 26664
6 14 36853
2 40 43829
18 47 28646
1 18 53911
6 48 43190
3 31 50972
6 49 69100
11 17 10097
3 44 64331
20 32 35346
23 39 54751
2 41 64963
12 47 25171
35 46 52357
40 41 51283
14 47 12097
1 37 68642
4 40 69920
17 43 54964
10 12 34532
6 38 23765
14 21 42934
11 42 58430
2 14 43030
2 5 59301
8 31 68586
13 15 14746
11 25 65632
14 36 21478
14 25 17215
2 43 22295
1 30 60474
7 40 63187
4 48 53084
24 33 44384
4 39 36376
15 34 46198
5 36 55626
18 41 48616
2 37 40529
16 38 33115
1 16 33366
34 39 35491
26 37 60429
26 42 15722
36 49 28916
0 2 62526
11 28 26507
4 11 28835
1 40 59633
0 5 51039
20 35 42600
29 43 32566
29 33 39468
6 40 27772
11 30 34009
6 17 50197
32 49 32519
33 42 29640
36 39 13817
15 39 39734
37 42 54078
0 48 64291
19 20 45063
26 41 37162
16 40 50817
8 37 11438
24 40 13359
1 44 48585
6 22 50054
12 15 56031
16 26 11699
18 34 25562
15 22 33664
25 45 62128
34 48 43428
3 32 52581
22 28 66797
18 29 59935
21 48 23558
9 48 68572
27 42 40973
6 46 56159
18 33 31137
23 27 22583
14 29 13930
33 46 67290
10 35 62780
33 36 48592
25 30 26929
11 14 66597
38 41 30468
16 29 11007
37 38 13029
6 47 65531
2 12 50312
2 8 53846
14 16 19111
34 43 65814
2 3 44574
7 37 11307
21 25 51845
32 37 46273
4 9 26870
3 12 15508
10 19 38401
5 32 12440
14 44 10231
28 32 47340
11 47 62375
2 39 23790
23 43 45911
18 37 45490
17 35 22091
41 44 67048
5 27 58073
5 18 38164
35 40 16479
22 44 62996
42 43 16756
16 21 33409
5 29 11734
13 32 49367
11 48 34416
12 35 14764
5 47 44898
23 35 26870
20 43 10752
38 43 66152
22 42 22683
20 45 45326
23 28 67460
9 17 64528
37 49 33742
43 48 24329
43 46 22179
9 35 62143
25 29 38912
3 23 34553
23 25 51625
12 23 31286
21 29 48343
22 33 27535
27 48 66776
28 43 12576
25 44 36725
16 47 66991
29 37 40741
33 37 43205
15 43 12128
8 45 59640
14 39 66614
10 13 13863
6 34 39006
17 49 43172
45 46 30770
0 47 26046
15 25 60042
7 28 43665
2 16 22198
3 46 12724
15 45 18991
1 26 31800
0 15 19395
20 28 54876
28 30 58272
12 32 31574
2 48 47018
32 41 27183
41 42 56127
4 15 40785
0 34 48469
21 24 46613
12 39 58320
28 48 57387
23 49 49189
4 43 25044
16 37 66520
9 14 32072
6 8 10391
11 40 68649
7 34 21711
11 45 19147
27 38 12511
18 42 62861
0 26 52319
22 34 45424
22 38 18906
3 37 54503
2 23 19088
18 35 43247
19 38 69371
34 40 40222
13 26 65047
8 11 18765
7 48 25097
16 23 65461
18 45 52482
28 34 14257
3 17 22643
26 46 50751
39 42 45042
32 38 13254
38 42 39506
43 47 33361
14 43 12783
32 39 18695
5 13 60549
22 41 69304
27 39 52910
0 49 60940
31 44 67952
23 40 64622
5 35 10087
35 49 22605
17 38 69625
22 43 64549
20 42 58029
8 29 18530
0 32 61195
9 43 67117
4 31 63921
24 36 60565
16 39 37339
37 47 11109
1 32 69330
23 44 52436
8 43 66571
18 49 63954
1 15 56694
11 13 19213
7 49 44704
26 43 31735
31 45 34611
27 45 14210
24 48 67240
31 40 37394
0 35 35048
31 37 69931
6 18 36697
8 22 17957
2 6 13012
6 27 34648
28 42 24721
23 32 25242
15 48 59396
4 37 24345
6 19 19791
9 42 47424
7 41 45019
0 42 10985
12 13 56684
11 35 38939
1 14 61550
4 6 24022
7 10 52191
9 18 13021
8 20 18600
24 28 48761
5 6 66975
19 39 17436
31 42 10117
15 20 53821
26 45 51315
24 27 34728
16 46 58031
29 30 48554
39 40 14264
0 1 35221
36 47 48484
20 39 40962
16 49 43179
13 40 63639
1 11 17752
14 30 10042
4 34 18881
21 26 67149
36 45 24388
18 20 28672
1 8 56715
31 33 11549
15 41 41800
22 39 43398
1 25 40488
18 21 45492
5 26 69563
30 36 34821
37 43 60656
29 49 18163
3 41 13582
14 48 57630
18 22 25599
10 18 25842
38 44 53593
2 28 66914
36 38 50570
6 44 41624
12 27 57610
17 21 66977
12 21 66845
29 42 48236
1 7 37938
7 42 52166
10 22 41875
0 9 57834
0 17 64352
31 34 50756
29 48 67125
5 48 30882
44 46 21570
22 36 53839
25 35 32431
18 31 53370
5 22 27237
8 30 15061
7 23 41004
18 40 38942
8 46 39882
20 40 31659
7 29 47105
9 29 43464
21 41 31431
12 37 14847
27 47 59306
5 42 15023
20 22 11760
41 46 52018
11 20 58790
12 44 59371
9 26 48995
19 45 67778
19 36 49749
10 33 29075
5 16 49943
18 30 21623
25 33 29051
11 22 44294
26 49 62379
27 28 26175
36 46 65176
5 49 13948
16 22 10014
40 46 39749
28 36 69461
19 28 39394
4 18 44810
7 36 40464
13 35 68336
3 6 14692
0 29 14265
9 33 57584
7 32 60299
34 36 47839
23 29 62431
2 4 61748
38 49 52863
5 19 64191
27 37 43765
20 30 41652
1 12 65704
47 49 34902
8 34 51572
6 41 57596
7 33 66121
42 45 43658
2 34 69219
3 14 25171
24 44 17951
17 19 13740
17 25 41347
5 12 25270
6 13 29831
5 25 53504
16 42 67162
16 28 29292
22 29 35040
18 44 41972
13 47 11898
41 45 45518
8 36 58807
17 26 28307
19 21 33101
15 30 49105
28 35 66146
9 45 37674
24 29 40852
15 16 61151
15 36 44008
8 19 26760
25 36 44946
14 40 51854
41 47 63805
13 42 26517
1 33 39449
6 42 12067
17 33 60175
11 41 38668
2 26 27239
19 40 20269
6 37 42408
7 44 10728
19 31 47682
19 48 14381
9 22 66375
11 32 44843
37 45 33673
3 45 43557
12 29 16814
19 43 47715
28 44 19074
2 47 65621
10 45 18164
8 33 54319
31 38 56869
0 14 14309
6 10 34135
8 27 39863
34 45 65461
12 34 68143
23 31 56623
23 33 40406
33 41 49997
34 37 62571
9 37 56923
14 42 19445
14 41 64638
10 31 59241
6 43 60256
20 23 21876
7 38 69510
8 44 44806
41 49 34747
9 49 47191
16 41 49188
16 44 43264
10 15 22033
0 33 25003
15 17 16820
18 32 40991
13 45 14860
13 21 38038
23 26 48754
24 25 23024
17 47 34499
22 24 35622
30 42 27334
5 46 58634
28 40 65486
30 43 34937
17 39 56777
15 21 64251
6 31 65343
32 33 48916
24 34 56821
31 46 64408
10 44 10503
0 13 51459
9 30 53648
4 44 60760
1 42 15477
32 45 65300
10 49 47708
26 48 52368
0 44 42490
8 38 26895
26 39 25631
6 30 66667
8 10 54042
10 37 32452
6 15 37657
0 36 58902
1 36 60490
36 37 28553
24 41 11926
12 30 24988
32 48 66319
3 16 41403
30 34 25764
8 24 13946
17 31 18482
2 49 24683
1 23 20339
28 46 25967
27 30 15741
1 48 67161
12 49 20374
25 49 16245
13 18 60762
13 34 16165
1 41 19147
5 40 18381
25 43 11464
21 35 56855
29 39 60749
16 24 56098
25 40 25893
19 44 16380
1 9 52764
8 41 69935
7 39 38832
39 47 32563
12 38 10978
5 41 41464
3 7 63259
45 48 25047
30 39 68595
2 31 59577
4 8 56450
22 35 24358
39 43 15665
2 18 17074
10 38 51185
19 37 26005
26 38 33041
12 19 56926
39 48 35308
2 45 43416
1 17 63171
14 34 26069
21 40 61724
39 46 24460
25 27 34450
3 29 15330
8 9 11315
20 34 25199
12 25 61428
25 31 39351
16 35 31579
24 43 56334
30 35 51428
16 36 12553
25 37 18896
32 46 52406
6 21 44017
10 16 24298
7 31 67454
13 22 42611
15 47 13874
42 44 66046
2 44 69112
8 18 19540
0 43 13120
17 18 50296
25 47 47688
16 27 36161
22 46 37222
13 17 12995
23 34 21719
6 20 42535
11 12 41207
21 23 25585
0 41 56996
1 28 65657
14 23 30916
4 20 10453
39 49 32998
1 3 34486
1 47 39804
1 39 66720
10 47 20820
2 19 21231
7 21 69273
22 26 41859
7 12 15779
6 26 55432
26 30 56157
29 32 25375
35 41 40185
1 49 12174
11 38 33564
11 24 51440
10 25 33857
8 23 48827
30 40 31735
14 32 11544
10 20 27130
7 16 11099
7 27 26682
2 20 50993
19 34 55778
2 21 57889
15 24 66578
16 18 42773
24 49 65688
21 27 39636
15 42 43226
12 33 28686
26 31 16265
21 32 25172
13 27 37548
3 25 27085
33 49 48546
5 28 36821
3 47 11086
23 47 54325
5 15 34395
0 19 69387
42 49 21843
35 38 64581
5 44 11560
19 46 45407
10 24 46020
9 40 47560
24 31 24233
24 35 19897
18 36 49104
10 29 53506
3 48 33140
40 43 65786
29 47 34498
1 29 18917
4 23 65817
14 20 31076
17 28 63833
27 49 61504
19 32 12854
16 33 49201
14 19 20189
23 37 19119
12 41 64373
2 29 47738
3 35 48347
31 39 55061
17 45 26701
35 42 49434
39 45 39385
4 5 63239
21 42 60963
14 37 63371
15 38 57819
7 11 62523
41 48 38777
10 39 45981
18 19 40082
16 48 65153
3 15 68022
4 35 31328
48 49 48659
33 43 31161
1 13 39256
12 31 13156
4 14 40078
3 4 35072
0 23 46375
4 7 33910
0 3 26575
15 32 61373
9 32 13110
11 23 48908
8 21 10491
36 42 19625
37 40 38788
11 21 48839
13 29 64686
20 47 67632
27 36 40415
29 41 46213
25 34 60870
2 27 31377
22 40 39584
22 25 48689
24 32 36042
5 45 20503
28 45 36812
19 41 66124
14 18 27799
9 47 34833
4 28 39594
35 44 18600
15 44 68137
19 25 68850
9 39 33899
31 49 38214
3 5 46064
5 23 22417
32 42 14266
30 46 14781
23 46 13789
7 26 29519
3 27 65832
15 31 14280
38 47 51287
13 46 34619
11 33 65262
5 20 58115
42 47 32250
9 20 35676
37 39 34328
2 30 23120
17 36 69196
8 28 16054
26 47 13951
31 48 35237
8 48 38700
17 34 52906
10 34 43503
12 22 68642
13 33 29882
10 11 13096
17 41 17241
15 37 28018
7 45 24088
22 37 53284
30 44 68376
29 38 12294
19 26 65701
20 21 24784
22 48 17076
24 46 69490
36 48 44304
4 36 12907
11 29 25912
8 49 37733
7 22 49670
35 43 33317
0 31 25848
9 13 11919
19 23 58993
10 23 50176
15 28 37182
29 34 58189
6 32 68373
4 49 53276
32 44 35568
9 19 49215
2 46 36182
28 29 69072
4 29 47857
12 28 56064
1 35 12167
10 32 67241
28 49 14081
12 17 38399
31 35 50524
11 49 12456
28 41 40693
21 33 46224
31 47 39384
9 10 59912
21 36 57856
6 11 13687
3 18 62820
11 31 25911
17 46 53563
5 21 42489
28 37 49228
9 28 69411
44 47 56551
8 14 50363
3 36 61729
13 30 23733
13 48 50694
5 8 60101
41 43 67009
13 28 16262
2 24 39316
7 13 33190
11 26 15333
27 31 29315
32 36 31396
18 38 29643
4 12 26555
33 38 47621
6 25 10184
7 43 67080
22 32 50077
26 32 53021
4 21 55446
14 15 31603
45 47 42932
3 43 55445
7 9 35290
12 26 35751
6 39 11355
13 43 30996
22 31 20382
18 26 62726
31 43 30406
9 38 66934
3 42 43088
33 48 22135
21 45 32809
19 30 23782
30 48 24378
37 44 41960
21 39 42187
8 16 53694
4 32 65151
24 26 59663
42 46 25151
8 32 38689
0 6 31448
9 46 41707
16 31 16309
25 28 31633
7 25 50929
6 12 68530
3 34 14653
17 20 48517
9 21 30132
4 22 47585
10 30 33961
7 46 67566
26 44 25479
24 39 47459
4 26 28561
0 16 35861
4 47 52327
4 33 48967
28 47 44937
33 35 25415
0 38 61102
25 42 19888
33 39 51340
18 46 27623
21 38 51849
15 27 23526
23 45 23459
32 40 59142
17 27 13188
22 49 38611
5 11 27830
5 7 46779
17 22 10317
25 32 34140
14 27 68412
21 22 63389
6 33 44812
25 39 13064
