50 50 1097
25000 25000 25000 25000 25000 25000 25000 25000 25000 25000 25000 25000 25000 25000 25000 25000 25000 25000 25000 25000 25000 25000 0 25000 25000 25000 25000 25000 25000 25000 25000 25000 25000 25000 25000 25000 25000 25000 25000 25000 25000 25000 25000 25000 25000 25000 25000 25000 25000 25000
2609 3292 6739 8933 6803 5984 10355 7650 8084 4246 5219 5776 6641 7816 4374 3847 5033 6429 6719 3660 7358 5396 5219 8345 4182 6387 7391 5542 5038 10349 6400 5558 6051 9568 3792 4898 9064 7159 11178 8697 4781 6033 6661 5299 8845 11656 9977 5301 8663 3947

2368 1148 3204 4509 4028 2752 5457 3845 4791 2504 2396 2628 3220 3859 1838 2266 2285 3117 3299 2596 3680 2582 2296 4205 1779 2994 5115 2491 2189 5399 3046 2499 2838 4940 1446 2351 4642 3507 6634 4369 2035 2890 3943 2607 5984 6919 5919 3574 4385 1538

38119 28711 4914 17161 44553 7030 26409 19622 50450 35490 13876 9147 14977 9987 21848 35330 20546 15111 25670 37312 29954 23679 9828 13734 19303 6568 57472 8895 11180 22957 12390 7341 15489 21294 21806 22713 18992 16657 67393 15523 12297 23856 48568 27686 66066 66973 59161 44864 16203 22621

94158 75406 32372 11548 94124 35112 29982 21024 105322 79267 29681 21275 20071 28595 64292 80186 47630 25921 53179 95094 61702 69206 23096 42165 48700 24701 135170 25118 40527 60515 47246 30416 52911 19804 61669 53847 15191 17163 141838 16712 34762 49569 105288 76944 142841 137025 121516 110118 12183 58878

1432 1277 1715 1883 566 1580 2152 1577 838 876 1061 1250 1363 1923 1524 955 1016 1318 949 1655 814 1789 1133 2087 1015 1583 2005 1269 1379 2512 1815 1381 1823 2008 1383 947 1901 1497 1685 1925 1108 908 1169 1798 2040 1600 1240 2003 1836 1237

29389 21549 6421 15994 35203 3514 23701 16197 40108 27663 10383 7483 12332 10627 15840 27251 15232 12444 20193 28704 23757 17769 7029 12654 13919 6260 45474 6253 6966 20326 9090 4947 10956 19446 15805 17035 17517 13730 54202 15093 8371 18684 38375 21102 52622 53852 47354 34986 15197 16483

181956 151443 81972 45118 179349 86890 28499 43134 199791 153664 65767 58805 48555 75277 138615 155294 97584 53176 107361 187467 122469 147325 56998 99391 102384 68433 259515 65619 96429 131920 108338 78565 118381 37594 126439 108605 40319 50569 262507 54213 78328 100962 199791 160389 266358 256048 228497 214099 46244 120958

70158 56137 33391 20160 68960 32030 26544 6370 78353 57158 16770 13571 8861 34044 51550 57907 31390 10985 35882 72690 42824 57376 12741 45125 33595 25346 105796 16702 32220 60071 42892 24339 46527 21820 44649 36454 21085 12128 107171 24366 22542 32942 78353 60248 108940 104203 91544 84928 20704 42130

1719 1555 2020 2186 797 1877 2480 1869 697 1127 1324 1525 1646 2242 1817 1211 1359 1593 1205 1956 1061 2099 1395 2416 1275 1880 1940 1538 1663 2869 2127 1665 2135 2327 1668 1203 2218 1789 1599 2239 1374 1156 1050 2109 1977 1509 1125 2149 2144 1511

1038 879 1459 1709 1024 1320 1995 1402 1305 464 869 1050 1181 1674 1133 546 738 1134 1066 1268 1206 1406 928 1875 768 1323 1950 999 1145 2314 1562 1115 1500 1846 988 667 1736 1318 1983 1748 832 916 1087 1416 1986 2088 1720 1628 1668 837

282030 211282 141015 156813 275986 123980 205925 104130 324205 216434 12638 46089 66146 165880 198300 220212 86408 58178 109075 294806 144106 241573 25277 212999 97536 105504 461992 48149 106122 288418 178793 81738 185456 180442 162789 111960 161484 89774 468792 165811 55499 94239 323380 245901 477721 453818 389938 356556 149807 140603

50691 38013 17684 20961 51754 16554 32069 15322 59686 41572 8429 1231 9073 20938 32781 41335 20566 9254 24295 52228 30058 37595 2463 29549 19775 11074 79235 3830 16712 41956 25571 10170 28589 26227 28724 24385 23131 11333 83247 20927 10350 21854 59166 41335 84557 81009 70500 62387 19673 26656

87703 68425 38207 29484 86090 36375 42477 15319 98955 70203 15832 11526 5185 43485 62653 71210 35513 11563 41561 91111 50906 70496 10371 57448 38482 27377 135275 15741 36631 77569 50998 26021 55891 35788 53362 42330 30731 11599 137529 32581 23565 37602 98735 74362 139911 133534 116492 107586 27615 49972

8994 7014 1953 3076 10270 2400 5044 4089 11525 8342 3428 2289 3530 1217 5553 8308 5162 3558 5938 8844 6878 5947 2434 2672 4897 1741 13134 2275 3283 4634 3544 2352 4204 3955 5544 5623 3465 3423 15131 2520 3406 5551 11125 6799 14963 15041 13379 10451 2868 5718

22109 13806 17181 27575 34163 13983 36054 25399 39559 23393 16297 15828 21148 21809 7310 21709 15513 20779 22678 21463 25368 12569 14621 24038 11931 16866 39913 14091 11169 32479 15843 13360 14375 31372 9640 15974 29250 22701 52897 26598 12776 19787 33563 13114 48346 54681 47531 28374 26698 11815

16807 14001 25640 30561 19556 22905 35602 25154 24505 9679 15763 18421 21255 29433 18478 8135 13451 20437 19232 20868 21699 23300 16271 32126 12619 23236 35094 17533 19253 39867 26303 19556 24957 32986 15933 12196 31041 23680 36455 30709 14579 16581 19881 23476 36497 38302 31816 27205 29842 13261

10299 7390 7031 8472 10011 6048 10492 6305 12559 6963 2542 3918 4743 8551 6856 7119 1531 4415 4164 10825 5152 8788 3062 9992 2712 6068 17458 3782 5031 13093 7754 4593 8294 9443 5401 2666 8664 5714 17692 8842 2599 3101 11362 8989 17709 17551 14924 13365 8184 4483

175305 136474 78453 73100 171987 74683 92515 36644 198000 139301 27445 23562 23034 89311 126332 141375 67935 11423 80376 182317 99603 144881 22846 118038 74042 56173 274079 32233 75211 159433 104768 53383 114834 79433 107218 81959 75663 36305 280374 79396 45918 72233 198000 150423 282712 269592 234531 216209 69254 97680

14104 10872 9452 10186 10309 8668 12441 7754 12529 10040 3542 5082 6005 10597 10274 10214 4313 5638 2061 14718 4237 12438 4123 12767 5635 7817 21789 5177 8073 16239 11122 6723 11726 11267 8646 5230 10401 7099 19186 10594 5350 2795 14964 12662 22071 18497 15556 17561 9863 7618

4719 4738 8597 11897 10320 7583 14113 10500 12031 6905 7254 7875 9152 10064 5467 6371 7005 8870 9277 3656 10130 6729 7312 10878 5869 8497 9506 7622 6695 13554 8172 7390 7707 13238 5406 7151 12428 9845 15675 11583 6547 8360 10130 5845 12180 16314 14559 5847 11614 5613

2204 1718 1581 1691 1302 1463 2030 1326 1635 1593 693 924 1063 1760 1628 1619 733 1008 555 2296 390 1953 780 2079 931 1335 3066 939 1298 2600 1756 1171 1846 1853 1384 871 1722 1227 2673 1752 889 505 2041 1987 3108 2532 2090 2723 1643 1229

33087 23443 23170 37575 50155 19559 48702 36072 57236 36022 26166 23493 30494 29263 14919 33813 25682 30655 35084 31815 38614 11166 22333 29102 20982 23524 56025 21214 17380 40178 17905 20255 15978 42538 17975 26288 39775 32512 74738 35911 21002 31291 49368 15978 67091 77038 67697 40884 36405 20830

29547 21819 12087 14277 30208 10393 19877 9670 34960 23989 3801 2252 5847 14071 19650 23844 11199 6260 13471 30993 16984 22873 0 19319 10703 8017 46945 2293 10145 26881 15889 6157 17728 16757 16158 13513 14856 7665 50147 14257 4959 11984 34713 24051 50189 48040 41634 36675 13492 14897

19258 15154 4883 8660 22473 5240 12851 10822 25140 18677 8930 6798 9435 4715 11943 18148 11947 9496 14265 19106 16203 11616 7106 3553 10898 5631 28226 6684 7117 7725 6509 5973 7911 10537 11924 12593 9496 9405 33421 7486 7881 13444 24198 13429 31946 32615 29081 22522 8227 12293

32600 22120 24063 31410 36263 20115 39682 24603 43406 26098 11050 13644 18976 29538 20197 24684 10012 17796 19495 34493 23056 27157 10541 33424 5270 20594 59259 12362 14845 44597 26668 15282 26495 35297 14936 10622 32488 21866 64743 31379 8099 15669 41636 27879 64804 63420 53958 43640 30250 11650

19133 14415 4124 7502 21736 4258 12148 8180 24693 17191 5611 2952 5851 5337 11613 17111 9697 5918 11525 19369 13673 12852 3268 8547 9073 1634 29479 2801 5623 13172 7620 3075 8745 9583 10952 10784 8420 6693 33190 6967 5560 10615 23935 14794 33148 32667 28750 23156 7022 11361

175156 190444 281463 355282 238383 258749 406770 325852 225170 205569 253234 264755 294457 314332 211356 210756 242970 289434 287742 170788 273327 239639 248102 332568 222222 279224 124051 257875 238875 392519 271962 254436 261534 380835 205405 233251 365874 308872 262243 348348 234998 267212 177231 219819 183947 276549 279934 151733 352989 210046

31417 23339 11056 15023 33379 9282 22113 11424 38298 25597 5582 2430 7436 13292 19279 25460 12766 7551 15708 32571 19387 22351 1601 18629 11698 6794 49650 800 9022 26549 15038 4846 16963 18384 18146 14626 16408 8878 52990 15002 5683 14150 36827 24738 53033 52629 45921 39055 14201 16091

22292 15532 8585 15815 27305 6079 22449 14122 31534 21286 7458 6609 10790 12212 11525 20448 11037 10887 16351 22629 18460 14092 5916 13959 8953 7422 37089 5247 2958 20575 9380 4675 9917 18779 10579 12122 17129 11995 44699 15038 5121 14086 30040 16086 42325 43386 37782 28046 15128 11164

35887 29205 12480 18630 41122 13061 25455 22151 45465 34940 19069 15598 19892 12207 23976 34080 23982 19991 27757 35640 30912 23444 16099 10314 22275 13699 50490 15413 16118 8049 15128 14256 17411 21687 23945 25034 19991 19843 58502 16718 17362 26420 43931 26395 56547 57636 51882 41202 17925 24545

12035 8916 3727 7937 15528 2988 11116 8229 17556 12413 5826 4628 6632 5471 6476 11884 7270 6678 9817 11792 10828 6101 4440 5425 6843 4123 18722 4120 3693 8596 2220 3580 3285 9358 7288 8021 8567 7210 23593 7374 4435 8731 16331 7478 21757 23235 20550 14388 7608 8162

16816 12300 4673 8907 19038 3674 13346 7880 21863 14695 4330 2861 5655 6838 9623 14610 7526 5719 9982 17041 12034 11338 2398 8891 6931 3300 26701 1952 3900 13310 6886 1199 7961 10895 8991 8573 9784 6460 29982 8388 3574 9112 21992 12670 30199 29780 26037 20660 8448 9382

33291 24043 13451 25678 45466 10386 35106 25927 51477 34720 17347 15249 21192 18623 16808 32845 22433 21329 29985 32571 32982 15695 14693 18486 19385 13751 53121 13742 10951 27888 8982 12141 7346 30148 19402 23889 27802 22904 67566 24266 14025 26766 46032 19779 62514 69570 61607 40269 24685 21808

946126 772783 372672 171891 941607 399465 229188 203364 1052973 801673 322800 261306 229995 336196 681269 810550 496143 258078 549405 987768 631719 728398 261790 467575 512606 298912 1361570 298428 451435 644793 516318 354111 575875 130895 640112 556184 145421 201588 1394657 221440 377998 514543 1052973 803126 1415639 1359472 1209370 1121245 178024 610899

11074 6516 9745 14620 17265 8055 18070 12049 20125 11582 7198 7592 9802 12191 5780 10692 6792 9607 10578 11927 12000 8559 6353 13369 4891 8961 21336 7495 5951 17830 10200 7109 9514 16229 3176 7028 15116 10875 27174 14096 5378 9051 16956 8848 24582 28075 24330 15579 14222 4326

15829 11730 12055 14909 14887 10463 18181 11400 18098 9950 5307 7379 8870 14516 10865 10202 3806 8340 7557 17293 9159 13994 5984 16447 4154 10495 26946 6793 8459 21470 13235 8116 13697 16483 8500 2992 15221 10444 27326 15353 4886 5837 17073 14319 27353 27097 22842 21406 14443 7022

260549 211357 97602 40426 259264 105128 73603 59561 291477 219479 83331 65940 56946 87232 185247 222003 132614 73007 147849 269818 171160 198738 65986 124584 137295 76540 378755 76494 119995 174969 138442 92233 155375 45566 173638 149685 32993 48961 388070 54606 99025 137846 290926 219984 394035 378067 335391 310337 42170 165240

137814 108160 60774 37261 137095 58008 63568 27330 156514 113056 30982 20497 15076 61549 97731 114578 60691 24757 69875 142959 83983 109515 20525 84066 63513 44425 209073 26860 58395 114439 80082 42378 87468 46721 85421 70981 39142 10262 214743 41936 40442 63900 156127 117123 218284 208713 182987 167828 34439 80359

45190 41683 54470 59493 29821 51403 65177 52117 27688 32544 40378 44494 47243 59211 47631 34351 38581 46820 37823 48504 35461 53659 42775 64357 39250 51465 40960 44335 48318 73399 57395 46882 55712 61907 44450 37012 59475 50292 21387 60630 40660 36889 30385 54285 34060 23696 24243 45428 59070 41092

22574 17974 7146 4104 23542 8089 8618 6428 26371 19848 7822 5211 5621 5744 15256 19762 12226 7047 13579 22804 15670 16305 5658 9081 11939 5543 32644 6154 9417 13583 10795 6937 12308 6121 14604 13612 4997 4907 35329 2829 8519 12693 26231 18261 35444 34157 30344 26490 3636 14436

80057 56481 38011 53182 85773 30699 70728 39587 100523 63100 15801 16494 27925 49316 49862 62659 25677 26917 44210 82915 51564 61965 10086 58183 22567 30846 133135 13847 23134 81255 43390 19877 47404 61209 39209 31140 55409 33472 142906 53119 5043 36309 95817 63289 143032 141855 122313 103360 50787 35364

58028 43758 39723 42962 45043 36260 52917 32225 54677 40086 13627 20427 24504 44777 41119 40854 14800 22884 13348 60736 18235 50669 16196 54356 20636 32504 91957 20846 31401 69686 44861 27673 47528 47737 33928 18849 43884 29335 84235 44763 19379 8098 61825 51661 93199 81191 68206 73289 41538 29391

11687 10319 16111 18256 9625 14832 20714 15620 8793 7559 11041 12598 13719 17960 12502 7885 9913 13320 12732 13667 11825 14853 11550 19329 10071 15090 13193 12158 13052 23103 16310 14031 15654 19439 11261 9301 18490 14901 14420 18590 10725 11440 5775 15097 13994 15320 12357 14935 17905 9951

19812 14312 16981 25818 30875 14743 32575 23312 35262 22118 16250 16268 19856 20756 9331 20750 16000 19556 21825 17087 24012 9543 14550 20656 13087 17100 32087 14856 12481 27518 13718 14262 12525 28893 11225 16375 27181 21506 46393 24875 13050 19475 30675 7275 38943 47856 42043 22706 25093 12993

107792 115691 168663 190737 120397 157010 210766 169251 113618 103562 131938 144628 153760 185526 134768 109304 122750 150511 145721 113954 138325 149278 136084 193650 124879 163256 89976 141042 142499 224408 164573 150483 160511 200373 123367 117764 192641 163396 108212 193454 129361 135188 93057 139110 68042 115551 117288 104178 187935 125748

50320 46673 57109 60151 29943 53921 66703 53124 27725 37172 40919 45381 48057 62039 52583 39050 40589 46994 38262 53765 35074 58814 42605 65905 40553 53307 45922 46572 49175 75966 59473 49220 61003 63303 49184 38958 60774 51227 25572 61352 42752 37291 34927 59519 38748 21302 24143 50567 59235 45803

13547 12443 15576 16502 7348 14610 18481 14368 6676 9565 10672 12024 12834 17069 14205 10134 10572 12512 9867 15145 8902 16103 11183 18240 10561 14424 14940 12384 13172 21287 16292 13186 16755 17451 13197 10078 16686 13794 8777 16860 11227 9573 9046 16305 12767 8172 5591 17640 16219 12151

1568 1572 2542 3371 2975 2287 3928 3020 3140 2117 2205 2361 2682 2911 1756 1983 2142 2611 2713 1300 2927 2073 2174 3115 1857 2517 2006 2297 2064 3788 2435 2239 2318 3664 1740 2179 3495 2856 3556 3292 2072 2483 2603 1850 2678 3717 4040 1087 3300 1792

101089 81178 34056 14036 101528 37057 34221 24448 114155 85625 31329 21905 20807 29883 69009 86632 50983 27212 57059 102699 66392 74352 23899 44780 51935 25656 147937 26114 42986 64873 50343 31915 56510 23076 66429 57791 18025 17622 155129 16909 36673 53106 114118 82825 155275 148907 131888 119151 11949 63080

7969 4856 7095 9693 10916 5941 11999 7886 12864 7029 4190 4847 6351 8766 4903 6421 3907 6030 6493 8552 7464 6801 4001 9570 2614 6560 14979 4498 4503 12617 7978 5294 7448 10753 3124 4073 9987 7090 17673 9684 3335 5450 10694 6998 17196 18323 15742 11047 9376 2000

0 1 40886
0 2 26915
0 4 15386
0 5 66649
0 6 52362
0 7 18690
0 8 47763
0 10 13426
0 11 25736
0 12 25368
0 13 46429
0 14 31530
0 15 35123
0 17 43929
0 18 24022
0 19 63069
0 20 11393
0 22 68042
0 23 27373
0 24 14919
0 25 68537
0 26 24324
0 27 54370
0 28 13526
0 29 58980
0 30 31873
0 31 49170
0 32 27281
0 33 30925
0 35 30336
0 36 20846
0 37 31313
0 38 66124
0 39 49582
0 42 25434
0 43 54043
0 44 41087
0 45 67276
0 46 25788
0 47 15403
0 48 62754
0 49 29932
1 2 59676
1 3 37739
1 5 48586
1 6 67539
1 7 50570
1 10 36601
1 11 22902
1 12 40492
1 13 30756
1 14 50280
1 15 59441
1 16 19689
1 17 56619
1 18 34729
1 19 38117
1 22 60675
1 23 68927
1 24 67856
1 25 62353
1 26 46965
1 27 34683
1 28 18624
1 29 42871
1 30 38829
1 31 20019
1 32 53368
1 33 56715
1 34 68149
1 35 30723
1 36 12245
1 37 63451
1 38 33555
1 39 27488
1 40 18228
1 42 55193
1 43 47034
1 44 60124
1 45 66987
1 47 56491
1 48 18365
2 3 41432
2 4 46437
2 5 43275
2 6 31474
2 7 18858
2 9 11237
2 10 43793
2 11 64428
2 12 41011
2 13 69529
2 15 54443
2 17 44538
2 18 26840
2 19 54818
2 20 60688
2 21 17917
2 22 16996
2 23 17743
2 24 42183
2 25 65499
2 26 16725
2 27 65590
2 28 38139
2 29 59786
2 31 38542
2 32 60197
2 33 69355
2 34 66348
2 35 23622
2 36 19299
2 37 45746
2 38 64340
2 39 13311
2 40 17605
2 41 55661
2 42 54878
2 43 59320
2 44 29444
2 45 58522
2 46 36708
2 47 58282
2 48 42924
2 49 32062
3 4 52600
3 5 43452
3 6 69379
3 7 57468
3 8 30973
3 9 53881
3 10 38933
3 11 68660
3 12 67199
3 14 62996
3 15 23773
3 16 29668
3 19 26466
3 20 21340
3 21 57684
3 23 25936
3 24 27445
3 25 39179
3 26 16887
3 27 53348
3 28 41659
3 29 12336
3 30 16342
3 31 68206
3 32 27713
3 33 65321
3 34 54819
3 35 27721
3 38 23940
3 39 21705
3 40 41127
3 41 55984
3 42 53920
3 43 12422
3 44 51396
3 45 55630
3 46 49292
3 48 23850
3 49 15385
4 5 69299
4 6 36042
4 7 10713
4 8 26190
4 9 52590
4 10 38581
4 11 29336
4 13 65994
4 14 50379
4 15 55273
4 16 18850
4 17 51860
4 18 45579
4 19 11993
4 20 57621
4 21 12504
4 22 31961
4 23 41326
4 24 48944
4 25 43202
4 26 26784
4 27 32842
4 28 19528
4 29 18872
4 30 39958
4 31 58036
4 32 47753
4 33 13303
4 34 22133
4 35 62890
4 36 47567
4 37 40368
4 38 64500
4 39 23788
4 40 36249
4 41 23303
4 42 55363
4 43 20253
4 44 17686
4 45 31152
4 46 35975
4 47 39157
4 48 25436
4 49 63414
5 6 60460
5 7 50028
5 8 28050
5 9 37556
5 10 34794
5 11 68699
5 12 51039
5 13 20428
5 15 30681
5 16 18538
5 17 65151
5 18 52134
5 19 61692
5 20 66127
5 21 25629
5 22 60964
5 23 26429
5 24 66335
5 25 32900
5 26 37971
5 27 30289
5 28 67988
5 29 15795
5 30 43144
5 31 68390
5 32 65340
5 33 50569
5 34 44232
5 35 46042
5 37 38023
5 38 10081
5 39 33190
5 41 36367
5 42 34234
5 43 21626
5 45 19614
5 46 18205
5 49 55100
6 7 52726
6 8 34916
6 9 35578
6 10 18946
6 11 52647
6 12 49051
6 13 29631
6 14 60857
6 15 51312
6 16 69214
6 17 43512
6 18 24412
6 19 59610
6 20 16189
6 21 56355
6 22 46620
6 23 28987
6 24 48338
6 25 57770
6 26 26856
6 27 10606
6 28 35849
6 30 63059
6 31 38518
6 32 40783
6 33 58458
6 34 17637
6 35 50483
6 38 39314
6 39 55729
6 40 23459
6 42 68025
6 44 61233
6 45 23681
6 47 20270
6 49 51839
7 8 38363
7 9 18794
7 10 49847
7 11 47462
7 12 69390
7 13 15791
7 14 45115
7 15 26157
7 16 61491
7 17 32951
7 18 65021
7 19 43740
7 20 24030
7 21 65325
7 22 17516
7 23 63002
7 24 36139
7 25 15404
7 26 64580
7 27 49021
7 28 69862
7 29 45379
7 31 61536
7 32 14176
7 34 29759
7 35 59744
7 36 59911
7 37 33950
7 39 17818
7 40 20563
7 41 11244
7 42 11805
7 43 53291
7 44 68955
7 45 43589
7 47 54918
7 48 26882
7 49 46982
8 9 54030
8 10 41574
8 11 36593
8 12 60253
8 13 53074
8 14 44713
8 15 28377
8 16 65775
8 18 25710
8 19 40294
8 20 50346
8 21 21137
8 22 35153
8 23 32573
8 24 30925
8 26 64018
8 27 26836
8 28 65055
8 29 33858
8 30 24904
8 31 42661
8 32 39685
8 33 63073
8 34 66851
8 36 57868
8 37 59485
8 38 52195
8 39 52949
8 40 10967
8 41 16763
8 42 20596
8 43 10865
8 44 69036
8 45 17770
8 46 69211
8 47 32532
8 48 22379
8 49 48270
9 10 34172
9 11 34234
9 12 57283
9 13 57398
9 14 51063
9 15 56950
9 16 20573
9 17 36059
9 18 44047
9 19 15082
9 20 21232
9 21 32954
9 22 41898
9 24 54278
9 25 20262
9 26 59683
9 27 69848
9 28 18324
9 29 59122
9 31 65821
9 32 59365
9 33 41171
9 34 50269
9 36 31703
9 38 20907
9 39 26728
9 40 45797
9 41 37084
9 42 45334
9 43 60991
9 44 48898
9 45 51052
9 46 28189
9 47 22506
9 49 48224
10 11 26539
10 12 23378
10 13 35053
10 14 59114
10 15 55989
10 16 58067
10 17 25223
10 18 42231
10 20 21281
10 21 54850
10 22 46590
10 23 65350
10 24 43813
10 25 31494
10 26 56081
10 27 45720
10 28 17982
10 29 27487
10 30 69296
10 31 15404
10 33 20551
10 34 60032
10 35 33181
10 36 40415
10 37 69708
10 38 29999
10 39 62297
10 40 45776
10 41 58977
10 42 32587
10 43 53382
10 44 14266
10 45 18860
10 46 39211
10 47 39086
10 48 20930
10 49 24583
11 12 21476
11 13 25820
11 14 67525
11 15 48839
11 16 27490
11 17 31360
11 18 17643
11 19 10928
11 20 16621
11 21 67955
11 22 24225
11 23 44570
11 24 50853
11 25 37722
11 26 42350
11 27 39097
11 28 19126
11 29 12071
11 30 23149
11 32 40639
11 33 31888
11 34 42393
11 35 23890
11 36 25199
11 37 46931
11 38 58777
11 39 10657
11 40 10952
11 41 22641
11 43 41298
11 44 43195
11 45 65805
11 47 18954
11 48 10308
12 13 32197
12 14 59672
12 15 16445
12 16 32325
12 17 28283
12 18 16127
12 19 35421
12 20 49334
12 21 37334
12 22 18159
12 23 52957
12 24 61761
12 25 62972
12 26 57716
12 27 61850
12 28 25482
12 29 66217
12 30 31173
12 31 56506
12 32 66364
12 33 18263
12 34 53172
12 35 63537
12 36 38828
12 37 17280
12 38 65856
12 39 28341
12 40 15352
12 41 25511
12 42 19517
12 44 11351
12 45 39300
12 46 41638
12 47 39364
12 48 51032
12 49 46104
13 14 63679
13 15 23412
13 16 24969
13 17 46170
13 18 52844
13 20 16814
13 21 44314
13 23 30183
13 24 56969
13 27 14393
13 29 20109
13 30 64673
13 31 25735
13 32 24295
13 33 14313
13 34 63198
13 35 29355
13 37 68468
13 38 50960
13 40 13286
13 41 25358
13 42 30140
13 43 12181
13 44 63990
13 45 60050
13 46 39954
13 47 58364
13 48 45624
13 49 33919
14 15 55844
14 16 41238
14 17 24976
14 18 50019
14 19 56343
14 20 51956
14 21 42475
14 22 58011
14 23 56912
14 25 50902
14 26 18131
14 27 33174
14 28 19718
14 29 51183
14 30 55487
14 31 44573
14 32 15062
14 33 63933
14 34 42496
14 35 43141
14 36 21726
14 37 26980
14 38 33485
14 39 42305
14 40 14029
14 41 16898
14 42 44562
14 43 27719
14 44 61641
14 45 43010
14 46 42726
14 47 38789
14 48 33708
14 49 10938
15 16 62493
15 17 50710
15 18 55905
15 19 59613
15 20 53638
15 21 69421
15 23 52671
15 24 68743
15 25 63899
15 26 27088
15 27 62386
15 29 69969
15 30 62373
15 31 68433
15 32 42587
15 33 50094
15 34 41499
15 35 57339
15 36 21742
15 37 42086
15 38 41349
15 40 53881
15 41 65634
15 42 24387
15 43 53287
15 44 29643
15 46 65354
15 47 53124
15 48 66259
15 49 67418
16 17 51712
16 18 48705
16 19 12733
16 20 22734
16 22 30435
16 24 50669
16 25 26487
16 26 26837
16 27 48089
16 28 35205
16 29 16704
16 30 12557
16 31 13403
16 32 51892
16 33 21522
16 35 36579
16 36 31528
16 37 64447
16 38 54045
16 39 13787
16 40 65551
16 41 31386
16 42 69426
16 43 14794
16 44 38506
16 45 16092
16 46 29664
16 47 38820
16 48 24166
16 49 16354
17 18 58437
17 19 29484
17 20 36312
17 21 29017
17 22 15165
17 23 61608
17 24 51745
17 25 37422
17 26 26295
17 27 50559
17 28 35676
17 29 56571
17 30 28925
17 31 50172
17 32 44089
17 33 33566
17 34 65812
17 35 55196
17 37 14213
17 38 48499
17 39 46794
17 40 55115
17 41 29342
17 42 52437
17 43 53198
17 44 39939
17 45 36513
17 46 35128
17 47 41804
17 48 62346
17 49 68138
18 19 60495
18 20 46421
18 21 37226
18 22 44158
18 23 30356
18 24 67645
18 25 23446
18 26 18111
18 27 67603
18 28 45825
18 29 20216
18 30 29174
18 32 37330
18 33 59294
18 34 30757
18 36 24650
18 37 47832
18 38 20279
18 40 40635
18 41 31598
18 42 22741
18 43 30570
18 44 22540
18 45 30801
18 47 69492
18 48 56496
18 49 12939
19 20 55735
19 21 39873
19 22 60164
19 24 14349
19 25 52530
19 27 23165
19 28 58302
19 29 51079
19 30 32547
19 31 38484
19 32 69561
19 33 31931
19 34 30528
19 35 65494
19 36 27543
19 37 11123
19 38 30187
19 39 54643
19 40 41988
19 41 21320
19 42 24098
19 43 63018
19 45 44098
19 46 59010
19 47 33179
19 48 46066
19 49 44425
20 21 14978
20 22 16966
20 23 46748
20 25 10516
20 26 19912
20 27 59877
20 29 11197
20 30 33003
20 31 45951
20 32 38498
20 34 63861
20 35 42334
20 36 45325
20 37 14428
20 38 31763
20 39 40115
20 41 41014
20 42 10897
20 44 32408
20 45 23349
20 46 65879
20 47 64316
20 48 18585
20 49 12765
21 22 27930
21 23 27892
21 24 36629
21 25 29752
21 26 26366
21 27 17395
21 28 54428
21 29 63847
21 30 55026
21 31 11062
21 32 50629
21 33 25100
21 34 33397
21 36 41982
21 37 23540
21 38 58826
21 39 67565
21 40 59499
21 41 21546
21 42 29853
21 45 23842
21 46 46534
21 47 19810
21 48 30869
21 49 25815
22 23 18696
22 25 64465
22 26 29716
22 27 39343
22 28 24187
22 29 30602
22 30 15360
22 31 63879
22 32 53941
22 33 52924
22 34 47135
22 35 13162
22 37 11996
22 39 27811
22 40 42515
22 41 16234
22 42 12290
22 43 38693
22 44 35339
22 46 32293
22 47 62854
22 48 65444
23 24 28738
23 25 66951
23 26 44811
23 27 39168
23 28 24813
23 29 62499
23 30 64535
23 31 65464
23 32 38346
23 33 13072
23 34 15740
23 35 62623
23 36 37057
23 38 23439
23 40 30114
23 41 67371
23 42 50596
23 43 39883
23 44 23567
23 45 55800
23 46 63674
23 47 17433
23 49 22132
24 25 30529
24 26 51690
24 27 48147
24 28 62349
24 29 56422
24 30 31968
24 31 12255
24 32 36766
24 33 20936
24 34 48260
24 35 35220
24 37 41287
24 39 48721
24 41 37205
24 42 23878
24 43 35169
24 44 37227
24 45 41520
24 46 69221
24 47 67883
24 48 62267
24 49 65382
25 26 25511
25 28 22563
25 29 11862
25 30 49895
25 31 17660
25 32 12376
25 33 32173
25 34 24887
25 35 44673
25 36 48481
25 37 11929
25 38 33044
25 39 22280
25 40 54209
25 41 69747
25 42 42366
25 43 33759
25 44 61742
25 45 39401
25 47 23413
25 48 21899
25 49 11484
26 27 15661
26 28 18780
26 29 13923
26 30 48000
26 31 42000
26 32 16952
26 33 60504
26 34 69759
26 35 42525
26 36 69117
26 37 44636
26 39 52626
26 40 22973
26 41 68865
26 42 33421
26 43 19409
26 44 15400
26 45 62786
26 47 57458
26 48 16127
26 49 56368
27 28 64569
27 29 18341
27 30 15374
27 31 43605
27 32 54901
27 33 68989
27 34 32490
27 35 40732
27 36 30699
27 37 22000
27 38 55457
27 40 33461
27 41 59807
27 42 62497
27 43 42538
27 44 25139
27 45 67470
27 47 51280
27 48 26754
27 49 11707
28 29 44400
28 30 23021
28 31 36788
28 32 55190
28 33 29634
28 34 35325
28 35 40461
28 36 58142
28 37 14191
28 38 35520
28 40 30538
28 41 41492
28 42 18422
28 43 47685
28 44 48094
28 45 31708
28 46 52802
28 47 51784
28 48 11087
28 49 46157
29 30 68602
29 31 48548
29 33 41530
29 34 54049
29 35 30512
29 36 27589
29 38 24872
29 40 62557
29 41 16576
29 42 27797
29 43 15139
29 44 37005
29 45 44782
29 46 20523
29 47 45236
29 48 31417
29 49 30353
30 31 22724
30 32 36350
30 34 30292
30 36 45164
30 37 44641
30 38 12111
30 39 36410
30 40 12790
30 41 39955
30 42 15916
30 43 52781
30 45 28017
30 46 55375
30 47 44511
30 49 25265
31 32 48566
31 33 47669
31 34 69134
31 35 64536
31 36 26906
31 37 37697
31 38 39260
31 39 37570
31 40 22986
31 41 63008
31 42 36277
31 43 60136
31 44 48693
31 45 24946
31 46 45367
31 47 57096
31 48 69540
31 49 36095
32 33 23950
32 34 18802
32 35 63630
32 36 60525
32 37 29690
32 38 21161
32 39 37934
32 40 14795
32 41 31135
32 42 57351
32 43 11320
32 44 15900
32 45 18861
32 46 36974
32 47 64114
32 48 53428
32 49 60052
33 34 61625
33 36 28502
33 37 11123
33 38 16790
33 39 27235
33 40 24946
33 42 56229
33 43 54628
33 46 10589
33 47 29876
33 48 53766
33 49 66984
34 35 44759
34 36 65776
34 38 47209
34 39 12700
34 40 20539
34 41 34835
34 42 30450
34 44 15250
34 45 13428
34 46 36264
34 47 26758
34 48 38944
34 49 40769
35 36 36977
35 37 26257
35 38 61142
35 39 14472
35 40 35595
35 41 47265
35 42 46249
35 43 51467
35 44 53558
35 45 42302
35 46 69963
35 47 25038
35 48 52014
35 49 39433
36 37 18430
36 38 33669
36 39 50659
36 40 23495
36 42 27967
36 43 40260
36 44 66335
36 45 42631
36 46 14712
36 47 49353
36 48 31662
36 49 48628
37 38 29551
37 39 62110
37 40 20641
37 41 22481
37 42 13090
37 43 37854
37 44 47736
37 45 57682
37 46 28726
37 47 25733
37 48 51187
38 39 32251
38 40 60210
38 41 45738
38 42 13193
38 43 60626
38 44 47945
38 45 41394
38 46 40806
38 47 30456
38 48 32795
38 49 42784
39 40 13860
39 41 63882
39 42 30573
39 43 25695
39 44 42505
39 45 69366
39 46 48863
39 47 63790
39 48 67290
39 49 49161
40 41 49093
40 42 62601
40 43 39144
40 44 27651
40 45 15588
40 46 13447
40 47 65275
40 48 53956
40 49 65329
41 43 37834
41 44 59560
41 45 39164
41 46 67043
41 47 31955
41 48 36733
41 49 43256
42 43 12496
42 44 29136
42 45 23510
42 46 43846
42 47 60875
42 48 21924
42 49 37250
43 46 64319
43 47 63555
43 48 37324
44 45 34367
44 46 53203
44 47 59729
44 48 61786
44 49 65594
45 46 68858
45 47 47508
45 48 67698
45 49 23513
46 47 39730
46 48 30947
46 49 20658
47 48 50878
47 49 64107
