50 50 815
25000 25000 25000 25000 25000 25000 25000 25000 25000 25000 25000 25000 25000 25000 25000 25000 25000 25000 25000 25000 25000 25000 0 25000 25000 25000 25000 25000 25000 25000 25000 25000 25000 25000 25000 25000 25000 25000 25000 25000 25000 25000 25000 25000 25000 25000 25000 25000 25000 25000
2609 3292 6739 8933 6803 5984 10355 7650 8084 4246 5219 5776 6641 7816 4374 3847 5033 6429 6719 3660 7358 5396 5219 8345 4182 6387 7391 5542 5038 10349 6400 5558 6051 9568 3792 4898 9064 7159 11178 8697 4781 6033 6661 5299 8845 11656 9977 5301 8663 3947

2368 1148 3204 4509 4028 2752 5457 3845 4791 2504 2396 2628 3220 3859 1838 2266 2285 3117 3299 2596 3680 2582 2296 4205 1779 2994 5115 2491 2189 5399 3046 2499 2838 4940 1446 2351 4642 3507 6634 4369 2035 2890 3943 2607 5984 6919 5919 3574 4385 1538

38119 28711 4914 17161 44553 7030 26409 19622 50450 35490 13876 9147 14977 9987 21848 35330 20546 15111 25670 37312 29954 23679 9828 13734 19303 6568 57472 8895 11180 22957 12390 7341 15489 21294 21806 22713 18992 16657 67393 15523 12297 23856 48568 27686 66066 66973 59161 44864 16203 22621

94158 75406 32372 11548 94124 35112 29982 21024 105322 79267 29681 21275 20071 28595 64292 80186 47630 25921 53179 95094 61702 69206 23096 42165 48700 24701 135170 25118 40527 60515 47246 30416 52911 19804 61669 53847 15191 17163 141838 16712 34762 49569 105288 76944 142841 137025 121516 110118 12183 58878

1432 1277 1715 1883 566 1580 2152 1577 838 876 1061 1250 1363 1923 1524 955 1016 1318 949 1655 814 1789 1133 2087 1015 1583 2005 1269 1379 2512 1815 1381 1823 2008 1383 947 1901 1497 1685 1925 1108 908 1169 1798 2040 1600 1240 2003 1836 1237

29389 21549 6421 15994 35203 3514 23701 16197 40108 27663 10383 7483 12332 10627 15840 27251 15232 12444 20193 28704 23757 17769 7029 12654 13919 6260 45474 6253 6966 20326 9090 4947 10956 19446 15805 17035 17517 13730 54202 15093 8371 18684 38375 21102 52622 53852 47354 34986 15197 16483

181956 151443 81972 45118 179349 86890 28499 43134 199791 153664 65767 58805 48555 75277 138615 155294 97584 53176 107361 187467 122469 147325 56998 99391 102384 68433 259515 65619 96429 131920 108338 78565 118381 37594 126439 108605 40319 50569 262507 54213 78328 100962 199791 160389 266358 256048 228497 214099 46244 120958

70158 56137 33391 20160 68960 32030 26544 6370 78353 57158 16770 13571 8861 34044 51550 57907 31390 10985 35882 72690 42824 57376 12741 45125 33595 25346 105796 16702 32220 60071 42892 24339 46527 21820 44649 36454 21085 12128 107171 24366 22542 32942 78353 60248 108940 104203 91544 84928 20704 42130

1719 1555 2020 2186 797 1877 2480 1869 697 1127 1324 1525 1646 2242 1817 1211 1359 1593 1205 1956 1061 2099 1395 2416 1275 1880 1940 1538 1663 2869 2127 1665 2135 2327 1668 1203 2218 1789 1599 2239 1374 1156 1050 2109 1977 1509 1125 2149 2144 1511

1038 879 1459 1709 1024 1320 1995 1402 1305 464 869 1050 1181 1674 1133 546 738 1134 1066 1268 1206 1406 928 1875 768 1323 1950 999 1145 2314 1562 1115 1500 1846 988 667 1736 1318 1983 1748 832 916 1087 1416 1986 2088 1720 1628 1668 837

282030 211282 141015 156813 275986 123980 205925 104130 324205 216434 12638 46089 66146 165880 198300 220212 86408 58178 109075 294806 144106 241573 25277 212999 97536 105504 461992 48149 106122 288418 178793 81738 185456 180442 162789 111960 161484 89774 468792 165811 55499 94239 323380 245901 477721 453818 389938 356556 149807 140603

50691 38013 17684 20961 51754 16554 32069 15322 59686 41572 8429 1231 9073 20938 32781 41335 20566 9254 24295 52228 30058 37595 2463 29549 19775 11074 79235 3830 16712 41956 25571 10170 28589 26227 28724 24385 23131 11333 83247 20927 10350 21854 59166 41335 84557 81009 70500 62387 19673 26656

87703 68425 38207 29484 86090 36375 42477 15319 98955 70203 15832 11526 5185 43485 62653 71210 35513 11563 41561 91111 50906 70496 10371 57448 38482 27377 135275 15741 36631 77569 50998 26021 55891 35788 53362 42330 30731 11599 137529 32581 23565 37602 98735 74362 139911 133534 116492 107586 27615 49972

8994 7014 1953 3076 10270 2400 5044 4089 11525 8342 3428 2289 3530 1217 5553 8308 5162 3558 5938 8844 6878 5947 2434 2672 4897 1741 13134 2275 3283 4634 3544 2352 4204 3955 5544 5623 3465 3423 15131 2520 3406 5551 11125 6799 14963 15041 13379 10451 2868 5718

22109 13806 17181 27575 34163 13983 36054 25399 39559 23393 16297 15828 21148 21809 7310 21709 15513 20779 22678 21463 25368 12569 14621 24038 11931 16866 39913 14091 11169 32479 15843 13360 14375 31372 9640 15974 29250 22701 52897 26598 12776 19787 33563 13114 48346 54681 47531 28374 26698 11815

16807 14001 25640 30561 19556 22905 35602 25154 24505 9679 15763 18421 21255 29433 18478 8135 13451 20437 19232 20868 21699 23300 16271 32126 12619 23236 35094 17533 19253 39867 26303 19556 24957 32986 15933 12196 31041 23680 36455 30709 14579 16581 19881 23476 36497 38302 31816 27205 29842 13261

10299 7390 7031 8472 10011 6048 10492 6305 12559 6963 2542 3918 4743 8551 6856 7119 1531 4415 4164 10825 5152 8788 3062 9992 2712 6068 17458 3782 5031 13093 7754 4593 8294 9443 5401 2666 8664 5714 17692 8842 2599 3101 11362 8989 17709 17551 14924 13365 8184 4483

175305 136474 78453 73100 171987 74683 92515 36644 198000 139301 27445 23562 23034 89311 126332 141375 67935 11423 80376 182317 99603 144881 22846 118038 74042 56173 274079 32233 75211 159433 104768 53383 114834 79433 107218 81959 75663 36305 280374 79396 45918 72233 198000 150423 282712 269592 234531 216209 69254 97680

14104 10872 9452 10186 10309 8668 12441 7754 12529 10040 3542 5082 6005 10597 10274 10214 4313 5638 2061 14718 4237 12438 4123 12767 5635 7817 21789 5177 8073 16239 11122 6723 11726 11267 8646 5230 10401 7099 19186 10594 5350 2795 14964 12662 22071 18497 15556 17561 9863 7618

4719 4738 8597 11897 10320 7583 14113 10500 12031 6905 7254 7875 9152 10064 5467 6371 7005 8870 9277 3656 10130 6729 7312 10878 5869 8497 9506 7622 6695 13554 8172 7390 7707 13238 5406 7151 12428 9845 15675 11583 6547 8360 10130 5845 12180 16314 14559 5847 11614 5613

2204 1718 1581 1691 1302 1463 2030 1326 1635 1593 693 924 1063 1760 1628 1619 733 1008 555 2296 390 1953 780 2079 931 1335 3066 939 1298 2600 1756 1171 1846 1853 1384 871 1722 1227 2673 1752 889 505 2041 1987 3108 2532 2090 2723 1643 1229

33087 23443 23170 37575 50155 19559 48702 36072 57236 36022 26166 23493 30494 29263 14919 33813 25682 30655 35084 31815 38614 11166 22333 29102 20982 23524 56025 21214 17380 40178 17905 20255 15978 42538 17975 26288 39775 32512 74738 35911 21002 31291 49368 15978 67091 77038 67697 40884 36405 20830

29547 21819 12087 14277 30208 10393 19877 9670 34960 23989 3801 2252 5847 14071 19650 23844 11199 6260 13471 30993 16984 22873 0 19319 10703 8017 46945 2293 10145 26881 15889 6157 17728 16757 16158 13513 14856 7665 50147 14257 4959 11984 34713 24051 50189 48040 41634 36675 13492 14897

19258 15154 4883 8660 22473 5240 12851 10822 25140 18677 8930 6798 9435 4715 11943 18148 11947 9496 14265 19106 16203 11616 7106 3553 10898 5631 28226 6684 7117 7725 6509 5973 7911 10537 11924 12593 9496 9405 33421 7486 7881 13444 24198 13429 31946 32615 29081 22522 8227 12293

32600 22120 24063 31410 36263 20115 39682 24603 43406 26098 11050 13644 18976 29538 20197 24684 10012 17796 19495 34493 23056 27157 10541 33424 5270 20594 59259 12362 14845 44597 26668 15282 26495 35297 14936 10622 32488 21866 64743 31379 8099 15669 41636 27879 64804 63420 53958 43640 30250 11650

19133 14415 4124 7502 21736 4258 12148 8180 24693 17191 5611 2952 5851 5337 11613 17111 9697 5918 11525 19369 13673 12852 3268 8547 9073 1634 29479 2801 5623 13172 7620 3075 8745 9583 10952 10784 8420 6693 33190 6967 5560 10615 23935 14794 33148 32667 28750 23156 7022 11361

175156 190444 281463 355282 238383 258749 406770 325852 225170 205569 253234 264755 294457 314332 211356 210756 242970 289434 287742 170788 273327 239639 248102 332568 222222 279224 124051 257875 238875 392519 271962 254436 261534 380835 205405 233251 365874 308872 262243 348348 234998 267212 177231 219819 183947 276549 279934 151733 352989 210046

31417 23339 11056 15023 33379 9282 22113 11424 38298 25597 5582 2430 7436 13292 19279 25460 12766 7551 15708 32571 19387 22351 1601 18629 11698 6794 49650 800 9022 26549 15038 4846 16963 18384 18146 14626 16408 8878 52990 15002 5683 14150 36827 24738 53033 52629 45921 39055 14201 16091

22292 15532 8585 15815 27305 6079 22449 14122 31534 21286 7458 6609 10790 12212 11525 20448 11037 10887 16351 22629 18460 14092 5916 13959 8953 7422 37089 5247 2958 20575 9380 4675 9917 18779 10579 12122 17129 11995 44699 15038 5121 14086 30040 16086 42325 43386 37782 28046 15128 11164

35887 29205 12480 18630 41122 13061 25455 22151 45465 34940 19069 15598 19892 12207 23976 34080 23982 19991 27757 35640 30912 23444 16099 10314 22275 13699 50490 15413 16118 8049 15128 14256 17411 21687 23945 25034 19991 19843 58502 16718 17362 26420 43931 26395 56547 57636 51882 41202 17925 24545

12035 8916 3727 7937 15528 2988 11116 8229 17556 12413 5826 4628 6632 5471 6476 11884 7270 6678 9817 11792 10828 6101 4440 5425 6843 4123 18722 4120 3693 8596 2220 3580 3285 9358 7288 8021 8567 7210 23593 7374 4435 8731 16331 7478 21757 23235 20550 14388 7608 8162

16816 12300 4673 8907 19038 3674 13346 7880 21863 14695 4330 2861 5655 6838 9623 14610 7526 5719 9982 17041 12034 11338 2398 8891 6931 3300 26701 1952 3900 13310 6886 1199 7961 10895 8991 8573 9784 6460 29982 8388 3574 9112 21992 12670 30199 29780 26037 20660 8448 9382

33291 24043 13451 25678 45466 10386 35106 25927 51477 34720 17347 15249 21192 18623 16808 32845 22433 21329 29985 32571 32982 15695 14693 18486 19385 13751 53121 13742 10951 27888 8982 12141 7346 30148 19402 23889 27802 22904 67566 24266 14025 26766 46032 19779 62514 69570 61607 40269 24685 21808

946126 772783 372672 171891 941607 399465 229188 203364 1052973 801673 322800 261306 229995 336196 681269 810550 496143 258078 549405 987768 631719 728398 261790 467575 512606 298912 1361570 298428 451435 644793 516318 354111 575875 130895 640112 556184 145421 201588 1394657 221440 377998 514543 1052973 803126 1415639 1359472 1209370 1121245 178024 610899

11074 6516 9745 14620 17265 8055 18070 12049 20125 11582 7198 7592 9802 12191 5780 10692 6792 9607 10578 11927 12000 8559 6353 13369 4891 8961 21336 7495 5951 17830 10200 7109 9514 16229 3176 7028 15116 10875 27174 14096 5378 9051 16956 8848 24582 28075 24330 15579 14222 4326

15829 11730 12055 14909 14887 10463 18181 11400 18098 9950 5307 7379 8870 14516 10865 10202 3806 8340 7557 17293 9159 13994 5984 16447 4154 10495 26946 6793 8459 21470 13235 8116 13697 16483 8500 2992 15221 10444 27326 15353 4886 5837 17073 14319 27353 27097 22842 21406 14443 7022

260549 211357 97602 40426 259264 105128 73603 59561 291477 219479 83331 65940 56946 87232 185247 222003 132614 73007 147849 269818 171160 198738 65986 124584 137295 76540 378755 76494 119995 174969 138442 92233 155375 45566 173638 149685 32993 48961 388070 54606 99025 137846 290926 219984 394035 378067 335391 310337 42170 165240

137814 108160 60774 37261 137095 58008 63568 27330 156514 113056 30982 20497 15076 61549 97731 114578 60691 24757 69875 142959 83983 109515 20525 84066 63513 44425 209073 26860 58395 114439 80082 42378 87468 46721 85421 70981 39142 10262 214743 41936 40442 63900 156127 117123 218284 208713 182987 167828 34439 80359

45190 41683 54470 59493 29821 51403 65177 52117 27688 32544 40378 44494 47243 59211 47631 34351 38581 46820 37823 48504 35461 53659 42775 64357 39250 51465 40960 44335 48318 73399 57395 46882 55712 61907 44450 37012 59475 50292 21387 60630 40660 36889 30385 54285 34060 23696 24243 45428 59070 41092

22574 17974 7146 4104 23542 8089 8618 6428 26371 19848 7822 5211 5621 5744 15256 19762 12226 7047 13579 22804 15670 16305 5658 9081 11939 5543 32644 6154 9417 13583 10795 6937 12308 6121 14604 13612 4997 4907 35329 2829 8519 12693 26231 18261 35444 34157 30344 26490 3636 14436

80057 56481 38011 53182 85773 30699 70728 39587 100523 63100 15801 16494 27925 49316 49862 62659 25677 26917 44210 82915 51564 61965 10086 58183 22567 30846 133135 13847 23134 81255 43390 19877 47404 61209 39209 31140 55409 33472 142906 53119 5043 36309 95817 63289 143032 141855 122313 103360 50787 35364

58028 43758 39723 42962 45043 36260 52917 32225 54677 40086 13627 20427 24504 44777 41119 40854 14800 22884 13348 60736 18235 50669 16196 54356 20636 32504 91957 20846 31401 69686 44861 27673 47528 47737 33928 18849 43884 29335 84235 44763 19379 8098 61825 51661 93199 81191 68206 73289 41538 29391

11687 10319 16111 18256 9625 14832 20714 15620 8793 7559 11041 12598 13719 17960 12502 7885 9913 13320 12732 13667 11825 14853 11550 19329 10071 15090 13193 12158 13052 23103 16310 14031 15654 19439 11261 9301 18490 14901 14420 18590 10725 11440 5775 15097 13994 15320 12357 14935 17905 9951

19812 14312 16981 25818 30875 14743 32575 23312 35262 22118 16250 16268 19856 20756 9331 20750 16000 19556 21825 17087 24012 9543 14550 20656 13087 17100 32087 14856 12481 27518 13718 14262 12525 28893 11225 16375 27181 21506 46393 24875 13050 19475 30675 7275 38943 47856 42043 22706 25093 12993

107792 115691 168663 190737 120397 157010 210766 169251 113618 103562 131938 144628 153760 185526 134768 109304 122750 150511 145721 113954 138325 149278 136084 193650 124879 163256 89976 141042 142499 224408 164573 150483 160511 200373 123367 117764 192641 163396 108212 193454 129361 135188 93057 139110 68042 115551 117288 104178 187935 125748

50320 46673 57109 60151 29943 53921 66703 53124 27725 37172 40919 45381 48057 62039 52583 39050 40589 46994 38262 53765 35074 58814 42605 65905 40553 53307 45922 46572 49175 75966 59473 49220 61003 63303 49184 38958 60774 51227 25572 61352 42752 37291 34927 59519 38748 21302 24143 50567 59235 45803

13547 12443 15576 16502 7348 14610 18481 14368 6676 9565 10672 12024 12834 17069 14205 10134 10572 12512 9867 15145 8902 16103 11183 18240 10561 14424 14940 12384 13172 21287 16292 13186 16755 17451 13197 10078 16686 13794 8777 16860 11227 9573 9046 16305 12767 8172 5591 17640 16219 12151

1568 1572 2542 3371 2975 2287 3928 3020 3140 2117 2205 2361 2682 2911 1756 1983 2142 2611 2713 1300 2927 2073 2174 3115 1857 2517 2006 2297 2064 3788 2435 2239 2318 3664 1740 2179 3495 2856 3556 3292 2072 2483 2603 1850 2678 3717 4040 1087 3300 1792

101089 81178 34056 14036 101528 37057 34221 24448 114155 85625 31329 21905 20807 29883 69009 86632 50983 27212 57059 102699 66392 74352 23899 44780 51935 25656 147937 26114 42986 64873 50343 31915 56510 23076 66429 57791 18025 17622 155129 16909 36673 53106 114118 82825 155275 148907 131888 119151 11949 63080

7969 4856 7095 9693 10916 5941 11999 7886 12864 7029 4190 4847 6351 8766 4903 6421 3907 6030 6493 8552 7464 6801 4001 9570 2614 6560 14979 4498 4503 12617 7978 5294 7448 10753 3124 4073 9987 7090 17673 9684 3335 5450 10694 6998 17196 18323 15742 11047 9376 2000

0 3 64575
0 4 46498
0 5 69277
0 6 49627
0 8 41149
0 9 65037
0 10 24654
0 13 16002
0 14 58569
0 15 69767
0 18 32296
0 19 18013
0 24 37652
0 25 38473
0 27 19167
0 28 46506
0 29 67965
0 31 43090
0 34 40199
0 38 51323
0 39 46605
0 40 23962
0 41 60521
0 42 29056
0 44 54786
0 46 60143
0 47 38445
0 49 12762
1 3 22204
1 4 61233
1 8 27703
1 9 43437
1 10 51417
1 12 21960
1 13 29081
1 14 50765
1 15 62155
1 16 63718
1 18 68515
1 21 46209
1 22 23482
1 23 57811
1 24 51482
1 25 19597
1 28 69189
1 29 47210
1 31 31906
1 33 12672
1 34 22381
1 35 16860
1 36 33350
1 39 53005
1 40 33268
1 44 50472
1 46 26009
1 48 25198
2 3 14705
2 4 64775
2 5 14740
2 6 12786
2 7 28131
2 8 58152
2 10 50834
2 11 20731
2 12 17791
2 13 55067
2 14 43892
2 15 54616
2 16 51549
2 17 39471
2 18 35145
2 19 24156
2 20 67114
2 21 60751
2 23 54224
2 24 38938
2 25 53229
2 26 59563
2 27 53747
2 30 30708
2 31 23914
2 32 61735
2 35 39901
2 36 67665
2 38 53676
2 39 17910
2 40 22973
2 41 41356
2 42 66141
2 43 31599
2 44 39648
2 45 59257
2 46 11248
2 47 48701
2 48 16840
3 4 17271
3 6 47172
3 8 55765
3 9 13019
3 10 17422
3 11 50798
3 12 31508
3 13 40766
3 16 17593
3 18 35586
3 19 28459
3 22 51941
3 23 55274
3 24 13275
3 25 41850
3 26 54564
3 27 11989
3 30 39539
3 31 60001
3 32 54176
3 33 28529
3 34 21891
3 36 47477
3 37 50795
3 39 52446
3 40 67570
3 42 47197
3 44 69815
3 45 49718
3 46 46178
3 48 15717
3 49 66651
4 6 10949
4 8 22840
4 12 62375
4 15 54843
4 16 25247
4 17 62230
4 18 39703
4 19 15555
4 21 28085
4 23 33803
4 24 56208
4 26 33509
4 30 66623
4 31 47792
4 32 57803
4 34 42646
4 35 38124
4 36 12518
4 37 46402
4 39 32175
4 40 56236
4 42 56391
4 43 59588
4 44 22904
4 46 67947
4 47 36567
4 48 15168
4 49 66273
5 6 69615
5 8 56255
5 9 42317
5 12 66042
5 13 53598
5 14 60608
5 16 23351
5 19 28172
5 21 26119
5 22 22913
5 25 29667
5 26 39592
5 27 53601
5 28 28796
5 34 54588
5 36 30046
5 37 26052
5 38 14720
5 42 45957
5 43 68688
5 44 62802
5 48 10539
6 7 65687
6 9 37057
6 12 42234
6 14 38633
6 16 63947
6 17 67334
6 18 45286
6 19 36095
6 20 28150
6 21 54935
6 22 30816
6 24 31356
6 27 57708
6 28 30452
6 29 49050
6 31 20726
6 32 22574
6 34 52873
6 36 43011
6 38 69107
6 39 60658
6 41 47474
6 42 16997
6 43 53078
6 44 68078
6 45 18460
6 47 30167
6 48 42881
6 49 41165
7 9 49101
7 10 22259
7 12 55271
7 13 36545
7 14 59516
7 15 31635
7 16 64678
7 17 17790
7 19 38543
7 20 25613
7 21 43045
7 24 68124
7 25 58298
7 26 17016
7 27 39803
7 29 10193
7 30 14948
7 31 11629
7 32 53942
7 36 49400
7 37 55761
7 38 22912
7 39 67650
7 41 17525
7 42 11093
7 43 14093
7 44 14876
7 48 53550
7 49 64567
8 10 59031
8 11 65352
8 12 55556
8 13 10041
8 14 34088
8 17 28338
8 18 38432
8 19 55123
8 21 59216
8 22 51303
8 23 49140
8 24 33031
8 27 19330
8 28 16630
8 30 37271
8 33 65929
8 34 34352
8 35 53935
8 37 58719
8 38 40105
8 41 60380
8 42 62734
8 43 67147
8 46 19716
8 48 26346
8 49 30769
9 10 65979
9 11 33633
9 12 30923
9 13 17561
9 15 62542
9 17 32647
9 19 28321
9 21 57407
9 22 12106
9 23 12045
9 25 49938
9 27 20448
9 28 11910
9 31 21040
9 34 29696
9 35 57495
9 36 11547
9 37 25914
9 40 18829
9 41 63361
9 42 18101
9 43 45158
9 45 50444
9 47 16499
9 48 14924
9 49 29441
10 11 36195
10 12 44565
10 13 28935
10 14 34574
10 15 54908
10 17 36076
10 18 19533
10 19 40080
10 24 47184
10 26 45681
10 27 19628
10 28 52983
10 29 66570
10 30 61095
10 32 56382
10 33 42348
10 35 59189
10 39 34240
10 40 12977
10 41 67828
10 43 21364
10 47 27856
10 48 48338
10 49 46926
11 12 37077
11 13 17993
11 14 13019
11 16 16532
11 17 63300
11 19 33106
11 20 50483
11 22 24663
11 25 47472
11 26 59425
11 28 63429
11 30 16708
11 32 37474
11 33 12453
11 36 47026
11 37 38781
11 38 12801
11 39 23510
11 41 63569
11 43 47068
11 44 68242
11 45 59752
11 47 29534
11 49 36242
12 14 40068
12 16 10562
12 18 23941
12 19 31412
12 20 23701
12 21 63303
12 22 66678
12 23 17637
12 24 10292
12 25 49339
12 27 56761
12 30 32225
12 31 47081
12 33 14545
12 34 13179
12 35 31294
12 36 41685
12 38 31738
12 39 60216
12 40 15388
12 44 57029
12 45 65525
12 46 58936
12 47 61052
12 48 36977
13 14 37547
13 15 11320
13 16 39397
13 17 16560
13 18 40143
13 21 44328
13 22 33310
13 23 69792
13 24 48904
13 25 59404
13 26 19050
13 28 23801
13 29 23357
13 30 11506
13 31 31029
13 33 39944
13 34 19910
13 35 29990
13 36 12123
13 37 18287
13 38 12476
13 39 62519
13 41 41423
13 42 33376
13 43 11195
13 45 61349
13 46 54933
13 48 65065
14 15 16517
14 16 60837
14 17 22309
14 20 13304
14 22 15781
14 23 29754
14 24 56690
14 28 24094
14 30 51795
14 32 60275
14 33 37960
14 35 20830
14 37 37257
14 38 17920
14 40 21224
14 42 63357
14 43 68377
14 45 12259
14 47 64996
14 48 59095
15 16 32936
15 17 59527
15 18 66517
15 19 62673
15 20 40308
15 22 60910
15 23 57399
15 24 18910
15 25 14568
15 27 12945
15 31 31013
15 32 34493
15 34 33745
15 35 58067
15 39 47544
15 40 51947
15 41 25593
15 42 34995
15 43 45155
15 44 17955
15 45 58876
15 46 52668
15 48 34224
15 49 55483
16 17 35840
16 18 42991
16 19 27693
16 20 49209
16 22 60848
16 23 56632
16 24 17418
16 26 18765
16 27 27160
16 28 35878
16 33 56251
16 34 24501
16 35 63607
16 36 50031
16 37 16279
16 38 10361
16 39 10289
16 40 59041
16 42 68188
16 43 53918
16 46 43705
16 47 37718
16 48 22557
16 49 32843
17 20 62915
17 22 55961
17 23 58584
17 24 44296
17 25 60432
17 27 49473
17 28 35698
17 29 61854
17 30 40559
17 31 57809
17 32 39445
17 34 28354
17 35 20401
17 36 63481
17 38 23670
17 39 21997
17 40 22998
17 41 58187
17 42 41022
17 46 34352
17 47 28666
17 49 29805
18 19 22038
18 21 69595
18 22 17740
18 23 27078
18 24 22424
18 25 24892
18 27 15134
18 29 39673
18 30 53075
18 31 36784
18 33 61136
18 35 47809
18 36 33136
18 37 49651
18 39 49247
18 42 12478
18 43 48019
18 44 61561
18 45 27056
18 47 39110
18 48 42823
18 49 17871
19 22 37096
19 24 51257
19 26 39900
19 27 41391
19 29 50439
19 31 52917
19 32 63836
19 33 22229
19 35 55276
19 36 61028
19 37 32561
19 38 42220
19 40 58405
19 41 11735
19 44 47869
19 45 28624
19 47 42493
19 49 58309
20 21 61753
20 24 37190
20 25 11963
20 28 25841
20 29 68533
20 30 52483
20 31 39035
20 32 64859
20 34 19080
20 35 33197
20 37 42042
20 38 29913
20 39 28772
20 40 48849
20 41 38353
20 42 43762
20 44 59597
20 45 37864
21 22 33966
21 23 12367
21 25 57799
21 26 62175
21 27 49502
21 28 25943
21 29 67272
21 32 66375
21 33 41217
21 34 45160
21 35 29735
21 38 26007
21 40 57163
21 42 35882
21 45 43256
21 46 42527
22 23 38319
22 25 27144
22 28 12401
22 29 65250
22 31 16355
22 32 15521
22 33 34493
22 35 67466
22 37 69416
22 38 68230
22 39 27480
22 40 10940
22 41 22217
22 42 28191
22 43 56404
22 44 17093
22 46 22114
22 47 61345
22 48 59074
22 49 53501
23 25 58890
23 26 39231
23 30 29765
23 31 68948
23 32 22186
23 33 29322
23 35 42908
23 36 36249
23 38 29106
23 40 20452
23 42 27723
23 44 59488
23 45 55139
23 46 58057
23 47 46423
23 48 36439
23 49 14825
24 25 69854
24 26 39218
24 27 68221
24 28 31853
24 29 64832
24 30 29929
24 31 21563
24 34 34457
24 36 23945
24 37 31449
24 38 34705
24 39 31792
24 40 40914
24 41 45407
24 43 67834
24 46 11211
24 47 66879
25 26 65694
25 27 33542
25 29 57999
25 30 47950
25 31 69897
25 32 33665
25 34 55457
25 36 64918
25 37 38302
25 39 61034
25 40 47185
25 41 19076
25 42 34640
25 43 37225
25 45 60767
25 47 48766
25 48 16679
25 49 20683
26 27 50728
26 28 56304
26 30 67444
26 31 49172
26 32 48040
26 33 26781
26 35 19026
26 36 54255
26 38 21480
26 40 48599
26 42 27365
26 43 67645
26 44 13007
26 46 60996
26 48 56873
26 49 37853
27 29 15893
27 30 16352
27 31 42890
27 34 11749
27 35 14978
27 36 62593
27 37 36346
27 38 10943
27 39 51204
27 40 68030
27 41 25935
27 43 56332
27 45 24185
27 47 66431
27 48 30111
27 49 56590
28 32 39837
28 34 32431
28 35 11096
28 36 15938
28 39 27797
28 40 56300
28 42 42633
28 43 66673
28 44 32781
28 46 46481
28 47 66574
28 49 66054
29 37 29721
29 38 26997
29 39 63173
29 40 50796
29 42 35985
29 43 12453
29 44 57981
29 45 19442
29 46 48068
29 47 50509
29 49 22916
30 31 53753
30 32 51582
30 33 38891
30 34 34414
30 35 43963
30 37 13489
30 38 35379
30 39 69584
30 40 17774
30 41 36727
30 42 49976
30 44 64396
30 45 42904
30 48 35244
30 49 23684
31 32 24870
31 33 51629
31 34 17539
31 35 43400
31 36 65434
31 37 27501
31 38 11894
31 40 50283
31 41 40982
31 43 57025
31 44 63327
31 45 32895
31 46 28453
31 47 42244
31 48 17669
32 33 59299
32 34 21307
32 35 22503
32 36 23030
32 37 67282
32 38 26707
32 40 43342
32 41 43988
32 42 17971
32 44 11298
32 45 30209
32 46 58451
32 47 40803
32 49 27918
33 34 28021
33 35 22015
33 37 25444
33 38 10689
33 41 41580
33 42 37090
33 43 28828
33 45 62546
33 46 58000
33 47 24567
33 48 20996
34 35 54288
34 36 21633
34 38 55006
34 40 40882
34 41 69330
34 42 47888
34 43 11671
34 44 59652
34 45 34551
34 46 48510
34 47 11027
34 48 21957
35 37 20919
35 38 62233
35 39 37396
35 40 62909
35 41 35225
35 42 34090
35 43 25082
35 44 50383
35 45 14585
35 46 25142
36 37 48383
36 38 50098
36 40 50021
36 41 60477
36 43 52710
36 44 11842
36 46 61601
36 47 64387
36 48 30613
36 49 61817
37 39 42754
37 40 40287
37 41 65627
37 43 44010
37 44 68865
37 45 51943
37 46 66653
37 47 28884
37 48 25131
37 49 19293
38 43 15643
38 44 48764
38 47 16566
38 48 46900
38 49 61910
39 40 38678
39 41 35919
39 44 29135
39 45 26635
39 49 23636
40 41 17015
40 42 58744
40 44 21923
40 45 16690
40 47 23257
40 49 33168
41 42 68171
41 43 12918
41 44 42094
41 45 18305
41 46 33697
41 47 15600
41 49 24060
42 43 29236
42 44 55264
42 45 43737
42 46 42608
43 45 40146
43 46 23962
43 49 56413
44 45 24255
44 47 51836
45 46 14955
45 48 32983
45 49 45277
46 47 40277
46 48 12742
47 48 13927
48 49 28369
