50 50 762
25000 25000 25000 25000 25000 25000 25000 25000 25000 25000 25000 25000 25000 25000 25000 25000 25000 25000 25000 25000 25000 25000 0 25000 25000 25000 25000 25000 25000 25000 25000 25000 25000 25000 25000 25000 25000 25000 25000 25000 25000 25000 25000 25000 25000 25000 25000 25000 25000 25000
2609 3292 6739 8933 6803 5984 10355 7650 8084 4246 5219 5776 6641 7816 4374 3847 5033 6429 6719 3660 7358 5396 5219 8345 4182 6387 7391 5542 5038 10349 6400 5558 6051 9568 3792 4898 9064 7159 11178 8697 4781 6033 6661 5299 8845 11656 9977 5301 8663 3947

2368 1148 3204 4509 4028 2752 5457 3845 4791 2504 2396 2628 3220 3859 1838 2266 2285 3117 3299 2596 3680 2582 2296 4205 1779 2994 5115 2491 2189 5399 3046 2499 2838 4940 1446 2351 4642 3507 6634 4369 2035 2890 3943 2607 5984 6919 5919 3574 4385 1538

38119 28711 4914 17161 44553 7030 26409 19622 50450 35490 13876 9147 14977 9987 21848 35330 20546 15111 25670 37312 29954 23679 9828 13734 19303 6568 57472 8895 11180 22957 12390 7341 15489 21294 21806 22713 18992 16657 67393 15523 12297 23856 48568 27686 66066 66973 59161 44864 16203 22621

94158 75406 32372 11548 94124 35112 29982 21024 105322 79267 29681 21275 20071 28595 64292 80186 47630 25921 53179 95094 61702 69206 23096 42165 48700 24701 135170 25118 40527 60515 47246 30416 52911 19804 61669 53847 15191 17163 141838 16712 34762 49569 105288 76944 142841 137025 121516 110118 12183 58878

1432 1277 1715 1883 566 1580 2152 1577 838 876 1061 1250 1363 1923 1524 955 1016 1318 949 1655 814 1789 1133 2087 1015 1583 2005 1269 1379 2512 1815 1381 1823 2008 1383 947 1901 1497 1685 1925 1108 908 1169 1798 2040 1600 1240 2003 1836 1237

29389 21549 6421 15994 35203 3514 23701 16197 40108 27663 10383 7483 12332 10627 15840 27251 15232 12444 20193 28704 23757 17769 7029 12654 13919 6260 45474 6253 6966 20326 9090 4947 10956 19446 15805 17035 17517 13730 54202 15093 8371 18684 38375 21102 52622 53852 47354 34986 15197 16483

181956 151443 81972 45118 179349 86890 28499 43134 199791 153664 65767 58805 48555 75277 138615 155294 97584 53176 107361 187467 122469 147325 56998 99391 102384 68433 259515 65619 96429 131920 108338 78565 118381 37594 126439 108605 40319 50569 262507 54213 78328 100962 199791 160389 266358 256048 228497 214099 46244 120958

70158 56137 33391 20160 68960 32030 26544 6370 78353 57158 16770 13571 8861 34044 51550 57907 31390 10985 35882 72690 42824 57376 12741 45125 33595 25346 105796 16702 32220 60071 42892 24339 46527 21820 44649 36454 21085 12128 107171 24366 22542 32942 78353 60248 108940 104203 91544 84928 20704 42130

1719 1555 2020 2186 797 1877 2480 1869 697 1127 1324 1525 1646 2242 1817 1211 1359 1593 1205 1956 1061 2099 1395 2416 1275 1880 1940 1538 1663 2869 2127 1665 2135 2327 1668 1203 2218 1789 1599 2239 1374 1156 1050 2109 1977 1509 1125 2149 2144 1511

1038 879 1459 1709 1024 1320 1995 1402 1305 464 869 1050 1181 1674 1133 546 738 1134 1066 1268 1206 1406 928 1875 768 1323 1950 999 1145 2314 1562 1115 1500 1846 988 667 1736 1318 1983 1748 832 916 1087 1416 1986 2088 1720 1628 1668 837

282030 211282 141015 156813 275986 123980 205925 104130 324205 216434 12638 46089 66146 165880 198300 220212 86408 58178 109075 294806 144106 241573 25277 212999 97536 105504 461992 48149 106122 288418 178793 81738 185456 180442 162789 111960 161484 89774 468792 165811 55499 94239 323380 245901 477721 453818 389938 356556 149807 140603

50691 38013 17684 20961 51754 16554 32069 15322 59686 41572 8429 1231 9073 20938 32781 41335 20566 9254 24295 52228 30058 37595 2463 29549 19775 11074 79235 3830 16712 41956 25571 10170 28589 26227 28724 24385 23131 11333 83247 20927 10350 21854 59166 41335 84557 81009 70500 62387 19673 26656

87703 68425 38207 29484 86090 36375 42477 15319 98955 70203 15832 11526 5185 43485 62653 71210 35513 11563 41561 91111 50906 70496 10371 57448 38482 27377 135275 15741 36631 77569 50998 26021 55891 35788 53362 42330 30731 11599 137529 32581 23565 37602 98735 74362 139911 133534 116492 107586 27615 49972

8994 7014 1953 3076 10270 2400 5044 4089 11525 8342 3428 2289 3530 1217 5553 8308 5162 3558 5938 8844 6878 5947 2434 2672 4897 1741 13134 2275 3283 4634 3544 2352 4204 3955 5544 5623 3465 3423 15131 2520 3406 5551 11125 6799 14963 15041 13379 10451 2868 5718

22109 13806 17181 27575 34163 13983 36054 25399 39559 23393 16297 15828 21148 21809 7310 21709 15513 20779 22678 21463 25368 12569 14621 24038 11931 16866 39913 14091 11169 32479 15843 13360 14375 31372 9640 15974 29250 22701 52897 26598 12776 19787 33563 13114 48346 54681 47531 28374 26698 11815

16807 14001 25640 30561 19556 22905 35602 25154 24505 9679 15763 18421 21255 29433 18478 8135 13451 20437 19232 20868 21699 23300 16271 32126 12619 23236 35094 17533 19253 39867 26303 19556 24957 32986 15933 12196 31041 23680 36455 30709 14579 16581 19881 23476 36497 38302 31816 27205 29842 13261

10299 7390 7031 8472 10011 6048 10492 6305 12559 6963 2542 3918 4743 8551 6856 7119 1531 4415 4164 10825 5152 8788 3062 9992 2712 6068 17458 3782 5031 13093 7754 4593 8294 9443 5401 2666 8664 5714 17692 8842 2599 3101 11362 8989 17709 17551 14924 13365 8184 4483

175305 136474 78453 73100 171987 74683 92515 36644 198000 139301 27445 23562 23034 89311 126332 141375 67935 11423 80376 182317 99603 144881 22846 118038 74042 56173 274079 32233 75211 159433 104768 53383 114834 79433 107218 81959 75663 36305 280374 79396 45918 72233 198000 150423 282712 269592 234531 216209 69254 97680

14104 10872 9452 10186 10309 8668 12441 7754 12529 10040 3542 5082 6005 10597 10274 10214 4313 5638 2061 14718 4237 12438 4123 12767 5635 7817 21789 5177 8073 16239 11122 6723 11726 11267 8646 5230 10401 7099 19186 10594 5350 2795 14964 12662 22071 18497 15556 17561 9863 7618

4719 4738 8597 11897 10320 7583 14113 10500 12031 6905 7254 7875 9152 10064 5467 6371 7005 8870 9277 3656 10130 6729 7312 10878 5869 8497 9506 7622 6695 13554 8172 7390 7707 13238 5406 7151 12428 9845 15675 11583 6547 8360 10130 5845 12180 16314 14559 5847 11614 5613

2204 1718 1581 1691 1302 1463 2030 1326 1635 1593 693 924 1063 1760 1628 1619 733 1008 555 2296 390 1953 780 2079 931 1335 3066 939 1298 2600 1756 1171 1846 1853 1384 871 1722 1227 2673 1752 889 505 2041 1987 3108 2532 2090 2723 1643 1229

33087 23443 23170 37575 50155 19559 48702 36072 57236 36022 26166 23493 30494 29263 14919 33813 25682 30655 35084 31815 38614 11166 22333 29102 20982 23524 56025 21214 17380 40178 17905 20255 15978 42538 17975 26288 39775 32512 74738 35911 21002 31291 49368 15978 67091 77038 67697 40884 36405 20830

29547 21819 12087 14277 30208 10393 19877 9670 34960 23989 3801 2252 5847 14071 19650 23844 11199 6260 13471 30993 16984 22873 0 19319 10703 8017 46945 2293 10145 26881 15889 6157 17728 16757 16158 13513 14856 7665 50147 14257 4959 11984 34713 24051 50189 48040 41634 36675 13492 14897

19258 15154 4883 8660 22473 5240 12851 10822 25140 18677 8930 6798 9435 4715 11943 18148 11947 9496 14265 19106 16203 11616 7106 3553 10898 5631 28226 6684 7117 7725 6509 5973 7911 10537 11924 12593 9496 9405 33421 7486 7881 13444 24198 13429 31946 32615 29081 22522 8227 12293

32600 22120 24063 31410 36263 20115 39682 24603 43406 26098 11050 13644 18976 29538 20197 24684 10012 17796 19495 34493 23056 27157 10541 33424 5270 20594 59259 12362 14845 44597 26668 15282 26495 35297 14936 10622 32488 21866 64743 31379 8099 15669 41636 27879 64804 63420 53958 43640 30250 11650

19133 14415 4124 7502 21736 4258 12148 8180 24693 17191 5611 2952 5851 5337 11613 17111 9697 5918 11525 19369 13673 12852 3268 8547 9073 1634 29479 2801 5623 13172 7620 3075 8745 9583 10952 10784 8420 6693 33190 6967 5560 10615 23935 14794 33148 32667 28750 23156 7022 11361

175156 190444 281463 355282 238383 258749 406770 325852 225170 205569 253234 264755 294457 314332 211356 210756 242970 289434 287742 170788 273327 239639 248102 332568 222222 279224 124051 257875 238875 392519 271962 254436 261534 380835 205405 233251 365874 308872 262243 348348 234998 267212 177231 219819 183947 276549 279934 151733 352989 210046

31417 23339 11056 15023 33379 9282 22113 11424 38298 25597 5582 2430 7436 13292 19279 25460 12766 7551 15708 32571 19387 22351 1601 18629 11698 6794 49650 800 9022 26549 15038 4846 16963 18384 18146 14626 16408 8878 52990 15002 5683 14150 36827 24738 53033 52629 45921 39055 14201 16091

22292 15532 8585 15815 27305 6079 22449 14122 31534 21286 7458 6609 10790 12212 11525 20448 11037 10887 16351 22629 18460 14092 5916 13959 8953 7422 37089 5247 2958 20575 9380 4675 9917 18779 10579 12122 17129 11995 44699 15038 5121 14086 30040 16086 42325 43386 37782 28046 15128 11164

35887 29205 12480 18630 41122 13061 25455 22151 45465 34940 19069 15598 19892 12207 23976 34080 23982 19991 27757 35640 30912 23444 16099 10314 22275 13699 50490 15413 16118 8049 15128 14256 17411 21687 23945 25034 19991 19843 58502 16718 17362 26420 43931 26395 56547 57636 51882 41202 17925 24545

12035 8916 3727 7937 15528 2988 11116 8229 17556 12413 5826 4628 6632 5471 6476 11884 7270 6678 9817 11792 10828 6101 4440 5425 6843 4123 18722 4120 3693 8596 2220 3580 3285 9358 7288 8021 8567 7210 23593 7374 4435 8731 16331 7478 21757 23235 20550 14388 7608 8162

16816 12300 4673 8907 19038 3674 13346 7880 21863 14695 4330 2861 5655 6838 9623 14610 7526 5719 9982 17041 12034 11338 2398 8891 6931 3300 26701 1952 3900 13310 6886 1199 7961 10895 8991 8573 9784 6460 29982 8388 3574 9112 21992 12670 30199 29780 26037 20660 8448 9382

33291 24043 13451 25678 45466 10386 35106 25927 51477 34720 17347 15249 21192 18623 16808 32845 22433 21329 29985 32571 32982 15695 14693 18486 19385 13751 53121 13742 10951 27888 8982 12141 7346 30148 19402 23889 27802 22904 67566 24266 14025 26766 46032 19779 62514 69570 61607 40269 24685 21808

946126 772783 372672 171891 941607 399465 229188 203364 1052973 801673 322800 261306 229995 336196 681269 810550 496143 258078 549405 987768 631719 728398 261790 467575 512606 298912 1361570 298428 451435 644793 516318 354111 575875 130895 640112 556184 145421 201588 1394657 221440 377998 514543 1052973 803126 1415639 1359472 1209370 1121245 178024 610899

11074 6516 9745 14620 17265 8055 18070 12049 20125 11582 7198 7592 9802 12191 5780 10692 6792 9607 10578 11927 12000 8559 6353 13369 4891 8961 21336 7495 5951 17830 10200 7109 9514 16229 3176 7028 15116 10875 27174 14096 5378 9051 16956 8848 24582 28075 24330 15579 14222 4326

15829 11730 12055 14909 14887 10463 18181 11400 18098 9950 5307 7379 8870 14516 10865 10202 3806 8340 7557 17293 9159 13994 5984 16447 4154 10495 26946 6793 8459 21470 13235 8116 13697 16483 8500 2992 15221 10444 27326 15353 4886 5837 17073 14319 27353 27097 22842 21406 14443 7022

260549 211357 97602 40426 259264 105128 73603 59561 291477 219479 83331 65940 56946 87232 185247 222003 132614 73007 147849 269818 171160 198738 65986 124584 137295 76540 378755 76494 119995 174969 138442 92233 155375 45566 173638 149685 32993 48961 388070 54606 99025 137846 290926 219984 394035 378067 335391 310337 42170 165240

137814 108160 60774 37261 137095 58008 63568 27330 156514 113056 30982 20497 15076 61549 97731 114578 60691 24757 69875 142959 83983 109515 20525 84066 63513 44425 209073 26860 58395 114439 80082 42378 87468 46721 85421 70981 39142 10262 214743 41936 40442 63900 156127 117123 218284 208713 182987 167828 34439 80359

45190 41683 54470 59493 29821 51403 65177 52117 27688 32544 40378 44494 47243 59211 47631 34351 38581 46820 37823 48504 35461 53659 42775 64357 39250 51465 40960 44335 48318 73399 57395 46882 55712 61907 44450 37012 59475 50292 21387 60630 40660 36889 30385 54285 34060 23696 24243 45428 59070 41092

22574 17974 7146 4104 23542 8089 8618 6428 26371 19848 7822 5211 5621 5744 15256 19762 12226 7047 13579 22804 15670 16305 5658 9081 11939 5543 32644 6154 9417 13583 10795 6937 12308 6121 14604 13612 4997 4907 35329 2829 8519 12693 26231 18261 35444 34157 30344 26490 3636 14436

80057 56481 38011 53182 85773 30699 70728 39587 100523 63100 15801 16494 27925 49316 49862 62659 25677 26917 44210 82915 51564 61965 10086 58183 22567 30846 133135 13847 23134 81255 43390 19877 47404 61209 39209 31140 55409 33472 142906 53119 5043 36309 95817 63289 143032 141855 122313 103360 50787 35364

58028 43758 39723 42962 45043 36260 52917 32225 54677 40086 13627 20427 24504 44777 41119 40854 14800 22884 13348 60736 18235 50669 16196 54356 20636 32504 91957 20846 31401 69686 44861 27673 47528 47737 33928 18849 43884 29335 84235 44763 19379 8098 61825 51661 93199 81191 68206 73289 41538 29391

11687 10319 16111 18256 9625 14832 20714 15620 8793 7559 11041 12598 13719 17960 12502 7885 9913 13320 12732 13667 11825 14853 11550 19329 10071 15090 13193 12158 13052 23103 16310 14031 15654 19439 11261 9301 18490 14901 14420 18590 10725 11440 5775 15097 13994 15320 12357 14935 17905 9951

19812 14312 16981 25818 30875 14743 32575 23312 35262 22118 16250 16268 19856 20756 9331 20750 16000 19556 21825 17087 24012 9543 14550 20656 13087 17100 32087 14856 12481 27518 13718 14262 12525 28893 11225 16375 27181 21506 46393 24875 13050 19475 30675 7275 38943 47856 42043 22706 25093 12993

107792 115691 168663 190737 120397 157010 210766 169251 113618 103562 131938 144628 153760 185526 134768 109304 122750 150511 145721 113954 138325 149278 136084 193650 124879 163256 89976 141042 142499 224408 164573 150483 160511 200373 123367 117764 192641 163396 108212 193454 129361 135188 93057 139110 68042 115551 117288 104178 187935 125748

50320 46673 57109 60151 29943 53921 66703 53124 27725 37172 40919 45381 48057 62039 52583 39050 40589 46994 38262 53765 35074 58814 42605 65905 40553 53307 45922 46572 49175 75966 59473 49220 61003 63303 49184 38958 60774 51227 25572 61352 42752 37291 34927 59519 38748 21302 24143 50567 59235 45803

13547 12443 15576 16502 7348 14610 18481 14368 6676 9565 10672 12024 12834 17069 14205 10134 10572 12512 9867 15145 8902 16103 11183 18240 10561 14424 14940 12384 13172 21287 16292 13186 16755 17451 13197 10078 16686 13794 8777 16860 11227 9573 9046 16305 12767 8172 5591 17640 16219 12151

1568 1572 2542 3371 2975 2287 3928 3020 3140 2117 2205 2361 2682 2911 1756 1983 2142 2611 2713 1300 2927 2073 2174 3115 1857 2517 2006 2297 2064 3788 2435 2239 2318 3664 1740 2179 3495 2856 3556 3292 2072 2483 2603 1850 2678 3717 4040 1087 3300 1792

101089 81178 34056 14036 101528 37057 34221 24448 114155 85625 31329 21905 20807 29883 69009 86632 50983 27212 57059 102699 66392 74352 23899 44780 51935 25656 147937 26114 42986 64873 50343 31915 56510 23076 66429 57791 18025 17622 155129 16909 36673 53106 114118 82825 155275 148907 131888 119151 11949 63080

7969 4856 7095 9693 10916 5941 11999 7886 12864 7029 4190 4847 6351 8766 4903 6421 3907 6030 6493 8552 7464 6801 4001 9570 2614 6560 14979 4498 4503 12617 7978 5294 7448 10753 3124 4073 9987 7090 17673 9684 3335 5450 10694 6998 17196 18323 15742 11047 9376 2000

0 1 40744
0 3 38311
0 4 27182
0 8 46981
0 10 12655
0 13 33265
0 15 15038
0 16 20462
0 17 60247
0 20 30883
0 22 37980
0 24 42643
0 25 39035
0 26 48170
0 27 68416
0 28 32897
0 29 40510
0 30 61916
0 32 34865
0 33 54599
0 35 40539
0 38 23417
0 40 11369
0 41 53833
0 42 51677
0 43 52258
0 44 51749
0 47 62208
0 48 13763
1 2 26024
1 3 13707
1 4 66310
1 5 50770
1 6 50184
1 7 49031
1 8 26585
1 9 41323
1 10 67750
1 11 17296
1 12 36804
1 16 26330
1 17 24378
1 18 43178
1 19 46117
1 20 43280
1 23 38229
1 24 26638
1 25 69785
1 27 60054
1 29 57805
1 32 39265
1 33 65860
1 34 62464
1 36 16843
1 37 69586
1 48 68921
2 3 35327
2 4 47685
2 6 66355
2 9 44478
2 10 23831
2 14 65802
2 17 65841
2 18 65011
2 19 48122
2 20 20186
2 21 39420
2 24 65915
2 27 30789
2 29 52156
2 30 37199
2 31 66702
2 33 14711
2 34 12808
2 36 68649
2 37 17211
2 40 49883
2 41 40778
2 42 41406
2 44 29488
2 45 40088
2 46 42608
2 48 39937
2 49 64772
3 5 57786
3 7 36946
3 9 35596
3 10 32130
3 12 69840
3 13 37316
3 14 13680
3 17 64562
3 18 31836
3 20 12020
3 21 31150
3 24 62907
3 26 65627
3 28 20547
3 29 40051
3 31 46359
3 32 27306
3 34 30986
3 38 53294
3 39 67208
3 40 22942
3 41 42010
3 43 42503
3 47 24767
4 6 29514
4 7 10480
4 8 58337
4 10 55675
4 11 67969
4 12 15274
4 13 55682
4 14 38474
4 17 20027
4 20 15941
4 22 30708
4 23 45703
4 26 63345
4 30 19585
4 31 67533
4 32 48471
4 35 64346
4 36 45482
4 39 26429
4 43 11416
4 44 13024
4 46 57607
4 47 45090
4 48 67697
4 49 20945
5 6 66834
5 7 61189
5 9 62711
5 10 64687
5 12 57756
5 14 14186
5 15 55704
5 17 33472
5 18 43060
5 20 67019
5 23 18738
5 25 62373
5 26 48168
5 27 63496
5 28 58977
5 29 19549
5 31 43657
5 32 25514
5 35 27104
5 36 47394
5 39 42586
5 41 58114
5 42 56821
5 43 14541
5 46 21812
5 48 10790
5 49 53472
6 7 30119
6 10 41325
6 11 59555
6 12 56534
6 13 26930
6 14 40344
6 15 69840
6 16 47631
6 18 57101
6 19 57146
6 20 20998
6 22 54921
6 23 23677
6 25 43797
6 26 54034
6 28 41836
6 29 40685
6 30 24992
6 35 40116
6 37 11716
6 38 14924
6 39 62978
6 40 10526
6 41 47196
6 42 16222
6 43 11554
6 44 62873
6 46 68777
6 47 60195
6 48 58499
6 49 39782
7 9 16915
7 10 43344
7 12 21412
7 13 20459
7 14 64635
7 15 47153
7 16 26283
7 19 61687
7 20 37450
7 21 34630
7 22 17404
7 23 18393
7 25 48176
7 26 45945
7 27 49055
7 29 18238
7 32 20033
7 33 67784
7 34 25650
7 35 47319
7 36 34996
7 37 41528
7 44 21350
7 45 27946
7 47 25742
7 48 40694
7 49 44206
8 10 39256
8 12 37040
8 13 15877
8 14 48638
8 15 52455
8 16 69160
8 18 41670
8 21 32400
8 22 38114
8 24 46816
8 26 17510
8 27 50514
8 30 35743
8 31 23162
8 36 59428
8 37 27719
8 39 35742
8 41 67452
8 43 35566
8 44 22041
8 46 28349
8 49 44207
9 10 31338
9 11 16030
9 12 49718
9 13 27826
9 16 46877
9 18 41317
9 19 61248
9 20 19133
9 24 14281
9 27 46031
9 30 60417
9 31 32893
9 34 39756
9 35 10735
9 36 54175
9 37 41210
9 38 18930
9 39 29712
9 41 26672
9 42 49428
9 48 40647
9 49 61835
10 11 17410
10 12 63864
10 15 13424
10 17 33952
10 19 62416
10 20 58401
10 21 56789
10 23 18496
10 24 51195
10 25 35420
10 26 22159
10 27 35756
10 32 63388
10 33 17274
10 34 24074
10 36 48026
10 37 30466
10 40 65274
10 41 48349
10 42 56349
10 43 27973
10 44 22679
10 47 25190
10 48 64901
11 12 54834
11 14 62108
11 17 51828
11 19 48646
11 20 41319
11 22 19172
11 24 41873
11 25 16151
11 26 12154
11 27 37460
11 29 47189
11 31 64712
11 34 40046
11 36 46560
11 37 35407
11 40 58135
11 41 50226
11 42 58781
11 43 15532
11 44 44555
11 47 48404
11 49 61946
12 14 33010
12 15 64466
12 16 26052
12 17 61029
12 18 25339
12 22 20267
12 23 24546
12 24 10682
12 27 63857
12 28 42051
12 30 57015
12 31 53457
12 34 14736
12 35 38716
12 37 66097
12 39 35237
12 40 54914
12 41 32153
12 42 60454
12 43 43850
12 44 41890
12 45 13613
12 46 31192
12 48 18207
12 49 66318
13 14 44662
13 15 18027
13 18 56450
13 19 41272
13 20 15540
13 21 60943
13 22 51663
13 23 65551
13 25 15308
13 26 57102
13 27 27334
13 30 39206
13 31 36514
13 33 15652
13 34 50394
13 38 39667
13 39 22055
13 43 46984
13 44 64935
13 45 40715
13 46 68400
13 47 67310
13 48 15225
13 49 58605
14 15 40372
14 16 47875
14 17 24329
14 18 12235
14 20 18750
14 21 29746
14 22 41569
14 24 12409
14 28 56784
14 29 29301
14 30 20983
14 34 10393
14 36 48268
14 38 19241
14 40 53410
14 42 49508
14 43 17532
14 44 19097
14 45 68081
14 46 29990
14 48 43662
14 49 24722
15 16 39687
15 17 69486
15 18 69466
15 19 44454
15 20 52289
15 21 33328
15 22 53465
15 23 13393
15 24 68951
15 26 57430
15 27 23254
15 28 42443
15 29 50846
15 31 41833
15 32 50608
15 33 44540
15 34 44864
15 35 11146
15 36 10798
15 37 58268
15 39 18086
15 40 27998
15 41 52521
15 42 64475
15 45 61815
15 46 63677
15 47 26645
15 48 50846
15 49 40247
16 17 49357
16 18 39934
16 20 25605
16 23 60993
16 24 34663
16 25 62934
16 26 63435
16 27 33005
16 34 44172
16 36 48989
16 39 42752
16 41 43296
16 43 39979
16 44 12274
16 45 25969
16 46 67849
16 48 53314
16 49 52715
17 19 20622
17 22 66638
17 24 45627
17 25 40849
17 26 23622
17 27 24741
17 28 34701
17 30 62359
17 32 18329
17 34 62828
17 35 62031
17 36 66234
17 37 61275
17 40 64398
17 41 13201
17 42 61703
17 44 68381
17 45 43233
17 46 67315
17 47 25497
17 49 66498
18 19 44975
18 20 67445
18 22 35828
18 23 46792
18 24 65764
18 25 52236
18 26 60750
18 27 41002
18 29 61425
18 30 34749
18 32 47872
18 33 40292
18 34 36053
18 35 36219
18 38 34930
18 39 43817
18 42 59909
18 43 53314
18 44 26826
18 45 40458
18 46 23578
18 47 25605
18 48 67927
19 22 49001
19 23 52617
19 25 43750
19 29 21520
19 32 38403
19 33 28148
19 34 31148
19 36 55328
19 38 10934
19 39 48464
19 40 60851
19 41 44926
19 42 42488
19 43 64849
19 44 37646
19 45 28282
19 46 23793
19 47 51173
19 49 19576
20 21 69137
20 22 51854
20 23 63836
20 26 38117
20 29 29192
20 30 67756
20 31 34998
20 34 29298
20 37 48501
20 38 49501
20 40 35430
20 41 32845
20 42 20151
20 43 52096
20 44 10393
20 45 28155
20 47 50986
20 49 48742
21 22 45872
21 23 45329
21 33 15656
21 34 46344
21 35 47282
21 36 22364
21 37 49989
21 40 46253
21 41 19353
21 42 27908
21 43 69350
21 45 63505
21 46 69802
21 47 48720
21 48 11311
22 23 24810
22 24 27009
22 25 28519
22 26 64398
22 27 67964
22 28 58773
22 29 29462
22 30 32606
22 33 63251
22 36 40416
22 37 62818
22 39 53864
22 41 43743
22 43 37104
22 44 23011
22 45 19019
22 46 65712
22 47 55372
22 48 49220
23 25 57958
23 27 34869
23 32 36278
23 34 44934
23 36 68400
23 37 19944
23 38 54348
23 39 32040
23 40 49756
23 43 67370
23 44 32426
23 45 47380
23 46 54803
23 47 52956
23 48 43887
24 25 10165
24 26 59786
24 27 10885
24 29 42222
24 31 26570
24 32 31265
24 33 16370
24 34 33837
24 35 23138
24 38 24287
24 41 59823
24 42 36775
24 43 60311
24 44 51890
24 45 24743
24 46 35427
24 47 37701
24 48 57468
24 49 20963
25 26 28142
25 30 47640
25 31 18427
25 33 48942
25 35 15117
25 37 45671
25 38 18834
25 42 65804
25 43 50743
25 45 11367
25 46 43430
25 47 31155
25 49 62822
26 29 43515
26 31 33863
26 33 21127
26 34 43684
26 35 34802
26 36 41784
26 37 50640
26 39 31383
26 41 69102
26 45 55314
26 46 48245
26 47 64938
26 48 53457
27 28 17320
27 29 40404
27 30 62993
27 32 64147
27 34 65231
27 35 18283
27 36 56414
27 37 32087
27 39 19470
27 41 41136
27 43 51077
27 45 34534
27 46 27609
27 47 23606
27 48 36654
28 29 32860
28 30 46494
28 32 11525
28 35 63271
28 38 47430
28 39 23745
28 40 15331
28 41 35996
28 43 60530
28 44 32294
28 45 51851
28 46 59039
28 48 58251
28 49 14312
29 31 15837
29 32 62808
29 35 13586
29 36 68199
29 38 29470
29 39 39102
29 40 37221
29 43 29729
29 44 10965
29 45 10124
29 46 44206
29 48 24870
30 32 42883
30 33 60837
30 35 64423
30 36 14494
30 37 10730
30 38 22910
30 40 50132
30 42 45598
30 43 66512
30 44 52441
30 45 48684
30 46 31364
30 47 17870
30 48 58126
31 32 67300
31 33 39637
31 36 41736
31 37 55111
31 38 50455
31 39 51482
31 41 13261
31 44 55453
31 45 42761
31 46 52760
31 49 54729
32 34 41863
32 35 37680
32 36 31272
32 37 55881
32 38 31767
32 39 11413
32 40 68640
32 41 21865
32 44 47228
32 45 16208
32 46 17747
32 47 32453
32 48 25301
32 49 32954
33 34 31348
33 35 16060
33 36 42669
33 37 29603
33 41 20809
33 44 41811
33 45 38917
33 46 54375
33 47 45126
33 48 21650
34 35 36227
34 36 45957
34 37 68212
34 38 66702
34 39 69038
34 41 28642
34 43 46365
34 45 42662
34 46 68219
34 47 20905
34 48 19743
35 37 65700
35 39 52222
35 40 35580
35 41 33505
35 45 13580
35 46 22372
35 47 60203
35 49 63075
36 37 17601
36 39 34779
36 41 44522
36 42 66041
36 43 34128
36 46 35759
36 47 47233
36 48 47219
36 49 55824
37 39 21755
37 40 53929
37 41 46435
37 42 41385
37 43 12821
37 47 18133
37 48 27089
37 49 44219
38 39 41962
38 40 10271
38 41 45493
38 43 59064
38 44 19163
38 45 50987
38 47 11268
38 49 66488
39 42 57889
39 44 22903
39 47 55368
40 42 34185
40 43 48924
40 45 37989
40 46 33905
40 47 61013
40 48 35155
40 49 30403
41 46 37962
41 47 26749
41 49 21190
42 43 62197
42 44 57476
42 45 53281
42 47 32206
42 49 36547
43 48 49446
43 49 43860
44 48 33394
45 47 69114
45 48 37685
46 47 53887
47 48 20869
47 49 12079
48 49 26283
