50 50 992
25000 25000 25000 25000 25000 25000 25000 25000 25000 25000 25000 25000 25000 25000 25000 25000 25000 25000 25000 25000 25000 25000 0 25000 25000 25000 25000 25000 25000 25000 25000 25000 25000 25000 25000 25000 25000 25000 25000 25000 25000 25000 25000 25000 25000 25000 25000 25000 25000 25000
2609 3292 6739 8933 6803 5984 10355 7650 8084 4246 5219 5776 6641 7816 4374 3847 5033 6429 6719 3660 7358 5396 5219 8345 4182 6387 7391 5542 5038 10349 6400 5558 6051 9568 3792 4898 9064 7159 11178 8697 4781 6033 6661 5299 8845 11656 9977 5301 8663 3947

2368 1148 3204 4509 4028 2752 5457 3845 4791 2504 2396 2628 3220 3859 1838 2266 2285 3117 3299 2596 3680 2582 2296 4205 1779 2994 5115 2491 2189 5399 3046 2499 2838 4940 1446 2351 4642 3507 6634 4369 2035 2890 3943 2607 5984 6919 5919 3574 4385 1538

38119 28711 4914 17161 44553 7030 26409 19622 50450 35490 13876 9147 14977 9987 21848 35330 20546 15111 25670 37312 29954 23679 9828 13734 19303 6568 57472 8895 11180 22957 12390 7341 15489 21294 21806 22713 18992 16657 67393 15523 12297 23856 48568 27686 66066 66973 59161 44864 16203 22621

94158 75406 32372 11548 94124 35112 29982 21024 105322 79267 29681 21275 20071 28595 64292 80186 47630 25921 53179 95094 61702 69206 23096 42165 48700 24701 135170 25118 40527 60515 47246 30416 52911 19804 61669 53847 15191 17163 141838 16712 34762 49569 105288 76944 142841 137025 121516 110118 12183 58878

1432 1277 1715 1883 566 1580 2152 1577 838 876 1061 1250 1363 1923 1524 955 1016 1318 949 1655 814 1789 1133 2087 1015 1583 2005 1269 1379 2512 1815 1381 1823 2008 1383 947 1901 1497 1685 1925 1108 908 1169 1798 2040 1600 1240 2003 1836 1237

29389 21549 6421 15994 35203 3514 23701 16197 40108 27663 10383 7483 12332 10627 15840 27251 15232 12444 20193 28704 23757 17769 7029 12654 13919 6260 45474 6253 6966 20326 9090 4947 10956 19446 15805 17035 17517 13730 54202 15093 8371 18684 38375 21102 52622 53852 47354 34986 15197 16483

181956 151443 81972 45118 179349 86890 28499 43134 199791 153664 65767 58805 48555 75277 138615 155294 97584 53176 107361 187467 122469 147325 56998 99391 102384 68433 259515 65619 96429 131920 108338 78565 118381 37594 126439 108605 40319 50569 262507 54213 78328 100962 199791 160389 266358 256048 228497 214099 46244 120958

70158 56137 33391 20160 68960 32030 26544 6370 78353 57158 16770 13571 8861 34044 51550 57907 31390 10985 35882 72690 42824 57376 12741 45125 33595 25346 105796 16702 32220 60071 42892 24339 46527 21820 44649 36454 21085 12128 107171 24366 22542 32942 78353 60248 108940 104203 91544 84928 20704 42130

1719 1555 2020 2186 797 1877 2480 1869 697 1127 1324 1525 1646 2242 1817 1211 1359 1593 1205 1956 1061 2099 1395 2416 1275 1880 1940 1538 1663 2869 2127 1665 2135 2327 1668 1203 2218 1789 1599 2239 1374 1156 1050 2109 1977 1509 1125 2149 2144 1511

1038 879 1459 1709 1024 1320 1995 1402 1305 464 869 1050 1181 1674 1133 546 738 1134 1066 1268 1206 1406 928 1875 768 1323 1950 999 1145 2314 1562 1115 1500 1846 988 667 1736 1318 1983 1748 832 916 1087 1416 1986 2088 1720 1628 1668 837

282030 211282 141015 156813 275986 123980 205925 104130 324205 216434 12638 46089 66146 165880 198300 220212 86408 58178 109075 294806 144106 241573 25277 212999 97536 105504 461992 48149 106122 288418 178793 81738 185456 180442 162789 111960 161484 89774 468792 165811 55499 94239 323380 245901 477721 453818 389938 356556 149807 140603

50691 38013 17684 20961 51754 16554 32069 15322 59686 41572 8429 1231 9073 20938 32781 41335 20566 9254 24295 52228 30058 37595 2463 29549 19775 11074 79235 3830 16712 41956 25571 10170 28589 26227 28724 24385 23131 11333 83247 20927 10350 21854 59166 41335 84557 81009 70500 62387 19673 26656

87703 68425 38207 29484 86090 36375 42477 15319 98955 70203 15832 11526 5185 43485 62653 71210 35513 11563 41561 91111 50906 70496 10371 57448 38482 27377 135275 15741 36631 77569 50998 26021 55891 35788 53362 42330 30731 11599 137529 32581 23565 37602 98735 74362 139911 133534 116492 107586 27615 49972

8994 7014 1953 3076 10270 2400 5044 4089 11525 8342 3428 2289 3530 1217 5553 8308 5162 3558 5938 8844 6878 5947 2434 2672 4897 1741 13134 2275 3283 4634 3544 2352 4204 3955 5544 5623 3465 3423 15131 2520 3406 5551 11125 6799 14963 15041 13379 10451 2868 5718

22109 13806 17181 27575 34163 13983 36054 25399 39559 23393 16297 15828 21148 21809 7310 21709 15513 20779 22678 21463 25368 12569 14621 24038 11931 16866 39913 14091 11169 32479 15843 13360 14375 31372 9640 15974 29250 22701 52897 26598 12776 19787 33563 13114 48346 54681 47531 28374 26698 11815

16807 14001 25640 30561 19556 22905 35602 25154 24505 9679 15763 18421 21255 29433 18478 8135 13451 20437 19232 20868 21699 23300 16271 32126 12619 23236 35094 17533 19253 39867 26303 19556 24957 32986 15933 12196 31041 23680 36455 30709 14579 16581 19881 23476 36497 38302 31816 27205 29842 13261

10299 7390 7031 8472 10011 6048 10492 6305 12559 6963 2542 3918 4743 8551 6856 7119 1531 4415 4164 10825 5152 8788 3062 9992 2712 6068 17458 3782 5031 13093 7754 4593 8294 9443 5401 2666 8664 5714 17692 8842 2599 3101 11362 8989 17709 17551 14924 13365 8184 4483

175305 136474 78453 73100 171987 74683 92515 36644 198000 139301 27445 23562 23034 89311 126332 141375 67935 11423 80376 182317 99603 144881 22846 118038 74042 56173 274079 32233 75211 159433 104768 53383 114834 79433 107218 81959 75663 36305 280374 79396 45918 72233 198000 150423 282712 269592 234531 216209 69254 97680

14104 10872 9452 10186 10309 8668 12441 7754 12529 10040 3542 5082 6005 10597 10274 10214 4313 5638 2061 14718 4237 12438 4123 12767 5635 7817 21789 5177 8073 16239 11122 6723 11726 11267 8646 5230 10401 7099 19186 10594 5350 2795 14964 12662 22071 18497 15556 17561 9863 7618

4719 4738 8597 11897 10320 7583 14113 10500 12031 6905 7254 7875 9152 10064 5467 6371 7005 8870 9277 3656 10130 6729 7312 10878 5869 8497 9506 7622 6695 13554 8172 7390 7707 13238 5406 7151 12428 9845 15675 11583 6547 8360 10130 5845 12180 16314 14559 5847 11614 5613

2204 1718 1581 1691 1302 1463 2030 1326 1635 1593 693 924 1063 1760 1628 1619 733 1008 555 2296 390 1953 780 2079 931 1335 3066 939 1298 2600 1756 1171 1846 1853 1384 871 1722 1227 2673 1752 889 505 2041 1987 3108 2532 2090 2723 1643 1229

33087 23443 23170 37575 50155 19559 48702 36072 57236 36022 26166 23493 30494 29263 14919 33813 25682 30655 35084 31815 38614 11166 22333 29102 20982 23524 56025 21214 17380 40178 17905 20255 15978 42538 17975 26288 39775 32512 74738 35911 21002 31291 49368 15978 67091 77038 67697 40884 36405 20830

29547 21819 12087 14277 30208 10393 19877 9670 34960 23989 3801 2252 5847 14071 19650 23844 11199 6260 13471 30993 16984 22873 0 19319 10703 8017 46945 2293 10145 26881 15889 6157 17728 16757 16158 13513 14856 7665 50147 14257 4959 11984 34713 24051 50189 48040 41634 36675 13492 14897

19258 15154 4883 8660 22473 5240 12851 10822 25140 18677 8930 6798 9435 4715 11943 18148 11947 9496 14265 19106 16203 11616 7106 3553 10898 5631 28226 6684 7117 7725 6509 5973 7911 10537 11924 12593 9496 9405 33421 7486 7881 13444 24198 13429 31946 32615 29081 22522 8227 12293

32600 22120 24063 31410 36263 20115 39682 24603 43406 26098 11050 13644 18976 29538 20197 24684 10012 17796 19495 34493 23056 27157 10541 33424 5270 20594 59259 12362 14845 44597 26668 15282 26495 35297 14936 10622 32488 21866 64743 31379 8099 15669 41636 27879 64804 63420 53958 43640 30250 11650

19133 14415 4124 7502 21736 4258 12148 8180 24693 17191 5611 2952 5851 5337 11613 17111 9697 5918 11525 19369 13673 12852 3268 8547 9073 1634 29479 2801 5623 13172 7620 3075 8745 9583 10952 10784 8420 6693 33190 6967 5560 10615 23935 14794 33148 32667 28750 23156 7022 11361

175156 190444 281463 355282 238383 258749 406770 325852 225170 205569 253234 264755 294457 314332 211356 210756 242970 289434 287742 170788 273327 239639 248102 332568 222222 279224 124051 257875 238875 392519 271962 254436 261534 380835 205405 233251 365874 308872 262243 348348 234998 267212 177231 219819 183947 276549 279934 151733 352989 210046

31417 23339 11056 15023 33379 9282 22113 11424 38298 25597 5582 2430 7436 13292 19279 25460 12766 7551 15708 32571 19387 22351 1601 18629 11698 6794 49650 800 9022 26549 15038 4846 16963 18384 18146 14626 16408 8878 52990 15002 5683 14150 36827 24738 53033 52629 45921 39055 14201 16091

22292 15532 8585 15815 27305 6079 22449 14122 31534 21286 7458 6609 10790 12212 11525 20448 11037 10887 16351 22629 18460 14092 5916 13959 8953 7422 37089 5247 2958 20575 9380 4675 9917 18779 10579 12122 17129 11995 44699 15038 5121 14086 30040 16086 42325 43386 37782 28046 15128 11164

35887 29205 12480 18630 41122 13061 25455 22151 45465 34940 19069 15598 19892 12207 23976 34080 23982 19991 27757 35640 30912 23444 16099 10314 22275 13699 50490 15413 16118 8049 15128 14256 17411 21687 23945 25034 19991 19843 58502 16718 17362 26420 43931 26395 56547 57636 51882 41202 17925 24545

12035 8916 3727 7937 15528 2988 11116 8229 17556 12413 5826 4628 6632 5471 6476 11884 7270 6678 9817 11792 10828 6101 4440 5425 6843 4123 18722 4120 3693 8596 2220 3580 3285 9358 7288 8021 8567 7210 23593 7374 4435 8731 16331 7478 21757 23235 20550 14388 7608 8162

16816 12300 4673 8907 19038 3674 13346 7880 21863 14695 4330 2861 5655 6838 9623 14610 7526 5719 9982 17041 12034 11338 2398 8891 6931 3300 26701 1952 3900 13310 6886 1199 7961 10895 8991 8573 9784 6460 29982 8388 3574 9112 21992 12670 30199 29780 26037 20660 8448 9382

33291 24043 13451 25678 45466 10386 35106 25927 51477 34720 17347 15249 21192 18623 16808 32845 22433 21329 29985 32571 32982 15695 14693 18486 19385 13751 53121 13742 10951 27888 8982 12141 7346 30148 19402 23889 27802 22904 67566 24266 14025 26766 46032 19779 62514 69570 61607 40269 24685 21808

946126 772783 372672 171891 941607 399465 229188 203364 1052973 801673 322800 261306 229995 336196 681269 810550 496143 258078 549405 987768 631719 728398 261790 467575 512606 298912 1361570 298428 451435 644793 516318 354111 575875 130895 640112 556184 145421 201588 1394657 221440 377998 514543 1052973 803126 1415639 1359472 1209370 1121245 178024 610899

11074 6516 9745 14620 17265 8055 18070 12049 20125 11582 7198 7592 9802 12191 5780 10692 6792 9607 10578 11927 12000 8559 6353 13369 4891 8961 21336 7495 5951 17830 10200 7109 9514 16229 3176 7028 15116 10875 27174 14096 5378 9051 16956 8848 24582 28075 24330 15579 14222 4326

15829 11730 12055 14909 14887 10463 18181 11400 18098 9950 5307 7379 8870 14516 10865 10202 3806 8340 7557 17293 9159 13994 5984 16447 4154 10495 26946 6793 8459 21470 13235 8116 13697 16483 8500 2992 15221 10444 27326 15353 4886 5837 17073 14319 27353 27097 22842 21406 14443 7022

260549 211357 97602 40426 259264 105128 73603 59561 291477 219479 83331 65940 56946 87232 185247 222003 132614 73007 147849 269818 171160 198738 65986 124584 137295 76540 378755 76494 119995 174969 138442 92233 155375 45566 173638 149685 32993 48961 388070 54606 99025 137846 290926 219984 394035 378067 335391 310337 42170 165240

137814 108160 60774 37261 137095 58008 63568 27330 156514 113056 30982 20497 15076 61549 97731 114578 60691 24757 69875 142959 83983 109515 20525 84066 63513 44425 209073 26860 58395 114439 80082 42378 87468 46721 85421 70981 39142 10262 214743 41936 40442 63900 156127 117123 218284 208713 182987 167828 34439 80359

45190 41683 54470 59493 29821 51403 65177 52117 27688 32544 40378 44494 47243 59211 47631 34351 38581 46820 37823 48504 35461 53659 42775 64357 39250 51465 40960 44335 48318 73399 57395 46882 55712 61907 44450 37012 59475 50292 21387 60630 40660 36889 30385 54285 34060 23696 24243 45428 59070 41092

22574 17974 7146 4104 23542 8089 8618 6428 26371 19848 7822 5211 5621 5744 15256 19762 12226 7047 13579 22804 15670 16305 5658 9081 11939 5543 32644 6154 9417 13583 10795 6937 12308 6121 14604 13612 4997 4907 35329 2829 8519 12693 26231 18261 35444 34157 30344 26490 3636 14436

80057 56481 38011 53182 85773 30699 70728 39587 100523 63100 15801 16494 27925 49316 49862 62659 25677 26917 44210 82915 51564 61965 10086 58183 22567 30846 133135 13847 23134 81255 43390 19877 47404 61209 39209 31140 55409 33472 142906 53119 5043 36309 95817 63289 143032 141855 122313 103360 50787 35364

58028 43758 39723 42962 45043 36260 52917 32225 54677 40086 13627 20427 24504 44777 41119 40854 14800 22884 13348 60736 18235 50669 16196 54356 20636 32504 91957 20846 31401 69686 44861 27673 47528 47737 33928 18849 43884 29335 84235 44763 19379 8098 61825 51661 93199 81191 68206 73289 41538 29391

11687 10319 16111 18256 9625 14832 20714 15620 8793 7559 11041 12598 13719 17960 12502 7885 9913 13320 12732 13667 11825 14853 11550 19329 10071 15090 13193 12158 13052 23103 16310 14031 15654 19439 11261 9301 18490 14901 14420 18590 10725 11440 5775 15097 13994 15320 12357 14935 17905 9951

19812 14312 16981 25818 30875 14743 32575 23312 35262 22118 16250 16268 19856 20756 9331 20750 16000 19556 21825 17087 24012 9543 14550 20656 13087 17100 32087 14856 12481 27518 13718 14262 12525 28893 11225 16375 27181 21506 46393 24875 13050 19475 30675 7275 38943 47856 42043 22706 25093 12993

107792 115691 168663 190737 120397 157010 210766 169251 113618 103562 131938 144628 153760 185526 134768 109304 122750 150511 145721 113954 138325 149278 136084 193650 124879 163256 89976 141042 142499 224408 164573 150483 160511 200373 123367 117764 192641 163396 108212 193454 129361 135188 93057 139110 68042 115551 117288 104178 187935 125748

50320 46673 57109 60151 29943 53921 66703 53124 27725 37172 40919 45381 48057 62039 52583 39050 40589 46994 38262 53765 35074 58814 42605 65905 40553 53307 45922 46572 49175 75966 59473 49220 61003 63303 49184 38958 60774 51227 25572 61352 42752 37291 34927 59519 38748 21302 24143 50567 59235 45803

13547 12443 15576 16502 7348 14610 18481 14368 6676 9565 10672 12024 12834 17069 14205 10134 10572 12512 9867 15145 8902 16103 11183 18240 10561 14424 14940 12384 13172 21287 16292 13186 16755 17451 13197 10078 16686 13794 8777 16860 11227 9573 9046 16305 12767 8172 5591 17640 16219 12151

1568 1572 2542 3371 2975 2287 3928 3020 3140 2117 2205 2361 2682 2911 1756 1983 2142 2611 2713 1300 2927 2073 2174 3115 1857 2517 2006 2297 2064 3788 2435 2239 2318 3664 1740 2179 3495 2856 3556 3292 2072 2483 2603 1850 2678 3717 4040 1087 3300 1792

101089 81178 34056 14036 101528 37057 34221 24448 114155 85625 31329 21905 20807 29883 69009 86632 50983 27212 57059 102699 66392 74352 23899 44780 51935 25656 147937 26114 42986 64873 50343 31915 56510 23076 66429 57791 18025 17622 155129 16909 36673 53106 114118 82825 155275 148907 131888 119151 11949 63080

7969 4856 7095 9693 10916 5941 11999 7886 12864 7029 4190 4847 6351 8766 4903 6421 3907 6030 6493 8552 7464 6801 4001 9570 2614 6560 14979 4498 4503 12617 7978 5294 7448 10753 3124 4073 9987 7090 17673 9684 3335 5450 10694 6998 17196 18323 15742 11047 9376 2000

0 1 37985
0 2 20440
0 3 64940
0 4 13376
0 6 44858
0 7 61393
0 8 30602
0 10 26975
0 11 39895
0 12 27142
0 13 25258
0 14 34647
0 15 38937
0 16 50798
0 17 13214
0 18 67974
0 19 56561
0 20 24078
0 21 20068
0 22 11148
0 23 41087
0 25 50281
0 28 27399
0 29 44624
0 30 48048
0 31 41836
0 32 42186
0 33 65435
0 35 50571
0 36 39877
0 37 12882
0 38 63423
0 39 10002
0 40 59295
0 41 63811
0 43 51315
0 44 38853
0 45 69306
0 47 23706
0 48 47740
0 49 48913
1 2 57426
1 3 64268
1 4 10873
1 6 13756
1 7 34906
1 8 30808
1 10 61898
1 12 49621
1 13 27816
1 14 28727
1 15 58303
1 16 17180
1 17 48723
1 18 20294
1 19 32949
1 20 33740
1 21 48426
1 22 32430
1 23 55043
1 25 15851
1 27 44101
1 28 45245
1 30 39413
1 31 46954
1 33 24289
1 35 63013
1 36 51231
1 37 62188
1 38 32578
1 39 43562
1 40 28270
1 41 18211
1 42 26392
1 43 60532
1 45 58747
1 47 53327
1 49 66633
2 3 59047
2 4 30656
2 5 50288
2 6 11215
2 7 28435
2 8 11703
2 9 39913
2 10 42544
2 11 19435
2 12 61106
2 14 24148
2 15 52839
2 16 38013
2 17 62842
2 18 32799
2 20 43722
2 21 49240
2 22 16686
2 23 63136
2 24 23159
2 25 62100
2 26 66063
2 27 64138
2 28 61851
2 30 55943
2 31 65122
2 32 34533
2 33 64948
2 34 63345
2 36 22601
2 37 63949
2 38 51832
2 39 18648
2 40 48461
2 41 52512
2 43 24927
2 44 45370
2 45 69761
2 46 24829
2 49 60838
3 4 55791
3 5 37322
3 6 49886
3 8 17708
3 9 66282
3 10 21770
3 13 13090
3 14 43497
3 15 21004
3 16 66044
3 17 51168
3 18 45314
3 19 48425
3 22 53761
3 23 49343
3 24 42440
3 25 13691
3 26 64957
3 27 52392
3 28 51256
3 29 19663
3 30 62034
3 31 51373
3 32 10919
3 33 69875
3 34 53132
3 35 31664
3 37 62080
3 38 26920
3 39 35625
3 40 27074
3 41 66212
3 42 63462
3 43 62318
3 44 23794
3 45 32556
3 46 26662
3 47 62219
3 48 52987
3 49 42280
4 5 59121
4 6 69443
4 7 63333
4 8 43313
4 10 68938
4 11 15935
4 14 60904
4 15 41828
4 16 68023
4 17 36354
4 18 23118
4 19 47440
4 20 37762
4 21 40508
4 22 18902
4 23 51337
4 24 17663
4 26 64268
4 27 50888
4 30 55085
4 31 39235
4 33 66681
4 34 58155
4 37 17811
4 38 69501
4 40 16361
4 41 41386
4 42 68804
4 44 54368
4 45 68974
4 46 36511
4 47 69156
4 48 40158
4 49 20429
5 6 57078
5 7 49514
5 8 52851
5 10 60662
5 11 11415
5 13 17776
5 14 47703
5 15 41562
5 16 43173
5 17 49701
5 18 21077
5 19 63572
5 20 33758
5 21 15612
5 22 69554
5 23 27651
5 24 50627
5 25 66550
5 26 13868
5 27 17605
5 29 25382
5 30 10754
5 31 20776
5 33 13059
5 34 48226
5 35 27099
5 36 47074
5 37 65528
5 38 25046
5 39 58081
5 40 56856
5 41 55903
5 42 57603
5 44 41560
5 45 33193
5 48 53496
5 49 28781
6 7 11980
6 8 37801
6 9 20415
6 11 37625
6 13 29023
6 14 59368
6 15 12475
6 16 60327
6 17 28384
6 18 68727
6 19 35381
6 20 23239
6 22 43087
6 23 27353
6 24 60779
6 26 29600
6 27 60064
6 29 67896
6 31 23516
6 32 58510
6 33 33285
6 34 24577
6 35 41640
6 38 21577
6 39 20546
6 40 40646
6 41 37502
6 42 23772
6 44 43372
6 45 20188
6 47 54437
6 48 43811
6 49 17212
7 8 60296
7 9 23863
7 10 34872
7 11 64531
7 15 15774
7 16 23747
7 17 30112
7 18 28891
7 19 37180
7 21 47369
7 22 46322
7 23 64897
7 24 66111
7 26 56407
7 27 45374
7 28 56536
7 29 55812
7 31 38273
7 32 44583
7 34 49703
7 36 44946
7 37 25868
7 38 48579
7 39 30103
7 40 61395
7 41 47739
7 43 69250
7 44 25127
7 46 11663
7 47 33712
7 48 59718
7 49 35274
8 9 35572
8 10 14004
8 11 29242
8 12 44903
8 14 23482
8 15 61673
8 16 42448
8 17 65179
8 18 22841
8 19 16572
8 20 51757
8 21 52335
8 25 22873
8 27 48445
8 28 43394
8 29 17500
8 31 28963
8 32 56102
8 33 21939
8 35 41317
8 36 51474
8 37 39502
8 39 57611
8 40 53517
8 41 63407
8 42 65365
8 43 27298
8 45 15556
8 46 52441
8 47 33197
8 49 53464
9 10 18388
9 12 63556
9 13 13426
9 14 46287
9 15 69429
9 16 30539
9 17 30987
9 18 11707
9 19 28885
9 21 53639
9 22 42492
9 23 57858
9 24 51337
9 27 14082
9 29 18787
9 30 58686
9 31 29951
9 34 48795
9 37 28256
9 38 66717
9 39 60080
9 41 65496
9 43 53354
9 44 66610
9 45 34670
9 46 60355
9 47 53376
9 48 10955
9 49 34059
10 11 19740
10 12 26638
10 13 26640
10 16 36412
10 17 22037
10 18 55040
10 20 51185
10 21 65343
10 22 67404
10 24 17872
10 25 26287
10 26 53818
10 27 46015
10 28 24500
10 30 41139
10 31 56423
10 32 45313
10 33 28222
10 34 19709
10 36 65231
10 37 45630
10 38 64750
10 39 39782
10 40 45114
10 41 31042
10 42 38902
10 44 51269
10 45 69497
10 46 28873
10 47 24019
10 48 32446
10 49 49320
11 13 59029
11 15 54260
11 16 62460
11 17 32244
11 18 56419
11 19 25140
11 20 42357
11 21 39328
11 22 37890
11 23 12661
11 24 23974
11 25 44375
11 26 25887
11 27 40029
11 28 60195
11 29 54236
11 30 55595
11 31 19425
11 32 31486
11 33 28080
11 34 52984
11 36 61694
11 37 47659
11 38 30357
11 39 54278
11 41 28517
11 43 44404
11 44 22956
11 45 44545
11 46 23848
11 47 13669
11 48 24956
12 14 22508
12 15 52314
12 16 19123
12 17 24547
12 19 21256
12 20 69903
12 21 59973
12 23 19253
12 24 17231
12 26 28128
12 27 58989
12 28 30304
12 29 12264
12 30 46925
12 31 37241
12 32 53908
12 33 33193
12 34 26573
12 35 43542
12 36 44070
12 37 25887
12 38 14569
12 39 19649
12 40 32351
12 41 42534
12 42 58494
12 43 14138
12 45 52754
12 48 37124
12 49 38257
13 15 32526
13 16 41484
13 17 23553
13 18 28569
13 19 15950
13 20 54560
13 21 43235
13 22 10162
13 23 10094
13 24 49996
13 26 68261
13 27 20041
13 28 17688
13 29 25415
13 30 52667
13 31 44823
13 32 42055
13 33 51944
13 34 12164
13 36 35302
13 38 44889
13 39 34730
13 40 38359
13 41 67007
13 42 46248
13 43 42284
13 44 47776
13 45 69807
13 49 49796
14 16 33391
14 18 35555
14 21 48253
14 22 12098
14 24 65461
14 25 14137
14 28 10442
14 29 13027
14 31 12835
14 33 31662
14 34 16255
14 35 62751
14 36 24394
14 37 17905
14 38 20337
14 39 68603
14 40 59916
14 42 55378
14 43 28542
14 44 59228
14 45 24641
14 47 39211
14 48 27494
14 49 52335
15 16 37554
15 17 34388
15 19 25134
15 20 25197
15 22 13015
15 24 62932
15 26 48310
15 27 47888
15 28 67491
15 29 29854
15 30 61474
15 31 17758
15 32 48743
15 34 52649
15 35 35216
15 36 68681
15 38 60230
15 39 36136
15 40 59923
15 41 56178
15 42 24071
15 43 23746
15 45 57590
15 46 59555
15 47 42953
16 17 40067
16 18 52750
16 19 15065
16 20 38376
16 21 11022
16 22 40328
16 24 33574
16 25 69496
16 26 34968
16 27 56944
16 28 28231
16 29 12656
16 30 28904
16 32 20229
16 33 60937
16 35 20040
16 36 47156
16 38 27254
16 39 46376
16 40 58590
16 41 57509
16 42 50642
16 43 43043
16 44 66910
16 45 58793
16 46 37118
16 47 55164
16 48 67518
16 49 37661
17 18 22042
17 19 44848
17 20 10557
17 21 61853
17 22 47292
17 23 28099
17 24 19376
17 25 56661
17 26 49222
17 27 66932
17 29 32077
17 30 57636
17 32 43234
17 33 52951
17 35 64993
17 36 54107
17 37 47558
17 38 50958
17 39 13310
17 40 59821
17 41 17619
17 43 43990
17 44 34614
17 46 55132
17 47 12234
17 49 59792
18 20 19095
18 21 19994
18 22 66604
18 23 39544
18 24 66471
18 25 52237
18 26 18746
18 27 28030
18 28 13840
18 29 60355
18 30 57554
18 31 24686
18 33 63273
18 35 53065
18 36 54002
18 37 66469
18 38 18952
18 39 47154
18 41 43625
18 42 55825
18 43 20449
18 45 36814
18 46 13433
18 47 35625
18 48 61152
18 49 10026
19 21 28186
19 22 63001
19 23 68106
19 24 61522
19 26 30947
19 28 34535
19 30 20360
19 31 20170
19 32 28542
19 33 12672
19 34 40506
19 36 68010
19 39 41249
19 40 40249
19 42 14707
19 43 40454
19 44 15285
19 45 61475
19 46 62289
19 48 12649
19 49 23194
20 22 36531
20 23 48333
20 24 60918
20 25 41400
20 26 63342
20 27 53480
20 28 40497
20 29 26153
20 30 52550
20 33 60713
20 34 37491
20 35 65961
20 36 68355
20 37 30062
20 39 56593
20 40 45764
20 41 65493
20 42 61383
20 43 43106
20 44 37556
20 46 21638
20 47 43686
20 48 12145
20 49 64729
21 22 17304
21 23 58564
21 24 15440
21 25 30690
21 26 15224
21 27 58448
21 28 16588
21 29 15292
21 30 22518
21 31 29459
21 33 16139
21 36 22669
21 37 33822
21 39 63032
21 40 15109
21 41 64348
21 42 51219
21 43 58756
21 44 32215
21 45 66243
21 46 68340
21 47 25156
21 49 20968
22 23 17827
22 25 22741
22 26 29365
22 27 12606
22 28 64733
22 29 64226
22 30 59938
22 31 69448
22 32 62669
22 33 40306
22 34 48113
22 35 53688
22 37 45196
22 38 65339
22 39 61378
22 41 68074
22 42 28408
22 43 50456
22 44 30582
22 45 39357
22 46 57736
22 47 26088
22 48 13158
22 49 21741
23 25 36206
23 26 53682
23 28 28878
23 29 22492
23 31 62010
23 32 38481
23 33 25779
23 34 11078
23 35 52855
23 36 52504
23 37 46708
23 39 10245
23 40 45213
23 41 37478
23 42 24544
23 43 65241
23 44 67348
23 45 66234
23 47 12994
23 48 26534
23 49 32471
24 26 69901
24 27 46603
24 28 14316
24 29 35582
24 31 35827
24 32 22288
24 33 26664
24 34 51413
24 35 29089
24 36 40559
24 37 17557
24 39 20551
24 40 67962
24 41 63776
24 42 22126
24 43 38440
24 44 16199
24 45 45700
24 46 14280
24 47 43960
24 49 10829
25 26 35264
25 27 16989
25 28 27213
25 30 11122
25 32 21673
25 33 19658
25 35 26286
25 36 23058
25 37 17260
25 38 40186
25 39 13743
25 40 42088
25 41 14284
25 42 24885
25 43 68768
25 44 67755
25 45 37046
25 46 59740
25 47 15954
25 48 26194
25 49 21094
26 27 37290
26 28 51128
26 29 34810
26 30 22311
26 31 54053
26 32 52166
26 33 16462
26 35 67700
26 36 34765
26 37 44971
26 39 56626
26 40 49099
26 41 58119
26 42 46842
26 43 64243
26 44 49297
26 45 67185
26 46 10112
26 47 58159
26 49 40325
27 29 63127
27 30 28769
27 31 61068
27 32 51666
27 33 47232
27 34 31989
27 37 57976
27 39 52219
27 40 47674
27 41 10792
27 42 40407
27 43 52644
27 45 59321
27 46 32317
27 47 63885
27 48 35495
27 49 30092
28 29 66611
28 30 58157
28 31 36360
28 32 27765
28 33 54855
28 35 34814
28 36 36851
28 37 58303
28 39 17299
28 40 36198
28 41 25764
28 42 25421
28 43 28657
28 44 64602
28 46 37566
28 47 22588
28 48 25139
28 49 26636
29 30 65529
29 31 25089
29 32 36597
29 33 68653
29 34 61903
29 35 68551
29 36 36153
29 37 42202
29 38 20594
29 39 19678
29 40 59158
29 41 62293
29 43 14881
29 44 51402
29 45 18583
29 46 57436
29 48 54131
29 49 43316
30 31 45564
30 34 28009
30 37 69913
30 38 18414
30 41 20723
30 42 60648
30 43 63976
30 44 52037
30 45 37531
30 46 43319
30 47 30644
30 48 15910
31 32 27826
31 33 29325
31 34 23541
31 35 20285
31 36 38132
31 37 34870
31 38 46024
31 39 34799
31 40 35795
31 41 29095
31 42 30174
31 43 58626
31 45 43872
31 46 42099
31 47 63103
31 48 43960
31 49 38010
32 33 48528
32 34 35243
32 35 34361
32 36 29854
32 37 50491
32 39 51962
32 40 27725
32 41 15540
32 43 64166
32 44 67036
32 45 49188
32 46 30524
32 47 24172
32 48 67278
33 35 24763
33 36 17142
33 37 25503
33 38 40265
33 39 68350
33 41 29147
33 42 61717
33 43 64533
33 44 65205
33 45 17492
33 46 60119
33 47 66471
34 36 55685
34 38 46801
34 39 61694
34 40 25992
34 41 68894
34 43 31451
34 44 22541
34 46 23581
34 47 27523
34 48 53548
34 49 18382
35 38 42431
35 39 54865
35 40 49887
35 41 23024
35 42 44807
35 43 18965
35 45 54212
35 47 15663
35 48 28402
35 49 47908
36 38 41784
36 39 69913
36 40 11855
36 42 53061
36 43 28051
36 44 33541
36 45 12244
36 46 60978
36 47 63988
36 48 50555
36 49 30508
37 38 22315
37 39 13239
37 40 19918
37 41 25404
37 42 59283
37 43 12549
37 44 44381
37 45 32637
37 47 27040
37 48 53796
37 49 10316
38 39 52309
38 41 28605
38 42 19861
38 43 13025
38 44 15284
38 45 15598
38 46 10116
38 47 27838
38 48 39880
39 40 14262
39 41 33527
39 42 39477
39 43 66129
39 44 41899
39 46 24208
39 47 36096
39 48 27145
39 49 58279
40 41 20838
40 42 49139
40 43 55119
40 45 12957
40 46 30023
40 48 10637
40 49 15776
41 42 37452
41 44 27077
41 45 13972
41 46 55156
41 47 52216
41 48 30338
41 49 52601
42 43 51715
42 44 66000
42 45 43988
42 46 34646
42 48 31021
42 49 45214
43 44 20970
43 45 19407
43 46 13687
43 47 41851
43 48 67258
43 49 29791
44 45 40186
44 46 54438
44 47 43066
44 48 52779
44 49 20003
45 46 65924
45 47 28281
45 48 60927
45 49 68569
46 47 60016
46 48 17133
46 49 57961
47 48 26357
47 49 55455
48 49 54135
