50 50 735
25000 25000 25000 25000 25000 25000 25000 25000 25000 25000 25000 25000 25000 25000 25000 25000 25000 25000 25000 25000 25000 25000 0 25000 25000 25000 25000 25000 25000 25000 25000 25000 25000 25000 25000 25000 25000 25000 25000 25000 25000 25000 25000 25000 25000 25000 25000 25000 25000 25000
2609 3292 6739 8933 6803 5984 10355 7650 8084 4246 5219 5776 6641 7816 4374 3847 5033 6429 6719 3660 7358 5396 5219 8345 4182 6387 7391 5542 5038 10349 6400 5558 6051 9568 3792 4898 9064 7159 11178 8697 4781 6033 6661 5299 8845 11656 9977 5301 8663 3947

2368 1148 3204 4509 4028 2752 5457 3845 4791 2504 2396 2628 3220 3859 1838 2266 2285 3117 3299 2596 3680 2582 2296 4205 1779 2994 5115 2491 2189 5399 3046 2499 2838 4940 1446 2351 4642 3507 6634 4369 2035 2890 3943 2607 5984 6919 5919 3574 4385 1538

38119 28711 4914 17161 44553 7030 26409 19622 50450 35490 13876 9147 14977 9987 21848 35330 20546 15111 25670 37312 29954 23679 9828 13734 19303 6568 57472 8895 11180 22957 12390 7341 15489 21294 21806 22713 18992 16657 67393 15523 12297 23856 48568 27686 66066 66973 59161 44864 16203 22621

94158 75406 32372 11548 94124 35112 29982 21024 105322 79267 29681 21275 20071 28595 64292 80186 47630 25921 53179 95094 61702 69206 23096 42165 48700 24701 135170 25118 40527 60515 47246 30416 52911 19804 61669 53847 15191 17163 141838 16712 34762 49569 105288 76944 142841 137025 121516 110118 12183 58878

1432 1277 1715 1883 566 1580 2152 1577 838 876 1061 1250 1363 1923 1524 955 1016 1318 949 1655 814 1789 1133 2087 1015 1583 2005 1269 1379 2512 1815 1381 1823 2008 1383 947 1901 1497 1685 1925 1108 908 1169 1798 2040 1600 1240 2003 1836 1237

29389 21549 6421 15994 35203 3514 23701 16197 40108 27663 10383 7483 12332 10627 15840 27251 15232 12444 20193 28704 23757 17769 7029 12654 13919 6260 45474 6253 6966 20326 9090 4947 10956 19446 15805 17035 17517 13730 54202 15093 8371 18684 38375 21102 52622 53852 47354 34986 15197 16483

181956 151443 81972 45118 179349 86890 28499 43134 199791 153664 65767 58805 48555 75277 138615 155294 97584 53176 107361 187467 122469 147325 56998 99391 102384 68433 259515 65619 96429 131920 108338 78565 118381 37594 126439 108605 40319 50569 262507 54213 78328 100962 199791 160389 266358 256048 228497 214099 46244 120958

70158 56137 33391 20160 68960 32030 26544 6370 78353 57158 16770 13571 8861 34044 51550 57907 31390 10985 35882 72690 42824 57376 12741 45125 33595 25346 105796 16702 32220 60071 42892 24339 46527 21820 44649 36454 21085 12128 107171 24366 22542 32942 78353 60248 108940 104203 91544 84928 20704 42130

1719 1555 2020 2186 797 1877 2480 1869 697 1127 1324 1525 1646 2242 1817 1211 1359 1593 1205 1956 1061 2099 1395 2416 1275 1880 1940 1538 1663 2869 2127 1665 2135 2327 1668 1203 2218 1789 1599 2239 1374 1156 1050 2109 1977 1509 1125 2149 2144 1511

1038 879 1459 1709 1024 1320 1995 1402 1305 464 869 1050 1181 1674 1133 546 738 1134 1066 1268 1206 1406 928 1875 768 1323 1950 999 1145 2314 1562 1115 1500 1846 988 667 1736 1318 1983 1748 832 916 1087 1416 1986 2088 1720 1628 1668 837

282030 211282 141015 156813 275986 123980 205925 104130 324205 216434 12638 46089 66146 165880 198300 220212 86408 58178 109075 294806 144106 241573 25277 212999 97536 105504 461992 48149 106122 288418 178793 81738 185456 180442 162789 111960 161484 89774 468792 165811 55499 94239 323380 245901 477721 453818 389938 356556 149807 140603

50691 38013 17684 20961 51754 16554 32069 15322 59686 41572 8429 1231 9073 20938 32781 41335 20566 9254 24295 52228 30058 37595 2463 29549 19775 11074 79235 3830 16712 41956 25571 10170 28589 26227 28724 24385 23131 11333 83247 20927 10350 21854 59166 41335 84557 81009 70500 62387 19673 26656

87703 68425 38207 29484 86090 36375 42477 15319 98955 70203 15832 11526 5185 43485 62653 71210 35513 11563 41561 91111 50906 70496 10371 57448 38482 27377 135275 15741 36631 77569 50998 26021 55891 35788 53362 42330 30731 11599 137529 32581 23565 37602 98735 74362 139911 133534 116492 107586 27615 49972

8994 7014 1953 3076 10270 2400 5044 4089 11525 8342 3428 2289 3530 1217 5553 8308 5162 3558 5938 8844 6878 5947 2434 2672 4897 1741 13134 2275 3283 4634 3544 2352 4204 3955 5544 5623 3465 3423 15131 2520 3406 5551 11125 6799 14963 15041 13379 10451 2868 5718

22109 13806 17181 27575 34163 13983 36054 25399 39559 23393 16297 15828 21148 21809 7310 21709 15513 20779 22678 21463 25368 12569 14621 24038 11931 16866 39913 14091 11169 32479 15843 13360 14375 31372 9640 15974 29250 22701 52897 26598 12776 19787 33563 13114 48346 54681 47531 28374 26698 11815

16807 14001 25640 30561 19556 22905 35602 25154 24505 9679 15763 18421 21255 29433 18478 8135 13451 20437 19232 20868 21699 23300 16271 32126 12619 23236 35094 17533 19253 39867 26303 19556 24957 32986 15933 12196 31041 23680 36455 30709 14579 16581 19881 23476 36497 38302 31816 27205 29842 13261

10299 7390 7031 8472 10011 6048 10492 6305 12559 6963 2542 3918 4743 8551 6856 7119 1531 4415 4164 10825 5152 8788 3062 9992 2712 6068 17458 3782 5031 13093 7754 4593 8294 9443 5401 2666 8664 5714 17692 8842 2599 3101 11362 8989 17709 17551 14924 13365 8184 4483

175305 136474 78453 73100 171987 74683 92515 36644 198000 139301 27445 23562 23034 89311 126332 141375 67935 11423 80376 182317 99603 144881 22846 118038 74042 56173 274079 32233 75211 159433 104768 53383 114834 79433 107218 81959 75663 36305 280374 79396 45918 72233 198000 150423 282712 269592 234531 216209 69254 97680

14104 10872 9452 10186 10309 8668 12441 7754 12529 10040 3542 5082 6005 10597 10274 10214 4313 5638 2061 14718 4237 12438 4123 12767 5635 7817 21789 5177 8073 16239 11122 6723 11726 11267 8646 5230 10401 7099 19186 10594 5350 2795 14964 12662 22071 18497 15556 17561 9863 7618

4719 4738 8597 11897 10320 7583 14113 10500 12031 6905 7254 7875 9152 10064 5467 6371 7005 8870 9277 3656 10130 6729 7312 10878 5869 8497 9506 7622 6695 13554 8172 7390 7707 13238 5406 7151 12428 9845 15675 11583 6547 8360 10130 5845 12180 16314 14559 5847 11614 5613

2204 1718 1581 1691 1302 1463 2030 1326 1635 1593 693 924 1063 1760 1628 1619 733 1008 555 2296 390 1953 780 2079 931 1335 3066 939 1298 2600 1756 1171 1846 1853 1384 871 1722 1227 2673 1752 889 505 2041 1987 3108 2532 2090 2723 1643 1229

33087 23443 23170 37575 50155 19559 48702 36072 57236 36022 26166 23493 30494 29263 14919 33813 25682 30655 35084 31815 38614 11166 22333 29102 20982 23524 56025 21214 17380 40178 17905 20255 15978 42538 17975 26288 39775 32512 74738 35911 21002 31291 49368 15978 67091 77038 67697 40884 36405 20830

29547 21819 12087 14277 30208 10393 19877 9670 34960 23989 3801 2252 5847 14071 19650 23844 11199 6260 13471 30993 16984 22873 0 19319 10703 8017 46945 2293 10145 26881 15889 6157 17728 16757 16158 13513 14856 7665 50147 14257 4959 11984 34713 24051 50189 48040 41634 36675 13492 14897

19258 15154 4883 8660 22473 5240 12851 10822 25140 18677 8930 6798 9435 4715 11943 18148 11947 9496 14265 19106 16203 11616 7106 3553 10898 5631 28226 6684 7117 7725 6509 5973 7911 10537 11924 12593 9496 9405 33421 7486 7881 13444 24198 13429 31946 32615 29081 22522 8227 12293

32600 22120 24063 31410 36263 20115 39682 24603 43406 26098 11050 13644 18976 29538 20197 24684 10012 17796 19495 34493 23056 27157 10541 33424 5270 20594 59259 12362 14845 44597 26668 15282 26495 35297 14936 10622 32488 21866 64743 31379 8099 15669 41636 27879 64804 63420 53958 43640 30250 11650

19133 14415 4124 7502 21736 4258 12148 8180 24693 17191 5611 2952 5851 5337 11613 17111 9697 5918 11525 19369 13673 12852 3268 8547 9073 1634 29479 2801 5623 13172 7620 3075 8745 9583 10952 10784 8420 6693 33190 6967 5560 10615 23935 14794 33148 32667 28750 23156 7022 11361

175156 190444 281463 355282 238383 258749 406770 325852 225170 205569 253234 264755 294457 314332 211356 210756 242970 289434 287742 170788 273327 239639 248102 332568 222222 279224 124051 257875 238875 392519 271962 254436 261534 380835 205405 233251 365874 308872 262243 348348 234998 267212 177231 219819 183947 276549 279934 151733 352989 210046

31417 23339 11056 15023 33379 9282 22113 11424 38298 25597 5582 2430 7436 13292 19279 25460 12766 7551 15708 32571 19387 22351 1601 18629 11698 6794 49650 800 9022 26549 15038 4846 16963 18384 18146 14626 16408 8878 52990 15002 5683 14150 36827 24738 53033 52629 45921 39055 14201 16091

22292 15532 8585 15815 27305 6079 22449 14122 31534 21286 7458 6609 10790 12212 11525 20448 11037 10887 16351 22629 18460 14092 5916 13959 8953 7422 37089 5247 2958 20575 9380 4675 9917 18779 10579 12122 17129 11995 44699 15038 5121 14086 30040 16086 42325 43386 37782 28046 15128 11164

35887 29205 12480 18630 41122 13061 25455 22151 45465 34940 19069 15598 19892 12207 23976 34080 23982 19991 27757 35640 30912 23444 16099 10314 22275 13699 50490 15413 16118 8049 15128 14256 17411 21687 23945 25034 19991 19843 58502 16718 17362 26420 43931 26395 56547 57636 51882 41202 17925 24545

12035 8916 3727 7937 15528 2988 11116 8229 17556 12413 5826 4628 6632 5471 6476 11884 7270 6678 9817 11792 10828 6101 4440 5425 6843 4123 18722 4120 3693 8596 2220 3580 3285 9358 7288 8021 8567 7210 23593 7374 4435 8731 16331 7478 21757 23235 20550 14388 7608 8162

16816 12300 4673 8907 19038 3674 13346 7880 21863 14695 4330 2861 5655 6838 9623 14610 7526 5719 9982 17041 12034 11338 2398 8891 6931 3300 26701 1952 3900 13310 6886 1199 7961 10895 8991 8573 9784 6460 29982 8388 3574 9112 21992 12670 30199 29780 26037 20660 8448 9382

33291 24043 13451 25678 45466 10386 35106 25927 51477 34720 17347 15249 21192 18623 16808 32845 22433 21329 29985 32571 32982 15695 14693 18486 19385 13751 53121 13742 10951 27888 8982 12141 7346 30148 19402 23889 27802 22904 67566 24266 14025 26766 46032 19779 62514 69570 61607 40269 24685 21808

946126 772783 372672 171891 941607 399465 229188 203364 1052973 801673 322800 261306 229995 336196 681269 810550 496143 258078 549405 987768 631719 728398 261790 467575 512606 298912 1361570 298428 451435 644793 516318 354111 575875 130895 640112 556184 145421 201588 1394657 221440 377998 514543 1052973 803126 1415639 1359472 1209370 1121245 178024 610899

11074 6516 9745 14620 17265 8055 18070 12049 20125 11582 7198 7592 9802 12191 5780 10692 6792 9607 10578 11927 12000 8559 6353 13369 4891 8961 21336 7495 5951 17830 10200 7109 9514 16229 3176 7028 15116 10875 27174 14096 5378 9051 16956 8848 24582 28075 24330 15579 14222 4326

15829 11730 12055 14909 14887 10463 18181 11400 18098 9950 5307 7379 8870 14516 10865 10202 3806 8340 7557 17293 9159 13994 5984 16447 4154 10495 26946 6793 8459 21470 13235 8116 13697 16483 8500 2992 15221 10444 27326 15353 4886 5837 17073 14319 27353 27097 22842 21406 14443 7022

260549 211357 97602 40426 259264 105128 73603 59561 291477 219479 83331 65940 56946 87232 185247 222003 132614 73007 147849 269818 171160 198738 65986 124584 137295 76540 378755 76494 119995 174969 138442 92233 155375 45566 173638 149685 32993 48961 388070 54606 99025 137846 290926 219984 394035 378067 335391 310337 42170 165240

137814 108160 60774 37261 137095 58008 63568 27330 156514 113056 30982 20497 15076 61549 97731 114578 60691 24757 69875 142959 83983 109515 20525 84066 63513 44425 209073 26860 58395 114439 80082 42378 87468 46721 85421 70981 39142 10262 214743 41936 40442 63900 156127 117123 218284 208713 182987 167828 34439 80359

45190 41683 54470 59493 29821 51403 65177 52117 27688 32544 40378 44494 47243 59211 47631 34351 38581 46820 37823 48504 35461 53659 42775 64357 39250 51465 40960 44335 48318 73399 57395 46882 55712 61907 44450 37012 59475 50292 21387 60630 40660 36889 30385 54285 34060 23696 24243 45428 59070 41092

22574 17974 7146 4104 23542 8089 8618 6428 26371 19848 7822 5211 5621 5744 15256 19762 12226 7047 13579 22804 15670 16305 5658 9081 11939 5543 32644 6154 9417 13583 10795 6937 12308 6121 14604 13612 4997 4907 35329 2829 8519 12693 26231 18261 35444 34157 30344 26490 3636 14436

80057 56481 38011 53182 85773 30699 70728 39587 100523 63100 15801 16494 27925 49316 49862 62659 25677 26917 44210 82915 51564 61965 10086 58183 22567 30846 133135 13847 23134 81255 43390 19877 47404 61209 39209 31140 55409 33472 142906 53119 5043 36309 95817 63289 143032 141855 122313 103360 50787 35364

58028 43758 39723 42962 45043 36260 52917 32225 54677 40086 13627 20427 24504 44777 41119 40854 14800 22884 13348 60736 18235 50669 16196 54356 20636 32504 91957 20846 31401 69686 44861 27673 47528 47737 33928 18849 43884 29335 84235 44763 19379 8098 61825 51661 93199 81191 68206 73289 41538 29391

11687 10319 16111 18256 9625 14832 20714 15620 8793 7559 11041 12598 13719 17960 12502 7885 9913 13320 12732 13667 11825 14853 11550 19329 10071 15090 13193 12158 13052 23103 16310 14031 15654 19439 11261 9301 18490 14901 14420 18590 10725 11440 5775 15097 13994 15320 12357 14935 17905 9951

19812 14312 16981 25818 30875 14743 32575 23312 35262 22118 16250 16268 19856 20756 9331 20750 16000 19556 21825 17087 24012 9543 14550 20656 13087 17100 32087 14856 12481 27518 13718 14262 12525 28893 11225 16375 27181 21506 46393 24875 13050 19475 30675 7275 38943 47856 42043 22706 25093 12993

107792 115691 168663 190737 120397 157010 210766 169251 113618 103562 131938 144628 153760 185526 134768 109304 122750 150511 145721 113954 138325 149278 136084 193650 124879 163256 89976 141042 142499 224408 164573 150483 160511 200373 123367 117764 192641 163396 108212 193454 129361 135188 93057 139110 68042 115551 117288 104178 187935 125748

50320 46673 57109 60151 29943 53921 66703 53124 27725 37172 40919 45381 48057 62039 52583 39050 40589 46994 38262 53765 35074 58814 42605 65905 40553 53307 45922 46572 49175 75966 59473 49220 61003 63303 49184 38958 60774 51227 25572 61352 42752 37291 34927 59519 38748 21302 24143 50567 59235 45803

13547 12443 15576 16502 7348 14610 18481 14368 6676 9565 10672 12024 12834 17069 14205 10134 10572 12512 9867 15145 8902 16103 11183 18240 10561 14424 14940 12384 13172 21287 16292 13186 16755 17451 13197 10078 16686 13794 8777 16860 11227 9573 9046 16305 12767 8172 5591 17640 16219 12151

1568 1572 2542 3371 2975 2287 3928 3020 3140 2117 2205 2361 2682 2911 1756 1983 2142 2611 2713 1300 2927 2073 2174 3115 1857 2517 2006 2297 2064 3788 2435 2239 2318 3664 1740 2179 3495 2856 3556 3292 2072 2483 2603 1850 2678 3717 4040 1087 3300 1792

101089 81178 34056 14036 101528 37057 34221 24448 114155 85625 31329 21905 20807 29883 69009 86632 50983 27212 57059 102699 66392 74352 23899 44780 51935 25656 147937 26114 42986 64873 50343 31915 56510 23076 66429 57791 18025 17622 155129 16909 36673 53106 114118 82825 155275 148907 131888 119151 11949 63080

7969 4856 7095 9693 10916 5941 11999 7886 12864 7029 4190 4847 6351 8766 4903 6421 3907 6030 6493 8552 7464 6801 4001 9570 2614 6560 14979 4498 4503 12617 7978 5294 7448 10753 3124 4073 9987 7090 17673 9684 3335 5450 10694 6998 17196 18323 15742 11047 9376 2000

5 35 54993
40 42 46421
24 35 34422
11 23 61022
30 33 30369
5 40 22714
13 49 17579
20 39 22844
17 49 23740
2 34 60870
19 28 59514
2 47 36409
10 14 57646
16 18 45697
19 44 58533
27 40 54845
26 33 29823
14 42 48460
16 45 27634
15 38 33612
30 34 55118
28 38 16048
2 29 55861
12 41 43316
5 12 23132
6 40 60810
23 48 69285
17 29 64423
0 12 44158
0 43 20002
8 15 67023
15 24 41293
43 47 56423
42 44 31444
33 49 32315
32 38 16791
27 35 56301
46 47 39894
24 28 41778
18 45 10040
12 42 30763
8 49 31291
0 24 36449
2 22 30552
21 31 66988
2 35 37125
20 42 27539
6 42 38953
15 18 27727
11 27 57316
13 22 62566
20 27 12844
2 42 63365
1 43 60569
14 43 58304
35 45 28639
3 15 51378
14 48 57588
8 46 23061
3 22 37678
17 42 67590
21 35 20083
7 17 68972
16 26 54013
12 15 53671
11 13 31286
40 41 12946
13 20 39971
16 22 61180
19 30 44725
29 46 40012
19 22 34086
3 8 18158
9 28 18603
20 48 66781
0 44 15146
25 28 57871
3 39 36462
8 37 56242
16 24 15598
39 42 23777
11 48 48807
33 45 30585
9 34 17141
15 30 51518
21 48 18888
26 27 47923
20 44 32896
18 44 66476
8 23 13127
1 21 60574
13 31 16208
3 7 35353
2 41 59545
15 28 12363
19 35 19023
22 41 32973
13 35 15309
25 40 61138
25 37 36296
7 44 62177
9 46 43292
3 19 60382
16 47 10335
36 39 51895
2 8 69305
9 45 27624
19 42 39766
23 33 35766
6 24 13865
34 43 57507
23 41 61686
3 36 52673
44 47 18091
7 13 20970
2 48 46333
6 47 26980
0 28 58893
0 25 69229
27 46 35598
12 45 62020
12 13 11945
24 48 41806
18 37 27373
9 17 13632
9 10 44169
0 46 48539
35 41 36606
19 24 61622
13 24 39676
38 49 62902
27 41 53798
16 34 12967
30 32 65426
20 25 54133
6 26 67006
33 48 16872
0 35 11756
41 48 48914
11 44 42638
2 31 27765
40 44 36420
18 19 34323
3 13 22580
6 23 56654
25 32 57436
11 35 58913
29 43 13633
26 38 46329
20 40 58142
29 32 51375
21 40 50491
24 46 60087
29 33 23180
18 28 67864
22 39 63719
15 48 69493
2 24 58546
7 21 42467
14 21 61114
20 22 28221
3 35 35368
26 45 44911
18 48 43332
11 36 42936
10 48 41187
9 25 40337
24 34 49808
21 28 42943
43 46 31393
15 49 22445
3 23 12850
36 38 57813
38 40 58912
20 33 25430
13 48 56609
23 47 46347
29 39 14343
4 23 60243
4 12 34818
16 30 62485
0 31 53760
23 24 15309
9 33 64714
19 43 66940
1 33 25315
7 26 10574
16 19 18574
17 21 13860
2 17 43042
8 34 69688
8 47 44225
33 41 68410
28 34 56742
17 33 29699
26 32 53489
14 19 27928
0 19 12178
21 41 33296
6 33 13013
24 25 33571
9 36 57885
7 8 15864
29 34 21383
32 36 46796
23 37 31294
19 21 67992
29 45 35285
19 31 35637
23 45 10376
12 19 12246
20 36 40264
7 29 66279
23 32 17555
11 16 34977
8 39 15361
18 47 32870
9 23 35552
1 32 23935
26 30 48874
14 38 20736
35 49 23623
3 37 35241
32 42 31288
24 45 22507
2 26 54940
29 37 14776
30 41 40435
23 28 69261
25 41 38073
0 32 43448
11 17 32831
0 18 25957
1 48 61455
15 42 56357
5 20 14895
11 22 22749
0 10 66491
17 35 52323
33 42 60529
17 36 19010
2 30 54569
2 44 30793
21 32 15288
26 40 62124
23 29 67913
6 19 20649
5 21 37137
9 43 45607
10 25 34585
44 45 28153
24 37 56343
10 37 60351
16 28 65537
11 37 17631
31 39 12857
42 43 62619
24 47 22407
4 26 55435
19 23 61879
15 27 50480
13 42 41025
0 36 24709
17 18 18579
1 25 32480
6 13 11065
8 11 35617
10 23 57372
6 10 67556
25 26 17940
17 41 60043
1 40 16565
9 47 62509
7 12 20835
17 22 21854
1 27 66776
16 27 30891
5 47 44646
30 45 46055
18 23 66498
7 9 69231
38 41 16350
1 29 52841
26 39 11723
11 42 11886
11 34 60472
16 49 26723
1 30 64505
8 30 12878
3 17 24300
36 37 56383
3 48 65502
22 44 55326
12 22 23234
25 27 26223
15 46 29948
43 49 24299
29 49 51841
20 34 29462
7 42 33997
10 19 59781
27 37 19504
19 27 40563
12 17 64432
5 19 30340
5 17 64560
4 40 13349
26 42 63374
37 39 39205
15 23 61547
12 25 59871
22 38 50579
28 31 67897
28 29 42711
41 47 64445
6 12 21925
24 30 33182
10 41 21168
14 18 16429
24 27 48204
39 41 35468
28 45 14954
19 40 43705
24 42 32936
2 43 40331
3 41 12070
2 19 52884
26 49 54630
31 36 53911
10 34 12345
1 42 30770
17 30 55834
11 28 21850
17 27 13475
10 30 62409
27 30 54333
22 32 68035
22 40 65758
45 47 47706
15 22 49382
0 29 57305
3 42 37576
7 19 42103
20 21 67344
16 17 22430
23 49 36548
35 48 19269
27 33 45612
0 3 59859
41 49 37841
6 29 23815
26 46 37469
15 17 54939
41 43 69663
19 25 60406
6 11 25269
34 45 23876
0 16 55432
11 19 22042
2 27 67787
31 44 69921
4 9 42812
12 43 53621
28 33 21770
12 49 46287
5 13 46029
20 43 18245
23 39 56464
30 31 53929
16 21 68094
26 41 47988
0 9 53376
8 12 47812
2 28 20091
2 37 50720
10 28 60242
6 22 46639
37 46 12131
13 36 47997
22 43 48640
18 38 39972
30 43 13954
33 35 16108
9 22 37053
31 34 25760
41 44 66514
4 49 52323
1 13 39636
0 7 64089
26 47 16507
7 33 37422
18 24 64009
18 42 49319
9 26 33185
1 36 27921
12 32 37748
9 24 21356
8 13 36166
32 35 36354
21 27 17428
16 25 46402
2 12 14341
6 7 60804
11 43 36356
27 49 24432
10 46 53666
7 45 38741
30 48 13213
4 14 55797
24 26 16737
15 29 51853
8 18 37912
36 42 32834
5 23 57962
13 14 64965
39 43 48594
19 26 66618
28 39 47287
32 47 18229
23 46 60706
13 37 53794
22 30 57795
14 40 66857
9 27 45255
28 30 33122
35 37 24777
41 42 25145
7 15 56622
17 20 63086
3 27 51499
1 22 64050
2 6 39487
31 33 55841
21 24 66996
38 42 17986
9 48 22415
10 13 62805
8 27 46727
22 36 25629
2 39 48601
23 42 53464
0 1 67482
1 23 16512
22 34 16297
13 28 67586
5 18 23620
17 46 67035
20 46 16346
3 29 60907
6 17 27406
28 46 67052
29 38 56844
46 49 15200
13 30 63909
11 26 44241
14 45 50466
31 49 30828
5 31 59387
1 12 49230
1 41 23914
8 14 53028
19 45 55422
3 31 53401
37 45 51011
32 44 52417
15 36 61387
14 41 63427
20 23 45221
23 35 38113
24 43 19055
39 45 35965
2 11 33719
4 47 28679
11 33 54620
13 26 52160
2 10 26265
4 7 68240
25 46 49194
22 45 32611
12 24 11289
8 41 66600
2 9 41805
23 34 58133
18 32 23943
6 37 47856
19 36 44516
42 48 64409
5 16 68685
2 21 46045
8 16 43638
12 40 22598
21 22 29073
5 28 29059
1 7 18141
16 29 10083
1 38 23618
39 44 21671
37 49 63510
36 46 10982
24 33 61927
14 39 24707
7 46 36947
16 41 37789
5 26 43387
7 31 33709
23 25 19948
21 37 11794
21 25 31949
6 15 11284
39 48 34405
9 40 33238
6 39 67884
26 35 18352
12 47 33513
17 19 33969
28 35 68352
13 47 20171
7 10 40520
19 38 67036
34 38 56217
18 36 26300
7 22 31776
13 17 27432
31 43 57502
1 26 52060
47 48 27515
26 36 11120
5 38 63731
11 41 33168
20 31 24245
25 49 67801
7 14 47875
5 14 63335
35 39 35589
34 46 33404
14 29 27043
17 38 45537
6 41 35198
29 47 48992
21 44 46821
23 40 11745
0 8 24372
32 34 56847
4 46 20098
16 42 60028
9 14 20816
5 46 30592
18 30 10199
3 43 63479
10 22 27627
36 47 56416
7 43 19779
40 45 61546
38 39 13847
10 24 67281
12 28 43605
26 29 43505
11 45 20543
19 32 49479
19 49 66673
3 10 34788
1 44 47279
36 44 56691
14 31 28122
5 44 12867
25 47 20094
34 44 57309
22 35 60547
15 26 57436
11 18 36300
1 9 49510
12 29 59181
11 25 62816
8 45 48499
23 26 21421
5 42 52843
25 31 11457
16 37 42013
28 49 53042
27 31 64937
12 31 11782
2 32 51600
12 48 14715
34 36 63328
19 33 55447
24 44 11995
5 48 49076
17 32 41095
28 42 22539
6 14 40697
1 6 37767
13 25 59470
3 44 17975
12 44 36600
1 39 17592
11 38 32985
28 43 58838
18 22 64901
11 31 35674
33 43 46273
28 40 43343
5 30 27326
27 43 47596
26 31 48301
1 24 65825
1 49 59018
4 24 43287
30 47 19425
3 28 31030
12 27 26328
6 34 14361
9 32 44956
3 14 20071
4 28 31219
15 31 38283
14 20 17660
15 40 33214
4 6 29501
41 46 48755
42 49 57896
9 35 60198
25 38 28665
4 36 59509
10 18 20315
32 37 55265
39 47 67101
34 35 55443
7 11 44102
38 44 14143
39 40 33259
2 25 32517
6 49 59629
35 43 50585
27 39 10113
29 36 50073
9 42 58553
4 38 59131
9 12 23359
8 20 67978
40 46 32303
18 33 51830
8 28 12338
5 25 67259
3 26 61901
22 46 33557
7 18 47685
0 33 69562
35 47 68914
20 29 67186
14 30 60459
16 40 68953
24 41 69527
25 39 19123
17 40 58461
7 32 31984
18 29 64389
15 34 67704
17 24 17427
9 16 50633
0 41 23989
0 21 52829
3 21 13150
13 16 25760
35 36 33414
4 15 13263
6 28 65833
36 49 21966
11 39 14536
17 23 31334
7 20 19943
15 47 36839
4 10 13164
23 36 34424
2 5 34098
39 49 17207
19 41 10123
19 34 23925
28 37 28911
13 19 21179
4 41 21110
7 40 19370
6 36 20131
44 46 32779
0 14 28493
21 23 20734
3 25 54764
29 42 22881
33 39 18437
32 39 14333
32 40 15657
24 49 44569
12 36 57162
22 49 18807
25 30 60330
3 38 32718
14 49 34213
15 19 68305
1 35 44684
1 16 38749
25 29 41782
11 32 66770
5 29 17730
3 20 44946
0 13 43336
4 8 53971
1 37 64296
24 29 43459
17 34 67896
1 20 23207
9 44 66782
33 36 31149
5 33 44720
40 43 16912
30 35 53928
13 15 63213
13 23 27647
10 27 50834
5 34 28237
27 28 48227
5 39 67310
16 38 33894
35 42 34939
7 24 66615
10 42 54844
5 15 37411
1 14 29332
14 16 19056
6 9 35715
18 39 16159
26 34 59948
5 36 67497
28 36 25071
13 34 67678
0 4 54585
31 46 58408
