50 50 1225
25000 25000 25000 25000 25000 25000 25000 25000 25000 25000 25000 25000 25000 25000 25000 25000 25000 25000 25000 25000 25000 25000 0 25000 25000 25000 25000 25000 25000 25000 25000 25000 25000 25000 25000 25000 25000 25000 25000 25000 25000 25000 25000 25000 25000 25000 25000 25000 25000 25000
2609 3292 6739 8933 6803 5984 10355 7650 8084 4246 5219 5776 6641 7816 4374 3847 5033 6429 6719 3660 7358 5396 5219 8345 4182 6387 7391 5542 5038 10349 6400 5558 6051 9568 3792 4898 9064 7159 11178 8697 4781 6033 6661 5299 8845 11656 9977 5301 8663 3947

2368 1148 3204 4509 4028 2752 5457 3845 4791 2504 2396 2628 3220 3859 1838 2266 2285 3117 3299 2596 3680 2582 2296 4205 1779 2994 5115 2491 2189 5399 3046 2499 2838 4940 1446 2351 4642 3507 6634 4369 2035 2890 3943 2607 5984 6919 5919 3574 4385 1538

38119 28711 4914 17161 44553 7030 26409 19622 50450 35490 13876 9147 14977 9987 21848 35330 20546 15111 25670 37312 29954 23679 9828 13734 19303 6568 57472 8895 11180 22957 12390 7341 15489 21294 21806 22713 18992 16657 67393 15523 12297 23856 48568 27686 66066 66973 59161 44864 16203 22621

94158 75406 32372 11548 94124 35112 29982 21024 105322 79267 29681 21275 20071 28595 64292 80186 47630 25921 53179 95094 61702 69206 23096 42165 48700 24701 135170 25118 40527 60515 47246 30416 52911 19804 61669 53847 15191 17163 141838 16712 34762 49569 105288 76944 142841 137025 121516 110118 12183 58878

1432 1277 1715 1883 566 1580 2152 1577 838 876 1061 1250 1363 1923 1524 955 1016 1318 949 1655 814 1789 1133 2087 1015 1583 2005 1269 1379 2512 1815 1381 1823 2008 1383 947 1901 1497 1685 1925 1108 908 1169 1798 2040 1600 1240 2003 1836 1237

29389 21549 6421 15994 35203 3514 23701 16197 40108 27663 10383 7483 12332 10627 15840 27251 15232 12444 20193 28704 23757 17769 7029 12654 13919 6260 45474 6253 6966 20326 9090 4947 10956 19446 15805 17035 17517 13730 54202 15093 8371 18684 38375 21102 52622 53852 47354 34986 15197 16483

181956 151443 81972 45118 179349 86890 28499 43134 199791 153664 65767 58805 48555 75277 138615 155294 97584 53176 107361 187467 122469 147325 56998 99391 102384 68433 259515 65619 96429 131920 108338 78565 118381 37594 126439 108605 40319 50569 262507 54213 78328 100962 199791 160389 266358 256048 228497 214099 46244 120958

70158 56137 33391 20160 68960 32030 26544 6370 78353 57158 16770 13571 8861 34044 51550 57907 31390 10985 35882 72690 42824 57376 12741 45125 33595 25346 105796 16702 32220 60071 42892 24339 46527 21820 44649 36454 21085 12128 107171 24366 22542 32942 78353 60248 108940 104203 91544 84928 20704 42130

1719 1555 2020 2186 797 1877 2480 1869 697 1127 1324 1525 1646 2242 1817 1211 1359 1593 1205 1956 1061 2099 1395 2416 1275 1880 1940 1538 1663 2869 2127 1665 2135 2327 1668 1203 2218 1789 1599 2239 1374 1156 1050 2109 1977 1509 1125 2149 2144 1511

1038 879 1459 1709 1024 1320 1995 1402 1305 464 869 1050 1181 1674 1133 546 738 1134 1066 1268 1206 1406 928 1875 768 1323 1950 999 1145 2314 1562 1115 1500 1846 988 667 1736 1318 1983 1748 832 916 1087 1416 1986 2088 1720 1628 1668 837

282030 211282 141015 156813 275986 123980 205925 104130 324205 216434 12638 46089 66146 165880 198300 220212 86408 58178 109075 294806 144106 241573 25277 212999 97536 105504 461992 48149 106122 288418 178793 81738 185456 180442 162789 111960 161484 89774 468792 165811 55499 94239 323380 245901 477721 453818 389938 356556 149807 140603

50691 38013 17684 20961 51754 16554 32069 15322 59686 41572 8429 1231 9073 20938 32781 41335 20566 9254 24295 52228 30058 37595 2463 29549 19775 11074 79235 3830 16712 41956 25571 10170 28589 26227 28724 24385 23131 11333 83247 20927 10350 21854 59166 41335 84557 81009 70500 62387 19673 26656

87703 68425 38207 29484 86090 36375 42477 15319 98955 70203 15832 11526 5185 43485 62653 71210 35513 11563 41561 91111 50906 70496 10371 57448 38482 27377 135275 15741 36631 77569 50998 26021 55891 35788 53362 42330 30731 11599 137529 32581 23565 37602 98735 74362 139911 133534 116492 107586 27615 49972

8994 7014 1953 3076 10270 2400 5044 4089 11525 8342 3428 2289 3530 1217 5553 8308 5162 3558 5938 8844 6878 5947 2434 2672 4897 1741 13134 2275 3283 4634 3544 2352 4204 3955 5544 5623 3465 3423 15131 2520 3406 5551 11125 6799 14963 15041 13379 10451 2868 5718

22109 13806 17181 27575 34163 13983 36054 25399 39559 23393 16297 15828 21148 21809 7310 21709 15513 20779 22678 21463 25368 12569 14621 24038 11931 16866 39913 14091 11169 32479 15843 13360 14375 31372 9640 15974 29250 22701 52897 26598 12776 19787 33563 13114 48346 54681 47531 28374 26698 11815

16807 14001 25640 30561 19556 22905 35602 25154 24505 9679 15763 18421 21255 29433 18478 8135 13451 20437 19232 20868 21699 23300 16271 32126 12619 23236 35094 17533 19253 39867 26303 19556 24957 32986 15933 12196 31041 23680 36455 30709 14579 16581 19881 23476 36497 38302 31816 27205 29842 13261

10299 7390 7031 8472 10011 6048 10492 6305 12559 6963 2542 3918 4743 8551 6856 7119 1531 4415 4164 10825 5152 8788 3062 9992 2712 6068 17458 3782 5031 13093 7754 4593 8294 9443 5401 2666 8664 5714 17692 8842 2599 3101 11362 8989 17709 17551 14924 13365 8184 4483

175305 136474 78453 73100 171987 74683 92515 36644 198000 139301 27445 23562 23034 89311 126332 141375 67935 11423 80376 182317 99603 144881 22846 118038 74042 56173 274079 32233 75211 159433 104768 53383 114834 79433 107218 81959 75663 36305 280374 79396 45918 72233 198000 150423 282712 269592 234531 216209 69254 97680

14104 10872 9452 10186 10309 8668 12441 7754 12529 10040 3542 5082 6005 10597 10274 10214 4313 5638 2061 14718 4237 12438 4123 12767 5635 7817 21789 5177 8073 16239 11122 6723 11726 11267 8646 5230 10401 7099 19186 10594 5350 2795 14964 12662 22071 18497 15556 17561 9863 7618

4719 4738 8597 11897 10320 7583 14113 10500 12031 6905 7254 7875 9152 10064 5467 6371 7005 8870 9277 3656 10130 6729 7312 10878 5869 8497 9506 7622 6695 13554 8172 7390 7707 13238 5406 7151 12428 9845 15675 11583 6547 8360 10130 5845 12180 16314 14559 5847 11614 5613

2204 1718 1581 1691 1302 1463 2030 1326 1635 1593 693 924 1063 1760 1628 1619 733 1008 555 2296 390 1953 780 2079 931 1335 3066 939 1298 2600 1756 1171 1846 1853 1384 871 1722 1227 2673 1752 889 505 2041 1987 3108 2532 2090 2723 1643 1229

33087 23443 23170 37575 50155 19559 48702 36072 57236 36022 26166 23493 30494 29263 14919 33813 25682 30655 35084 31815 38614 11166 22333 29102 20982 23524 56025 21214 17380 40178 17905 20255 15978 42538 17975 26288 39775 32512 74738 35911 21002 31291 49368 15978 67091 77038 67697 40884 36405 20830

29547 21819 12087 14277 30208 10393 19877 9670 34960 23989 3801 2252 5847 14071 19650 23844 11199 6260 13471 30993 16984 22873 0 19319 10703 8017 46945 2293 10145 26881 15889 6157 17728 16757 16158 13513 14856 7665 50147 14257 4959 11984 34713 24051 50189 48040 41634 36675 13492 14897

19258 15154 4883 8660 22473 5240 12851 10822 25140 18677 8930 6798 9435 4715 11943 18148 11947 9496 14265 19106 16203 11616 7106 3553 10898 5631 28226 6684 7117 7725 6509 5973 7911 10537 11924 12593 9496 9405 33421 7486 7881 13444 24198 13429 31946 32615 29081 22522 8227 12293

32600 22120 24063 31410 36263 20115 39682 24603 43406 26098 11050 13644 18976 29538 20197 24684 10012 17796 19495 34493 23056 27157 10541 33424 5270 20594 59259 12362 14845 44597 26668 15282 26495 35297 14936 10622 32488 21866 64743 31379 8099 15669 41636 27879 64804 63420 53958 43640 30250 11650

19133 14415 4124 7502 21736 4258 12148 8180 24693 17191 5611 2952 5851 5337 11613 17111 9697 5918 11525 19369 13673 12852 3268 8547 9073 1634 29479 2801 5623 13172 7620 3075 8745 9583 10952 10784 8420 6693 33190 6967 5560 10615 23935 14794 33148 32667 28750 23156 7022 11361

175156 190444 281463 355282 238383 258749 406770 325852 225170 205569 253234 264755 294457 314332 211356 210756 242970 289434 287742 170788 273327 239639 248102 332568 222222 279224 124051 257875 238875 392519 271962 254436 261534 380835 205405 233251 365874 308872 262243 348348 234998 267212 177231 219819 183947 276549 279934 151733 352989 210046

31417 23339 11056 15023 33379 9282 22113 11424 38298 25597 5582 2430 7436 13292 19279 25460 12766 7551 15708 32571 19387 22351 1601 18629 11698 6794 49650 800 9022 26549 15038 4846 16963 18384 18146 14626 16408 8878 52990 15002 5683 14150 36827 24738 53033 52629 45921 39055 14201 16091

22292 15532 8585 15815 27305 6079 22449 14122 31534 21286 7458 6609 10790 12212 11525 20448 11037 10887 16351 22629 18460 14092 5916 13959 8953 7422 37089 5247 2958 20575 9380 4675 9917 18779 10579 12122 17129 11995 44699 15038 5121 14086 30040 16086 42325 43386 37782 28046 15128 11164

35887 29205 12480 18630 41122 13061 25455 22151 45465 34940 19069 15598 19892 12207 23976 34080 23982 19991 27757 35640 30912 23444 16099 10314 22275 13699 50490 15413 16118 8049 15128 14256 17411 21687 23945 25034 19991 19843 58502 16718 17362 26420 43931 26395 56547 57636 51882 41202 17925 24545

12035 8916 3727 7937 15528 2988 11116 8229 17556 12413 5826 4628 6632 5471 6476 11884 7270 6678 9817 11792 10828 6101 4440 5425 6843 4123 18722 4120 3693 8596 2220 3580 3285 9358 7288 8021 8567 7210 23593 7374 4435 8731 16331 7478 21757 23235 20550 14388 7608 8162

16816 12300 4673 8907 19038 3674 13346 7880 21863 14695 4330 2861 5655 6838 9623 14610 7526 5719 9982 17041 12034 11338 2398 8891 6931 3300 26701 1952 3900 13310 6886 1199 7961 10895 8991 8573 9784 6460 29982 8388 3574 9112 21992 12670 30199 29780 26037 20660 8448 9382

33291 24043 13451 25678 45466 10386 35106 25927 51477 34720 17347 15249 21192 18623 16808 32845 22433 21329 29985 32571 32982 15695 14693 18486 19385 13751 53121 13742 10951 27888 8982 12141 7346 30148 19402 23889 27802 22904 67566 24266 14025 26766 46032 19779 62514 69570 61607 40269 24685 21808

946126 772783 372672 171891 941607 399465 229188 203364 1052973 801673 322800 261306 229995 336196 681269 810550 496143 258078 549405 987768 631719 728398 261790 467575 512606 298912 1361570 298428 451435 644793 516318 354111 575875 130895 640112 556184 145421 201588 1394657 221440 377998 514543 1052973 803126 1415639 1359472 1209370 1121245 178024 610899

11074 6516 9745 14620 17265 8055 18070 12049 20125 11582 7198 7592 9802 12191 5780 10692 6792 9607 10578 11927 12000 8559 6353 13369 4891 8961 21336 7495 5951 17830 10200 7109 9514 16229 3176 7028 15116 10875 27174 14096 5378 9051 16956 8848 24582 28075 24330 15579 14222 4326

15829 11730 12055 14909 14887 10463 18181 11400 18098 9950 5307 7379 8870 14516 10865 10202 3806 8340 7557 17293 9159 13994 5984 16447 4154 10495 26946 6793 8459 21470 13235 8116 13697 16483 8500 2992 15221 10444 27326 15353 4886 5837 17073 14319 27353 27097 22842 21406 14443 7022

260549 211357 97602 40426 259264 105128 73603 59561 291477 219479 83331 65940 56946 87232 185247 222003 132614 73007 147849 269818 171160 198738 65986 124584 137295 76540 378755 76494 119995 174969 138442 92233 155375 45566 173638 149685 32993 48961 388070 54606 99025 137846 290926 219984 394035 378067 335391 310337 42170 165240

137814 108160 60774 37261 137095 58008 63568 27330 156514 113056 30982 20497 15076 61549 97731 114578 60691 24757 69875 142959 83983 109515 20525 84066 63513 44425 209073 26860 58395 114439 80082 42378 87468 46721 85421 70981 39142 10262 214743 41936 40442 63900 156127 117123 218284 208713 182987 167828 34439 80359

45190 41683 54470 59493 29821 51403 65177 52117 27688 32544 40378 44494 47243 59211 47631 34351 38581 46820 37823 48504 35461 53659 42775 64357 39250 51465 40960 44335 48318 73399 57395 46882 55712 61907 44450 37012 59475 50292 21387 60630 40660 36889 30385 54285 34060 23696 24243 45428 59070 41092

22574 17974 7146 4104 23542 8089 8618 6428 26371 19848 7822 5211 5621 5744 15256 19762 12226 7047 13579 22804 15670 16305 5658 9081 11939 5543 32644 6154 9417 13583 10795 6937 12308 6121 14604 13612 4997 4907 35329 2829 8519 12693 26231 18261 35444 34157 30344 26490 3636 14436

80057 56481 38011 53182 85773 30699 70728 39587 100523 63100 15801 16494 27925 49316 49862 62659 25677 26917 44210 82915 51564 61965 10086 58183 22567 30846 133135 13847 23134 81255 43390 19877 47404 61209 39209 31140 55409 33472 142906 53119 5043 36309 95817 63289 143032 141855 122313 103360 50787 35364

58028 43758 39723 42962 45043 36260 52917 32225 54677 40086 13627 20427 24504 44777 41119 40854 14800 22884 13348 60736 18235 50669 16196 54356 20636 32504 91957 20846 31401 69686 44861 27673 47528 47737 33928 18849 43884 29335 84235 44763 19379 8098 61825 51661 93199 81191 68206 73289 41538 29391

11687 10319 16111 18256 9625 14832 20714 15620 8793 7559 11041 12598 13719 17960 12502 7885 9913 13320 12732 13667 11825 14853 11550 19329 10071 15090 13193 12158 13052 23103 16310 14031 15654 19439 11261 9301 18490 14901 14420 18590 10725 11440 5775 15097 13994 15320 12357 14935 17905 9951

19812 14312 16981 25818 30875 14743 32575 23312 35262 22118 16250 16268 19856 20756 9331 20750 16000 19556 21825 17087 24012 9543 14550 20656 13087 17100 32087 14856 12481 27518 13718 14262 12525 28893 11225 16375 27181 21506 46393 24875 13050 19475 30675 7275 38943 47856 42043 22706 25093 12993

107792 115691 168663 190737 120397 157010 210766 169251 113618 103562 131938 144628 153760 185526 134768 109304 122750 150511 145721 113954 138325 149278 136084 193650 124879 163256 89976 141042 142499 224408 164573 150483 160511 200373 123367 117764 192641 163396 108212 193454 129361 135188 93057 139110 68042 115551 117288 104178 187935 125748

50320 46673 57109 60151 29943 53921 66703 53124 27725 37172 40919 45381 48057 62039 52583 39050 40589 46994 38262 53765 35074 58814 42605 65905 40553 53307 45922 46572 49175 75966 59473 49220 61003 63303 49184 38958 60774 51227 25572 61352 42752 37291 34927 59519 38748 21302 24143 50567 59235 45803

13547 12443 15576 16502 7348 14610 18481 14368 6676 9565 10672 12024 12834 17069 14205 10134 10572 12512 9867 15145 8902 16103 11183 18240 10561 14424 14940 12384 13172 21287 16292 13186 16755 17451 13197 10078 16686 13794 8777 16860 11227 9573 9046 16305 12767 8172 5591 17640 16219 12151

1568 1572 2542 3371 2975 2287 3928 3020 3140 2117 2205 2361 2682 2911 1756 1983 2142 2611 2713 1300 2927 2073 2174 3115 1857 2517 2006 2297 2064 3788 2435 2239 2318 3664 1740 2179 3495 2856 3556 3292 2072 2483 2603 1850 2678 3717 4040 1087 3300 1792

101089 81178 34056 14036 101528 37057 34221 24448 114155 85625 31329 21905 20807 29883 69009 86632 50983 27212 57059 102699 66392 74352 23899 44780 51935 25656 147937 26114 42986 64873 50343 31915 56510 23076 66429 57791 18025 17622 155129 16909 36673 53106 114118 82825 155275 148907 131888 119151 11949 63080

7969 4856 7095 9693 10916 5941 11999 7886 12864 7029 4190 4847 6351 8766 4903 6421 3907 6030 6493 8552 7464 6801 4001 9570 2614 6560 14979 4498 4503 12617 7978 5294 7448 10753 3124 4073 9987 7090 17673 9684 3335 5450 10694 6998 17196 18323 15742 11047 9376 2000

30 49 21194
15 30 55262
31 43 40008
1 18 21282
2 22 27477
29 40 19213
0 15 31078
16 37 67047
4 22 12329
31 45 38241
16 36 63625
16 22 51142
10 16 47365
15 37 17913
14 41 64058
18 20 60347
22 38 32157
4 32 24977
24 46 34242
28 43 54901
22 31 49415
0 48 65840
14 15 16912
10 48 49373
11 16 24208
9 22 67745
1 36 68278
37 45 57777
5 16 55150
15 16 19981
27 36 26896
7 48 66344
11 21 65243
1 9 69047
24 30 29769
20 28 34862
8 25 18259
7 32 62990
9 41 31909
14 32 32731
21 22 31230
8 14 25533
4 31 13873
0 38 68595
9 20 45589
3 13 67931
14 44 58941
29 30 19889
3 48 35050
4 44 35326
42 49 64790
13 22 14464
4 36 31165
11 24 11701
8 47 53837
28 37 57516
25 40 69447
21 30 52115
9 25 45293
5 24 66739
3 20 14238
9 15 14331
18 22 15225
4 47 69482
36 46 13378
1 27 47137
5 27 34343
17 32 33780
17 31 40126
18 37 68395
23 35 56512
3 32 61356
18 39 23928
28 33 12527
13 40 12093
9 24 11659
13 49 22600
36 44 61034
34 35 21548
46 47 47651
6 13 38502
2 38 28481
17 24 64258
9 14 11810
22 33 42325
5 18 48095
29 43 59326
37 41 53914
10 42 42352
23 48 46761
41 45 62796
5 8 46590
12 46 51093
5 36 68021
9 36 58214
2 21 66614
34 41 57300
39 45 34700
10 31 30393
6 25 39568
12 24 33094
12 36 29047
13 23 30923
25 33 59165
14 39 43717
9 30 33016
18 48 60825
11 46 56318
15 40 36193
23 41 24515
8 39 46111
7 13 16837
34 44 42996
5 49 40368
15 28 18647
13 38 15321
15 45 18462
10 37 20116
33 38 11377
30 43 62957
24 29 56877
28 30 64173
7 47 39547
2 45 50112
15 46 14335
17 25 39903
4 12 58868
14 40 61635
14 48 64603
24 41 31404
3 24 31202
3 19 27697
21 31 50451
6 12 64269
16 26 29004
37 44 36311
35 36 39427
19 29 19828
0 41 34771
9 16 17762
9 34 34344
14 36 10881
0 36 24600
10 22 19482
34 37 41249
25 42 45390
6 17 36946
20 44 61855
6 39 55506
17 44 38324
15 27 66954
1 5 54526
21 49 44639
30 39 48643
2 10 46780
8 45 48975
40 46 18546
0 28 35648
30 36 40609
8 19 13148
1 21 57052
9 33 13954
7 35 42988
10 38 49645
7 17 20365
0 5 61993
16 19 28098
7 30 49792
38 41 23963
11 17 52869
7 20 57555
25 28 60450
1 25 53750
3 35 24297
6 35 69933
13 46 37142
16 25 59687
27 28 49021
0 29 28996
6 48 57336
7 33 29487
17 47 25949
34 40 54004
35 38 64127
10 49 64593
7 46 30783
26 30 43101
6 28 25281
6 16 68574
5 21 25852
39 46 28429
24 38 55625
1 48 29806
40 45 13560
19 26 47413
28 46 40171
12 31 17695
3 4 65511
20 32 32106
29 48 31658
15 42 48380
8 33 31803
8 40 22108
32 35 44272
13 41 46100
1 26 34183
4 5 11413
0 46 47929
39 41 25346
6 24 30409
10 13 47407
4 16 44834
16 43 58502
44 47 31410
21 34 38960
38 44 65237
25 48 64337
22 25 12060
37 46 20517
20 45 62910
9 37 27912
21 44 51089
27 33 60678
0 30 59862
6 46 66792
18 34 38090
19 25 30032
46 48 14486
2 37 45743
14 16 64281
3 29 48288
12 30 36265
3 37 26083
42 44 60396
6 41 10537
4 45 62183
30 40 36721
14 35 11950
0 45 52255
17 28 52067
12 19 44503
27 41 29661
12 42 26900
10 35 45147
41 44 63215
24 42 55860
14 20 40383
11 32 57551
1 28 10062
23 42 63043
21 24 50460
20 42 40118
19 22 56274
3 11 53280
40 49 29979
20 29 53066
13 42 33512
13 43 62154
10 41 57552
26 39 69256
34 38 56435
27 47 35839
4 13 35520
29 39 12517
14 34 38377
14 18 48200
11 27 16843
17 38 17240
27 31 50151
35 41 11240
10 17 59308
18 46 36796
8 22 30901
41 42 28350
5 39 11942
28 44 24115
5 30 26353
23 47 54468
1 11 23808
21 23 38558
26 49 47510
11 23 64269
23 36 68676
19 46 33783
0 26 59691
19 49 28654
1 46 28991
21 36 23203
4 11 32951
9 35 28686
3 36 34601
20 48 19385
11 47 54525
27 48 12263
19 27 34045
19 40 35045
21 40 50464
4 43 53031
18 49 54428
26 31 42757
17 43 54271
16 17 55878
10 26 69553
3 12 27315
43 44 14228
7 43 23637
14 26 41430
13 21 42724
12 18 68105
18 35 55239
22 47 11281
11 34 57757
15 31 61650
4 18 69958
11 13 33682
7 15 63483
40 43 40754
16 48 52674
5 44 16685
6 26 63705
10 27 11359
12 21 53429
19 21 25232
10 44 68027
12 41 67836
16 24 61421
5 14 45214
23 43 60442
9 40 44451
23 46 29642
10 15 45341
5 42 40865
10 43 15519
3 31 57036
12 25 58180
2 47 31890
14 21 10672
31 47 29609
34 39 64614
10 28 20919
31 37 26990
37 38 18038
16 47 68676
22 27 30782
6 7 30138
2 36 32357
27 49 24265
3 23 60892
0 35 27173
9 18 43093
19 41 66740
32 38 40675
7 44 26522
20 24 21971
1 10 38702
22 45 36500
24 27 25534
2 43 26058
14 42 26941
38 46 59986
1 44 45700
17 41 62282
24 26 30850
32 36 63363
12 48 49317
22 42 19029
13 27 25252
27 29 62132
11 28 50781
1 23 32009
15 23 13050
1 47 19914
16 39 40047
36 40 23868
20 36 40696
9 28 60185
15 36 58368
12 34 54961
12 37 51076
12 15 15541
25 26 28054
12 29 59958
5 15 58359
17 37 56719
28 32 24072
23 49 27060
44 45 23218
0 33 39606
3 33 55262
2 41 52302
6 49 29591
30 47 30961
0 17 56726
17 19 62584
30 48 24323
28 41 36042
6 33 23755
19 43 51719
15 33 40316
13 48 64537
17 18 13727
4 26 55509
6 36 14450
12 49 43774
26 36 69377
2 19 57289
6 42 46101
14 25 57744
14 24 42250
10 46 27176
2 17 15427
7 14 60304
28 29 29277
7 19 63787
34 48 59165
30 46 43349
23 38 32989
32 48 12382
7 8 12954
6 40 30393
25 41 54684
1 22 44689
47 49 51355
2 24 41409
8 29 37272
2 46 17820
30 33 19593
15 18 51028
15 20 11681
13 16 62052
12 20 57707
5 37 15408
39 42 47560
3 44 14299
45 48 61325
31 38 46936
10 47 13730
22 44 37425
26 28 46822
18 27 45980
12 17 66745
3 30 64393
6 22 48426
43 45 26021
2 32 10321
26 32 37590
35 46 11512
33 48 45453
3 6 52115
9 48 14466
11 15 65847
30 44 48941
15 24 49155
18 26 59344
32 46 32492
11 19 16427
32 37 19306
32 42 54228
28 34 69598
33 41 20988
3 40 46279
13 18 69447
31 36 38539
14 38 23838
5 20 25888
30 37 29864
26 40 12916
1 4 29618
4 27 69432
17 35 61882
16 38 17741
41 47 18318
13 20 68417
11 42 56167
18 30 46482
23 33 68738
1 19 35900
13 35 47994
19 36 56333
34 47 18014
9 10 52461
10 19 52179
18 40 56956
11 30 31615
2 12 41522
3 47 19447
39 40 50185
30 38 62972
7 45 15818
7 49 61925
27 40 13959
25 39 52097
15 41 61371
44 48 42498
15 17 18078
29 31 29401
23 37 14504
7 29 33137
7 21 61163
21 43 13936
0 14 25018
23 31 68904
25 30 34397
15 29 23434
23 32 55070
1 20 10879
8 11 34314
19 47 20969
25 45 48873
13 15 20647
7 10 41127
1 39 31333
17 36 14968
16 44 28082
18 32 52949
31 34 58634
30 32 49672
25 29 45276
1 17 51605
11 12 55490
1 6 37201
0 6 55564
15 38 49730
14 43 40714
3 15 40204
34 43 57808
8 42 60116
25 47 44709
18 44 33087
17 26 63421
0 21 60788
2 28 48106
25 36 62324
23 27 25184
14 28 13682
26 48 47393
3 14 38206
11 40 37997
35 40 10505
15 21 17079
2 20 60787
3 27 41632
12 45 38412
13 33 65755
16 29 11856
5 13 33503
0 34 54388
12 23 63671
13 25 68780
4 10 48135
6 45 61304
17 46 48123
13 28 33698
18 23 41033
1 38 18836
6 43 16045
17 29 40983
7 39 21094
30 34 62897
8 27 64070
24 47 14514
12 16 53684
43 46 54318
29 45 66838
41 43 21010
3 7 58001
22 34 56374
38 40 49217
39 49 38140
4 49 69022
16 28 68439
7 37 28926
12 43 52796
1 14 36850
19 39 36823
19 48 54652
3 28 12496
6 10 33354
21 25 60465
2 9 23418
28 47 11488
17 21 51768
31 49 61541
16 40 47330
0 2 34943
26 29 22519
3 39 53375
37 39 65926
2 16 45757
27 35 46271
4 34 12138
8 23 50271
1 15 42097
18 45 68599
18 29 59252
38 42 65250
38 48 56599
12 32 57768
2 27 56609
38 43 36881
16 49 68932
40 42 55047
0 11 67950
7 24 51727
26 41 34040
6 47 46916
20 31 36378
0 32 36536
17 42 10269
16 30 26842
6 38 49954
18 41 11757
33 37 20753
40 47 41494
0 24 61230
27 38 45696
5 46 66156
22 26 44604
1 32 53765
2 31 41912
30 31 33017
8 24 68046
1 2 22183
18 28 17256
2 49 66644
9 17 23577
40 44 12506
11 33 65386
2 8 23487
33 42 59115
5 9 32266
21 39 22418
3 42 56305
2 4 42359
15 43 64145
5 34 20344
11 38 19274
32 33 42665
36 43 46880
23 34 19543
1 3 11649
13 32 38976
29 37 33443
19 35 22402
9 38 10469
42 47 36816
14 30 58099
15 34 66625
9 21 11419
10 34 54006
14 47 38537
25 27 46580
5 11 52051
15 48 62863
24 33 53836
27 45 48694
35 39 28582
3 34 56342
8 10 44079
7 27 42069
19 23 57600
10 11 18488
10 36 54487
33 46 56047
4 20 62990
9 45 48631
6 44 66391
7 22 12263
35 42 33438
45 46 55413
35 45 33949
13 30 35087
11 37 24388
8 28 69535
4 46 47490
25 34 37000
3 8 36350
9 44 47731
31 41 45767
7 18 49913
0 23 43879
0 22 26446
36 38 26492
5 22 25929
25 35 19308
47 48 22470
28 42 16765
36 49 37890
10 45 20955
5 26 62988
2 33 22101
28 45 20697
5 10 23618
13 14 66588
16 20 66744
23 25 16607
4 17 57361
7 12 15276
48 49 18870
20 38 20798
33 47 60689
7 42 54962
6 20 58029
4 19 27219
37 40 66639
7 31 47661
8 13 66362
8 46 32989
22 37 37534
24 31 42128
11 29 25044
29 35 11412
20 26 58575
14 23 53679
23 26 27341
28 39 20025
4 7 66149
22 46 46249
19 33 60059
19 28 17103
9 31 39236
6 9 12159
1 30 27800
24 37 52854
28 35 20890
8 31 24543
2 29 59461
0 8 68251
7 11 41962
24 44 20473
15 26 31192
1 43 44793
5 33 17577
17 39 31363
45 47 62012
36 42 14216
41 46 69024
4 48 10515
27 42 49348
16 33 36557
3 5 42644
9 39 64392
0 9 37969
23 29 43361
16 42 48070
21 37 67453
11 35 53386
24 45 44218
16 18 55844
6 27 43444
18 25 51322
13 34 25080
19 44 57747
22 36 21264
13 19 20076
0 27 68637
0 20 47951
10 20 21680
15 47 19029
30 45 19912
3 17 44296
1 8 40221
7 16 54706
21 38 51874
32 34 61584
2 42 58860
9 19 56090
7 26 12749
0 7 11518
29 47 35437
26 37 39306
5 47 44162
20 43 41971
8 49 19417
0 1 17522
33 45 20040
4 35 29012
36 39 13050
9 29 54258
11 18 14856
13 31 58638
7 9 47722
10 25 42079
25 32 46384
20 27 11129
33 35 52155
24 25 45020
4 25 49080
32 45 63835
9 27 54049
34 42 11134
1 12 38131
18 38 36413
19 24 67983
26 45 32147
37 48 40139
37 42 68986
26 34 30379
25 31 42889
27 44 10503
3 18 67959
19 31 24337
41 48 44665
29 36 39929
2 3 33755
3 9 64330
1 24 49969
20 35 64910
11 41 19522
31 33 46369
43 49 69766
19 38 68160
27 34 36234
0 42 41844
14 37 44543
9 12 37363
13 36 23999
17 20 19562
8 12 16442
8 34 29976
17 27 15754
0 16 29719
28 36 10249
3 43 42167
11 25 27702
4 39 32396
0 25 12305
40 48 26687
25 38 52775
5 19 57337
30 41 27190
36 48 50733
12 39 11674
20 49 13997
7 40 20661
8 35 47572
4 42 20469
20 39 12772
8 41 42481
2 40 29991
25 49 49142
15 44 54390
13 26 28151
21 27 27518
28 31 26233
12 14 14836
21 26 54881
5 41 52375
20 23 24399
5 23 13465
10 24 24494
29 42 42296
16 45 33184
18 33 24743
23 28 14462
20 46 50886
22 40 47140
35 37 28910
9 23 67573
9 46 42057
15 39 16247
12 40 36905
2 23 34933
1 41 30064
6 21 40902
15 35 57737
15 19 67636
46 49 63514
8 21 60510
22 41 40116
8 16 35648
7 34 51794
24 49 24505
8 36 53799
34 45 21454
7 36 52882
9 13 10777
17 30 66335
23 39 47399
31 39 37319
9 11 69800
10 40 61893
5 7 69615
2 44 45126
38 47 16636
1 16 26219
11 44 26012
28 48 65919
13 37 45130
43 48 35727
0 4 50118
21 46 63520
6 18 14775
29 32 15050
32 39 23583
0 47 45677
36 47 14930
2 18 21218
6 23 51334
1 33 17582
29 33 63477
2 30 16981
26 44 59376
18 42 30125
13 24 12922
26 35 22972
31 46 25149
16 21 13699
26 46 19306
38 49 62548
0 3 41019
17 34 31248
7 25 54441
12 33 52776
14 17 66374
33 43 13219
9 42 68996
34 36 34528
5 43 69138
32 47 44125
26 27 12398
42 43 49255
11 22 49787
39 47 17173
8 18 66449
31 42 63370
16 35 64993
2 7 11378
3 22 26730
20 47 46326
3 46 18960
38 39 20206
13 47 65450
45 49 20478
11 31 52474
26 42 68372
32 41 33450
20 41 67623
13 45 24214
8 30 54899
0 10 60171
16 31 67376
2 14 16146
18 43 56754
19 34 50151
8 20 24662
33 34 59973
19 37 61289
1 45 61334
25 43 59110
7 38 47556
42 45 63732
10 18 50507
10 29 27342
21 33 23047
21 41 59098
31 48 20711
31 40 30182
27 46 60476
0 19 49584
14 27 66509
12 35 21578
6 15 59791
11 43 14100
1 31 44199
24 34 54407
6 29 12472
44 49 19791
30 35 52030
32 40 38829
16 34 64690
29 34 54343
9 43 36204
29 49 22978
20 37 41096
9 49 28497
24 43 49784
21 32 31068
28 38 19786
8 32 41117
1 42 32320
23 30 57342
22 43 46991
33 40 24969
1 40 14684
3 10 12180
2 48 14067
11 36 37538
8 9 32362
2 35 64543
35 43 17122
22 29 41013
11 39 28264
5 48 19055
29 46 45114
18 19 14605
19 20 63462
40 41 59729
3 38 24397
2 13 57634
27 30 28557
12 22 19086
17 40 54119
20 30 66904
20 40 44208
17 33 25214
32 49 25400
22 23 23991
11 49 58425
34 46 35186
0 49 67251
27 32 20744
6 34 34671
18 36 56384
4 9 35714
26 43 51498
6 14 58564
5 38 51924
28 40 19035
32 44 20925
10 21 58609
36 41 38300
4 6 51939
0 18 16872
28 49 47355
11 48 39195
6 19 21478
35 44 52960
10 32 28923
4 24 35875
2 5 40593
6 11 59623
5 32 57104
3 41 24712
4 33 56526
12 44 43454
17 49 52069
11 14 11925
24 39 57445
16 41 40494
22 30 49255
24 35 66838
10 39 63381
14 33 13925
22 39 53221
4 14 41237
8 44 55423
8 17 41784
0 39 23160
21 47 16600
15 22 64853
6 37 11769
20 33 44901
17 22 58934
16 32 30784
36 37 34398
0 40 40271
1 29 54405
24 28 17357
1 35 59194
39 43 32422
29 38 60094
4 41 48816
10 30 19526
24 48 26948
37 43 47484
5 29 52980
16 27 69017
7 28 49409
4 23 52568
7 23 51653
4 38 40806
2 25 49405
3 49 57177
22 48 44731
24 40 44769
5 28 40556
26 33 42296
8 48 28695
4 37 53717
1 37 61040
21 45 23547
13 44 67629
2 11 35940
13 17 24623
4 30 28412
1 7 12480
20 25 54894
19 30 12817
5 12 19838
25 37 56230
25 46 47382
26 47 22074
31 32 35045
31 44 56908
4 29 39022
21 48 12528
10 12 52031
6 31 38038
23 44 64081
29 41 46741
7 41 31834
2 34 34886
9 26 38288
10 33 19010
36 45 21760
14 46 13056
2 26 49566
42 46 66199
23 45 31752
21 35 45425
1 34 57238
14 19 57442
12 13 55196
0 31 35320
13 29 24208
16 23 25751
19 45 37801
8 37 69102
14 31 28568
3 21 59782
19 42 55332
38 45 18092
12 28 11855
37 49 32519
30 42 17143
2 6 40877
18 24 47191
3 25 11316
14 22 21057
23 40 53414
21 42 48057
33 44 55034
8 43 30442
24 32 28487
2 15 16186
5 35 42202
10 23 43687
8 15 67896
5 25 50544
26 38 65439
4 8 43320
17 45 49924
35 48 65023
12 27 28516
0 13 15244
18 31 19230
34 49 44267
3 26 55188
0 37 30475
41 49 14977
4 40 44969
15 32 15806
11 20 23069
4 28 58967
42 48 50468
21 28 42355
16 46 41986
18 47 27658
22 32 43671
0 43 53043
20 22 11071
33 49 21727
43 47 38077
18 21 31514
4 15 52358
6 30 56406
5 6 15858
31 35 26044
14 29 54301
17 23 68545
10 14 33625
33 36 27621
11 26 48469
21 29 28647
23 24 58280
5 40 65856
39 48 50021
27 39 44689
4 21 63186
35 47 10495
0 12 61809
44 46 50297
39 44 28444
8 38 27020
9 32 39263
6 32 68912
12 38 59376
20 34 11248
24 36 38713
5 45 33046
35 49 66434
9 47 51927
22 35 56917
22 49 46653
6 8 25583
11 45 39274
20 21 33059
27 37 43585
14 45 55318
29 44 17359
22 28 42129
32 43 18942
5 17 47123
15 49 32740
8 26 49732
33 39 47545
37 47 28595
0 44 41895
14 49 22233
15 25 33923
1 13 42390
3 45 26184
19 32 14219
17 48 12976
22 24 43205
13 39 43482
5 31 11888
25 44 44723
12 26 56873
12 47 52744
3 16 19911
1 49 53307
2 39 34670
27 43 66828
