50 50 980
25000 25000 25000 25000 25000 25000 25000 25000 25000 25000 25000 25000 25000 25000 25000 25000 25000 25000 25000 25000 25000 25000 0 25000 25000 25000 25000 25000 25000 25000 25000 25000 25000 25000 25000 25000 25000 25000 25000 25000 25000 25000 25000 25000 25000 25000 25000 25000 25000 25000
2609 3292 6739 8933 6803 5984 10355 7650 8084 4246 5219 5776 6641 7816 4374 3847 5033 6429 6719 3660 7358 5396 5219 8345 4182 6387 7391 5542 5038 10349 6400 5558 6051 9568 3792 4898 9064 7159 11178 8697 4781 6033 6661 5299 8845 11656 9977 5301 8663 3947

2368 1148 3204 4509 4028 2752 5457 3845 4791 2504 2396 2628 3220 3859 1838 2266 2285 3117 3299 2596 3680 2582 2296 4205 1779 2994 5115 2491 2189 5399 3046 2499 2838 4940 1446 2351 4642 3507 6634 4369 2035 2890 3943 2607 5984 6919 5919 3574 4385 1538

38119 28711 4914 17161 44553 7030 26409 19622 50450 35490 13876 9147 14977 9987 21848 35330 20546 15111 25670 37312 29954 23679 9828 13734 19303 6568 57472 8895 11180 22957 12390 7341 15489 21294 21806 22713 18992 16657 67393 15523 12297 23856 48568 27686 66066 66973 59161 44864 16203 22621

94158 75406 32372 11548 94124 35112 29982 21024 105322 79267 29681 21275 20071 28595 64292 80186 47630 25921 53179 95094 61702 69206 23096 42165 48700 24701 135170 25118 40527 60515 47246 30416 52911 19804 61669 53847 15191 17163 141838 16712 34762 49569 105288 76944 142841 137025 121516 110118 12183 58878

1432 1277 1715 1883 566 1580 2152 1577 838 876 1061 1250 1363 1923 1524 955 1016 1318 949 1655 814 1789 1133 2087 1015 1583 2005 1269 1379 2512 1815 1381 1823 2008 1383 947 1901 1497 1685 1925 1108 908 1169 1798 2040 1600 1240 2003 1836 1237

29389 21549 6421 15994 35203 3514 23701 16197 40108 27663 10383 7483 12332 10627 15840 27251 15232 12444 20193 28704 23757 17769 7029 12654 13919 6260 45474 6253 6966 20326 9090 4947 10956 19446 15805 17035 17517 13730 54202 15093 8371 18684 38375 21102 52622 53852 47354 34986 15197 16483

181956 151443 81972 45118 179349 86890 28499 43134 199791 153664 65767 58805 48555 75277 138615 155294 97584 53176 107361 187467 122469 147325 56998 99391 102384 68433 259515 65619 96429 131920 108338 78565 118381 37594 126439 108605 40319 50569 262507 54213 78328 100962 199791 160389 266358 256048 228497 214099 46244 120958

70158 56137 33391 20160 68960 32030 26544 6370 78353 57158 16770 13571 8861 34044 51550 57907 31390 10985 35882 72690 42824 57376 12741 45125 33595 25346 105796 16702 32220 60071 42892 24339 46527 21820 44649 36454 21085 12128 107171 24366 22542 32942 78353 60248 108940 104203 91544 84928 20704 42130

1719 1555 2020 2186 797 1877 2480 1869 697 1127 1324 1525 1646 2242 1817 1211 1359 1593 1205 1956 1061 2099 1395 2416 1275 1880 1940 1538 1663 2869 2127 1665 2135 2327 1668 1203 2218 1789 1599 2239 1374 1156 1050 2109 1977 1509 1125 2149 2144 1511

1038 879 1459 1709 1024 1320 1995 1402 1305 464 869 1050 1181 1674 1133 546 738 1134 1066 1268 1206 1406 928 1875 768 1323 1950 999 1145 2314 1562 1115 1500 1846 988 667 1736 1318 1983 1748 832 916 1087 1416 1986 2088 1720 1628 1668 837

282030 211282 141015 156813 275986 123980 205925 104130 324205 216434 12638 46089 66146 165880 198300 220212 86408 58178 109075 294806 144106 241573 25277 212999 97536 105504 461992 48149 106122 288418 178793 81738 185456 180442 162789 111960 161484 89774 468792 165811 55499 94239 323380 245901 477721 453818 389938 356556 149807 140603

50691 38013 17684 20961 51754 16554 32069 15322 59686 41572 8429 1231 9073 20938 32781 41335 20566 9254 24295 52228 30058 37595 2463 29549 19775 11074 79235 3830 16712 41956 25571 10170 28589 26227 28724 24385 23131 11333 83247 20927 10350 21854 59166 41335 84557 81009 70500 62387 19673 26656

87703 68425 38207 29484 86090 36375 42477 15319 98955 70203 15832 11526 5185 43485 62653 71210 35513 11563 41561 91111 50906 70496 10371 57448 38482 27377 135275 15741 36631 77569 50998 26021 55891 35788 53362 42330 30731 11599 137529 32581 23565 37602 98735 74362 139911 133534 116492 107586 27615 49972

8994 7014 1953 3076 10270 2400 5044 4089 11525 8342 3428 2289 3530 1217 5553 8308 5162 3558 5938 8844 6878 5947 2434 2672 4897 1741 13134 2275 3283 4634 3544 2352 4204 3955 5544 5623 3465 3423 15131 2520 3406 5551 11125 6799 14963 15041 13379 10451 2868 5718

22109 13806 17181 27575 34163 13983 36054 25399 39559 23393 16297 15828 21148 21809 7310 21709 15513 20779 22678 21463 25368 12569 14621 24038 11931 16866 39913 14091 11169 32479 15843 13360 14375 31372 9640 15974 29250 22701 52897 26598 12776 19787 33563 13114 48346 54681 47531 28374 26698 11815

16807 14001 25640 30561 19556 22905 35602 25154 24505 9679 15763 18421 21255 29433 18478 8135 13451 20437 19232 20868 21699 23300 16271 32126 12619 23236 35094 17533 19253 39867 26303 19556 24957 32986 15933 12196 31041 23680 36455 30709 14579 16581 19881 23476 36497 38302 31816 27205 29842 13261

10299 7390 7031 8472 10011 6048 10492 6305 12559 6963 2542 3918 4743 8551 6856 7119 1531 4415 4164 10825 5152 8788 3062 9992 2712 6068 17458 3782 5031 13093 7754 4593 8294 9443 5401 2666 8664 5714 17692 8842 2599 3101 11362 8989 17709 17551 14924 13365 8184 4483

175305 136474 78453 73100 171987 74683 92515 36644 198000 139301 27445 23562 23034 89311 126332 141375 67935 11423 80376 182317 99603 144881 22846 118038 74042 56173 274079 32233 75211 159433 104768 53383 114834 79433 107218 81959 75663 36305 280374 79396 45918 72233 198000 150423 282712 269592 234531 216209 69254 97680

14104 10872 9452 10186 10309 8668 12441 7754 12529 10040 3542 5082 6005 10597 10274 10214 4313 5638 2061 14718 4237 12438 4123 12767 5635 7817 21789 5177 8073 16239 11122 6723 11726 11267 8646 5230 10401 7099 19186 10594 5350 2795 14964 12662 22071 18497 15556 17561 9863 7618

4719 4738 8597 11897 10320 7583 14113 10500 12031 6905 7254 7875 9152 10064 5467 6371 7005 8870 9277 3656 10130 6729 7312 10878 5869 8497 9506 7622 6695 13554 8172 7390 7707 13238 5406 7151 12428 9845 15675 11583 6547 8360 10130 5845 12180 16314 14559 5847 11614 5613

2204 1718 1581 1691 1302 1463 2030 1326 1635 1593 693 924 1063 1760 1628 1619 733 1008 555 2296 390 1953 780 2079 931 1335 3066 939 1298 2600 1756 1171 1846 1853 1384 871 1722 1227 2673 1752 889 505 2041 1987 3108 2532 2090 2723 1643 1229

33087 23443 23170 37575 50155 19559 48702 36072 57236 36022 26166 23493 30494 29263 14919 33813 25682 30655 35084 31815 38614 11166 22333 29102 20982 23524 56025 21214 17380 40178 17905 20255 15978 42538 17975 26288 39775 32512 74738 35911 21002 31291 49368 15978 67091 77038 67697 40884 36405 20830

29547 21819 12087 14277 30208 10393 19877 9670 34960 23989 3801 2252 5847 14071 19650 23844 11199 6260 13471 30993 16984 22873 0 19319 10703 8017 46945 2293 10145 26881 15889 6157 17728 16757 16158 13513 14856 7665 50147 14257 4959 11984 34713 24051 50189 48040 41634 36675 13492 14897

19258 15154 4883 8660 22473 5240 12851 10822 25140 18677 8930 6798 9435 4715 11943 18148 11947 9496 14265 19106 16203 11616 7106 3553 10898 5631 28226 6684 7117 7725 6509 5973 7911 10537 11924 12593 9496 9405 33421 7486 7881 13444 24198 13429 31946 32615 29081 22522 8227 12293

32600 22120 24063 31410 36263 20115 39682 24603 43406 26098 11050 13644 18976 29538 20197 24684 10012 17796 19495 34493 23056 27157 10541 33424 5270 20594 59259 12362 14845 44597 26668 15282 26495 35297 14936 10622 32488 21866 64743 31379 8099 15669 41636 27879 64804 63420 53958 43640 30250 11650

19133 14415 4124 7502 21736 4258 12148 8180 24693 17191 5611 2952 5851 5337 11613 17111 9697 5918 11525 19369 13673 12852 3268 8547 9073 1634 29479 2801 5623 13172 7620 3075 8745 9583 10952 10784 8420 6693 33190 6967 5560 10615 23935 14794 33148 32667 28750 23156 7022 11361

175156 190444 281463 355282 238383 258749 406770 325852 225170 205569 253234 264755 294457 314332 211356 210756 242970 289434 287742 170788 273327 239639 248102 332568 222222 279224 124051 257875 238875 392519 271962 254436 261534 380835 205405 233251 365874 308872 262243 348348 234998 267212 177231 219819 183947 276549 279934 151733 352989 210046

31417 23339 11056 15023 33379 9282 22113 11424 38298 25597 5582 2430 7436 13292 19279 25460 12766 7551 15708 32571 19387 22351 1601 18629 11698 6794 49650 800 9022 26549 15038 4846 16963 18384 18146 14626 16408 8878 52990 15002 5683 14150 36827 24738 53033 52629 45921 39055 14201 16091

22292 15532 8585 15815 27305 6079 22449 14122 31534 21286 7458 6609 10790 12212 11525 20448 11037 10887 16351 22629 18460 14092 5916 13959 8953 7422 37089 5247 2958 20575 9380 4675 9917 18779 10579 12122 17129 11995 44699 15038 5121 14086 30040 16086 42325 43386 37782 28046 15128 11164

35887 29205 12480 18630 41122 13061 25455 22151 45465 34940 19069 15598 19892 12207 23976 34080 23982 19991 27757 35640 30912 23444 16099 10314 22275 13699 50490 15413 16118 8049 15128 14256 17411 21687 23945 25034 19991 19843 58502 16718 17362 26420 43931 26395 56547 57636 51882 41202 17925 24545

12035 8916 3727 7937 15528 2988 11116 8229 17556 12413 5826 4628 6632 5471 6476 11884 7270 6678 9817 11792 10828 6101 4440 5425 6843 4123 18722 4120 3693 8596 2220 3580 3285 9358 7288 8021 8567 7210 23593 7374 4435 8731 16331 7478 21757 23235 20550 14388 7608 8162

16816 12300 4673 8907 19038 3674 13346 7880 21863 14695 4330 2861 5655 6838 9623 14610 7526 5719 9982 17041 12034 11338 2398 8891 6931 3300 26701 1952 3900 13310 6886 1199 7961 10895 8991 8573 9784 6460 29982 8388 3574 9112 21992 12670 30199 29780 26037 20660 8448 9382

33291 24043 13451 25678 45466 10386 35106 25927 51477 34720 17347 15249 21192 18623 16808 32845 22433 21329 29985 32571 32982 15695 14693 18486 19385 13751 53121 13742 10951 27888 8982 12141 7346 30148 19402 23889 27802 22904 67566 24266 14025 26766 46032 19779 62514 69570 61607 40269 24685 21808

946126 772783 372672 171891 941607 399465 229188 203364 1052973 801673 322800 261306 229995 336196 681269 810550 496143 258078 549405 987768 631719 728398 261790 467575 512606 298912 1361570 298428 451435 644793 516318 354111 575875 130895 640112 556184 145421 201588 1394657 221440 377998 514543 1052973 803126 1415639 1359472 1209370 1121245 178024 610899

11074 6516 9745 14620 17265 8055 18070 12049 20125 11582 7198 7592 9802 12191 5780 10692 6792 9607 10578 11927 12000 8559 6353 13369 4891 8961 21336 7495 5951 17830 10200 7109 9514 16229 3176 7028 15116 10875 27174 14096 5378 9051 16956 8848 24582 28075 24330 15579 14222 4326

15829 11730 12055 14909 14887 10463 18181 11400 18098 9950 5307 7379 8870 14516 10865 10202 3806 8340 7557 17293 9159 13994 5984 16447 4154 10495 26946 6793 8459 21470 13235 8116 13697 16483 8500 2992 15221 10444 27326 15353 4886 5837 17073 14319 27353 27097 22842 21406 14443 7022

260549 211357 97602 40426 259264 105128 73603 59561 291477 219479 83331 65940 56946 87232 185247 222003 132614 73007 147849 269818 171160 198738 65986 124584 137295 76540 378755 76494 119995 174969 138442 92233 155375 45566 173638 149685 32993 48961 388070 54606 99025 137846 290926 219984 394035 378067 335391 310337 42170 165240

137814 108160 60774 37261 137095 58008 63568 27330 156514 113056 30982 20497 15076 61549 97731 114578 60691 24757 69875 142959 83983 109515 20525 84066 63513 44425 209073 26860 58395 114439 80082 42378 87468 46721 85421 70981 39142 10262 214743 41936 40442 63900 156127 117123 218284 208713 182987 167828 34439 80359

45190 41683 54470 59493 29821 51403 65177 52117 27688 32544 40378 44494 47243 59211 47631 34351 38581 46820 37823 48504 35461 53659 42775 64357 39250 51465 40960 44335 48318 73399 57395 46882 55712 61907 44450 37012 59475 50292 21387 60630 40660 36889 30385 54285 34060 23696 24243 45428 59070 41092

22574 17974 7146 4104 23542 8089 8618 6428 26371 19848 7822 5211 5621 5744 15256 19762 12226 7047 13579 22804 15670 16305 5658 9081 11939 5543 32644 6154 9417 13583 10795 6937 12308 6121 14604 13612 4997 4907 35329 2829 8519 12693 26231 18261 35444 34157 30344 26490 3636 14436

80057 56481 38011 53182 85773 30699 70728 39587 100523 63100 15801 16494 27925 49316 49862 62659 25677 26917 44210 82915 51564 61965 10086 58183 22567 30846 133135 13847 23134 81255 43390 19877 47404 61209 39209 31140 55409 33472 142906 53119 5043 36309 95817 63289 143032 141855 122313 103360 50787 35364

58028 43758 39723 42962 45043 36260 52917 32225 54677 40086 13627 20427 24504 44777 41119 40854 14800 22884 13348 60736 18235 50669 16196 54356 20636 32504 91957 20846 31401 69686 44861 27673 47528 47737 33928 18849 43884 29335 84235 44763 19379 8098 61825 51661 93199 81191 68206 73289 41538 29391

11687 10319 16111 18256 9625 14832 20714 15620 8793 7559 11041 12598 13719 17960 12502 7885 9913 13320 12732 13667 11825 14853 11550 19329 10071 15090 13193 12158 13052 23103 16310 14031 15654 19439 11261 9301 18490 14901 14420 18590 10725 11440 5775 15097 13994 15320 12357 14935 17905 9951

19812 14312 16981 25818 30875 14743 32575 23312 35262 22118 16250 16268 19856 20756 9331 20750 16000 19556 21825 17087 24012 9543 14550 20656 13087 17100 32087 14856 12481 27518 13718 14262 12525 28893 11225 16375 27181 21506 46393 24875 13050 19475 30675 7275 38943 47856 42043 22706 25093 12993

107792 115691 168663 190737 120397 157010 210766 169251 113618 103562 131938 144628 153760 185526 134768 109304 122750 150511 145721 113954 138325 149278 136084 193650 124879 163256 89976 141042 142499 224408 164573 150483 160511 200373 123367 117764 192641 163396 108212 193454 129361 135188 93057 139110 68042 115551 117288 104178 187935 125748

50320 46673 57109 60151 29943 53921 66703 53124 27725 37172 40919 45381 48057 62039 52583 39050 40589 46994 38262 53765 35074 58814 42605 65905 40553 53307 45922 46572 49175 75966 59473 49220 61003 63303 49184 38958 60774 51227 25572 61352 42752 37291 34927 59519 38748 21302 24143 50567 59235 45803

13547 12443 15576 16502 7348 14610 18481 14368 6676 9565 10672 12024 12834 17069 14205 10134 10572 12512 9867 15145 8902 16103 11183 18240 10561 14424 14940 12384 13172 21287 16292 13186 16755 17451 13197 10078 16686 13794 8777 16860 11227 9573 9046 16305 12767 8172 5591 17640 16219 12151

1568 1572 2542 3371 2975 2287 3928 3020 3140 2117 2205 2361 2682 2911 1756 1983 2142 2611 2713 1300 2927 2073 2174 3115 1857 2517 2006 2297 2064 3788 2435 2239 2318 3664 1740 2179 3495 2856 3556 3292 2072 2483 2603 1850 2678 3717 4040 1087 3300 1792

101089 81178 34056 14036 101528 37057 34221 24448 114155 85625 31329 21905 20807 29883 69009 86632 50983 27212 57059 102699 66392 74352 23899 44780 51935 25656 147937 26114 42986 64873 50343 31915 56510 23076 66429 57791 18025 17622 155129 16909 36673 53106 114118 82825 155275 148907 131888 119151 11949 63080

7969 4856 7095 9693 10916 5941 11999 7886 12864 7029 4190 4847 6351 8766 4903 6421 3907 6030 6493 8552 7464 6801 4001 9570 2614 6560 14979 4498 4503 12617 7978 5294 7448 10753 3124 4073 9987 7090 17673 9684 3335 5450 10694 6998 17196 18323 15742 11047 9376 2000

27 36 52671
13 32 32180
27 39 57498
38 48 44860
25 39 27692
9 26 53620
3 46 22733
4 41 36159
5 29 56414
7 19 66155
34 48 43622
23 36 19283
24 29 51557
17 26 64295
0 35 65772
14 23 29778
19 32 32002
31 32 50533
21 23 10802
2 8 44016
21 47 52766
1 40 32212
19 20 55285
20 37 26053
26 44 32118
8 18 53942
32 38 39578
3 32 67883
30 39 21510
3 39 13943
16 42 15392
18 45 16323
38 39 36124
24 28 62890
33 42 51183
34 47 65959
16 28 58652
5 48 63917
11 46 44260
12 17 57208
6 19 12213
37 45 17882
2 18 66491
15 46 65913
24 40 12176
25 35 14404
14 34 25690
22 34 46321
7 11 54937
8 12 38636
25 30 20336
13 27 49845
8 13 12990
2 34 65621
39 48 18040
9 39 47251
0 25 61705
21 25 47618
4 43 45133
2 7 25357
21 48 51561
0 4 50525
35 37 31681
20 38 29827
14 28 55557
14 42 25006
3 47 25786
45 48 44208
16 23 31065
2 46 60046
4 12 43558
2 42 33278
1 30 20070
22 48 52191
21 49 41333
2 5 22246
7 28 56595
5 21 69167
32 48 58567
1 8 53674
24 35 49945
38 41 21045
1 22 45661
2 6 52935
6 7 28808
22 41 53701
8 35 30186
39 44 20512
15 29 43461
18 32 65319
3 30 48013
30 49 25022
24 47 57987
4 6 21836
23 42 44849
27 38 55686
2 12 36842
22 29 12777
3 11 42037
3 15 57908
22 47 14966
5 11 15594
13 29 33328
46 48 25036
18 21 57786
22 35 64662
5 26 37283
7 14 56523
6 40 15970
0 2 37992
0 45 52340
12 36 55915
26 28 61181
16 38 28000
3 29 50992
40 42 19988
26 37 23844
25 49 23320
22 27 42644
27 29 57305
4 37 30782
18 24 32799
32 40 12326
25 40 18768
2 39 44635
18 23 59319
28 32 64454
16 47 11476
0 48 62096
22 44 36490
11 34 59384
14 37 67062
20 40 54228
29 40 22712
5 28 22098
34 44 54156
20 24 29516
16 36 61524
18 37 40678
6 42 47629
16 27 41658
11 25 23017
5 49 33543
0 14 44981
16 35 53161
20 26 26677
2 9 67113
11 17 67005
25 43 39998
30 34 39756
30 41 54309
5 30 60780
24 26 14697
6 38 56636
42 48 21690
1 14 49332
4 9 58097
15 22 28286
7 9 50808
13 18 62335
9 19 66920
10 41 52335
26 48 59397
13 21 51147
17 49 17189
2 22 23637
32 42 47445
46 49 48848
7 21 27303
23 39 30265
26 39 26476
21 46 11103
21 36 43283
31 48 62162
19 42 46085
37 48 38586
21 45 18838
17 45 43197
4 36 35590
29 46 60979
26 38 25095
17 29 19898
23 43 51758
32 47 29792
8 23 18676
9 29 15590
28 41 21266
3 42 66773
37 39 33877
26 42 14216
2 32 59108
9 23 30796
28 31 56551
23 31 60647
0 39 24085
0 19 15882
15 35 26426
22 32 61530
2 44 54730
17 39 55872
15 42 33937
12 39 11205
24 37 56975
4 35 67220
19 34 63367
19 22 45202
10 48 35805
8 24 24348
26 43 18398
1 26 13537
13 17 15326
21 42 45636
19 45 23436
17 34 69228
35 38 65428
22 37 44255
33 44 14817
18 42 16693
6 16 41028
12 21 50837
14 39 33053
9 10 42278
40 43 23775
20 45 19603
19 35 45067
10 31 37860
4 16 37629
11 24 13635
30 43 41532
2 13 22358
18 35 11649
3 24 65470
1 18 35707
38 47 10766
22 40 14831
12 28 41216
19 46 45969
44 45 52780
2 37 55564
13 19 66510
32 44 56317
26 45 13033
9 30 42146
24 42 21895
20 41 12260
23 49 49716
28 38 56151
20 25 29220
20 30 68553
31 46 39321
33 41 10057
12 40 31605
27 32 23741
21 29 23832
20 23 53351
0 11 10950
12 46 63836
0 24 20979
17 23 14585
10 29 47510
0 21 45481
2 26 28377
1 45 55122
10 38 11187
35 46 29143
30 46 12096
28 46 42403
4 46 17254
14 24 54876
15 33 27967
28 34 13764
46 47 53335
28 44 31000
1 23 58053
21 34 65231
34 40 45403
20 33 37768
7 34 63524
21 24 64623
25 48 48463
44 47 32844
3 33 16822
12 18 10067
19 27 58728
2 24 30655
28 49 65562
34 38 59678
21 27 36633
0 26 16540
3 26 16405
27 48 14142
14 31 52021
5 19 34782
24 25 11407
28 29 53208
28 30 53925
19 39 13503
41 45 37754
9 47 61180
0 9 58379
2 15 67864
14 26 17086
41 44 53856
15 28 28863
13 44 65139
13 33 61229
10 24 16408
16 48 45049
6 32 54752
10 21 11030
25 32 23512
17 22 29738
1 10 29996
8 40 35722
24 46 18465
23 32 50651
8 20 31283
21 22 20285
22 36 29426
40 46 49967
27 47 26690
25 37 45711
41 47 44130
29 44 51472
5 46 47118
19 28 27338
42 46 35397
16 44 50621
12 16 67235
10 15 38719
23 40 51142
28 45 65098
7 32 45805
32 34 34998
9 46 23960
6 39 53086
35 42 26226
2 33 42511
30 42 40277
10 49 23121
9 42 55684
23 33 65932
39 47 55002
23 28 15679
3 19 31654
5 20 15610
19 25 68473
9 32 65080
14 48 25895
16 37 27898
27 41 45046
3 14 42586
14 43 63610
11 15 19176
16 43 36200
21 38 40727
40 45 48657
7 17 13739
11 49 21348
0 32 45891
13 25 42458
10 18 62490
10 23 40988
24 45 30405
23 48 39630
9 18 67091
38 44 25633
2 19 68000
35 47 51744
28 33 55911
13 45 21120
39 49 37427
9 16 51842
34 39 18264
22 49 43107
5 12 25638
0 15 23874
12 42 41579
33 40 20718
42 49 51913
9 45 11620
2 47 67907
25 34 24498
15 41 65230
19 49 29225
2 14 62841
22 31 48099
18 28 67882
2 10 66581
8 48 59447
17 33 55915
23 46 39038
31 41 64080
13 38 39045
5 43 11586
10 46 33709
20 47 48278
16 24 27219
6 12 31708
26 40 30021
0 23 25272
6 9 54971
39 43 57449
12 45 67115
32 43 63236
31 38 30555
13 37 34895
13 49 29252
0 42 14276
38 42 45613
12 15 11164
7 42 15896
1 2 55663
33 48 37805
38 45 23268
20 29 14887
4 24 30646
22 30 61368
10 34 24912
9 27 27226
1 13 50814
35 43 22969
20 21 68407
3 22 57036
12 49 52015
9 31 69993
9 33 32888
11 43 30292
3 5 39355
1 28 66739
10 30 50314
3 37 54627
33 45 51710
15 21 49905
24 31 63884
17 25 57088
26 30 22602
0 30 28779
9 37 16339
26 41 26878
12 38 16534
0 22 29647
17 38 44918
35 44 14339
9 48 57452
4 14 58186
10 36 31370
0 12 30240
4 11 49553
2 16 46282
16 34 47466
10 39 42510
21 26 11393
32 35 58016
1 6 41688
34 46 53408
23 30 10150
21 30 64576
5 33 25843
5 32 39505
6 25 61315
48 49 18299
1 25 36275
14 49 55167
20 43 58204
6 49 42301
15 23 54397
5 18 10805
11 22 13222
4 18 60736
21 43 39826
20 48 19757
7 33 32525
40 44 14743
11 16 36239
29 49 19977
34 35 62930
17 36 57609
12 30 52360
0 18 54625
20 32 46033
30 31 29826
11 29 27134
4 13 47427
1 19 29984
7 8 58823
13 15 42977
42 45 30134
12 47 65541
34 42 58820
18 25 59640
16 45 68998
18 30 67119
18 46 38057
19 30 54164
11 33 67465
0 27 10357
1 4 38560
39 46 68270
37 41 13580
1 3 41439
18 19 38096
12 19 35480
11 40 63964
0 17 54982
16 32 61719
5 34 26083
7 20 47911
23 26 61471
19 40 68444
3 23 44679
33 38 37503
6 30 40412
36 40 61813
6 31 27072
28 37 60396
7 43 62778
12 37 60050
25 44 32672
11 13 10461
36 39 48869
8 10 22311
11 48 69459
26 47 58131
1 35 62511
13 47 65766
7 16 55595
13 35 62869
16 26 34325
18 43 66008
9 24 66449
28 40 17906
3 35 34103
3 36 44071
9 22 24013
0 38 19084
37 44 35789
14 22 40096
12 20 69139
17 44 39402
7 49 50682
6 23 43817
20 34 66906
4 34 33236
2 31 47772
44 46 36120
8 27 23631
26 35 52693
43 49 26169
0 16 46304
7 12 53154
33 36 17181
6 20 10757
15 36 64755
21 35 65312
14 30 15411
6 27 60520
16 22 63049
31 34 68280
47 48 36988
40 47 59056
15 34 16870
5 15 44894
29 38 35301
4 29 50941
45 47 58907
14 40 56529
10 40 28872
17 24 41146
25 29 67810
22 38 58275
37 47 33970
5 10 53769
18 41 67323
18 48 57207
13 16 43683
7 23 33442
28 43 22980
4 47 26375
14 25 61755
13 31 11426
10 44 21671
4 15 68936
34 37 24327
42 44 28569
21 32 16389
11 18 29738
19 44 19088
8 33 21580
6 8 40160
25 33 46076
16 21 10636
4 21 47030
6 10 33113
32 46 48080
2 35 40113
8 17 34162
35 48 46751
45 49 58985
2 28 65308
20 27 44560
13 23 59402
27 46 29278
10 19 28328
13 34 68867
15 19 28627
25 38 62012
16 18 32309
21 40 41607
11 35 30529
9 41 36206
30 38 43034
24 38 54344
20 36 35141
9 11 69504
18 44 12912
21 41 53673
24 30 29241
7 10 22000
2 43 65253
13 43 59401
29 47 10219
16 40 18031
12 35 48573
11 37 33332
1 48 68255
36 44 18685
7 25 57494
34 36 45005
2 45 19812
0 20 64945
23 25 19565
6 48 69215
9 43 36365
36 47 50036
6 35 68081
6 26 54992
37 42 54190
8 19 42532
0 36 38741
14 46 14719
31 47 68738
31 49 23917
33 35 59063
8 37 46021
30 40 23420
43 44 14117
32 36 29693
44 48 42661
17 28 38260
27 42 37089
4 30 44204
16 46 38479
12 33 57263
6 24 22776
19 23 61811
5 13 55517
31 43 43604
34 45 61448
22 23 30522
27 30 65560
15 24 56392
26 36 52230
0 46 16916
27 37 34899
21 28 44408
2 27 27139
19 29 19890
27 45 28598
4 20 59672
35 49 60774
4 5 33317
6 14 10551
18 29 14691
10 43 34522
3 6 58716
32 49 28111
4 8 50782
35 39 30551
11 45 12915
27 33 19041
3 25 57640
8 42 59262
2 29 47521
5 36 44903
21 31 24181
29 34 51474
3 48 42562
23 24 57785
17 37 55064
23 37 63084
14 29 65487
1 20 53598
16 39 57456
19 31 12402
31 33 18496
15 20 31864
14 21 29542
4 23 40529
14 27 50462
11 14 31356
29 42 31303
11 38 25921
36 43 31907
12 44 48137
22 39 62586
35 40 20622
8 31 66248
15 16 43367
6 33 41174
28 48 21305
8 41 64551
4 19 40956
15 43 22710
0 10 42071
34 49 28001
6 22 36891
16 25 35688
27 31 60564
14 15 36818
5 25 20751
6 37 65790
24 49 32305
22 45 64350
26 49 65389
7 24 34707
24 41 24988
6 44 27252
2 4 66392
19 48 55518
29 30 19856
0 47 27747
22 43 28963
14 33 47920
7 27 61798
33 49 67100
14 16 40505
24 27 12419
0 40 15489
20 39 26014
2 36 55736
7 35 38938
6 45 20564
5 9 38835
41 42 51648
4 28 64779
30 36 68979
7 26 18538
30 44 30466
12 14 59542
3 20 45356
3 16 53360
12 24 67475
2 40 19803
33 47 59852
9 36 62863
9 15 56654
4 25 14840
13 26 32257
9 12 53045
18 47 60358
15 40 54256
7 48 10792
9 21 31463
18 39 32175
29 39 62590
1 39 28562
26 29 14822
20 31 17151
2 11 34051
29 35 42979
11 47 15030
11 41 62989
1 49 53543
7 31 43865
40 41 44636
2 49 60464
14 20 42843
26 27 65317
4 31 33072
4 10 44528
30 37 40673
6 28 16432
41 43 54145
18 27 62619
18 49 66284
3 27 59150
24 33 49272
6 36 23266
15 49 21406
34 41 32317
14 32 25766
13 36 17804
14 44 33109
25 47 47229
22 28 39979
10 12 37841
9 38 65791
0 37 56944
8 47 44992
3 40 41985
25 31 29922
36 45 62165
39 41 34973
13 14 25607
5 45 36029
11 26 21752
1 47 16071
41 46 21015
12 13 17068
1 17 39143
42 47 67686
23 29 59884
6 18 57718
31 45 51830
17 35 52503
18 36 66145
1 24 40979
39 40 31774
0 34 19410
29 36 64528
5 47 66234
7 47 35177
19 38 24474
23 41 41485
12 26 12405
15 25 54453
29 45 69326
17 47 68197
3 45 41396
11 30 56461
29 48 40181
29 37 13460
8 21 48625
8 28 17296
11 23 29067
1 9 26797
6 15 29048
9 34 35138
17 31 49955
36 41 48260
0 5 16424
3 9 47640
6 29 38143
1 21 16284
1 12 41612
1 46 32788
1 38 12428
0 43 24733
37 49 66706
9 49 21839
16 20 31403
10 37 62939
5 6 59159
36 42 45877
4 32 46567
8 44 61564
22 42 42472
26 46 58035
7 44 11902
15 48 26010
3 28 56638
25 36 54226
45 46 29470
33 37 47406
19 43 13665
4 42 48537
6 17 64203
8 9 32713
38 40 25818
5 22 56300
21 37 23115
7 30 44385
23 47 46082
13 20 63402
11 20 50669
35 36 17693
26 32 26189
1 29 65241
18 40 44569
4 40 35037
8 25 29222
5 40 65972
11 27 40119
3 49 18380
5 41 41848
15 30 16685
16 33 22086
5 39 26462
0 6 64720
14 17 36132
16 41 42472
13 39 51358
12 32 20357
13 28 61942
4 26 28763
1 33 24022
38 49 52621
9 40 35108
0 31 58879
8 30 68439
12 43 33550
32 33 11993
41 48 54966
7 22 69632
5 24 65395
27 43 47778
18 38 17324
31 44 33727
33 46 43018
29 32 51893
9 25 58764
12 22 62240
0 41 60007
10 28 28882
5 37 22762
32 37 43997
1 42 47710
12 23 34848
7 45 60459
14 36 42430
24 43 60980
18 34 32930
20 46 35930
7 38 23480
10 17 37014
5 35 66836
28 35 37502
38 43 19634
27 40 44086
43 47 38523
14 38 30216
8 46 67636
17 19 40517
3 21 15181
2 17 67267
2 30 48054
0 28 52959
23 45 26733
32 45 23923
8 43 38119
1 44 20768
10 42 12687
11 28 42501
39 42 22917
3 18 43712
43 48 55263
13 42 56914
20 49 21422
44 49 32254
37 38 47372
8 34 65995
0 33 23233
37 46 22444
9 13 44067
8 11 36713
35 45 49458
7 36 53045
14 41 16358
2 20 59092
24 32 27130
4 48 44881
2 23 31450
11 19 36908
4 22 27540
27 34 36632
18 33 46317
43 45 17737
0 1 31733
5 14 15192
39 45 31660
10 32 11995
6 46 25960
2 21 46490
12 34 44496
5 42 38877
31 39 20202
1 15 29759
1 41 37933
27 44 31624
