50 50 962
25000 25000 25000 25000 25000 25000 25000 25000 25000 25000 25000 25000 25000 25000 25000 25000 25000 25000 25000 25000 25000 25000 0 25000 25000 25000 25000 25000 25000 25000 25000 25000 25000 25000 25000 25000 25000 25000 25000 25000 25000 25000 25000 25000 25000 25000 25000 25000 25000 25000
2609 3292 6739 8933 6803 5984 10355 7650 8084 4246 5219 5776 6641 7816 4374 3847 5033 6429 6719 3660 7358 5396 5219 8345 4182 6387 7391 5542 5038 10349 6400 5558 6051 9568 3792 4898 9064 7159 11178 8697 4781 6033 6661 5299 8845 11656 9977 5301 8663 3947

2368 1148 3204 4509 4028 2752 5457 3845 4791 2504 2396 2628 3220 3859 1838 2266 2285 3117 3299 2596 3680 2582 2296 4205 1779 2994 5115 2491 2189 5399 3046 2499 2838 4940 1446 2351 4642 3507 6634 4369 2035 2890 3943 2607 5984 6919 5919 3574 4385 1538

38119 28711 4914 17161 44553 7030 26409 19622 50450 35490 13876 9147 14977 9987 21848 35330 20546 15111 25670 37312 29954 23679 9828 13734 19303 6568 57472 8895 11180 22957 12390 7341 15489 21294 21806 22713 18992 16657 67393 15523 12297 23856 48568 27686 66066 66973 59161 44864 16203 22621

94158 75406 32372 11548 94124 35112 29982 21024 105322 79267 29681 21275 20071 28595 64292 80186 47630 25921 53179 95094 61702 69206 23096 42165 48700 24701 135170 25118 40527 60515 47246 30416 52911 19804 61669 53847 15191 17163 141838 16712 34762 49569 105288 76944 142841 137025 121516 110118 12183 58878

1432 1277 1715 1883 566 1580 2152 1577 838 876 1061 1250 1363 1923 1524 955 1016 1318 949 1655 814 1789 1133 2087 1015 1583 2005 1269 1379 2512 1815 1381 1823 2008 1383 947 1901 1497 1685 1925 1108 908 1169 1798 2040 1600 1240 2003 1836 1237

29389 21549 6421 15994 35203 3514 23701 16197 40108 27663 10383 7483 12332 10627 15840 27251 15232 12444 20193 28704 23757 17769 7029 12654 13919 6260 45474 6253 6966 20326 9090 4947 10956 19446 15805 17035 17517 13730 54202 15093 8371 18684 38375 21102 52622 53852 47354 34986 15197 16483

181956 151443 81972 45118 179349 86890 28499 43134 199791 153664 65767 58805 48555 75277 138615 155294 97584 53176 107361 187467 122469 147325 56998 99391 102384 68433 259515 65619 96429 131920 108338 78565 118381 37594 126439 108605 40319 50569 262507 54213 78328 100962 199791 160389 266358 256048 228497 214099 46244 120958

70158 56137 33391 20160 68960 32030 26544 6370 78353 57158 16770 13571 8861 34044 51550 57907 31390 10985 35882 72690 42824 57376 12741 45125 33595 25346 105796 16702 32220 60071 42892 24339 46527 21820 44649 36454 21085 12128 107171 24366 22542 32942 78353 60248 108940 104203 91544 84928 20704 42130

1719 1555 2020 2186 797 1877 2480 1869 697 1127 1324 1525 1646 2242 1817 1211 1359 1593 1205 1956 1061 2099 1395 2416 1275 1880 1940 1538 1663 2869 2127 1665 2135 2327 1668 1203 2218 1789 1599 2239 1374 1156 1050 2109 1977 1509 1125 2149 2144 1511

1038 879 1459 1709 1024 1320 1995 1402 1305 464 869 1050 1181 1674 1133 546 738 1134 1066 1268 1206 1406 928 1875 768 1323 1950 999 1145 2314 1562 1115 1500 1846 988 667 1736 1318 1983 1748 832 916 1087 1416 1986 2088 1720 1628 1668 837

282030 211282 141015 156813 275986 123980 205925 104130 324205 216434 12638 46089 66146 165880 198300 220212 86408 58178 109075 294806 144106 241573 25277 212999 97536 105504 461992 48149 106122 288418 178793 81738 185456 180442 162789 111960 161484 89774 468792 165811 55499 94239 323380 245901 477721 453818 389938 356556 149807 140603

50691 38013 17684 20961 51754 16554 32069 15322 59686 41572 8429 1231 9073 20938 32781 41335 20566 9254 24295 52228 30058 37595 2463 29549 19775 11074 79235 3830 16712 41956 25571 10170 28589 26227 28724 24385 23131 11333 83247 20927 10350 21854 59166 41335 84557 81009 70500 62387 19673 26656

87703 68425 38207 29484 86090 36375 42477 15319 98955 70203 15832 11526 5185 43485 62653 71210 35513 11563 41561 91111 50906 70496 10371 57448 38482 27377 135275 15741 36631 77569 50998 26021 55891 35788 53362 42330 30731 11599 137529 32581 23565 37602 98735 74362 139911 133534 116492 107586 27615 49972

8994 7014 1953 3076 10270 2400 5044 4089 11525 8342 3428 2289 3530 1217 5553 8308 5162 3558 5938 8844 6878 5947 2434 2672 4897 1741 13134 2275 3283 4634 3544 2352 4204 3955 5544 5623 3465 3423 15131 2520 3406 5551 11125 6799 14963 15041 13379 10451 2868 5718

22109 13806 17181 27575 34163 13983 36054 25399 39559 23393 16297 15828 21148 21809 7310 21709 15513 20779 22678 21463 25368 12569 14621 24038 11931 16866 39913 14091 11169 32479 15843 13360 14375 31372 9640 15974 29250 22701 52897 26598 12776 19787 33563 13114 48346 54681 47531 28374 26698 11815

16807 14001 25640 30561 19556 22905 35602 25154 24505 9679 15763 18421 21255 29433 18478 8135 13451 20437 19232 20868 21699 23300 16271 32126 12619 23236 35094 17533 19253 39867 26303 19556 24957 32986 15933 12196 31041 23680 36455 30709 14579 16581 19881 23476 36497 38302 31816 27205 29842 13261

10299 7390 7031 8472 10011 6048 10492 6305 12559 6963 2542 3918 4743 8551 6856 7119 1531 4415 4164 10825 5152 8788 3062 9992 2712 6068 17458 3782 5031 13093 7754 4593 8294 9443 5401 2666 8664 5714 17692 8842 2599 3101 11362 8989 17709 17551 14924 13365 8184 4483

175305 136474 78453 73100 171987 74683 92515 36644 198000 139301 27445 23562 23034 89311 126332 141375 67935 11423 80376 182317 99603 144881 22846 118038 74042 56173 274079 32233 75211 159433 104768 53383 114834 79433 107218 81959 75663 36305 280374 79396 45918 72233 198000 150423 282712 269592 234531 216209 69254 97680

14104 10872 9452 10186 10309 8668 12441 7754 12529 10040 3542 5082 6005 10597 10274 10214 4313 5638 2061 14718 4237 12438 4123 12767 5635 7817 21789 5177 8073 16239 11122 6723 11726 11267 8646 5230 10401 7099 19186 10594 5350 2795 14964 12662 22071 18497 15556 17561 9863 7618

4719 4738 8597 11897 10320 7583 14113 10500 12031 6905 7254 7875 9152 10064 5467 6371 7005 8870 9277 3656 10130 6729 7312 10878 5869 8497 9506 7622 6695 13554 8172 7390 7707 13238 5406 7151 12428 9845 15675 11583 6547 8360 10130 5845 12180 16314 14559 5847 11614 5613

2204 1718 1581 1691 1302 1463 2030 1326 1635 1593 693 924 1063 1760 1628 1619 733 1008 555 2296 390 1953 780 2079 931 1335 3066 939 1298 2600 1756 1171 1846 1853 1384 871 1722 1227 2673 1752 889 505 2041 1987 3108 2532 2090 2723 1643 1229

33087 23443 23170 37575 50155 19559 48702 36072 57236 36022 26166 23493 30494 29263 14919 33813 25682 30655 35084 31815 38614 11166 22333 29102 20982 23524 56025 21214 17380 40178 17905 20255 15978 42538 17975 26288 39775 32512 74738 35911 21002 31291 49368 15978 67091 77038 67697 40884 36405 20830

29547 21819 12087 14277 30208 10393 19877 9670 34960 23989 3801 2252 5847 14071 19650 23844 11199 6260 13471 30993 16984 22873 0 19319 10703 8017 46945 2293 10145 26881 15889 6157 17728 16757 16158 13513 14856 7665 50147 14257 4959 11984 34713 24051 50189 48040 41634 36675 13492 14897

19258 15154 4883 8660 22473 5240 12851 10822 25140 18677 8930 6798 9435 4715 11943 18148 11947 9496 14265 19106 16203 11616 7106 3553 10898 5631 28226 6684 7117 7725 6509 5973 7911 10537 11924 12593 9496 9405 33421 7486 7881 13444 24198 13429 31946 32615 29081 22522 8227 12293

32600 22120 24063 31410 36263 20115 39682 24603 43406 26098 11050 13644 18976 29538 20197 24684 10012 17796 19495 34493 23056 27157 10541 33424 5270 20594 59259 12362 14845 44597 26668 15282 26495 35297 14936 10622 32488 21866 64743 31379 8099 15669 41636 27879 64804 63420 53958 43640 30250 11650

19133 14415 4124 7502 21736 4258 12148 8180 24693 17191 5611 2952 5851 5337 11613 17111 9697 5918 11525 19369 13673 12852 3268 8547 9073 1634 29479 2801 5623 13172 7620 3075 8745 9583 10952 10784 8420 6693 33190 6967 5560 10615 23935 14794 33148 32667 28750 23156 7022 11361

175156 190444 281463 355282 238383 258749 406770 325852 225170 205569 253234 264755 294457 314332 211356 210756 242970 289434 287742 170788 273327 239639 248102 332568 222222 279224 124051 257875 238875 392519 271962 254436 261534 380835 205405 233251 365874 308872 262243 348348 234998 267212 177231 219819 183947 276549 279934 151733 352989 210046

31417 23339 11056 15023 33379 9282 22113 11424 38298 25597 5582 2430 7436 13292 19279 25460 12766 7551 15708 32571 19387 22351 1601 18629 11698 6794 49650 800 9022 26549 15038 4846 16963 18384 18146 14626 16408 8878 52990 15002 5683 14150 36827 24738 53033 52629 45921 39055 14201 16091

22292 15532 8585 15815 27305 6079 22449 14122 31534 21286 7458 6609 10790 12212 11525 20448 11037 10887 16351 22629 18460 14092 5916 13959 8953 7422 37089 5247 2958 20575 9380 4675 9917 18779 10579 12122 17129 11995 44699 15038 5121 14086 30040 16086 42325 43386 37782 28046 15128 11164

35887 29205 12480 18630 41122 13061 25455 22151 45465 34940 19069 15598 19892 12207 23976 34080 23982 19991 27757 35640 30912 23444 16099 10314 22275 13699 50490 15413 16118 8049 15128 14256 17411 21687 23945 25034 19991 19843 58502 16718 17362 26420 43931 26395 56547 57636 51882 41202 17925 24545

12035 8916 3727 7937 15528 2988 11116 8229 17556 12413 5826 4628 6632 5471 6476 11884 7270 6678 9817 11792 10828 6101 4440 5425 6843 4123 18722 4120 3693 8596 2220 3580 3285 9358 7288 8021 8567 7210 23593 7374 4435 8731 16331 7478 21757 23235 20550 14388 7608 8162

16816 12300 4673 8907 19038 3674 13346 7880 21863 14695 4330 2861 5655 6838 9623 14610 7526 5719 9982 17041 12034 11338 2398 8891 6931 3300 26701 1952 3900 13310 6886 1199 7961 10895 8991 8573 9784 6460 29982 8388 3574 9112 21992 12670 30199 29780 26037 20660 8448 9382

33291 24043 13451 25678 45466 10386 35106 25927 51477 34720 17347 15249 21192 18623 16808 32845 22433 21329 29985 32571 32982 15695 14693 18486 19385 13751 53121 13742 10951 27888 8982 12141 7346 30148 19402 23889 27802 22904 67566 24266 14025 26766 46032 19779 62514 69570 61607 40269 24685 21808

946126 772783 372672 171891 941607 399465 229188 203364 1052973 801673 322800 261306 229995 336196 681269 810550 496143 258078 549405 987768 631719 728398 261790 467575 512606 298912 1361570 298428 451435 644793 516318 354111 575875 130895 640112 556184 145421 201588 1394657 221440 377998 514543 1052973 803126 1415639 1359472 1209370 1121245 178024 610899

11074 6516 9745 14620 17265 8055 18070 12049 20125 11582 7198 7592 9802 12191 5780 10692 6792 9607 10578 11927 12000 8559 6353 13369 4891 8961 21336 7495 5951 17830 10200 7109 9514 16229 3176 7028 15116 10875 27174 14096 5378 9051 16956 8848 24582 28075 24330 15579 14222 4326

15829 11730 12055 14909 14887 10463 18181 11400 18098 9950 5307 7379 8870 14516 10865 10202 3806 8340 7557 17293 9159 13994 5984 16447 4154 10495 26946 6793 8459 21470 13235 8116 13697 16483 8500 2992 15221 10444 27326 15353 4886 5837 17073 14319 27353 27097 22842 21406 14443 7022

260549 211357 97602 40426 259264 105128 73603 59561 291477 219479 83331 65940 56946 87232 185247 222003 132614 73007 147849 269818 171160 198738 65986 124584 137295 76540 378755 76494 119995 174969 138442 92233 155375 45566 173638 149685 32993 48961 388070 54606 99025 137846 290926 219984 394035 378067 335391 310337 42170 165240

137814 108160 60774 37261 137095 58008 63568 27330 156514 113056 30982 20497 15076 61549 97731 114578 60691 24757 69875 142959 83983 109515 20525 84066 63513 44425 209073 26860 58395 114439 80082 42378 87468 46721 85421 70981 39142 10262 214743 41936 40442 63900 156127 117123 218284 208713 182987 167828 34439 80359

45190 41683 54470 59493 29821 51403 65177 52117 27688 32544 40378 44494 47243 59211 47631 34351 38581 46820 37823 48504 35461 53659 42775 64357 39250 51465 40960 44335 48318 73399 57395 46882 55712 61907 44450 37012 59475 50292 21387 60630 40660 36889 30385 54285 34060 23696 24243 45428 59070 41092

22574 17974 7146 4104 23542 8089 8618 6428 26371 19848 7822 5211 5621 5744 15256 19762 12226 7047 13579 22804 15670 16305 5658 9081 11939 5543 32644 6154 9417 13583 10795 6937 12308 6121 14604 13612 4997 4907 35329 2829 8519 12693 26231 18261 35444 34157 30344 26490 3636 14436

80057 56481 38011 53182 85773 30699 70728 39587 100523 63100 15801 16494 27925 49316 49862 62659 25677 26917 44210 82915 51564 61965 10086 58183 22567 30846 133135 13847 23134 81255 43390 19877 47404 61209 39209 31140 55409 33472 142906 53119 5043 36309 95817 63289 143032 141855 122313 103360 50787 35364

58028 43758 39723 42962 45043 36260 52917 32225 54677 40086 13627 20427 24504 44777 41119 40854 14800 22884 13348 60736 18235 50669 16196 54356 20636 32504 91957 20846 31401 69686 44861 27673 47528 47737 33928 18849 43884 29335 84235 44763 19379 8098 61825 51661 93199 81191 68206 73289 41538 29391

11687 10319 16111 18256 9625 14832 20714 15620 8793 7559 11041 12598 13719 17960 12502 7885 9913 13320 12732 13667 11825 14853 11550 19329 10071 15090 13193 12158 13052 23103 16310 14031 15654 19439 11261 9301 18490 14901 14420 18590 10725 11440 5775 15097 13994 15320 12357 14935 17905 9951

19812 14312 16981 25818 30875 14743 32575 23312 35262 22118 16250 16268 19856 20756 9331 20750 16000 19556 21825 17087 24012 9543 14550 20656 13087 17100 32087 14856 12481 27518 13718 14262 12525 28893 11225 16375 27181 21506 46393 24875 13050 19475 30675 7275 38943 47856 42043 22706 25093 12993

107792 115691 168663 190737 120397 157010 210766 169251 113618 103562 131938 144628 153760 185526 134768 109304 122750 150511 145721 113954 138325 149278 136084 193650 124879 163256 89976 141042 142499 224408 164573 150483 160511 200373 123367 117764 192641 163396 108212 193454 129361 135188 93057 139110 68042 115551 117288 104178 187935 125748

50320 46673 57109 60151 29943 53921 66703 53124 27725 37172 40919 45381 48057 62039 52583 39050 40589 46994 38262 53765 35074 58814 42605 65905 40553 53307 45922 46572 49175 75966 59473 49220 61003 63303 49184 38958 60774 51227 25572 61352 42752 37291 34927 59519 38748 21302 24143 50567 59235 45803

13547 12443 15576 16502 7348 14610 18481 14368 6676 9565 10672 12024 12834 17069 14205 10134 10572 12512 9867 15145 8902 16103 11183 18240 10561 14424 14940 12384 13172 21287 16292 13186 16755 17451 13197 10078 16686 13794 8777 16860 11227 9573 9046 16305 12767 8172 5591 17640 16219 12151

1568 1572 2542 3371 2975 2287 3928 3020 3140 2117 2205 2361 2682 2911 1756 1983 2142 2611 2713 1300 2927 2073 2174 3115 1857 2517 2006 2297 2064 3788 2435 2239 2318 3664 1740 2179 3495 2856 3556 3292 2072 2483 2603 1850 2678 3717 4040 1087 3300 1792

101089 81178 34056 14036 101528 37057 34221 24448 114155 85625 31329 21905 20807 29883 69009 86632 50983 27212 57059 102699 66392 74352 23899 44780 51935 25656 147937 26114 42986 64873 50343 31915 56510 23076 66429 57791 18025 17622 155129 16909 36673 53106 114118 82825 155275 148907 131888 119151 11949 63080

7969 4856 7095 9693 10916 5941 11999 7886 12864 7029 4190 4847 6351 8766 4903 6421 3907 6030 6493 8552 7464 6801 4001 9570 2614 6560 14979 4498 4503 12617 7978 5294 7448 10753 3124 4073 9987 7090 17673 9684 3335 5450 10694 6998 17196 18323 15742 11047 9376 2000

0 1 12008
0 2 58725
0 4 42675
0 5 54747
0 6 19623
0 7 52528
0 10 38320
0 11 64071
0 12 15268
0 15 28562
0 16 69512
0 18 21766
0 19 26583
0 20 17588
0 21 20545
0 22 24335
0 23 44712
0 25 61085
0 27 19781
0 28 48638
0 29 17527
0 30 19888
0 32 56421
0 33 42193
0 34 51660
0 35 67700
0 36 42417
0 38 24078
0 39 48123
0 40 41245
0 41 27760
0 42 50272
0 43 57707
0 44 13092
0 45 41026
0 46 68003
0 48 59320
0 49 12684
1 2 59621
1 3 47347
1 5 56117
1 6 35777
1 8 50252
1 9 63822
1 10 69073
1 11 19711
1 13 46117
1 14 31615
1 15 25124
1 16 34409
1 17 55290
1 18 43355
1 20 64052
1 21 51391
1 22 16620
1 23 67448
1 24 61819
1 26 31993
1 27 69905
1 29 58613
1 30 15672
1 31 20091
1 32 18242
1 33 47225
1 34 61352
1 35 34972
1 36 69392
1 37 65011
1 38 37048
1 39 56378
1 40 31151
1 41 24901
1 43 68393
1 46 20502
1 47 43620
1 48 51019
1 49 58214
2 3 10014
2 4 24784
2 5 14803
2 8 30656
2 9 13581
2 10 43651
2 11 66143
2 12 65683
2 13 11096
2 14 50015
2 15 68376
2 16 24477
2 17 16841
2 18 41137
2 19 65280
2 20 21238
2 21 35544
2 22 45709
2 23 62574
2 24 40249
2 26 13900
2 27 50205
2 28 18973
2 29 15902
2 30 24699
2 31 47778
2 32 50280
2 33 11114
2 34 63616
2 35 53760
2 36 30112
2 38 58858
2 39 32345
2 40 48604
2 41 23940
2 42 42847
2 43 12871
2 44 46203
2 45 53554
2 49 32879
3 4 62213
3 6 32182
3 11 49022
3 12 44294
3 13 22328
3 15 12620
3 16 25864
3 17 61140
3 18 52405
3 19 47071
3 20 20005
3 21 14096
3 22 46066
3 25 41196
3 26 58766
3 27 58135
3 29 52678
3 34 43979
3 35 32825
3 36 53776
3 37 32587
3 38 39765
3 39 45180
3 40 47397
3 42 56411
3 45 22803
3 46 11161
3 47 11440
3 48 29969
3 49 57680
4 6 40993
4 8 63818
4 9 56391
4 10 38075
4 11 26277
4 13 42472
4 15 47437
4 16 24221
4 17 52793
4 18 27205
4 23 57906
4 25 31533
4 27 57797
4 28 21816
4 29 29399
4 30 32107
4 32 55206
4 34 39074
4 35 55228
4 36 41228
4 37 56672
4 38 34679
4 39 29782
4 40 37976
4 41 26800
4 42 39222
4 45 38757
4 46 37559
4 47 40682
4 48 10185
4 49 21224
5 6 18345
5 7 29328
5 9 36908
5 10 32970
5 11 68977
5 12 21476
5 13 64638
5 15 13636
5 16 30370
5 17 28109
5 18 43399
5 19 23636
5 20 58039
5 21 62384
5 22 21212
5 23 62267
5 24 17006
5 25 43801
5 26 61536
5 27 50281
5 28 23322
5 29 22836
5 30 58835
5 33 69082
5 34 21037
5 35 60060
5 36 22915
5 37 24847
5 38 60067
5 39 28732
5 40 19303
5 41 20900
5 44 54951
5 45 43338
5 46 58010
5 47 29816
5 48 25351
6 8 67785
6 10 34197
6 11 22533
6 12 35665
6 13 38716
6 15 57402
6 16 61358
6 17 43188
6 18 23442
6 20 33132
6 21 32790
6 22 58933
6 23 11010
6 24 21095
6 25 26464
6 26 61413
6 27 18058
6 28 29310
6 29 20835
6 30 24504
6 32 38236
6 33 56435
6 35 46229
6 36 47347
6 38 10137
6 39 60319
6 40 32383
6 41 69923
6 42 11815
6 43 51943
6 44 27926
6 45 24490
6 47 25220
6 48 19534
6 49 33447
7 9 11224
7 10 12369
7 11 63614
7 13 40103
7 14 35197
7 15 31839
7 16 28855
7 17 58714
7 19 53895
7 20 26555
7 22 35985
7 24 21871
7 25 19660
7 26 53099
7 27 51839
7 28 54377
7 30 29255
7 31 33008
7 32 10841
7 33 17703
7 36 58420
7 37 26665
7 39 61402
7 40 56775
7 41 22285
7 42 44671
7 43 10571
7 44 19182
7 45 13239
7 47 36791
7 48 46126
7 49 56322
8 12 54569
8 13 67788
8 14 66165
8 15 19593
8 16 21633
8 17 51632
8 18 17720
8 19 68569
8 20 44074
8 22 23665
8 24 26808
8 25 43748
8 26 59504
8 27 40311
8 29 61232
8 30 64224
8 31 65547
8 32 35981
8 33 61419
8 34 47450
8 35 29126
8 36 36611
8 37 14180
8 38 40822
8 39 34730
8 40 21005
8 41 48544
8 42 40119
8 43 10627
8 44 44752
8 45 35735
8 47 67634
8 48 20580
8 49 46534
9 10 40903
9 12 11009
9 13 18529
9 17 29337
9 19 33600
9 22 23712
9 24 58464
9 25 32161
9 26 53202
9 27 48907
9 29 61793
9 30 30504
9 31 66880
9 32 50262
9 33 49407
9 34 43816
9 35 40558
9 37 64158
9 39 34230
9 40 35692
9 41 30946
9 42 16465
9 43 53849
9 44 39998
9 45 62213
9 48 40866
9 49 56934
10 12 12693
10 13 28561
10 14 62907
10 15 66080
10 16 41646
10 17 57648
10 19 18304
10 23 60626
10 24 19811
10 25 55946
10 26 20713
10 27 48821
10 30 44793
10 31 35002
10 33 27909
10 34 37618
10 36 41703
10 37 64710
10 39 29784
10 41 45949
10 42 68485
10 44 30784
10 45 36912
10 46 55242
10 47 16805
10 48 61754
10 49 22898
11 12 49339
11 13 50397
11 14 34838
11 15 25013
11 17 26494
11 18 68178
11 19 34900
11 20 22693
11 21 66241
11 22 54170
11 23 65803
11 24 57903
11 25 69479
11 26 27223
11 27 11401
11 29 18560
11 31 19751
11 32 67647
11 33 27510
11 34 46417
11 35 61598
11 36 36169
11 38 68762
11 39 31577
11 40 15338
11 41 35679
11 42 23730
11 44 43714
11 45 13065
11 46 10495
11 48 20246
11 49 59670
12 13 41477
12 14 25636
12 15 18113
12 16 36039
12 17 64361
12 19 62290
12 20 49981
12 23 66623
12 25 16689
12 26 11882
12 27 44868
12 28 41750
12 30 31420
12 31 68529
12 32 49970
12 33 19697
12 34 10791
12 35 13988
12 36 43096
12 37 14522
12 38 49172
12 39 33865
12 40 37920
12 41 28837
12 42 10916
12 43 47161
12 44 40314
12 45 14701
12 46 32962
12 49 47983
13 14 22560
13 17 27071
13 18 22827
13 19 23050
13 20 17075
13 21 50500
13 22 22301
13 23 23640
13 24 44254
13 25 37219
13 26 12134
13 28 35097
13 29 25029
13 30 35839
13 31 63293
13 32 43976
13 33 68037
13 34 45373
13 35 33352
13 36 49410
13 37 54225
13 38 35273
13 39 14398
13 40 64169
13 41 28414
13 42 20038
13 43 30448
13 44 24543
13 45 62221
13 46 52577
13 47 31348
13 48 18060
13 49 36855
14 15 61719
14 16 57159
14 17 13179
14 18 31887
14 19 37652
14 21 31821
14 22 24413
14 23 66931
14 24 63711
14 25 41996
14 27 22379
14 28 68858
14 29 51024
14 30 15816
14 31 36705
14 32 44439
14 33 15017
14 34 67953
14 36 11957
14 38 10130
14 39 15538
14 40 12421
14 41 13456
14 42 41340
14 43 10536
14 44 67114
14 45 40150
14 47 22318
14 48 55723
14 49 66809
15 17 20779
15 18 17182
15 19 22202
15 20 67030
15 21 41269
15 22 32078
15 23 48264
15 24 43587
15 25 44530
15 26 39675
15 28 46177
15 29 51593
15 31 37316
15 32 51666
15 34 38797
15 35 55809
15 36 48407
15 37 41732
15 38 29210
15 39 59170
15 40 35269
15 41 12841
15 42 59234
15 44 67231
15 45 63429
15 46 27485
15 47 14576
15 48 15680
15 49 47112
16 17 61392
16 19 36095
16 20 64410
16 22 23620
16 23 20690
16 24 32805
16 25 68419
16 27 58088
16 28 10916
16 29 67415
16 33 48970
16 35 26082
16 36 25551
16 37 34852
16 39 65614
16 40 21699
16 41 36066
16 42 14813
16 43 46839
16 44 45606
16 45 61320
16 46 15088
16 47 10656
16 48 19469
16 49 49990
17 18 60423
17 19 50873
17 20 66052
17 21 43659
17 22 13156
17 23 28931
17 25 31349
17 26 66026
17 27 36789
17 28 68531
17 31 22401
17 33 60828
17 36 62842
17 37 44967
17 38 29765
17 39 56692
17 40 67773
17 41 45403
17 42 51057
17 43 60758
17 44 32642
17 45 67795
17 47 15108
17 48 36690
17 49 66468
18 19 54689
18 20 36004
18 21 63713
18 22 13179
18 23 66728
18 24 60473
18 25 18324
18 28 67731
18 29 38492
18 30 37518
18 31 12885
18 32 40742
18 33 50008
18 34 48207
18 36 69248
18 37 15258
18 39 52221
18 40 57545
18 41 51191
18 42 51807
18 43 41044
18 44 13601
18 45 34944
18 46 43864
18 47 60620
18 48 17289
18 49 31095
19 21 45654
19 23 21254
19 24 62362
19 27 19355
19 28 36236
19 29 58561
19 31 29605
19 32 66366
19 34 51163
19 36 18136
19 37 28214
19 38 42793
19 39 47349
19 41 58101
19 44 68416
19 46 17771
19 47 27634
19 48 51565
20 21 11170
20 22 10153
20 23 58604
20 24 34499
20 25 59453
20 26 64096
20 27 18990
20 28 19004
20 29 17006
20 30 59842
20 31 23920
20 34 42382
20 35 45657
20 36 31613
20 38 69135
20 39 57344
20 40 31840
20 42 67721
20 44 38169
20 45 57428
20 48 33839
20 49 41059
21 22 45208
21 23 36408
21 24 14405
21 25 38888
21 27 52927
21 28 49908
21 29 32344
21 30 48003
21 32 45724
21 33 68329
21 34 47002
21 37 13326
21 38 56121
21 39 46636
21 41 49396
21 43 32203
21 44 21326
21 45 12727
21 46 29236
21 47 55022
21 49 58732
22 23 42618
22 24 41458
22 26 63567
22 27 35096
22 28 40862
22 29 53982
22 31 60390
22 32 33459
22 33 55450
22 34 35233
22 35 32339
22 36 54014
22 37 42934
22 38 48123
22 40 57093
22 42 46309
22 43 41758
22 44 56639
22 46 67857
22 47 23670
22 48 62080
22 49 16567
23 24 32366
23 25 41221
23 27 29132
23 28 16101
23 29 14762
23 31 21495
23 32 21364
23 34 19259
23 35 29288
23 36 49151
23 37 63756
23 39 46864
23 41 53431
23 42 24765
23 43 20129
23 44 20834
23 45 55772
23 46 44032
23 47 60215
23 48 48382
23 49 58186
24 25 17273
24 26 48569
24 27 63344
24 28 38373
24 29 44913
24 30 46668
24 32 30100
24 33 24667
24 34 66872
24 36 48838
24 37 32888
24 38 51939
24 39 59692
24 40 46397
24 41 47445
24 43 26014
24 44 15020
24 45 37661
24 46 31352
24 47 51493
24 48 57770
24 49 25930
25 27 59154
25 28 36313
25 29 33122
25 30 50864
25 31 25009
25 33 61406
25 34 25532
25 35 66463
25 36 20715
25 37 64337
25 40 36245
25 41 54877
25 42 24803
25 43 62805
25 44 36313
25 45 47829
25 46 33997
25 47 21522
25 49 28431
26 27 56150
26 30 46033
26 31 30997
26 32 23969
26 34 39659
26 35 19739
26 36 25986
26 37 38047
26 38 46058
26 39 56018
26 40 35019
26 41 63623
26 42 25427
26 43 41325
26 44 20869
26 46 54799
26 47 27586
27 29 56381
27 31 66120
27 32 45832
27 34 67327
27 35 49920
27 36 56961
27 37 63362
27 38 40537
27 39 15303
27 40 54065
27 43 47323
27 44 58661
27 45 35890
27 46 47346
27 47 20488
27 48 54744
27 49 19376
28 29 10854
28 30 61184
28 31 60049
28 32 68418
28 33 41434
28 34 14904
28 35 17170
28 36 39262
28 37 66397
28 38 31373
28 39 48762
28 40 51628
28 41 58590
28 42 59652
28 43 30115
28 44 61445
28 45 15732
28 47 42133
28 49 61897
29 30 51822
29 31 51652
29 32 44827
29 33 44327
29 34 40205
29 35 26284
29 39 54258
29 40 61080
29 42 60108
29 44 42192
29 45 68266
29 47 21132
29 48 29118
30 31 47123
30 32 26908
30 33 15330
30 34 40947
30 35 50769
30 38 64045
30 39 40469
30 41 16020
30 42 68402
30 43 30130
30 44 10808
30 45 39682
30 46 43383
30 47 63951
30 48 12276
30 49 18724
31 32 16635
31 35 23978
31 37 51715
31 38 22488
31 39 64810
31 41 16396
31 42 30746
31 44 67906
31 46 56199
31 47 44217
31 49 22845
32 33 47610
32 34 34443
32 35 48884
32 38 37289
32 39 61503
32 40 41400
32 41 38925
32 42 39061
32 44 41940
32 45 30962
32 46 14922
32 47 22697
32 48 10015
32 49 14688
33 34 65546
33 36 52718
33 37 13430
33 38 16662
33 40 68165
33 41 68132
33 42 25774
33 43 59892
33 44 33497
33 45 50812
33 46 43811
33 48 32861
33 49 50691
34 35 52265
34 36 22695
34 37 50779
34 38 14011
34 40 20673
34 41 16013
34 42 24481
34 43 16022
34 44 50939
34 45 25210
34 46 40451
34 47 11599
35 36 13475
35 37 32966
35 40 43320
35 41 48610
35 42 20188
35 43 54366
35 44 60453
35 46 51286
35 47 58426
35 48 34520
35 49 13104
36 37 37496
36 39 18110
36 41 57938
36 42 34852
36 44 56331
36 45 45162
36 46 20616
36 47 34114
36 48 28916
36 49 31714
37 38 42205
37 39 36099
37 40 63463
37 41 69555
37 42 13344
37 43 28382
37 45 30268
37 47 55120
37 49 41451
38 40 42745
38 41 68210
38 42 41788
38 43 34130
38 44 41151
38 45 45149
38 46 39139
38 47 43098
38 49 46442
39 40 44821
39 41 44110
39 42 69993
39 43 50209
39 44 41463
39 45 20489
39 46 30758
39 47 52534
39 48 65435
39 49 40804
40 42 13492
40 43 63469
40 45 12919
40 46 31841
40 47 64111
40 49 14574
41 42 26307
41 43 18312
41 44 28859
41 46 13183
41 47 44743
41 48 33756
41 49 20785
42 43 18171
42 44 44404
42 45 10474
42 46 13067
42 48 34908
42 49 61529
43 44 21773
43 45 36025
43 46 53499
43 47 51391
43 48 53366
44 45 46800
44 48 32818
45 46 40989
45 47 52224
45 48 32228
45 49 65370
46 47 33030
46 48 67433
46 49 40905
47 48 57015
47 49 59991
