50 50 613
25000 25000 25000 25000 25000 25000 25000 25000 25000 25000 25000 25000 25000 25000 25000 25000 25000 25000 25000 25000 25000 25000 0 25000 25000 25000 25000 25000 25000 25000 25000 25000 25000 25000 25000 25000 25000 25000 25000 25000 25000 25000 25000 25000 25000 25000 25000 25000 25000 25000
2609 3292 6739 8933 6803 5984 10355 7650 8084 4246 5219 5776 6641 7816 4374 3847 5033 6429 6719 3660 7358 5396 5219 8345 4182 6387 7391 5542 5038 10349 6400 5558 6051 9568 3792 4898 9064 7159 11178 8697 4781 6033 6661 5299 8845 11656 9977 5301 8663 3947

2368 1148 3204 4509 4028 2752 5457 3845 4791 2504 2396 2628 3220 3859 1838 2266 2285 3117 3299 2596 3680 2582 2296 4205 1779 2994 5115 2491 2189 5399 3046 2499 2838 4940 1446 2351 4642 3507 6634 4369 2035 2890 3943 2607 5984 6919 5919 3574 4385 1538

38119 28711 4914 17161 44553 7030 26409 19622 50450 35490 13876 9147 14977 9987 21848 35330 20546 15111 25670 37312 29954 23679 9828 13734 19303 6568 57472 8895 11180 22957 12390 7341 15489 21294 21806 22713 18992 16657 67393 15523 12297 23856 48568 27686 66066 66973 59161 44864 16203 22621

94158 75406 32372 11548 94124 35112 29982 21024 105322 79267 29681 21275 20071 28595 64292 80186 47630 25921 53179 95094 61702 69206 23096 42165 48700 24701 135170 25118 40527 60515 47246 30416 52911 19804 61669 53847 15191 17163 141838 16712 34762 49569 105288 76944 142841 137025 121516 110118 12183 58878

1432 1277 1715 1883 566 1580 2152 1577 838 876 1061 1250 1363 1923 1524 955 1016 1318 949 1655 814 1789 1133 2087 1015 1583 2005 1269 1379 2512 1815 1381 1823 2008 1383 947 1901 1497 1685 1925 1108 908 1169 1798 2040 1600 1240 2003 1836 1237

29389 21549 6421 15994 35203 3514 23701 16197 40108 27663 10383 7483 12332 10627 15840 27251 15232 12444 20193 28704 23757 17769 7029 12654 13919 6260 45474 6253 6966 20326 9090 4947 10956 19446 15805 17035 17517 13730 54202 15093 8371 18684 38375 21102 52622 53852 47354 34986 15197 16483

181956 151443 81972 45118 179349 86890 28499 43134 199791 153664 65767 58805 48555 75277 138615 155294 97584 53176 107361 187467 122469 147325 56998 99391 102384 68433 259515 65619 96429 131920 108338 78565 118381 37594 126439 108605 40319 50569 262507 54213 78328 100962 199791 160389 266358 256048 228497 214099 46244 120958

70158 56137 33391 20160 68960 32030 26544 6370 78353 57158 16770 13571 8861 34044 51550 57907 31390 10985 35882 72690 42824 57376 12741 45125 33595 25346 105796 16702 32220 60071 42892 24339 46527 21820 44649 36454 21085 12128 107171 24366 22542 32942 78353 60248 108940 104203 91544 84928 20704 42130

1719 1555 2020 2186 797 1877 2480 1869 697 1127 1324 1525 1646 2242 1817 1211 1359 1593 1205 1956 1061 2099 1395 2416 1275 1880 1940 1538 1663 2869 2127 1665 2135 2327 1668 1203 2218 1789 1599 2239 1374 1156 1050 2109 1977 1509 1125 2149 2144 1511

1038 879 1459 1709 1024 1320 1995 1402 1305 464 869 1050 1181 1674 1133 546 738 1134 1066 1268 1206 1406 928 1875 768 1323 1950 999 1145 2314 1562 1115 1500 1846 988 667 1736 1318 1983 1748 832 916 1087 1416 1986 2088 1720 1628 1668 837

282030 211282 141015 156813 275986 123980 205925 104130 324205 216434 12638 46089 66146 165880 198300 220212 86408 58178 109075 294806 144106 241573 25277 212999 97536 105504 461992 48149 106122 288418 178793 81738 185456 180442 162789 111960 161484 89774 468792 165811 55499 94239 323380 245901 477721 453818 389938 356556 149807 140603

50691 38013 17684 20961 51754 16554 32069 15322 59686 41572 8429 1231 9073 20938 32781 41335 20566 9254 24295 52228 30058 37595 2463 29549 19775 11074 79235 3830 16712 41956 25571 10170 28589 26227 28724 24385 23131 11333 83247 20927 10350 21854 59166 41335 84557 81009 70500 62387 19673 26656

87703 68425 38207 29484 86090 36375 42477 15319 98955 70203 15832 11526 5185 43485 62653 71210 35513 11563 41561 91111 50906 70496 10371 57448 38482 27377 135275 15741 36631 77569 50998 26021 55891 35788 53362 42330 30731 11599 137529 32581 23565 37602 98735 74362 139911 133534 116492 107586 27615 49972

8994 7014 1953 3076 10270 2400 5044 4089 11525 8342 3428 2289 3530 1217 5553 8308 5162 3558 5938 8844 6878 5947 2434 2672 4897 1741 13134 2275 3283 4634 3544 2352 4204 3955 5544 5623 3465 3423 15131 2520 3406 5551 11125 6799 14963 15041 13379 10451 2868 5718

22109 13806 17181 27575 34163 13983 36054 25399 39559 23393 16297 15828 21148 21809 7310 21709 15513 20779 22678 21463 25368 12569 14621 24038 11931 16866 39913 14091 11169 32479 15843 13360 14375 31372 9640 15974 29250 22701 52897 26598 12776 19787 33563 13114 48346 54681 47531 28374 26698 11815

16807 14001 25640 30561 19556 22905 35602 25154 24505 9679 15763 18421 21255 29433 18478 8135 13451 20437 19232 20868 21699 23300 16271 32126 12619 23236 35094 17533 19253 39867 26303 19556 24957 32986 15933 12196 31041 23680 36455 30709 14579 16581 19881 23476 36497 38302 31816 27205 29842 13261

10299 7390 7031 8472 10011 6048 10492 6305 12559 6963 2542 3918 4743 8551 6856 7119 1531 4415 4164 10825 5152 8788 3062 9992 2712 6068 17458 3782 5031 13093 7754 4593 8294 9443 5401 2666 8664 5714 17692 8842 2599 3101 11362 8989 17709 17551 14924 13365 8184 4483

175305 136474 78453 73100 171987 74683 92515 36644 198000 139301 27445 23562 23034 89311 126332 141375 67935 11423 80376 182317 99603 144881 22846 118038 74042 56173 274079 32233 75211 159433 104768 53383 114834 79433 107218 81959 75663 36305 280374 79396 45918 72233 198000 150423 282712 269592 234531 216209 69254 97680

14104 10872 9452 10186 10309 8668 12441 7754 12529 10040 3542 5082 6005 10597 10274 10214 4313 5638 2061 14718 4237 12438 4123 12767 5635 7817 21789 5177 8073 16239 11122 6723 11726 11267 8646 5230 10401 7099 19186 10594 5350 2795 14964 12662 22071 18497 15556 17561 9863 7618

4719 4738 8597 11897 10320 7583 14113 10500 12031 6905 7254 7875 9152 10064 5467 6371 7005 8870 9277 3656 10130 6729 7312 10878 5869 8497 9506 7622 6695 13554 8172 7390 7707 13238 5406 7151 12428 9845 15675 11583 6547 8360 10130 5845 12180 16314 14559 5847 11614 5613

2204 1718 1581 1691 1302 1463 2030 1326 1635 1593 693 924 1063 1760 1628 1619 733 1008 555 2296 390 1953 780 2079 931 1335 3066 939 1298 2600 1756 1171 1846 1853 1384 871 1722 1227 2673 1752 889 505 2041 1987 3108 2532 2090 2723 1643 1229

33087 23443 23170 37575 50155 19559 48702 36072 57236 36022 26166 23493 30494 29263 14919 33813 25682 30655 35084 31815 38614 11166 22333 29102 20982 23524 56025 21214 17380 40178 17905 20255 15978 42538 17975 26288 39775 32512 74738 35911 21002 31291 49368 15978 67091 77038 67697 40884 36405 20830

29547 21819 12087 14277 30208 10393 19877 9670 34960 23989 3801 2252 5847 14071 19650 23844 11199 6260 13471 30993 16984 22873 0 19319 10703 8017 46945 2293 10145 26881 15889 6157 17728 16757 16158 13513 14856 7665 50147 14257 4959 11984 34713 24051 50189 48040 41634 36675 13492 14897

19258 15154 4883 8660 22473 5240 12851 10822 25140 18677 8930 6798 9435 4715 11943 18148 11947 9496 14265 19106 16203 11616 7106 3553 10898 5631 28226 6684 7117 7725 6509 5973 7911 10537 11924 12593 9496 9405 33421 7486 7881 13444 24198 13429 31946 32615 29081 22522 8227 12293

32600 22120 24063 31410 36263 20115 39682 24603 43406 26098 11050 13644 18976 29538 20197 24684 10012 17796 19495 34493 23056 27157 10541 33424 5270 20594 59259 12362 14845 44597 26668 15282 26495 35297 14936 10622 32488 21866 64743 31379 8099 15669 41636 27879 64804 63420 53958 43640 30250 11650

19133 14415 4124 7502 21736 4258 12148 8180 24693 17191 5611 2952 5851 5337 11613 17111 9697 5918 11525 19369 13673 12852 3268 8547 9073 1634 29479 2801 5623 13172 7620 3075 8745 9583 10952 10784 8420 6693 33190 6967 5560 10615 23935 14794 33148 32667 28750 23156 7022 11361

175156 190444 281463 355282 238383 258749 406770 325852 225170 205569 253234 264755 294457 314332 211356 210756 242970 289434 287742 170788 273327 239639 248102 332568 222222 279224 124051 257875 238875 392519 271962 254436 261534 380835 205405 233251 365874 308872 262243 348348 234998 267212 177231 219819 183947 276549 279934 151733 352989 210046

31417 23339 11056 15023 33379 9282 22113 11424 38298 25597 5582 2430 7436 13292 19279 25460 12766 7551 15708 32571 19387 22351 1601 18629 11698 6794 49650 800 9022 26549 15038 4846 16963 18384 18146 14626 16408 8878 52990 15002 5683 14150 36827 24738 53033 52629 45921 39055 14201 16091

22292 15532 8585 15815 27305 6079 22449 14122 31534 21286 7458 6609 10790 12212 11525 20448 11037 10887 16351 22629 18460 14092 5916 13959 8953 7422 37089 5247 2958 20575 9380 4675 9917 18779 10579 12122 17129 11995 44699 15038 5121 14086 30040 16086 42325 43386 37782 28046 15128 11164

35887 29205 12480 18630 41122 13061 25455 22151 45465 34940 19069 15598 19892 12207 23976 34080 23982 19991 27757 35640 30912 23444 16099 10314 22275 13699 50490 15413 16118 8049 15128 14256 17411 21687 23945 25034 19991 19843 58502 16718 17362 26420 43931 26395 56547 57636 51882 41202 17925 24545

12035 8916 3727 7937 15528 2988 11116 8229 17556 12413 5826 4628 6632 5471 6476 11884 7270 6678 9817 11792 10828 6101 4440 5425 6843 4123 18722 4120 3693 8596 2220 3580 3285 9358 7288 8021 8567 7210 23593 7374 4435 8731 16331 7478 21757 23235 20550 14388 7608 8162

16816 12300 4673 8907 19038 3674 13346 7880 21863 14695 4330 2861 5655 6838 9623 14610 7526 5719 9982 17041 12034 11338 2398 8891 6931 3300 26701 1952 3900 13310 6886 1199 7961 10895 8991 8573 9784 6460 29982 8388 3574 9112 21992 12670 30199 29780 26037 20660 8448 9382

33291 24043 13451 25678 45466 10386 35106 25927 51477 34720 17347 15249 21192 18623 16808 32845 22433 21329 29985 32571 32982 15695 14693 18486 19385 13751 53121 13742 10951 27888 8982 12141 7346 30148 19402 23889 27802 22904 67566 24266 14025 26766 46032 19779 62514 69570 61607 40269 24685 21808

946126 772783 372672 171891 941607 399465 229188 203364 1052973 801673 322800 261306 229995 336196 681269 810550 496143 258078 549405 987768 631719 728398 261790 467575 512606 298912 1361570 298428 451435 644793 516318 354111 575875 130895 640112 556184 145421 201588 1394657 221440 377998 514543 1052973 803126 1415639 1359472 1209370 1121245 178024 610899

11074 6516 9745 14620 17265 8055 18070 12049 20125 11582 7198 7592 9802 12191 5780 10692 6792 9607 10578 11927 12000 8559 6353 13369 4891 8961 21336 7495 5951 17830 10200 7109 9514 16229 3176 7028 15116 10875 27174 14096 5378 9051 16956 8848 24582 28075 24330 15579 14222 4326

15829 11730 12055 14909 14887 10463 18181 11400 18098 9950 5307 7379 8870 14516 10865 10202 3806 8340 7557 17293 9159 13994 5984 16447 4154 10495 26946 6793 8459 21470 13235 8116 13697 16483 8500 2992 15221 10444 27326 15353 4886 5837 17073 14319 27353 27097 22842 21406 14443 7022

260549 211357 97602 40426 259264 105128 73603 59561 291477 219479 83331 65940 56946 87232 185247 222003 132614 73007 147849 269818 171160 198738 65986 124584 137295 76540 378755 76494 119995 174969 138442 92233 155375 45566 173638 149685 32993 48961 388070 54606 99025 137846 290926 219984 394035 378067 335391 310337 42170 165240

137814 108160 60774 37261 137095 58008 63568 27330 156514 113056 30982 20497 15076 61549 97731 114578 60691 24757 69875 142959 83983 109515 20525 84066 63513 44425 209073 26860 58395 114439 80082 42378 87468 46721 85421 70981 39142 10262 214743 41936 40442 63900 156127 117123 218284 208713 182987 167828 34439 80359

45190 41683 54470 59493 29821 51403 65177 52117 27688 32544 40378 44494 47243 59211 47631 34351 38581 46820 37823 48504 35461 53659 42775 64357 39250 51465 40960 44335 48318 73399 57395 46882 55712 61907 44450 37012 59475 50292 21387 60630 40660 36889 30385 54285 34060 23696 24243 45428 59070 41092

22574 17974 7146 4104 23542 8089 8618 6428 26371 19848 7822 5211 5621 5744 15256 19762 12226 7047 13579 22804 15670 16305 5658 9081 11939 5543 32644 6154 9417 13583 10795 6937 12308 6121 14604 13612 4997 4907 35329 2829 8519 12693 26231 18261 35444 34157 30344 26490 3636 14436

80057 56481 38011 53182 85773 30699 70728 39587 100523 63100 15801 16494 27925 49316 49862 62659 25677 26917 44210 82915 51564 61965 10086 58183 22567 30846 133135 13847 23134 81255 43390 19877 47404 61209 39209 31140 55409 33472 142906 53119 5043 36309 95817 63289 143032 141855 122313 103360 50787 35364

58028 43758 39723 42962 45043 36260 52917 32225 54677 40086 13627 20427 24504 44777 41119 40854 14800 22884 13348 60736 18235 50669 16196 54356 20636 32504 91957 20846 31401 69686 44861 27673 47528 47737 33928 18849 43884 29335 84235 44763 19379 8098 61825 51661 93199 81191 68206 73289 41538 29391

11687 10319 16111 18256 9625 14832 20714 15620 8793 7559 11041 12598 13719 17960 12502 7885 9913 13320 12732 13667 11825 14853 11550 19329 10071 15090 13193 12158 13052 23103 16310 14031 15654 19439 11261 9301 18490 14901 14420 18590 10725 11440 5775 15097 13994 15320 12357 14935 17905 9951

19812 14312 16981 25818 30875 14743 32575 23312 35262 22118 16250 16268 19856 20756 9331 20750 16000 19556 21825 17087 24012 9543 14550 20656 13087 17100 32087 14856 12481 27518 13718 14262 12525 28893 11225 16375 27181 21506 46393 24875 13050 19475 30675 7275 38943 47856 42043 22706 25093 12993

107792 115691 168663 190737 120397 157010 210766 169251 113618 103562 131938 144628 153760 185526 134768 109304 122750 150511 145721 113954 138325 149278 136084 193650 124879 163256 89976 141042 142499 224408 164573 150483 160511 200373 123367 117764 192641 163396 108212 193454 129361 135188 93057 139110 68042 115551 117288 104178 187935 125748

50320 46673 57109 60151 29943 53921 66703 53124 27725 37172 40919 45381 48057 62039 52583 39050 40589 46994 38262 53765 35074 58814 42605 65905 40553 53307 45922 46572 49175 75966 59473 49220 61003 63303 49184 38958 60774 51227 25572 61352 42752 37291 34927 59519 38748 21302 24143 50567 59235 45803

13547 12443 15576 16502 7348 14610 18481 14368 6676 9565 10672 12024 12834 17069 14205 10134 10572 12512 9867 15145 8902 16103 11183 18240 10561 14424 14940 12384 13172 21287 16292 13186 16755 17451 13197 10078 16686 13794 8777 16860 11227 9573 9046 16305 12767 8172 5591 17640 16219 12151

1568 1572 2542 3371 2975 2287 3928 3020 3140 2117 2205 2361 2682 2911 1756 1983 2142 2611 2713 1300 2927 2073 2174 3115 1857 2517 2006 2297 2064 3788 2435 2239 2318 3664 1740 2179 3495 2856 3556 3292 2072 2483 2603 1850 2678 3717 4040 1087 3300 1792

101089 81178 34056 14036 101528 37057 34221 24448 114155 85625 31329 21905 20807 29883 69009 86632 50983 27212 57059 102699 66392 74352 23899 44780 51935 25656 147937 26114 42986 64873 50343 31915 56510 23076 66429 57791 18025 17622 155129 16909 36673 53106 114118 82825 155275 148907 131888 119151 11949 63080

7969 4856 7095 9693 10916 5941 11999 7886 12864 7029 4190 4847 6351 8766 4903 6421 3907 6030 6493 8552 7464 6801 4001 9570 2614 6560 14979 4498 4503 12617 7978 5294 7448 10753 3124 4073 9987 7090 17673 9684 3335 5450 10694 6998 17196 18323 15742 11047 9376 2000

5 35 51780
40 42 43351
24 35 13004
11 23 35762
30 33 37304
5 40 69607
13 49 14133
20 39 66896
17 49 39253
2 34 52375
19 28 19017
2 47 31881
10 14 58914
16 18 35650
19 44 32025
27 40 52350
26 33 11602
14 42 47291
16 45 13630
15 38 20231
30 34 69936
28 38 11251
2 29 18837
12 41 39728
5 12 14203
6 40 60033
23 48 43441
17 29 10836
0 12 37221
0 43 69939
8 15 26378
15 24 19000
43 47 55433
42 44 41525
33 49 56906
32 38 22736
27 35 41131
46 47 61039
24 28 31775
18 45 22526
12 42 55556
8 49 40792
0 24 44408
2 22 44470
21 31 18584
2 35 18575
20 42 38962
6 42 20187
15 18 68009
11 27 42592
13 22 30418
20 27 67944
2 42 55987
1 43 51398
14 43 49814
35 45 12332
3 15 41431
14 48 35398
8 46 13168
3 22 68652
17 42 35336
21 35 41689
7 17 29795
16 26 20768
12 15 13214
11 13 28843
40 41 45648
13 20 56488
16 22 19881
19 30 67423
29 46 69015
19 22 65437
3 8 50357
9 28 55565
20 48 52049
0 44 58942
25 28 64140
3 39 21010
8 37 21271
16 24 62148
39 42 65746
11 48 53832
33 45 12233
9 34 63875
15 30 35229
21 48 52048
26 27 66207
20 44 18802
18 44 17445
8 23 21517
1 21 17454
13 31 42781
3 7 53207
2 41 49392
15 28 65693
19 35 68564
22 41 68235
13 35 41340
25 40 55051
25 37 30258
7 44 50905
9 46 66208
3 19 37837
16 47 31261
36 39 51772
2 8 32029
9 45 32345
19 42 58054
23 33 55182
6 24 43616
34 43 62344
23 41 63070
3 36 39590
44 47 64578
7 13 56944
2 48 64820
6 47 46625
0 28 65293
0 25 25764
27 46 54070
12 45 16810
12 13 45361
24 48 38993
18 37 12159
9 17 24752
9 10 34685
0 46 22865
35 41 35129
19 24 18167
13 24 20058
38 49 55387
27 41 59072
16 34 16266
30 32 35367
20 25 20333
6 26 10180
33 48 57396
0 35 42678
41 48 58235
11 44 42577
2 31 28437
40 44 50578
18 19 35647
3 13 58027
6 23 45155
25 32 34733
11 35 64989
29 43 33922
26 38 30026
20 40 20753
29 32 17991
21 40 48979
24 46 56114
29 33 59128
18 28 63281
22 39 23009
15 48 23812
2 24 16145
7 21 48138
14 21 44123
20 22 26203
3 35 45668
26 45 33194
18 48 44612
11 36 23177
10 48 43527
9 25 44793
24 34 10572
21 28 28348
43 46 45170
15 49 55292
3 23 46785
36 38 37890
38 40 33081
20 33 46954
13 48 25188
23 47 57815
29 39 41943
4 23 49110
4 12 29983
16 30 64839
0 31 69245
23 24 68962
9 33 63095
19 43 58372
1 33 62242
7 26 16103
16 19 24326
17 21 20529
2 17 66385
8 34 10591
8 47 36732
33 41 54195
28 34 33786
17 33 11344
26 32 67372
14 19 67313
0 19 58280
21 41 20086
6 33 25660
24 25 45592
9 36 65378
7 8 14587
29 34 13481
32 36 40602
23 37 51542
19 21 40812
29 45 28416
19 31 35627
23 45 19922
12 19 60542
20 36 42608
7 29 31309
23 32 59503
11 16 35702
8 39 31823
18 47 63887
9 23 53949
1 32 58292
26 30 14415
14 38 50333
35 49 58884
3 37 53290
32 42 46670
24 45 22669
2 26 66777
29 37 44041
30 41 32124
23 28 55056
25 41 54127
0 32 47785
11 17 30647
0 18 61647
1 48 64515
15 42 46272
5 20 32248
11 22 58199
0 10 17083
17 35 62807
33 42 35968
17 36 39148
2 30 53348
2 44 68576
21 32 60457
26 40 54993
23 29 46421
6 19 34422
5 21 61022
9 43 30369
10 25 22714
44 45 17579
24 37 22844
10 37 23740
16 28 60870
11 37 59514
31 39 36409
42 43 57646
24 47 45697
4 26 58533
19 23 54845
15 27 29823
13 42 48460
0 36 27634
17 18 33612
1 25 55118
6 13 16048
8 11 55861
10 23 43316
6 10 23132
25 26 60810
17 41 69285
1 40 64423
9 47 44158
7 12 20002
17 22 67023
1 27 41293
16 27 56423
5 47 31444
30 45 32315
18 23 16791
7 9 56301
38 41 39894
1 29 41778
26 39 10040
11 42 30763
11 34 31291
16 49 36449
1 30 30552
8 30 66988
3 17 37125
36 37 27539
3 48 38953
22 44 27727
12 22 57316
25 27 62566
15 46 12844
43 49 63365
29 49 60569
20 34 58304
7 42 28639
10 19 51378
27 37 57588
19 27 23061
12 17 37678
5 19 67590
5 17 20083
4 40 68972
26 42 54013
37 39 53671
15 23 31286
12 25 12946
22 38 39971
28 31 61180
28 29 44725
41 47 40012
6 12 34086
24 30 18158
10 41 18603
14 18 66781
24 27 15146
39 41 57871
28 45 36462
19 40 56242
24 42 15598
2 43 23777
3 41 48807
2 19 30585
26 49 17141
31 36 51518
10 34 18888
1 42 47923
17 30 32896
11 28 66476
17 27 13127
10 30 60574
27 30 16208
22 32 35353
22 40 59545
45 47 12363
15 22 19023
0 29 32973
3 42 15309
7 19 61138
20 21 36296
16 17 62177
23 49 43292
35 48 60382
27 33 10335
0 3 51895
41 49 69305
6 29 27624
26 46 39766
15 17 35766
41 43 13865
19 25 57507
6 11 61686
34 45 52673
0 16 18091
11 19 20970
2 27 46333
31 44 26980
4 9 58893
12 43 69229
28 33 35598
12 49 62020
5 13 11945
20 43 41806
23 39 27373
30 31 13632
16 21 44169
26 41 48539
0 9 36606
8 12 61622
2 28 39676
2 37 62902
10 28 53798
6 22 12967
37 46 65426
13 36 54133
22 43 67006
18 38 16872
30 43 11756
33 35 48914
9 22 42638
31 34 27765
41 44 36420
4 49 34323
1 13 22580
0 7 56654
26 47 57436
7 33 58913
18 24 13633
18 42 46329
9 26 58142
1 36 51375
12 32 50491
9 24 60087
8 13 23180
32 35 67864
21 27 63719
16 25 69493
2 12 58546
6 7 42467
11 43 61114
27 49 28221
10 46 35368
7 45 44911
30 48 43332
4 14 42936
24 26 41187
15 29 40337
8 18 49808
36 42 42943
5 23 31393
13 14 22445
39 43 12850
19 26 57813
28 39 58912
32 47 25430
23 46 56609
13 37 46347
22 30 14343
14 40 60243
9 27 34818
28 30 62485
35 37 53760
41 42 15309
7 15 64714
17 20 66940
3 27 25315
1 22 10574
2 6 18574
31 33 13860
21 24 43042
38 42 69688
9 48 44225
10 13 68410
8 27 56742
22 36 29699
2 39 53489
23 42 27928
0 1 12178
1 23 33296
22 34 13013
13 28 33571
5 18 57885
17 46 15864
20 46 21383
3 29 46796
6 17 31294
28 46 67992
29 38 35285
46 49 35637
13 30 10376
11 26 12246
14 45 40264
31 49 66279
5 31 17555
1 12 34977
1 41 15361
8 14 32870
19 45 35552
3 31 23935
37 45 48874
32 44 20736
15 36 23623
14 41 35241
20 23 31288
23 35 22507
24 43 54940
39 45 14776
2 11 40435
4 47 69261
11 33 38073
13 26 43448
2 10 32831
4 7 25957
25 46 61455
22 45 56357
12 24 14895
8 41 22749
2 9 66491
23 34 52323
18 32 60529
6 37 19010
19 36 54569
42 48 30793
5 16 15288
2 21 62124
8 16 67913
12 40 20649
21 22 37137
5 28 45607
1 7 34585
16 29 28153
1 38 56343
39 44 60351
37 49 65537
36 46 17631
24 33 12857
14 39 62619
7 46 22407
16 41 55435
5 26 61879
7 31 50480
23 25 41025
21 37 24709
21 25 18579
6 15 32480
39 48 11065
9 40 35617
6 39 57372
26 35 67556
12 47 17940
17 19 60043
28 35 16565
13 47 62509
7 10 20835
19 38 21854
34 38 66776
18 36 30891
7 22 44646
13 17 46055
31 43 66498
1 26 69231
47 48 16350
26 36 52841
5 38 11723
11 41 11886
20 31 60472
25 49 26723
7 14 64505
5 14 12878
35 39 24300
34 46 56383
14 29 65502
17 38 55326
6 41 23234
29 47 26223
21 44 29948
23 40 24299
0 8 51841
32 34 29462
4 46 33997
16 42 59781
9 14 19504
5 46 40563
18 30 64432
3 43 30340
10 22 64560
36 47 13349
7 43 63374
40 45 39205
38 39 61547
10 24 59871
12 28 50579
26 29 67897
11 45 42711
19 32 64445
19 49 21925
3 10 33182
1 44 21168
36 44 16429
14 31 48204
5 44 35468
25 47 14954
34 44 43705
22 35 32936
15 26 40331
11 18 12070
1 9 52884
12 29 54630
11 25 53911
8 45 12345
23 26 30770
5 42 55834
25 31 21850
16 37 13475
28 49 62409
27 31 54333
12 31 68035
2 32 65758
12 48 47706
34 36 49382
19 33 57305
24 44 37576
5 48 42103
17 32 67344
28 42 22430
6 14 36548
1 6 19269
13 25 45612
3 44 59859
12 44 37841
1 39 23815
11 38 37469
28 43 54939
18 22 69663
11 31 60406
33 43 25269
28 40 23876
5 30 55432
27 43 22042
26 31 67787
1 24 69921
1 49 42812
4 24 53621
30 47 21770
3 28 46287
12 27 46029
6 34 18245
9 32 56464
3 14 53929
