50 50 1225
25000 25000 25000 25000 25000 25000 25000 25000 25000 25000 25000 25000 25000 25000 25000 25000 25000 25000 25000 25000 25000 25000 0 25000 25000 25000 25000 25000 25000 25000 25000 25000 25000 25000 25000 25000 25000 25000 25000 25000 25000 25000 25000 25000 25000 25000 25000 25000 25000 25000
2609 3292 6739 8933 6803 5984 10355 7650 8084 4246 5219 5776 6641 7816 4374 3847 5033 6429 6719 3660 7358 5396 5219 8345 4182 6387 7391 5542 5038 10349 6400 5558 6051 9568 3792 4898 9064 7159 11178 8697 4781 6033 6661 5299 8845 11656 9977 5301 8663 3947

2368 1148 3204 4509 4028 2752 5457 3845 4791 2504 2396 2628 3220 3859 1838 2266 2285 3117 3299 2596 3680 2582 2296 4205 1779 2994 5115 2491 2189 5399 3046 2499 2838 4940 1446 2351 4642 3507 6634 4369 2035 2890 3943 2607 5984 6919 5919 3574 4385 1538

38119 28711 4914 17161 44553 7030 26409 19622 50450 35490 13876 9147 14977 9987 21848 35330 20546 15111 25670 37312 29954 23679 9828 13734 19303 6568 57472 8895 11180 22957 12390 7341 15489 21294 21806 22713 18992 16657 67393 15523 12297 23856 48568 27686 66066 66973 59161 44864 16203 22621

94158 75406 32372 11548 94124 35112 29982 21024 105322 79267 29681 21275 20071 28595 64292 80186 47630 25921 53179 95094 61702 69206 23096 42165 48700 24701 135170 25118 40527 60515 47246 30416 52911 19804 61669 53847 15191 17163 141838 16712 34762 49569 105288 76944 142841 137025 121516 110118 12183 58878

1432 1277 1715 1883 566 1580 2152 1577 838 876 1061 1250 1363 1923 1524 955 1016 1318 949 1655 814 1789 1133 2087 1015 1583 2005 1269 1379 2512 1815 1381 1823 2008 1383 947 1901 1497 1685 1925 1108 908 1169 1798 2040 1600 1240 2003 1836 1237

29389 21549 6421 15994 35203 3514 23701 16197 40108 27663 10383 7483 12332 10627 15840 27251 15232 12444 20193 28704 23757 17769 7029 12654 13919 6260 45474 6253 6966 20326 9090 4947 10956 19446 15805 17035 17517 13730 54202 15093 8371 18684 38375 21102 52622 53852 47354 34986 15197 16483

181956 151443 81972 45118 179349 86890 28499 43134 199791 153664 65767 58805 48555 75277 138615 155294 97584 53176 107361 187467 122469 147325 56998 99391 102384 68433 259515 65619 96429 131920 108338 78565 118381 37594 126439 108605 40319 50569 262507 54213 78328 100962 199791 160389 266358 256048 228497 214099 46244 120958

70158 56137 33391 20160 68960 32030 26544 6370 78353 57158 16770 13571 8861 34044 51550 57907 31390 10985 35882 72690 42824 57376 12741 45125 33595 25346 105796 16702 32220 60071 42892 24339 46527 21820 44649 36454 21085 12128 107171 24366 22542 32942 78353 60248 108940 104203 91544 84928 20704 42130

1719 1555 2020 2186 797 1877 2480 1869 697 1127 1324 1525 1646 2242 1817 1211 1359 1593 1205 1956 1061 2099 1395 2416 1275 1880 1940 1538 1663 2869 2127 1665 2135 2327 1668 1203 2218 1789 1599 2239 1374 1156 1050 2109 1977 1509 1125 2149 2144 1511

1038 879 1459 1709 1024 1320 1995 1402 1305 464 869 1050 1181 1674 1133 546 738 1134 1066 1268 1206 1406 928 1875 768 1323 1950 999 1145 2314 1562 1115 1500 1846 988 667 1736 1318 1983 1748 832 916 1087 1416 1986 2088 1720 1628 1668 837

282030 211282 141015 156813 275986 123980 205925 104130 324205 216434 12638 46089 66146 165880 198300 220212 86408 58178 109075 294806 144106 241573 25277 212999 97536 105504 461992 48149 106122 288418 178793 81738 185456 180442 162789 111960 161484 89774 468792 165811 55499 94239 323380 245901 477721 453818 389938 356556 149807 140603

50691 38013 17684 20961 51754 16554 32069 15322 59686 41572 8429 1231 9073 20938 32781 41335 20566 9254 24295 52228 30058 37595 2463 29549 19775 11074 79235 3830 16712 41956 25571 10170 28589 26227 28724 24385 23131 11333 83247 20927 10350 21854 59166 41335 84557 81009 70500 62387 19673 26656

87703 68425 38207 29484 86090 36375 42477 15319 98955 70203 15832 11526 5185 43485 62653 71210 35513 11563 41561 91111 50906 70496 10371 57448 38482 27377 135275 15741 36631 77569 50998 26021 55891 35788 53362 42330 30731 11599 137529 32581 23565 37602 98735 74362 139911 133534 116492 107586 27615 49972

8994 7014 1953 3076 10270 2400 5044 4089 11525 8342 3428 2289 3530 1217 5553 8308 5162 3558 5938 8844 6878 5947 2434 2672 4897 1741 13134 2275 3283 4634 3544 2352 4204 3955 5544 5623 3465 3423 15131 2520 3406 5551 11125 6799 14963 15041 13379 10451 2868 5718

22109 13806 17181 27575 34163 13983 36054 25399 39559 23393 16297 15828 21148 21809 7310 21709 15513 20779 22678 21463 25368 12569 14621 24038 11931 16866 39913 14091 11169 32479 15843 13360 14375 31372 9640 15974 29250 22701 52897 26598 12776 19787 33563 13114 48346 54681 47531 28374 26698 11815

16807 14001 25640 30561 19556 22905 35602 25154 24505 9679 15763 18421 21255 29433 18478 8135 13451 20437 19232 20868 21699 23300 16271 32126 12619 23236 35094 17533 19253 39867 26303 19556 24957 32986 15933 12196 31041 23680 36455 30709 14579 16581 19881 23476 36497 38302 31816 27205 29842 13261

10299 7390 7031 8472 10011 6048 10492 6305 12559 6963 2542 3918 4743 8551 6856 7119 1531 4415 4164 10825 5152 8788 3062 9992 2712 6068 17458 3782 5031 13093 7754 4593 8294 9443 5401 2666 8664 5714 17692 8842 2599 3101 11362 8989 17709 17551 14924 13365 8184 4483

175305 136474 78453 73100 171987 74683 92515 36644 198000 139301 27445 23562 23034 89311 126332 141375 67935 11423 80376 182317 99603 144881 22846 118038 74042 56173 274079 32233 75211 159433 104768 53383 114834 79433 107218 81959 75663 36305 280374 79396 45918 72233 198000 150423 282712 269592 234531 216209 69254 97680

14104 10872 9452 10186 10309 8668 12441 7754 12529 10040 3542 5082 6005 10597 10274 10214 4313 5638 2061 14718 4237 12438 4123 12767 5635 7817 21789 5177 8073 16239 11122 6723 11726 11267 8646 5230 10401 7099 19186 10594 5350 2795 14964 12662 22071 18497 15556 17561 9863 7618

4719 4738 8597 11897 10320 7583 14113 10500 12031 6905 7254 7875 9152 10064 5467 6371 7005 8870 9277 3656 10130 6729 7312 10878 5869 8497 9506 7622 6695 13554 8172 7390 7707 13238 5406 7151 12428 9845 15675 11583 6547 8360 10130 5845 12180 16314 14559 5847 11614 5613

2204 1718 1581 1691 1302 1463 2030 1326 1635 1593 693 924 1063 1760 1628 1619 733 1008 555 2296 390 1953 780 2079 931 1335 3066 939 1298 2600 1756 1171 1846 1853 1384 871 1722 1227 2673 1752 889 505 2041 1987 3108 2532 2090 2723 1643 1229

33087 23443 23170 37575 50155 19559 48702 36072 57236 36022 26166 23493 30494 29263 14919 33813 25682 30655 35084 31815 38614 11166 22333 29102 20982 23524 56025 21214 17380 40178 17905 20255 15978 42538 17975 26288 39775 32512 74738 35911 21002 31291 49368 15978 67091 77038 67697 40884 36405 20830

29547 21819 12087 14277 30208 10393 19877 9670 34960 23989 3801 2252 5847 14071 19650 23844 11199 6260 13471 30993 16984 22873 0 19319 10703 8017 46945 2293 10145 26881 15889 6157 17728 16757 16158 13513 14856 7665 50147 14257 4959 11984 34713 24051 50189 48040 41634 36675 13492 14897

19258 15154 4883 8660 22473 5240 12851 10822 25140 18677 8930 6798 9435 4715 11943 18148 11947 9496 14265 19106 16203 11616 7106 3553 10898 5631 28226 6684 7117 7725 6509 5973 7911 10537 11924 12593 9496 9405 33421 7486 7881 13444 24198 13429 31946 32615 29081 22522 8227 12293

32600 22120 24063 31410 36263 20115 39682 24603 43406 26098 11050 13644 18976 29538 20197 24684 10012 17796 19495 34493 23056 27157 10541 33424 5270 20594 59259 12362 14845 44597 26668 15282 26495 35297 14936 10622 32488 21866 64743 31379 8099 15669 41636 27879 64804 63420 53958 43640 30250 11650

19133 14415 4124 7502 21736 4258 12148 8180 24693 17191 5611 2952 5851 5337 11613 17111 9697 5918 11525 19369 13673 12852 3268 8547 9073 1634 29479 2801 5623 13172 7620 3075 8745 9583 10952 10784 8420 6693 33190 6967 5560 10615 23935 14794 33148 32667 28750 23156 7022 11361

175156 190444 281463 355282 238383 258749 406770 325852 225170 205569 253234 264755 294457 314332 211356 210756 242970 289434 287742 170788 273327 239639 248102 332568 222222 279224 124051 257875 238875 392519 271962 254436 261534 380835 205405 233251 365874 308872 262243 348348 234998 267212 177231 219819 183947 276549 279934 151733 352989 210046

31417 23339 11056 15023 33379 9282 22113 11424 38298 25597 5582 2430 7436 13292 19279 25460 12766 7551 15708 32571 19387 22351 1601 18629 11698 6794 49650 800 9022 26549 15038 4846 16963 18384 18146 14626 16408 8878 52990 15002 5683 14150 36827 24738 53033 52629 45921 39055 14201 16091

22292 15532 8585 15815 27305 6079 22449 14122 31534 21286 7458 6609 10790 12212 11525 20448 11037 10887 16351 22629 18460 14092 5916 13959 8953 7422 37089 5247 2958 20575 9380 4675 9917 18779 10579 12122 17129 11995 44699 15038 5121 14086 30040 16086 42325 43386 37782 28046 15128 11164

35887 29205 12480 18630 41122 13061 25455 22151 45465 34940 19069 15598 19892 12207 23976 34080 23982 19991 27757 35640 30912 23444 16099 10314 22275 13699 50490 15413 16118 8049 15128 14256 17411 21687 23945 25034 19991 19843 58502 16718 17362 26420 43931 26395 56547 57636 51882 41202 17925 24545

12035 8916 3727 7937 15528 2988 11116 8229 17556 12413 5826 4628 6632 5471 6476 11884 7270 6678 9817 11792 10828 6101 4440 5425 6843 4123 18722 4120 3693 8596 2220 3580 3285 9358 7288 8021 8567 7210 23593 7374 4435 8731 16331 7478 21757 23235 20550 14388 7608 8162

16816 12300 4673 8907 19038 3674 13346 7880 21863 14695 4330 2861 5655 6838 9623 14610 7526 5719 9982 17041 12034 11338 2398 8891 6931 3300 26701 1952 3900 13310 6886 1199 7961 10895 8991 8573 9784 6460 29982 8388 3574 9112 21992 12670 30199 29780 26037 20660 8448 9382

33291 24043 13451 25678 45466 10386 35106 25927 51477 34720 17347 15249 21192 18623 16808 32845 22433 21329 29985 32571 32982 15695 14693 18486 19385 13751 53121 13742 10951 27888 8982 12141 7346 30148 19402 23889 27802 22904 67566 24266 14025 26766 46032 19779 62514 69570 61607 40269 24685 21808

946126 772783 372672 171891 941607 399465 229188 203364 1052973 801673 322800 261306 229995 336196 681269 810550 496143 258078 549405 987768 631719 728398 261790 467575 512606 298912 1361570 298428 451435 644793 516318 354111 575875 130895 640112 556184 145421 201588 1394657 221440 377998 514543 1052973 803126 1415639 1359472 1209370 1121245 178024 610899

11074 6516 9745 14620 17265 8055 18070 12049 20125 11582 7198 7592 9802 12191 5780 10692 6792 9607 10578 11927 12000 8559 6353 13369 4891 8961 21336 7495 5951 17830 10200 7109 9514 16229 3176 7028 15116 10875 27174 14096 5378 9051 16956 8848 24582 28075 24330 15579 14222 4326

15829 11730 12055 14909 14887 10463 18181 11400 18098 9950 5307 7379 8870 14516 10865 10202 3806 8340 7557 17293 9159 13994 5984 16447 4154 10495 26946 6793 8459 21470 13235 8116 13697 16483 8500 2992 15221 10444 27326 15353 4886 5837 17073 14319 27353 27097 22842 21406 14443 7022

260549 211357 97602 40426 259264 105128 73603 59561 291477 219479 83331 65940 56946 87232 185247 222003 132614 73007 147849 269818 171160 198738 65986 124584 137295 76540 378755 76494 119995 174969 138442 92233 155375 45566 173638 149685 32993 48961 388070 54606 99025 137846 290926 219984 394035 378067 335391 310337 42170 165240

137814 108160 60774 37261 137095 58008 63568 27330 156514 113056 30982 20497 15076 61549 97731 114578 60691 24757 69875 142959 83983 109515 20525 84066 63513 44425 209073 26860 58395 114439 80082 42378 87468 46721 85421 70981 39142 10262 214743 41936 40442 63900 156127 117123 218284 208713 182987 167828 34439 80359

45190 41683 54470 59493 29821 51403 65177 52117 27688 32544 40378 44494 47243 59211 47631 34351 38581 46820 37823 48504 35461 53659 42775 64357 39250 51465 40960 44335 48318 73399 57395 46882 55712 61907 44450 37012 59475 50292 21387 60630 40660 36889 30385 54285 34060 23696 24243 45428 59070 41092

22574 17974 7146 4104 23542 8089 8618 6428 26371 19848 7822 5211 5621 5744 15256 19762 12226 7047 13579 22804 15670 16305 5658 9081 11939 5543 32644 6154 9417 13583 10795 6937 12308 6121 14604 13612 4997 4907 35329 2829 8519 12693 26231 18261 35444 34157 30344 26490 3636 14436

80057 56481 38011 53182 85773 30699 70728 39587 100523 63100 15801 16494 27925 49316 49862 62659 25677 26917 44210 82915 51564 61965 10086 58183 22567 30846 133135 13847 23134 81255 43390 19877 47404 61209 39209 31140 55409 33472 142906 53119 5043 36309 95817 63289 143032 141855 122313 103360 50787 35364

58028 43758 39723 42962 45043 36260 52917 32225 54677 40086 13627 20427 24504 44777 41119 40854 14800 22884 13348 60736 18235 50669 16196 54356 20636 32504 91957 20846 31401 69686 44861 27673 47528 47737 33928 18849 43884 29335 84235 44763 19379 8098 61825 51661 93199 81191 68206 73289 41538 29391

11687 10319 16111 18256 9625 14832 20714 15620 8793 7559 11041 12598 13719 17960 12502 7885 9913 13320 12732 13667 11825 14853 11550 19329 10071 15090 13193 12158 13052 23103 16310 14031 15654 19439 11261 9301 18490 14901 14420 18590 10725 11440 5775 15097 13994 15320 12357 14935 17905 9951

19812 14312 16981 25818 30875 14743 32575 23312 35262 22118 16250 16268 19856 20756 9331 20750 16000 19556 21825 17087 24012 9543 14550 20656 13087 17100 32087 14856 12481 27518 13718 14262 12525 28893 11225 16375 27181 21506 46393 24875 13050 19475 30675 7275 38943 47856 42043 22706 25093 12993

107792 115691 168663 190737 120397 157010 210766 169251 113618 103562 131938 144628 153760 185526 134768 109304 122750 150511 145721 113954 138325 149278 136084 193650 124879 163256 89976 141042 142499 224408 164573 150483 160511 200373 123367 117764 192641 163396 108212 193454 129361 135188 93057 139110 68042 115551 117288 104178 187935 125748

50320 46673 57109 60151 29943 53921 66703 53124 27725 37172 40919 45381 48057 62039 52583 39050 40589 46994 38262 53765 35074 58814 42605 65905 40553 53307 45922 46572 49175 75966 59473 49220 61003 63303 49184 38958 60774 51227 25572 61352 42752 37291 34927 59519 38748 21302 24143 50567 59235 45803

13547 12443 15576 16502 7348 14610 18481 14368 6676 9565 10672 12024 12834 17069 14205 10134 10572 12512 9867 15145 8902 16103 11183 18240 10561 14424 14940 12384 13172 21287 16292 13186 16755 17451 13197 10078 16686 13794 8777 16860 11227 9573 9046 16305 12767 8172 5591 17640 16219 12151

1568 1572 2542 3371 2975 2287 3928 3020 3140 2117 2205 2361 2682 2911 1756 1983 2142 2611 2713 1300 2927 2073 2174 3115 1857 2517 2006 2297 2064 3788 2435 2239 2318 3664 1740 2179 3495 2856 3556 3292 2072 2483 2603 1850 2678 3717 4040 1087 3300 1792

101089 81178 34056 14036 101528 37057 34221 24448 114155 85625 31329 21905 20807 29883 69009 86632 50983 27212 57059 102699 66392 74352 23899 44780 51935 25656 147937 26114 42986 64873 50343 31915 56510 23076 66429 57791 18025 17622 155129 16909 36673 53106 114118 82825 155275 148907 131888 119151 11949 63080

7969 4856 7095 9693 10916 5941 11999 7886 12864 7029 4190 4847 6351 8766 4903 6421 3907 6030 6493 8552 7464 6801 4001 9570 2614 6560 14979 4498 4503 12617 7978 5294 7448 10753 3124 4073 9987 7090 17673 9684 3335 5450 10694 6998 17196 18323 15742 11047 9376 2000

0 1 34083
0 2 49326
0 3 50537
0 4 32363
0 5 41385
0 6 13954
0 7 47964
0 8 28414
0 9 54941
0 10 34149
0 11 62604
0 12 34279
0 13 28718
0 14 23882
0 15 40820
0 16 47373
0 17 68256
0 18 66619
0 19 46724
0 20 25822
0 21 45879
0 22 53175
0 23 57531
0 24 63098
0 25 43343
0 26 54189
0 27 47567
0 28 21872
0 29 51495
0 30 49006
0 31 51737
0 32 53572
0 33 19431
0 34 65139
0 35 45526
0 36 16969
0 37 17090
0 38 11602
0 39 14438
0 40 13446
0 41 58299
0 42 26432
0 43 55160
0 44 68505
0 45 40411
0 46 25324
0 47 16594
0 48 14846
0 49 25439
1 2 24885
1 3 57299
1 4 48724
1 5 34702
1 6 11714
1 7 21378
1 8 29626
1 9 51852
1 10 11896
1 11 50716
1 12 40020
1 13 24264
1 14 45980
1 15 66944
1 16 59588
1 17 27163
1 18 49702
1 19 25383
1 20 21555
1 21 45104
1 22 31931
1 23 41134
1 24 56159
1 25 40320
1 26 26351
1 27 34809
1 28 44868
1 29 54420
1 30 22637
1 31 38026
1 32 40100
1 33 65755
1 34 36004
1 35 50932
1 36 37576
1 37 37181
1 38 12518
1 39 53769
1 40 21302
1 41 23086
1 42 11478
1 43 36729
1 44 39673
1 45 33546
1 46 38865
1 47 67240
1 48 23113
1 49 67824
2 3 50485
2 4 63029
2 5 64793
2 6 43921
2 7 64878
2 8 32342
2 9 54484
2 10 56538
2 11 36027
2 12 68660
2 13 10768
2 14 24363
2 15 36482
2 16 27656
2 17 27302
2 18 65065
2 19 64237
2 20 28554
2 21 31008
2 22 32695
2 23 32870
2 24 68420
2 25 43169
2 26 39668
2 27 44578
2 28 17601
2 29 13238
2 30 27684
2 31 56272
2 32 55667
2 33 60821
2 34 24067
2 35 51530
2 36 20441
2 37 11448
2 38 64778
2 39 40877
2 40 18024
2 41 24508
2 42 25947
2 43 28724
2 44 34433
2 45 31865
2 46 14386
2 47 63810
2 48 58065
2 49 53490
3 4 16041
3 5 21105
3 6 50264
3 7 12323
3 8 23224
3 9 14592
3 10 23599
3 11 45293
3 12 54539
3 13 39447
3 14 62332
3 15 13793
3 16 45802
3 17 69476
3 18 28586
3 19 48703
3 20 54340
3 21 63815
3 22 48714
3 23 22350
3 24 39339
3 25 59538
3 26 58746
3 27 35189
3 28 28849
3 29 64961
3 30 32301
3 31 30603
3 32 42710
3 33 44675
3 34 49399
3 35 38629
3 36 49539
3 37 11047
3 38 64934
3 39 56543
3 40 53043
3 41 29917
3 42 47265
3 43 51427
3 44 26095
3 45 66351
3 46 21495
3 47 59203
3 48 23386
3 49 21855
4 5 23609
4 6 62876
4 7 49280
4 8 34105
4 9 53672
4 10 21192
4 11 69433
4 12 44857
4 13 62568
4 14 31868
4 15 39024
4 16 46115
4 17 45174
4 18 11078
4 19 35549
4 20 51346
4 21 16121
4 22 31362
4 23 50850
4 24 42319
4 25 55171
4 26 13942
4 27 60973
4 28 44007
4 29 17787
4 30 14908
4 31 24095
4 32 40035
4 33 29046
4 34 24181
4 35 66750
4 36 46457
4 37 52454
4 38 34624
4 39 65990
4 40 34178
4 41 26808
4 42 12117
4 43 29623
4 44 61323
4 45 18352
4 46 50574
4 47 59959
4 48 34420
4 49 64427
5 6 16304
5 7 56833
5 8 40401
5 9 63284
5 10 15295
5 11 38321
5 12 40435
5 13 43946
5 14 62911
5 15 31381
5 16 67332
5 17 39521
5 18 38532
5 19 11219
5 20 51189
5 21 54257
5 22 33176
5 23 16606
5 24 23081
5 25 34954
5 26 59164
5 27 34202
5 28 24757
5 29 51208
5 30 14421
5 31 14606
5 32 18674
5 33 62363
5 34 16312
5 35 52862
5 36 35581
5 37 21347
5 38 44562
5 39 28686
5 40 27844
5 41 52372
5 42 23269
5 43 25664
5 44 27426
5 45 58399
5 46 45813
5 47 46305
5 48 49837
5 49 68045
6 7 44955
6 8 20004
6 9 54379
6 10 11998
6 11 25657
6 12 29288
6 13 50678
6 14 39567
6 15 54586
6 16 44677
6 17 28456
6 18 46564
6 19 38786
6 20 48757
6 21 64241
6 22 41125
6 23 40414
6 24 16086
6 25 25185
6 26 56438
6 27 15121
6 28 27048
6 29 53739
6 30 62450
6 31 18199
6 32 29394
6 33 12908
6 34 30924
6 35 31531
6 36 63022
6 37 35540
6 38 31321
6 39 27981
6 40 33451
6 41 21844
6 42 50360
6 43 38319
6 44 49117
6 45 30376
6 46 39440
6 47 57751
6 48 65230
6 49 67496
7 8 45058
7 9 38540
7 10 57503
7 11 38580
7 12 36386
7 13 22584
7 14 29727
7 15 22430
7 16 27746
7 17 43848
7 18 15512
7 19 51134
7 20 69152
7 21 10138
7 22 42250
7 23 33242
7 24 39365
7 25 45389
7 26 32215
7 27 12046
7 28 60530
7 29 24791
7 30 49059
7 31 33048
7 32 54323
7 33 40020
7 34 13826
7 35 11140
7 36 62744
7 37 20065
7 38 45265
7 39 18655
7 40 11442
7 41 67852
7 42 34365
7 43 58610
7 44 60880
7 45 24208
7 46 53327
7 47 13096
7 48 56857
7 49 63838
8 9 43327
8 10 52718
8 11 42610
8 12 37418
8 13 12443
8 14 35210
8 15 42821
8 16 13894
8 17 45664
8 18 11137
8 19 18610
8 20 42836
8 21 38953
8 22 65939
8 23 31753
8 24 65550
8 25 31109
8 26 43856
8 27 17404
8 28 24298
8 29 60051
8 30 60084
8 31 61627
8 32 42762
8 33 69186
8 34 63837
8 35 59244
8 36 46085
8 37 48958
8 38 33064
8 39 31803
8 40 18496
8 41 19587
8 42 59335
8 43 66330
8 44 49542
8 45 65846
8 46 55605
8 47 46308
8 48 61118
8 49 62266
9 10 29643
9 11 57980
9 12 58764
9 13 14106
9 14 26707
9 15 53147
9 16 31525
9 17 53908
9 18 56078
9 19 60845
9 20 12972
9 21 41599
9 22 20518
9 23 53297
9 24 29755
9 25 32943
9 26 39778
9 27 57831
9 28 36918
9 29 53074
9 30 64198
9 31 55181
9 32 65309
9 33 12935
9 34 55679
9 35 29712
9 36 63177
9 37 23581
9 38 21924
9 39 28035
9 40 18793
9 41 33781
9 42 14605
9 43 43465
9 44 13550
9 45 61501
9 46 29114
9 47 36176
9 48 52123
9 49 18514
10 11 21949
10 12 39158
10 13 42243
10 14 31525
10 15 62321
10 16 62198
10 17 43242
10 18 62390
10 19 37592
10 20 32075
10 21 28748
10 22 51596
10 23 36611
10 24 38637
10 25 59588
10 26 59242
10 27 28082
10 28 53015
10 29 23844
10 30 44492
10 31 66804
10 32 53632
10 33 29022
10 34 30598
10 35 48231
10 36 40461
10 37 42602
10 38 57545
10 39 66182
10 40 30653
10 41 16037
10 42 33660
10 43 14647
10 44 60797
10 45 33920
10 46 34657
10 47 14684
10 48 37123
10 49 67016
11 12 56673
11 13 16746
11 14 18578
11 15 15544
11 16 61267
11 17 35009
11 18 10200
11 19 31815
11 20 41519
11 21 53240
11 22 31306
11 23 10310
11 24 37884
11 25 16956
11 26 15053
11 27 52728
11 28 25572
11 29 31565
11 30 51528
11 31 42978
11 32 51539
11 33 31067
11 34 39035
11 35 51952
11 36 32048
11 37 45574
11 38 18704
11 39 15669
11 40 63584
11 41 41596
11 42 26599
11 43 13068
11 44 62855
11 45 19026
11 46 38094
11 47 53530
11 48 26345
11 49 14076
12 13 10183
12 14 68638
12 15 33924
12 16 51938
12 17 32801
12 18 19217
12 19 10234
12 20 61375
12 21 54193
12 22 48060
12 23 65428
12 24 57784
12 25 15444
12 26 55859
12 27 34968
12 28 29873
12 29 58668
12 30 33736
12 31 15427
12 32 55221
12 33 39634
12 34 67318
12 35 57955
12 36 69405
12 37 29488
12 38 31901
12 39 10905
12 40 37494
12 41 40057
12 42 50842
12 43 25993
12 44 30177
12 45 41930
12 46 27253
12 47 12292
12 48 64642
12 49 43264
13 14 24499
13 15 27006
13 16 52424
13 17 37722
13 18 14115
13 19 60363
13 20 57680
13 21 31315
13 22 25446
13 23 51941
13 24 28321
13 25 18593
13 26 13933
13 27 24401
13 28 65515
13 29 60536
13 30 31589
13 31 10271
13 32 30390
13 33 54691
13 34 42973
13 35 42467
13 36 18179
13 37 11880
13 38 53795
13 39 58304
13 40 67693
13 41 24044
13 42 54134
13 43 46553
13 44 62463
13 45 36016
13 46 57337
13 47 40770
13 48 40633
13 49 54936
14 15 36868
14 16 46963
14 17 33891
14 18 21376
14 19 69017
14 20 56155
14 21 42930
14 22 21040
14 23 38645
14 24 19418
14 25 37387
14 26 57865
14 27 48074
14 28 68803
14 29 20449
14 30 35017
14 31 47496
14 32 35068
14 33 63528
14 34 55425
14 35 22477
14 36 35607
14 37 18132
14 38 48823
14 39 10593
14 40 56942
14 41 10029
14 42 29057
14 43 39795
14 44 69515
14 45 11600
14 46 40266
14 47 25569
14 48 50483
14 49 54483
15 16 47995
15 17 20194
15 18 28719
15 19 62954
15 20 17808
15 21 32137
15 22 44232
15 23 15909
15 24 22973
15 25 57501
15 26 15006
15 27 36077
15 28 38198
15 29 53311
15 30 37096
15 31 33647
15 32 11107
15 33 31399
15 34 38519
15 35 63722
15 36 30605
15 37 53781
15 38 24377
15 39 10830
15 40 24452
15 41 62543
15 42 23785
15 43 41082
15 44 10266
15 45 13370
15 46 28541
15 47 55159
15 48 47210
15 49 25827
16 17 43615
16 18 41113
16 19 11760
16 20 11761
16 21 63641
16 22 66192
16 23 37275
16 24 13903
16 25 17355
16 26 45748
16 27 35732
16 28 57688
16 29 52487
16 30 26625
16 31 62109
16 32 48131
16 33 28354
16 34 66297
16 35 10490
16 36 22604
16 37 23354
16 38 48577
16 39 43883
16 40 44394
16 41 63819
16 42 11564
16 43 35613
16 44 26528
16 45 44804
16 46 14150
16 47 51958
16 48 62638
16 49 37877
17 18 66780
17 19 69699
17 20 45203
17 21 40885
17 22 16387
17 23 42614
17 24 32359
17 25 13627
17 26 32336
17 27 59527
17 28 23693
17 29 58369
17 30 37597
17 31 22828
17 32 16993
17 33 55523
17 34 31776
17 35 35861
17 36 20980
17 37 57113
17 38 47867
17 39 57204
17 40 32512
17 41 46853
17 42 66424
17 43 46416
17 44 13416
17 45 50664
17 46 17817
17 47 37600
17 48 20549
17 49 64935
18 19 21050
18 20 52009
18 21 40247
18 22 38453
18 23 11553
18 24 31044
18 25 52841
18 26 67969
18 27 46982
18 28 35734
18 29 21875
18 30 57763
18 31 46242
18 32 20855
18 33 14839
18 34 41820
18 35 25643
18 36 60624
18 37 65656
18 38 16709
18 39 21087
18 40 43979
18 41 48355
18 42 43193
18 43 52686
18 44 18439
18 45 51677
18 46 60606
18 47 57918
18 48 51062
18 49 66307
19 20 31351
19 21 13065
19 22 44194
19 23 17406
19 24 42283
19 25 55009
19 26 22422
19 27 48212
19 28 61406
19 29 67247
19 30 61812
19 31 42400
19 32 43196
19 33 42935
19 34 35780
19 35 13493
19 36 51193
19 37 21811
19 38 51632
19 39 18995
19 40 24063
19 41 30178
19 42 40073
19 43 34804
19 44 41993
19 45 44030
19 46 23680
19 47 28927
19 48 13101
19 49 23838
20 21 67456
20 22 38716
20 23 46594
20 24 16741
20 25 46097
20 26 18494
20 27 56093
20 28 62997
20 29 49767
20 30 60350
20 31 62557
20 32 21917
20 33 17163
20 34 39465
20 35 69058
20 36 61849
20 37 23340
20 38 57868
20 39 47445
20 40 18161
20 41 56698
20 42 50055
20 43 31679
20 44 11662
20 45 13559
20 46 59558
20 47 62745
20 48 48706
20 49 55023
21 22 32876
21 23 14179
21 24 26948
21 25 57994
21 26 17454
21 27 45778
21 28 61687
21 29 18622
21 30 41620
21 31 27499
21 32 54452
21 33 11647
21 34 63527
21 35 58190
21 36 17004
21 37 26756
21 38 63647
21 39 54605
21 40 48455
21 41 61763
21 42 44391
21 43 47876
21 44 36371
21 45 20525
21 46 63152
21 47 17626
21 48 59083
21 49 34318
22 23 26369
22 24 61195
22 25 55722
22 26 39605
22 27 15239
22 28 36316
22 29 69513
22 30 15956
22 31 68325
22 32 22687
22 33 16683
22 34 69040
22 35 61237
22 36 60143
22 37 14995
22 38 45634
22 39 36970
22 40 67441
22 41 57484
22 42 38413
22 43 27608
22 44 22771
22 45 35513
22 46 37378
22 47 48912
22 48 34887
22 49 49630
23 24 68135
23 25 29649
23 26 33891
23 27 12741
23 28 32360
23 29 25410
23 30 28756
23 31 33199
23 32 41971
23 33 64603
23 34 44280
23 35 26173
23 36 30306
23 37 28077
23 38 63386
23 39 68176
23 40 14927
23 41 49800
23 42 28821
23 43 51048
23 44 58605
23 45 47334
23 46 45705
23 47 17234
23 48 27692
23 49 38770
24 25 68305
24 26 16336
24 27 26382
24 28 26509
24 29 68472
24 30 11289
24 31 18863
24 32 54922
24 33 69983
24 34 55218
24 35 45132
24 36 42301
24 37 45790
24 38 64866
24 39 27725
24 40 68160
24 41 54933
24 42 20995
24 43 15261
24 44 33787
24 45 64894
24 46 29837
24 47 28870
24 48 17795
24 49 53433
25 26 30146
25 27 38270
25 28 39403
25 29 54688
25 30 20248
25 31 10611
25 32 64796
25 33 59256
25 34 69563
25 35 32352
25 36 20954
25 37 47482
25 38 67356
25 39 21902
25 40 37911
25 41 44517
25 42 23901
25 43 63209
25 44 16848
25 45 30278
25 46 26663
25 47 11856
25 48 29137
25 49 16307
26 27 68333
26 28 64754
26 29 32257
26 30 26431
26 31 51294
26 32 11117
26 33 33669
26 34 43614
26 35 24774
26 36 19931
26 37 27425
26 38 25071
26 39 37451
26 40 68252
26 41 30744
26 42 27993
26 43 55922
26 44 51069
26 45 31336
26 46 14145
26 47 35835
26 48 58187
26 49 63601
27 28 49779
27 29 11330
27 30 16350
27 31 66271
27 32 39196
27 33 61052
27 34 33015
27 35 18359
27 36 53578
27 37 40107
27 38 48812
27 39 32148
27 40 16778
27 41 10925
27 42 60192
27 43 39472
27 44 49254
27 45 66033
27 46 35909
27 47 53377
27 48 15083
27 49 45257
28 29 68930
28 30 55458
28 31 60601
28 32 53507
28 33 29713
28 34 35076
28 35 16343
28 36 44162
28 37 43231
28 38 49210
28 39 20788
28 40 44441
28 41 50252
28 42 54507
28 43 14952
28 44 59785
28 45 26085
28 46 32742
28 47 13512
28 48 22452
28 49 34609
29 30 12422
29 31 49881
29 32 50192
29 33 26570
29 34 11950
29 35 17350
29 36 63111
29 37 16914
29 38 55641
29 39 20087
29 40 62100
29 41 33373
29 42 42858
29 43 43796
29 44 49168
29 45 69191
29 46 52062
29 47 64526
29 48 38538
29 49 64362
30 31 37510
30 32 65936
30 33 12019
30 34 20944
30 35 61069
30 36 45791
30 37 33555
30 38 20716
30 39 48754
30 40 28076
30 41 29270
30 42 45864
30 43 42693
30 44 69939
30 45 40542
30 46 30775
30 47 18718
30 48 65026
30 49 42267
31 32 44749
31 33 37001
31 34 29210
31 35 56057
31 36 33321
31 37 60791
31 38 29086
31 39 21370
31 40 21394
31 41 48045
31 42 44350
31 43 28339
31 44 52992
31 45 34541
31 46 24146
31 47 53988
31 48 42849
31 49 69436
32 33 24249
32 34 44690
32 35 56656
32 36 41672
32 37 45543
32 38 23397
32 39 49809
32 40 20975
32 41 22733
32 42 31989
32 43 42723
32 44 20095
32 45 42395
32 46 22116
32 47 64128
32 48 20007
32 49 19749
33 34 68652
33 35 56532
33 36 24852
33 37 59719
33 38 55365
33 39 18747
33 40 42744
33 41 12006
33 42 39910
33 43 63967
33 44 67950
33 45 33145
33 46 17958
33 47 67971
33 48 12003
33 49 49016
34 35 26830
34 36 17332
34 37 10327
34 38 22636
34 39 25635
34 40 28384
34 41 29217
34 42 29464
34 43 41471
34 44 51837
34 45 62498
34 46 25840
34 47 68609
34 48 64775
34 49 67883
35 36 23972
35 37 58395
35 38 32749
35 39 41059
35 40 20767
35 41 19473
35 42 45074
35 43 12246
35 44 40522
35 45 30674
35 46 25843
35 47 40046
35 48 59982
35 49 31846
36 37 51972
36 38 41252
36 39 57147
36 40 63600
36 41 54721
36 42 67986
36 43 21353
36 44 34640
36 45 58854
36 46 63670
36 47 23307
36 48 54439
36 49 37517
37 38 47185
37 39 29493
37 40 24960
37 41 41465
37 42 43761
37 43 52211
37 44 51213
37 45 62020
37 46 68773
37 47 69362
37 48 36153
37 49 13003
38 39 30296
38 40 20520
38 41 55461
38 42 41926
38 43 18241
38 44 68030
38 45 15589
38 46 55766
38 47 10812
38 48 16712
38 49 17614
39 40 43928
39 41 48458
39 42 16153
39 43 67859
39 44 47139
39 45 35468
39 46 21947
39 47 48401
39 48 56280
39 49 57997
40 41 56195
40 42 36510
40 43 19288
40 44 22643
40 45 55699
40 46 61085
40 47 12997
40 48 39270
40 49 33211
41 42 28308
41 43 67988
41 44 34362
41 45 17409
41 46 16513
41 47 12109
41 48 24353
41 49 34448
42 43 42970
42 44 54538
42 45 36089
42 46 52223
42 47 36217
42 48 69422
42 49 40723
43 44 68968
43 45 69336
43 46 55511
43 47 29596
43 48 49166
43 49 69315
44 45 66972
44 46 15933
44 47 17235
44 48 65158
44 49 10869
45 46 44715
45 47 61126
45 48 14664
45 49 42771
46 47 59533
46 48 47123
46 49 27751
47 48 35273
47 49 38260
48 49 13458
