50 50 980
25000 25000 25000 25000 25000 25000 25000 25000 25000 25000 25000 25000 25000 25000 25000 25000 25000 25000 25000 25000 25000 25000 0 25000 25000 25000 25000 25000 25000 25000 25000 25000 25000 25000 25000 25000 25000 25000 25000 25000 25000 25000 25000 25000 25000 25000 25000 25000 25000 25000
2609 3292 6739 8933 6803 5984 10355 7650 8084 4246 5219 5776 6641 7816 4374 3847 5033 6429 6719 3660 7358 5396 5219 8345 4182 6387 7391 5542 5038 10349 6400 5558 6051 9568 3792 4898 9064 7159 11178 8697 4781 6033 6661 5299 8845 11656 9977 5301 8663 3947

2368 1148 3204 4509 4028 2752 5457 3845 4791 2504 2396 2628 3220 3859 1838 2266 2285 3117 3299 2596 3680 2582 2296 4205 1779 2994 5115 2491 2189 5399 3046 2499 2838 4940 1446 2351 4642 3507 6634 4369 2035 2890 3943 2607 5984 6919 5919 3574 4385 1538

38119 28711 4914 17161 44553 7030 26409 19622 50450 35490 13876 9147 14977 9987 21848 35330 20546 15111 25670 37312 29954 23679 9828 13734 19303 6568 57472 8895 11180 22957 12390 7341 15489 21294 21806 22713 18992 16657 67393 15523 12297 23856 48568 27686 66066 66973 59161 44864 16203 22621

94158 75406 32372 11548 94124 35112 29982 21024 105322 79267 29681 21275 20071 28595 64292 80186 47630 25921 53179 95094 61702 69206 23096 42165 48700 24701 135170 25118 40527 60515 47246 30416 52911 19804 61669 53847 15191 17163 141838 16712 34762 49569 105288 76944 142841 137025 121516 110118 12183 58878

1432 1277 1715 1883 566 1580 2152 1577 838 876 1061 1250 1363 1923 1524 955 1016 1318 949 1655 814 1789 1133 2087 1015 1583 2005 1269 1379 2512 1815 1381 1823 2008 1383 947 1901 1497 1685 1925 1108 908 1169 1798 2040 1600 1240 2003 1836 1237

29389 21549 6421 15994 35203 3514 23701 16197 40108 27663 10383 7483 12332 10627 15840 27251 15232 12444 20193 28704 23757 17769 7029 12654 13919 6260 45474 6253 6966 20326 9090 4947 10956 19446 15805 17035 17517 13730 54202 15093 8371 18684 38375 21102 52622 53852 47354 34986 15197 16483

181956 151443 81972 45118 179349 86890 28499 43134 199791 153664 65767 58805 48555 75277 138615 155294 97584 53176 107361 187467 122469 147325 56998 99391 102384 68433 259515 65619 96429 131920 108338 78565 118381 37594 126439 108605 40319 50569 262507 54213 78328 100962 199791 160389 266358 256048 228497 214099 46244 120958

70158 56137 33391 20160 68960 32030 26544 6370 78353 57158 16770 13571 8861 34044 51550 57907 31390 10985 35882 72690 42824 57376 12741 45125 33595 25346 105796 16702 32220 60071 42892 24339 46527 21820 44649 36454 21085 12128 107171 24366 22542 32942 78353 60248 108940 104203 91544 84928 20704 42130

1719 1555 2020 2186 797 1877 2480 1869 697 1127 1324 1525 1646 2242 1817 1211 1359 1593 1205 1956 1061 2099 1395 2416 1275 1880 1940 1538 1663 2869 2127 1665 2135 2327 1668 1203 2218 1789 1599 2239 1374 1156 1050 2109 1977 1509 1125 2149 2144 1511

1038 879 1459 1709 1024 1320 1995 1402 1305 464 869 1050 1181 1674 1133 546 738 1134 1066 1268 1206 1406 928 1875 768 1323 1950 999 1145 2314 1562 1115 1500 1846 988 667 1736 1318 1983 1748 832 916 1087 1416 1986 2088 1720 1628 1668 837

282030 211282 141015 156813 275986 123980 205925 104130 324205 216434 12638 46089 66146 165880 198300 220212 86408 58178 109075 294806 144106 241573 25277 212999 97536 105504 461992 48149 106122 288418 178793 81738 185456 180442 162789 111960 161484 89774 468792 165811 55499 94239 323380 245901 477721 453818 389938 356556 149807 140603

50691 38013 17684 20961 51754 16554 32069 15322 59686 41572 8429 1231 9073 20938 32781 41335 20566 9254 24295 52228 30058 37595 2463 29549 19775 11074 79235 3830 16712 41956 25571 10170 28589 26227 28724 24385 23131 11333 83247 20927 10350 21854 59166 41335 84557 81009 70500 62387 19673 26656

87703 68425 38207 29484 86090 36375 42477 15319 98955 70203 15832 11526 5185 43485 62653 71210 35513 11563 41561 91111 50906 70496 10371 57448 38482 27377 135275 15741 36631 77569 50998 26021 55891 35788 53362 42330 30731 11599 137529 32581 23565 37602 98735 74362 139911 133534 116492 107586 27615 49972

8994 7014 1953 3076 10270 2400 5044 4089 11525 8342 3428 2289 3530 1217 5553 8308 5162 3558 5938 8844 6878 5947 2434 2672 4897 1741 13134 2275 3283 4634 3544 2352 4204 3955 5544 5623 3465 3423 15131 2520 3406 5551 11125 6799 14963 15041 13379 10451 2868 5718

22109 13806 17181 27575 34163 13983 36054 25399 39559 23393 16297 15828 21148 21809 7310 21709 15513 20779 22678 21463 25368 12569 14621 24038 11931 16866 39913 14091 11169 32479 15843 13360 14375 31372 9640 15974 29250 22701 52897 26598 12776 19787 33563 13114 48346 54681 47531 28374 26698 11815

16807 14001 25640 30561 19556 22905 35602 25154 24505 9679 15763 18421 21255 29433 18478 8135 13451 20437 19232 20868 21699 23300 16271 32126 12619 23236 35094 17533 19253 39867 26303 19556 24957 32986 15933 12196 31041 23680 36455 30709 14579 16581 19881 23476 36497 38302 31816 27205 29842 13261

10299 7390 7031 8472 10011 6048 10492 6305 12559 6963 2542 3918 4743 8551 6856 7119 1531 4415 4164 10825 5152 8788 3062 9992 2712 6068 17458 3782 5031 13093 7754 4593 8294 9443 5401 2666 8664 5714 17692 8842 2599 3101 11362 8989 17709 17551 14924 13365 8184 4483

175305 136474 78453 73100 171987 74683 92515 36644 198000 139301 27445 23562 23034 89311 126332 141375 67935 11423 80376 182317 99603 144881 22846 118038 74042 56173 274079 32233 75211 159433 104768 53383 114834 79433 107218 81959 75663 36305 280374 79396 45918 72233 198000 150423 282712 269592 234531 216209 69254 97680

14104 10872 9452 10186 10309 8668 12441 7754 12529 10040 3542 5082 6005 10597 10274 10214 4313 5638 2061 14718 4237 12438 4123 12767 5635 7817 21789 5177 8073 16239 11122 6723 11726 11267 8646 5230 10401 7099 19186 10594 5350 2795 14964 12662 22071 18497 15556 17561 9863 7618

4719 4738 8597 11897 10320 7583 14113 10500 12031 6905 7254 7875 9152 10064 5467 6371 7005 8870 9277 3656 10130 6729 7312 10878 5869 8497 9506 7622 6695 13554 8172 7390 7707 13238 5406 7151 12428 9845 15675 11583 6547 8360 10130 5845 12180 16314 14559 5847 11614 5613

2204 1718 1581 1691 1302 1463 2030 1326 1635 1593 693 924 1063 1760 1628 1619 733 1008 555 2296 390 1953 780 2079 931 1335 3066 939 1298 2600 1756 1171 1846 1853 1384 871 1722 1227 2673 1752 889 505 2041 1987 3108 2532 2090 2723 1643 1229

33087 23443 23170 37575 50155 19559 48702 36072 57236 36022 26166 23493 30494 29263 14919 33813 25682 30655 35084 31815 38614 11166 22333 29102 20982 23524 56025 21214 17380 40178 17905 20255 15978 42538 17975 26288 39775 32512 74738 35911 21002 31291 49368 15978 67091 77038 67697 40884 36405 20830

29547 21819 12087 14277 30208 10393 19877 9670 34960 23989 3801 2252 5847 14071 19650 23844 11199 6260 13471 30993 16984 22873 0 19319 10703 8017 46945 2293 10145 26881 15889 6157 17728 16757 16158 13513 14856 7665 50147 14257 4959 11984 34713 24051 50189 48040 41634 36675 13492 14897

19258 15154 4883 8660 22473 5240 12851 10822 25140 18677 8930 6798 9435 4715 11943 18148 11947 9496 14265 19106 16203 11616 7106 3553 10898 5631 28226 6684 7117 7725 6509 5973 7911 10537 11924 12593 9496 9405 33421 7486 7881 13444 24198 13429 31946 32615 29081 22522 8227 12293

32600 22120 24063 31410 36263 20115 39682 24603 43406 26098 11050 13644 18976 29538 20197 24684 10012 17796 19495 34493 23056 27157 10541 33424 5270 20594 59259 12362 14845 44597 26668 15282 26495 35297 14936 10622 32488 21866 64743 31379 8099 15669 41636 27879 64804 63420 53958 43640 30250 11650

19133 14415 4124 7502 21736 4258 12148 8180 24693 17191 5611 2952 5851 5337 11613 17111 9697 5918 11525 19369 13673 12852 3268 8547 9073 1634 29479 2801 5623 13172 7620 3075 8745 9583 10952 10784 8420 6693 33190 6967 5560 10615 23935 14794 33148 32667 28750 23156 7022 11361

175156 190444 281463 355282 238383 258749 406770 325852 225170 205569 253234 264755 294457 314332 211356 210756 242970 289434 287742 170788 273327 239639 248102 332568 222222 279224 124051 257875 238875 392519 271962 254436 261534 380835 205405 233251 365874 308872 262243 348348 234998 267212 177231 219819 183947 276549 279934 151733 352989 210046

31417 23339 11056 15023 33379 9282 22113 11424 38298 25597 5582 2430 7436 13292 19279 25460 12766 7551 15708 32571 19387 22351 1601 18629 11698 6794 49650 800 9022 26549 15038 4846 16963 18384 18146 14626 16408 8878 52990 15002 5683 14150 36827 24738 53033 52629 45921 39055 14201 16091

22292 15532 8585 15815 27305 6079 22449 14122 31534 21286 7458 6609 10790 12212 11525 20448 11037 10887 16351 22629 18460 14092 5916 13959 8953 7422 37089 5247 2958 20575 9380 4675 9917 18779 10579 12122 17129 11995 44699 15038 5121 14086 30040 16086 42325 43386 37782 28046 15128 11164

35887 29205 12480 18630 41122 13061 25455 22151 45465 34940 19069 15598 19892 12207 23976 34080 23982 19991 27757 35640 30912 23444 16099 10314 22275 13699 50490 15413 16118 8049 15128 14256 17411 21687 23945 25034 19991 19843 58502 16718 17362 26420 43931 26395 56547 57636 51882 41202 17925 24545

12035 8916 3727 7937 15528 2988 11116 8229 17556 12413 5826 4628 6632 5471 6476 11884 7270 6678 9817 11792 10828 6101 4440 5425 6843 4123 18722 4120 3693 8596 2220 3580 3285 9358 7288 8021 8567 7210 23593 7374 4435 8731 16331 7478 21757 23235 20550 14388 7608 8162

16816 12300 4673 8907 19038 3674 13346 7880 21863 14695 4330 2861 5655 6838 9623 14610 7526 5719 9982 17041 12034 11338 2398 8891 6931 3300 26701 1952 3900 13310 6886 1199 7961 10895 8991 8573 9784 6460 29982 8388 3574 9112 21992 12670 30199 29780 26037 20660 8448 9382

33291 24043 13451 25678 45466 10386 35106 25927 51477 34720 17347 15249 21192 18623 16808 32845 22433 21329 29985 32571 32982 15695 14693 18486 19385 13751 53121 13742 10951 27888 8982 12141 7346 30148 19402 23889 27802 22904 67566 24266 14025 26766 46032 19779 62514 69570 61607 40269 24685 21808

946126 772783 372672 171891 941607 399465 229188 203364 1052973 801673 322800 261306 229995 336196 681269 810550 496143 258078 549405 987768 631719 728398 261790 467575 512606 298912 1361570 298428 451435 644793 516318 354111 575875 130895 640112 556184 145421 201588 1394657 221440 377998 514543 1052973 803126 1415639 1359472 1209370 1121245 178024 610899

11074 6516 9745 14620 17265 8055 18070 12049 20125 11582 7198 7592 9802 12191 5780 10692 6792 9607 10578 11927 12000 8559 6353 13369 4891 8961 21336 7495 5951 17830 10200 7109 9514 16229 3176 7028 15116 10875 27174 14096 5378 9051 16956 8848 24582 28075 24330 15579 14222 4326

15829 11730 12055 14909 14887 10463 18181 11400 18098 9950 5307 7379 8870 14516 10865 10202 3806 8340 7557 17293 9159 13994 5984 16447 4154 10495 26946 6793 8459 21470 13235 8116 13697 16483 8500 2992 15221 10444 27326 15353 4886 5837 17073 14319 27353 27097 22842 21406 14443 7022

260549 211357 97602 40426 259264 105128 73603 59561 291477 219479 83331 65940 56946 87232 185247 222003 132614 73007 147849 269818 171160 198738 65986 124584 137295 76540 378755 76494 119995 174969 138442 92233 155375 45566 173638 149685 32993 48961 388070 54606 99025 137846 290926 219984 394035 378067 335391 310337 42170 165240

137814 108160 60774 37261 137095 58008 63568 27330 156514 113056 30982 20497 15076 61549 97731 114578 60691 24757 69875 142959 83983 109515 20525 84066 63513 44425 209073 26860 58395 114439 80082 42378 87468 46721 85421 70981 39142 10262 214743 41936 40442 63900 156127 117123 218284 208713 182987 167828 34439 80359

45190 41683 54470 59493 29821 51403 65177 52117 27688 32544 40378 44494 47243 59211 47631 34351 38581 46820 37823 48504 35461 53659 42775 64357 39250 51465 40960 44335 48318 73399 57395 46882 55712 61907 44450 37012 59475 50292 21387 60630 40660 36889 30385 54285 34060 23696 24243 45428 59070 41092

22574 17974 7146 4104 23542 8089 8618 6428 26371 19848 7822 5211 5621 5744 15256 19762 12226 7047 13579 22804 15670 16305 5658 9081 11939 5543 32644 6154 9417 13583 10795 6937 12308 6121 14604 13612 4997 4907 35329 2829 8519 12693 26231 18261 35444 34157 30344 26490 3636 14436

80057 56481 38011 53182 85773 30699 70728 39587 100523 63100 15801 16494 27925 49316 49862 62659 25677 26917 44210 82915 51564 61965 10086 58183 22567 30846 133135 13847 23134 81255 43390 19877 47404 61209 39209 31140 55409 33472 142906 53119 5043 36309 95817 63289 143032 141855 122313 103360 50787 35364

58028 43758 39723 42962 45043 36260 52917 32225 54677 40086 13627 20427 24504 44777 41119 40854 14800 22884 13348 60736 18235 50669 16196 54356 20636 32504 91957 20846 31401 69686 44861 27673 47528 47737 33928 18849 43884 29335 84235 44763 19379 8098 61825 51661 93199 81191 68206 73289 41538 29391

11687 10319 16111 18256 9625 14832 20714 15620 8793 7559 11041 12598 13719 17960 12502 7885 9913 13320 12732 13667 11825 14853 11550 19329 10071 15090 13193 12158 13052 23103 16310 14031 15654 19439 11261 9301 18490 14901 14420 18590 10725 11440 5775 15097 13994 15320 12357 14935 17905 9951

19812 14312 16981 25818 30875 14743 32575 23312 35262 22118 16250 16268 19856 20756 9331 20750 16000 19556 21825 17087 24012 9543 14550 20656 13087 17100 32087 14856 12481 27518 13718 14262 12525 28893 11225 16375 27181 21506 46393 24875 13050 19475 30675 7275 38943 47856 42043 22706 25093 12993

107792 115691 168663 190737 120397 157010 210766 169251 113618 103562 131938 144628 153760 185526 134768 109304 122750 150511 145721 113954 138325 149278 136084 193650 124879 163256 89976 141042 142499 224408 164573 150483 160511 200373 123367 117764 192641 163396 108212 193454 129361 135188 93057 139110 68042 115551 117288 104178 187935 125748

50320 46673 57109 60151 29943 53921 66703 53124 27725 37172 40919 45381 48057 62039 52583 39050 40589 46994 38262 53765 35074 58814 42605 65905 40553 53307 45922 46572 49175 75966 59473 49220 61003 63303 49184 38958 60774 51227 25572 61352 42752 37291 34927 59519 38748 21302 24143 50567 59235 45803

13547 12443 15576 16502 7348 14610 18481 14368 6676 9565 10672 12024 12834 17069 14205 10134 10572 12512 9867 15145 8902 16103 11183 18240 10561 14424 14940 12384 13172 21287 16292 13186 16755 17451 13197 10078 16686 13794 8777 16860 11227 9573 9046 16305 12767 8172 5591 17640 16219 12151

1568 1572 2542 3371 2975 2287 3928 3020 3140 2117 2205 2361 2682 2911 1756 1983 2142 2611 2713 1300 2927 2073 2174 3115 1857 2517 2006 2297 2064 3788 2435 2239 2318 3664 1740 2179 3495 2856 3556 3292 2072 2483 2603 1850 2678 3717 4040 1087 3300 1792

101089 81178 34056 14036 101528 37057 34221 24448 114155 85625 31329 21905 20807 29883 69009 86632 50983 27212 57059 102699 66392 74352 23899 44780 51935 25656 147937 26114 42986 64873 50343 31915 56510 23076 66429 57791 18025 17622 155129 16909 36673 53106 114118 82825 155275 148907 131888 119151 11949 63080

7969 4856 7095 9693 10916 5941 11999 7886 12864 7029 4190 4847 6351 8766 4903 6421 3907 6030 6493 8552 7464 6801 4001 9570 2614 6560 14979 4498 4503 12617 7978 5294 7448 10753 3124 4073 9987 7090 17673 9684 3335 5450 10694 6998 17196 18323 15742 11047 9376 2000

13 19 15736
11 46 30517
7 14 67666
25 48 45284
1 27 22270
18 25 34155
14 38 54988
10 28 14398
23 42 27572
29 45 41338
12 42 62797
32 34 59981
24 42 39600
3 8 19373
14 46 41282
13 38 59325
40 47 20329
32 43 15359
10 21 60618
0 18 42387
13 23 53889
20 49 49908
1 2 57848
7 30 37981
3 21 19034
1 19 34650
2 9 60322
9 44 14639
1 4 31601
14 31 27926
3 19 63368
26 29 37337
24 45 48443
26 40 61033
20 46 12620
9 25 60714
14 49 37330
21 49 69752
23 38 65112
2 10 67045
18 48 41089
3 28 10050
8 39 57025
5 34 22832
7 47 31566
18 23 28306
7 8 12156
5 14 41895
2 25 45808
28 33 62774
34 35 14281
1 24 29696
5 37 54824
36 43 14272
20 44 69820
6 9 16001
37 46 51065
36 44 60141
30 32 20640
3 39 12665
25 26 18066
0 30 14007
43 44 52145
35 36 68653
9 11 17182
11 18 66909
3 10 11508
19 47 56656
33 40 18802
2 42 66620
29 44 53700
34 42 62034
24 30 18812
21 43 40725
21 47 14865
3 13 40379
40 42 11173
16 19 29164
44 45 24416
21 31 46982
4 25 21937
2 15 40841
17 44 18820
27 32 18904
19 29 45113
20 36 18640
20 38 24905
4 30 26177
20 24 68781
15 40 47688
33 45 40985
20 27 28990
3 22 63839
3 26 35272
38 39 39785
31 36 23163
20 37 32180
18 27 41293
8 12 69819
15 29 40982
7 24 37912
9 41 53519
17 30 45159
5 31 58867
7 17 24243
11 37 50024
7 19 29245
6 24 37559
9 34 69189
27 40 43662
5 24 26683
46 48 33268
0 46 26645
1 31 35504
13 44 42172
19 42 61758
8 17 56287
1 5 69220
12 18 30077
5 43 67210
2 35 59051
22 47 13204
29 31 26199
0 40 52889
40 49 38476
12 45 68127
22 30 66052
1 22 12799
36 41 39419
14 33 18013
11 16 55924
34 46 19473
37 48 61532
10 43 31082
0 12 68341
19 24 27917
10 17 11106
19 27 27585
7 20 55476
13 14 22437
8 13 13389
12 40 12159
1 43 45705
10 41 30034
14 45 49806
0 20 30020
14 35 33934
17 32 36092
15 35 41382
26 27 66154
20 29 33301
27 44 30432
0 21 69358
15 26 61644
0 8 13320
4 42 49977
17 48 59770
14 22 21515
21 34 64919
16 45 41332
24 47 29528
0 39 50842
1 45 50805
4 41 33202
16 32 11924
16 30 61288
1 10 51119
30 33 25173
0 22 18873
29 35 48737
29 36 49753
35 39 34405
30 41 63039
5 38 25457
15 33 66583
34 47 42844
34 44 57620
5 30 30516
5 9 21078
10 40 29002
21 28 38813
18 28 56523
4 19 49434
22 23 50313
15 19 48166
12 14 64898
2 36 30289
35 48 50078
12 24 28555
21 44 25207
2 13 33552
18 24 48083
10 36 18192
14 17 14357
5 39 23427
6 23 20116
6 29 65645
11 19 64546
0 27 47432
4 27 26660
35 37 55425
8 35 27184
25 46 63209
21 37 48464
9 16 54784
45 49 59791
40 44 33450
3 9 42404
43 45 32449
24 38 44529
6 16 13548
0 45 61262
13 37 31051
38 45 52982
0 25 41575
4 24 21359
46 49 60022
13 24 14006
28 31 13579
25 38 18576
19 35 29214
34 38 37132
13 25 68802
10 14 49549
16 25 53632
12 16 22228
27 29 59665
38 46 49276
8 15 16773
9 23 49239
3 40 18079
23 41 62199
13 41 18565
32 47 11287
1 21 52805
40 45 63349
11 34 13220
7 18 16254
4 16 47895
1 20 35669
18 39 50783
26 28 51443
8 25 39074
21 46 23976
9 36 46568
13 39 22791
17 29 35335
11 39 36589
44 48 26797
2 32 38915
31 41 45166
4 17 58154
0 24 66047
27 33 43967
5 33 37702
10 42 49678
44 49 68339
7 15 39509
20 31 41096
27 41 15111
20 33 18747
11 27 61318
19 22 19452
3 33 27312
8 40 14747
10 46 14399
6 36 32804
12 36 17967
6 7 20654
36 40 10698
3 24 55780
13 49 13579
10 26 52142
39 41 36996
20 25 27556
24 37 28709
3 11 49787
35 45 52891
23 30 55298
6 45 66584
29 40 21805
11 44 42606
1 38 54738
15 23 29994
13 31 28716
38 40 22439
2 11 21814
42 48 27054
28 39 64092
26 35 52911
16 34 44308
12 48 12838
2 17 56371
5 10 65904
17 24 42294
0 37 61119
35 47 10302
23 24 65098
33 47 21228
32 35 20956
10 48 17938
13 36 67008
8 42 36679
26 34 60080
9 31 34003
3 38 54235
9 12 30931
0 7 25932
3 20 37125
16 43 28372
34 41 22516
13 20 61074
43 49 13120
16 17 19396
38 48 33210
46 47 31836
0 28 43978
33 34 45025
17 42 61033
8 47 38069
2 33 40078
11 43 35341
15 46 53051
16 20 26448
18 43 43387
1 6 25344
30 31 29709
20 41 43689
17 40 32584
17 37 40938
4 10 66789
8 26 52665
30 38 50088
15 49 33467
12 20 42745
27 34 26234
2 22 17701
14 24 15818
26 36 42166
27 35 56969
12 46 34190
14 28 54682
0 11 60185
9 24 37311
23 36 16220
2 7 23395
23 48 11289
21 30 50199
14 26 58420
19 33 62323
33 44 18267
25 41 40640
6 35 39806
31 32 61318
3 30 57088
6 28 13192
1 34 28804
20 48 28940
34 49 46881
2 38 63531
30 49 59878
22 45 55812
4 13 46196
30 37 39965
5 17 19278
10 27 31083
29 46 68342
9 15 26979
20 26 36901
37 41 40508
47 48 26091
40 48 61092
30 45 37332
17 23 16275
7 35 40545
30 47 43553
13 16 29670
4 46 41834
19 49 23751
9 27 30232
11 15 46299
3 49 44161
4 38 13014
4 45 16104
39 44 35479
1 46 12245
27 46 19296
12 43 66426
27 43 31185
28 38 68321
15 18 59957
11 36 21062
0 10 54132
0 4 36152
26 33 63170
22 27 63411
6 14 57235
2 40 61512
18 47 32532
1 18 36278
6 48 44162
3 31 48623
6 49 39512
11 17 23636
3 44 67042
20 32 10056
23 39 69332
2 41 38854
12 47 54034
35 46 35225
40 41 59087
14 47 30332
1 37 69387
4 40 62101
17 43 36437
10 12 34865
6 38 64346
14 21 57876
11 42 43433
2 14 25530
2 5 56196
8 31 33389
13 15 48735
11 25 40328
14 36 11683
14 25 54048
2 43 45881
1 30 11060
7 40 57702
4 48 68413
24 33 37339
4 39 44006
15 34 59179
5 36 66851
18 41 57642
2 37 56220
16 38 19050
1 16 56974
34 39 25073
26 37 63084
26 42 22198
36 49 26302
0 2 23415
11 28 21584
4 11 30546
1 40 61995
0 5 58592
20 35 37034
29 43 49871
29 33 32025
6 40 64708
11 30 36066
6 17 67557
32 49 43442
33 42 18536
36 39 69241
15 39 39632
37 42 54417
0 48 10300
19 20 27333
26 41 52830
16 40 37639
8 37 61339
24 40 54151
1 44 46633
6 22 48981
12 15 40370
16 26 55683
18 34 48097
15 22 67586
25 45 60909
34 48 12437
3 32 23888
22 28 14323
18 29 36165
21 48 56577
9 48 18461
27 42 36899
6 46 23610
18 33 58332
23 27 58924
14 29 18317
33 46 36540
10 35 68624
33 36 51760
25 30 45077
11 14 67864
38 41 21391
16 29 29493
37 38 68164
6 47 50868
2 12 24465
2 8 47946
14 16 42206
34 43 68616
2 3 24578
7 37 33329
21 25 51128
32 37 22403
4 9 23568
3 12 48714
10 19 13311
5 32 26006
14 44 14744
28 32 29777
11 47 52171
2 39 61321
23 43 38238
18 37 19069
17 35 14930
41 44 38712
5 27 20136
5 18 23248
35 40 65253
22 44 18759
42 43 17150
16 21 52472
5 29 28765
13 32 40684
11 48 11964
12 35 39071
5 47 21551
23 35 38573
20 43 17016
38 43 65901
22 42 37188
20 45 43737
23 28 29229
9 17 30459
37 49 68283
43 48 42798
43 46 69173
9 35 11593
25 29 10946
3 23 26059
23 25 43514
12 23 53117
21 29 29522
22 33 23894
27 48 14328
28 43 34452
25 44 64750
16 47 24464
29 37 59843
33 37 12144
15 43 45366
8 45 19135
14 39 54616
10 13 64131
6 34 49820
17 49 68723
45 46 33202
0 47 13513
15 25 37295
7 28 40218
2 16 21556
3 46 16626
15 45 26098
1 26 40786
0 15 37085
20 28 24380
28 30 25726
12 32 48400
2 48 38117
32 41 26672
41 42 16601
4 15 23773
0 34 21931
21 24 36123
12 39 37667
28 48 26259
23 49 12717
4 43 32416
16 37 52867
9 14 14703
6 8 34560
11 40 28232
7 34 23838
11 45 31318
27 38 22363
18 42 15800
0 26 42184
22 34 57708
22 38 31457
3 37 21621
2 23 40068
18 35 43013
19 38 28247
34 40 56166
13 26 25941
8 11 67475
7 48 22689
16 23 53810
18 45 58017
28 34 50806
3 17 22624
26 46 64618
39 42 64579
32 38 34555
38 42 42883
43 47 44388
14 43 62958
32 39 57744
5 13 18947
22 41 45824
27 39 62447
0 49 55650
31 44 16198
23 40 28427
5 35 16968
35 49 40704
17 38 34228
22 43 61295
20 42 28411
8 29 67828
0 32 12915
9 43 58480
4 31 40840
24 36 31163
16 39 56788
37 47 56782
1 32 40780
23 44 69477
8 43 40591
18 49 28797
1 15 62425
11 13 53216
7 49 35557
26 43 69146
31 45 29913
27 45 20583
24 48 55677
31 40 22870
0 35 68327
31 37 64624
6 18 10836
8 22 60773
2 6 50273
6 27 29178
28 42 19199
23 32 69384
15 48 59882
4 37 55570
6 19 60678
9 42 30436
7 41 53397
0 42 63594
12 13 31058
11 35 36380
1 14 36899
4 6 17845
7 10 23161
9 18 67679
8 20 29465
24 28 65895
5 6 38618
19 39 34032
31 42 61253
15 20 16318
26 45 33178
24 27 21166
16 46 26901
29 30 18854
39 40 46179
0 1 37370
36 47 25620
20 39 59159
16 49 28142
13 40 65893
1 11 18336
14 30 49484
4 34 17419
21 26 20360
36 45 47197
18 20 68097
1 8 40796
31 33 42736
15 41 13832
22 39 61854
1 25 69116
18 21 40731
5 26 21842
30 36 34419
37 43 50553
29 49 53450
3 41 30314
14 48 31313
18 22 17481
10 18 21566
38 44 49774
2 28 52802
36 38 32732
6 44 18817
12 27 13798
17 21 21054
12 21 46187
29 42 29418
1 7 10212
7 42 16471
10 22 37454
0 9 18548
0 17 68099
31 34 44873
29 48 28908
5 48 45295
44 46 55112
22 36 11847
25 35 18030
18 31 58945
5 22 63701
8 30 29289
7 23 41818
18 40 27685
8 46 53708
20 40 34513
7 29 11134
9 29 14021
21 41 67970
12 37 30759
27 47 37731
5 42 47743
20 22 13560
41 46 12605
11 20 56561
12 44 29502
9 26 23659
19 45 32747
19 36 48920
10 33 23871
5 16 39219
18 30 28516
25 33 44562
11 22 49460
26 49 15531
27 28 63471
36 46 24754
5 49 60644
16 22 65318
40 46 44927
28 36 61731
19 28 11160
4 18 64216
7 36 45691
13 35 40989
3 6 60067
0 29 10204
9 33 42123
7 32 64088
34 36 20316
23 29 15024
2 4 43961
38 49 58059
5 19 18585
27 37 46567
20 30 44619
1 12 38087
47 49 60226
8 34 19509
6 41 29149
7 33 26240
42 45 60871
2 34 47666
3 14 60802
24 44 40330
17 19 53197
17 25 66415
5 12 67227
6 13 55983
5 25 13874
16 42 54296
16 28 59856
22 29 27178
18 44 48512
13 47 35547
41 45 58167
8 36 50721
17 26 47894
19 21 42432
15 30 44808
28 35 58210
9 45 47457
24 29 30912
15 16 58411
15 36 68185
8 19 67479
25 36 33030
14 40 48414
41 47 69847
13 42 54682
1 33 67563
6 42 26086
17 33 45552
11 41 57371
2 26 16888
19 40 28024
6 37 52711
7 44 25445
19 31 25250
19 48 38693
9 22 29320
11 32 69546
37 45 40692
3 45 46498
12 29 60200
19 43 66239
28 44 46807
2 47 40920
10 45 56275
8 33 19238
31 38 27871
0 14 44484
6 10 68838
8 27 48783
34 45 32894
12 34 67022
23 31 46261
23 33 68067
33 41 45435
34 37 58250
9 37 52748
14 42 55141
14 41 14336
10 31 40442
6 43 54654
20 23 33367
7 38 58466
8 44 37364
41 49 48812
9 49 25858
16 41 18200
16 44 20274
10 15 37547
0 33 48892
15 17 56772
18 32 27746
13 45 57273
13 21 45721
23 26 10809
24 25 43547
17 47 54960
22 24 28680
30 42 30173
5 46 53797
28 40 19605
30 43 65210
17 39 62962
15 21 68009
6 31 15419
32 33 50539
24 34 56258
31 46 10309
10 44 35679
0 13 60594
9 30 40752
4 44 32476
1 42 23960
32 45 41360
10 49 11982
26 48 14915
0 44 57219
8 38 20182
26 39 25189
6 30 24765
8 10 11216
10 37 24104
6 15 54654
0 36 10631
1 36 59825
36 37 55463
24 41 44178
12 30 56927
32 48 14142
3 16 16493
30 34 40724
8 24 35890
17 31 23846
2 49 45828
1 23 33898
28 46 29265
27 30 26366
1 48 20156
12 49 29574
25 49 64189
13 18 10749
13 34 12468
1 41 26664
5 40 36853
25 43 43829
21 35 28646
29 39 53911
16 24 43190
25 40 50972
19 44 69100
1 9 10097
8 41 64331
7 39 35346
39 47 54751
12 38 64963
5 41 25171
3 7 52357
45 48 51283
30 39 12097
2 31 68642
4 8 69920
22 35 54964
39 43 34532
2 18 23765
10 38 42934
19 37 58430
26 38 43030
12 19 59301
39 48 68586
2 45 14746
1 17 65632
14 34 21478
21 40 17215
39 46 22295
25 27 60474
3 29 63187
8 9 53084
20 34 44384
12 25 36376
25 31 46198
16 35 55626
24 43 48616
30 35 40529
16 36 33115
25 37 33366
32 46 35491
6 21 60429
10 16 15722
7 31 28916
13 22 62526
15 47 26507
42 44 28835
2 44 59633
8 18 51039
0 43 42600
17 18 32566
25 47 39468
16 27 27772
22 46 34009
13 17 50197
23 34 32519
6 20 29640
11 12 13817
21 23 39734
0 41 54078
1 28 64291
14 23 45063
4 20 37162
39 49 50817
1 3 11438
1 47 13359
1 39 48585
10 47 50054
2 19 56031
7 21 11699
22 26 25562
7 12 33664
6 26 62128
26 30 43428
29 32 52581
35 41 66797
1 49 59935
11 38 23558
11 24 68572
10 25 40973
8 23 56159
30 40 31137
14 32 22583
10 20 13930
7 16 67290
7 27 62780
2 20 48592
19 34 26929
2 21 66597
15 24 30468
16 18 11007
24 49 13029
