50 50 978
25000 25000 25000 25000 25000 25000 25000 25000 25000 25000 25000 25000 25000 25000 25000 25000 25000 25000 25000 25000 25000 25000 0 25000 25000 25000 25000 25000 25000 25000 25000 25000 25000 25000 25000 25000 25000 25000 25000 25000 25000 25000 25000 25000 25000 25000 25000 25000 25000 25000
2609 3292 6739 8933 6803 5984 10355 7650 8084 4246 5219 5776 6641 7816 4374 3847 5033 6429 6719 3660 7358 5396 5219 8345 4182 6387 7391 5542 5038 10349 6400 5558 6051 9568 3792 4898 9064 7159 11178 8697 4781 6033 6661 5299 8845 11656 9977 5301 8663 3947

2368 1148 3204 4509 4028 2752 5457 3845 4791 2504 2396 2628 3220 3859 1838 2266 2285 3117 3299 2596 3680 2582 2296 4205 1779 2994 5115 2491 2189 5399 3046 2499 2838 4940 1446 2351 4642 3507 6634 4369 2035 2890 3943 2607 5984 6919 5919 3574 4385 1538

38119 28711 4914 17161 44553 7030 26409 19622 50450 35490 13876 9147 14977 9987 21848 35330 20546 15111 25670 37312 29954 23679 9828 13734 19303 6568 57472 8895 11180 22957 12390 7341 15489 21294 21806 22713 18992 16657 67393 15523 12297 23856 48568 27686 66066 66973 59161 44864 16203 22621

94158 75406 32372 11548 94124 35112 29982 21024 105322 79267 29681 21275 20071 28595 64292 80186 47630 25921 53179 95094 61702 69206 23096 42165 48700 24701 135170 25118 40527 60515 47246 30416 52911 19804 61669 53847 15191 17163 141838 16712 34762 49569 105288 76944 142841 137025 121516 110118 12183 58878

1432 1277 1715 1883 566 1580 2152 1577 838 876 1061 1250 1363 1923 1524 955 1016 1318 949 1655 814 1789 1133 2087 1015 1583 2005 1269 1379 2512 1815 1381 1823 2008 1383 947 1901 1497 1685 1925 1108 908 1169 1798 2040 1600 1240 2003 1836 1237

29389 21549 6421 15994 35203 3514 23701 16197 40108 27663 10383 7483 12332 10627 15840 27251 15232 12444 20193 28704 23757 17769 7029 12654 13919 6260 45474 6253 6966 20326 9090 4947 10956 19446 15805 17035 17517 13730 54202 15093 8371 18684 38375 21102 52622 53852 47354 34986 15197 16483

181956 151443 81972 45118 179349 86890 28499 43134 199791 153664 65767 58805 48555 75277 138615 155294 97584 53176 107361 187467 122469 147325 56998 99391 102384 68433 259515 65619 96429 131920 108338 78565 118381 37594 126439 108605 40319 50569 262507 54213 78328 100962 199791 160389 266358 256048 228497 214099 46244 120958

70158 56137 33391 20160 68960 32030 26544 6370 78353 57158 16770 13571 8861 34044 51550 57907 31390 10985 35882 72690 42824 57376 12741 45125 33595 25346 105796 16702 32220 60071 42892 24339 46527 21820 44649 36454 21085 12128 107171 24366 22542 32942 78353 60248 108940 104203 91544 84928 20704 42130

1719 1555 2020 2186 797 1877 2480 1869 697 1127 1324 1525 1646 2242 1817 1211 1359 1593 1205 1956 1061 2099 1395 2416 1275 1880 1940 1538 1663 2869 2127 1665 2135 2327 1668 1203 2218 1789 1599 2239 1374 1156 1050 2109 1977 1509 1125 2149 2144 1511

1038 879 1459 1709 1024 1320 1995 1402 1305 464 869 1050 1181 1674 1133 546 738 1134 1066 1268 1206 1406 928 1875 768 1323 1950 999 1145 2314 1562 1115 1500 1846 988 667 1736 1318 1983 1748 832 916 1087 1416 1986 2088 1720 1628 1668 837

282030 211282 141015 156813 275986 123980 205925 104130 324205 216434 12638 46089 66146 165880 198300 220212 86408 58178 109075 294806 144106 241573 25277 212999 97536 105504 461992 48149 106122 288418 178793 81738 185456 180442 162789 111960 161484 89774 468792 165811 55499 94239 323380 245901 477721 453818 389938 356556 149807 140603

50691 38013 17684 20961 51754 16554 32069 15322 59686 41572 8429 1231 9073 20938 32781 41335 20566 9254 24295 52228 30058 37595 2463 29549 19775 11074 79235 3830 16712 41956 25571 10170 28589 26227 28724 24385 23131 11333 83247 20927 10350 21854 59166 41335 84557 81009 70500 62387 19673 26656

87703 68425 38207 29484 86090 36375 42477 15319 98955 70203 15832 11526 5185 43485 62653 71210 35513 11563 41561 91111 50906 70496 10371 57448 38482 27377 135275 15741 36631 77569 50998 26021 55891 35788 53362 42330 30731 11599 137529 32581 23565 37602 98735 74362 139911 133534 116492 107586 27615 49972

8994 7014 1953 3076 10270 2400 5044 4089 11525 8342 3428 2289 3530 1217 5553 8308 5162 3558 5938 8844 6878 5947 2434 2672 4897 1741 13134 2275 3283 4634 3544 2352 4204 3955 5544 5623 3465 3423 15131 2520 3406 5551 11125 6799 14963 15041 13379 10451 2868 5718

22109 13806 17181 27575 34163 13983 36054 25399 39559 23393 16297 15828 21148 21809 7310 21709 15513 20779 22678 21463 25368 12569 14621 24038 11931 16866 39913 14091 11169 32479 15843 13360 14375 31372 9640 15974 29250 22701 52897 26598 12776 19787 33563 13114 48346 54681 47531 28374 26698 11815

16807 14001 25640 30561 19556 22905 35602 25154 24505 9679 15763 18421 21255 29433 18478 8135 13451 20437 19232 20868 21699 23300 16271 32126 12619 23236 35094 17533 19253 39867 26303 19556 24957 32986 15933 12196 31041 23680 36455 30709 14579 16581 19881 23476 36497 38302 31816 27205 29842 13261

10299 7390 7031 8472 10011 6048 10492 6305 12559 6963 2542 3918 4743 8551 6856 7119 1531 4415 4164 10825 5152 8788 3062 9992 2712 6068 17458 3782 5031 13093 7754 4593 8294 9443 5401 2666 8664 5714 17692 8842 2599 3101 11362 8989 17709 17551 14924 13365 8184 4483

175305 136474 78453 73100 171987 74683 92515 36644 198000 139301 27445 23562 23034 89311 126332 141375 67935 11423 80376 182317 99603 144881 22846 118038 74042 56173 274079 32233 75211 159433 104768 53383 114834 79433 107218 81959 75663 36305 280374 79396 45918 72233 198000 150423 282712 269592 234531 216209 69254 97680

14104 10872 9452 10186 10309 8668 12441 7754 12529 10040 3542 5082 6005 10597 10274 10214 4313 5638 2061 14718 4237 12438 4123 12767 5635 7817 21789 5177 8073 16239 11122 6723 11726 11267 8646 5230 10401 7099 19186 10594 5350 2795 14964 12662 22071 18497 15556 17561 9863 7618

4719 4738 8597 11897 10320 7583 14113 10500 12031 6905 7254 7875 9152 10064 5467 6371 7005 8870 9277 3656 10130 6729 7312 10878 5869 8497 9506 7622 6695 13554 8172 7390 7707 13238 5406 7151 12428 9845 15675 11583 6547 8360 10130 5845 12180 16314 14559 5847 11614 5613

2204 1718 1581 1691 1302 1463 2030 1326 1635 1593 693 924 1063 1760 1628 1619 733 1008 555 2296 390 1953 780 2079 931 1335 3066 939 1298 2600 1756 1171 1846 1853 1384 871 1722 1227 2673 1752 889 505 2041 1987 3108 2532 2090 2723 1643 1229

33087 23443 23170 37575 50155 19559 48702 36072 57236 36022 26166 23493 30494 29263 14919 33813 25682 30655 35084 31815 38614 11166 22333 29102 20982 23524 56025 21214 17380 40178 17905 20255 15978 42538 17975 26288 39775 32512 74738 35911 21002 31291 49368 15978 67091 77038 67697 40884 36405 20830

29547 21819 12087 14277 30208 10393 19877 9670 34960 23989 3801 2252 5847 14071 19650 23844 11199 6260 13471 30993 16984 22873 0 19319 10703 8017 46945 2293 10145 26881 15889 6157 17728 16757 16158 13513 14856 7665 50147 14257 4959 11984 34713 24051 50189 48040 41634 36675 13492 14897

19258 15154 4883 8660 22473 5240 12851 10822 25140 18677 8930 6798 9435 4715 11943 18148 11947 9496 14265 19106 16203 11616 7106 3553 10898 5631 28226 6684 7117 7725 6509 5973 7911 10537 11924 12593 9496 9405 33421 7486 7881 13444 24198 13429 31946 32615 29081 22522 8227 12293

32600 22120 24063 31410 36263 20115 39682 24603 43406 26098 11050 13644 18976 29538 20197 24684 10012 17796 19495 34493 23056 27157 10541 33424 5270 20594 59259 12362 14845 44597 26668 15282 26495 35297 14936 10622 32488 21866 64743 31379 8099 15669 41636 27879 64804 63420 53958 43640 30250 11650

19133 14415 4124 7502 21736 4258 12148 8180 24693 17191 5611 2952 5851 5337 11613 17111 9697 5918 11525 19369 13673 12852 3268 8547 9073 1634 29479 2801 5623 13172 7620 3075 8745 9583 10952 10784 8420 6693 33190 6967 5560 10615 23935 14794 33148 32667 28750 23156 7022 11361

175156 190444 281463 355282 238383 258749 406770 325852 225170 205569 253234 264755 294457 314332 211356 210756 242970 289434 287742 170788 273327 239639 248102 332568 222222 279224 124051 257875 238875 392519 271962 254436 261534 380835 205405 233251 365874 308872 262243 348348 234998 267212 177231 219819 183947 276549 279934 151733 352989 210046

31417 23339 11056 15023 33379 9282 22113 11424 38298 25597 5582 2430 7436 13292 19279 25460 12766 7551 15708 32571 19387 22351 1601 18629 11698 6794 49650 800 9022 26549 15038 4846 16963 18384 18146 14626 16408 8878 52990 15002 5683 14150 36827 24738 53033 52629 45921 39055 14201 16091

22292 15532 8585 15815 27305 6079 22449 14122 31534 21286 7458 6609 10790 12212 11525 20448 11037 10887 16351 22629 18460 14092 5916 13959 8953 7422 37089 5247 2958 20575 9380 4675 9917 18779 10579 12122 17129 11995 44699 15038 5121 14086 30040 16086 42325 43386 37782 28046 15128 11164

35887 29205 12480 18630 41122 13061 25455 22151 45465 34940 19069 15598 19892 12207 23976 34080 23982 19991 27757 35640 30912 23444 16099 10314 22275 13699 50490 15413 16118 8049 15128 14256 17411 21687 23945 25034 19991 19843 58502 16718 17362 26420 43931 26395 56547 57636 51882 41202 17925 24545

12035 8916 3727 7937 15528 2988 11116 8229 17556 12413 5826 4628 6632 5471 6476 11884 7270 6678 9817 11792 10828 6101 4440 5425 6843 4123 18722 4120 3693 8596 2220 3580 3285 9358 7288 8021 8567 7210 23593 7374 4435 8731 16331 7478 21757 23235 20550 14388 7608 8162

16816 12300 4673 8907 19038 3674 13346 7880 21863 14695 4330 2861 5655 6838 9623 14610 7526 5719 9982 17041 12034 11338 2398 8891 6931 3300 26701 1952 3900 13310 6886 1199 7961 10895 8991 8573 9784 6460 29982 8388 3574 9112 21992 12670 30199 29780 26037 20660 8448 9382

33291 24043 13451 25678 45466 10386 35106 25927 51477 34720 17347 15249 21192 18623 16808 32845 22433 21329 29985 32571 32982 15695 14693 18486 19385 13751 53121 13742 10951 27888 8982 12141 7346 30148 19402 23889 27802 22904 67566 24266 14025 26766 46032 19779 62514 69570 61607 40269 24685 21808

946126 772783 372672 171891 941607 399465 229188 203364 1052973 801673 322800 261306 229995 336196 681269 810550 496143 258078 549405 987768 631719 728398 261790 467575 512606 298912 1361570 298428 451435 644793 516318 354111 575875 130895 640112 556184 145421 201588 1394657 221440 377998 514543 1052973 803126 1415639 1359472 1209370 1121245 178024 610899

11074 6516 9745 14620 17265 8055 18070 12049 20125 11582 7198 7592 9802 12191 5780 10692 6792 9607 10578 11927 12000 8559 6353 13369 4891 8961 21336 7495 5951 17830 10200 7109 9514 16229 3176 7028 15116 10875 27174 14096 5378 9051 16956 8848 24582 28075 24330 15579 14222 4326

15829 11730 12055 14909 14887 10463 18181 11400 18098 9950 5307 7379 8870 14516 10865 10202 3806 8340 7557 17293 9159 13994 5984 16447 4154 10495 26946 6793 8459 21470 13235 8116 13697 16483 8500 2992 15221 10444 27326 15353 4886 5837 17073 14319 27353 27097 22842 21406 14443 7022

260549 211357 97602 40426 259264 105128 73603 59561 291477 219479 83331 65940 56946 87232 185247 222003 132614 73007 147849 269818 171160 198738 65986 124584 137295 76540 378755 76494 119995 174969 138442 92233 155375 45566 173638 149685 32993 48961 388070 54606 99025 137846 290926 219984 394035 378067 335391 310337 42170 165240

137814 108160 60774 37261 137095 58008 63568 27330 156514 113056 30982 20497 15076 61549 97731 114578 60691 24757 69875 142959 83983 109515 20525 84066 63513 44425 209073 26860 58395 114439 80082 42378 87468 46721 85421 70981 39142 10262 214743 41936 40442 63900 156127 117123 218284 208713 182987 167828 34439 80359

45190 41683 54470 59493 29821 51403 65177 52117 27688 32544 40378 44494 47243 59211 47631 34351 38581 46820 37823 48504 35461 53659 42775 64357 39250 51465 40960 44335 48318 73399 57395 46882 55712 61907 44450 37012 59475 50292 21387 60630 40660 36889 30385 54285 34060 23696 24243 45428 59070 41092

22574 17974 7146 4104 23542 8089 8618 6428 26371 19848 7822 5211 5621 5744 15256 19762 12226 7047 13579 22804 15670 16305 5658 9081 11939 5543 32644 6154 9417 13583 10795 6937 12308 6121 14604 13612 4997 4907 35329 2829 8519 12693 26231 18261 35444 34157 30344 26490 3636 14436

80057 56481 38011 53182 85773 30699 70728 39587 100523 63100 15801 16494 27925 49316 49862 62659 25677 26917 44210 82915 51564 61965 10086 58183 22567 30846 133135 13847 23134 81255 43390 19877 47404 61209 39209 31140 55409 33472 142906 53119 5043 36309 95817 63289 143032 141855 122313 103360 50787 35364

58028 43758 39723 42962 45043 36260 52917 32225 54677 40086 13627 20427 24504 44777 41119 40854 14800 22884 13348 60736 18235 50669 16196 54356 20636 32504 91957 20846 31401 69686 44861 27673 47528 47737 33928 18849 43884 29335 84235 44763 19379 8098 61825 51661 93199 81191 68206 73289 41538 29391

11687 10319 16111 18256 9625 14832 20714 15620 8793 7559 11041 12598 13719 17960 12502 7885 9913 13320 12732 13667 11825 14853 11550 19329 10071 15090 13193 12158 13052 23103 16310 14031 15654 19439 11261 9301 18490 14901 14420 18590 10725 11440 5775 15097 13994 15320 12357 14935 17905 9951

19812 14312 16981 25818 30875 14743 32575 23312 35262 22118 16250 16268 19856 20756 9331 20750 16000 19556 21825 17087 24012 9543 14550 20656 13087 17100 32087 14856 12481 27518 13718 14262 12525 28893 11225 16375 27181 21506 46393 24875 13050 19475 30675 7275 38943 47856 42043 22706 25093 12993

107792 115691 168663 190737 120397 157010 210766 169251 113618 103562 131938 144628 153760 185526 134768 109304 122750 150511 145721 113954 138325 149278 136084 193650 124879 163256 89976 141042 142499 224408 164573 150483 160511 200373 123367 117764 192641 163396 108212 193454 129361 135188 93057 139110 68042 115551 117288 104178 187935 125748

50320 46673 57109 60151 29943 53921 66703 53124 27725 37172 40919 45381 48057 62039 52583 39050 40589 46994 38262 53765 35074 58814 42605 65905 40553 53307 45922 46572 49175 75966 59473 49220 61003 63303 49184 38958 60774 51227 25572 61352 42752 37291 34927 59519 38748 21302 24143 50567 59235 45803

13547 12443 15576 16502 7348 14610 18481 14368 6676 9565 10672 12024 12834 17069 14205 10134 10572 12512 9867 15145 8902 16103 11183 18240 10561 14424 14940 12384 13172 21287 16292 13186 16755 17451 13197 10078 16686 13794 8777 16860 11227 9573 9046 16305 12767 8172 5591 17640 16219 12151

1568 1572 2542 3371 2975 2287 3928 3020 3140 2117 2205 2361 2682 2911 1756 1983 2142 2611 2713 1300 2927 2073 2174 3115 1857 2517 2006 2297 2064 3788 2435 2239 2318 3664 1740 2179 3495 2856 3556 3292 2072 2483 2603 1850 2678 3717 4040 1087 3300 1792

101089 81178 34056 14036 101528 37057 34221 24448 114155 85625 31329 21905 20807 29883 69009 86632 50983 27212 57059 102699 66392 74352 23899 44780 51935 25656 147937 26114 42986 64873 50343 31915 56510 23076 66429 57791 18025 17622 155129 16909 36673 53106 114118 82825 155275 148907 131888 119151 11949 63080

7969 4856 7095 9693 10916 5941 11999 7886 12864 7029 4190 4847 6351 8766 4903 6421 3907 6030 6493 8552 7464 6801 4001 9570 2614 6560 14979 4498 4503 12617 7978 5294 7448 10753 3124 4073 9987 7090 17673 9684 3335 5450 10694 6998 17196 18323 15742 11047 9376 2000

0 1 17299
0 2 55871
0 3 14443
0 5 61600
0 6 21315
0 7 25331
0 10 22178
0 11 45570
0 12 30504
0 13 35788
0 14 42749
0 15 22961
0 16 54257
0 17 13213
0 18 50530
0 19 38806
0 21 37744
0 24 33620
0 26 45498
0 28 57677
0 29 43222
0 30 14001
0 31 44201
0 32 48935
0 33 17466
0 34 52695
0 35 17893
0 36 67578
0 37 40787
0 39 44883
0 41 41133
0 42 34307
0 43 13561
0 44 50366
0 45 32851
0 48 66126
1 2 45062
1 3 51527
1 4 14041
1 5 33987
1 6 42506
1 7 46810
1 8 28963
1 10 48440
1 13 11892
1 14 28453
1 15 14654
1 17 27009
1 20 64921
1 22 22800
1 23 15305
1 26 30234
1 28 31230
1 29 22535
1 30 67625
1 31 33819
1 32 43605
1 33 41530
1 34 51888
1 35 34414
1 36 32751
1 37 61520
1 38 55182
1 39 40473
1 40 20793
1 41 59891
1 42 24787
1 43 32962
1 44 55650
1 45 36334
1 47 36505
1 48 63520
1 49 37883
2 3 31980
2 4 56501
2 5 26174
2 6 35102
2 7 47126
2 8 27024
2 9 15031
2 12 36365
2 13 12818
2 14 42853
2 15 15069
2 16 44581
2 17 58834
2 18 21667
2 19 23837
2 20 56492
2 21 17230
2 22 38635
2 23 59217
2 24 49275
2 25 22959
2 26 27819
2 27 10514
2 28 67250
2 29 32920
2 30 40703
2 31 45288
2 32 45916
2 33 19738
2 34 27192
2 35 67583
2 36 46618
2 39 59849
2 40 57366
2 41 37216
2 42 59783
2 43 56725
2 44 15573
2 45 16334
2 46 13135
2 47 66482
2 48 28674
2 49 12546
3 4 66334
3 6 63917
3 7 14958
3 8 17884
3 9 34932
3 11 40408
3 13 66543
3 14 20037
3 15 56685
3 16 39527
3 17 19852
3 18 58012
3 19 11591
3 21 40004
3 22 69617
3 23 57015
3 24 49655
3 25 66332
3 27 58840
3 28 27438
3 29 69812
3 30 12380
3 31 23527
3 32 62918
3 33 50595
3 34 12322
3 35 61047
3 36 35371
3 37 56621
3 38 64191
3 39 15484
3 40 47325
3 42 13543
3 43 14164
3 44 54755
3 46 45089
3 47 48761
3 48 26877
3 49 54374
4 6 33048
4 7 11848
4 8 37802
4 9 36287
4 10 36966
4 11 38108
4 13 42042
4 14 14826
4 15 39093
4 18 36486
4 19 32337
4 20 30523
4 22 51249
4 24 50649
4 25 48632
4 26 29624
4 27 32955
4 28 24724
4 29 56708
4 30 58195
4 31 35611
4 32 40813
4 34 61279
4 35 39785
4 36 57920
4 37 53709
4 38 47366
4 39 26525
4 41 54699
4 42 48627
4 44 11582
4 45 65264
4 48 23042
4 49 31558
5 6 58251
5 7 55714
5 8 28197
5 10 52469
5 11 56427
5 12 63305
5 13 48833
5 14 16049
5 15 10236
5 17 50776
5 18 13483
5 20 35818
5 21 10500
5 22 16249
5 23 17860
5 26 63413
5 30 22887
5 31 28780
5 32 47024
5 33 29378
5 34 49175
5 35 14763
5 36 13019
5 37 42343
5 38 20417
5 39 37330
5 40 33283
5 42 68499
5 44 38265
5 45 61737
5 46 12943
5 47 48691
5 48 27953
5 49 47014
6 7 62623
6 8 64091
6 9 22492
6 10 28337
6 11 10292
6 13 13974
6 14 47858
6 15 23017
6 16 41206
6 18 55026
6 19 55122
6 21 33813
6 22 51664
6 23 69411
6 24 18503
6 26 52242
6 27 45606
6 28 11985
6 29 52037
6 30 26224
6 31 28065
6 32 40185
6 33 60706
6 34 45397
6 35 37565
6 36 10053
6 37 67037
6 38 42941
6 41 67773
6 43 26367
6 44 52392
6 45 42947
6 47 59507
6 48 38856
7 8 45393
7 9 20129
7 12 57790
7 13 68619
7 14 30358
7 15 58359
7 17 63001
7 18 68504
7 20 39466
7 21 16124
7 23 27811
7 25 33019
7 26 66167
7 29 64989
7 31 29131
7 32 37130
7 33 23377
7 34 32909
7 35 42890
7 36 53112
7 37 38401
7 38 10860
7 39 35709
7 40 22808
7 41 17899
7 42 29244
7 43 32071
7 45 14720
7 48 54482
7 49 46712
8 9 20384
8 10 64646
8 11 20506
8 13 28252
8 14 58792
8 15 24945
8 17 14105
8 18 52990
8 19 16323
8 21 10332
8 22 43153
8 23 16773
8 24 20166
8 25 29448
8 26 24165
8 27 46548
8 28 53922
8 29 39466
8 31 64610
8 32 52767
8 33 42730
8 34 18894
8 35 63235
8 37 31668
8 38 67945
8 39 27585
8 40 23910
8 41 18499
8 42 56005
8 43 53127
8 44 69276
8 45 45067
8 46 51928
8 47 69704
8 49 31519
9 11 16765
9 12 12117
9 13 58585
9 14 60236
9 15 17663
9 17 31573
9 18 22453
9 19 20633
9 21 19539
9 22 40516
9 23 62192
9 25 38248
9 27 36119
9 28 64739
9 29 56790
9 30 41219
9 32 31455
9 33 51009
9 34 12212
9 35 63904
9 36 32922
9 37 48840
9 38 60429
9 39 30554
9 40 40834
9 41 45236
9 42 24066
9 43 35201
9 44 49480
9 45 40572
9 47 52300
9 48 13465
9 49 49746
10 11 65475
10 12 49350
10 13 27955
10 14 35333
10 15 57022
10 16 14899
10 18 60601
10 19 43891
10 20 64739
10 23 43531
10 24 69611
10 25 47674
10 26 29006
10 27 48095
10 28 60060
10 29 53803
10 31 50395
10 32 21780
10 34 26679
10 35 50670
10 36 22177
10 37 58300
10 38 60005
10 40 69888
10 41 39802
10 42 56151
10 43 20788
10 44 52598
10 46 62078
10 47 30053
10 49 44643
11 12 29560
11 13 34325
11 14 43878
11 15 56621
11 16 66259
11 17 61149
11 18 46433
11 19 27838
11 21 50342
11 22 16311
11 23 63337
11 24 50931
11 25 43299
11 26 27632
11 27 45628
11 28 31354
11 29 35956
11 30 12715
11 31 28772
11 34 65007
11 35 11447
11 36 20077
11 37 51568
11 38 41126
11 40 10815
11 42 32582
11 43 16117
11 44 67227
11 45 15493
11 46 56934
11 47 60732
11 48 51716
12 13 21889
12 14 34867
12 15 58670
12 17 42705
12 18 14625
12 20 38827
12 21 61549
12 22 13582
12 26 44527
12 27 25496
12 28 43444
12 29 33814
12 30 38437
12 31 13401
12 32 64893
12 33 37978
12 35 47035
12 36 49065
12 38 17893
12 41 11801
12 42 44635
12 43 14907
12 44 57592
12 45 16976
12 47 17143
12 48 17774
12 49 25950
13 14 54766
13 15 61412
13 16 67920
13 17 49672
13 18 55667
13 19 54878
13 21 13084
13 22 37190
13 24 18449
13 25 41581
13 26 16563
13 27 30893
13 28 51518
13 29 13579
13 30 62101
13 31 67300
13 36 18558
13 38 39788
13 40 19224
13 41 25867
13 42 21189
13 43 56530
13 45 39445
13 46 13118
13 47 39611
13 48 33082
13 49 46590
14 15 10732
14 16 62103
14 17 54767
14 20 51931
14 21 46612
14 23 50165
14 24 29524
14 25 57145
14 26 20477
14 27 21852
14 28 18840
14 29 14534
14 31 17966
14 32 28569
14 33 36374
14 34 27355
14 36 44570
14 38 67926
14 40 64154
14 41 68493
14 43 31990
14 44 47554
14 45 54288
14 46 10200
14 48 63529
14 49 11328
15 16 27707
15 17 36174
15 18 50086
15 19 50561
15 21 31969
15 23 20338
15 24 35779
15 25 43119
15 26 17174
15 27 64058
15 28 59844
15 29 45087
15 30 69897
15 31 14626
15 32 38417
15 33 57604
15 34 13418
15 35 18259
15 36 65052
15 39 40929
15 40 37076
15 41 24173
15 42 59565
15 43 52102
15 44 66234
15 46 41321
15 47 12758
15 49 50336
16 17 39802
16 18 69298
16 19 18335
16 20 39903
16 22 58555
16 24 27545
16 25 38772
16 29 19452
16 30 35652
16 32 66973
16 33 66636
16 34 49005
16 35 47969
16 36 27616
16 37 64731
16 38 67528
16 39 52043
16 40 35893
16 41 28021
16 42 66572
16 44 33922
16 46 43374
16 47 32931
16 49 66256
17 18 33011
17 19 60723
17 20 53839
17 21 40304
17 22 16966
17 23 17691
17 24 61003
17 25 20198
17 26 34374
17 27 16050
17 28 31497
17 31 49698
17 33 17174
17 34 24315
17 35 60886
17 37 37221
17 38 55497
17 39 24188
17 40 52837
17 41 46768
17 44 53318
17 45 26954
17 46 26477
17 48 55478
17 49 45390
18 21 37555
18 22 47809
18 24 21072
18 25 65575
18 26 65892
18 27 35385
18 28 54346
18 29 35275
18 30 11823
18 31 27888
18 32 67962
18 33 43581
18 34 66195
18 35 15397
18 36 21506
18 40 28225
18 41 35899
18 42 50938
18 43 58836
18 44 34205
18 45 57751
18 46 39193
18 47 50885
18 48 40921
18 49 22101
19 21 52107
19 22 63110
19 23 20061
19 24 58170
19 27 38069
19 28 62544
19 30 61365
19 31 14488
19 33 62239
19 34 29314
19 36 43453
19 37 34237
19 38 51479
19 39 14013
19 40 49648
19 41 15725
19 42 26040
19 43 41751
19 44 53639
19 45 57934
19 47 25651
19 48 43819
19 49 14623
20 21 61263
20 22 41330
20 23 43742
20 24 26427
20 25 11706
20 27 67370
20 28 13883
20 29 13230
20 30 65016
20 31 61666
20 32 49581
20 33 66012
20 34 65252
20 35 65435
20 37 67845
20 38 38130
20 39 32630
20 40 59402
20 41 20224
20 42 52022
20 43 34830
20 45 14277
20 46 69101
20 48 60767
20 49 41485
21 22 56665
21 23 11972
21 24 58537
21 25 47725
21 26 34295
21 27 38262
21 29 27665
21 30 17009
21 31 30709
21 33 55345
21 34 24233
21 35 41526
21 36 27820
21 37 50533
21 39 13550
21 40 40985
21 43 37512
21 45 56072
21 46 22412
21 47 15015
21 48 36217
21 49 45456
22 23 10097
22 24 14593
22 25 69422
22 26 50562
22 27 44764
22 28 65603
22 29 47349
22 30 21115
22 31 20716
22 32 41000
22 33 35089
22 34 14450
22 35 69928
22 37 12498
22 38 50409
22 39 22408
22 40 49259
22 42 61730
22 44 12847
22 45 48886
22 46 17505
22 49 26669
23 24 15641
23 25 54193
23 26 60924
23 27 68993
23 29 11491
23 30 17056
23 31 35109
23 32 61769
23 33 44308
23 34 10908
23 35 69051
23 36 42829
23 37 48568
23 38 35176
23 39 65452
23 41 51926
23 44 60167
23 45 19592
23 48 10222
23 49 33754
24 25 69032
24 26 41853
24 27 15565
24 28 64287
24 29 68626
24 30 61549
24 31 24195
24 32 19213
24 33 46313
24 35 40581
24 37 33842
24 38 56634
24 39 42226
24 40 12209
24 43 10638
24 44 19181
24 45 28404
24 46 65536
24 47 62487
24 48 17143
24 49 14549
25 26 27862
25 27 53848
25 28 21443
25 31 64123
25 32 52936
25 33 58122
25 35 42524
25 36 22024
25 37 18271
25 39 58091
25 40 10567
25 41 59906
25 44 10420
25 45 21670
25 48 51162
26 27 21638
26 29 60692
26 30 61888
26 31 61883
26 34 45601
26 36 10044
26 37 34768
26 38 11410
26 39 63290
26 41 57469
26 42 52575
26 43 66057
26 44 42781
26 46 14018
26 47 48772
26 48 52143
26 49 25259
27 28 64953
27 29 55074
27 31 55118
27 32 67595
27 33 39254
27 34 41734
27 35 38381
27 36 68063
27 37 68365
27 38 21047
27 39 60336
27 41 50591
27 42 68541
27 43 65101
27 44 42207
27 45 32428
27 46 40043
27 47 25103
27 48 26499
28 30 11633
28 31 37659
28 32 49380
28 33 65554
28 34 12367
28 35 10188
28 36 24570
28 37 62097
28 40 49617
28 42 12045
28 43 30001
28 44 19864
28 46 49763
28 48 51396
28 49 27088
29 30 39375
29 31 56844
29 32 20775
29 33 25767
29 34 14468
29 36 63932
29 38 43549
29 39 40578
29 40 18652
29 41 42894
29 43 33046
29 44 63497
29 46 53492
29 47 17317
29 48 47971
29 49 38446
30 31 30410
30 33 11230
30 34 64437
30 35 28930
30 36 15063
30 37 51987
30 38 27825
30 39 36256
30 40 51034
30 41 57324
30 42 48129
30 43 64376
30 44 33373
30 46 63886
30 47 44409
30 48 42607
30 49 25527
31 32 28917
31 33 31353
31 34 14809
31 35 22314
31 36 34704
31 37 34426
31 40 11074
31 41 14561
31 43 22253
31 44 37473
31 45 20741
31 46 55029
31 47 22123
31 48 26917
31 49 38426
32 33 45899
32 34 31471
32 36 29642
32 37 18651
32 38 31233
32 40 68659
32 42 62142
32 43 50020
32 44 34475
32 45 66091
32 46 45670
32 47 62466
32 48 60750
32 49 23606
33 34 29263
33 35 38884
33 36 22482
33 37 19525
33 38 18946
33 39 31107
33 40 15769
33 41 57214
33 42 41233
33 43 16909
33 44 27874
33 45 22404
33 46 10481
33 47 48724
33 49 38682
34 35 30201
34 36 13879
34 37 52579
34 38 54472
34 39 11352
34 40 11172
34 41 67352
34 42 67069
34 43 16637
34 44 48524
34 46 51524
34 47 58426
34 48 18676
35 36 19614
35 37 30936
35 38 48633
35 39 14763
35 40 63573
35 42 64925
35 43 12449
35 44 24522
35 45 11850
35 46 67193
35 47 34662
35 48 67387
35 49 49697
36 37 10896
36 38 12020
36 39 20691
36 42 59190
36 43 67974
36 46 58032
36 47 50731
36 48 24922
36 49 51037
37 38 27743
37 39 41982
37 40 36826
37 41 34943
37 42 37887
37 43 53953
37 44 35380
37 46 55856
37 47 52359
37 48 55830
37 49 32717
38 39 27146
38 40 36475
38 41 34134
38 42 47721
38 43 25823
38 44 35592
38 45 65482
38 46 69524
38 47 69201
38 48 68664
38 49 13447
39 40 32278
39 41 27517
39 42 19508
39 43 20104
39 44 35442
39 45 51437
39 46 10286
39 47 12702
39 48 45534
39 49 40311
40 42 12146
40 43 15334
40 44 17994
40 45 25520
40 46 33201
40 47 22086
40 48 25402
40 49 44717
41 42 49532
41 43 66896
41 44 58381
41 45 29774
41 46 14219
41 47 52190
41 48 14445
42 46 69799
42 47 39994
42 48 36263
42 49 23205
43 44 64756
43 45 17777
43 46 10061
43 47 22769
43 48 53149
43 49 68475
44 45 54159
44 46 47056
44 47 48143
45 46 34444
45 48 10596
45 49 69638
46 47 28958
46 49 43659
47 49 27788
48 49 20495
