50 50 1107
25000 25000 25000 25000 25000 25000 25000 25000 25000 25000 25000 25000 25000 25000 25000 25000 25000 25000 25000 25000 25000 25000 0 25000 25000 25000 25000 25000 25000 25000 25000 25000 25000 25000 25000 25000 25000 25000 25000 25000 25000 25000 25000 25000 25000 25000 25000 25000 25000 25000
2609 3292 6739 8933 6803 5984 10355 7650 8084 4246 5219 5776 6641 7816 4374 3847 5033 6429 6719 3660 7358 5396 5219 8345 4182 6387 7391 5542 5038 10349 6400 5558 6051 9568 3792 4898 9064 7159 11178 8697 4781 6033 6661 5299 8845 11656 9977 5301 8663 3947

2368 1148 3204 4509 4028 2752 5457 3845 4791 2504 2396 2628 3220 3859 1838 2266 2285 3117 3299 2596 3680 2582 2296 4205 1779 2994 5115 2491 2189 5399 3046 2499 2838 4940 1446 2351 4642 3507 6634 4369 2035 2890 3943 2607 5984 6919 5919 3574 4385 1538

38119 28711 4914 17161 44553 7030 26409 19622 50450 35490 13876 9147 14977 9987 21848 35330 20546 15111 25670 37312 29954 23679 9828 13734 19303 6568 57472 8895 11180 22957 12390 7341 15489 21294 21806 22713 18992 16657 67393 15523 12297 23856 48568 27686 66066 66973 59161 44864 16203 22621

94158 75406 32372 11548 94124 35112 29982 21024 105322 79267 29681 21275 20071 28595 64292 80186 47630 25921 53179 95094 61702 69206 23096 42165 48700 24701 135170 25118 40527 60515 47246 30416 52911 19804 61669 53847 15191 17163 141838 16712 34762 49569 105288 76944 142841 137025 121516 110118 12183 58878

1432 1277 1715 1883 566 1580 2152 1577 838 876 1061 1250 1363 1923 1524 955 1016 1318 949 1655 814 1789 1133 2087 1015 1583 2005 1269 1379 2512 1815 1381 1823 2008 1383 947 1901 1497 1685 1925 1108 908 1169 1798 2040 1600 1240 2003 1836 1237

29389 21549 6421 15994 35203 3514 23701 16197 40108 27663 10383 7483 12332 10627 15840 27251 15232 12444 20193 28704 23757 17769 7029 12654 13919 6260 45474 6253 6966 20326 9090 4947 10956 19446 15805 17035 17517 13730 54202 15093 8371 18684 38375 21102 52622 53852 47354 34986 15197 16483

181956 151443 81972 45118 179349 86890 28499 43134 199791 153664 65767 58805 48555 75277 138615 155294 97584 53176 107361 187467 122469 147325 56998 99391 102384 68433 259515 65619 96429 131920 108338 78565 118381 37594 126439 108605 40319 50569 262507 54213 78328 100962 199791 160389 266358 256048 228497 214099 46244 120958

70158 56137 33391 20160 68960 32030 26544 6370 78353 57158 16770 13571 8861 34044 51550 57907 31390 10985 35882 72690 42824 57376 12741 45125 33595 25346 105796 16702 32220 60071 42892 24339 46527 21820 44649 36454 21085 12128 107171 24366 22542 32942 78353 60248 108940 104203 91544 84928 20704 42130

1719 1555 2020 2186 797 1877 2480 1869 697 1127 1324 1525 1646 2242 1817 1211 1359 1593 1205 1956 1061 2099 1395 2416 1275 1880 1940 1538 1663 2869 2127 1665 2135 2327 1668 1203 2218 1789 1599 2239 1374 1156 1050 2109 1977 1509 1125 2149 2144 1511

1038 879 1459 1709 1024 1320 1995 1402 1305 464 869 1050 1181 1674 1133 546 738 1134 1066 1268 1206 1406 928 1875 768 1323 1950 999 1145 2314 1562 1115 1500 1846 988 667 1736 1318 1983 1748 832 916 1087 1416 1986 2088 1720 1628 1668 837

282030 211282 141015 156813 275986 123980 205925 104130 324205 216434 12638 46089 66146 165880 198300 220212 86408 58178 109075 294806 144106 241573 25277 212999 97536 105504 461992 48149 106122 288418 178793 81738 185456 180442 162789 111960 161484 89774 468792 165811 55499 94239 323380 245901 477721 453818 389938 356556 149807 140603

50691 38013 17684 20961 51754 16554 32069 15322 59686 41572 8429 1231 9073 20938 32781 41335 20566 9254 24295 52228 30058 37595 2463 29549 19775 11074 79235 3830 16712 41956 25571 10170 28589 26227 28724 24385 23131 11333 83247 20927 10350 21854 59166 41335 84557 81009 70500 62387 19673 26656

87703 68425 38207 29484 86090 36375 42477 15319 98955 70203 15832 11526 5185 43485 62653 71210 35513 11563 41561 91111 50906 70496 10371 57448 38482 27377 135275 15741 36631 77569 50998 26021 55891 35788 53362 42330 30731 11599 137529 32581 23565 37602 98735 74362 139911 133534 116492 107586 27615 49972

8994 7014 1953 3076 10270 2400 5044 4089 11525 8342 3428 2289 3530 1217 5553 8308 5162 3558 5938 8844 6878 5947 2434 2672 4897 1741 13134 2275 3283 4634 3544 2352 4204 3955 5544 5623 3465 3423 15131 2520 3406 5551 11125 6799 14963 15041 13379 10451 2868 5718

22109 13806 17181 27575 34163 13983 36054 25399 39559 23393 16297 15828 21148 21809 7310 21709 15513 20779 22678 21463 25368 12569 14621 24038 11931 16866 39913 14091 11169 32479 15843 13360 14375 31372 9640 15974 29250 22701 52897 26598 12776 19787 33563 13114 48346 54681 47531 28374 26698 11815

16807 14001 25640 30561 19556 22905 35602 25154 24505 9679 15763 18421 21255 29433 18478 8135 13451 20437 19232 20868 21699 23300 16271 32126 12619 23236 35094 17533 19253 39867 26303 19556 24957 32986 15933 12196 31041 23680 36455 30709 14579 16581 19881 23476 36497 38302 31816 27205 29842 13261

10299 7390 7031 8472 10011 6048 10492 6305 12559 6963 2542 3918 4743 8551 6856 7119 1531 4415 4164 10825 5152 8788 3062 9992 2712 6068 17458 3782 5031 13093 7754 4593 8294 9443 5401 2666 8664 5714 17692 8842 2599 3101 11362 8989 17709 17551 14924 13365 8184 4483

175305 136474 78453 73100 171987 74683 92515 36644 198000 139301 27445 23562 23034 89311 126332 141375 67935 11423 80376 182317 99603 144881 22846 118038 74042 56173 274079 32233 75211 159433 104768 53383 114834 79433 107218 81959 75663 36305 280374 79396 45918 72233 198000 150423 282712 269592 234531 216209 69254 97680

14104 10872 9452 10186 10309 8668 12441 7754 12529 10040 3542 5082 6005 10597 10274 10214 4313 5638 2061 14718 4237 12438 4123 12767 5635 7817 21789 5177 8073 16239 11122 6723 11726 11267 8646 5230 10401 7099 19186 10594 5350 2795 14964 12662 22071 18497 15556 17561 9863 7618

4719 4738 8597 11897 10320 7583 14113 10500 12031 6905 7254 7875 9152 10064 5467 6371 7005 8870 9277 3656 10130 6729 7312 10878 5869 8497 9506 7622 6695 13554 8172 7390 7707 13238 5406 7151 12428 9845 15675 11583 6547 8360 10130 5845 12180 16314 14559 5847 11614 5613

2204 1718 1581 1691 1302 1463 2030 1326 1635 1593 693 924 1063 1760 1628 1619 733 1008 555 2296 390 1953 780 2079 931 1335 3066 939 1298 2600 1756 1171 1846 1853 1384 871 1722 1227 2673 1752 889 505 2041 1987 3108 2532 2090 2723 1643 1229

33087 23443 23170 37575 50155 19559 48702 36072 57236 36022 26166 23493 30494 29263 14919 33813 25682 30655 35084 31815 38614 11166 22333 29102 20982 23524 56025 21214 17380 40178 17905 20255 15978 42538 17975 26288 39775 32512 74738 35911 21002 31291 49368 15978 67091 77038 67697 40884 36405 20830

29547 21819 12087 14277 30208 10393 19877 9670 34960 23989 3801 2252 5847 14071 19650 23844 11199 6260 13471 30993 16984 22873 0 19319 10703 8017 46945 2293 10145 26881 15889 6157 17728 16757 16158 13513 14856 7665 50147 14257 4959 11984 34713 24051 50189 48040 41634 36675 13492 14897

19258 15154 4883 8660 22473 5240 12851 10822 25140 18677 8930 6798 9435 4715 11943 18148 11947 9496 14265 19106 16203 11616 7106 3553 10898 5631 28226 6684 7117 7725 6509 5973 7911 10537 11924 12593 9496 9405 33421 7486 7881 13444 24198 13429 31946 32615 29081 22522 8227 12293

32600 22120 24063 31410 36263 20115 39682 24603 43406 26098 11050 13644 18976 29538 20197 24684 10012 17796 19495 34493 23056 27157 10541 33424 5270 20594 59259 12362 14845 44597 26668 15282 26495 35297 14936 10622 32488 21866 64743 31379 8099 15669 41636 27879 64804 63420 53958 43640 30250 11650

19133 14415 4124 7502 21736 4258 12148 8180 24693 17191 5611 2952 5851 5337 11613 17111 9697 5918 11525 19369 13673 12852 3268 8547 9073 1634 29479 2801 5623 13172 7620 3075 8745 9583 10952 10784 8420 6693 33190 6967 5560 10615 23935 14794 33148 32667 28750 23156 7022 11361

175156 190444 281463 355282 238383 258749 406770 325852 225170 205569 253234 264755 294457 314332 211356 210756 242970 289434 287742 170788 273327 239639 248102 332568 222222 279224 124051 257875 238875 392519 271962 254436 261534 380835 205405 233251 365874 308872 262243 348348 234998 267212 177231 219819 183947 276549 279934 151733 352989 210046

31417 23339 11056 15023 33379 9282 22113 11424 38298 25597 5582 2430 7436 13292 19279 25460 12766 7551 15708 32571 19387 22351 1601 18629 11698 6794 49650 800 9022 26549 15038 4846 16963 18384 18146 14626 16408 8878 52990 15002 5683 14150 36827 24738 53033 52629 45921 39055 14201 16091

22292 15532 8585 15815 27305 6079 22449 14122 31534 21286 7458 6609 10790 12212 11525 20448 11037 10887 16351 22629 18460 14092 5916 13959 8953 7422 37089 5247 2958 20575 9380 4675 9917 18779 10579 12122 17129 11995 44699 15038 5121 14086 30040 16086 42325 43386 37782 28046 15128 11164

35887 29205 12480 18630 41122 13061 25455 22151 45465 34940 19069 15598 19892 12207 23976 34080 23982 19991 27757 35640 30912 23444 16099 10314 22275 13699 50490 15413 16118 8049 15128 14256 17411 21687 23945 25034 19991 19843 58502 16718 17362 26420 43931 26395 56547 57636 51882 41202 17925 24545

12035 8916 3727 7937 15528 2988 11116 8229 17556 12413 5826 4628 6632 5471 6476 11884 7270 6678 9817 11792 10828 6101 4440 5425 6843 4123 18722 4120 3693 8596 2220 3580 3285 9358 7288 8021 8567 7210 23593 7374 4435 8731 16331 7478 21757 23235 20550 14388 7608 8162

16816 12300 4673 8907 19038 3674 13346 7880 21863 14695 4330 2861 5655 6838 9623 14610 7526 5719 9982 17041 12034 11338 2398 8891 6931 3300 26701 1952 3900 13310 6886 1199 7961 10895 8991 8573 9784 6460 29982 8388 3574 9112 21992 12670 30199 29780 26037 20660 8448 9382

33291 24043 13451 25678 45466 10386 35106 25927 51477 34720 17347 15249 21192 18623 16808 32845 22433 21329 29985 32571 32982 15695 14693 18486 19385 13751 53121 13742 10951 27888 8982 12141 7346 30148 19402 23889 27802 22904 67566 24266 14025 26766 46032 19779 62514 69570 61607 40269 24685 21808

946126 772783 372672 171891 941607 399465 229188 203364 1052973 801673 322800 261306 229995 336196 681269 810550 496143 258078 549405 987768 631719 728398 261790 467575 512606 298912 1361570 298428 451435 644793 516318 354111 575875 130895 640112 556184 145421 201588 1394657 221440 377998 514543 1052973 803126 1415639 1359472 1209370 1121245 178024 610899

11074 6516 9745 14620 17265 8055 18070 12049 20125 11582 7198 7592 9802 12191 5780 10692 6792 9607 10578 11927 12000 8559 6353 13369 4891 8961 21336 7495 5951 17830 10200 7109 9514 16229 3176 7028 15116 10875 27174 14096 5378 9051 16956 8848 24582 28075 24330 15579 14222 4326

15829 11730 12055 14909 14887 10463 18181 11400 18098 9950 5307 7379 8870 14516 10865 10202 3806 8340 7557 17293 9159 13994 5984 16447 4154 10495 26946 6793 8459 21470 13235 8116 13697 16483 8500 2992 15221 10444 27326 15353 4886 5837 17073 14319 27353 27097 22842 21406 14443 7022

260549 211357 97602 40426 259264 105128 73603 59561 291477 219479 83331 65940 56946 87232 185247 222003 132614 73007 147849 269818 171160 198738 65986 124584 137295 76540 378755 76494 119995 174969 138442 92233 155375 45566 173638 149685 32993 48961 388070 54606 99025 137846 290926 219984 394035 378067 335391 310337 42170 165240

137814 108160 60774 37261 137095 58008 63568 27330 156514 113056 30982 20497 15076 61549 97731 114578 60691 24757 69875 142959 83983 109515 20525 84066 63513 44425 209073 26860 58395 114439 80082 42378 87468 46721 85421 70981 39142 10262 214743 41936 40442 63900 156127 117123 218284 208713 182987 167828 34439 80359

45190 41683 54470 59493 29821 51403 65177 52117 27688 32544 40378 44494 47243 59211 47631 34351 38581 46820 37823 48504 35461 53659 42775 64357 39250 51465 40960 44335 48318 73399 57395 46882 55712 61907 44450 37012 59475 50292 21387 60630 40660 36889 30385 54285 34060 23696 24243 45428 59070 41092

22574 17974 7146 4104 23542 8089 8618 6428 26371 19848 7822 5211 5621 5744 15256 19762 12226 7047 13579 22804 15670 16305 5658 9081 11939 5543 32644 6154 9417 13583 10795 6937 12308 6121 14604 13612 4997 4907 35329 2829 8519 12693 26231 18261 35444 34157 30344 26490 3636 14436

80057 56481 38011 53182 85773 30699 70728 39587 100523 63100 15801 16494 27925 49316 49862 62659 25677 26917 44210 82915 51564 61965 10086 58183 22567 30846 133135 13847 23134 81255 43390 19877 47404 61209 39209 31140 55409 33472 142906 53119 5043 36309 95817 63289 143032 141855 122313 103360 50787 35364

58028 43758 39723 42962 45043 36260 52917 32225 54677 40086 13627 20427 24504 44777 41119 40854 14800 22884 13348 60736 18235 50669 16196 54356 20636 32504 91957 20846 31401 69686 44861 27673 47528 47737 33928 18849 43884 29335 84235 44763 19379 8098 61825 51661 93199 81191 68206 73289 41538 29391

11687 10319 16111 18256 9625 14832 20714 15620 8793 7559 11041 12598 13719 17960 12502 7885 9913 13320 12732 13667 11825 14853 11550 19329 10071 15090 13193 12158 13052 23103 16310 14031 15654 19439 11261 9301 18490 14901 14420 18590 10725 11440 5775 15097 13994 15320 12357 14935 17905 9951

19812 14312 16981 25818 30875 14743 32575 23312 35262 22118 16250 16268 19856 20756 9331 20750 16000 19556 21825 17087 24012 9543 14550 20656 13087 17100 32087 14856 12481 27518 13718 14262 12525 28893 11225 16375 27181 21506 46393 24875 13050 19475 30675 7275 38943 47856 42043 22706 25093 12993

107792 115691 168663 190737 120397 157010 210766 169251 113618 103562 131938 144628 153760 185526 134768 109304 122750 150511 145721 113954 138325 149278 136084 193650 124879 163256 89976 141042 142499 224408 164573 150483 160511 200373 123367 117764 192641 163396 108212 193454 129361 135188 93057 139110 68042 115551 117288 104178 187935 125748

50320 46673 57109 60151 29943 53921 66703 53124 27725 37172 40919 45381 48057 62039 52583 39050 40589 46994 38262 53765 35074 58814 42605 65905 40553 53307 45922 46572 49175 75966 59473 49220 61003 63303 49184 38958 60774 51227 25572 61352 42752 37291 34927 59519 38748 21302 24143 50567 59235 45803

13547 12443 15576 16502 7348 14610 18481 14368 6676 9565 10672 12024 12834 17069 14205 10134 10572 12512 9867 15145 8902 16103 11183 18240 10561 14424 14940 12384 13172 21287 16292 13186 16755 17451 13197 10078 16686 13794 8777 16860 11227 9573 9046 16305 12767 8172 5591 17640 16219 12151

1568 1572 2542 3371 2975 2287 3928 3020 3140 2117 2205 2361 2682 2911 1756 1983 2142 2611 2713 1300 2927 2073 2174 3115 1857 2517 2006 2297 2064 3788 2435 2239 2318 3664 1740 2179 3495 2856 3556 3292 2072 2483 2603 1850 2678 3717 4040 1087 3300 1792

101089 81178 34056 14036 101528 37057 34221 24448 114155 85625 31329 21905 20807 29883 69009 86632 50983 27212 57059 102699 66392 74352 23899 44780 51935 25656 147937 26114 42986 64873 50343 31915 56510 23076 66429 57791 18025 17622 155129 16909 36673 53106 114118 82825 155275 148907 131888 119151 11949 63080

7969 4856 7095 9693 10916 5941 11999 7886 12864 7029 4190 4847 6351 8766 4903 6421 3907 6030 6493 8552 7464 6801 4001 9570 2614 6560 14979 4498 4503 12617 7978 5294 7448 10753 3124 4073 9987 7090 17673 9684 3335 5450 10694 6998 17196 18323 15742 11047 9376 2000

0 1 37985
0 2 20440
0 3 64940
0 4 13376
0 5 59264
0 6 59924
0 7 31739
0 9 58264
0 10 47201
0 11 42515
0 12 23438
0 13 62273
0 14 33885
0 15 38468
0 16 13454
0 17 55136
0 18 60006
0 19 62915
0 20 36290
0 21 49694
0 22 69992
0 23 32888
0 24 50281
0 25 23922
0 26 27399
0 27 44624
0 28 48048
0 29 41836
0 30 42186
0 31 65435
0 32 49871
0 33 19967
0 34 37133
0 35 30308
0 36 22950
0 37 40923
0 38 41090
0 39 56242
0 40 51315
0 41 38853
0 42 69306
0 44 23706
0 45 47740
0 46 48913
0 47 57426
0 48 64268
0 49 10873
1 3 13756
1 4 34906
1 5 30808
1 7 61898
1 8 14947
1 9 53660
1 10 18474
1 11 27122
1 12 10983
1 13 41381
1 14 69171
1 15 39472
1 16 47552
1 17 60947
1 18 34238
1 20 55043
1 22 15851
1 23 40298
1 24 68215
1 27 39413
1 28 46954
1 29 33203
1 30 63715
1 31 63013
1 32 51231
1 33 62188
1 34 32578
1 35 43562
1 36 28270
1 37 18211
1 38 26392
1 39 60532
1 40 10868
1 41 68288
1 42 53327
1 44 66633
1 45 59047
1 46 30656
1 47 50288
1 48 11215
1 49 28435
2 3 11703
2 4 39913
2 5 42544
2 6 19435
2 7 61106
2 9 24148
2 10 52839
2 11 38013
2 12 62842
2 13 32799
2 15 43722
2 16 49240
2 17 16686
2 18 63136
2 19 23159
2 20 62100
2 21 66063
2 22 64138
2 23 61851
2 24 28052
2 25 45744
2 26 38782
2 27 69488
2 28 27375
2 29 27747
2 30 22601
2 31 63949
2 32 51832
2 33 18648
2 34 48461
2 35 52512
2 37 24927
2 38 45370
2 39 69761
2 40 24829
2 41 42710
2 42 60838
2 43 55791
2 44 37322
2 45 49886
2 46 38089
2 48 66282
2 49 21770
3 6 13090
3 7 43497
3 8 21004
3 9 66044
3 10 51168
3 11 45314
3 12 48425
3 13 64063
3 14 53761
3 15 49343
3 16 42440
3 17 13691
3 18 64957
3 19 52392
3 20 51256
3 21 19663
3 22 62034
3 23 51373
3 24 10919
3 25 69875
3 26 53132
3 27 31664
3 28 43159
3 29 19930
3 31 35625
3 32 27074
3 33 66212
3 34 63462
3 35 62318
3 36 23794
3 37 32556
3 38 26662
3 39 62219
3 40 52987
3 41 42280
3 42 59121
3 43 69443
3 44 63333
3 45 43313
3 47 68938
3 48 15935
4 5 49509
4 6 54229
4 7 37446
4 9 36354
4 10 23118
4 11 47440
4 12 37762
4 13 40508
4 14 18902
4 15 51337
4 16 17663
4 18 64268
4 19 50888
4 21 48331
4 22 29871
4 23 39314
4 24 66681
4 25 58155
4 27 47625
4 28 12703
4 31 16361
4 32 41386
4 33 68804
4 35 54368
4 36 68974
4 37 36511
4 38 69156
4 39 40158
4 40 20429
4 41 57078
4 42 49514
4 43 52851
4 44 35562
4 45 53832
4 46 12587
4 47 17776
4 48 47703
4 49 41562
5 6 43173
5 7 49701
5 8 21077
5 9 63572
5 10 33758
5 11 15612
5 12 69554
5 13 27651
5 14 50627
5 15 66550
5 16 13868
5 17 17605
5 18 56699
5 20 10754
5 21 20776
5 23 13059
5 24 48226
5 25 27099
5 26 47074
5 27 65528
5 28 25046
5 29 58081
5 30 56856
5 31 55903
5 32 57603
5 33 10141
5 34 42578
5 35 56942
5 37 53496
5 38 28781
5 39 11980
5 40 37801
5 41 20415
5 43 37625
5 45 29023
5 46 59368
5 47 12475
5 48 60327
5 49 28384
6 7 68727
6 8 35381
6 9 23239
6 11 43087
6 12 27353
6 13 60779
6 14 60464
6 15 67436
6 17 11414
6 18 36783
6 19 23516
6 20 58510
6 21 33285
6 22 24577
6 23 41640
6 24 17967
6 25 21577
6 26 20546
6 27 40646
6 28 37502
6 29 23772
6 31 43372
6 32 20188
6 33 23374
6 34 48356
6 35 67953
6 36 68673
6 37 16850
6 38 14874
6 39 31855
6 40 19191
6 41 16108
6 42 15774
6 43 23747
6 44 30112
6 45 28891
6 46 37180
6 47 56596
6 48 50189
6 49 31806
7 8 56485
7 9 12110
7 10 56407
7 11 45374
7 12 56536
7 13 55812
7 15 38273
7 16 44583
7 17 15280
7 18 50995
7 19 44946
7 20 25868
7 21 48579
7 22 30103
7 23 61395
7 24 47739
7 25 39815
7 27 25127
7 28 11547
7 29 30909
7 30 43742
7 31 38337
7 32 34301
7 33 40554
7 35 29242
7 36 44903
7 38 23482
7 39 61673
7 40 42448
7 41 65179
7 42 22841
7 43 16572
7 44 51757
7 45 52335
7 48 38736
7 49 51351
8 9 48445
8 10 43394
8 11 17500
8 13 28963
8 14 56102
8 15 21939
8 17 41317
8 18 51474
8 19 39502
8 20 11182
8 21 18871
8 22 36629
8 23 45946
8 24 16280
8 25 58402
8 26 15556
8 27 52441
8 28 33197
8 29 18372
8 31 18388
8 32 14705
8 33 49425
8 34 45030
8 35 42928
8 36 47470
8 38 30987
8 39 11707
8 40 28885
8 42 53639
8 43 42492
8 44 57858
8 45 51337
8 46 40272
8 47 14082
8 48 19261
8 49 54920
9 11 29951
9 14 48795
9 16 69783
9 17 15740
9 18 47141
9 19 57301
9 20 65496
9 22 53354
9 23 66610
9 24 34670
9 25 60355
9 26 53376
9 27 10955
9 28 34059
9 29 19740
9 30 26638
9 31 26640
9 32 58318
9 33 36412
9 34 22037
9 35 55040
9 36 21988
9 37 10794
9 38 69231
9 39 51616
9 40 17872
9 41 26287
9 42 53818
9 43 46015
9 44 24500
9 45 39782
9 46 20642
9 47 61810
9 48 31319
9 49 43052
10 11 44714
10 12 65231
10 13 45630
10 14 64750
10 15 39782
10 16 45114
10 17 31042
10 18 38902
10 20 51269
10 21 69497
10 22 28873
10 23 24019
10 24 32446
10 25 49320
10 27 59029
10 29 54260
10 30 62460
10 31 32244
10 32 56419
10 33 25140
10 34 42357
10 35 39328
10 36 37890
10 37 12661
10 38 23974
10 39 44375
10 40 25887
10 41 40029
10 42 60195
10 43 54236
10 44 55595
10 45 19425
10 46 31486
10 47 28080
10 48 52984
11 12 61694
11 13 47659
11 14 30357
11 15 54278
11 17 28517
11 18 52927
11 19 54350
11 20 39612
11 21 51722
11 23 13669
11 24 24956
11 25 26535
11 26 22508
11 27 52314
11 28 19123
11 29 24547
11 30 25625
11 31 21391
11 32 21705
11 33 28420
11 34 19253
11 35 17231
11 36 68788
11 37 50283
11 38 57307
11 39 54038
11 40 24732
11 41 11594
11 42 24069
11 43 35674
11 44 27917
11 45 56327
11 47 44070
11 48 25887
11 49 14569
12 13 19649
12 14 32351
12 15 42534
12 16 58494
12 17 14138
12 19 52754
12 21 54348
12 22 55611
12 23 62798
12 24 32526
12 25 41484
12 26 23553
12 27 28569
12 28 15950
12 29 54560
12 30 43235
12 31 10162
12 32 10094
12 33 49996
12 35 68261
12 36 20041
12 37 17688
12 38 25415
12 39 52667
12 40 44823
12 41 42055
12 42 51944
12 43 12164
12 45 35302
12 46 58216
12 47 38265
12 48 27011
12 49 59738
13 14 18944
13 15 41621
13 16 56290
13 17 26324
13 18 63191
13 20 40115
13 21 20866
13 22 33391
13 23 62484
13 25 58749
13 26 48253
13 27 12098
13 28 48047
13 29 21229
13 30 62469
13 31 50385
13 32 38810
13 33 48218
13 34 12835
13 35 36459
13 36 24229
13 38 62751
13 39 24394
13 40 17905
13 41 20337
13 42 68603
13 43 59916
13 45 55378
13 46 28542
13 47 59228
13 48 24641
13 49 48307
14 16 27494
14 17 52335
14 18 37554
14 19 34388
14 21 25134
14 22 25197
14 23 38583
14 24 67735
14 25 62932
14 27 48310
14 28 47888
14 29 67491
14 30 29854
14 31 61474
14 32 17758
14 33 48743
14 34 34476
14 35 61388
14 36 49307
14 37 50351
14 38 60230
14 39 36136
14 40 59923
14 41 56178
14 42 24071
14 43 23746
14 44 39701
14 45 51479
14 46 49472
14 47 24972
14 48 28274
14 49 23676
15 16 59069
15 17 54319
15 18 50098
15 19 35930
15 20 26857
15 21 33574
15 22 69496
15 23 34968
15 24 56944
15 25 28231
15 26 12656
15 27 28904
15 28 42663
15 29 15711
15 30 50296
15 31 20040
15 32 47156
15 33 44094
15 34 41733
15 35 57583
15 37 57509
15 38 50642
15 39 43043
15 40 66910
15 41 58793
15 42 37118
15 43 55164
15 44 67518
15 45 37661
15 46 22042
15 47 44848
15 48 10557
15 49 61853
16 17 47292
16 18 28099
16 19 19376
16 20 56661
16 21 49222
16 22 66932
16 23 30518
16 24 12393
16 25 20580
16 26 43234
16 27 52951
16 29 64993
16 30 54107
16 31 47558
16 32 50958
16 33 13310
16 34 59821
16 35 17619
16 37 43990
16 38 34614
16 39 33489
16 40 39352
16 41 42768
16 42 59792
16 43 10735
16 44 29603
16 45 50440
16 46 40453
16 47 44162
16 48 56854
16 49 46133
17 18 42058
17 19 26365
17 20 32940
17 21 61197
17 22 67630
17 24 36982
17 25 51807
17 26 53065
17 27 54002
17 28 66469
17 29 18952
17 30 47154
17 32 43625
17 33 55825
17 34 20449
17 35 50493
17 36 68076
17 37 63522
17 38 60987
17 39 26663
17 40 28134
17 41 28186
17 42 63001
17 43 68106
17 44 61522
17 46 30947
17 48 34535
17 49 33369
18 19 48049
18 20 14596
18 21 46984
18 22 31975
18 23 38297
18 24 68010
18 26 62496
18 27 53879
18 28 34250
18 29 14707
18 30 40454
18 31 15285
18 32 61475
18 33 62289
18 35 12649
18 36 23194
18 38 36531
18 39 48333
18 40 60918
18 41 41400
18 42 63342
18 43 53480
18 44 40497
18 45 26153
18 46 52550
18 47 54719
18 48 60713
18 49 37491
19 20 65961
19 21 68355
19 22 30062
19 24 56593
19 25 45764
19 26 65493
19 27 61383
19 28 43106
19 29 37556
19 30 68481
19 31 12833
19 32 40541
19 33 64757
19 34 39210
19 35 68572
19 37 15440
19 38 30690
19 39 15224
19 40 58448
19 41 16588
19 42 15292
19 43 22518
19 44 29459
19 45 26924
19 46 12631
19 47 55325
19 48 45455
19 49 17426
20 21 63032
20 22 15109
20 23 64348
20 24 51219
20 25 58756
20 26 32215
20 27 66243
20 28 68340
20 29 25156
20 31 20968
20 32 17827
20 34 22741
20 35 29365
20 36 12606
20 37 64733
20 38 64226
20 39 59938
20 40 69448
20 41 62669
20 42 40306
20 43 48113
20 44 53688
20 45 14436
20 46 33665
20 47 56164
20 48 13166
20 49 68074
21 22 28408
21 23 50456
21 24 30582
21 25 39357
21 26 57736
21 27 26088
21 28 13158
21 29 21741
21 31 36206
21 32 53682
21 33 27153
21 34 12677
21 35 15043
21 36 62010
21 37 38481
21 38 25779
21 39 11078
21 40 52855
21 41 52504
21 42 46708
21 44 10245
21 45 45213
21 46 37478
21 47 24544
21 48 65241
21 49 67348
22 23 66234
22 25 12994
22 26 26534
22 27 32471
22 28 63748
22 29 31812
22 30 22521
22 32 35582
22 33 47075
22 35 22288
22 36 26664
22 37 51413
22 38 29089
22 39 40559
22 40 17557
22 42 20551
22 43 67962
22 44 63776
22 45 22126
22 46 38440
22 47 16199
22 48 45700
22 49 14280
23 24 43960
23 26 10829
23 27 35264
23 28 16989
23 29 27213
23 30 40267
23 31 64299
23 32 21673
23 33 19658
23 35 26286
23 36 23058
23 37 17260
23 38 40186
23 39 13743
23 40 42088
23 41 14284
23 42 24885
23 43 68768
23 44 67755
23 45 37046
23 46 59740
23 47 15954
23 48 26194
23 49 21094
24 25 37290
24 26 51128
24 27 34810
24 28 22311
24 29 54053
24 30 52166
24 31 16462
24 32 59645
24 33 47216
24 34 17532
24 35 54238
24 36 56626
24 37 49099
24 38 58119
24 39 46842
24 40 64243
24 41 49297
24 42 67185
24 43 10112
24 44 58159
24 45 48255
24 46 10306
24 47 63127
24 48 28769
24 49 61068
25 26 51666
25 27 47232
25 28 31989
25 31 57976
25 32 32025
25 33 13606
25 34 63943
25 35 64485
25 36 32992
25 37 24572
25 38 59321
25 39 32317
25 40 63885
25 41 35495
25 42 30092
25 43 66611
25 44 58157
25 45 36360
25 46 27765
25 47 54855
25 48 42908
25 49 63817
26 27 11958
26 28 67258
26 29 17299
26 30 36198
26 31 25764
26 32 25421
26 33 28657
26 34 64602
26 36 37566
26 37 22588
26 38 25139
26 39 26636
26 40 65529
26 41 25089
26 42 36597
26 43 68653
26 44 61903
26 45 68551
26 46 36153
26 47 42202
26 48 20594
26 49 19678
27 28 59158
27 29 62293
27 30 59911
27 31 61947
27 32 25555
27 33 33583
27 34 51363
27 35 54131
27 36 43316
27 37 45564
27 38 16387
27 39 28009
27 42 69913
27 43 18414
27 46 20723
27 47 60648
27 48 63976
27 49 52037
28 29 37531
28 30 43319
28 31 30644
28 32 15910
28 34 27826
28 35 29325
28 36 23541
28 37 20285
28 38 38132
28 39 34870
28 40 46024
28 41 34799
28 42 35795
28 43 29095
28 44 30174
28 45 58626
28 46 48297
28 48 42099
28 49 63103
29 30 43960
29 31 38010
29 32 48528
29 33 35243
29 34 34361
29 35 29854
29 36 50491
29 37 25939
29 38 30797
29 39 47409
29 40 47899
29 41 64166
29 42 67036
29 43 49188
29 44 30524
29 45 24172
29 46 67278
29 47 19441
29 48 24763
29 49 17142
30 31 25503
30 32 40265
30 33 68350
30 35 29147
30 36 61717
30 37 64533
30 38 65205
30 39 17492
30 40 60119
30 41 66471
30 42 37151
30 44 55685
30 46 46801
30 47 61694
30 48 25992
30 49 68894
31 33 31451
31 34 22541
31 35 17067
31 36 42617
31 37 18786
31 38 11367
31 42 42431
31 43 54865
31 44 49887
31 45 23024
31 46 44807
31 47 18965
31 49 54212
32 34 15663
32 35 28402
32 36 47908
32 37 26365
32 38 27121
32 40 11855
32 42 53061
32 43 28051
32 44 33541
32 45 12244
32 46 60978
32 47 63988
32 48 50555
32 49 30508
33 34 22315
33 35 13239
33 36 19918
33 37 25404
33 38 59283
33 39 12549
33 40 44381
33 41 32637
33 42 53903
33 43 31720
33 44 61331
33 45 43065
33 46 23720
33 47 28605
33 48 19861
33 49 13025
34 35 15284
34 36 15598
34 37 10116
34 38 27838
34 39 39880
34 41 14262
34 42 33527
34 43 39477
34 44 66129
34 45 41899
34 46 32690
34 48 36096
34 49 27145
35 36 58279
35 37 20838
35 38 49139
35 39 55119
35 40 60142
35 41 51358
35 43 15897
35 45 15776
35 46 37452
35 47 17526
35 48 64595
35 49 26119
36 37 36841
36 38 64322
36 39 64525
36 41 51715
36 42 66000
36 43 43988
36 44 34646
36 46 31021
36 47 45214
36 48 20970
36 49 19407
37 38 13687
37 39 41851
37 40 67258
37 41 29791
37 42 40186
37 43 54438
37 44 43066
37 45 52779
37 46 20003
37 47 65924
37 48 28281
37 49 60927
38 39 68569
38 40 60016
38 41 17133
38 42 57961
38 43 26357
38 44 55455
38 45 54135
38 46 60419
38 47 65711
38 48 61737
38 49 58860
39 40 37066
39 41 38152
39 42 66825
39 43 42213
39 44 12087
39 45 23894
39 46 26674
39 47 37878
39 48 54552
39 49 47152
40 41 20555
40 42 45254
40 43 58312
40 44 22183
40 45 46095
40 46 60919
40 47 46258
40 48 12504
40 49 51856
41 43 30295
41 44 57434
41 45 44877
41 46 26628
41 47 39366
41 48 39369
42 43 13360
42 44 11450
42 45 28297
42 46 41722
42 47 13733
42 48 43906
42 49 28064
43 44 35779
43 45 57479
43 46 30215
43 47 56754
43 48 26912
43 49 11946
44 45 47286
44 46 24850
44 47 25990
44 48 10343
44 49 19882
45 46 30131
45 47 59384
45 48 26950
46 47 45015
46 48 52340
46 49 33531
47 48 41503
47 49 38413
48 49 32478
