50 50 1225
25000 25000 25000 25000 25000 25000 25000 25000 25000 25000 25000 25000 25000 25000 25000 25000 25000 25000 25000 25000 25000 25000 0 25000 25000 25000 25000 25000 25000 25000 25000 25000 25000 25000 25000 25000 25000 25000 25000 25000 25000 25000 25000 25000 25000 25000 25000 25000 25000 25000
2609 3292 6739 8933 6803 5984 10355 7650 8084 4246 5219 5776 6641 7816 4374 3847 5033 6429 6719 3660 7358 5396 5219 8345 4182 6387 7391 5542 5038 10349 6400 5558 6051 9568 3792 4898 9064 7159 11178 8697 4781 6033 6661 5299 8845 11656 9977 5301 8663 3947

2368 1148 3204 4509 4028 2752 5457 3845 4791 2504 2396 2628 3220 3859 1838 2266 2285 3117 3299 2596 3680 2582 2296 4205 1779 2994 5115 2491 2189 5399 3046 2499 2838 4940 1446 2351 4642 3507 6634 4369 2035 2890 3943 2607 5984 6919 5919 3574 4385 1538

38119 28711 4914 17161 44553 7030 26409 19622 50450 35490 13876 9147 14977 9987 21848 35330 20546 15111 25670 37312 29954 23679 9828 13734 19303 6568 57472 8895 11180 22957 12390 7341 15489 21294 21806 22713 18992 16657 67393 15523 12297 23856 48568 27686 66066 66973 59161 44864 16203 22621

94158 75406 32372 11548 94124 35112 29982 21024 105322 79267 29681 21275 20071 28595 64292 80186 47630 25921 53179 95094 61702 69206 23096 42165 48700 24701 135170 25118 40527 60515 47246 30416 52911 19804 61669 53847 15191 17163 141838 16712 34762 49569 105288 76944 142841 137025 121516 110118 12183 58878

1432 1277 1715 1883 566 1580 2152 1577 838 876 1061 1250 1363 1923 1524 955 1016 1318 949 1655 814 1789 1133 2087 1015 1583 2005 1269 1379 2512 1815 1381 1823 2008 1383 947 1901 1497 1685 1925 1108 908 1169 1798 2040 1600 1240 2003 1836 1237

29389 21549 6421 15994 35203 3514 23701 16197 40108 27663 10383 7483 12332 10627 15840 27251 15232 12444 20193 28704 23757 17769 7029 12654 13919 6260 45474 6253 6966 20326 9090 4947 10956 19446 15805 17035 17517 13730 54202 15093 8371 18684 38375 21102 52622 53852 47354 34986 15197 16483

181956 151443 81972 45118 179349 86890 28499 43134 199791 153664 65767 58805 48555 75277 138615 155294 97584 53176 107361 187467 122469 147325 56998 99391 102384 68433 259515 65619 96429 131920 108338 78565 118381 37594 126439 108605 40319 50569 262507 54213 78328 100962 199791 160389 266358 256048 228497 214099 46244 120958

70158 56137 33391 20160 68960 32030 26544 6370 78353 57158 16770 13571 8861 34044 51550 57907 31390 10985 35882 72690 42824 57376 12741 45125 33595 25346 105796 16702 32220 60071 42892 24339 46527 21820 44649 36454 21085 12128 107171 24366 22542 32942 78353 60248 108940 104203 91544 84928 20704 42130

1719 1555 2020 2186 797 1877 2480 1869 697 1127 1324 1525 1646 2242 1817 1211 1359 1593 1205 1956 1061 2099 1395 2416 1275 1880 1940 1538 1663 2869 2127 1665 2135 2327 1668 1203 2218 1789 1599 2239 1374 1156 1050 2109 1977 1509 1125 2149 2144 1511

1038 879 1459 1709 1024 1320 1995 1402 1305 464 869 1050 1181 1674 1133 546 738 1134 1066 1268 1206 1406 928 1875 768 1323 1950 999 1145 2314 1562 1115 1500 1846 988 667 1736 1318 1983 1748 832 916 1087 1416 1986 2088 1720 1628 1668 837

282030 211282 141015 156813 275986 123980 205925 104130 324205 216434 12638 46089 66146 165880 198300 220212 86408 58178 109075 294806 144106 241573 25277 212999 97536 105504 461992 48149 106122 288418 178793 81738 185456 180442 162789 111960 161484 89774 468792 165811 55499 94239 323380 245901 477721 453818 389938 356556 149807 140603

50691 38013 17684 20961 51754 16554 32069 15322 59686 41572 8429 1231 9073 20938 32781 41335 20566 9254 24295 52228 30058 37595 2463 29549 19775 11074 79235 3830 16712 41956 25571 10170 28589 26227 28724 24385 23131 11333 83247 20927 10350 21854 59166 41335 84557 81009 70500 62387 19673 26656

87703 68425 38207 29484 86090 36375 42477 15319 98955 70203 15832 11526 5185 43485 62653 71210 35513 11563 41561 91111 50906 70496 10371 57448 38482 27377 135275 15741 36631 77569 50998 26021 55891 35788 53362 42330 30731 11599 137529 32581 23565 37602 98735 74362 139911 133534 116492 107586 27615 49972

8994 7014 1953 3076 10270 2400 5044 4089 11525 8342 3428 2289 3530 1217 5553 8308 5162 3558 5938 8844 6878 5947 2434 2672 4897 1741 13134 2275 3283 4634 3544 2352 4204 3955 5544 5623 3465 3423 15131 2520 3406 5551 11125 6799 14963 15041 13379 10451 2868 5718

22109 13806 17181 27575 34163 13983 36054 25399 39559 23393 16297 15828 21148 21809 7310 21709 15513 20779 22678 21463 25368 12569 14621 24038 11931 16866 39913 14091 11169 32479 15843 13360 14375 31372 9640 15974 29250 22701 52897 26598 12776 19787 33563 13114 48346 54681 47531 28374 26698 11815

16807 14001 25640 30561 19556 22905 35602 25154 24505 9679 15763 18421 21255 29433 18478 8135 13451 20437 19232 20868 21699 23300 16271 32126 12619 23236 35094 17533 19253 39867 26303 19556 24957 32986 15933 12196 31041 23680 36455 30709 14579 16581 19881 23476 36497 38302 31816 27205 29842 13261

10299 7390 7031 8472 10011 6048 10492 6305 12559 6963 2542 3918 4743 8551 6856 7119 1531 4415 4164 10825 5152 8788 3062 9992 2712 6068 17458 3782 5031 13093 7754 4593 8294 9443 5401 2666 8664 5714 17692 8842 2599 3101 11362 8989 17709 17551 14924 13365 8184 4483

175305 136474 78453 73100 171987 74683 92515 36644 198000 139301 27445 23562 23034 89311 126332 141375 67935 11423 80376 182317 99603 144881 22846 118038 74042 56173 274079 32233 75211 159433 104768 53383 114834 79433 107218 81959 75663 36305 280374 79396 45918 72233 198000 150423 282712 269592 234531 216209 69254 97680

14104 10872 9452 10186 10309 8668 12441 7754 12529 10040 3542 5082 6005 10597 10274 10214 4313 5638 2061 14718 4237 12438 4123 12767 5635 7817 21789 5177 8073 16239 11122 6723 11726 11267 8646 5230 10401 7099 19186 10594 5350 2795 14964 12662 22071 18497 15556 17561 9863 7618

4719 4738 8597 11897 10320 7583 14113 10500 12031 6905 7254 7875 9152 10064 5467 6371 7005 8870 9277 3656 10130 6729 7312 10878 5869 8497 9506 7622 6695 13554 8172 7390 7707 13238 5406 7151 12428 9845 15675 11583 6547 8360 10130 5845 12180 16314 14559 5847 11614 5613

2204 1718 1581 1691 1302 1463 2030 1326 1635 1593 693 924 1063 1760 1628 1619 733 1008 555 2296 390 1953 780 2079 931 1335 3066 939 1298 2600 1756 1171 1846 1853 1384 871 1722 1227 2673 1752 889 505 2041 1987 3108 2532 2090 2723 1643 1229

33087 23443 23170 37575 50155 19559 48702 36072 57236 36022 26166 23493 30494 29263 14919 33813 25682 30655 35084 31815 38614 11166 22333 29102 20982 23524 56025 21214 17380 40178 17905 20255 15978 42538 17975 26288 39775 32512 74738 35911 21002 31291 49368 15978 67091 77038 67697 40884 36405 20830

29547 21819 12087 14277 30208 10393 19877 9670 34960 23989 3801 2252 5847 14071 19650 23844 11199 6260 13471 30993 16984 22873 0 19319 10703 8017 46945 2293 10145 26881 15889 6157 17728 16757 16158 13513 14856 7665 50147 14257 4959 11984 34713 24051 50189 48040 41634 36675 13492 14897

19258 15154 4883 8660 22473 5240 12851 10822 25140 18677 8930 6798 9435 4715 11943 18148 11947 9496 14265 19106 16203 11616 7106 3553 10898 5631 28226 6684 7117 7725 6509 5973 7911 10537 11924 12593 9496 9405 33421 7486 7881 13444 24198 13429 31946 32615 29081 22522 8227 12293

32600 22120 24063 31410 36263 20115 39682 24603 43406 26098 11050 13644 18976 29538 20197 24684 10012 17796 19495 34493 23056 27157 10541 33424 5270 20594 59259 12362 14845 44597 26668 15282 26495 35297 14936 10622 32488 21866 64743 31379 8099 15669 41636 27879 64804 63420 53958 43640 30250 11650

19133 14415 4124 7502 21736 4258 12148 8180 24693 17191 5611 2952 5851 5337 11613 17111 9697 5918 11525 19369 13673 12852 3268 8547 9073 1634 29479 2801 5623 13172 7620 3075 8745 9583 10952 10784 8420 6693 33190 6967 5560 10615 23935 14794 33148 32667 28750 23156 7022 11361

175156 190444 281463 355282 238383 258749 406770 325852 225170 205569 253234 264755 294457 314332 211356 210756 242970 289434 287742 170788 273327 239639 248102 332568 222222 279224 124051 257875 238875 392519 271962 254436 261534 380835 205405 233251 365874 308872 262243 348348 234998 267212 177231 219819 183947 276549 279934 151733 352989 210046

31417 23339 11056 15023 33379 9282 22113 11424 38298 25597 5582 2430 7436 13292 19279 25460 12766 7551 15708 32571 19387 22351 1601 18629 11698 6794 49650 800 9022 26549 15038 4846 16963 18384 18146 14626 16408 8878 52990 15002 5683 14150 36827 24738 53033 52629 45921 39055 14201 16091

22292 15532 8585 15815 27305 6079 22449 14122 31534 21286 7458 6609 10790 12212 11525 20448 11037 10887 16351 22629 18460 14092 5916 13959 8953 7422 37089 5247 2958 20575 9380 4675 9917 18779 10579 12122 17129 11995 44699 15038 5121 14086 30040 16086 42325 43386 37782 28046 15128 11164

35887 29205 12480 18630 41122 13061 25455 22151 45465 34940 19069 15598 19892 12207 23976 34080 23982 19991 27757 35640 30912 23444 16099 10314 22275 13699 50490 15413 16118 8049 15128 14256 17411 21687 23945 25034 19991 19843 58502 16718 17362 26420 43931 26395 56547 57636 51882 41202 17925 24545

12035 8916 3727 7937 15528 2988 11116 8229 17556 12413 5826 4628 6632 5471 6476 11884 7270 6678 9817 11792 10828 6101 4440 5425 6843 4123 18722 4120 3693 8596 2220 3580 3285 9358 7288 8021 8567 7210 23593 7374 4435 8731 16331 7478 21757 23235 20550 14388 7608 8162

16816 12300 4673 8907 19038 3674 13346 7880 21863 14695 4330 2861 5655 6838 9623 14610 7526 5719 9982 17041 12034 11338 2398 8891 6931 3300 26701 1952 3900 13310 6886 1199 7961 10895 8991 8573 9784 6460 29982 8388 3574 9112 21992 12670 30199 29780 26037 20660 8448 9382

33291 24043 13451 25678 45466 10386 35106 25927 51477 34720 17347 15249 21192 18623 16808 32845 22433 21329 29985 32571 32982 15695 14693 18486 19385 13751 53121 13742 10951 27888 8982 12141 7346 30148 19402 23889 27802 22904 67566 24266 14025 26766 46032 19779 62514 69570 61607 40269 24685 21808

946126 772783 372672 171891 941607 399465 229188 203364 1052973 801673 322800 261306 229995 336196 681269 810550 496143 258078 549405 987768 631719 728398 261790 467575 512606 298912 1361570 298428 451435 644793 516318 354111 575875 130895 640112 556184 145421 201588 1394657 221440 377998 514543 1052973 803126 1415639 1359472 1209370 1121245 178024 610899

11074 6516 9745 14620 17265 8055 18070 12049 20125 11582 7198 7592 9802 12191 5780 10692 6792 9607 10578 11927 12000 8559 6353 13369 4891 8961 21336 7495 5951 17830 10200 7109 9514 16229 3176 7028 15116 10875 27174 14096 5378 9051 16956 8848 24582 28075 24330 15579 14222 4326

15829 11730 12055 14909 14887 10463 18181 11400 18098 9950 5307 7379 8870 14516 10865 10202 3806 8340 7557 17293 9159 13994 5984 16447 4154 10495 26946 6793 8459 21470 13235 8116 13697 16483 8500 2992 15221 10444 27326 15353 4886 5837 17073 14319 27353 27097 22842 21406 14443 7022

260549 211357 97602 40426 259264 105128 73603 59561 291477 219479 83331 65940 56946 87232 185247 222003 132614 73007 147849 269818 171160 198738 65986 124584 137295 76540 378755 76494 119995 174969 138442 92233 155375 45566 173638 149685 32993 48961 388070 54606 99025 137846 290926 219984 394035 378067 335391 310337 42170 165240

137814 108160 60774 37261 137095 58008 63568 27330 156514 113056 30982 20497 15076 61549 97731 114578 60691 24757 69875 142959 83983 109515 20525 84066 63513 44425 209073 26860 58395 114439 80082 42378 87468 46721 85421 70981 39142 10262 214743 41936 40442 63900 156127 117123 218284 208713 182987 167828 34439 80359

45190 41683 54470 59493 29821 51403 65177 52117 27688 32544 40378 44494 47243 59211 47631 34351 38581 46820 37823 48504 35461 53659 42775 64357 39250 51465 40960 44335 48318 73399 57395 46882 55712 61907 44450 37012 59475 50292 21387 60630 40660 36889 30385 54285 34060 23696 24243 45428 59070 41092

22574 17974 7146 4104 23542 8089 8618 6428 26371 19848 7822 5211 5621 5744 15256 19762 12226 7047 13579 22804 15670 16305 5658 9081 11939 5543 32644 6154 9417 13583 10795 6937 12308 6121 14604 13612 4997 4907 35329 2829 8519 12693 26231 18261 35444 34157 30344 26490 3636 14436

80057 56481 38011 53182 85773 30699 70728 39587 100523 63100 15801 16494 27925 49316 49862 62659 25677 26917 44210 82915 51564 61965 10086 58183 22567 30846 133135 13847 23134 81255 43390 19877 47404 61209 39209 31140 55409 33472 142906 53119 5043 36309 95817 63289 143032 141855 122313 103360 50787 35364

58028 43758 39723 42962 45043 36260 52917 32225 54677 40086 13627 20427 24504 44777 41119 40854 14800 22884 13348 60736 18235 50669 16196 54356 20636 32504 91957 20846 31401 69686 44861 27673 47528 47737 33928 18849 43884 29335 84235 44763 19379 8098 61825 51661 93199 81191 68206 73289 41538 29391

11687 10319 16111 18256 9625 14832 20714 15620 8793 7559 11041 12598 13719 17960 12502 7885 9913 13320 12732 13667 11825 14853 11550 19329 10071 15090 13193 12158 13052 23103 16310 14031 15654 19439 11261 9301 18490 14901 14420 18590 10725 11440 5775 15097 13994 15320 12357 14935 17905 9951

19812 14312 16981 25818 30875 14743 32575 23312 35262 22118 16250 16268 19856 20756 9331 20750 16000 19556 21825 17087 24012 9543 14550 20656 13087 17100 32087 14856 12481 27518 13718 14262 12525 28893 11225 16375 27181 21506 46393 24875 13050 19475 30675 7275 38943 47856 42043 22706 25093 12993

107792 115691 168663 190737 120397 157010 210766 169251 113618 103562 131938 144628 153760 185526 134768 109304 122750 150511 145721 113954 138325 149278 136084 193650 124879 163256 89976 141042 142499 224408 164573 150483 160511 200373 123367 117764 192641 163396 108212 193454 129361 135188 93057 139110 68042 115551 117288 104178 187935 125748

50320 46673 57109 60151 29943 53921 66703 53124 27725 37172 40919 45381 48057 62039 52583 39050 40589 46994 38262 53765 35074 58814 42605 65905 40553 53307 45922 46572 49175 75966 59473 49220 61003 63303 49184 38958 60774 51227 25572 61352 42752 37291 34927 59519 38748 21302 24143 50567 59235 45803

13547 12443 15576 16502 7348 14610 18481 14368 6676 9565 10672 12024 12834 17069 14205 10134 10572 12512 9867 15145 8902 16103 11183 18240 10561 14424 14940 12384 13172 21287 16292 13186 16755 17451 13197 10078 16686 13794 8777 16860 11227 9573 9046 16305 12767 8172 5591 17640 16219 12151

1568 1572 2542 3371 2975 2287 3928 3020 3140 2117 2205 2361 2682 2911 1756 1983 2142 2611 2713 1300 2927 2073 2174 3115 1857 2517 2006 2297 2064 3788 2435 2239 2318 3664 1740 2179 3495 2856 3556 3292 2072 2483 2603 1850 2678 3717 4040 1087 3300 1792

101089 81178 34056 14036 101528 37057 34221 24448 114155 85625 31329 21905 20807 29883 69009 86632 50983 27212 57059 102699 66392 74352 23899 44780 51935 25656 147937 26114 42986 64873 50343 31915 56510 23076 66429 57791 18025 17622 155129 16909 36673 53106 114118 82825 155275 148907 131888 119151 11949 63080

7969 4856 7095 9693 10916 5941 11999 7886 12864 7029 4190 4847 6351 8766 4903 6421 3907 6030 6493 8552 7464 6801 4001 9570 2614 6560 14979 4498 4503 12617 7978 5294 7448 10753 3124 4073 9987 7090 17673 9684 3335 5450 10694 6998 17196 18323 15742 11047 9376 2000

22 47 28567
1 41 17733
22 46 32180
8 33 62173
28 36 57152
5 17 46035
29 33 39620
38 39 36000
2 43 18398
45 48 49664
6 29 64933
22 26 40286
42 46 63232
1 45 43443
26 39 61930
12 36 61393
18 36 49643
13 30 42580
25 34 17627
44 49 27591
22 32 34058
6 48 62608
29 47 61918
44 46 50300
32 41 18905
11 34 22144
4 11 63290
4 45 14921
25 42 20130
6 15 17605
40 48 49701
18 22 50841
31 39 25339
8 48 11880
36 40 43013
6 44 12490
6 41 60058
29 49 12633
21 33 50633
4 16 20599
10 36 52297
3 41 45565
11 23 63028
17 34 57671
5 20 31150
5 21 54957
42 45 49063
35 45 10793
16 49 39679
24 47 68834
16 29 28384
16 18 63737
23 35 13583
34 49 20301
6 22 56179
24 43 22488
13 48 44588
26 34 49469
0 19 39552
46 48 54719
0 6 57074
32 47 31396
35 48 47702
18 44 24555
23 42 33276
2 42 20714
16 22 39188
4 15 35477
3 22 35490
15 19 19820
2 16 46076
15 30 29929
24 49 55386
0 49 39103
31 47 17600
7 36 16535
7 20 36203
6 12 68806
18 23 29471
25 28 18024
32 33 67639
37 40 59998
8 22 23904
45 46 11221
21 49 10299
27 41 10082
7 35 35852
5 45 57030
38 48 49551
11 18 17547
16 24 41748
19 24 48768
16 32 38943
4 9 31592
10 35 63323
12 40 14361
25 30 42307
0 15 32511
6 11 39838
21 34 19939
25 27 42331
33 42 28056
11 38 52012
16 30 39859
17 38 69303
3 20 11754
17 23 58538
1 20 35505
3 30 10559
10 21 18008
19 45 55672
6 25 20341
6 31 20149
8 27 69576
10 44 33705
39 47 32591
16 21 69659
4 23 11700
25 40 19620
11 36 49209
2 46 19247
22 27 51369
4 38 40119
0 28 48190
8 20 12960
19 47 33442
10 22 64694
47 49 57410
5 30 68096
3 40 34532
14 39 19492
18 27 52569
16 43 64731
22 39 61504
1 35 34571
0 3 64033
28 45 15400
15 20 23108
20 49 41680
15 25 15959
6 17 43259
23 29 27352
5 27 38443
7 33 53408
13 33 26927
0 13 14291
31 41 28141
12 17 38728
10 11 15991
1 30 37762
36 38 30080
6 23 37381
3 4 19130
17 19 60199
10 46 27713
27 45 34233
10 23 35783
5 49 22406
4 13 33786
8 36 33878
29 35 59081
2 49 55421
29 31 28590
25 46 53812
0 22 46924
22 35 53161
8 12 59987
10 13 64467
32 38 18411
31 38 31667
1 6 22568
20 31 63813
10 38 61162
15 40 51012
11 33 59364
5 43 18088
32 34 67446
16 20 17504
2 18 58960
31 44 13436
10 39 45266
23 28 19039
18 33 52960
0 11 66539
8 17 69238
22 49 10672
4 18 30772
16 26 35021
31 37 23078
12 33 66701
28 34 11041
25 44 24302
13 45 52121
29 40 29631
33 38 68114
4 48 41187
16 25 24934
5 18 58100
12 39 35653
3 7 33345
10 15 31909
12 23 48221
7 8 27158
0 5 23070
16 28 41375
3 21 28664
17 49 43302
15 37 38820
3 11 36168
26 33 32261
43 49 54399
3 17 11434
13 38 53443
19 27 37358
10 41 20115
2 39 64823
5 41 38030
23 48 40887
33 47 41986
25 32 63252
21 31 49730
14 29 43028
13 32 17553
32 40 31850
7 43 14801
30 44 27809
18 47 15179
31 45 29736
18 29 28051
19 34 52975
25 38 65224
7 44 49961
0 43 31196
0 7 34524
1 36 15173
0 23 14713
36 41 53188
29 36 60618
2 17 43534
15 41 31499
0 9 35021
1 9 27932
37 49 45076
39 43 18463
21 23 55291
1 31 55191
5 37 13286
38 49 35463
34 42 38221
14 15 45272
10 43 40857
39 46 17950
6 14 30442
41 46 60553
3 48 51944
16 31 35244
10 48 18361
9 30 57123
17 48 67123
27 35 48556
3 15 40098
28 46 14488
1 28 40659
21 47 13436
4 46 39013
1 38 57975
14 41 18149
7 39 34343
19 31 48593
41 49 63826
19 46 55842
13 46 13613
20 25 33901
40 44 30917
15 33 22077
9 45 31334
26 38 16108
2 14 25363
13 23 56797
38 41 44329
17 46 12777
1 25 39797
11 22 64422
26 43 33220
4 30 30349
7 48 46365
6 32 10606
5 9 50854
28 47 45631
24 29 67729
1 48 29409
22 48 27871
10 31 12216
19 37 12210
6 8 43450
4 20 53372
20 48 60185
29 30 63742
3 12 17715
22 44 38777
2 32 57568
8 30 63557
29 41 42391
12 43 21468
3 37 36617
14 35 66611
12 26 42802
0 42 54868
24 36 34116
14 16 41741
34 41 29196
19 25 36893
37 44 11537
4 44 35760
4 6 12255
15 45 31887
25 35 12125
8 31 12861
14 23 12740
8 37 59899
30 43 22732
0 10 44292
2 24 17769
35 42 24949
31 48 46502
13 14 51219
9 28 68321
20 29 48829
16 38 44960
30 46 28178
17 26 29749
33 46 44670
14 49 33878
2 15 14282
9 47 56138
6 39 60495
25 47 10892
19 26 41082
7 30 45362
0 33 47151
8 42 12823
0 20 16700
4 17 14043
34 43 14360
30 41 54603
3 27 28442
11 21 36247
1 11 56728
2 10 31303
4 39 51130
5 31 46626
36 37 44036
2 27 37564
28 41 66538
26 29 11127
20 47 26208
3 47 59899
24 39 21590
32 44 65038
21 40 47002
6 47 39769
12 38 24786
24 35 21671
22 25 63647
6 46 29068
3 9 67810
19 29 66284
7 32 42103
30 47 51034
11 17 53788
18 42 19253
9 20 53857
5 23 12630
32 42 35439
3 34 58218
11 46 57233
14 43 53881
20 45 36607
19 41 56104
14 19 15184
13 35 29880
13 19 44872
9 14 61363
30 49 57444
4 22 41410
36 45 62490
18 48 25795
8 39 43451
6 35 14079
10 27 20832
17 35 20452
20 35 55991
17 20 47761
1 12 32124
0 1 49637
37 47 18971
5 15 42076
6 10 58063
20 30 63217
32 36 23109
12 32 41850
1 47 12469
2 41 66967
11 27 56623
37 43 50051
21 43 67327
10 26 43856
13 43 33932
39 41 46076
33 45 29959
25 36 51259
20 38 65956
2 4 64831
4 26 42621
8 49 65543
5 14 48383
36 42 47253
11 39 21337
11 43 21834
39 49 63475
24 45 32169
35 38 44429
9 34 49466
26 46 22072
15 34 66553
12 47 41245
43 44 43186
27 46 50771
28 44 29308
8 16 36402
4 31 16023
8 35 13300
15 42 38871
10 12 25132
29 34 59924
42 48 18921
9 33 22458
6 45 33779
21 45 54996
5 11 58534
23 34 65881
33 34 48397
39 45 66633
26 32 12853
18 25 21017
11 28 62175
15 18 63380
24 26 10412
17 21 13511
12 34 27356
9 12 63888
24 32 47823
25 31 61785
5 36 55496
25 41 59895
8 43 10480
27 49 26740
1 19 33080
19 35 51251
11 16 58191
13 17 59482
7 22 69417
28 49 61492
7 13 40495
2 23 24548
16 39 51415
6 21 61559
21 32 37006
17 42 27336
8 38 58698
28 31 37683
0 16 23216
24 27 37094
27 29 34315
20 21 38212
20 43 60255
33 36 26489
20 33 31591
30 36 60667
19 28 42143
9 25 48947
8 29 66697
19 21 19965
33 35 40732
9 48 52192
8 24 22002
36 43 53355
5 46 68933
10 28 45082
19 43 46748
33 44 57123
4 43 46706
8 46 46165
33 48 60757
20 32 29343
1 29 60713
5 33 54314
37 38 33044
3 39 39862
5 16 11649
7 17 21741
9 26 67545
15 47 37008
38 43 60979
9 35 44002
2 47 65221
6 26 51233
23 43 12633
11 19 38954
0 26 54042
20 40 44776
1 44 17901
18 40 50739
12 22 54741
0 4 60776
24 37 45073
2 45 18885
24 30 44130
21 29 56148
35 41 66110
0 36 20877
3 28 43271
2 21 54958
35 36 57042
39 40 46170
41 43 14300
7 15 59898
3 24 30484
9 15 49487
26 30 29759
20 39 32133
10 16 13371
40 47 27303
13 24 11284
10 49 64350
47 48 13447
0 8 66505
23 45 57725
10 20 16080
21 35 35458
4 24 41766
12 49 62999
27 43 55502
12 16 34647
27 40 59882
3 14 58420
20 24 69721
8 10 68767
0 29 44692
16 33 55868
6 40 64876
6 13 55570
36 49 41281
15 22 49833
26 41 54754
23 38 29594
34 38 66276
0 18 44651
18 34 50078
10 47 45762
22 33 64410
1 4 24353
12 13 49133
14 40 33855
14 46 25637
4 41 55625
27 34 37302
8 32 34284
31 46 55492
18 21 55525
1 5 11885
0 25 39401
7 29 48523
30 34 69530
2 7 64048
22 45 38404
3 29 57950
35 37 15910
8 19 37170
15 24 32641
14 33 13921
20 26 32045
16 47 30353
7 40 57345
29 38 11877
9 44 15107
5 48 16938
10 29 20295
23 47 61901
15 39 57016
23 26 56058
9 49 68454
25 39 23512
7 34 47333
17 22 32308
25 33 39149
12 19 45101
12 44 11753
21 44 15576
10 33 30592
0 35 57278
3 10 17461
6 49 12135
7 26 35801
21 37 29133
22 40 66184
11 24 16347
30 40 17082
37 39 24236
15 32 43518
2 37 39724
31 36 28157
19 36 17705
26 45 60077
8 23 27645
32 39 31726
5 6 17326
11 49 34583
14 21 42021
21 27 21370
40 42 33742
13 18 28078
22 28 19823
0 39 47254
13 47 17554
30 42 42131
6 34 28545
8 45 52655
2 9 56027
43 48 34121
16 17 25389
15 21 43305
21 46 53725
19 44 27525
21 26 21248
6 36 12858
44 48 35851
4 7 27595
26 42 32083
2 26 62230
21 39 13255
46 47 13949
21 25 32530
40 45 20961
22 23 64027
14 26 50175
46 49 42687
15 29 23495
1 27 14757
29 48 14707
6 27 34865
20 44 50642
6 42 44929
23 33 44688
20 28 27895
2 31 64626
28 35 28962
43 47 58584
16 35 59423
13 34 14988
1 17 34847
17 37 26954
1 18 60436
38 45 30715
5 22 44479
11 29 11683
9 43 45716
32 43 22472
1 7 41422
30 38 67799
6 20 14702
12 20 44677
13 27 11748
19 33 49375
0 27 55638
19 20 17917
14 34 29549
14 45 40467
0 30 43555
4 32 46449
32 37 57318
41 45 68421
30 35 27091
2 40 44389
7 24 55251
5 10 57129
13 37 39014
23 41 26355
9 29 57855
10 24 28436
35 46 43487
31 34 22702
7 12 45390
32 46 33922
24 38 55560
22 31 32012
27 31 47749
6 19 31275
31 40 56627
11 45 19170
15 23 41216
27 47 13471
22 34 65990
2 29 42964
3 36 52846
19 32 63771
14 24 63024
25 29 12394
22 30 34237
21 36 36579
40 46 60987
13 36 33697
13 40 47142
3 31 18077
14 18 68086
7 9 32392
6 37 17348
31 49 49242
0 41 60891
13 28 65204
9 36 67678
7 42 34377
45 49 30048
22 42 55211
33 39 58299
6 9 15607
7 25 29365
7 11 36047
18 26 36882
44 45 28134
14 22 57360
3 49 68098
23 36 31606
27 38 65493
3 42 53205
7 38 14451
4 27 59263
1 16 46228
24 48 28989
1 21 23499
23 25 24949
9 13 19975
25 49 47197
8 11 62091
1 37 40195
3 45 57425
17 45 36626
9 22 47543
5 47 36667
7 27 27516
3 44 54889
26 48 46487
13 22 64036
35 40 14936
28 39 43840
1 8 52334
5 26 32686
0 34 15347
17 24 30524
14 25 59568
2 34 33482
33 37 30026
27 33 69809
6 33 55088
36 44 25518
39 44 65156
18 19 11681
21 28 14780
12 14 41383
13 49 30670
1 24 40423
7 21 68476
38 40 40645
32 35 29762
18 38 12708
14 37 22982
11 47 17186
21 38 39334
4 5 60526
5 40 55996
6 18 68993
30 33 57557
16 19 32483
42 43 63028
7 49 62494
9 17 66323
26 27 57505
18 49 25179
10 32 23813
12 46 30171
34 47 26890
23 44 47295
14 17 50197
12 48 38841
28 33 32382
27 36 65716
17 44 33996
25 48 46206
44 47 22638
29 43 17521
26 36 66877
36 48 53061
28 30 15996
17 32 49664
4 10 24965
35 43 18705
12 31 62647
18 35 44295
4 35 60182
8 15 53172
21 22 30290
11 13 11317
31 42 40728
0 40 52773
2 19 64345
13 16 45364
8 40 61239
9 18 63992
15 44 12686
3 8 15051
31 33 24162
12 27 41719
5 34 64489
11 42 64360
19 38 10559
36 47 39013
5 7 12217
3 43 34555
45 47 15218
16 40 36998
0 46 54219
11 35 12094
18 46 32202
5 42 12358
22 29 51759
2 25 47167
13 31 21063
15 49 44405
37 41 21461
7 18 23387
9 24 39719
10 45 41752
20 27 24704
24 46 22589
31 32 36667
26 35 31192
18 28 10096
35 44 40048
29 37 37326
1 34 12782
6 16 45099
8 9 51489
17 47 56644
19 39 51730
5 32 57991
10 19 57203
0 2 20742
1 23 12350
10 34 33900
38 42 25961
27 44 39348
25 26 18118
3 19 28055
8 47 13692
26 49 20476
23 49 21956
4 28 50860
8 28 43682
5 35 56361
42 44 14463
3 38 69213
41 44 38222
15 46 46215
4 14 36059
8 25 62955
9 40 25025
20 41 69394
9 39 63051
4 42 55073
2 8 36720
0 31 17975
23 30 42315
1 22 18208
27 30 64619
17 36 24044
32 49 18341
21 48 63964
20 34 34787
17 29 20691
33 40 27863
19 30 50748
24 34 62182
0 12 48124
11 30 20945
7 41 65875
30 32 10743
5 8 32902
11 32 58877
16 36 56568
7 31 31405
15 36 63340
12 37 67923
9 19 59628
5 39 51698
4 21 33982
42 47 52582
28 48 66723
3 32 33375
0 21 45632
29 39 51795
12 29 60095
9 10 65750
11 37 36252
34 39 20445
18 20 60368
24 42 50297
28 37 40929
33 49 54331
11 44 15083
30 31 63763
25 43 24336
14 20 67974
11 40 68088
7 28 62460
0 17 18918
10 14 63962
12 35 15345
1 33 41820
20 22 52838
12 45 61914
0 45 63226
8 26 58320
14 36 59836
22 41 64996
6 43 40017
6 28 35960
0 24 47577
16 27 48882
4 8 59336
25 37 35351
41 42 42820
26 40 61573
15 28 43243
16 41 69072
3 26 24161
12 30 33610
28 42 49368
2 22 67233
7 23 30083
7 47 66594
2 6 60996
26 28 44419
1 13 16709
23 24 59083
8 21 49021
9 11 25628
11 20 65187
12 18 54367
5 29 69591
38 46 60167
24 44 58423
3 23 62816
43 46 48486
15 31 60401
13 39 69954
28 32 30646
10 42 26361
34 40 59673
39 42 69528
1 3 27839
35 39 37166
4 36 42347
26 44 31554
8 13 10408
43 45 41419
4 40 57858
13 15 34018
0 44 32929
27 37 55091
24 33 66244
9 38 29523
2 38 58229
7 16 40662
18 45 36232
12 42 59454
11 31 19683
2 11 64003
8 18 54640
34 48 16192
29 44 63594
7 19 56949
23 31 64615
2 5 68552
15 35 35434
34 46 67158
15 17 68506
24 31 56080
27 42 35661
9 16 58178
22 37 55608
11 12 53500
30 37 37487
1 10 40097
18 43 27197
26 47 37895
20 37 11515
22 43 15054
11 14 14056
14 30 46588
23 40 12287
20 42 10299
18 41 66111
24 25 12658
14 47 40962
17 31 44485
17 18 62112
4 37 62788
29 42 50631
14 42 58894
6 7 68980
2 36 44224
4 47 45842
18 24 15736
14 27 54918
4 49 23419
2 35 25036
40 41 65566
22 24 69499
19 40 50698
5 12 65887
3 6 67249
1 26 46340
21 24 33373
29 45 49489
42 49 63537
4 19 61268
15 26 51004
1 42 20734
15 16 65324
13 26 27591
40 43 35164
22 38 65624
14 48 35844
7 37 37823
36 46 48728
1 49 22472
25 45 42077
9 37 41515
6 38 15245
10 17 43114
24 41 52637
9 31 61612
11 26 18955
9 41 10515
9 46 46529
10 18 32374
2 3 25551
19 49 42095
17 30 44016
12 28 66249
3 35 37981
3 18 53407
7 46 42589
19 42 61354
26 37 32895
3 46 48268
37 42 64764
1 2 26042
0 32 59002
16 34 60088
9 32 55776
4 33 36309
5 24 67854
17 43 33763
6 30 16274
13 20 46581
24 40 46235
37 45 48351
18 30 30238
16 42 63623
2 48 21464
0 47 25017
3 5 55234
19 22 42563
38 44 25532
7 10 31762
28 43 17079
16 45 53226
2 30 15999
4 25 51095
16 46 49475
30 45 43980
14 31 46645
28 40 34206
2 20 47476
33 43 21682
10 25 12473
33 41 42240
26 31 37724
1 15 13618
37 48 32327
8 41 23500
8 14 39927
30 39 42323
0 38 47263
1 39 46201
23 37 31046
11 15 35640
40 49 24551
16 48 63427
5 13 29262
37 46 48159
2 28 18443
24 28 14495
27 32 20721
36 39 46118
18 39 48400
29 32 39943
13 41 29343
18 37 54400
20 46 21038
0 48 20960
3 25 40522
9 27 69826
14 44 45166
17 41 17998
8 34 21507
34 44 47640
12 41 50238
11 25 61375
39 48 51258
17 28 24707
1 43 14874
31 43 21184
28 29 57030
21 30 64280
13 29 57385
1 46 30218
23 27 42062
16 44 24078
3 13 23644
21 42 13466
3 33 14379
29 46 44230
17 25 30104
15 38 37243
1 40 20347
17 39 68504
5 25 67187
23 32 51833
13 42 65046
12 21 30367
18 32 62794
12 24 35568
12 15 30192
22 36 37959
1 32 43566
30 48 41699
2 13 27741
4 34 35946
10 30 45216
16 23 68999
27 48 50653
15 43 50090
21 41 32325
6 24 49825
11 41 56512
20 23 31852
32 48 10042
11 48 40716
32 45 45931
13 21 23686
17 40 44182
4 12 62453
13 25 10058
35 49 16428
17 27 29696
1 14 20405
8 44 14932
5 19 26882
23 39 62238
5 28 22120
9 42 47249
10 40 67174
7 14 47688
3 16 19583
23 46 35133
34 37 33396
15 48 63425
35 47 52874
9 21 59342
2 33 38641
38 47 64016
14 28 39994
41 48 30873
14 32 26340
5 38 19818
13 44 17385
0 14 48193
19 23 32003
2 12 60244
34 36 36266
48 49 57832
27 28 34426
18 31 28718
19 48 57890
10 37 40854
15 27 48414
4 29 68295
16 37 57929
17 33 17438
5 44 12675
0 37 10049
28 38 54687
7 45 21991
34 45 59880
9 23 16412
27 39 47124
20 36 23276
34 35 69838
31 35 42141
2 44 12617
41 47 38478
12 25 36156
14 38 54755
