50 50 613
25000 25000 25000 25000 25000 25000 25000 25000 25000 25000 25000 25000 25000 25000 25000 25000 25000 25000 25000 25000 25000 25000 0 25000 25000 25000 25000 25000 25000 25000 25000 25000 25000 25000 25000 25000 25000 25000 25000 25000 25000 25000 25000 25000 25000 25000 25000 25000 25000 25000
2609 3292 6739 8933 6803 5984 10355 7650 8084 4246 5219 5776 6641 7816 4374 3847 5033 6429 6719 3660 7358 5396 5219 8345 4182 6387 7391 5542 5038 10349 6400 5558 6051 9568 3792 4898 9064 7159 11178 8697 4781 6033 6661 5299 8845 11656 9977 5301 8663 3947

2368 1148 3204 4509 4028 2752 5457 3845 4791 2504 2396 2628 3220 3859 1838 2266 2285 3117 3299 2596 3680 2582 2296 4205 1779 2994 5115 2491 2189 5399 3046 2499 2838 4940 1446 2351 4642 3507 6634 4369 2035 2890 3943 2607 5984 6919 5919 3574 4385 1538

38119 28711 4914 17161 44553 7030 26409 19622 50450 35490 13876 9147 14977 9987 21848 35330 20546 15111 25670 37312 29954 23679 9828 13734 19303 6568 57472 8895 11180 22957 12390 7341 15489 21294 21806 22713 18992 16657 67393 15523 12297 23856 48568 27686 66066 66973 59161 44864 16203 22621

94158 75406 32372 11548 94124 35112 29982 21024 105322 79267 29681 21275 20071 28595 64292 80186 47630 25921 53179 95094 61702 69206 23096 42165 48700 24701 135170 25118 40527 60515 47246 30416 52911 19804 61669 53847 15191 17163 141838 16712 34762 49569 105288 76944 142841 137025 121516 110118 12183 58878

1432 1277 1715 1883 566 1580 2152 1577 838 876 1061 1250 1363 1923 1524 955 1016 1318 949 1655 814 1789 1133 2087 1015 1583 2005 1269 1379 2512 1815 1381 1823 2008 1383 947 1901 1497 1685 1925 1108 908 1169 1798 2040 1600 1240 2003 1836 1237

29389 21549 6421 15994 35203 3514 23701 16197 40108 27663 10383 7483 12332 10627 15840 27251 15232 12444 20193 28704 23757 17769 7029 12654 13919 6260 45474 6253 6966 20326 9090 4947 10956 19446 15805 17035 17517 13730 54202 15093 8371 18684 38375 21102 52622 53852 47354 34986 15197 16483

181956 151443 81972 45118 179349 86890 28499 43134 199791 153664 65767 58805 48555 75277 138615 155294 97584 53176 107361 187467 122469 147325 56998 99391 102384 68433 259515 65619 96429 131920 108338 78565 118381 37594 126439 108605 40319 50569 262507 54213 78328 100962 199791 160389 266358 256048 228497 214099 46244 120958

70158 56137 33391 20160 68960 32030 26544 6370 78353 57158 16770 13571 8861 34044 51550 57907 31390 10985 35882 72690 42824 57376 12741 45125 33595 25346 105796 16702 32220 60071 42892 24339 46527 21820 44649 36454 21085 12128 107171 24366 22542 32942 78353 60248 108940 104203 91544 84928 20704 42130

1719 1555 2020 2186 797 1877 2480 1869 697 1127 1324 1525 1646 2242 1817 1211 1359 1593 1205 1956 1061 2099 1395 2416 1275 1880 1940 1538 1663 2869 2127 1665 2135 2327 1668 1203 2218 1789 1599 2239 1374 1156 1050 2109 1977 1509 1125 2149 2144 1511

1038 879 1459 1709 1024 1320 1995 1402 1305 464 869 1050 1181 1674 1133 546 738 1134 1066 1268 1206 1406 928 1875 768 1323 1950 999 1145 2314 1562 1115 1500 1846 988 667 1736 1318 1983 1748 832 916 1087 1416 1986 2088 1720 1628 1668 837

282030 211282 141015 156813 275986 123980 205925 104130 324205 216434 12638 46089 66146 165880 198300 220212 86408 58178 109075 294806 144106 241573 25277 212999 97536 105504 461992 48149 106122 288418 178793 81738 185456 180442 162789 111960 161484 89774 468792 165811 55499 94239 323380 245901 477721 453818 389938 356556 149807 140603

50691 38013 17684 20961 51754 16554 32069 15322 59686 41572 8429 1231 9073 20938 32781 41335 20566 9254 24295 52228 30058 37595 2463 29549 19775 11074 79235 3830 16712 41956 25571 10170 28589 26227 28724 24385 23131 11333 83247 20927 10350 21854 59166 41335 84557 81009 70500 62387 19673 26656

87703 68425 38207 29484 86090 36375 42477 15319 98955 70203 15832 11526 5185 43485 62653 71210 35513 11563 41561 91111 50906 70496 10371 57448 38482 27377 135275 15741 36631 77569 50998 26021 55891 35788 53362 42330 30731 11599 137529 32581 23565 37602 98735 74362 139911 133534 116492 107586 27615 49972

8994 7014 1953 3076 10270 2400 5044 4089 11525 8342 3428 2289 3530 1217 5553 8308 5162 3558 5938 8844 6878 5947 2434 2672 4897 1741 13134 2275 3283 4634 3544 2352 4204 3955 5544 5623 3465 3423 15131 2520 3406 5551 11125 6799 14963 15041 13379 10451 2868 5718

22109 13806 17181 27575 34163 13983 36054 25399 39559 23393 16297 15828 21148 21809 7310 21709 15513 20779 22678 21463 25368 12569 14621 24038 11931 16866 39913 14091 11169 32479 15843 13360 14375 31372 9640 15974 29250 22701 52897 26598 12776 19787 33563 13114 48346 54681 47531 28374 26698 11815

16807 14001 25640 30561 19556 22905 35602 25154 24505 9679 15763 18421 21255 29433 18478 8135 13451 20437 19232 20868 21699 23300 16271 32126 12619 23236 35094 17533 19253 39867 26303 19556 24957 32986 15933 12196 31041 23680 36455 30709 14579 16581 19881 23476 36497 38302 31816 27205 29842 13261

10299 7390 7031 8472 10011 6048 10492 6305 12559 6963 2542 3918 4743 8551 6856 7119 1531 4415 4164 10825 5152 8788 3062 9992 2712 6068 17458 3782 5031 13093 7754 4593 8294 9443 5401 2666 8664 5714 17692 8842 2599 3101 11362 8989 17709 17551 14924 13365 8184 4483

175305 136474 78453 73100 171987 74683 92515 36644 198000 139301 27445 23562 23034 89311 126332 141375 67935 11423 80376 182317 99603 144881 22846 118038 74042 56173 274079 32233 75211 159433 104768 53383 114834 79433 107218 81959 75663 36305 280374 79396 45918 72233 198000 150423 282712 269592 234531 216209 69254 97680

14104 10872 9452 10186 10309 8668 12441 7754 12529 10040 3542 5082 6005 10597 10274 10214 4313 5638 2061 14718 4237 12438 4123 12767 5635 7817 21789 5177 8073 16239 11122 6723 11726 11267 8646 5230 10401 7099 19186 10594 5350 2795 14964 12662 22071 18497 15556 17561 9863 7618

4719 4738 8597 11897 10320 7583 14113 10500 12031 6905 7254 7875 9152 10064 5467 6371 7005 8870 9277 3656 10130 6729 7312 10878 5869 8497 9506 7622 6695 13554 8172 7390 7707 13238 5406 7151 12428 9845 15675 11583 6547 8360 10130 5845 12180 16314 14559 5847 11614 5613

2204 1718 1581 1691 1302 1463 2030 1326 1635 1593 693 924 1063 1760 1628 1619 733 1008 555 2296 390 1953 780 2079 931 1335 3066 939 1298 2600 1756 1171 1846 1853 1384 871 1722 1227 2673 1752 889 505 2041 1987 3108 2532 2090 2723 1643 1229

33087 23443 23170 37575 50155 19559 48702 36072 57236 36022 26166 23493 30494 29263 14919 33813 25682 30655 35084 31815 38614 11166 22333 29102 20982 23524 56025 21214 17380 40178 17905 20255 15978 42538 17975 26288 39775 32512 74738 35911 21002 31291 49368 15978 67091 77038 67697 40884 36405 20830

29547 21819 12087 14277 30208 10393 19877 9670 34960 23989 3801 2252 5847 14071 19650 23844 11199 6260 13471 30993 16984 22873 0 19319 10703 8017 46945 2293 10145 26881 15889 6157 17728 16757 16158 13513 14856 7665 50147 14257 4959 11984 34713 24051 50189 48040 41634 36675 13492 14897

19258 15154 4883 8660 22473 5240 12851 10822 25140 18677 8930 6798 9435 4715 11943 18148 11947 9496 14265 19106 16203 11616 7106 3553 10898 5631 28226 6684 7117 7725 6509 5973 7911 10537 11924 12593 9496 9405 33421 7486 7881 13444 24198 13429 31946 32615 29081 22522 8227 12293

32600 22120 24063 31410 36263 20115 39682 24603 43406 26098 11050 13644 18976 29538 20197 24684 10012 17796 19495 34493 23056 27157 10541 33424 5270 20594 59259 12362 14845 44597 26668 15282 26495 35297 14936 10622 32488 21866 64743 31379 8099 15669 41636 27879 64804 63420 53958 43640 30250 11650

19133 14415 4124 7502 21736 4258 12148 8180 24693 17191 5611 2952 5851 5337 11613 17111 9697 5918 11525 19369 13673 12852 3268 8547 9073 1634 29479 2801 5623 13172 7620 3075 8745 9583 10952 10784 8420 6693 33190 6967 5560 10615 23935 14794 33148 32667 28750 23156 7022 11361

175156 190444 281463 355282 238383 258749 406770 325852 225170 205569 253234 264755 294457 314332 211356 210756 242970 289434 287742 170788 273327 239639 248102 332568 222222 279224 124051 257875 238875 392519 271962 254436 261534 380835 205405 233251 365874 308872 262243 348348 234998 267212 177231 219819 183947 276549 279934 151733 352989 210046

31417 23339 11056 15023 33379 9282 22113 11424 38298 25597 5582 2430 7436 13292 19279 25460 12766 7551 15708 32571 19387 22351 1601 18629 11698 6794 49650 800 9022 26549 15038 4846 16963 18384 18146 14626 16408 8878 52990 15002 5683 14150 36827 24738 53033 52629 45921 39055 14201 16091

22292 15532 8585 15815 27305 6079 22449 14122 31534 21286 7458 6609 10790 12212 11525 20448 11037 10887 16351 22629 18460 14092 5916 13959 8953 7422 37089 5247 2958 20575 9380 4675 9917 18779 10579 12122 17129 11995 44699 15038 5121 14086 30040 16086 42325 43386 37782 28046 15128 11164

35887 29205 12480 18630 41122 13061 25455 22151 45465 34940 19069 15598 19892 12207 23976 34080 23982 19991 27757 35640 30912 23444 16099 10314 22275 13699 50490 15413 16118 8049 15128 14256 17411 21687 23945 25034 19991 19843 58502 16718 17362 26420 43931 26395 56547 57636 51882 41202 17925 24545

12035 8916 3727 7937 15528 2988 11116 8229 17556 12413 5826 4628 6632 5471 6476 11884 7270 6678 9817 11792 10828 6101 4440 5425 6843 4123 18722 4120 3693 8596 2220 3580 3285 9358 7288 8021 8567 7210 23593 7374 4435 8731 16331 7478 21757 23235 20550 14388 7608 8162

16816 12300 4673 8907 19038 3674 13346 7880 21863 14695 4330 2861 5655 6838 9623 14610 7526 5719 9982 17041 12034 11338 2398 8891 6931 3300 26701 1952 3900 13310 6886 1199 7961 10895 8991 8573 9784 6460 29982 8388 3574 9112 21992 12670 30199 29780 26037 20660 8448 9382

33291 24043 13451 25678 45466 10386 35106 25927 51477 34720 17347 15249 21192 18623 16808 32845 22433 21329 29985 32571 32982 15695 14693 18486 19385 13751 53121 13742 10951 27888 8982 12141 7346 30148 19402 23889 27802 22904 67566 24266 14025 26766 46032 19779 62514 69570 61607 40269 24685 21808

946126 772783 372672 171891 941607 399465 229188 203364 1052973 801673 322800 261306 229995 336196 681269 810550 496143 258078 549405 987768 631719 728398 261790 467575 512606 298912 1361570 298428 451435 644793 516318 354111 575875 130895 640112 556184 145421 201588 1394657 221440 377998 514543 1052973 803126 1415639 1359472 1209370 1121245 178024 610899

11074 6516 9745 14620 17265 8055 18070 12049 20125 11582 7198 7592 9802 12191 5780 10692 6792 9607 10578 11927 12000 8559 6353 13369 4891 8961 21336 7495 5951 17830 10200 7109 9514 16229 3176 7028 15116 10875 27174 14096 5378 9051 16956 8848 24582 28075 24330 15579 14222 4326

15829 11730 12055 14909 14887 10463 18181 11400 18098 9950 5307 7379 8870 14516 10865 10202 3806 8340 7557 17293 9159 13994 5984 16447 4154 10495 26946 6793 8459 21470 13235 8116 13697 16483 8500 2992 15221 10444 27326 15353 4886 5837 17073 14319 27353 27097 22842 21406 14443 7022

260549 211357 97602 40426 259264 105128 73603 59561 291477 219479 83331 65940 56946 87232 185247 222003 132614 73007 147849 269818 171160 198738 65986 124584 137295 76540 378755 76494 119995 174969 138442 92233 155375 45566 173638 149685 32993 48961 388070 54606 99025 137846 290926 219984 394035 378067 335391 310337 42170 165240

137814 108160 60774 37261 137095 58008 63568 27330 156514 113056 30982 20497 15076 61549 97731 114578 60691 24757 69875 142959 83983 109515 20525 84066 63513 44425 209073 26860 58395 114439 80082 42378 87468 46721 85421 70981 39142 10262 214743 41936 40442 63900 156127 117123 218284 208713 182987 167828 34439 80359

45190 41683 54470 59493 29821 51403 65177 52117 27688 32544 40378 44494 47243 59211 47631 34351 38581 46820 37823 48504 35461 53659 42775 64357 39250 51465 40960 44335 48318 73399 57395 46882 55712 61907 44450 37012 59475 50292 21387 60630 40660 36889 30385 54285 34060 23696 24243 45428 59070 41092

22574 17974 7146 4104 23542 8089 8618 6428 26371 19848 7822 5211 5621 5744 15256 19762 12226 7047 13579 22804 15670 16305 5658 9081 11939 5543 32644 6154 9417 13583 10795 6937 12308 6121 14604 13612 4997 4907 35329 2829 8519 12693 26231 18261 35444 34157 30344 26490 3636 14436

80057 56481 38011 53182 85773 30699 70728 39587 100523 63100 15801 16494 27925 49316 49862 62659 25677 26917 44210 82915 51564 61965 10086 58183 22567 30846 133135 13847 23134 81255 43390 19877 47404 61209 39209 31140 55409 33472 142906 53119 5043 36309 95817 63289 143032 141855 122313 103360 50787 35364

58028 43758 39723 42962 45043 36260 52917 32225 54677 40086 13627 20427 24504 44777 41119 40854 14800 22884 13348 60736 18235 50669 16196 54356 20636 32504 91957 20846 31401 69686 44861 27673 47528 47737 33928 18849 43884 29335 84235 44763 19379 8098 61825 51661 93199 81191 68206 73289 41538 29391

11687 10319 16111 18256 9625 14832 20714 15620 8793 7559 11041 12598 13719 17960 12502 7885 9913 13320 12732 13667 11825 14853 11550 19329 10071 15090 13193 12158 13052 23103 16310 14031 15654 19439 11261 9301 18490 14901 14420 18590 10725 11440 5775 15097 13994 15320 12357 14935 17905 9951

19812 14312 16981 25818 30875 14743 32575 23312 35262 22118 16250 16268 19856 20756 9331 20750 16000 19556 21825 17087 24012 9543 14550 20656 13087 17100 32087 14856 12481 27518 13718 14262 12525 28893 11225 16375 27181 21506 46393 24875 13050 19475 30675 7275 38943 47856 42043 22706 25093 12993

107792 115691 168663 190737 120397 157010 210766 169251 113618 103562 131938 144628 153760 185526 134768 109304 122750 150511 145721 113954 138325 149278 136084 193650 124879 163256 89976 141042 142499 224408 164573 150483 160511 200373 123367 117764 192641 163396 108212 193454 129361 135188 93057 139110 68042 115551 117288 104178 187935 125748

50320 46673 57109 60151 29943 53921 66703 53124 27725 37172 40919 45381 48057 62039 52583 39050 40589 46994 38262 53765 35074 58814 42605 65905 40553 53307 45922 46572 49175 75966 59473 49220 61003 63303 49184 38958 60774 51227 25572 61352 42752 37291 34927 59519 38748 21302 24143 50567 59235 45803

13547 12443 15576 16502 7348 14610 18481 14368 6676 9565 10672 12024 12834 17069 14205 10134 10572 12512 9867 15145 8902 16103 11183 18240 10561 14424 14940 12384 13172 21287 16292 13186 16755 17451 13197 10078 16686 13794 8777 16860 11227 9573 9046 16305 12767 8172 5591 17640 16219 12151

1568 1572 2542 3371 2975 2287 3928 3020 3140 2117 2205 2361 2682 2911 1756 1983 2142 2611 2713 1300 2927 2073 2174 3115 1857 2517 2006 2297 2064 3788 2435 2239 2318 3664 1740 2179 3495 2856 3556 3292 2072 2483 2603 1850 2678 3717 4040 1087 3300 1792

101089 81178 34056 14036 101528 37057 34221 24448 114155 85625 31329 21905 20807 29883 69009 86632 50983 27212 57059 102699 66392 74352 23899 44780 51935 25656 147937 26114 42986 64873 50343 31915 56510 23076 66429 57791 18025 17622 155129 16909 36673 53106 114118 82825 155275 148907 131888 119151 11949 63080

7969 4856 7095 9693 10916 5941 11999 7886 12864 7029 4190 4847 6351 8766 4903 6421 3907 6030 6493 8552 7464 6801 4001 9570 2614 6560 14979 4498 4503 12617 7978 5294 7448 10753 3124 4073 9987 7090 17673 9684 3335 5450 10694 6998 17196 18323 15742 11047 9376 2000

26 29 24851
2 14 51326
3 11 20128
7 43 12069
28 44 28023
8 20 50534
27 40 63034
22 34 49023
9 36 37548
35 46 51530
45 48 13579
15 42 56791
21 30 20254
23 45 43451
25 38 56137
9 31 58707
8 9 23002
38 48 20373
19 37 56693
12 32 31244
22 41 69194
34 47 65372
26 48 57889
29 44 48530
14 37 39530
0 32 34230
9 12 42173
20 28 17031
5 41 60743
13 40 58838
33 49 39341
21 43 15593
24 39 40163
16 27 61612
31 47 17663
6 39 10329
28 32 42145
2 44 22839
25 45 49352
32 43 69693
0 4 64370
30 38 65074
36 45 68627
14 35 26766
27 30 50668
16 36 66906
25 42 15472
17 36 63670
3 45 17278
34 39 14308
36 48 24913
1 33 16471
16 29 69680
9 32 24944
24 35 67144
26 28 51352
32 35 61318
12 22 39317
1 15 10526
3 30 52060
4 35 28154
35 42 39867
2 39 69797
20 36 58318
16 30 43622
16 42 29602
16 41 10789
8 47 27909
2 15 42441
15 23 62284
21 49 39745
12 40 48953
0 28 57357
1 9 38371
27 49 65720
36 41 38024
13 15 47419
35 47 11191
7 17 31693
26 43 54697
11 49 15499
11 48 58749
28 35 61168
2 5 27322
37 48 25836
2 18 10453
13 24 68674
21 36 17153
39 40 39770
0 20 69200
36 42 59213
0 21 10067
34 35 51210
15 27 11151
11 38 10527
14 27 24831
13 45 30753
11 42 11316
5 18 54883
25 27 63195
10 40 63600
20 34 24627
32 39 54290
14 26 63099
3 48 65141
10 19 50009
5 8 43266
0 26 42559
10 31 51201
20 38 64959
21 42 27255
4 20 68843
23 35 65851
15 20 30565
16 25 26164
1 39 21686
20 39 31019
8 29 36981
2 40 28839
43 48 12931
24 25 48323
8 41 30194
14 17 12998
14 30 41675
2 9 31346
8 13 25668
6 23 68649
7 32 64242
10 27 26984
19 33 53532
10 33 57436
20 31 32726
7 8 68159
42 49 53869
16 48 25825
35 36 63300
6 28 33877
26 36 59091
4 14 35858
20 30 27220
15 35 66192
22 38 65257
19 32 26063
14 42 14184
16 21 25821
10 48 54370
21 34 25870
41 47 58983
9 47 33493
18 22 56852
14 48 61915
4 29 11816
6 33 17046
26 47 17055
18 47 43491
11 30 50535
34 42 32724
3 12 42140
34 40 44776
2 25 61851
4 24 25671
11 24 44355
0 35 36720
17 37 23829
1 11 28223
44 45 52545
21 25 29271
33 43 52100
18 36 53778
5 36 55130
24 48 21463
14 16 62112
9 19 50386
18 29 37526
22 32 66297
30 41 18349
4 15 34038
25 26 22166
17 41 19475
16 40 57532
7 22 69019
39 44 11389
13 41 59348
3 10 28207
25 29 30587
1 10 44981
30 40 68742
17 32 65454
38 47 17120
5 44 55660
2 37 69448
6 35 44934
2 32 30014
11 27 36167
5 38 10906
7 25 48237
27 34 30854
18 48 30177
5 34 42480
10 43 14631
15 17 15306
12 48 53943
0 48 66743
33 46 67835
27 29 33611
12 41 63039
31 48 28327
9 11 57649
37 38 15205
31 33 37802
9 18 57323
4 38 26366
11 44 51334
40 43 58813
11 29 44573
39 42 11920
3 34 33794
22 26 55457
38 45 19517
8 37 53057
11 41 41116
18 24 18964
1 27 40134
2 4 13273
1 38 57274
24 30 41040
19 29 51510
0 16 18127
0 11 61217
6 10 36132
7 18 22758
20 37 18666
14 46 32217
43 47 31643
31 43 28643
35 38 67971
3 15 36825
5 26 46970
0 22 67763
22 25 54173
24 43 14771
35 48 55085
11 46 10538
10 17 56105
16 38 43898
26 39 57254
29 40 10168
16 20 19834
1 18 42710
10 18 31828
6 40 62891
10 42 25968
23 33 52935
46 47 33024
9 37 29241
9 21 40208
7 47 16206
0 8 22894
8 23 48335
17 25 67424
7 23 61169
6 19 13235
42 47 28232
3 5 23386
12 35 47021
39 49 46875
0 38 21356
28 48 13845
13 27 23845
10 45 19118
10 39 58018
0 18 40759
36 44 16346
11 36 10698
32 48 26864
21 23 50244
21 28 57952
21 38 39175
19 46 60078
2 33 42804
29 39 61003
41 45 65111
9 25 58773
20 45 43937
20 32 40278
22 24 18013
14 49 14144
24 36 46484
3 31 43050
31 35 64622
0 14 56050
19 49 34219
32 44 19999
1 7 14281
14 15 47605
16 47 69163
7 40 63300
20 33 11103
18 39 13008
19 27 17144
17 43 32365
37 43 13168
22 29 47903
47 49 38711
23 27 13867
11 25 16909
23 38 31097
11 20 61819
42 45 46084
0 41 33317
2 36 46766
9 16 37086
20 22 28427
9 20 35538
18 27 23165
12 29 10847
3 13 55694
18 30 39452
13 14 59475
4 30 40887
2 23 34073
31 38 45524
4 39 65106
37 40 56215
14 38 61949
33 34 54853
28 46 55378
13 31 55248
30 31 55956
23 44 10528
2 17 62392
14 40 30463
2 34 25839
17 33 52437
8 12 59174
3 29 29706
5 48 11489
29 47 32413
0 5 33668
7 46 47573
7 30 55730
31 42 10433
34 46 26802
5 15 26300
4 13 48114
7 38 52110
11 16 27147
1 45 45950
7 31 21562
5 29 16621
16 37 16836
6 49 45635
0 49 64289
26 46 11941
11 21 43993
38 42 56237
16 23 68937
34 38 41513
3 22 53627
1 34 67036
2 13 54184
26 37 58161
37 45 27498
0 45 10022
26 30 40597
36 39 28815
16 39 29729
29 36 42086
10 44 51228
17 24 65540
40 48 31802
15 48 36958
3 9 18115
8 44 60747
2 11 53258
22 49 56229
6 29 42856
25 46 22547
14 43 44321
11 35 54418
11 33 29169
5 49 51158
17 31 42196
5 23 35600
32 33 65242
25 33 28331
35 43 33979
10 25 64179
5 25 59844
20 41 17605
11 15 61214
29 38 44027
36 47 65766
3 35 30854
25 40 56192
11 13 48505
28 33 49669
4 48 28063
28 43 20591
14 33 30897
18 42 23602
22 47 54536
31 44 57855
12 43 31717
44 48 57425
39 45 41112
1 16 30088
11 40 30280
27 33 53659
6 22 16552
20 42 26841
33 41 24970
7 27 69853
6 7 11179
29 46 62713
33 45 65094
10 16 29510
12 24 26691
2 3 11414
5 6 19353
18 45 34296
21 40 14770
29 42 65523
16 24 30061
27 38 35625
13 26 63857
16 35 68567
7 35 15293
19 39 21920
36 38 31300
25 37 36190
2 8 35522
7 19 27978
2 35 36187
9 39 69383
23 37 15402
24 47 19441
13 44 41613
18 32 47825
16 49 15243
1 24 60308
7 42 64666
30 45 30213
26 44 60160
3 16 65845
34 36 35069
1 14 67397
17 20 37497
34 44 51760
30 39 68811
1 37 58993
0 36 28199
31 37 25724
18 44 54515
6 11 60403
1 6 51349
2 48 48372
20 35 11111
18 33 68785
37 41 12434
20 47 32411
10 41 47118
8 27 50099
14 29 62532
4 23 13304
3 43 49481
11 28 20076
7 49 22746
36 37 33237
3 49 57902
2 46 27989
16 31 23544
0 9 64710
10 28 60345
4 19 25847
29 41 12697
2 49 37556
14 45 23243
23 25 40194
23 40 19316
9 49 34196
5 37 29187
11 18 49658
20 24 49920
21 41 25844
20 43 40060
5 35 43411
7 10 16358
4 49 41172
10 46 42196
19 23 18792
13 21 15725
12 16 31456
0 25 58892
34 43 20400
21 35 46903
26 38 50515
13 42 30476
22 31 59649
11 22 25894
14 23 18377
24 46 29780
5 19 39439
0 27 13087
27 36 32268
19 40 55286
21 39 27927
12 17 11966
23 31 20671
23 34 58121
9 14 33425
16 32 44867
17 39 29450
1 40 13082
2 29 24787
35 40 45295
8 30 43143
9 41 58198
4 11 63796
5 45 26457
6 14 42536
9 33 12588
17 38 32182
35 39 63992
4 27 13622
7 11 42582
23 26 40895
37 47 54137
10 37 15201
27 46 42686
29 31 10031
43 45 23578
10 20 14609
1 49 51613
23 49 38808
17 23 49020
9 13 49041
12 46 56735
3 14 50986
10 13 59712
18 31 56999
17 29 14411
13 32 34578
4 46 16448
1 17 29636
18 20 61508
0 47 63886
39 41 62779
26 27 61849
29 48 57682
13 43 31378
10 22 34384
4 16 12412
1 26 65704
5 22 40519
8 17 16034
16 44 50428
6 31 23556
17 27 12313
42 43 55629
32 42 68385
20 40 24487
5 14 69208
11 19 12993
38 46 18242
12 45 50158
13 38 64156
6 47 57283
2 38 49036
2 21 57285
25 32 59137
30 44 48177
5 21 13838
5 16 35858
5 9 66768
32 37 33474
30 42 27365
34 41 60654
33 40 38396
27 43 19213
9 48 60478
43 49 59774
13 37 55741
7 37 62890
26 32 55477
30 37 26259
13 47 21066
20 23 35905
0 2 39815
0 17 35522
1 19 21533
33 38 38199
22 42 50010
10 47 32883
8 43 53336
16 33 58252
19 30 25184
1 30 59634
11 26 57678
33 39 64220
1 44 46918
44 47 46814
4 22 54539
20 27 50756
8 45 24814
44 46 51306
9 17 14230
4 9 42180
9 45 54102
0 42 54769
14 18 63536
38 49 44579
9 46 44542
