50 50 722
25000 25000 25000 25000 25000 25000 25000 25000 25000 25000 25000 25000 25000 25000 25000 25000 25000 25000 25000 25000 25000 25000 0 25000 25000 25000 25000 25000 25000 25000 25000 25000 25000 25000 25000 25000 25000 25000 25000 25000 25000 25000 25000 25000 25000 25000 25000 25000 25000 25000
2609 3292 6739 8933 6803 5984 10355 7650 8084 4246 5219 5776 6641 7816 4374 3847 5033 6429 6719 3660 7358 5396 5219 8345 4182 6387 7391 5542 5038 10349 6400 5558 6051 9568 3792 4898 9064 7159 11178 8697 4781 6033 6661 5299 8845 11656 9977 5301 8663 3947

2368 1148 3204 4509 4028 2752 5457 3845 4791 2504 2396 2628 3220 3859 1838 2266 2285 3117 3299 2596 3680 2582 2296 4205 1779 2994 5115 2491 2189 5399 3046 2499 2838 4940 1446 2351 4642 3507 6634 4369 2035 2890 3943 2607 5984 6919 5919 3574 4385 1538

38119 28711 4914 17161 44553 7030 26409 19622 50450 35490 13876 9147 14977 9987 21848 35330 20546 15111 25670 37312 29954 23679 9828 13734 19303 6568 57472 8895 11180 22957 12390 7341 15489 21294 21806 22713 18992 16657 67393 15523 12297 23856 48568 27686 66066 66973 59161 44864 16203 22621

94158 75406 32372 11548 94124 35112 29982 21024 105322 79267 29681 21275 20071 28595 64292 80186 47630 25921 53179 95094 61702 69206 23096 42165 48700 24701 135170 25118 40527 60515 47246 30416 52911 19804 61669 53847 15191 17163 141838 16712 34762 49569 105288 76944 142841 137025 121516 110118 12183 58878

1432 1277 1715 1883 566 1580 2152 1577 838 876 1061 1250 1363 1923 1524 955 1016 1318 949 1655 814 1789 1133 2087 1015 1583 2005 1269 1379 2512 1815 1381 1823 2008 1383 947 1901 1497 1685 1925 1108 908 1169 1798 2040 1600 1240 2003 1836 1237

29389 21549 6421 15994 35203 3514 23701 16197 40108 27663 10383 7483 12332 10627 15840 27251 15232 12444 20193 28704 23757 17769 7029 12654 13919 6260 45474 6253 6966 20326 9090 4947 10956 19446 15805 17035 17517 13730 54202 15093 8371 18684 38375 21102 52622 53852 47354 34986 15197 16483

181956 151443 81972 45118 179349 86890 28499 43134 199791 153664 65767 58805 48555 75277 138615 155294 97584 53176 107361 187467 122469 147325 56998 99391 102384 68433 259515 65619 96429 131920 108338 78565 118381 37594 126439 108605 40319 50569 262507 54213 78328 100962 199791 160389 266358 256048 228497 214099 46244 120958

70158 56137 33391 20160 68960 32030 26544 6370 78353 57158 16770 13571 8861 34044 51550 57907 31390 10985 35882 72690 42824 57376 12741 45125 33595 25346 105796 16702 32220 60071 42892 24339 46527 21820 44649 36454 21085 12128 107171 24366 22542 32942 78353 60248 108940 104203 91544 84928 20704 42130

1719 1555 2020 2186 797 1877 2480 1869 697 1127 1324 1525 1646 2242 1817 1211 1359 1593 1205 1956 1061 2099 1395 2416 1275 1880 1940 1538 1663 2869 2127 1665 2135 2327 1668 1203 2218 1789 1599 2239 1374 1156 1050 2109 1977 1509 1125 2149 2144 1511

1038 879 1459 1709 1024 1320 1995 1402 1305 464 869 1050 1181 1674 1133 546 738 1134 1066 1268 1206 1406 928 1875 768 1323 1950 999 1145 2314 1562 1115 1500 1846 988 667 1736 1318 1983 1748 832 916 1087 1416 1986 2088 1720 1628 1668 837

282030 211282 141015 156813 275986 123980 205925 104130 324205 216434 12638 46089 66146 165880 198300 220212 86408 58178 109075 294806 144106 241573 25277 212999 97536 105504 461992 48149 106122 288418 178793 81738 185456 180442 162789 111960 161484 89774 468792 165811 55499 94239 323380 245901 477721 453818 389938 356556 149807 140603

50691 38013 17684 20961 51754 16554 32069 15322 59686 41572 8429 1231 9073 20938 32781 41335 20566 9254 24295 52228 30058 37595 2463 29549 19775 11074 79235 3830 16712 41956 25571 10170 28589 26227 28724 24385 23131 11333 83247 20927 10350 21854 59166 41335 84557 81009 70500 62387 19673 26656

87703 68425 38207 29484 86090 36375 42477 15319 98955 70203 15832 11526 5185 43485 62653 71210 35513 11563 41561 91111 50906 70496 10371 57448 38482 27377 135275 15741 36631 77569 50998 26021 55891 35788 53362 42330 30731 11599 137529 32581 23565 37602 98735 74362 139911 133534 116492 107586 27615 49972

8994 7014 1953 3076 10270 2400 5044 4089 11525 8342 3428 2289 3530 1217 5553 8308 5162 3558 5938 8844 6878 5947 2434 2672 4897 1741 13134 2275 3283 4634 3544 2352 4204 3955 5544 5623 3465 3423 15131 2520 3406 5551 11125 6799 14963 15041 13379 10451 2868 5718

22109 13806 17181 27575 34163 13983 36054 25399 39559 23393 16297 15828 21148 21809 7310 21709 15513 20779 22678 21463 25368 12569 14621 24038 11931 16866 39913 14091 11169 32479 15843 13360 14375 31372 9640 15974 29250 22701 52897 26598 12776 19787 33563 13114 48346 54681 47531 28374 26698 11815

16807 14001 25640 30561 19556 22905 35602 25154 24505 9679 15763 18421 21255 29433 18478 8135 13451 20437 19232 20868 21699 23300 16271 32126 12619 23236 35094 17533 19253 39867 26303 19556 24957 32986 15933 12196 31041 23680 36455 30709 14579 16581 19881 23476 36497 38302 31816 27205 29842 13261

10299 7390 7031 8472 10011 6048 10492 6305 12559 6963 2542 3918 4743 8551 6856 7119 1531 4415 4164 10825 5152 8788 3062 9992 2712 6068 17458 3782 5031 13093 7754 4593 8294 9443 5401 2666 8664 5714 17692 8842 2599 3101 11362 8989 17709 17551 14924 13365 8184 4483

175305 136474 78453 73100 171987 74683 92515 36644 198000 139301 27445 23562 23034 89311 126332 141375 67935 11423 80376 182317 99603 144881 22846 118038 74042 56173 274079 32233 75211 159433 104768 53383 114834 79433 107218 81959 75663 36305 280374 79396 45918 72233 198000 150423 282712 269592 234531 216209 69254 97680

14104 10872 9452 10186 10309 8668 12441 7754 12529 10040 3542 5082 6005 10597 10274 10214 4313 5638 2061 14718 4237 12438 4123 12767 5635 7817 21789 5177 8073 16239 11122 6723 11726 11267 8646 5230 10401 7099 19186 10594 5350 2795 14964 12662 22071 18497 15556 17561 9863 7618

4719 4738 8597 11897 10320 7583 14113 10500 12031 6905 7254 7875 9152 10064 5467 6371 7005 8870 9277 3656 10130 6729 7312 10878 5869 8497 9506 7622 6695 13554 8172 7390 7707 13238 5406 7151 12428 9845 15675 11583 6547 8360 10130 5845 12180 16314 14559 5847 11614 5613

2204 1718 1581 1691 1302 1463 2030 1326 1635 1593 693 924 1063 1760 1628 1619 733 1008 555 2296 390 1953 780 2079 931 1335 3066 939 1298 2600 1756 1171 1846 1853 1384 871 1722 1227 2673 1752 889 505 2041 1987 3108 2532 2090 2723 1643 1229

33087 23443 23170 37575 50155 19559 48702 36072 57236 36022 26166 23493 30494 29263 14919 33813 25682 30655 35084 31815 38614 11166 22333 29102 20982 23524 56025 21214 17380 40178 17905 20255 15978 42538 17975 26288 39775 32512 74738 35911 21002 31291 49368 15978 67091 77038 67697 40884 36405 20830

29547 21819 12087 14277 30208 10393 19877 9670 34960 23989 3801 2252 5847 14071 19650 23844 11199 6260 13471 30993 16984 22873 0 19319 10703 8017 46945 2293 10145 26881 15889 6157 17728 16757 16158 13513 14856 7665 50147 14257 4959 11984 34713 24051 50189 48040 41634 36675 13492 14897

19258 15154 4883 8660 22473 5240 12851 10822 25140 18677 8930 6798 9435 4715 11943 18148 11947 9496 14265 19106 16203 11616 7106 3553 10898 5631 28226 6684 7117 7725 6509 5973 7911 10537 11924 12593 9496 9405 33421 7486 7881 13444 24198 13429 31946 32615 29081 22522 8227 12293

32600 22120 24063 31410 36263 20115 39682 24603 43406 26098 11050 13644 18976 29538 20197 24684 10012 17796 19495 34493 23056 27157 10541 33424 5270 20594 59259 12362 14845 44597 26668 15282 26495 35297 14936 10622 32488 21866 64743 31379 8099 15669 41636 27879 64804 63420 53958 43640 30250 11650

19133 14415 4124 7502 21736 4258 12148 8180 24693 17191 5611 2952 5851 5337 11613 17111 9697 5918 11525 19369 13673 12852 3268 8547 9073 1634 29479 2801 5623 13172 7620 3075 8745 9583 10952 10784 8420 6693 33190 6967 5560 10615 23935 14794 33148 32667 28750 23156 7022 11361

175156 190444 281463 355282 238383 258749 406770 325852 225170 205569 253234 264755 294457 314332 211356 210756 242970 289434 287742 170788 273327 239639 248102 332568 222222 279224 124051 257875 238875 392519 271962 254436 261534 380835 205405 233251 365874 308872 262243 348348 234998 267212 177231 219819 183947 276549 279934 151733 352989 210046

31417 23339 11056 15023 33379 9282 22113 11424 38298 25597 5582 2430 7436 13292 19279 25460 12766 7551 15708 32571 19387 22351 1601 18629 11698 6794 49650 800 9022 26549 15038 4846 16963 18384 18146 14626 16408 8878 52990 15002 5683 14150 36827 24738 53033 52629 45921 39055 14201 16091

22292 15532 8585 15815 27305 6079 22449 14122 31534 21286 7458 6609 10790 12212 11525 20448 11037 10887 16351 22629 18460 14092 5916 13959 8953 7422 37089 5247 2958 20575 9380 4675 9917 18779 10579 12122 17129 11995 44699 15038 5121 14086 30040 16086 42325 43386 37782 28046 15128 11164

35887 29205 12480 18630 41122 13061 25455 22151 45465 34940 19069 15598 19892 12207 23976 34080 23982 19991 27757 35640 30912 23444 16099 10314 22275 13699 50490 15413 16118 8049 15128 14256 17411 21687 23945 25034 19991 19843 58502 16718 17362 26420 43931 26395 56547 57636 51882 41202 17925 24545

12035 8916 3727 7937 15528 2988 11116 8229 17556 12413 5826 4628 6632 5471 6476 11884 7270 6678 9817 11792 10828 6101 4440 5425 6843 4123 18722 4120 3693 8596 2220 3580 3285 9358 7288 8021 8567 7210 23593 7374 4435 8731 16331 7478 21757 23235 20550 14388 7608 8162

16816 12300 4673 8907 19038 3674 13346 7880 21863 14695 4330 2861 5655 6838 9623 14610 7526 5719 9982 17041 12034 11338 2398 8891 6931 3300 26701 1952 3900 13310 6886 1199 7961 10895 8991 8573 9784 6460 29982 8388 3574 9112 21992 12670 30199 29780 26037 20660 8448 9382

33291 24043 13451 25678 45466 10386 35106 25927 51477 34720 17347 15249 21192 18623 16808 32845 22433 21329 29985 32571 32982 15695 14693 18486 19385 13751 53121 13742 10951 27888 8982 12141 7346 30148 19402 23889 27802 22904 67566 24266 14025 26766 46032 19779 62514 69570 61607 40269 24685 21808

946126 772783 372672 171891 941607 399465 229188 203364 1052973 801673 322800 261306 229995 336196 681269 810550 496143 258078 549405 987768 631719 728398 261790 467575 512606 298912 1361570 298428 451435 644793 516318 354111 575875 130895 640112 556184 145421 201588 1394657 221440 377998 514543 1052973 803126 1415639 1359472 1209370 1121245 178024 610899

11074 6516 9745 14620 17265 8055 18070 12049 20125 11582 7198 7592 9802 12191 5780 10692 6792 9607 10578 11927 12000 8559 6353 13369 4891 8961 21336 7495 5951 17830 10200 7109 9514 16229 3176 7028 15116 10875 27174 14096 5378 9051 16956 8848 24582 28075 24330 15579 14222 4326

15829 11730 12055 14909 14887 10463 18181 11400 18098 9950 5307 7379 8870 14516 10865 10202 3806 8340 7557 17293 9159 13994 5984 16447 4154 10495 26946 6793 8459 21470 13235 8116 13697 16483 8500 2992 15221 10444 27326 15353 4886 5837 17073 14319 27353 27097 22842 21406 14443 7022

260549 211357 97602 40426 259264 105128 73603 59561 291477 219479 83331 65940 56946 87232 185247 222003 132614 73007 147849 269818 171160 198738 65986 124584 137295 76540 378755 76494 119995 174969 138442 92233 155375 45566 173638 149685 32993 48961 388070 54606 99025 137846 290926 219984 394035 378067 335391 310337 42170 165240

137814 108160 60774 37261 137095 58008 63568 27330 156514 113056 30982 20497 15076 61549 97731 114578 60691 24757 69875 142959 83983 109515 20525 84066 63513 44425 209073 26860 58395 114439 80082 42378 87468 46721 85421 70981 39142 10262 214743 41936 40442 63900 156127 117123 218284 208713 182987 167828 34439 80359

45190 41683 54470 59493 29821 51403 65177 52117 27688 32544 40378 44494 47243 59211 47631 34351 38581 46820 37823 48504 35461 53659 42775 64357 39250 51465 40960 44335 48318 73399 57395 46882 55712 61907 44450 37012 59475 50292 21387 60630 40660 36889 30385 54285 34060 23696 24243 45428 59070 41092

22574 17974 7146 4104 23542 8089 8618 6428 26371 19848 7822 5211 5621 5744 15256 19762 12226 7047 13579 22804 15670 16305 5658 9081 11939 5543 32644 6154 9417 13583 10795 6937 12308 6121 14604 13612 4997 4907 35329 2829 8519 12693 26231 18261 35444 34157 30344 26490 3636 14436

80057 56481 38011 53182 85773 30699 70728 39587 100523 63100 15801 16494 27925 49316 49862 62659 25677 26917 44210 82915 51564 61965 10086 58183 22567 30846 133135 13847 23134 81255 43390 19877 47404 61209 39209 31140 55409 33472 142906 53119 5043 36309 95817 63289 143032 141855 122313 103360 50787 35364

58028 43758 39723 42962 45043 36260 52917 32225 54677 40086 13627 20427 24504 44777 41119 40854 14800 22884 13348 60736 18235 50669 16196 54356 20636 32504 91957 20846 31401 69686 44861 27673 47528 47737 33928 18849 43884 29335 84235 44763 19379 8098 61825 51661 93199 81191 68206 73289 41538 29391

11687 10319 16111 18256 9625 14832 20714 15620 8793 7559 11041 12598 13719 17960 12502 7885 9913 13320 12732 13667 11825 14853 11550 19329 10071 15090 13193 12158 13052 23103 16310 14031 15654 19439 11261 9301 18490 14901 14420 18590 10725 11440 5775 15097 13994 15320 12357 14935 17905 9951

19812 14312 16981 25818 30875 14743 32575 23312 35262 22118 16250 16268 19856 20756 9331 20750 16000 19556 21825 17087 24012 9543 14550 20656 13087 17100 32087 14856 12481 27518 13718 14262 12525 28893 11225 16375 27181 21506 46393 24875 13050 19475 30675 7275 38943 47856 42043 22706 25093 12993

107792 115691 168663 190737 120397 157010 210766 169251 113618 103562 131938 144628 153760 185526 134768 109304 122750 150511 145721 113954 138325 149278 136084 193650 124879 163256 89976 141042 142499 224408 164573 150483 160511 200373 123367 117764 192641 163396 108212 193454 129361 135188 93057 139110 68042 115551 117288 104178 187935 125748

50320 46673 57109 60151 29943 53921 66703 53124 27725 37172 40919 45381 48057 62039 52583 39050 40589 46994 38262 53765 35074 58814 42605 65905 40553 53307 45922 46572 49175 75966 59473 49220 61003 63303 49184 38958 60774 51227 25572 61352 42752 37291 34927 59519 38748 21302 24143 50567 59235 45803

13547 12443 15576 16502 7348 14610 18481 14368 6676 9565 10672 12024 12834 17069 14205 10134 10572 12512 9867 15145 8902 16103 11183 18240 10561 14424 14940 12384 13172 21287 16292 13186 16755 17451 13197 10078 16686 13794 8777 16860 11227 9573 9046 16305 12767 8172 5591 17640 16219 12151

1568 1572 2542 3371 2975 2287 3928 3020 3140 2117 2205 2361 2682 2911 1756 1983 2142 2611 2713 1300 2927 2073 2174 3115 1857 2517 2006 2297 2064 3788 2435 2239 2318 3664 1740 2179 3495 2856 3556 3292 2072 2483 2603 1850 2678 3717 4040 1087 3300 1792

101089 81178 34056 14036 101528 37057 34221 24448 114155 85625 31329 21905 20807 29883 69009 86632 50983 27212 57059 102699 66392 74352 23899 44780 51935 25656 147937 26114 42986 64873 50343 31915 56510 23076 66429 57791 18025 17622 155129 16909 36673 53106 114118 82825 155275 148907 131888 119151 11949 63080

7969 4856 7095 9693 10916 5941 11999 7886 12864 7029 4190 4847 6351 8766 4903 6421 3907 6030 6493 8552 7464 6801 4001 9570 2614 6560 14979 4498 4503 12617 7978 5294 7448 10753 3124 4073 9987 7090 17673 9684 3335 5450 10694 6998 17196 18323 15742 11047 9376 2000

0 1 58985
0 3 61308
0 6 27002
0 8 15323
0 11 20616
0 12 32092
0 14 19951
0 17 36189
0 18 44620
0 19 67557
0 22 51912
0 23 32116
0 25 11754
0 26 26559
0 27 28552
0 28 47842
0 29 20076
0 30 30398
0 33 28472
0 35 67094
0 37 18066
0 38 30508
0 41 52906
0 42 59074
0 44 37181
0 47 53999
0 48 62908
1 2 51367
1 4 68202
1 5 53522
1 6 13380
1 9 35035
1 10 20487
1 11 53106
1 12 18934
1 14 47765
1 15 16405
1 16 43328
1 18 49781
1 20 66311
1 21 46308
1 25 69959
1 26 68204
1 28 33239
1 30 59268
1 32 44554
1 33 21674
1 34 49370
1 35 25533
1 36 25902
1 37 38832
1 39 11495
1 40 63319
1 43 50444
1 45 48649
1 48 54905
1 49 61156
2 3 22876
2 4 35513
2 6 51235
2 11 45469
2 12 36024
2 13 55657
2 15 17394
2 16 62969
2 17 51077
2 18 40756
2 20 62013
2 21 34663
2 22 42505
2 23 27835
2 25 69070
2 26 57377
2 28 42743
2 29 45955
2 35 31933
2 36 20802
2 38 51558
2 39 27817
2 40 48194
2 41 35894
2 42 55559
2 47 24046
2 48 29989
2 49 28739
3 4 31909
3 6 62724
3 7 45620
3 8 68351
3 9 16724
3 11 35289
3 12 24257
3 14 50151
3 20 24656
3 21 66946
3 22 67785
3 23 53295
3 24 64326
3 25 35122
3 27 26132
3 28 45600
3 30 49933
3 31 20535
3 34 20694
3 37 64919
3 40 65368
3 41 66925
3 45 49028
3 46 60673
4 5 41258
4 6 53759
4 7 40511
4 9 44844
4 12 46973
4 13 10984
4 14 45426
4 15 63066
4 16 30189
4 17 22793
4 18 58122
4 19 16891
4 20 57188
4 24 14318
4 25 31350
4 27 49437
4 30 62091
4 32 63076
4 33 58760
4 35 26851
4 36 14212
4 38 38686
4 39 66534
4 40 55006
4 42 28602
4 43 56457
4 44 40593
4 45 33959
4 46 53665
4 47 40952
4 48 49685
4 49 15184
5 8 43550
5 9 20758
5 11 46753
5 12 40064
5 18 27966
5 19 32334
5 20 15574
5 21 21293
5 26 49235
5 27 42102
5 29 52004
5 30 25167
5 32 61920
5 34 11560
5 35 31321
5 36 26089
5 37 50954
5 40 15951
5 41 63510
5 43 58459
5 45 37694
5 47 26327
5 48 57487
5 49 68999
6 7 64693
6 8 21582
6 9 15184
6 10 32264
6 11 32282
6 12 42774
6 13 59049
6 15 64430
6 16 10152
6 18 43042
6 19 34654
6 21 50981
6 22 13022
6 23 65296
6 25 68920
6 27 14104
6 28 16445
6 32 48399
6 33 53689
6 36 53513
6 39 52964
6 40 39021
6 41 17489
6 42 11521
6 46 65887
6 48 69991
7 9 54615
7 11 69367
7 13 16376
7 18 52796
7 19 64262
7 20 19546
7 22 57419
7 24 34625
7 27 35917
7 28 27971
7 33 11953
7 35 54681
7 36 61879
7 38 29633
7 41 51888
7 42 61998
7 45 39479
7 46 38601
7 47 68741
7 48 52154
7 49 13038
8 9 65650
8 11 43956
8 12 49002
8 13 15952
8 16 36866
8 17 64661
8 19 62261
8 20 23248
8 21 21600
8 22 69629
8 23 28549
8 24 44719
8 28 33437
8 30 67393
8 31 48892
8 32 10359
8 34 16966
8 35 20629
8 38 63889
8 39 28101
8 40 60817
8 41 53504
8 43 28226
8 44 42785
8 45 66199
8 46 19450
8 48 16843
9 10 45577
9 11 41854
9 12 65312
9 13 67205
9 14 48599
9 15 13534
9 17 57408
9 18 43692
9 19 62357
9 21 44447
9 22 57856
9 25 34226
9 27 22213
9 30 56276
9 31 42224
9 32 46212
9 33 56074
9 34 19050
9 35 21134
9 36 35229
9 37 50075
9 39 51918
9 40 39158
9 42 24663
9 43 69610
9 44 42989
9 45 67780
9 46 58735
9 47 50778
9 49 63342
10 11 11253
10 14 65451
10 17 11117
10 18 40876
10 19 15401
10 20 35514
10 21 61050
10 22 26748
10 25 18539
10 26 16363
10 27 56246
10 28 54127
10 30 55380
10 31 64733
10 34 32657
10 35 26892
10 37 46279
10 39 48145
10 41 66148
10 43 33492
10 44 63598
10 45 25656
10 48 40321
10 49 35834
11 14 41633
11 15 22694
11 16 60396
11 17 16668
11 18 52218
11 20 66715
11 23 61028
11 24 62707
11 26 55315
11 27 38713
11 28 21659
11 29 65317
11 30 13791
11 34 69811
11 42 67387
11 44 36603
11 45 48433
11 47 54601
11 48 42926
11 49 27852
12 13 35053
12 17 31900
12 21 38908
12 22 22127
12 23 14486
12 24 18754
12 25 12206
12 26 38476
12 27 59403
12 28 33082
12 29 15117
12 32 26946
12 36 38735
12 37 33597
12 38 58046
12 41 45116
12 42 42698
12 43 36880
12 44 49336
12 45 49400
12 46 37253
12 47 54902
12 48 31360
12 49 60337
13 14 20561
13 16 24995
13 17 48259
13 18 68339
13 20 31328
13 23 63871
13 24 67222
13 25 63915
13 28 44730
13 32 57271
13 33 52857
13 39 42088
13 40 54055
13 41 12212
13 42 34909
13 43 48180
13 44 65496
13 45 49531
13 46 34665
13 49 63042
14 17 34965
14 18 38420
14 21 36747
14 23 45187
14 25 57999
14 26 37253
14 28 15434
14 29 40640
14 30 33923
14 31 28206
14 33 27602
14 34 55879
14 36 57196
14 41 33213
14 42 12643
14 44 34513
14 45 47407
14 47 22551
15 16 13445
15 19 68733
15 21 16535
15 24 56265
15 26 52732
15 27 21920
15 28 37642
15 29 50698
15 31 49801
15 32 53547
15 36 14616
15 38 43268
15 39 17276
15 42 55526
15 45 52001
15 47 25303
15 49 29297
16 17 60223
16 18 65420
16 19 44228
16 24 10269
16 27 34216
16 29 68372
16 30 51873
16 31 17860
16 34 27245
16 35 44092
16 37 24083
16 40 69723
16 41 11174
16 42 37419
16 43 67024
16 46 47578
16 47 65959
17 18 25799
17 19 31617
17 21 16633
17 25 41151
17 27 38689
17 28 18311
17 29 64543
17 30 14227
17 31 25952
17 32 30100
17 35 62941
17 37 40346
17 40 27740
17 41 44949
17 45 25285
17 47 30326
17 49 67134
18 20 47714
18 21 57822
18 22 22040
18 23 18181
18 24 47746
18 28 32012
18 29 20321
18 31 50179
18 33 22574
18 37 29481
18 38 57704
18 40 35418
18 41 12543
18 43 57347
18 45 11445
18 46 61094
18 47 39174
18 48 32298
18 49 17579
19 21 19834
19 22 18601
19 23 26318
19 27 52000
19 28 33377
19 30 35920
19 32 59620
19 33 16216
19 34 63106
19 35 46955
19 38 60832
19 39 19262
19 41 32656
19 44 20323
19 45 61126
19 46 30555
19 47 65061
19 48 50873
20 21 45151
20 22 62363
20 23 48019
20 32 20849
20 33 21555
20 34 19995
20 35 15688
20 37 11020
20 38 50924
20 41 63416
20 42 43300
20 43 17050
20 44 41093
20 46 32420
20 47 41493
20 48 36020
21 23 16078
21 24 42234
21 25 63042
21 27 33755
21 28 36432
21 30 62567
21 32 40902
21 34 47953
21 35 15313
21 37 14085
21 38 38336
21 40 55031
21 42 61110
21 43 19386
21 44 26303
21 46 50058
21 47 37295
21 48 36686
22 23 54184
22 24 46397
22 25 51422
22 26 10068
22 28 14154
22 30 20297
22 31 36459
22 34 27953
22 35 47456
22 36 30289
22 37 60666
22 38 15615
22 39 12284
22 40 58376
22 42 11125
22 45 27644
22 48 43829
23 24 30270
23 26 17511
23 27 56502
23 28 19728
23 29 34428
23 30 34129
23 32 22236
23 33 41844
23 36 11738
23 39 10351
23 41 44854
23 42 58764
23 43 15635
23 45 23146
23 46 68352
23 48 65462
23 49 19868
24 27 18180
24 36 38591
24 37 65572
24 38 55985
24 41 21452
24 42 51119
24 44 44756
24 45 51467
24 47 47411
24 48 68762
24 49 41315
25 26 40736
25 27 58416
25 29 23854
25 30 23680
25 31 41891
25 34 26576
25 35 14031
25 37 61223
25 38 43365
25 39 65350
25 40 52762
25 42 51524
25 46 24320
25 47 53059
25 48 29693
25 49 23089
26 27 37621
26 28 33686
26 30 14823
26 31 37372
26 32 61807
26 34 62042
26 35 25688
26 36 32070
26 38 26774
26 39 67399
26 40 27285
26 41 11625
26 44 16135
26 47 67138
26 48 58548
26 49 32115
27 28 51746
27 30 41247
27 31 32837
27 38 29904
27 39 35381
27 40 31872
27 43 10914
27 45 59967
27 48 30386
28 29 12132
28 30 27021
28 32 49858
28 34 11117
28 36 49150
28 37 24436
28 39 23930
28 40 16406
28 41 26850
28 42 54937
28 43 19991
28 46 57396
28 47 42000
28 48 29938
29 30 32140
29 32 27815
29 34 45995
29 35 43027
29 37 31006
29 38 41573
29 40 34775
29 41 24710
29 42 67427
29 43 20735
29 46 40639
29 47 29781
29 48 29666
29 49 47596
30 31 22441
30 32 25078
30 33 64851
30 34 25220
30 36 42286
30 37 22875
30 39 10311
30 40 26390
30 41 44842
30 42 42730
30 43 36969
30 46 45734
30 47 51376
30 49 63818
31 32 13759
31 35 20179
31 36 47328
31 37 33066
31 38 54524
31 39 13219
31 41 47310
31 42 54437
31 43 39151
31 44 36114
31 49 61531
32 33 68759
32 35 63718
32 36 33613
32 39 32715
32 40 13849
32 43 31237
32 46 30178
32 47 49228
32 49 55448
33 35 22052
33 36 49322
33 37 68848
33 38 32732
33 39 35288
33 41 17026
33 42 41883
33 43 13840
33 44 52963
34 39 10522
34 40 11553
34 41 64760
34 42 49911
34 45 32527
35 36 13578
35 39 36929
35 41 55633
35 43 10868
35 46 54123
35 47 65061
35 48 22485
35 49 12904
36 37 29783
36 38 17744
36 39 36074
36 40 60358
36 41 21121
36 42 52175
36 43 59341
36 44 68487
36 46 58322
36 47 18310
37 38 12805
37 41 16614
37 44 12423
37 47 30185
37 49 28395
38 39 51732
38 41 17425
38 42 41501
38 43 39821
38 44 22769
38 46 40634
38 47 64016
39 43 53091
39 44 27051
39 46 23588
39 49 45110
40 41 18907
40 42 58159
40 45 47460
40 46 28868
40 48 35855
41 43 66537
41 45 41531
41 46 27790
41 48 30340
41 49 68865
42 43 29157
42 44 13248
42 45 26108
42 46 58050
42 48 40502
43 44 35722
43 45 18275
43 47 28359
44 45 39598
44 46 61871
44 47 22463
44 48 54081
45 47 61775
45 48 49115
45 49 22027
46 47 62421
47 48 36037
47 49 34997
48 49 66431
