50 50 980
25000 25000 25000 25000 25000 25000 25000 25000 25000 25000 25000 25000 25000 25000 25000 25000 25000 25000 25000 25000 25000 25000 0 25000 25000 25000 25000 25000 25000 25000 25000 25000 25000 25000 25000 25000 25000 25000 25000 25000 25000 25000 25000 25000 25000 25000 25000 25000 25000 25000
2609 3292 6739 8933 6803 5984 10355 7650 8084 4246 5219 5776 6641 7816 4374 3847 5033 6429 6719 3660 7358 5396 5219 8345 4182 6387 7391 5542 5038 10349 6400 5558 6051 9568 3792 4898 9064 7159 11178 8697 4781 6033 6661 5299 8845 11656 9977 5301 8663 3947

2368 1148 3204 4509 4028 2752 5457 3845 4791 2504 2396 2628 3220 3859 1838 2266 2285 3117 3299 2596 3680 2582 2296 4205 1779 2994 5115 2491 2189 5399 3046 2499 2838 4940 1446 2351 4642 3507 6634 4369 2035 2890 3943 2607 5984 6919 5919 3574 4385 1538

38119 28711 4914 17161 44553 7030 26409 19622 50450 35490 13876 9147 14977 9987 21848 35330 20546 15111 25670 37312 29954 23679 9828 13734 19303 6568 57472 8895 11180 22957 12390 7341 15489 21294 21806 22713 18992 16657 67393 15523 12297 23856 48568 27686 66066 66973 59161 44864 16203 22621

94158 75406 32372 11548 94124 35112 29982 21024 105322 79267 29681 21275 20071 28595 64292 80186 47630 25921 53179 95094 61702 69206 23096 42165 48700 24701 135170 25118 40527 60515 47246 30416 52911 19804 61669 53847 15191 17163 141838 16712 34762 49569 105288 76944 142841 137025 121516 110118 12183 58878

1432 1277 1715 1883 566 1580 2152 1577 838 876 1061 1250 1363 1923 1524 955 1016 1318 949 1655 814 1789 1133 2087 1015 1583 2005 1269 1379 2512 1815 1381 1823 2008 1383 947 1901 1497 1685 1925 1108 908 1169 1798 2040 1600 1240 2003 1836 1237

29389 21549 6421 15994 35203 3514 23701 16197 40108 27663 10383 7483 12332 10627 15840 27251 15232 12444 20193 28704 23757 17769 7029 12654 13919 6260 45474 6253 6966 20326 9090 4947 10956 19446 15805 17035 17517 13730 54202 15093 8371 18684 38375 21102 52622 53852 47354 34986 15197 16483

181956 151443 81972 45118 179349 86890 28499 43134 199791 153664 65767 58805 48555 75277 138615 155294 97584 53176 107361 187467 122469 147325 56998 99391 102384 68433 259515 65619 96429 131920 108338 78565 118381 37594 126439 108605 40319 50569 262507 54213 78328 100962 199791 160389 266358 256048 228497 214099 46244 120958

70158 56137 33391 20160 68960 32030 26544 6370 78353 57158 16770 13571 8861 34044 51550 57907 31390 10985 35882 72690 42824 57376 12741 45125 33595 25346 105796 16702 32220 60071 42892 24339 46527 21820 44649 36454 21085 12128 107171 24366 22542 32942 78353 60248 108940 104203 91544 84928 20704 42130

1719 1555 2020 2186 797 1877 2480 1869 697 1127 1324 1525 1646 2242 1817 1211 1359 1593 1205 1956 1061 2099 1395 2416 1275 1880 1940 1538 1663 2869 2127 1665 2135 2327 1668 1203 2218 1789 1599 2239 1374 1156 1050 2109 1977 1509 1125 2149 2144 1511

1038 879 1459 1709 1024 1320 1995 1402 1305 464 869 1050 1181 1674 1133 546 738 1134 1066 1268 1206 1406 928 1875 768 1323 1950 999 1145 2314 1562 1115 1500 1846 988 667 1736 1318 1983 1748 832 916 1087 1416 1986 2088 1720 1628 1668 837

282030 211282 141015 156813 275986 123980 205925 104130 324205 216434 12638 46089 66146 165880 198300 220212 86408 58178 109075 294806 144106 241573 25277 212999 97536 105504 461992 48149 106122 288418 178793 81738 185456 180442 162789 111960 161484 89774 468792 165811 55499 94239 323380 245901 477721 453818 389938 356556 149807 140603

50691 38013 17684 20961 51754 16554 32069 15322 59686 41572 8429 1231 9073 20938 32781 41335 20566 9254 24295 52228 30058 37595 2463 29549 19775 11074 79235 3830 16712 41956 25571 10170 28589 26227 28724 24385 23131 11333 83247 20927 10350 21854 59166 41335 84557 81009 70500 62387 19673 26656

87703 68425 38207 29484 86090 36375 42477 15319 98955 70203 15832 11526 5185 43485 62653 71210 35513 11563 41561 91111 50906 70496 10371 57448 38482 27377 135275 15741 36631 77569 50998 26021 55891 35788 53362 42330 30731 11599 137529 32581 23565 37602 98735 74362 139911 133534 116492 107586 27615 49972

8994 7014 1953 3076 10270 2400 5044 4089 11525 8342 3428 2289 3530 1217 5553 8308 5162 3558 5938 8844 6878 5947 2434 2672 4897 1741 13134 2275 3283 4634 3544 2352 4204 3955 5544 5623 3465 3423 15131 2520 3406 5551 11125 6799 14963 15041 13379 10451 2868 5718

22109 13806 17181 27575 34163 13983 36054 25399 39559 23393 16297 15828 21148 21809 7310 21709 15513 20779 22678 21463 25368 12569 14621 24038 11931 16866 39913 14091 11169 32479 15843 13360 14375 31372 9640 15974 29250 22701 52897 26598 12776 19787 33563 13114 48346 54681 47531 28374 26698 11815

16807 14001 25640 30561 19556 22905 35602 25154 24505 9679 15763 18421 21255 29433 18478 8135 13451 20437 19232 20868 21699 23300 16271 32126 12619 23236 35094 17533 19253 39867 26303 19556 24957 32986 15933 12196 31041 23680 36455 30709 14579 16581 19881 23476 36497 38302 31816 27205 29842 13261

10299 7390 7031 8472 10011 6048 10492 6305 12559 6963 2542 3918 4743 8551 6856 7119 1531 4415 4164 10825 5152 8788 3062 9992 2712 6068 17458 3782 5031 13093 7754 4593 8294 9443 5401 2666 8664 5714 17692 8842 2599 3101 11362 8989 17709 17551 14924 13365 8184 4483

175305 136474 78453 73100 171987 74683 92515 36644 198000 139301 27445 23562 23034 89311 126332 141375 67935 11423 80376 182317 99603 144881 22846 118038 74042 56173 274079 32233 75211 159433 104768 53383 114834 79433 107218 81959 75663 36305 280374 79396 45918 72233 198000 150423 282712 269592 234531 216209 69254 97680

14104 10872 9452 10186 10309 8668 12441 7754 12529 10040 3542 5082 6005 10597 10274 10214 4313 5638 2061 14718 4237 12438 4123 12767 5635 7817 21789 5177 8073 16239 11122 6723 11726 11267 8646 5230 10401 7099 19186 10594 5350 2795 14964 12662 22071 18497 15556 17561 9863 7618

4719 4738 8597 11897 10320 7583 14113 10500 12031 6905 7254 7875 9152 10064 5467 6371 7005 8870 9277 3656 10130 6729 7312 10878 5869 8497 9506 7622 6695 13554 8172 7390 7707 13238 5406 7151 12428 9845 15675 11583 6547 8360 10130 5845 12180 16314 14559 5847 11614 5613

2204 1718 1581 1691 1302 1463 2030 1326 1635 1593 693 924 1063 1760 1628 1619 733 1008 555 2296 390 1953 780 2079 931 1335 3066 939 1298 2600 1756 1171 1846 1853 1384 871 1722 1227 2673 1752 889 505 2041 1987 3108 2532 2090 2723 1643 1229

33087 23443 23170 37575 50155 19559 48702 36072 57236 36022 26166 23493 30494 29263 14919 33813 25682 30655 35084 31815 38614 11166 22333 29102 20982 23524 56025 21214 17380 40178 17905 20255 15978 42538 17975 26288 39775 32512 74738 35911 21002 31291 49368 15978 67091 77038 67697 40884 36405 20830

29547 21819 12087 14277 30208 10393 19877 9670 34960 23989 3801 2252 5847 14071 19650 23844 11199 6260 13471 30993 16984 22873 0 19319 10703 8017 46945 2293 10145 26881 15889 6157 17728 16757 16158 13513 14856 7665 50147 14257 4959 11984 34713 24051 50189 48040 41634 36675 13492 14897

19258 15154 4883 8660 22473 5240 12851 10822 25140 18677 8930 6798 9435 4715 11943 18148 11947 9496 14265 19106 16203 11616 7106 3553 10898 5631 28226 6684 7117 7725 6509 5973 7911 10537 11924 12593 9496 9405 33421 7486 7881 13444 24198 13429 31946 32615 29081 22522 8227 12293

32600 22120 24063 31410 36263 20115 39682 24603 43406 26098 11050 13644 18976 29538 20197 24684 10012 17796 19495 34493 23056 27157 10541 33424 5270 20594 59259 12362 14845 44597 26668 15282 26495 35297 14936 10622 32488 21866 64743 31379 8099 15669 41636 27879 64804 63420 53958 43640 30250 11650

19133 14415 4124 7502 21736 4258 12148 8180 24693 17191 5611 2952 5851 5337 11613 17111 9697 5918 11525 19369 13673 12852 3268 8547 9073 1634 29479 2801 5623 13172 7620 3075 8745 9583 10952 10784 8420 6693 33190 6967 5560 10615 23935 14794 33148 32667 28750 23156 7022 11361

175156 190444 281463 355282 238383 258749 406770 325852 225170 205569 253234 264755 294457 314332 211356 210756 242970 289434 287742 170788 273327 239639 248102 332568 222222 279224 124051 257875 238875 392519 271962 254436 261534 380835 205405 233251 365874 308872 262243 348348 234998 267212 177231 219819 183947 276549 279934 151733 352989 210046

31417 23339 11056 15023 33379 9282 22113 11424 38298 25597 5582 2430 7436 13292 19279 25460 12766 7551 15708 32571 19387 22351 1601 18629 11698 6794 49650 800 9022 26549 15038 4846 16963 18384 18146 14626 16408 8878 52990 15002 5683 14150 36827 24738 53033 52629 45921 39055 14201 16091

22292 15532 8585 15815 27305 6079 22449 14122 31534 21286 7458 6609 10790 12212 11525 20448 11037 10887 16351 22629 18460 14092 5916 13959 8953 7422 37089 5247 2958 20575 9380 4675 9917 18779 10579 12122 17129 11995 44699 15038 5121 14086 30040 16086 42325 43386 37782 28046 15128 11164

35887 29205 12480 18630 41122 13061 25455 22151 45465 34940 19069 15598 19892 12207 23976 34080 23982 19991 27757 35640 30912 23444 16099 10314 22275 13699 50490 15413 16118 8049 15128 14256 17411 21687 23945 25034 19991 19843 58502 16718 17362 26420 43931 26395 56547 57636 51882 41202 17925 24545

12035 8916 3727 7937 15528 2988 11116 8229 17556 12413 5826 4628 6632 5471 6476 11884 7270 6678 9817 11792 10828 6101 4440 5425 6843 4123 18722 4120 3693 8596 2220 3580 3285 9358 7288 8021 8567 7210 23593 7374 4435 8731 16331 7478 21757 23235 20550 14388 7608 8162

16816 12300 4673 8907 19038 3674 13346 7880 21863 14695 4330 2861 5655 6838 9623 14610 7526 5719 9982 17041 12034 11338 2398 8891 6931 3300 26701 1952 3900 13310 6886 1199 7961 10895 8991 8573 9784 6460 29982 8388 3574 9112 21992 12670 30199 29780 26037 20660 8448 9382

33291 24043 13451 25678 45466 10386 35106 25927 51477 34720 17347 15249 21192 18623 16808 32845 22433 21329 29985 32571 32982 15695 14693 18486 19385 13751 53121 13742 10951 27888 8982 12141 7346 30148 19402 23889 27802 22904 67566 24266 14025 26766 46032 19779 62514 69570 61607 40269 24685 21808

946126 772783 372672 171891 941607 399465 229188 203364 1052973 801673 322800 261306 229995 336196 681269 810550 496143 258078 549405 987768 631719 728398 261790 467575 512606 298912 1361570 298428 451435 644793 516318 354111 575875 130895 640112 556184 145421 201588 1394657 221440 377998 514543 1052973 803126 1415639 1359472 1209370 1121245 178024 610899

11074 6516 9745 14620 17265 8055 18070 12049 20125 11582 7198 7592 9802 12191 5780 10692 6792 9607 10578 11927 12000 8559 6353 13369 4891 8961 21336 7495 5951 17830 10200 7109 9514 16229 3176 7028 15116 10875 27174 14096 5378 9051 16956 8848 24582 28075 24330 15579 14222 4326

15829 11730 12055 14909 14887 10463 18181 11400 18098 9950 5307 7379 8870 14516 10865 10202 3806 8340 7557 17293 9159 13994 5984 16447 4154 10495 26946 6793 8459 21470 13235 8116 13697 16483 8500 2992 15221 10444 27326 15353 4886 5837 17073 14319 27353 27097 22842 21406 14443 7022

260549 211357 97602 40426 259264 105128 73603 59561 291477 219479 83331 65940 56946 87232 185247 222003 132614 73007 147849 269818 171160 198738 65986 124584 137295 76540 378755 76494 119995 174969 138442 92233 155375 45566 173638 149685 32993 48961 388070 54606 99025 137846 290926 219984 394035 378067 335391 310337 42170 165240

137814 108160 60774 37261 137095 58008 63568 27330 156514 113056 30982 20497 15076 61549 97731 114578 60691 24757 69875 142959 83983 109515 20525 84066 63513 44425 209073 26860 58395 114439 80082 42378 87468 46721 85421 70981 39142 10262 214743 41936 40442 63900 156127 117123 218284 208713 182987 167828 34439 80359

45190 41683 54470 59493 29821 51403 65177 52117 27688 32544 40378 44494 47243 59211 47631 34351 38581 46820 37823 48504 35461 53659 42775 64357 39250 51465 40960 44335 48318 73399 57395 46882 55712 61907 44450 37012 59475 50292 21387 60630 40660 36889 30385 54285 34060 23696 24243 45428 59070 41092

22574 17974 7146 4104 23542 8089 8618 6428 26371 19848 7822 5211 5621 5744 15256 19762 12226 7047 13579 22804 15670 16305 5658 9081 11939 5543 32644 6154 9417 13583 10795 6937 12308 6121 14604 13612 4997 4907 35329 2829 8519 12693 26231 18261 35444 34157 30344 26490 3636 14436

80057 56481 38011 53182 85773 30699 70728 39587 100523 63100 15801 16494 27925 49316 49862 62659 25677 26917 44210 82915 51564 61965 10086 58183 22567 30846 133135 13847 23134 81255 43390 19877 47404 61209 39209 31140 55409 33472 142906 53119 5043 36309 95817 63289 143032 141855 122313 103360 50787 35364

58028 43758 39723 42962 45043 36260 52917 32225 54677 40086 13627 20427 24504 44777 41119 40854 14800 22884 13348 60736 18235 50669 16196 54356 20636 32504 91957 20846 31401 69686 44861 27673 47528 47737 33928 18849 43884 29335 84235 44763 19379 8098 61825 51661 93199 81191 68206 73289 41538 29391

11687 10319 16111 18256 9625 14832 20714 15620 8793 7559 11041 12598 13719 17960 12502 7885 9913 13320 12732 13667 11825 14853 11550 19329 10071 15090 13193 12158 13052 23103 16310 14031 15654 19439 11261 9301 18490 14901 14420 18590 10725 11440 5775 15097 13994 15320 12357 14935 17905 9951

19812 14312 16981 25818 30875 14743 32575 23312 35262 22118 16250 16268 19856 20756 9331 20750 16000 19556 21825 17087 24012 9543 14550 20656 13087 17100 32087 14856 12481 27518 13718 14262 12525 28893 11225 16375 27181 21506 46393 24875 13050 19475 30675 7275 38943 47856 42043 22706 25093 12993

107792 115691 168663 190737 120397 157010 210766 169251 113618 103562 131938 144628 153760 185526 134768 109304 122750 150511 145721 113954 138325 149278 136084 193650 124879 163256 89976 141042 142499 224408 164573 150483 160511 200373 123367 117764 192641 163396 108212 193454 129361 135188 93057 139110 68042 115551 117288 104178 187935 125748

50320 46673 57109 60151 29943 53921 66703 53124 27725 37172 40919 45381 48057 62039 52583 39050 40589 46994 38262 53765 35074 58814 42605 65905 40553 53307 45922 46572 49175 75966 59473 49220 61003 63303 49184 38958 60774 51227 25572 61352 42752 37291 34927 59519 38748 21302 24143 50567 59235 45803

13547 12443 15576 16502 7348 14610 18481 14368 6676 9565 10672 12024 12834 17069 14205 10134 10572 12512 9867 15145 8902 16103 11183 18240 10561 14424 14940 12384 13172 21287 16292 13186 16755 17451 13197 10078 16686 13794 8777 16860 11227 9573 9046 16305 12767 8172 5591 17640 16219 12151

1568 1572 2542 3371 2975 2287 3928 3020 3140 2117 2205 2361 2682 2911 1756 1983 2142 2611 2713 1300 2927 2073 2174 3115 1857 2517 2006 2297 2064 3788 2435 2239 2318 3664 1740 2179 3495 2856 3556 3292 2072 2483 2603 1850 2678 3717 4040 1087 3300 1792

101089 81178 34056 14036 101528 37057 34221 24448 114155 85625 31329 21905 20807 29883 69009 86632 50983 27212 57059 102699 66392 74352 23899 44780 51935 25656 147937 26114 42986 64873 50343 31915 56510 23076 66429 57791 18025 17622 155129 16909 36673 53106 114118 82825 155275 148907 131888 119151 11949 63080

7969 4856 7095 9693 10916 5941 11999 7886 12864 7029 4190 4847 6351 8766 4903 6421 3907 6030 6493 8552 7464 6801 4001 9570 2614 6560 14979 4498 4503 12617 7978 5294 7448 10753 3124 4073 9987 7090 17673 9684 3335 5450 10694 6998 17196 18323 15742 11047 9376 2000

26 29 61412
2 14 48443
3 11 18858
7 43 67669
28 44 45060
8 20 26340
27 40 32954
22 34 67094
9 36 39509
35 46 44051
45 48 20297
15 42 10922
21 30 37716
23 45 23059
25 38 22048
9 31 36164
8 9 46088
38 48 69880
19 37 64554
12 32 57225
22 41 49720
34 47 44334
26 48 45407
29 44 51870
14 37 25432
0 32 11907
9 12 18644
20 28 23338
5 41 26800
13 40 40618
33 49 51730
21 43 30355
24 39 19060
16 27 12731
31 47 40166
6 39 54121
28 32 29071
2 44 15263
25 45 51214
32 43 58580
0 4 61457
30 38 13653
36 45 11644
14 35 41315
27 30 26713
16 36 23692
25 42 67480
17 36 14943
3 45 35714
34 39 14175
36 48 62168
1 33 15433
16 29 60652
9 32 37574
24 35 69446
26 28 16083
32 35 51624
12 22 30232
1 15 41564
3 30 68424
4 35 60850
35 42 35436
2 39 40921
20 36 69911
16 30 38167
16 42 11087
16 41 66174
8 47 69381
2 15 16350
15 23 47387
21 49 57960
12 40 67807
0 28 51041
1 9 11746
27 49 39121
36 41 19896
13 15 25439
35 47 48743
7 17 24839
26 43 63296
11 49 65061
11 48 17006
28 35 68730
2 5 55712
37 48 56723
2 18 20317
13 24 61795
21 36 38346
39 40 52693
0 20 45501
36 42 48912
0 21 43542
34 35 10937
15 27 19833
11 38 55595
14 27 39104
13 45 33063
11 42 51768
5 18 38485
25 27 39413
10 40 41298
20 34 38587
32 39 49362
14 26 34481
3 48 40334
10 19 18482
5 8 44377
0 26 67916
10 31 69369
20 38 59216
21 42 61211
4 20 16571
23 35 18364
15 20 12082
16 25 62284
1 39 65087
20 39 22400
8 29 66221
2 40 45575
43 48 17235
24 25 41722
8 41 24486
14 17 50777
14 30 42659
2 9 46462
8 13 48515
6 23 23905
7 32 69525
10 27 42425
19 33 52390
10 33 51080
20 31 13722
7 8 33120
42 49 30441
16 48 38203
35 36 63454
6 28 51067
26 36 12579
4 14 13511
20 30 62578
15 35 13937
22 38 16864
19 32 69149
14 42 22301
16 21 18947
10 48 61432
21 34 17387
41 47 43490
9 47 69796
18 22 65105
14 48 50725
4 29 41517
6 33 31734
26 47 43644
18 47 26318
11 30 68196
34 42 34301
3 12 40223
34 40 19863
2 25 66727
4 24 34756
11 24 13085
0 35 22591
17 37 57876
1 11 33527
44 45 50795
21 25 63472
33 43 26736
18 36 65517
5 36 66983
24 48 19313
14 16 21597
9 19 13846
18 29 30604
22 32 33898
30 41 34936
4 15 22036
25 26 53429
17 41 68426
16 40 33974
7 22 48533
39 44 61293
13 41 65491
3 10 10266
25 29 47080
1 10 21808
30 40 20605
17 32 11380
38 47 52031
5 44 42611
2 37 68107
6 35 16786
2 32 45696
11 27 20698
5 38 16804
7 25 69223
27 34 13635
18 48 10275
5 34 38101
10 43 21294
15 17 19400
12 48 59557
0 48 32891
33 46 35390
27 29 20161
12 41 68933
31 48 60326
9 11 44340
37 38 52361
31 33 10894
9 18 68314
4 38 43036
11 44 14329
40 43 63804
11 29 43303
39 42 51409
3 34 27754
22 26 66051
38 45 52790
8 37 21927
11 41 38661
18 24 63039
1 27 28714
2 4 14356
1 38 25879
24 30 47661
19 29 25722
0 16 29514
0 11 47937
6 10 53823
7 18 52952
20 37 57337
14 46 55523
43 47 15842
31 43 22726
35 38 65684
3 15 26917
5 26 25195
0 22 40023
22 25 69278
24 43 38232
35 48 38336
11 46 42314
10 17 42561
16 38 44282
26 39 27759
29 40 23970
16 20 62036
1 18 35952
10 18 18902
6 40 13962
10 42 64613
23 33 11940
46 47 44819
9 37 21111
9 21 27820
7 47 22480
0 8 36833
8 23 59477
17 25 12559
7 23 32799
6 19 42428
42 47 59896
3 5 30464
12 35 60414
39 49 24765
0 38 26147
28 48 17330
13 27 52103
10 45 68313
10 39 28751
0 18 20334
36 44 36648
11 36 13207
32 48 65038
21 23 23072
21 28 43109
21 38 19007
19 46 15107
2 33 69061
29 39 27909
41 45 31212
9 25 63673
20 45 41993
20 32 18174
22 24 26926
14 49 11955
24 36 30654
3 31 65903
31 35 61432
0 14 33213
19 49 40844
32 44 46003
1 7 35251
14 15 61308
16 47 36416
7 40 62159
20 33 17454
18 39 55889
19 27 56404
17 43 15766
37 43 26782
22 29 66738
47 49 54557
23 27 29989
11 25 61776
23 38 67629
11 20 63098
42 45 22925
0 41 24878
2 36 14300
9 16 52978
20 22 58233
9 20 20115
18 27 37113
12 29 66407
3 13 37042
18 30 39068
13 14 39203
4 30 32944
2 23 30499
31 38 14558
4 39 63788
37 40 66502
14 38 39810
33 34 55095
28 46 45060
13 31 44111
30 31 14691
23 44 43092
2 17 30515
14 40 32600
2 34 59874
17 33 39395
8 12 17156
3 29 32006
5 48 43313
29 47 26927
0 5 37246
7 46 56239
7 30 41805
31 42 41547
34 46 51359
5 15 30037
4 13 63805
7 38 18471
11 16 38587
1 45 30846
7 31 47539
5 29 67790
16 37 65933
6 49 20180
0 49 12348
26 46 11862
11 21 28825
38 42 54301
16 23 69100
34 38 63885
3 22 40554
1 34 13790
2 13 49119
26 37 61069
37 45 36390
0 45 51136
26 30 42607
36 39 55689
16 39 25284
29 36 15919
10 44 12615
17 24 52530
40 48 14300
15 48 56563
3 9 36219
8 44 55659
2 11 16600
22 49 30024
6 29 16272
25 46 57330
14 43 63013
11 35 53811
11 33 55119
5 49 58946
17 31 16134
5 23 69610
32 33 12950
25 33 34959
35 43 66053
10 25 12050
5 25 40986
20 41 36607
11 15 27983
29 38 20105
36 47 39818
3 35 66517
25 40 61241
11 13 12424
28 33 52205
4 48 16524
28 43 30487
14 33 66964
18 42 11196
22 47 34787
31 44 53526
12 43 37416
44 48 32589
39 45 12268
1 16 69583
11 40 51004
27 33 59598
6 22 14737
20 42 46958
33 41 56860
7 27 63683
6 7 53092
29 46 56469
33 45 18776
10 16 18050
12 24 52522
2 3 20826
5 6 49036
18 45 31271
21 40 50952
29 42 59141
16 24 61089
27 38 47468
13 26 62524
16 35 15656
7 35 41816
19 39 21190
36 38 36143
25 37 38779
2 8 22387
7 19 13072
2 35 34447
9 39 61946
23 37 47804
24 47 36716
13 44 13670
18 32 28808
16 49 38456
1 24 18407
7 42 65766
30 45 25315
26 44 24233
3 16 48857
34 36 11784
1 14 33009
17 20 56907
34 44 66449
30 39 55978
1 37 48085
0 36 27719
31 37 36929
18 44 37226
6 11 30950
1 6 14397
2 48 41892
20 35 36606
18 33 58356
37 41 53083
20 47 14891
10 41 39277
8 27 17612
14 29 17964
4 23 63724
3 43 69558
11 28 67911
7 49 42582
36 37 25370
3 49 26718
2 46 11038
16 31 33777
0 9 34626
10 28 26353
4 19 48010
29 41 13482
2 49 40280
14 45 23161
23 25 12531
23 40 48871
9 49 69139
5 37 50617
11 18 18732
20 24 36068
21 41 29985
20 43 39683
5 35 52608
7 10 14019
4 49 66289
10 46 53106
19 23 57102
13 21 11180
12 16 22382
0 25 16856
34 43 31287
21 35 28248
26 38 28556
13 42 29197
22 31 60831
11 22 43926
14 23 45916
24 46 14011
5 19 19846
0 27 22684
27 36 42507
19 40 57856
21 39 26167
12 17 24930
23 31 23160
23 34 40841
9 14 63801
16 32 22298
17 39 33600
1 40 12533
2 29 60509
35 40 65728
8 30 42216
9 41 55259
4 11 69748
5 45 50647
6 14 50507
9 33 68992
17 38 63970
35 39 62889
4 27 15848
7 11 25256
23 26 33280
37 47 46547
10 37 56597
27 46 24110
29 31 20473
43 45 44655
10 20 40264
1 49 30319
23 49 57339
17 23 12770
9 13 30317
12 46 13505
3 14 39843
10 13 43477
18 31 56490
17 29 33644
13 32 67919
4 46 32232
1 17 48320
18 20 10569
0 47 27960
39 41 32678
26 27 67972
29 48 39850
13 43 13324
10 22 48478
4 16 38841
1 26 19437
5 22 41367
8 17 56832
16 44 34693
6 31 16789
17 27 33379
42 43 21289
32 42 30899
20 40 55995
5 14 55944
11 19 13305
38 46 16313
12 45 43283
13 38 28218
6 47 48773
2 38 58931
2 21 58062
25 32 34393
30 44 57563
5 21 21705
5 16 32311
5 9 19795
32 37 12167
30 42 45023
34 41 49898
33 40 34845
27 43 42994
9 48 19747
43 49 50312
13 37 21472
7 37 60731
26 32 59749
30 37 64982
13 47 59706
20 23 36585
0 2 11770
0 17 35227
1 19 60017
33 38 44812
22 42 21221
10 47 58104
8 43 60260
16 33 39677
19 30 31386
1 30 18477
11 26 30592
33 39 32459
1 44 66539
44 47 54985
4 22 32165
20 27 30386
8 45 29438
44 46 41960
9 17 32553
4 9 64462
9 45 21857
0 42 69541
14 18 37455
38 49 43747
9 46 49853
8 33 61070
9 44 34477
27 35 51744
16 45 68194
46 49 24182
43 44 18328
9 28 22106
27 28 61552
10 38 68346
13 22 69061
0 33 12772
35 44 68592
15 38 59320
32 49 54592
12 36 42120
18 46 67798
10 30 15184
7 28 64579
14 28 64336
40 45 12311
13 34 38886
11 32 24722
19 45 31750
14 34 10845
34 49 59418
12 39 26211
14 19 34845
12 18 58959
25 44 65809
15 22 20734
7 48 50954
3 4 69022
41 46 45212
40 41 32697
18 38 67215
17 49 11536
38 40 53169
42 46 19321
12 20 63089
3 20 63657
13 19 30524
17 28 18003
19 20 62248
16 19 19844
18 34 14738
31 40 34367
8 18 17641
17 48 32065
9 22 41088
38 43 24119
1 36 34376
4 32 69975
7 20 38841
14 31 56126
13 49 22962
3 17 40402
34 48 24479
1 43 59951
8 19 29360
17 47 20288
3 38 10684
5 10 10313
16 22 19309
2 28 58039
1 2 45153
3 8 28666
23 30 11718
2 10 40464
42 44 50130
18 21 16949
21 46 34120
22 36 10654
15 29 37095
5 28 26367
2 24 20498
2 12 41833
21 33 62877
27 45 40282
3 47 16040
23 24 33965
12 23 54401
8 42 40417
18 49 46082
15 41 23242
31 32 38685
13 23 59044
6 24 53644
28 38 53165
40 44 61137
23 29 25146
4 37 15595
3 24 61822
17 19 37602
11 45 24904
8 16 62003
14 25 24897
19 25 55713
7 24 63721
12 49 55362
13 33 35843
30 47 10669
18 41 19481
32 40 48640
12 44 37765
28 45 47992
3 39 59138
35 45 21740
0 40 53011
30 49 29419
6 43 27781
19 47 16975
13 20 13819
5 33 10340
48 49 65200
7 45 39204
18 28 39025
31 34 66387
8 21 34990
25 28 22189
6 36 57523
24 32 62279
19 36 39927
22 40 61487
13 17 29880
44 49 54831
10 49 53490
3 28 56921
8 26 52687
3 36 47210
15 32 42282
20 49 30672
27 47 60023
21 44 51763
4 43 69312
13 29 39930
29 37 41897
3 7 10591
2 31 51670
5 27 24908
11 23 30010
26 35 69451
5 7 44026
33 35 45972
15 21 21933
13 16 39226
19 48 27319
5 20 50959
7 12 35612
12 38 64452
9 34 15290
0 12 23134
6 46 68874
22 44 45218
20 26 14621
38 41 40896
17 22 42191
22 33 10253
29 49 27816
43 46 24877
16 28 47463
10 15 60098
4 5 45549
5 32 49628
9 30 54004
21 22 57003
14 20 19557
7 44 25900
25 43 57594
8 24 61228
27 44 40808
13 18 29746
37 49 12820
22 43 26977
24 34 65719
15 46 24754
18 26 56203
9 29 35180
28 36 17855
25 49 21814
5 39 41774
15 24 23145
18 35 47091
12 47 40647
4 12 58363
32 41 63855
38 39 11543
0 24 42697
22 27 64108
25 47 29359
4 25 69717
36 40 53714
5 31 19457
29 33 45266
17 34 33341
13 35 15603
1 12 32268
10 26 42899
4 45 31503
13 25 32005
34 37 46269
18 25 14454
6 9 51751
7 26 61232
0 10 31431
24 40 59612
0 44 28128
0 3 17633
1 31 24791
10 36 35983
4 41 41590
23 46 56566
19 26 61272
12 19 30823
16 17 39355
47 48 61777
30 36 24678
0 7 40898
3 6 34473
1 48 18785
31 36 12400
15 47 34190
25 39 14641
12 33 21857
14 41 21598
6 45 37983
15 28 27460
30 32 56009
22 45 23024
0 23 61106
1 29 18013
32 38 11435
13 48 65560
23 39 59765
11 43 14809
4 36 39133
7 14 49376
3 19 32938
5 13 58909
31 45 16310
4 34 11063
28 39 30498
28 30 15018
23 47 62335
15 45 63465
11 34 44373
12 31 54112
23 32 18142
39 48 15271
8 49 18584
13 46 39070
12 26 29814
14 22 54917
9 26 43712
17 26 53814
2 30 66515
18 37 23837
11 47 23416
25 48 52524
28 42 49004
2 43 14521
20 48 12679
4 31 62582
7 15 22224
35 49 62444
28 31 67391
5 47 51357
0 13 53963
0 34 30328
16 18 52409
36 43 60273
10 21 31392
6 13 25049
45 46 65291
5 30 35869
11 31 18513
12 15 39663
1 42 19980
29 45 26655
17 46 57077
15 18 40708
3 40 55726
24 27 16890
22 48 25624
7 16 41580
27 32 60704
1 23 34282
23 41 67560
18 19 14119
3 32 28948
4 7 46563
4 26 30784
12 42 31627
28 40 51287
22 23 43008
17 35 24071
4 21 48677
1 13 36507
29 35 68034
13 39 21148
9 24 18915
13 36 58306
35 41 54683
28 49 33965
15 37 65739
21 37 20551
5 42 42478
10 29 35401
8 15 30532
7 33 11276
17 21 34621
19 34 13382
25 41 69145
21 47 41511
19 44 29006
14 24 40724
9 15 44358
4 40 65431
24 45 38283
7 36 60620
12 30 24378
33 36 26988
2 41 21403
37 42 46006
5 40 68275
20 21 54411
31 46 12219
0 15 59094
40 47 33061
2 6 22395
5 43 10241
31 49 41976
33 42 10700
17 42 54924
11 39 18083
6 30 18581
1 35 17618
4 28 50562
0 19 43982
7 29 38150
19 42 51838
11 12 20745
32 47 53675
15 49 50982
24 42 64400
0 6 24823
4 47 33848
21 31 38757
0 39 20254
2 22 14273
24 49 29376
14 47 34632
4 10 43404
3 44 40780
10 23 22780
19 38 53821
19 41 37333
1 3 24999
12 13 42914
15 44 60394
32 36 37394
7 39 43156
25 34 44513
9 23 50237
25 35 40222
1 22 52596
24 26 58818
10 35 47840
