50 50 1225
25000 25000 25000 25000 25000 25000 25000 25000 25000 25000 25000 25000 25000 25000 25000 25000 25000 25000 25000 25000 25000 25000 0 25000 25000 25000 25000 25000 25000 25000 25000 25000 25000 25000 25000 25000 25000 25000 25000 25000 25000 25000 25000 25000 25000 25000 25000 25000 25000 25000
2609 3292 6739 8933 6803 5984 10355 7650 8084 4246 5219 5776 6641 7816 4374 3847 5033 6429 6719 3660 7358 5396 5219 8345 4182 6387 7391 5542 5038 10349 6400 5558 6051 9568 3792 4898 9064 7159 11178 8697 4781 6033 6661 5299 8845 11656 9977 5301 8663 3947

2368 1148 3204 4509 4028 2752 5457 3845 4791 2504 2396 2628 3220 3859 1838 2266 2285 3117 3299 2596 3680 2582 2296 4205 1779 2994 5115 2491 2189 5399 3046 2499 2838 4940 1446 2351 4642 3507 6634 4369 2035 2890 3943 2607 5984 6919 5919 3574 4385 1538

38119 28711 4914 17161 44553 7030 26409 19622 50450 35490 13876 9147 14977 9987 21848 35330 20546 15111 25670 37312 29954 23679 9828 13734 19303 6568 57472 8895 11180 22957 12390 7341 15489 21294 21806 22713 18992 16657 67393 15523 12297 23856 48568 27686 66066 66973 59161 44864 16203 22621

94158 75406 32372 11548 94124 35112 29982 21024 105322 79267 29681 21275 20071 28595 64292 80186 47630 25921 53179 95094 61702 69206 23096 42165 48700 24701 135170 25118 40527 60515 47246 30416 52911 19804 61669 53847 15191 17163 141838 16712 34762 49569 105288 76944 142841 137025 121516 110118 12183 58878

1432 1277 1715 1883 566 1580 2152 1577 838 876 1061 1250 1363 1923 1524 955 1016 1318 949 1655 814 1789 1133 2087 1015 1583 2005 1269 1379 2512 1815 1381 1823 2008 1383 947 1901 1497 1685 1925 1108 908 1169 1798 2040 1600 1240 2003 1836 1237

29389 21549 6421 15994 35203 3514 23701 16197 40108 27663 10383 7483 12332 10627 15840 27251 15232 12444 20193 28704 23757 17769 7029 12654 13919 6260 45474 6253 6966 20326 9090 4947 10956 19446 15805 17035 17517 13730 54202 15093 8371 18684 38375 21102 52622 53852 47354 34986 15197 16483

181956 151443 81972 45118 179349 86890 28499 43134 199791 153664 65767 58805 48555 75277 138615 155294 97584 53176 107361 187467 122469 147325 56998 99391 102384 68433 259515 65619 96429 131920 108338 78565 118381 37594 126439 108605 40319 50569 262507 54213 78328 100962 199791 160389 266358 256048 228497 214099 46244 120958

70158 56137 33391 20160 68960 32030 26544 6370 78353 57158 16770 13571 8861 34044 51550 57907 31390 10985 35882 72690 42824 57376 12741 45125 33595 25346 105796 16702 32220 60071 42892 24339 46527 21820 44649 36454 21085 12128 107171 24366 22542 32942 78353 60248 108940 104203 91544 84928 20704 42130

1719 1555 2020 2186 797 1877 2480 1869 697 1127 1324 1525 1646 2242 1817 1211 1359 1593 1205 1956 1061 2099 1395 2416 1275 1880 1940 1538 1663 2869 2127 1665 2135 2327 1668 1203 2218 1789 1599 2239 1374 1156 1050 2109 1977 1509 1125 2149 2144 1511

1038 879 1459 1709 1024 1320 1995 1402 1305 464 869 1050 1181 1674 1133 546 738 1134 1066 1268 1206 1406 928 1875 768 1323 1950 999 1145 2314 1562 1115 1500 1846 988 667 1736 1318 1983 1748 832 916 1087 1416 1986 2088 1720 1628 1668 837

282030 211282 141015 156813 275986 123980 205925 104130 324205 216434 12638 46089 66146 165880 198300 220212 86408 58178 109075 294806 144106 241573 25277 212999 97536 105504 461992 48149 106122 288418 178793 81738 185456 180442 162789 111960 161484 89774 468792 165811 55499 94239 323380 245901 477721 453818 389938 356556 149807 140603

50691 38013 17684 20961 51754 16554 32069 15322 59686 41572 8429 1231 9073 20938 32781 41335 20566 9254 24295 52228 30058 37595 2463 29549 19775 11074 79235 3830 16712 41956 25571 10170 28589 26227 28724 24385 23131 11333 83247 20927 10350 21854 59166 41335 84557 81009 70500 62387 19673 26656

87703 68425 38207 29484 86090 36375 42477 15319 98955 70203 15832 11526 5185 43485 62653 71210 35513 11563 41561 91111 50906 70496 10371 57448 38482 27377 135275 15741 36631 77569 50998 26021 55891 35788 53362 42330 30731 11599 137529 32581 23565 37602 98735 74362 139911 133534 116492 107586 27615 49972

8994 7014 1953 3076 10270 2400 5044 4089 11525 8342 3428 2289 3530 1217 5553 8308 5162 3558 5938 8844 6878 5947 2434 2672 4897 1741 13134 2275 3283 4634 3544 2352 4204 3955 5544 5623 3465 3423 15131 2520 3406 5551 11125 6799 14963 15041 13379 10451 2868 5718

22109 13806 17181 27575 34163 13983 36054 25399 39559 23393 16297 15828 21148 21809 7310 21709 15513 20779 22678 21463 25368 12569 14621 24038 11931 16866 39913 14091 11169 32479 15843 13360 14375 31372 9640 15974 29250 22701 52897 26598 12776 19787 33563 13114 48346 54681 47531 28374 26698 11815

16807 14001 25640 30561 19556 22905 35602 25154 24505 9679 15763 18421 21255 29433 18478 8135 13451 20437 19232 20868 21699 23300 16271 32126 12619 23236 35094 17533 19253 39867 26303 19556 24957 32986 15933 12196 31041 23680 36455 30709 14579 16581 19881 23476 36497 38302 31816 27205 29842 13261

10299 7390 7031 8472 10011 6048 10492 6305 12559 6963 2542 3918 4743 8551 6856 7119 1531 4415 4164 10825 5152 8788 3062 9992 2712 6068 17458 3782 5031 13093 7754 4593 8294 9443 5401 2666 8664 5714 17692 8842 2599 3101 11362 8989 17709 17551 14924 13365 8184 4483

175305 136474 78453 73100 171987 74683 92515 36644 198000 139301 27445 23562 23034 89311 126332 141375 67935 11423 80376 182317 99603 144881 22846 118038 74042 56173 274079 32233 75211 159433 104768 53383 114834 79433 107218 81959 75663 36305 280374 79396 45918 72233 198000 150423 282712 269592 234531 216209 69254 97680

14104 10872 9452 10186 10309 8668 12441 7754 12529 10040 3542 5082 6005 10597 10274 10214 4313 5638 2061 14718 4237 12438 4123 12767 5635 7817 21789 5177 8073 16239 11122 6723 11726 11267 8646 5230 10401 7099 19186 10594 5350 2795 14964 12662 22071 18497 15556 17561 9863 7618

4719 4738 8597 11897 10320 7583 14113 10500 12031 6905 7254 7875 9152 10064 5467 6371 7005 8870 9277 3656 10130 6729 7312 10878 5869 8497 9506 7622 6695 13554 8172 7390 7707 13238 5406 7151 12428 9845 15675 11583 6547 8360 10130 5845 12180 16314 14559 5847 11614 5613

2204 1718 1581 1691 1302 1463 2030 1326 1635 1593 693 924 1063 1760 1628 1619 733 1008 555 2296 390 1953 780 2079 931 1335 3066 939 1298 2600 1756 1171 1846 1853 1384 871 1722 1227 2673 1752 889 505 2041 1987 3108 2532 2090 2723 1643 1229

33087 23443 23170 37575 50155 19559 48702 36072 57236 36022 26166 23493 30494 29263 14919 33813 25682 30655 35084 31815 38614 11166 22333 29102 20982 23524 56025 21214 17380 40178 17905 20255 15978 42538 17975 26288 39775 32512 74738 35911 21002 31291 49368 15978 67091 77038 67697 40884 36405 20830

29547 21819 12087 14277 30208 10393 19877 9670 34960 23989 3801 2252 5847 14071 19650 23844 11199 6260 13471 30993 16984 22873 0 19319 10703 8017 46945 2293 10145 26881 15889 6157 17728 16757 16158 13513 14856 7665 50147 14257 4959 11984 34713 24051 50189 48040 41634 36675 13492 14897

19258 15154 4883 8660 22473 5240 12851 10822 25140 18677 8930 6798 9435 4715 11943 18148 11947 9496 14265 19106 16203 11616 7106 3553 10898 5631 28226 6684 7117 7725 6509 5973 7911 10537 11924 12593 9496 9405 33421 7486 7881 13444 24198 13429 31946 32615 29081 22522 8227 12293

32600 22120 24063 31410 36263 20115 39682 24603 43406 26098 11050 13644 18976 29538 20197 24684 10012 17796 19495 34493 23056 27157 10541 33424 5270 20594 59259 12362 14845 44597 26668 15282 26495 35297 14936 10622 32488 21866 64743 31379 8099 15669 41636 27879 64804 63420 53958 43640 30250 11650

19133 14415 4124 7502 21736 4258 12148 8180 24693 17191 5611 2952 5851 5337 11613 17111 9697 5918 11525 19369 13673 12852 3268 8547 9073 1634 29479 2801 5623 13172 7620 3075 8745 9583 10952 10784 8420 6693 33190 6967 5560 10615 23935 14794 33148 32667 28750 23156 7022 11361

175156 190444 281463 355282 238383 258749 406770 325852 225170 205569 253234 264755 294457 314332 211356 210756 242970 289434 287742 170788 273327 239639 248102 332568 222222 279224 124051 257875 238875 392519 271962 254436 261534 380835 205405 233251 365874 308872 262243 348348 234998 267212 177231 219819 183947 276549 279934 151733 352989 210046

31417 23339 11056 15023 33379 9282 22113 11424 38298 25597 5582 2430 7436 13292 19279 25460 12766 7551 15708 32571 19387 22351 1601 18629 11698 6794 49650 800 9022 26549 15038 4846 16963 18384 18146 14626 16408 8878 52990 15002 5683 14150 36827 24738 53033 52629 45921 39055 14201 16091

22292 15532 8585 15815 27305 6079 22449 14122 31534 21286 7458 6609 10790 12212 11525 20448 11037 10887 16351 22629 18460 14092 5916 13959 8953 7422 37089 5247 2958 20575 9380 4675 9917 18779 10579 12122 17129 11995 44699 15038 5121 14086 30040 16086 42325 43386 37782 28046 15128 11164

35887 29205 12480 18630 41122 13061 25455 22151 45465 34940 19069 15598 19892 12207 23976 34080 23982 19991 27757 35640 30912 23444 16099 10314 22275 13699 50490 15413 16118 8049 15128 14256 17411 21687 23945 25034 19991 19843 58502 16718 17362 26420 43931 26395 56547 57636 51882 41202 17925 24545

12035 8916 3727 7937 15528 2988 11116 8229 17556 12413 5826 4628 6632 5471 6476 11884 7270 6678 9817 11792 10828 6101 4440 5425 6843 4123 18722 4120 3693 8596 2220 3580 3285 9358 7288 8021 8567 7210 23593 7374 4435 8731 16331 7478 21757 23235 20550 14388 7608 8162

16816 12300 4673 8907 19038 3674 13346 7880 21863 14695 4330 2861 5655 6838 9623 14610 7526 5719 9982 17041 12034 11338 2398 8891 6931 3300 26701 1952 3900 13310 6886 1199 7961 10895 8991 8573 9784 6460 29982 8388 3574 9112 21992 12670 30199 29780 26037 20660 8448 9382

33291 24043 13451 25678 45466 10386 35106 25927 51477 34720 17347 15249 21192 18623 16808 32845 22433 21329 29985 32571 32982 15695 14693 18486 19385 13751 53121 13742 10951 27888 8982 12141 7346 30148 19402 23889 27802 22904 67566 24266 14025 26766 46032 19779 62514 69570 61607 40269 24685 21808

946126 772783 372672 171891 941607 399465 229188 203364 1052973 801673 322800 261306 229995 336196 681269 810550 496143 258078 549405 987768 631719 728398 261790 467575 512606 298912 1361570 298428 451435 644793 516318 354111 575875 130895 640112 556184 145421 201588 1394657 221440 377998 514543 1052973 803126 1415639 1359472 1209370 1121245 178024 610899

11074 6516 9745 14620 17265 8055 18070 12049 20125 11582 7198 7592 9802 12191 5780 10692 6792 9607 10578 11927 12000 8559 6353 13369 4891 8961 21336 7495 5951 17830 10200 7109 9514 16229 3176 7028 15116 10875 27174 14096 5378 9051 16956 8848 24582 28075 24330 15579 14222 4326

15829 11730 12055 14909 14887 10463 18181 11400 18098 9950 5307 7379 8870 14516 10865 10202 3806 8340 7557 17293 9159 13994 5984 16447 4154 10495 26946 6793 8459 21470 13235 8116 13697 16483 8500 2992 15221 10444 27326 15353 4886 5837 17073 14319 27353 27097 22842 21406 14443 7022

260549 211357 97602 40426 259264 105128 73603 59561 291477 219479 83331 65940 56946 87232 185247 222003 132614 73007 147849 269818 171160 198738 65986 124584 137295 76540 378755 76494 119995 174969 138442 92233 155375 45566 173638 149685 32993 48961 388070 54606 99025 137846 290926 219984 394035 378067 335391 310337 42170 165240

137814 108160 60774 37261 137095 58008 63568 27330 156514 113056 30982 20497 15076 61549 97731 114578 60691 24757 69875 142959 83983 109515 20525 84066 63513 44425 209073 26860 58395 114439 80082 42378 87468 46721 85421 70981 39142 10262 214743 41936 40442 63900 156127 117123 218284 208713 182987 167828 34439 80359

45190 41683 54470 59493 29821 51403 65177 52117 27688 32544 40378 44494 47243 59211 47631 34351 38581 46820 37823 48504 35461 53659 42775 64357 39250 51465 40960 44335 48318 73399 57395 46882 55712 61907 44450 37012 59475 50292 21387 60630 40660 36889 30385 54285 34060 23696 24243 45428 59070 41092

22574 17974 7146 4104 23542 8089 8618 6428 26371 19848 7822 5211 5621 5744 15256 19762 12226 7047 13579 22804 15670 16305 5658 9081 11939 5543 32644 6154 9417 13583 10795 6937 12308 6121 14604 13612 4997 4907 35329 2829 8519 12693 26231 18261 35444 34157 30344 26490 3636 14436

80057 56481 38011 53182 85773 30699 70728 39587 100523 63100 15801 16494 27925 49316 49862 62659 25677 26917 44210 82915 51564 61965 10086 58183 22567 30846 133135 13847 23134 81255 43390 19877 47404 61209 39209 31140 55409 33472 142906 53119 5043 36309 95817 63289 143032 141855 122313 103360 50787 35364

58028 43758 39723 42962 45043 36260 52917 32225 54677 40086 13627 20427 24504 44777 41119 40854 14800 22884 13348 60736 18235 50669 16196 54356 20636 32504 91957 20846 31401 69686 44861 27673 47528 47737 33928 18849 43884 29335 84235 44763 19379 8098 61825 51661 93199 81191 68206 73289 41538 29391

11687 10319 16111 18256 9625 14832 20714 15620 8793 7559 11041 12598 13719 17960 12502 7885 9913 13320 12732 13667 11825 14853 11550 19329 10071 15090 13193 12158 13052 23103 16310 14031 15654 19439 11261 9301 18490 14901 14420 18590 10725 11440 5775 15097 13994 15320 12357 14935 17905 9951

19812 14312 16981 25818 30875 14743 32575 23312 35262 22118 16250 16268 19856 20756 9331 20750 16000 19556 21825 17087 24012 9543 14550 20656 13087 17100 32087 14856 12481 27518 13718 14262 12525 28893 11225 16375 27181 21506 46393 24875 13050 19475 30675 7275 38943 47856 42043 22706 25093 12993

107792 115691 168663 190737 120397 157010 210766 169251 113618 103562 131938 144628 153760 185526 134768 109304 122750 150511 145721 113954 138325 149278 136084 193650 124879 163256 89976 141042 142499 224408 164573 150483 160511 200373 123367 117764 192641 163396 108212 193454 129361 135188 93057 139110 68042 115551 117288 104178 187935 125748

50320 46673 57109 60151 29943 53921 66703 53124 27725 37172 40919 45381 48057 62039 52583 39050 40589 46994 38262 53765 35074 58814 42605 65905 40553 53307 45922 46572 49175 75966 59473 49220 61003 63303 49184 38958 60774 51227 25572 61352 42752 37291 34927 59519 38748 21302 24143 50567 59235 45803

13547 12443 15576 16502 7348 14610 18481 14368 6676 9565 10672 12024 12834 17069 14205 10134 10572 12512 9867 15145 8902 16103 11183 18240 10561 14424 14940 12384 13172 21287 16292 13186 16755 17451 13197 10078 16686 13794 8777 16860 11227 9573 9046 16305 12767 8172 5591 17640 16219 12151

1568 1572 2542 3371 2975 2287 3928 3020 3140 2117 2205 2361 2682 2911 1756 1983 2142 2611 2713 1300 2927 2073 2174 3115 1857 2517 2006 2297 2064 3788 2435 2239 2318 3664 1740 2179 3495 2856 3556 3292 2072 2483 2603 1850 2678 3717 4040 1087 3300 1792

101089 81178 34056 14036 101528 37057 34221 24448 114155 85625 31329 21905 20807 29883 69009 86632 50983 27212 57059 102699 66392 74352 23899 44780 51935 25656 147937 26114 42986 64873 50343 31915 56510 23076 66429 57791 18025 17622 155129 16909 36673 53106 114118 82825 155275 148907 131888 119151 11949 63080

7969 4856 7095 9693 10916 5941 11999 7886 12864 7029 4190 4847 6351 8766 4903 6421 3907 6030 6493 8552 7464 6801 4001 9570 2614 6560 14979 4498 4503 12617 7978 5294 7448 10753 3124 4073 9987 7090 17673 9684 3335 5450 10694 6998 17196 18323 15742 11047 9376 2000

0 1 17299
0 2 55871
0 3 14443
0 4 64097
0 5 62153
0 6 59321
0 7 45526
0 8 19720
0 9 25746
0 10 30736
0 11 42963
0 12 60504
0 13 57884
0 14 59392
0 15 43230
0 16 52934
0 17 53112
0 18 51855
0 19 37744
0 20 25508
0 21 33620
0 22 21580
0 23 25047
0 24 57677
0 25 43222
0 26 14001
0 27 44201
0 28 48935
0 29 17466
0 30 52695
0 31 17893
0 32 67578
0 33 40787
0 34 61265
0 35 38091
0 36 41133
0 37 34307
0 38 13561
0 39 50366
0 40 32851
0 41 46003
0 42 66126
0 43 67709
0 44 31346
0 45 26094
0 46 68575
0 47 16022
0 48 37697
0 49 34644
1 2 21693
1 3 48440
1 4 67150
1 5 11892
1 6 28453
1 7 14654
1 8 42198
1 9 30860
1 10 49918
1 11 49739
1 12 22800
1 13 15305
1 14 66172
1 15 30234
1 16 34489
1 17 29185
1 18 60317
1 19 41713
1 20 46725
1 21 47234
1 22 62215
1 23 35539
1 24 45250
1 25 39091
1 26 27673
1 27 39136
1 28 27367
1 29 28201
1 30 68472
1 31 60113
1 32 46017
1 33 21849
1 34 53276
1 35 36505
1 36 63520
1 37 37883
1 38 31980
1 39 56501
1 40 26174
1 41 35102
1 42 47126
1 43 27024
1 44 15031
1 45 30737
1 46 36365
1 47 12818
1 48 42853
1 49 15069
2 3 44581
2 4 58834
2 5 21667
2 6 23837
2 7 56492
2 8 17230
2 9 38635
2 10 59217
2 11 49275
2 12 22959
2 13 27819
2 14 10514
2 15 67250
2 16 32920
2 17 40703
2 18 45288
2 19 45916
2 20 19738
2 21 27192
2 22 67583
2 23 46618
2 24 29054
2 25 59849
2 26 57366
2 27 37216
2 28 59783
2 29 56725
2 30 15573
2 31 16334
2 32 13135
2 33 66482
2 34 28674
2 35 12546
2 36 66334
2 37 38340
2 38 22478
2 39 45082
2 40 56563
2 41 62507
2 42 40408
2 43 56959
2 44 51112
2 45 33193
2 46 16717
2 47 25178
2 48 52916
2 49 58276
3 4 30411
3 5 40004
3 6 69617
3 7 57015
3 8 49655
3 9 66332
3 10 57030
3 11 22852
3 12 54916
3 13 60334
3 14 56201
3 15 59065
3 16 29406
3 17 12770
3 18 38607
3 19 50265
3 20 64574
3 21 28469
3 22 31318
3 23 52639
3 24 37582
3 25 13543
3 26 14164
3 27 54755
3 28 62560
3 29 37812
3 30 34968
3 31 41679
3 32 67472
3 33 33048
3 34 11848
3 35 37802
3 36 36287
3 37 36966
3 38 38108
3 39 11282
3 40 34929
3 41 69359
3 42 67574
3 43 64525
3 44 65555
3 45 51599
3 46 49214
3 47 51249
3 48 10431
3 49 61822
4 5 30315
4 6 21406
4 7 28600
4 8 56912
4 9 10682
4 10 65102
4 11 39373
4 12 64705
4 13 61279
4 14 39785
4 15 57920
4 16 53709
4 17 47366
4 18 26525
4 19 51960
4 20 62781
4 21 14323
4 22 11582
4 23 65264
4 24 55983
4 25 23042
4 26 31558
4 27 58251
4 28 55714
4 29 28197
4 30 12717
4 31 25939
4 32 55956
4 33 34089
4 34 17454
4 35 33532
4 36 54677
4 37 50776
4 38 13483
4 39 57458
4 40 18339
4 41 53256
4 42 29267
4 43 68864
4 44 57391
4 45 43184
4 46 45883
4 47 22887
4 48 28780
4 49 47024
5 6 29378
5 7 49175
5 8 14763
5 9 13019
5 10 42343
5 11 20417
5 12 37330
5 13 33283
5 14 47885
5 15 37931
5 16 38265
5 17 61737
5 18 12943
5 19 48691
5 20 27953
5 21 47014
5 22 62623
5 23 64091
5 24 22492
5 25 28337
5 26 10292
5 27 48222
5 28 45131
5 29 36923
5 30 46357
5 31 48293
5 32 55026
5 33 55122
5 34 57359
5 35 32396
5 36 25880
5 37 41700
5 38 25600
5 39 52242
5 40 45606
5 41 11985
5 42 52037
5 43 26224
5 44 28065
5 45 40185
5 46 60706
5 47 45397
5 48 37565
5 49 10053
6 7 67037
6 8 42941
6 9 68213
6 10 67773
6 11 16785
6 12 40962
6 13 39650
6 14 64642
6 15 59507
6 16 38856
6 17 53071
6 18 24699
6 19 30224
6 20 32214
6 21 33321
6 22 49066
6 23 67421
6 24 19628
6 25 63001
6 26 68504
6 27 46473
6 28 28530
6 29 12414
6 30 27811
6 31 23096
6 32 45845
6 33 68413
6 34 16296
6 35 26994
6 36 29131
6 37 37130
6 38 23377
6 39 32909
6 40 42890
6 41 53112
6 42 38401
6 43 10860
6 44 35709
6 45 22808
6 46 17899
6 47 29244
6 48 32071
6 49 56994
7 8 58999
7 9 43230
7 10 67007
7 11 65384
7 12 47616
7 13 19742
7 14 56908
7 15 28252
7 16 58792
7 17 24945
7 18 45091
7 19 57078
7 20 40010
7 21 13087
7 22 10332
7 23 43153
7 24 16773
7 25 20166
7 26 29448
7 27 24165
7 28 46548
7 29 53922
7 30 39466
7 31 37822
7 32 67639
7 33 31815
7 34 56873
7 35 62072
7 36 25217
7 37 31668
7 38 67945
7 39 27585
7 40 23910
7 41 18499
7 42 56005
7 43 53127
7 44 69276
7 45 45067
7 46 51928
7 47 69704
7 48 55657
7 49 58649
8 9 16765
8 10 12117
8 11 58585
8 12 60236
8 13 17663
8 14 37602
8 15 58276
8 16 17636
8 17 21470
8 18 19539
8 19 40516
8 20 62192
8 21 57496
8 22 38363
8 23 36119
8 24 64739
8 25 56790
8 26 41219
8 27 43345
8 28 44610
8 29 15628
8 30 48934
8 31 61018
8 32 50890
8 33 60037
8 34 12290
8 35 21388
8 36 19350
8 37 69082
8 38 54741
8 39 53782
8 40 44438
8 41 22688
8 42 52300
8 43 13465
8 44 49746
8 45 65475
8 46 49350
8 47 27955
8 48 35333
8 49 57022
9 10 14899
9 11 68457
9 12 19998
9 13 14667
9 14 69092
9 15 20571
9 16 65374
9 17 25541
9 18 68348
9 19 64585
9 20 14452
9 21 19480
9 22 46553
9 23 50395
9 24 21780
9 25 52213
9 26 12179
9 27 17281
9 28 60913
9 29 53268
9 30 46750
9 31 69888
9 32 39802
9 33 56151
9 34 20788
9 35 52598
9 36 17148
9 37 45395
9 38 29513
9 39 44643
9 40 29560
9 41 34325
9 42 43878
9 43 56621
9 44 66259
9 45 61149
9 46 46433
9 47 27838
9 48 29171
9 49 20739
10 11 67430
10 12 67903
10 13 31767
10 14 10984
10 15 35442
10 16 35278
10 17 38836
10 18 65798
10 19 43914
10 20 37506
10 21 35014
10 22 25887
10 23 32397
10 24 54035
10 25 60419
10 26 57879
10 27 10815
10 28 38781
10 29 65433
10 30 50215
10 31 28097
10 32 64934
10 33 41449
10 34 36001
10 35 19504
10 36 21889
10 37 34867
10 38 58670
10 39 24206
10 40 15184
10 41 13832
10 42 38827
10 43 61549
10 44 13582
10 45 50078
10 46 30562
10 47 35642
10 48 67813
10 49 52581
11 12 25160
11 13 40026
11 14 49308
11 15 17530
11 16 28509
11 17 47035
11 18 49065
11 19 39460
11 20 31867
11 21 28205
11 22 54344
11 23 31950
11 24 19163
11 25 66755
11 26 31036
11 27 17143
11 28 17774
11 29 25950
11 30 54766
11 31 61412
11 32 67920
11 33 49672
11 34 55667
11 35 54878
11 36 52845
11 37 55687
11 38 47719
11 39 18449
11 40 41581
11 41 16563
11 42 30893
11 43 51518
11 44 13579
11 45 62101
11 46 67300
11 47 37972
11 48 21960
11 49 18558
12 13 39480
12 14 51513
12 15 19224
12 16 25867
12 17 21189
12 18 56530
12 19 52225
12 20 58093
12 21 29503
12 22 18137
12 23 13432
12 24 57779
12 25 66455
12 26 42305
12 27 46099
12 28 28747
12 29 57003
12 30 64257
12 31 50165
12 32 29524
12 33 57145
12 34 20477
12 35 21852
12 36 18840
12 37 14534
12 38 40790
12 39 39919
12 40 55050
12 41 57025
12 42 21141
12 43 44570
12 44 51408
12 45 16501
12 46 64154
12 47 68493
12 48 60724
12 49 42436
13 14 61360
13 15 22476
13 16 25644
13 17 63529
13 18 11328
13 19 27707
13 20 36174
13 21 50086
13 22 50561
13 23 29908
13 24 22583
13 25 20338
13 26 35779
13 27 43119
13 28 17174
13 29 64058
13 30 59844
13 31 45087
13 32 69897
13 33 14626
13 34 38417
13 35 57604
13 36 13418
13 37 18259
13 38 65052
13 39 52300
13 40 40929
13 41 37076
13 42 24173
13 43 59565
13 44 52102
13 45 66234
13 46 12861
13 47 60138
13 48 69937
13 49 50336
14 15 39802
14 16 69298
14 17 18335
14 18 39903
14 19 58429
14 20 57374
14 21 27545
14 22 38772
14 23 60997
14 24 39418
14 25 24664
14 26 51398
14 27 66973
14 28 66636
14 29 49005
14 30 47969
14 31 27616
14 32 64731
14 33 67528
14 34 52043
14 35 35893
14 36 28021
14 37 66572
14 38 61509
14 39 51482
14 40 43374
14 41 32931
14 42 60023
14 43 45365
14 44 15870
14 45 46335
14 46 45882
14 47 43810
14 48 18960
14 49 54304
15 16 40001
15 17 43125
15 18 63636
15 19 57519
15 20 39972
15 21 28776
15 22 11499
15 23 17174
15 24 24315
15 25 60886
15 26 43263
15 27 50377
15 28 43877
15 29 62463
15 30 68231
15 31 43841
15 32 56966
15 33 38958
15 34 59368
15 35 48452
15 36 55478
15 37 45390
15 38 61640
15 39 37555
15 40 47809
15 41 48845
15 42 32015
15 43 42921
15 44 56115
15 45 25082
15 46 48505
15 47 58930
15 48 18593
15 49 28777
16 17 44365
16 18 63654
16 19 53514
16 20 65876
16 21 34314
16 22 63813
16 23 28225
16 24 35899
16 25 50938
16 26 58836
16 27 34205
16 28 57751
16 29 39193
16 30 50885
16 31 40921
16 32 22101
16 33 19596
16 34 47833
16 35 57504
16 36 50968
16 37 43492
16 38 36645
16 39 30145
16 40 54661
16 41 61365
16 42 14488
16 43 23768
16 44 17337
16 45 38920
16 46 43453
16 47 34237
16 48 51479
16 49 14013
17 18 49648
17 19 15725
17 20 26040
17 21 41751
17 22 53639
17 23 57934
17 24 39331
17 25 60854
17 26 53926
17 27 12410
17 28 10289
17 29 25837
17 30 53875
17 31 42000
17 32 36613
17 33 67370
17 34 13883
17 35 13230
17 36 65016
17 37 61666
17 38 49581
17 39 66012
17 40 65252
17 41 65435
17 42 37841
17 43 16793
17 44 15527
17 45 48224
17 46 49057
17 47 61108
17 48 32590
17 49 34636
18 19 14277
18 20 69101
18 21 61904
18 22 60653
18 23 40368
18 24 63102
18 25 19884
18 26 27502
18 27 32735
18 28 52208
18 29 56925
18 30 27665
18 31 17009
18 32 30709
18 33 19956
18 34 42424
18 35 35916
18 36 59879
18 37 32293
18 38 35657
18 39 13550
18 40 40985
18 41 53649
18 42 37512
18 43 59134
18 44 20998
18 45 52856
18 46 24747
18 47 60141
18 48 42168
18 49 67154
19 20 60682
19 21 22471
19 22 63594
19 23 67447
19 24 50130
19 25 60715
19 26 37136
19 27 45955
19 28 63452
19 29 27072
19 30 47501
19 31 19466
19 32 12498
19 33 50409
19 34 22408
19 35 49259
19 36 23337
19 37 30004
19 38 12847
19 39 48886
19 40 17505
19 41 40444
19 42 26669
19 43 15641
19 44 54193
19 45 60924
19 46 68993
19 47 36647
19 48 22701
19 49 46158
20 21 30971
20 22 14551
20 23 29852
20 24 63943
20 25 41063
20 26 28380
20 27 48783
20 28 23209
20 29 17928
20 30 51926
20 31 27915
20 32 60167
20 33 19592
20 34 64752
20 35 10222
20 36 33754
20 37 69032
20 38 41853
20 39 15565
20 40 64287
20 41 68626
20 42 61549
20 43 24195
20 44 19213
20 45 46313
20 46 36948
20 47 33989
20 48 33842
20 49 56634
21 22 42226
21 23 12209
21 24 18050
21 25 10638
21 26 19181
21 27 28404
21 28 65536
21 29 62487
21 30 17143
21 31 14549
21 32 27862
21 33 53848
21 34 21443
21 35 48278
21 36 64123
21 37 52936
21 38 58122
21 39 45034
21 40 69090
21 41 58780
21 42 64580
21 43 58091
21 44 10567
21 45 59906
21 46 69964
21 47 10420
21 48 21670
21 49 48989
22 23 51162
22 24 57455
22 25 64884
22 26 60692
22 27 61888
22 28 61883
22 29 47751
22 30 45601
22 31 34200
22 32 21503
22 33 26974
22 34 18831
22 35 42217
22 36 57469
22 37 52575
22 38 66057
22 39 42781
22 40 58080
22 41 60255
22 42 33376
22 43 50850
22 44 19473
22 45 42275
22 46 13636
22 47 55118
22 48 67595
22 49 39254
23 24 41734
23 25 38381
23 26 68063
23 27 68365
23 28 21047
23 29 60336
23 30 45165
23 31 24251
23 32 32734
23 33 60153
23 34 60055
23 35 63633
23 36 28903
23 37 31535
23 38 63547
23 39 69277
23 40 14965
23 41 67189
23 42 24968
23 43 19852
23 44 13053
23 45 47846
23 46 27131
23 47 23112
23 48 33550
23 49 58424
24 25 12045
24 26 30001
24 27 19864
24 28 23799
24 29 18678
24 30 51396
24 31 27088
24 32 39375
24 33 56844
24 34 20775
24 35 25767
24 36 14468
24 37 27070
24 38 59115
24 39 43549
24 40 40578
24 41 18652
24 42 42894
24 43 18467
24 44 44631
24 45 46123
24 46 53492
24 47 17317
24 48 47971
24 49 38446
25 26 30410
25 27 47367
25 28 63463
25 29 41514
25 30 21409
25 31 19173
25 32 63361
25 33 42566
25 34 22693
25 35 35654
25 36 20883
25 37 26056
25 38 17692
25 39 17243
25 40 63886
25 41 44409
25 42 42607
25 43 25527
25 44 28917
25 45 31353
25 46 14809
25 47 22314
25 48 34704
25 49 34426
26 27 12266
26 28 11074
26 29 14561
26 30 53878
26 31 26855
26 32 44268
26 33 49515
26 34 11390
26 35 19509
26 36 24546
26 37 26662
26 38 45105
26 39 16426
26 40 29642
26 41 18651
26 42 31233
26 43 56853
26 44 46772
26 45 62142
26 46 50020
26 47 34475
26 48 66091
26 49 45670
27 28 62466
27 29 60750
27 30 23606
27 31 29263
27 32 38884
27 33 22482
27 34 19525
27 35 18946
27 36 31107
27 37 15769
27 38 57214
27 39 41233
27 40 16909
27 41 27874
27 42 22404
27 43 10481
27 44 48724
27 45 34586
27 46 44995
27 47 63745
27 48 68595
27 49 62405
28 29 50064
28 30 61582
28 31 43503
28 32 45403
28 33 65263
28 34 10655
28 35 48698
28 36 51524
28 37 58426
28 38 18676
28 39 55940
28 40 18536
28 41 16167
28 42 34815
28 43 31212
28 44 59235
28 45 64925
28 46 12449
28 47 24522
28 48 11850
28 49 67193
29 30 34662
29 31 67387
29 32 49697
29 33 10896
29 34 12020
29 35 20691
29 36 54124
29 37 59190
29 38 67974
29 39 48865
29 40 58032
29 41 50731
29 42 24922
29 43 51037
29 44 27743
29 45 41982
29 46 36826
29 47 34943
29 48 37887
29 49 53953
30 31 35380
30 32 26817
30 33 57856
30 34 17500
30 35 39114
30 36 55743
30 37 19211
30 38 30331
30 39 68080
30 40 63610
30 41 62304
30 42 44580
30 43 41314
30 44 24710
30 45 48067
30 46 15461
30 47 39661
30 48 35656
30 49 50990
31 32 49699
31 33 42226
31 34 13603
31 35 38269
31 36 51923
31 37 48007
31 38 64877
31 39 11126
31 40 12146
31 41 15334
31 42 17994
31 43 25520
31 44 33201
31 45 22086
31 46 25402
31 47 44717
31 48 49532
31 49 66896
32 33 58381
32 34 29774
32 35 14219
32 36 52190
32 37 14445
32 38 38555
32 39 38461
32 40 69799
32 41 39994
32 42 36263
32 43 23205
32 44 64756
32 45 17777
32 46 10061
32 47 22769
32 48 53149
32 49 68475
33 34 54159
33 35 47056
33 36 48143
33 37 32370
33 38 34444
33 39 39643
33 40 26343
33 41 62268
33 42 62833
33 43 43659
33 44 20433
33 45 63416
33 46 51450
33 47 53804
33 48 53688
33 49 13874
34 35 67678
34 36 40548
34 37 45136
34 38 41576
34 39 42807
34 40 46528
34 41 10857
34 42 54461
34 43 20622
34 44 63985
34 45 22261
34 46 54254
34 47 63586
34 48 41014
34 49 56690
35 36 51473
35 37 38522
35 38 42894
35 39 63997
35 40 49591
35 41 15689
35 42 38658
35 43 31268
35 44 22942
35 45 41240
35 46 15649
35 47 64328
35 48 23564
35 49 64315
36 37 47893
36 38 42170
36 39 48078
36 40 30444
36 41 14351
36 42 38146
36 43 27597
36 44 10061
36 45 63086
36 46 69375
36 47 15923
36 48 59307
36 49 36820
37 38 24181
37 39 54254
37 40 47666
37 41 35853
37 42 64217
37 43 56881
37 44 37607
37 45 39103
37 46 45174
37 47 15941
37 48 55661
37 49 55621
38 39 51408
38 40 38356
38 41 25821
38 42 60703
38 43 34617
38 44 24850
38 45 19808
38 46 58472
38 47 67339
38 48 28687
38 49 12937
39 40 67052
39 41 57196
39 42 12402
39 43 24725
39 44 64245
39 45 25920
39 46 49552
39 47 16834
39 48 48096
39 49 27916
40 41 20086
40 42 56354
40 43 41750
40 44 56615
40 45 31345
40 46 60932
40 47 14015
40 48 44095
40 49 33689
41 42 40793
41 43 67657
41 44 39592
41 45 64807
41 46 30169
41 47 17877
41 48 24905
41 49 52162
42 43 39226
42 44 31306
42 45 63405
42 46 51746
42 47 47400
42 48 45170
42 49 14884
43 44 23019
43 45 39499
43 46 68743
43 47 10590
43 48 21870
43 49 25509
44 45 45196
44 46 24063
44 47 18026
44 48 30326
44 49 69132
45 46 58335
45 47 44422
45 48 49344
45 49 36287
46 47 31156
46 48 66258
46 49 36335
47 48 36099
47 49 11255
48 49 34036
