50 50 858
25000 25000 25000 25000 25000 25000 25000 25000 25000 25000 25000 25000 25000 25000 25000 25000 25000 25000 25000 25000 25000 25000 0 25000 25000 25000 25000 25000 25000 25000 25000 25000 25000 25000 25000 25000 25000 25000 25000 25000 25000 25000 25000 25000 25000 25000 25000 25000 25000 25000
2609 3292 6739 8933 6803 5984 10355 7650 8084 4246 5219 5776 6641 7816 4374 3847 5033 6429 6719 3660 7358 5396 5219 8345 4182 6387 7391 5542 5038 10349 6400 5558 6051 9568 3792 4898 9064 7159 11178 8697 4781 6033 6661 5299 8845 11656 9977 5301 8663 3947

2368 1148 3204 4509 4028 2752 5457 3845 4791 2504 2396 2628 3220 3859 1838 2266 2285 3117 3299 2596 3680 2582 2296 4205 1779 2994 5115 2491 2189 5399 3046 2499 2838 4940 1446 2351 4642 3507 6634 4369 2035 2890 3943 2607 5984 6919 5919 3574 4385 1538

38119 28711 4914 17161 44553 7030 26409 19622 50450 35490 13876 9147 14977 9987 21848 35330 20546 15111 25670 37312 29954 23679 9828 13734 19303 6568 57472 8895 11180 22957 12390 7341 15489 21294 21806 22713 18992 16657 67393 15523 12297 23856 48568 27686 66066 66973 59161 44864 16203 22621

94158 75406 32372 11548 94124 35112 29982 21024 105322 79267 29681 21275 20071 28595 64292 80186 47630 25921 53179 95094 61702 69206 23096 42165 48700 24701 135170 25118 40527 60515 47246 30416 52911 19804 61669 53847 15191 17163 141838 16712 34762 49569 105288 76944 142841 137025 121516 110118 12183 58878

1432 1277 1715 1883 566 1580 2152 1577 838 876 1061 1250 1363 1923 1524 955 1016 1318 949 1655 814 1789 1133 2087 1015 1583 2005 1269 1379 2512 1815 1381 1823 2008 1383 947 1901 1497 1685 1925 1108 908 1169 1798 2040 1600 1240 2003 1836 1237

29389 21549 6421 15994 35203 3514 23701 16197 40108 27663 10383 7483 12332 10627 15840 27251 15232 12444 20193 28704 23757 17769 7029 12654 13919 6260 45474 6253 6966 20326 9090 4947 10956 19446 15805 17035 17517 13730 54202 15093 8371 18684 38375 21102 52622 53852 47354 34986 15197 16483

181956 151443 81972 45118 179349 86890 28499 43134 199791 153664 65767 58805 48555 75277 138615 155294 97584 53176 107361 187467 122469 147325 56998 99391 102384 68433 259515 65619 96429 131920 108338 78565 118381 37594 126439 108605 40319 50569 262507 54213 78328 100962 199791 160389 266358 256048 228497 214099 46244 120958

70158 56137 33391 20160 68960 32030 26544 6370 78353 57158 16770 13571 8861 34044 51550 57907 31390 10985 35882 72690 42824 57376 12741 45125 33595 25346 105796 16702 32220 60071 42892 24339 46527 21820 44649 36454 21085 12128 107171 24366 22542 32942 78353 60248 108940 104203 91544 84928 20704 42130

1719 1555 2020 2186 797 1877 2480 1869 697 1127 1324 1525 1646 2242 1817 1211 1359 1593 1205 1956 1061 2099 1395 2416 1275 1880 1940 1538 1663 2869 2127 1665 2135 2327 1668 1203 2218 1789 1599 2239 1374 1156 1050 2109 1977 1509 1125 2149 2144 1511

1038 879 1459 1709 1024 1320 1995 1402 1305 464 869 1050 1181 1674 1133 546 738 1134 1066 1268 1206 1406 928 1875 768 1323 1950 999 1145 2314 1562 1115 1500 1846 988 667 1736 1318 1983 1748 832 916 1087 1416 1986 2088 1720 1628 1668 837

282030 211282 141015 156813 275986 123980 205925 104130 324205 216434 12638 46089 66146 165880 198300 220212 86408 58178 109075 294806 144106 241573 25277 212999 97536 105504 461992 48149 106122 288418 178793 81738 185456 180442 162789 111960 161484 89774 468792 165811 55499 94239 323380 245901 477721 453818 389938 356556 149807 140603

50691 38013 17684 20961 51754 16554 32069 15322 59686 41572 8429 1231 9073 20938 32781 41335 20566 9254 24295 52228 30058 37595 2463 29549 19775 11074 79235 3830 16712 41956 25571 10170 28589 26227 28724 24385 23131 11333 83247 20927 10350 21854 59166 41335 84557 81009 70500 62387 19673 26656

87703 68425 38207 29484 86090 36375 42477 15319 98955 70203 15832 11526 5185 43485 62653 71210 35513 11563 41561 91111 50906 70496 10371 57448 38482 27377 135275 15741 36631 77569 50998 26021 55891 35788 53362 42330 30731 11599 137529 32581 23565 37602 98735 74362 139911 133534 116492 107586 27615 49972

8994 7014 1953 3076 10270 2400 5044 4089 11525 8342 3428 2289 3530 1217 5553 8308 5162 3558 5938 8844 6878 5947 2434 2672 4897 1741 13134 2275 3283 4634 3544 2352 4204 3955 5544 5623 3465 3423 15131 2520 3406 5551 11125 6799 14963 15041 13379 10451 2868 5718

22109 13806 17181 27575 34163 13983 36054 25399 39559 23393 16297 15828 21148 21809 7310 21709 15513 20779 22678 21463 25368 12569 14621 24038 11931 16866 39913 14091 11169 32479 15843 13360 14375 31372 9640 15974 29250 22701 52897 26598 12776 19787 33563 13114 48346 54681 47531 28374 26698 11815

16807 14001 25640 30561 19556 22905 35602 25154 24505 9679 15763 18421 21255 29433 18478 8135 13451 20437 19232 20868 21699 23300 16271 32126 12619 23236 35094 17533 19253 39867 26303 19556 24957 32986 15933 12196 31041 23680 36455 30709 14579 16581 19881 23476 36497 38302 31816 27205 29842 13261

10299 7390 7031 8472 10011 6048 10492 6305 12559 6963 2542 3918 4743 8551 6856 7119 1531 4415 4164 10825 5152 8788 3062 9992 2712 6068 17458 3782 5031 13093 7754 4593 8294 9443 5401 2666 8664 5714 17692 8842 2599 3101 11362 8989 17709 17551 14924 13365 8184 4483

175305 136474 78453 73100 171987 74683 92515 36644 198000 139301 27445 23562 23034 89311 126332 141375 67935 11423 80376 182317 99603 144881 22846 118038 74042 56173 274079 32233 75211 159433 104768 53383 114834 79433 107218 81959 75663 36305 280374 79396 45918 72233 198000 150423 282712 269592 234531 216209 69254 97680

14104 10872 9452 10186 10309 8668 12441 7754 12529 10040 3542 5082 6005 10597 10274 10214 4313 5638 2061 14718 4237 12438 4123 12767 5635 7817 21789 5177 8073 16239 11122 6723 11726 11267 8646 5230 10401 7099 19186 10594 5350 2795 14964 12662 22071 18497 15556 17561 9863 7618

4719 4738 8597 11897 10320 7583 14113 10500 12031 6905 7254 7875 9152 10064 5467 6371 7005 8870 9277 3656 10130 6729 7312 10878 5869 8497 9506 7622 6695 13554 8172 7390 7707 13238 5406 7151 12428 9845 15675 11583 6547 8360 10130 5845 12180 16314 14559 5847 11614 5613

2204 1718 1581 1691 1302 1463 2030 1326 1635 1593 693 924 1063 1760 1628 1619 733 1008 555 2296 390 1953 780 2079 931 1335 3066 939 1298 2600 1756 1171 1846 1853 1384 871 1722 1227 2673 1752 889 505 2041 1987 3108 2532 2090 2723 1643 1229

33087 23443 23170 37575 50155 19559 48702 36072 57236 36022 26166 23493 30494 29263 14919 33813 25682 30655 35084 31815 38614 11166 22333 29102 20982 23524 56025 21214 17380 40178 17905 20255 15978 42538 17975 26288 39775 32512 74738 35911 21002 31291 49368 15978 67091 77038 67697 40884 36405 20830

29547 21819 12087 14277 30208 10393 19877 9670 34960 23989 3801 2252 5847 14071 19650 23844 11199 6260 13471 30993 16984 22873 0 19319 10703 8017 46945 2293 10145 26881 15889 6157 17728 16757 16158 13513 14856 7665 50147 14257 4959 11984 34713 24051 50189 48040 41634 36675 13492 14897

19258 15154 4883 8660 22473 5240 12851 10822 25140 18677 8930 6798 9435 4715 11943 18148 11947 9496 14265 19106 16203 11616 7106 3553 10898 5631 28226 6684 7117 7725 6509 5973 7911 10537 11924 12593 9496 9405 33421 7486 7881 13444 24198 13429 31946 32615 29081 22522 8227 12293

32600 22120 24063 31410 36263 20115 39682 24603 43406 26098 11050 13644 18976 29538 20197 24684 10012 17796 19495 34493 23056 27157 10541 33424 5270 20594 59259 12362 14845 44597 26668 15282 26495 35297 14936 10622 32488 21866 64743 31379 8099 15669 41636 27879 64804 63420 53958 43640 30250 11650

19133 14415 4124 7502 21736 4258 12148 8180 24693 17191 5611 2952 5851 5337 11613 17111 9697 5918 11525 19369 13673 12852 3268 8547 9073 1634 29479 2801 5623 13172 7620 3075 8745 9583 10952 10784 8420 6693 33190 6967 5560 10615 23935 14794 33148 32667 28750 23156 7022 11361

175156 190444 281463 355282 238383 258749 406770 325852 225170 205569 253234 264755 294457 314332 211356 210756 242970 289434 287742 170788 273327 239639 248102 332568 222222 279224 124051 257875 238875 392519 271962 254436 261534 380835 205405 233251 365874 308872 262243 348348 234998 267212 177231 219819 183947 276549 279934 151733 352989 210046

31417 23339 11056 15023 33379 9282 22113 11424 38298 25597 5582 2430 7436 13292 19279 25460 12766 7551 15708 32571 19387 22351 1601 18629 11698 6794 49650 800 9022 26549 15038 4846 16963 18384 18146 14626 16408 8878 52990 15002 5683 14150 36827 24738 53033 52629 45921 39055 14201 16091

22292 15532 8585 15815 27305 6079 22449 14122 31534 21286 7458 6609 10790 12212 11525 20448 11037 10887 16351 22629 18460 14092 5916 13959 8953 7422 37089 5247 2958 20575 9380 4675 9917 18779 10579 12122 17129 11995 44699 15038 5121 14086 30040 16086 42325 43386 37782 28046 15128 11164

35887 29205 12480 18630 41122 13061 25455 22151 45465 34940 19069 15598 19892 12207 23976 34080 23982 19991 27757 35640 30912 23444 16099 10314 22275 13699 50490 15413 16118 8049 15128 14256 17411 21687 23945 25034 19991 19843 58502 16718 17362 26420 43931 26395 56547 57636 51882 41202 17925 24545

12035 8916 3727 7937 15528 2988 11116 8229 17556 12413 5826 4628 6632 5471 6476 11884 7270 6678 9817 11792 10828 6101 4440 5425 6843 4123 18722 4120 3693 8596 2220 3580 3285 9358 7288 8021 8567 7210 23593 7374 4435 8731 16331 7478 21757 23235 20550 14388 7608 8162

16816 12300 4673 8907 19038 3674 13346 7880 21863 14695 4330 2861 5655 6838 9623 14610 7526 5719 9982 17041 12034 11338 2398 8891 6931 3300 26701 1952 3900 13310 6886 1199 7961 10895 8991 8573 9784 6460 29982 8388 3574 9112 21992 12670 30199 29780 26037 20660 8448 9382

33291 24043 13451 25678 45466 10386 35106 25927 51477 34720 17347 15249 21192 18623 16808 32845 22433 21329 29985 32571 32982 15695 14693 18486 19385 13751 53121 13742 10951 27888 8982 12141 7346 30148 19402 23889 27802 22904 67566 24266 14025 26766 46032 19779 62514 69570 61607 40269 24685 21808

946126 772783 372672 171891 941607 399465 229188 203364 1052973 801673 322800 261306 229995 336196 681269 810550 496143 258078 549405 987768 631719 728398 261790 467575 512606 298912 1361570 298428 451435 644793 516318 354111 575875 130895 640112 556184 145421 201588 1394657 221440 377998 514543 1052973 803126 1415639 1359472 1209370 1121245 178024 610899

11074 6516 9745 14620 17265 8055 18070 12049 20125 11582 7198 7592 9802 12191 5780 10692 6792 9607 10578 11927 12000 8559 6353 13369 4891 8961 21336 7495 5951 17830 10200 7109 9514 16229 3176 7028 15116 10875 27174 14096 5378 9051 16956 8848 24582 28075 24330 15579 14222 4326

15829 11730 12055 14909 14887 10463 18181 11400 18098 9950 5307 7379 8870 14516 10865 10202 3806 8340 7557 17293 9159 13994 5984 16447 4154 10495 26946 6793 8459 21470 13235 8116 13697 16483 8500 2992 15221 10444 27326 15353 4886 5837 17073 14319 27353 27097 22842 21406 14443 7022

260549 211357 97602 40426 259264 105128 73603 59561 291477 219479 83331 65940 56946 87232 185247 222003 132614 73007 147849 269818 171160 198738 65986 124584 137295 76540 378755 76494 119995 174969 138442 92233 155375 45566 173638 149685 32993 48961 388070 54606 99025 137846 290926 219984 394035 378067 335391 310337 42170 165240

137814 108160 60774 37261 137095 58008 63568 27330 156514 113056 30982 20497 15076 61549 97731 114578 60691 24757 69875 142959 83983 109515 20525 84066 63513 44425 209073 26860 58395 114439 80082 42378 87468 46721 85421 70981 39142 10262 214743 41936 40442 63900 156127 117123 218284 208713 182987 167828 34439 80359

45190 41683 54470 59493 29821 51403 65177 52117 27688 32544 40378 44494 47243 59211 47631 34351 38581 46820 37823 48504 35461 53659 42775 64357 39250 51465 40960 44335 48318 73399 57395 46882 55712 61907 44450 37012 59475 50292 21387 60630 40660 36889 30385 54285 34060 23696 24243 45428 59070 41092

22574 17974 7146 4104 23542 8089 8618 6428 26371 19848 7822 5211 5621 5744 15256 19762 12226 7047 13579 22804 15670 16305 5658 9081 11939 5543 32644 6154 9417 13583 10795 6937 12308 6121 14604 13612 4997 4907 35329 2829 8519 12693 26231 18261 35444 34157 30344 26490 3636 14436

80057 56481 38011 53182 85773 30699 70728 39587 100523 63100 15801 16494 27925 49316 49862 62659 25677 26917 44210 82915 51564 61965 10086 58183 22567 30846 133135 13847 23134 81255 43390 19877 47404 61209 39209 31140 55409 33472 142906 53119 5043 36309 95817 63289 143032 141855 122313 103360 50787 35364

58028 43758 39723 42962 45043 36260 52917 32225 54677 40086 13627 20427 24504 44777 41119 40854 14800 22884 13348 60736 18235 50669 16196 54356 20636 32504 91957 20846 31401 69686 44861 27673 47528 47737 33928 18849 43884 29335 84235 44763 19379 8098 61825 51661 93199 81191 68206 73289 41538 29391

11687 10319 16111 18256 9625 14832 20714 15620 8793 7559 11041 12598 13719 17960 12502 7885 9913 13320 12732 13667 11825 14853 11550 19329 10071 15090 13193 12158 13052 23103 16310 14031 15654 19439 11261 9301 18490 14901 14420 18590 10725 11440 5775 15097 13994 15320 12357 14935 17905 9951

19812 14312 16981 25818 30875 14743 32575 23312 35262 22118 16250 16268 19856 20756 9331 20750 16000 19556 21825 17087 24012 9543 14550 20656 13087 17100 32087 14856 12481 27518 13718 14262 12525 28893 11225 16375 27181 21506 46393 24875 13050 19475 30675 7275 38943 47856 42043 22706 25093 12993

107792 115691 168663 190737 120397 157010 210766 169251 113618 103562 131938 144628 153760 185526 134768 109304 122750 150511 145721 113954 138325 149278 136084 193650 124879 163256 89976 141042 142499 224408 164573 150483 160511 200373 123367 117764 192641 163396 108212 193454 129361 135188 93057 139110 68042 115551 117288 104178 187935 125748

50320 46673 57109 60151 29943 53921 66703 53124 27725 37172 40919 45381 48057 62039 52583 39050 40589 46994 38262 53765 35074 58814 42605 65905 40553 53307 45922 46572 49175 75966 59473 49220 61003 63303 49184 38958 60774 51227 25572 61352 42752 37291 34927 59519 38748 21302 24143 50567 59235 45803

13547 12443 15576 16502 7348 14610 18481 14368 6676 9565 10672 12024 12834 17069 14205 10134 10572 12512 9867 15145 8902 16103 11183 18240 10561 14424 14940 12384 13172 21287 16292 13186 16755 17451 13197 10078 16686 13794 8777 16860 11227 9573 9046 16305 12767 8172 5591 17640 16219 12151

1568 1572 2542 3371 2975 2287 3928 3020 3140 2117 2205 2361 2682 2911 1756 1983 2142 2611 2713 1300 2927 2073 2174 3115 1857 2517 2006 2297 2064 3788 2435 2239 2318 3664 1740 2179 3495 2856 3556 3292 2072 2483 2603 1850 2678 3717 4040 1087 3300 1792

101089 81178 34056 14036 101528 37057 34221 24448 114155 85625 31329 21905 20807 29883 69009 86632 50983 27212 57059 102699 66392 74352 23899 44780 51935 25656 147937 26114 42986 64873 50343 31915 56510 23076 66429 57791 18025 17622 155129 16909 36673 53106 114118 82825 155275 148907 131888 119151 11949 63080

7969 4856 7095 9693 10916 5941 11999 7886 12864 7029 4190 4847 6351 8766 4903 6421 3907 6030 6493 8552 7464 6801 4001 9570 2614 6560 14979 4498 4503 12617 7978 5294 7448 10753 3124 4073 9987 7090 17673 9684 3335 5450 10694 6998 17196 18323 15742 11047 9376 2000

26 29 18792
2 14 15725
3 11 31456
7 43 58892
28 44 20400
8 20 46903
27 40 50515
22 34 30476
9 36 59649
35 46 25894
45 48 18377
15 42 29780
21 30 39439
23 45 13087
25 38 32268
9 31 55286
8 9 27927
38 48 11966
19 37 20671
12 32 58121
22 41 33425
34 47 44867
26 48 29450
29 44 13082
14 37 24787
0 32 45295
9 12 43143
20 28 58198
5 41 63796
13 40 26457
33 49 42536
21 43 12588
24 39 32182
16 27 63992
31 47 13622
6 39 42582
28 32 40895
2 44 54137
25 45 15201
32 43 42686
0 4 10031
30 38 23578
36 45 14609
14 35 51613
27 30 38808
16 36 49020
25 42 49041
17 36 56735
3 45 50986
34 39 59712
36 48 56999
1 33 14411
16 29 34578
9 32 16448
24 35 29636
26 28 61508
32 35 63886
12 22 62779
1 15 61849
3 30 57682
4 35 31378
35 42 34384
2 39 12412
20 36 65704
16 30 40519
16 42 16034
16 41 50428
8 47 23556
2 15 12313
15 23 55629
21 49 68385
12 40 24487
0 28 69208
1 9 12993
27 49 18242
36 41 50158
13 15 64156
35 47 57283
7 17 49036
26 43 57285
11 49 59137
11 48 48177
28 35 13838
2 5 35858
37 48 66768
2 18 33474
13 24 27365
21 36 60654
39 40 38396
0 20 19213
36 42 60478
0 21 59774
34 35 55741
15 27 62890
11 38 55477
14 27 26259
13 45 21066
11 42 35905
5 18 39815
25 27 35522
10 40 21533
20 34 38199
32 39 50010
14 26 32883
3 48 53336
10 19 58252
5 8 25184
0 26 59634
10 31 57678
20 38 64220
21 42 46918
4 20 46814
23 35 54539
15 20 50756
16 25 24814
1 39 51306
20 39 14230
8 29 42180
2 40 54102
43 48 54769
24 25 63536
8 41 44579
14 17 44542
14 30 49276
2 9 49611
8 13 30019
6 23 17677
7 32 12819
10 27 68067
19 33 47492
10 33 38342
20 31 19599
7 8 27834
42 49 18351
16 48 54626
35 36 23312
6 28 18745
26 36 69810
4 14 12945
20 30 66423
15 35 16171
22 38 62007
19 32 55380
14 42 60710
16 21 54905
10 48 10193
21 34 42015
41 47 59135
9 47 54516
18 22 26117
14 48 56046
4 29 60195
6 33 12838
26 47 30588
18 47 39470
11 30 52450
34 42 62750
3 12 47148
34 40 55269
2 25 60816
4 24 36782
11 24 35753
0 35 22557
17 37 66759
1 11 44104
44 45 67183
21 25 20070
33 43 64993
18 36 19134
5 36 35159
24 48 61415
14 16 25305
9 19 27165
18 29 58937
22 32 28157
30 41 12069
4 15 11273
25 26 60173
17 41 13347
16 40 67932
7 22 28432
39 44 59393
13 41 58126
3 10 43413
25 29 32123
1 10 27596
30 40 38005
17 32 24872
38 47 16886
5 44 35417
2 37 15687
6 35 43668
2 32 61170
11 27 28245
5 38 52570
7 25 47417
27 34 37570
18 48 62640
5 34 42409
10 43 46705
15 17 39941
12 48 45966
0 48 62010
33 46 69249
27 29 34903
12 41 20167
31 48 11318
9 11 48319
37 38 22482
31 33 26808
9 18 46250
4 38 53057
11 44 28343
40 43 46519
11 29 26469
39 42 50467
3 34 16257
22 26 66618
38 45 65339
8 37 23143
11 41 32034
18 24 23169
1 27 68954
2 4 23203
1 38 41414
24 30 63666
19 29 60620
0 16 68984
0 11 56306
6 10 33028
7 18 45688
20 37 38389
14 46 68995
43 47 49841
31 43 37638
35 38 46040
3 15 12150
5 26 51099
0 22 36501
22 25 24632
24 43 67907
35 48 24893
11 46 19831
10 17 38392
16 38 61412
26 39 48443
29 40 18858
16 20 67669
1 18 45060
10 18 26340
6 40 32954
10 42 67094
23 33 39509
46 47 44051
9 37 20297
9 21 10922
7 47 37716
0 8 23059
8 23 22048
17 25 36164
7 23 46088
6 19 69880
42 47 64554
3 5 57225
12 35 49720
39 49 44334
0 38 45407
28 48 51870
13 27 25432
10 45 11907
10 39 18644
0 18 23338
36 44 26800
11 36 40618
32 48 51730
21 23 30355
21 28 19060
21 38 12731
19 46 40166
2 33 54121
29 39 29071
41 45 15263
9 25 51214
20 45 58580
20 32 61457
22 24 13653
14 49 11644
24 36 41315
3 31 26713
31 35 23692
0 14 67480
19 49 14943
32 44 35714
1 7 14175
14 15 62168
16 47 15433
7 40 60652
20 33 37574
18 39 69446
19 27 16083
17 43 51624
37 43 30232
22 29 41564
47 49 68424
23 27 60850
11 25 35436
23 38 40921
11 20 69911
42 45 38167
0 41 11087
2 36 66174
9 16 69381
20 22 16350
9 20 47387
18 27 57960
12 29 67807
3 13 51041
18 30 11746
13 14 39121
4 30 19896
2 23 25439
31 38 48743
4 39 24839
37 40 63296
14 38 65061
33 34 17006
28 46 68730
13 31 55712
30 31 56723
23 44 20317
2 17 61795
14 40 38346
2 34 52693
17 33 45501
8 12 48912
3 29 43542
5 48 10937
29 47 19833
0 5 55595
7 46 39104
7 30 33063
31 42 51768
34 46 38485
5 15 39413
4 13 41298
7 38 38587
11 16 49362
1 45 34481
7 31 40334
5 29 18482
16 37 44377
6 49 67916
0 49 69369
26 46 59216
11 21 61211
38 42 16571
16 23 18364
34 38 12082
3 22 62284
1 34 65087
2 13 22400
26 37 66221
37 45 45575
0 45 17235
26 30 41722
36 39 24486
16 39 50777
29 36 42659
10 44 46462
17 24 48515
40 48 23905
15 48 69525
3 9 42425
8 44 52390
2 11 51080
22 49 13722
6 29 33120
25 46 30441
14 43 38203
11 35 63454
11 33 51067
5 49 12579
17 31 13511
5 23 62578
32 33 13937
25 33 16864
35 43 69149
10 25 22301
5 25 18947
20 41 61432
11 15 17387
29 38 43490
36 47 69796
3 35 65105
25 40 50725
11 13 41517
28 33 31734
4 48 43644
28 43 26318
14 33 68196
18 42 34301
22 47 40223
31 44 19863
12 43 66727
44 48 34756
39 45 13085
1 16 22591
11 40 57876
27 33 33527
6 22 50795
20 42 63472
33 41 26736
7 27 65517
6 7 66983
29 46 19313
33 45 21597
10 16 13846
12 24 30604
2 3 33898
5 6 34936
18 45 22036
21 40 53429
29 42 68426
16 24 33974
27 38 48533
13 26 61293
16 35 65491
7 35 10266
19 39 47080
36 38 21808
25 37 20605
2 8 11380
7 19 52031
2 35 42611
9 39 68107
23 37 16786
24 47 45696
13 44 20698
18 32 16804
16 49 69223
1 24 13635
7 42 10275
30 45 38101
26 44 21294
3 16 19400
34 36 59557
1 14 32891
17 20 35390
34 44 20161
30 39 68933
1 37 60326
0 36 44340
31 37 52361
18 44 10894
6 11 68314
1 6 43036
2 48 14329
20 35 63804
18 33 43303
37 41 51409
20 47 27754
10 41 66051
8 27 52790
14 29 21927
4 23 38661
3 43 63039
11 28 28714
7 49 14356
36 37 25879
3 49 47661
2 46 25722
16 31 29514
0 9 47937
10 28 53823
4 19 52952
29 41 57337
2 49 55523
14 45 15842
23 25 22726
23 40 65684
9 49 26917
5 37 25195
11 18 40023
20 24 69278
21 41 38232
20 43 38336
5 35 42314
7 10 42561
4 49 44282
10 46 27759
19 23 23970
13 21 62036
12 16 35952
0 25 18902
34 43 13962
21 35 64613
26 38 11940
13 42 44819
22 31 21111
11 22 27820
14 23 22480
24 46 36833
5 19 59477
0 27 12559
27 36 32799
19 40 42428
21 39 59896
12 17 30464
23 31 60414
23 34 24765
9 14 26147
16 32 17330
17 39 52103
1 40 68313
2 29 28751
35 40 20334
8 30 36648
9 41 13207
4 11 65038
5 45 23072
6 14 43109
9 33 19007
17 38 15107
35 39 69061
4 27 27909
7 11 31212
23 26 63673
37 47 41993
10 37 18174
27 46 26926
29 31 11955
43 45 30654
10 20 65903
1 49 61432
23 49 33213
17 23 40844
9 13 46003
12 46 35251
3 14 61308
10 13 36416
18 31 62159
17 29 17454
13 32 55889
4 46 56404
1 17 15766
18 20 26782
0 47 66738
39 41 54557
26 27 29989
29 48 61776
13 43 67629
10 22 63098
4 16 22925
1 26 24878
5 22 14300
8 17 52978
16 44 58233
6 31 20115
17 27 37113
42 43 66407
32 42 37042
20 40 39068
5 14 39203
11 19 32944
38 46 30499
12 45 14558
13 38 63788
6 47 66502
2 38 39810
2 21 55095
25 32 45060
30 44 44111
5 21 14691
5 16 43092
5 9 30515
32 37 32600
30 42 59874
34 41 39395
33 40 17156
27 43 32006
9 48 43313
43 49 26927
13 37 37246
7 37 56239
26 32 41805
30 37 41547
13 47 51359
20 23 30037
0 2 63805
0 17 18471
1 19 38587
33 38 30846
22 42 47539
10 47 67790
8 43 65933
16 33 20180
19 30 12348
1 30 11862
11 26 28825
33 39 54301
1 44 69100
44 47 63885
4 22 40554
20 27 13790
8 45 49119
44 46 61069
9 17 36390
4 9 51136
9 45 42607
0 42 55689
14 18 25284
38 49 15919
9 46 12615
8 33 52530
9 44 14300
27 35 56563
16 45 36219
46 49 55659
43 44 16600
9 28 30024
27 28 16272
10 38 57330
13 22 63013
0 33 53811
35 44 55119
15 38 58946
32 49 16134
12 36 69610
18 46 12950
10 30 34959
7 28 66053
14 28 12050
40 45 40986
13 34 36607
11 32 27983
19 45 20105
14 34 39818
34 49 66517
12 39 61241
14 19 12424
12 18 52205
25 44 16524
15 22 30487
7 48 66964
3 4 11196
41 46 34787
40 41 53526
18 38 37416
17 49 32589
38 40 12268
42 46 69583
12 20 51004
3 20 59598
13 19 14737
17 28 46958
19 20 56860
16 19 63683
18 34 53092
31 40 56469
8 18 18776
17 48 18050
9 22 52522
38 43 20826
1 36 49036
4 32 31271
7 20 50952
14 31 59141
13 49 61089
3 17 47468
34 48 62524
1 43 15656
8 19 41816
17 47 21190
3 38 36143
5 10 38779
16 22 22387
2 28 13072
1 2 34447
3 8 61946
23 30 47804
2 10 36716
42 44 13670
18 21 28808
21 46 38456
22 36 18407
15 29 65766
5 28 25315
2 24 24233
2 12 48857
21 33 11784
27 45 33009
3 47 56907
23 24 66449
12 23 55978
8 42 48085
18 49 27719
15 41 36929
31 32 37226
13 23 30950
6 24 14397
28 38 41892
40 44 36606
23 29 58356
4 37 53083
3 24 14891
17 19 39277
11 45 17612
8 16 17964
14 25 63724
19 25 69558
7 24 67911
12 49 42582
13 33 25370
30 47 26718
18 41 11038
32 40 33777
12 44 34626
28 45 26353
3 39 48010
35 45 13482
0 40 40280
30 49 23161
6 43 12531
19 47 48871
13 20 69139
5 33 50617
48 49 18732
7 45 36068
18 28 29985
31 34 39683
8 21 52608
25 28 14019
6 36 66289
24 32 53106
19 36 57102
22 40 11180
13 17 22382
44 49 16856
10 49 31287
3 28 28248
8 26 28556
3 36 29197
15 32 60831
20 49 43926
27 47 45916
21 44 14011
4 43 19846
13 29 22684
29 37 42507
3 7 57856
2 31 26167
5 27 24930
11 23 23160
26 35 40841
5 7 63801
33 35 22298
15 21 33600
13 16 12533
19 48 60509
5 20 65728
7 12 42216
12 38 55259
9 34 69748
0 12 50647
6 46 50507
22 44 68992
20 26 63970
38 41 62889
17 22 15848
22 33 25256
29 49 33280
43 46 46547
16 28 56597
10 15 24110
4 5 20473
5 32 44655
9 30 40264
21 22 30319
14 20 57339
7 44 12770
25 43 30317
8 24 13505
27 44 39843
13 18 43477
37 49 56490
22 43 33644
24 34 67919
15 46 32232
18 26 48320
9 29 10569
28 36 27960
25 49 32678
5 39 67972
15 24 39850
18 35 13324
12 47 48478
4 12 38841
32 41 19437
38 39 41367
0 24 56832
22 27 34693
25 47 16789
4 25 33379
36 40 21289
5 31 30899
29 33 55995
17 34 55944
13 35 13305
1 12 16313
10 26 43283
4 45 28218
13 25 48773
34 37 58931
18 25 58062
6 9 34393
7 26 57563
0 10 21705
24 40 32311
0 44 19795
0 3 12167
1 31 45023
10 36 49898
4 41 34845
23 46 42994
19 26 19747
12 19 50312
16 17 21472
47 48 60731
30 36 59749
0 7 64982
3 6 59706
1 48 36585
31 36 11770
15 47 35227
25 39 60017
12 33 44812
14 41 21221
6 45 58104
15 28 60260
30 32 39677
22 45 31386
0 23 18477
1 29 30592
32 38 32459
13 48 66539
23 39 54985
11 43 32165
4 36 30386
7 14 29438
3 19 41960
5 13 32553
31 45 64462
4 34 21857
28 39 69541
28 30 37455
23 47 43747
15 45 49853
11 34 61070
