50 50 980
25000 25000 25000 25000 25000 25000 25000 25000 25000 25000 25000 25000 25000 25000 25000 25000 25000 25000 25000 25000 25000 25000 0 25000 25000 25000 25000 25000 25000 25000 25000 25000 25000 25000 25000 25000 25000 25000 25000 25000 25000 25000 25000 25000 25000 25000 25000 25000 25000 25000
2609 3292 6739 8933 6803 5984 10355 7650 8084 4246 5219 5776 6641 7816 4374 3847 5033 6429 6719 3660 7358 5396 5219 8345 4182 6387 7391 5542 5038 10349 6400 5558 6051 9568 3792 4898 9064 7159 11178 8697 4781 6033 6661 5299 8845 11656 9977 5301 8663 3947

2368 1148 3204 4509 4028 2752 5457 3845 4791 2504 2396 2628 3220 3859 1838 2266 2285 3117 3299 2596 3680 2582 2296 4205 1779 2994 5115 2491 2189 5399 3046 2499 2838 4940 1446 2351 4642 3507 6634 4369 2035 2890 3943 2607 5984 6919 5919 3574 4385 1538

38119 28711 4914 17161 44553 7030 26409 19622 50450 35490 13876 9147 14977 9987 21848 35330 20546 15111 25670 37312 29954 23679 9828 13734 19303 6568 57472 8895 11180 22957 12390 7341 15489 21294 21806 22713 18992 16657 67393 15523 12297 23856 48568 27686 66066 66973 59161 44864 16203 22621

94158 75406 32372 11548 94124 35112 29982 21024 105322 79267 29681 21275 20071 28595 64292 80186 47630 25921 53179 95094 61702 69206 23096 42165 48700 24701 135170 25118 40527 60515 47246 30416 52911 19804 61669 53847 15191 17163 141838 16712 34762 49569 105288 76944 142841 137025 121516 110118 12183 58878

1432 1277 1715 1883 566 1580 2152 1577 838 876 1061 1250 1363 1923 1524 955 1016 1318 949 1655 814 1789 1133 2087 1015 1583 2005 1269 1379 2512 1815 1381 1823 2008 1383 947 1901 1497 1685 1925 1108 908 1169 1798 2040 1600 1240 2003 1836 1237

29389 21549 6421 15994 35203 3514 23701 16197 40108 27663 10383 7483 12332 10627 15840 27251 15232 12444 20193 28704 23757 17769 7029 12654 13919 6260 45474 6253 6966 20326 9090 4947 10956 19446 15805 17035 17517 13730 54202 15093 8371 18684 38375 21102 52622 53852 47354 34986 15197 16483

181956 151443 81972 45118 179349 86890 28499 43134 199791 153664 65767 58805 48555 75277 138615 155294 97584 53176 107361 187467 122469 147325 56998 99391 102384 68433 259515 65619 96429 131920 108338 78565 118381 37594 126439 108605 40319 50569 262507 54213 78328 100962 199791 160389 266358 256048 228497 214099 46244 120958

70158 56137 33391 20160 68960 32030 26544 6370 78353 57158 16770 13571 8861 34044 51550 57907 31390 10985 35882 72690 42824 57376 12741 45125 33595 25346 105796 16702 32220 60071 42892 24339 46527 21820 44649 36454 21085 12128 107171 24366 22542 32942 78353 60248 108940 104203 91544 84928 20704 42130

1719 1555 2020 2186 797 1877 2480 1869 697 1127 1324 1525 1646 2242 1817 1211 1359 1593 1205 1956 1061 2099 1395 2416 1275 1880 1940 1538 1663 2869 2127 1665 2135 2327 1668 1203 2218 1789 1599 2239 1374 1156 1050 2109 1977 1509 1125 2149 2144 1511

1038 879 1459 1709 1024 1320 1995 1402 1305 464 869 1050 1181 1674 1133 546 738 1134 1066 1268 1206 1406 928 1875 768 1323 1950 999 1145 2314 1562 1115 1500 1846 988 667 1736 1318 1983 1748 832 916 1087 1416 1986 2088 1720 1628 1668 837

282030 211282 141015 156813 275986 123980 205925 104130 324205 216434 12638 46089 66146 165880 198300 220212 86408 58178 109075 294806 144106 241573 25277 212999 97536 105504 461992 48149 106122 288418 178793 81738 185456 180442 162789 111960 161484 89774 468792 165811 55499 94239 323380 245901 477721 453818 389938 356556 149807 140603

50691 38013 17684 20961 51754 16554 32069 15322 59686 41572 8429 1231 9073 20938 32781 41335 20566 9254 24295 52228 30058 37595 2463 29549 19775 11074 79235 3830 16712 41956 25571 10170 28589 26227 28724 24385 23131 11333 83247 20927 10350 21854 59166 41335 84557 81009 70500 62387 19673 26656

87703 68425 38207 29484 86090 36375 42477 15319 98955 70203 15832 11526 5185 43485 62653 71210 35513 11563 41561 91111 50906 70496 10371 57448 38482 27377 135275 15741 36631 77569 50998 26021 55891 35788 53362 42330 30731 11599 137529 32581 23565 37602 98735 74362 139911 133534 116492 107586 27615 49972

8994 7014 1953 3076 10270 2400 5044 4089 11525 8342 3428 2289 3530 1217 5553 8308 5162 3558 5938 8844 6878 5947 2434 2672 4897 1741 13134 2275 3283 4634 3544 2352 4204 3955 5544 5623 3465 3423 15131 2520 3406 5551 11125 6799 14963 15041 13379 10451 2868 5718

22109 13806 17181 27575 34163 13983 36054 25399 39559 23393 16297 15828 21148 21809 7310 21709 15513 20779 22678 21463 25368 12569 14621 24038 11931 16866 39913 14091 11169 32479 15843 13360 14375 31372 9640 15974 29250 22701 52897 26598 12776 19787 33563 13114 48346 54681 47531 28374 26698 11815

16807 14001 25640 30561 19556 22905 35602 25154 24505 9679 15763 18421 21255 29433 18478 8135 13451 20437 19232 20868 21699 23300 16271 32126 12619 23236 35094 17533 19253 39867 26303 19556 24957 32986 15933 12196 31041 23680 36455 30709 14579 16581 19881 23476 36497 38302 31816 27205 29842 13261

10299 7390 7031 8472 10011 6048 10492 6305 12559 6963 2542 3918 4743 8551 6856 7119 1531 4415 4164 10825 5152 8788 3062 9992 2712 6068 17458 3782 5031 13093 7754 4593 8294 9443 5401 2666 8664 5714 17692 8842 2599 3101 11362 8989 17709 17551 14924 13365 8184 4483

175305 136474 78453 73100 171987 74683 92515 36644 198000 139301 27445 23562 23034 89311 126332 141375 67935 11423 80376 182317 99603 144881 22846 118038 74042 56173 274079 32233 75211 159433 104768 53383 114834 79433 107218 81959 75663 36305 280374 79396 45918 72233 198000 150423 282712 269592 234531 216209 69254 97680

14104 10872 9452 10186 10309 8668 12441 7754 12529 10040 3542 5082 6005 10597 10274 10214 4313 5638 2061 14718 4237 12438 4123 12767 5635 7817 21789 5177 8073 16239 11122 6723 11726 11267 8646 5230 10401 7099 19186 10594 5350 2795 14964 12662 22071 18497 15556 17561 9863 7618

4719 4738 8597 11897 10320 7583 14113 10500 12031 6905 7254 7875 9152 10064 5467 6371 7005 8870 9277 3656 10130 6729 7312 10878 5869 8497 9506 7622 6695 13554 8172 7390 7707 13238 5406 7151 12428 9845 15675 11583 6547 8360 10130 5845 12180 16314 14559 5847 11614 5613

2204 1718 1581 1691 1302 1463 2030 1326 1635 1593 693 924 1063 1760 1628 1619 733 1008 555 2296 390 1953 780 2079 931 1335 3066 939 1298 2600 1756 1171 1846 1853 1384 871 1722 1227 2673 1752 889 505 2041 1987 3108 2532 2090 2723 1643 1229

33087 23443 23170 37575 50155 19559 48702 36072 57236 36022 26166 23493 30494 29263 14919 33813 25682 30655 35084 31815 38614 11166 22333 29102 20982 23524 56025 21214 17380 40178 17905 20255 15978 42538 17975 26288 39775 32512 74738 35911 21002 31291 49368 15978 67091 77038 67697 40884 36405 20830

29547 21819 12087 14277 30208 10393 19877 9670 34960 23989 3801 2252 5847 14071 19650 23844 11199 6260 13471 30993 16984 22873 0 19319 10703 8017 46945 2293 10145 26881 15889 6157 17728 16757 16158 13513 14856 7665 50147 14257 4959 11984 34713 24051 50189 48040 41634 36675 13492 14897

19258 15154 4883 8660 22473 5240 12851 10822 25140 18677 8930 6798 9435 4715 11943 18148 11947 9496 14265 19106 16203 11616 7106 3553 10898 5631 28226 6684 7117 7725 6509 5973 7911 10537 11924 12593 9496 9405 33421 7486 7881 13444 24198 13429 31946 32615 29081 22522 8227 12293

32600 22120 24063 31410 36263 20115 39682 24603 43406 26098 11050 13644 18976 29538 20197 24684 10012 17796 19495 34493 23056 27157 10541 33424 5270 20594 59259 12362 14845 44597 26668 15282 26495 35297 14936 10622 32488 21866 64743 31379 8099 15669 41636 27879 64804 63420 53958 43640 30250 11650

19133 14415 4124 7502 21736 4258 12148 8180 24693 17191 5611 2952 5851 5337 11613 17111 9697 5918 11525 19369 13673 12852 3268 8547 9073 1634 29479 2801 5623 13172 7620 3075 8745 9583 10952 10784 8420 6693 33190 6967 5560 10615 23935 14794 33148 32667 28750 23156 7022 11361

175156 190444 281463 355282 238383 258749 406770 325852 225170 205569 253234 264755 294457 314332 211356 210756 242970 289434 287742 170788 273327 239639 248102 332568 222222 279224 124051 257875 238875 392519 271962 254436 261534 380835 205405 233251 365874 308872 262243 348348 234998 267212 177231 219819 183947 276549 279934 151733 352989 210046

31417 23339 11056 15023 33379 9282 22113 11424 38298 25597 5582 2430 7436 13292 19279 25460 12766 7551 15708 32571 19387 22351 1601 18629 11698 6794 49650 800 9022 26549 15038 4846 16963 18384 18146 14626 16408 8878 52990 15002 5683 14150 36827 24738 53033 52629 45921 39055 14201 16091

22292 15532 8585 15815 27305 6079 22449 14122 31534 21286 7458 6609 10790 12212 11525 20448 11037 10887 16351 22629 18460 14092 5916 13959 8953 7422 37089 5247 2958 20575 9380 4675 9917 18779 10579 12122 17129 11995 44699 15038 5121 14086 30040 16086 42325 43386 37782 28046 15128 11164

35887 29205 12480 18630 41122 13061 25455 22151 45465 34940 19069 15598 19892 12207 23976 34080 23982 19991 27757 35640 30912 23444 16099 10314 22275 13699 50490 15413 16118 8049 15128 14256 17411 21687 23945 25034 19991 19843 58502 16718 17362 26420 43931 26395 56547 57636 51882 41202 17925 24545

12035 8916 3727 7937 15528 2988 11116 8229 17556 12413 5826 4628 6632 5471 6476 11884 7270 6678 9817 11792 10828 6101 4440 5425 6843 4123 18722 4120 3693 8596 2220 3580 3285 9358 7288 8021 8567 7210 23593 7374 4435 8731 16331 7478 21757 23235 20550 14388 7608 8162

16816 12300 4673 8907 19038 3674 13346 7880 21863 14695 4330 2861 5655 6838 9623 14610 7526 5719 9982 17041 12034 11338 2398 8891 6931 3300 26701 1952 3900 13310 6886 1199 7961 10895 8991 8573 9784 6460 29982 8388 3574 9112 21992 12670 30199 29780 26037 20660 8448 9382

33291 24043 13451 25678 45466 10386 35106 25927 51477 34720 17347 15249 21192 18623 16808 32845 22433 21329 29985 32571 32982 15695 14693 18486 19385 13751 53121 13742 10951 27888 8982 12141 7346 30148 19402 23889 27802 22904 67566 24266 14025 26766 46032 19779 62514 69570 61607 40269 24685 21808

946126 772783 372672 171891 941607 399465 229188 203364 1052973 801673 322800 261306 229995 336196 681269 810550 496143 258078 549405 987768 631719 728398 261790 467575 512606 298912 1361570 298428 451435 644793 516318 354111 575875 130895 640112 556184 145421 201588 1394657 221440 377998 514543 1052973 803126 1415639 1359472 1209370 1121245 178024 610899

11074 6516 9745 14620 17265 8055 18070 12049 20125 11582 7198 7592 9802 12191 5780 10692 6792 9607 10578 11927 12000 8559 6353 13369 4891 8961 21336 7495 5951 17830 10200 7109 9514 16229 3176 7028 15116 10875 27174 14096 5378 9051 16956 8848 24582 28075 24330 15579 14222 4326

15829 11730 12055 14909 14887 10463 18181 11400 18098 9950 5307 7379 8870 14516 10865 10202 3806 8340 7557 17293 9159 13994 5984 16447 4154 10495 26946 6793 8459 21470 13235 8116 13697 16483 8500 2992 15221 10444 27326 15353 4886 5837 17073 14319 27353 27097 22842 21406 14443 7022

260549 211357 97602 40426 259264 105128 73603 59561 291477 219479 83331 65940 56946 87232 185247 222003 132614 73007 147849 269818 171160 198738 65986 124584 137295 76540 378755 76494 119995 174969 138442 92233 155375 45566 173638 149685 32993 48961 388070 54606 99025 137846 290926 219984 394035 378067 335391 310337 42170 165240

137814 108160 60774 37261 137095 58008 63568 27330 156514 113056 30982 20497 15076 61549 97731 114578 60691 24757 69875 142959 83983 109515 20525 84066 63513 44425 209073 26860 58395 114439 80082 42378 87468 46721 85421 70981 39142 10262 214743 41936 40442 63900 156127 117123 218284 208713 182987 167828 34439 80359

45190 41683 54470 59493 29821 51403 65177 52117 27688 32544 40378 44494 47243 59211 47631 34351 38581 46820 37823 48504 35461 53659 42775 64357 39250 51465 40960 44335 48318 73399 57395 46882 55712 61907 44450 37012 59475 50292 21387 60630 40660 36889 30385 54285 34060 23696 24243 45428 59070 41092

22574 17974 7146 4104 23542 8089 8618 6428 26371 19848 7822 5211 5621 5744 15256 19762 12226 7047 13579 22804 15670 16305 5658 9081 11939 5543 32644 6154 9417 13583 10795 6937 12308 6121 14604 13612 4997 4907 35329 2829 8519 12693 26231 18261 35444 34157 30344 26490 3636 14436

80057 56481 38011 53182 85773 30699 70728 39587 100523 63100 15801 16494 27925 49316 49862 62659 25677 26917 44210 82915 51564 61965 10086 58183 22567 30846 133135 13847 23134 81255 43390 19877 47404 61209 39209 31140 55409 33472 142906 53119 5043 36309 95817 63289 143032 141855 122313 103360 50787 35364

58028 43758 39723 42962 45043 36260 52917 32225 54677 40086 13627 20427 24504 44777 41119 40854 14800 22884 13348 60736 18235 50669 16196 54356 20636 32504 91957 20846 31401 69686 44861 27673 47528 47737 33928 18849 43884 29335 84235 44763 19379 8098 61825 51661 93199 81191 68206 73289 41538 29391

11687 10319 16111 18256 9625 14832 20714 15620 8793 7559 11041 12598 13719 17960 12502 7885 9913 13320 12732 13667 11825 14853 11550 19329 10071 15090 13193 12158 13052 23103 16310 14031 15654 19439 11261 9301 18490 14901 14420 18590 10725 11440 5775 15097 13994 15320 12357 14935 17905 9951

19812 14312 16981 25818 30875 14743 32575 23312 35262 22118 16250 16268 19856 20756 9331 20750 16000 19556 21825 17087 24012 9543 14550 20656 13087 17100 32087 14856 12481 27518 13718 14262 12525 28893 11225 16375 27181 21506 46393 24875 13050 19475 30675 7275 38943 47856 42043 22706 25093 12993

107792 115691 168663 190737 120397 157010 210766 169251 113618 103562 131938 144628 153760 185526 134768 109304 122750 150511 145721 113954 138325 149278 136084 193650 124879 163256 89976 141042 142499 224408 164573 150483 160511 200373 123367 117764 192641 163396 108212 193454 129361 135188 93057 139110 68042 115551 117288 104178 187935 125748

50320 46673 57109 60151 29943 53921 66703 53124 27725 37172 40919 45381 48057 62039 52583 39050 40589 46994 38262 53765 35074 58814 42605 65905 40553 53307 45922 46572 49175 75966 59473 49220 61003 63303 49184 38958 60774 51227 25572 61352 42752 37291 34927 59519 38748 21302 24143 50567 59235 45803

13547 12443 15576 16502 7348 14610 18481 14368 6676 9565 10672 12024 12834 17069 14205 10134 10572 12512 9867 15145 8902 16103 11183 18240 10561 14424 14940 12384 13172 21287 16292 13186 16755 17451 13197 10078 16686 13794 8777 16860 11227 9573 9046 16305 12767 8172 5591 17640 16219 12151

1568 1572 2542 3371 2975 2287 3928 3020 3140 2117 2205 2361 2682 2911 1756 1983 2142 2611 2713 1300 2927 2073 2174 3115 1857 2517 2006 2297 2064 3788 2435 2239 2318 3664 1740 2179 3495 2856 3556 3292 2072 2483 2603 1850 2678 3717 4040 1087 3300 1792

101089 81178 34056 14036 101528 37057 34221 24448 114155 85625 31329 21905 20807 29883 69009 86632 50983 27212 57059 102699 66392 74352 23899 44780 51935 25656 147937 26114 42986 64873 50343 31915 56510 23076 66429 57791 18025 17622 155129 16909 36673 53106 114118 82825 155275 148907 131888 119151 11949 63080

7969 4856 7095 9693 10916 5941 11999 7886 12864 7029 4190 4847 6351 8766 4903 6421 3907 6030 6493 8552 7464 6801 4001 9570 2614 6560 14979 4498 4503 12617 7978 5294 7448 10753 3124 4073 9987 7090 17673 9684 3335 5450 10694 6998 17196 18323 15742 11047 9376 2000

10 23 24195
24 30 17054
18 30 66583
28 43 10094
12 47 63696
17 24 59907
29 41 33644
20 25 64692
12 44 23165
4 37 39388
12 40 40203
36 41 23606
16 25 56210
8 21 60733
41 49 66286
3 40 57008
17 21 27348
36 46 66502
3 4 47254
2 8 53311
33 38 58138
4 27 43295
4 33 49264
17 46 31735
11 31 48408
33 46 11382
18 34 39718
15 25 20071
29 45 12327
28 31 40841
1 7 29360
24 39 26522
13 31 60038
37 42 25942
6 35 38759
41 46 53733
22 23 27991
33 47 62403
4 9 60567
8 14 53300
3 5 43933
11 14 42913
10 27 66906
8 31 42286
32 42 33645
14 28 63192
8 17 29293
7 41 50993
12 42 11835
18 19 18690
23 30 46446
13 28 12115
5 39 51985
14 42 25709
26 40 33850
20 36 42535
5 36 39234
17 45 63569
7 29 52606
34 35 41562
4 22 46552
30 38 11965
18 24 58084
0 12 36590
37 39 40050
17 47 26843
6 42 32465
14 30 10183
21 47 31388
14 22 23032
7 13 53483
16 21 65322
11 29 55945
17 36 62532
37 47 37607
30 32 31732
5 6 67866
27 35 69043
10 46 24867
20 40 69701
33 40 29875
10 31 61313
9 48 11815
11 43 24002
5 19 29164
15 35 47808
0 40 56537
28 30 58399
6 28 41376
7 24 51285
29 46 42103
22 27 30071
20 31 65393
17 37 42329
5 14 56661
15 20 47585
10 19 59172
6 39 31268
5 15 47769
15 48 32703
5 31 44300
39 40 43394
28 38 40167
21 28 42387
6 33 35925
30 45 19916
2 25 64119
18 32 33790
13 35 31101
4 5 18985
6 11 45633
38 39 50977
25 35 22440
12 14 59591
26 29 64979
2 19 41605
29 43 37399
11 35 63659
6 37 42146
15 31 20917
7 18 44943
26 41 14248
6 25 40988
10 17 40336
12 34 46577
4 7 39791
3 18 17920
11 28 47892
14 39 61060
3 33 67832
27 34 10594
29 36 47502
8 33 53369
23 47 52904
8 32 19889
10 41 19293
10 29 14962
11 25 26150
10 49 55227
42 48 36063
1 10 47279
32 33 43002
1 3 29182
6 15 59719
4 43 32593
3 38 24161
17 48 43466
1 17 12134
39 49 17819
3 17 15611
36 48 35194
16 43 52762
39 42 19859
35 48 66183
12 28 35240
23 43 56437
39 43 48116
8 37 55304
21 35 46471
22 45 39175
13 48 53135
9 19 59208
16 22 28820
36 44 36503
19 36 42111
6 27 38709
30 44 57940
26 31 47073
44 47 67002
1 9 55309
40 42 25278
27 31 44280
21 38 28310
11 20 44461
26 46 33999
14 23 63046
3 24 58622
34 36 67465
4 13 17322
5 45 18583
10 48 25219
2 17 42517
34 37 13487
0 2 35078
20 44 50842
6 7 50871
24 25 33657
5 28 28957
30 35 36174
22 35 10127
6 29 10275
18 22 19308
11 40 59335
1 21 29095
1 18 57955
27 39 43588
0 26 69947
4 20 58037
4 23 32803
13 14 66948
16 45 43345
3 30 48082
23 33 41228
27 41 13797
27 28 22542
31 38 17369
18 36 18986
13 32 23306
1 36 26976
9 32 26308
25 42 44032
13 39 42195
17 39 58825
7 9 47519
0 24 67274
2 49 39666
12 23 28389
8 23 43073
8 48 10766
18 38 54563
4 38 43201
0 9 11041
7 30 16014
34 42 44678
7 25 30136
35 45 16111
31 32 18266
30 37 30082
33 42 64148
38 43 41069
21 24 27029
25 40 49635
1 19 31293
15 22 10399
20 37 53432
3 37 43835
9 36 17768
27 37 14560
9 27 69284
10 16 34745
25 28 30869
10 35 43315
6 21 19082
10 14 19693
26 42 32977
15 43 16355
17 35 61503
38 40 51366
9 12 61572
2 6 62269
9 28 48072
1 31 46915
14 34 63310
19 34 66229
17 38 21592
20 43 35588
36 47 12339
14 15 42001
26 38 67813
13 43 18629
4 42 25213
14 21 24841
20 49 58264
13 40 46506
34 47 37384
14 43 53838
19 29 32484
14 33 57295
14 44 58399
5 26 31767
11 19 22039
21 36 19267
37 45 17225
20 24 43265
3 15 41103
14 35 40202
23 36 49620
42 47 44748
20 34 33710
14 47 53334
31 36 37016
3 7 11781
10 32 30248
3 12 42468
36 40 20152
32 49 53984
21 22 68056
18 43 34634
26 49 25984
10 25 65868
24 43 43263
45 47 53340
7 46 32852
16 49 43669
25 33 29846
35 47 60236
24 49 39650
40 44 64473
12 36 47530
1 6 28048
3 48 38382
9 37 11712
7 12 49458
32 46 45607
24 41 44977
19 44 32703
7 33 15808
11 46 36739
10 22 67452
16 48 39519
38 44 32216
5 40 46610
7 45 53443
32 41 52464
34 48 19078
25 30 15738
7 36 36447
11 32 29276
8 43 40372
23 46 64575
34 43 25144
4 49 25778
8 19 47914
0 45 60139
8 13 11589
16 28 19902
19 25 62517
0 28 41239
5 8 14374
18 35 52189
6 40 59287
5 12 54900
13 18 53901
17 22 50887
15 21 30506
20 32 41020
4 26 25733
3 10 48458
7 35 19902
28 44 23184
9 16 30119
31 33 42118
12 19 11936
36 45 13561
41 48 36724
0 38 21014
12 13 31442
24 36 63172
23 31 40291
24 28 61815
0 3 57746
31 46 67578
8 38 29735
9 26 47802
1 13 57716
14 25 31324
26 28 57705
5 37 50232
39 46 62564
24 31 14221
1 40 32420
8 41 63993
2 26 59121
9 47 28464
5 41 57023
28 40 31770
2 36 11626
7 19 12755
3 46 10227
23 41 21528
10 12 38082
14 19 30346
22 31 65789
7 8 40018
26 47 46050
10 43 32513
20 29 51033
43 49 19635
12 16 37827
4 24 33466
20 39 23592
7 26 25572
19 30 31043
10 15 43327
7 17 15516
30 49 18758
12 38 64651
2 38 15363
1 46 11132
39 47 69357
31 43 19585
39 44 45695
14 32 15492
8 46 20848
3 16 64159
4 14 62515
10 18 54761
2 31 17928
22 46 65270
15 16 67131
29 33 41599
0 47 33351
5 30 39619
24 47 37388
5 16 63369
0 32 27812
22 42 12043
24 33 56544
19 46 37447
6 12 39870
45 46 20009
37 41 51039
30 36 67585
9 46 53195
3 41 24365
2 18 13100
8 44 14095
19 33 31158
1 15 18464
12 49 15227
27 45 42658
44 49 40192
18 29 50923
3 34 48150
27 43 63183
10 28 57224
28 37 40664
6 26 47944
27 44 65152
23 28 48076
19 24 57217
37 46 36751
1 8 23569
9 41 26836
32 38 16281
39 41 29080
24 48 44648
6 19 18324
8 28 15624
20 27 12094
12 32 48194
7 38 37776
20 47 65276
26 37 57921
17 41 20971
5 18 31783
10 30 61021
1 37 37209
40 47 65084
9 49 21627
25 41 42437
36 39 37741
11 47 63962
8 49 35502
8 39 15890
18 46 57145
8 30 22725
36 38 58697
44 46 47231
23 48 30020
21 45 48915
32 37 34447
1 49 68914
10 36 62484
4 40 63426
8 22 15194
11 36 21564
13 24 38073
21 26 35661
9 11 39331
5 35 52310
43 44 25997
33 43 67107
0 41 47585
32 45 13917
12 17 30220
17 40 69368
28 41 17080
15 19 57430
34 39 64452
0 42 28708
6 10 42009
12 15 44335
9 34 22669
15 34 67511
5 43 62369
22 24 21956
38 49 32378
1 20 51065
3 39 59187
3 31 64541
41 42 29980
1 24 35777
8 29 15596
36 37 22463
27 32 29202
10 33 20790
36 42 46170
8 20 69419
31 39 58594
0 10 15500
17 20 51728
14 26 14590
1 2 12607
3 23 41456
24 35 30650
9 22 44970
6 8 40823
16 32 37731
7 43 44542
15 41 47417
36 49 56439
15 45 16550
12 45 21752
17 18 21250
15 18 26203
2 39 14120
2 5 33207
13 46 60725
26 45 67328
35 39 34536
12 48 55265
16 37 39450
11 45 60313
19 45 60862
18 37 64057
8 27 31658
6 23 23794
21 33 40226
1 26 31076
23 35 24531
0 15 45727
29 40 24946
0 48 29121
3 21 60477
3 14 56402
9 44 49772
30 39 47589
4 31 39368
26 32 17502
7 32 22131
4 28 16784
13 45 16083
14 41 40824
2 44 40679
7 28 27333
10 24 57028
19 49 44799
9 24 50540
4 35 47752
38 41 54270
35 43 27219
7 31 45159
46 48 23719
22 26 29674
20 35 48163
23 37 17775
1 29 51332
13 15 14100
15 36 48002
11 23 24550
16 17 28631
12 33 35871
12 24 39497
0 36 59895
16 18 26347
4 25 25898
44 48 51809
30 48 16078
0 17 55266
10 40 59311
32 34 28209
2 32 14193
1 32 17536
5 38 59034
12 37 44872
15 32 34870
4 36 58204
23 49 31814
30 31 27552
12 27 48098
7 10 16083
17 23 44771
41 43 23256
18 44 29802
3 20 16588
16 36 61420
17 30 49721
9 20 57920
34 49 65520
9 23 39865
29 39 24613
6 36 36293
33 35 65736
19 21 54110
3 43 26187
16 47 34225
17 29 22150
22 44 67997
8 9 40303
6 20 19559
25 38 69450
14 36 10655
3 45 23752
16 34 16986
39 48 11831
14 38 10766
43 47 53999
25 34 60035
16 33 32580
0 7 23693
1 28 38132
19 41 50806
22 30 10607
40 45 63531
0 25 22751
29 47 17195
4 34 67093
16 23 62472
1 48 17257
11 15 14754
22 47 32336
1 35 31870
31 35 41047
28 29 40214
9 18 15979
7 20 57235
5 22 16581
9 42 40273
9 40 55231
5 23 46884
21 37 49832
13 20 66823
5 10 59682
21 40 15726
3 8 13808
27 47 61513
34 38 16492
30 43 69950
21 48 51547
27 36 51216
12 31 23643
1 43 31821
42 46 32021
3 29 36393
34 46 25352
20 46 56915
2 27 43588
22 48 34587
20 26 49386
5 13 50845
22 37 39342
7 21 23864
16 42 12715
43 46 10388
2 37 66221
1 12 30837
7 42 69766
26 44 12801
3 13 13252
19 43 67139
5 46 61829
15 26 53084
28 45 63962
8 10 51510
11 41 10952
21 30 19912
31 42 43023
41 47 29588
38 45 19862
6 46 36712
14 37 10803
27 48 45648
2 23 58534
23 25 44967
15 24 12040
0 16 26028
11 38 31882
21 46 57771
4 16 50615
32 43 23410
18 25 50758
18 33 32099
15 46 49418
3 28 65616
33 44 44631
0 43 45638
25 37 38596
18 42 44396
25 26 48440
19 28 41848
4 46 41535
7 23 40268
21 34 37075
13 41 47639
29 37 33920
8 12 38027
6 18 57551
26 39 66943
33 36 69758
25 47 19555
15 49 33655
0 6 22703
8 25 67346
20 48 34331
27 40 57671
6 22 21528
13 44 62502
5 49 31695
25 46 69299
8 24 55259
0 39 57248
12 26 62200
27 49 17358
5 29 36665
28 34 57815
27 42 51989
7 44 24446
2 28 38553
24 44 38527
13 47 15028
28 46 10401
25 48 22204
6 45 57439
11 42 37476
11 16 59843
33 34 21358
0 44 17645
6 30 59537
47 48 18301
14 18 17403
28 35 21234
6 34 54099
15 37 30106
10 44 18580
1 38 30572
15 40 29919
14 49 42251
2 34 35216
22 29 63757
4 45 53693
34 40 20474
4 19 51005
0 31 45892
31 49 39975
30 46 29812
15 23 45849
3 25 21963
13 16 44258
8 35 14402
16 20 50491
13 23 49286
0 18 26946
6 14 62695
1 16 36724
30 33 54422
11 18 64681
30 34 60226
14 40 14209
9 15 66360
22 39 20669
1 23 33755
11 30 17593
8 47 16910
43 48 53862
18 20 38316
9 43 37482
15 17 25923
1 34 10567
4 21 14840
18 45 19680
38 42 54260
5 32 25314
20 33 12827
1 5 42294
1 14 55290
24 32 32639
4 47 30285
5 11 19395
3 36 66898
14 46 34687
0 21 59886
5 47 58326
35 49 63776
48 49 64724
2 11 37193
37 48 48197
10 13 11546
18 39 27418
32 36 64550
11 13 67906
23 24 38087
2 30 28304
7 37 15498
15 47 57140
3 26 24308
33 45 43815
16 30 36764
18 41 40232
16 38 56525
9 25 41604
26 33 49912
10 39 52927
5 24 56918
42 49 52739
1 45 25220
0 5 54350
2 29 27520
0 49 45505
1 11 63746
13 36 24417
9 35 22335
11 33 65774
12 43 24886
9 21 16110
35 38 12639
12 25 52079
29 35 66451
2 42 14185
13 17 21639
22 41 13142
18 48 12090
8 26 61869
18 27 31446
22 36 29732
25 31 49008
1 33 45755
17 43 15689
2 21 15771
15 28 28129
19 39 62214
23 40 59518
5 42 20183
10 20 57283
40 43 46435
22 33 15064
13 33 24645
3 49 42928
5 48 32584
32 35 12292
12 35 48816
2 20 59145
6 32 24627
3 27 44589
16 31 14030
18 40 42881
21 49 59372
21 39 68252
47 49 51474
28 32 63557
11 26 32033
23 44 54616
1 27 17790
3 47 23901
21 42 28204
9 10 49665
8 42 15051
39 45 16101
8 15 55354
7 40 32965
19 37 34230
10 38 59710
22 49 22482
5 20 44413
15 30 46992
0 23 11059
0 35 49477
7 27 61637
6 41 43987
41 45 12061
2 48 16071
0 22 22802
21 43 61206
38 48 30699
11 39 69535
9 30 17378
30 47 15722
28 49 11048
11 21 15629
15 33 69339
16 19 64605
23 26 37662
31 45 53954
8 16 24537
2 12 63706
24 42 12157
22 28 64202
10 21 20899
9 17 30402
20 21 61698
7 39 43864
22 32 54632
37 49 51407
17 49 56346
16 35 29045
2 33 40541
1 25 69548
23 39 20664
20 28 44320
29 30 55678
1 22 22725
20 41 50392
1 41 68480
17 31 26073
15 29 23233
14 17 20156
13 19 33451
7 48 41098
5 7 21204
13 26 51223
29 44 40436
12 22 27952
3 22 31027
15 38 36532
1 4 54632
11 44 24732
36 43 50832
25 36 60977
2 40 35631
0 13 11233
34 45 52674
20 38 21637
19 40 55866
11 49 46224
29 49 20125
12 29 27053
23 45 28907
32 48 19673
22 40 37717
16 29 63228
31 34 65351
4 44 62586
9 29 55762
31 40 15972
11 12 18658
25 45 21137
35 36 38272
7 11 54253
38 46 52235
19 20 49476
19 22 35475
5 34 34813
12 21 19570
20 22 56503
4 6 61345
32 40 64203
12 30 23377
4 39 42176
26 34 55179
6 47 61152
21 29 43410
0 20 49995
27 33 12788
20 45 41418
9 14 26218
21 27 22914
14 45 58471
26 48 45126
27 38 32587
3 11 26187
24 37 50496
16 41 40080
13 25 18772
14 48 48400
26 35 46052
19 38 39574
25 49 59537
28 33 14323
9 33 23826
14 27 53914
13 21 65943
20 23 61444
0 19 30869
0 11 15512
6 43 60089
23 38 22213
2 14 21857
42 44 13466
2 16 54389
4 30 19178
