50 50 735
25000 25000 25000 25000 25000 25000 25000 25000 25000 25000 25000 25000 25000 25000 25000 25000 25000 25000 25000 25000 25000 25000 0 25000 25000 25000 25000 25000 25000 25000 25000 25000 25000 25000 25000 25000 25000 25000 25000 25000 25000 25000 25000 25000 25000 25000 25000 25000 25000 25000
2609 3292 6739 8933 6803 5984 10355 7650 8084 4246 5219 5776 6641 7816 4374 3847 5033 6429 6719 3660 7358 5396 5219 8345 4182 6387 7391 5542 5038 10349 6400 5558 6051 9568 3792 4898 9064 7159 11178 8697 4781 6033 6661 5299 8845 11656 9977 5301 8663 3947

2368 1148 3204 4509 4028 2752 5457 3845 4791 2504 2396 2628 3220 3859 1838 2266 2285 3117 3299 2596 3680 2582 2296 4205 1779 2994 5115 2491 2189 5399 3046 2499 2838 4940 1446 2351 4642 3507 6634 4369 2035 2890 3943 2607 5984 6919 5919 3574 4385 1538

38119 28711 4914 17161 44553 7030 26409 19622 50450 35490 13876 9147 14977 9987 21848 35330 20546 15111 25670 37312 29954 23679 9828 13734 19303 6568 57472 8895 11180 22957 12390 7341 15489 21294 21806 22713 18992 16657 67393 15523 12297 23856 48568 27686 66066 66973 59161 44864 16203 22621

94158 75406 32372 11548 94124 35112 29982 21024 105322 79267 29681 21275 20071 28595 64292 80186 47630 25921 53179 95094 61702 69206 23096 42165 48700 24701 135170 25118 40527 60515 47246 30416 52911 19804 61669 53847 15191 17163 141838 16712 34762 49569 105288 76944 142841 137025 121516 110118 12183 58878

1432 1277 1715 1883 566 1580 2152 1577 838 876 1061 1250 1363 1923 1524 955 1016 1318 949 1655 814 1789 1133 2087 1015 1583 2005 1269 1379 2512 1815 1381 1823 2008 1383 947 1901 1497 1685 1925 1108 908 1169 1798 2040 1600 1240 2003 1836 1237

29389 21549 6421 15994 35203 3514 23701 16197 40108 27663 10383 7483 12332 10627 15840 27251 15232 12444 20193 28704 23757 17769 7029 12654 13919 6260 45474 6253 6966 20326 9090 4947 10956 19446 15805 17035 17517 13730 54202 15093 8371 18684 38375 21102 52622 53852 47354 34986 15197 16483

181956 151443 81972 45118 179349 86890 28499 43134 199791 153664 65767 58805 48555 75277 138615 155294 97584 53176 107361 187467 122469 147325 56998 99391 102384 68433 259515 65619 96429 131920 108338 78565 118381 37594 126439 108605 40319 50569 262507 54213 78328 100962 199791 160389 266358 256048 228497 214099 46244 120958

70158 56137 33391 20160 68960 32030 26544 6370 78353 57158 16770 13571 8861 34044 51550 57907 31390 10985 35882 72690 42824 57376 12741 45125 33595 25346 105796 16702 32220 60071 42892 24339 46527 21820 44649 36454 21085 12128 107171 24366 22542 32942 78353 60248 108940 104203 91544 84928 20704 42130

1719 1555 2020 2186 797 1877 2480 1869 697 1127 1324 1525 1646 2242 1817 1211 1359 1593 1205 1956 1061 2099 1395 2416 1275 1880 1940 1538 1663 2869 2127 1665 2135 2327 1668 1203 2218 1789 1599 2239 1374 1156 1050 2109 1977 1509 1125 2149 2144 1511

1038 879 1459 1709 1024 1320 1995 1402 1305 464 869 1050 1181 1674 1133 546 738 1134 1066 1268 1206 1406 928 1875 768 1323 1950 999 1145 2314 1562 1115 1500 1846 988 667 1736 1318 1983 1748 832 916 1087 1416 1986 2088 1720 1628 1668 837

282030 211282 141015 156813 275986 123980 205925 104130 324205 216434 12638 46089 66146 165880 198300 220212 86408 58178 109075 294806 144106 241573 25277 212999 97536 105504 461992 48149 106122 288418 178793 81738 185456 180442 162789 111960 161484 89774 468792 165811 55499 94239 323380 245901 477721 453818 389938 356556 149807 140603

50691 38013 17684 20961 51754 16554 32069 15322 59686 41572 8429 1231 9073 20938 32781 41335 20566 9254 24295 52228 30058 37595 2463 29549 19775 11074 79235 3830 16712 41956 25571 10170 28589 26227 28724 24385 23131 11333 83247 20927 10350 21854 59166 41335 84557 81009 70500 62387 19673 26656

87703 68425 38207 29484 86090 36375 42477 15319 98955 70203 15832 11526 5185 43485 62653 71210 35513 11563 41561 91111 50906 70496 10371 57448 38482 27377 135275 15741 36631 77569 50998 26021 55891 35788 53362 42330 30731 11599 137529 32581 23565 37602 98735 74362 139911 133534 116492 107586 27615 49972

8994 7014 1953 3076 10270 2400 5044 4089 11525 8342 3428 2289 3530 1217 5553 8308 5162 3558 5938 8844 6878 5947 2434 2672 4897 1741 13134 2275 3283 4634 3544 2352 4204 3955 5544 5623 3465 3423 15131 2520 3406 5551 11125 6799 14963 15041 13379 10451 2868 5718

22109 13806 17181 27575 34163 13983 36054 25399 39559 23393 16297 15828 21148 21809 7310 21709 15513 20779 22678 21463 25368 12569 14621 24038 11931 16866 39913 14091 11169 32479 15843 13360 14375 31372 9640 15974 29250 22701 52897 26598 12776 19787 33563 13114 48346 54681 47531 28374 26698 11815

16807 14001 25640 30561 19556 22905 35602 25154 24505 9679 15763 18421 21255 29433 18478 8135 13451 20437 19232 20868 21699 23300 16271 32126 12619 23236 35094 17533 19253 39867 26303 19556 24957 32986 15933 12196 31041 23680 36455 30709 14579 16581 19881 23476 36497 38302 31816 27205 29842 13261

10299 7390 7031 8472 10011 6048 10492 6305 12559 6963 2542 3918 4743 8551 6856 7119 1531 4415 4164 10825 5152 8788 3062 9992 2712 6068 17458 3782 5031 13093 7754 4593 8294 9443 5401 2666 8664 5714 17692 8842 2599 3101 11362 8989 17709 17551 14924 13365 8184 4483

175305 136474 78453 73100 171987 74683 92515 36644 198000 139301 27445 23562 23034 89311 126332 141375 67935 11423 80376 182317 99603 144881 22846 118038 74042 56173 274079 32233 75211 159433 104768 53383 114834 79433 107218 81959 75663 36305 280374 79396 45918 72233 198000 150423 282712 269592 234531 216209 69254 97680

14104 10872 9452 10186 10309 8668 12441 7754 12529 10040 3542 5082 6005 10597 10274 10214 4313 5638 2061 14718 4237 12438 4123 12767 5635 7817 21789 5177 8073 16239 11122 6723 11726 11267 8646 5230 10401 7099 19186 10594 5350 2795 14964 12662 22071 18497 15556 17561 9863 7618

4719 4738 8597 11897 10320 7583 14113 10500 12031 6905 7254 7875 9152 10064 5467 6371 7005 8870 9277 3656 10130 6729 7312 10878 5869 8497 9506 7622 6695 13554 8172 7390 7707 13238 5406 7151 12428 9845 15675 11583 6547 8360 10130 5845 12180 16314 14559 5847 11614 5613

2204 1718 1581 1691 1302 1463 2030 1326 1635 1593 693 924 1063 1760 1628 1619 733 1008 555 2296 390 1953 780 2079 931 1335 3066 939 1298 2600 1756 1171 1846 1853 1384 871 1722 1227 2673 1752 889 505 2041 1987 3108 2532 2090 2723 1643 1229

33087 23443 23170 37575 50155 19559 48702 36072 57236 36022 26166 23493 30494 29263 14919 33813 25682 30655 35084 31815 38614 11166 22333 29102 20982 23524 56025 21214 17380 40178 17905 20255 15978 42538 17975 26288 39775 32512 74738 35911 21002 31291 49368 15978 67091 77038 67697 40884 36405 20830

29547 21819 12087 14277 30208 10393 19877 9670 34960 23989 3801 2252 5847 14071 19650 23844 11199 6260 13471 30993 16984 22873 0 19319 10703 8017 46945 2293 10145 26881 15889 6157 17728 16757 16158 13513 14856 7665 50147 14257 4959 11984 34713 24051 50189 48040 41634 36675 13492 14897

19258 15154 4883 8660 22473 5240 12851 10822 25140 18677 8930 6798 9435 4715 11943 18148 11947 9496 14265 19106 16203 11616 7106 3553 10898 5631 28226 6684 7117 7725 6509 5973 7911 10537 11924 12593 9496 9405 33421 7486 7881 13444 24198 13429 31946 32615 29081 22522 8227 12293

32600 22120 24063 31410 36263 20115 39682 24603 43406 26098 11050 13644 18976 29538 20197 24684 10012 17796 19495 34493 23056 27157 10541 33424 5270 20594 59259 12362 14845 44597 26668 15282 26495 35297 14936 10622 32488 21866 64743 31379 8099 15669 41636 27879 64804 63420 53958 43640 30250 11650

19133 14415 4124 7502 21736 4258 12148 8180 24693 17191 5611 2952 5851 5337 11613 17111 9697 5918 11525 19369 13673 12852 3268 8547 9073 1634 29479 2801 5623 13172 7620 3075 8745 9583 10952 10784 8420 6693 33190 6967 5560 10615 23935 14794 33148 32667 28750 23156 7022 11361

175156 190444 281463 355282 238383 258749 406770 325852 225170 205569 253234 264755 294457 314332 211356 210756 242970 289434 287742 170788 273327 239639 248102 332568 222222 279224 124051 257875 238875 392519 271962 254436 261534 380835 205405 233251 365874 308872 262243 348348 234998 267212 177231 219819 183947 276549 279934 151733 352989 210046

31417 23339 11056 15023 33379 9282 22113 11424 38298 25597 5582 2430 7436 13292 19279 25460 12766 7551 15708 32571 19387 22351 1601 18629 11698 6794 49650 800 9022 26549 15038 4846 16963 18384 18146 14626 16408 8878 52990 15002 5683 14150 36827 24738 53033 52629 45921 39055 14201 16091

22292 15532 8585 15815 27305 6079 22449 14122 31534 21286 7458 6609 10790 12212 11525 20448 11037 10887 16351 22629 18460 14092 5916 13959 8953 7422 37089 5247 2958 20575 9380 4675 9917 18779 10579 12122 17129 11995 44699 15038 5121 14086 30040 16086 42325 43386 37782 28046 15128 11164

35887 29205 12480 18630 41122 13061 25455 22151 45465 34940 19069 15598 19892 12207 23976 34080 23982 19991 27757 35640 30912 23444 16099 10314 22275 13699 50490 15413 16118 8049 15128 14256 17411 21687 23945 25034 19991 19843 58502 16718 17362 26420 43931 26395 56547 57636 51882 41202 17925 24545

12035 8916 3727 7937 15528 2988 11116 8229 17556 12413 5826 4628 6632 5471 6476 11884 7270 6678 9817 11792 10828 6101 4440 5425 6843 4123 18722 4120 3693 8596 2220 3580 3285 9358 7288 8021 8567 7210 23593 7374 4435 8731 16331 7478 21757 23235 20550 14388 7608 8162

16816 12300 4673 8907 19038 3674 13346 7880 21863 14695 4330 2861 5655 6838 9623 14610 7526 5719 9982 17041 12034 11338 2398 8891 6931 3300 26701 1952 3900 13310 6886 1199 7961 10895 8991 8573 9784 6460 29982 8388 3574 9112 21992 12670 30199 29780 26037 20660 8448 9382

33291 24043 13451 25678 45466 10386 35106 25927 51477 34720 17347 15249 21192 18623 16808 32845 22433 21329 29985 32571 32982 15695 14693 18486 19385 13751 53121 13742 10951 27888 8982 12141 7346 30148 19402 23889 27802 22904 67566 24266 14025 26766 46032 19779 62514 69570 61607 40269 24685 21808

946126 772783 372672 171891 941607 399465 229188 203364 1052973 801673 322800 261306 229995 336196 681269 810550 496143 258078 549405 987768 631719 728398 261790 467575 512606 298912 1361570 298428 451435 644793 516318 354111 575875 130895 640112 556184 145421 201588 1394657 221440 377998 514543 1052973 803126 1415639 1359472 1209370 1121245 178024 610899

11074 6516 9745 14620 17265 8055 18070 12049 20125 11582 7198 7592 9802 12191 5780 10692 6792 9607 10578 11927 12000 8559 6353 13369 4891 8961 21336 7495 5951 17830 10200 7109 9514 16229 3176 7028 15116 10875 27174 14096 5378 9051 16956 8848 24582 28075 24330 15579 14222 4326

15829 11730 12055 14909 14887 10463 18181 11400 18098 9950 5307 7379 8870 14516 10865 10202 3806 8340 7557 17293 9159 13994 5984 16447 4154 10495 26946 6793 8459 21470 13235 8116 13697 16483 8500 2992 15221 10444 27326 15353 4886 5837 17073 14319 27353 27097 22842 21406 14443 7022

260549 211357 97602 40426 259264 105128 73603 59561 291477 219479 83331 65940 56946 87232 185247 222003 132614 73007 147849 269818 171160 198738 65986 124584 137295 76540 378755 76494 119995 174969 138442 92233 155375 45566 173638 149685 32993 48961 388070 54606 99025 137846 290926 219984 394035 378067 335391 310337 42170 165240

137814 108160 60774 37261 137095 58008 63568 27330 156514 113056 30982 20497 15076 61549 97731 114578 60691 24757 69875 142959 83983 109515 20525 84066 63513 44425 209073 26860 58395 114439 80082 42378 87468 46721 85421 70981 39142 10262 214743 41936 40442 63900 156127 117123 218284 208713 182987 167828 34439 80359

45190 41683 54470 59493 29821 51403 65177 52117 27688 32544 40378 44494 47243 59211 47631 34351 38581 46820 37823 48504 35461 53659 42775 64357 39250 51465 40960 44335 48318 73399 57395 46882 55712 61907 44450 37012 59475 50292 21387 60630 40660 36889 30385 54285 34060 23696 24243 45428 59070 41092

22574 17974 7146 4104 23542 8089 8618 6428 26371 19848 7822 5211 5621 5744 15256 19762 12226 7047 13579 22804 15670 16305 5658 9081 11939 5543 32644 6154 9417 13583 10795 6937 12308 6121 14604 13612 4997 4907 35329 2829 8519 12693 26231 18261 35444 34157 30344 26490 3636 14436

80057 56481 38011 53182 85773 30699 70728 39587 100523 63100 15801 16494 27925 49316 49862 62659 25677 26917 44210 82915 51564 61965 10086 58183 22567 30846 133135 13847 23134 81255 43390 19877 47404 61209 39209 31140 55409 33472 142906 53119 5043 36309 95817 63289 143032 141855 122313 103360 50787 35364

58028 43758 39723 42962 45043 36260 52917 32225 54677 40086 13627 20427 24504 44777 41119 40854 14800 22884 13348 60736 18235 50669 16196 54356 20636 32504 91957 20846 31401 69686 44861 27673 47528 47737 33928 18849 43884 29335 84235 44763 19379 8098 61825 51661 93199 81191 68206 73289 41538 29391

11687 10319 16111 18256 9625 14832 20714 15620 8793 7559 11041 12598 13719 17960 12502 7885 9913 13320 12732 13667 11825 14853 11550 19329 10071 15090 13193 12158 13052 23103 16310 14031 15654 19439 11261 9301 18490 14901 14420 18590 10725 11440 5775 15097 13994 15320 12357 14935 17905 9951

19812 14312 16981 25818 30875 14743 32575 23312 35262 22118 16250 16268 19856 20756 9331 20750 16000 19556 21825 17087 24012 9543 14550 20656 13087 17100 32087 14856 12481 27518 13718 14262 12525 28893 11225 16375 27181 21506 46393 24875 13050 19475 30675 7275 38943 47856 42043 22706 25093 12993

107792 115691 168663 190737 120397 157010 210766 169251 113618 103562 131938 144628 153760 185526 134768 109304 122750 150511 145721 113954 138325 149278 136084 193650 124879 163256 89976 141042 142499 224408 164573 150483 160511 200373 123367 117764 192641 163396 108212 193454 129361 135188 93057 139110 68042 115551 117288 104178 187935 125748

50320 46673 57109 60151 29943 53921 66703 53124 27725 37172 40919 45381 48057 62039 52583 39050 40589 46994 38262 53765 35074 58814 42605 65905 40553 53307 45922 46572 49175 75966 59473 49220 61003 63303 49184 38958 60774 51227 25572 61352 42752 37291 34927 59519 38748 21302 24143 50567 59235 45803

13547 12443 15576 16502 7348 14610 18481 14368 6676 9565 10672 12024 12834 17069 14205 10134 10572 12512 9867 15145 8902 16103 11183 18240 10561 14424 14940 12384 13172 21287 16292 13186 16755 17451 13197 10078 16686 13794 8777 16860 11227 9573 9046 16305 12767 8172 5591 17640 16219 12151

1568 1572 2542 3371 2975 2287 3928 3020 3140 2117 2205 2361 2682 2911 1756 1983 2142 2611 2713 1300 2927 2073 2174 3115 1857 2517 2006 2297 2064 3788 2435 2239 2318 3664 1740 2179 3495 2856 3556 3292 2072 2483 2603 1850 2678 3717 4040 1087 3300 1792

101089 81178 34056 14036 101528 37057 34221 24448 114155 85625 31329 21905 20807 29883 69009 86632 50983 27212 57059 102699 66392 74352 23899 44780 51935 25656 147937 26114 42986 64873 50343 31915 56510 23076 66429 57791 18025 17622 155129 16909 36673 53106 114118 82825 155275 148907 131888 119151 11949 63080

7969 4856 7095 9693 10916 5941 11999 7886 12864 7029 4190 4847 6351 8766 4903 6421 3907 6030 6493 8552 7464 6801 4001 9570 2614 6560 14979 4498 4503 12617 7978 5294 7448 10753 3124 4073 9987 7090 17673 9684 3335 5450 10694 6998 17196 18323 15742 11047 9376 2000

27 36 46318
13 32 43453
27 39 69133
38 48 32407
25 39 23704
9 26 15400
3 46 61015
4 41 14016
5 29 16300
7 19 45257
34 48 68476
23 36 37577
24 29 29537
17 26 59543
0 35 48330
14 23 12301
19 32 22755
31 32 39615
21 23 53191
2 8 40001
21 47 64136
1 40 61607
19 20 38320
20 37 57782
26 44 30371
8 18 26519
32 38 11861
3 32 24917
30 39 40082
3 39 29654
16 42 43366
18 45 16400
38 39 15249
24 28 42498
33 42 38807
34 47 28953
16 28 60041
5 48 41964
11 46 32970
12 17 18483
6 19 29363
37 45 43588
2 18 58204
15 46 48900
24 40 33130
25 35 48676
14 34 63345
22 34 58028
7 11 30433
8 12 46535
25 30 28028
13 27 24569
8 13 50285
2 34 56348
39 48 12350
9 39 22798
0 25 25010
21 25 26355
4 43 37715
2 7 55092
21 48 46009
0 4 23223
35 37 61492
20 38 63402
14 28 67864
14 42 42441
3 47 22354
45 48 10046
16 23 14404
2 46 45324
4 12 30673
2 42 33767
1 30 18911
22 48 18876
21 49 24810
2 5 42041
7 28 57552
5 21 18154
32 48 30068
1 8 30127
24 35 66832
38 41 60239
1 22 44696
2 6 47116
6 7 46587
22 41 59190
8 35 12057
39 44 13739
15 29 15544
18 32 39772
3 30 58831
30 49 63696
24 47 65139
4 6 62466
23 42 57097
27 38 63002
2 12 34906
22 29 69452
3 11 63049
3 15 51454
22 47 56918
5 11 23721
13 29 15220
46 48 17972
18 21 44740
22 35 42173
5 26 50013
7 14 44434
6 40 62470
0 2 22224
0 45 64561
12 36 59302
26 28 12462
16 38 51400
3 29 48560
40 42 61192
26 37 52732
25 49 50617
22 27 64931
27 29 10418
4 37 32532
18 24 65905
32 40 64114
25 40 27670
2 39 58370
18 23 63354
28 32 20671
16 47 35418
0 48 14947
22 44 25862
11 34 16871
14 37 61865
20 40 51726
29 40 34235
5 28 69837
34 44 38608
20 24 66408
16 36 61993
18 37 13041
6 42 58878
16 27 26359
11 25 19745
5 49 60322
0 14 28821
16 35 61145
20 26 38881
2 9 32156
11 17 43876
25 43 19498
30 34 39229
30 41 44294
5 30 54173
24 26 47276
6 38 50550
42 48 11842
1 14 47788
4 9 43903
15 22 34656
7 9 13206
13 18 60993
9 19 50519
10 41 32220
26 48 52858
13 21 44387
17 49 68598
2 22 64837
32 42 12995
46 49 65006
7 21 68972
23 39 28179
26 39 66026
21 46 25330
21 36 37924
31 48 68490
19 42 56295
37 48 41211
21 45 37370
17 45 18450
4 36 27229
29 46 59011
26 38 59822
17 29 13665
23 43 55326
32 47 37098
8 23 54216
9 29 57168
28 41 14885
3 42 40261
37 39 21824
26 42 30234
2 32 31254
9 23 14485
28 31 64598
23 31 26254
0 39 61015
0 19 63195
15 35 33233
22 32 64010
2 44 10342
17 39 32205
15 42 22189
12 39 18510
24 37 47535
4 35 62256
19 34 16999
19 22 33829
10 48 33467
8 24 56513
26 43 54422
1 26 50696
13 17 57666
21 42 44244
19 45 54362
17 34 42992
35 38 23484
22 37 50720
33 44 42302
18 42 40512
6 16 20980
12 21 66269
14 39 60747
9 10 54377
40 43 22896
20 45 55344
19 35 22773
10 31 13911
4 16 60681
11 24 46007
30 43 20063
2 13 61024
18 35 68212
3 24 44395
1 18 69534
38 47 57889
22 40 36651
12 28 28676
19 46 33861
44 45 60118
2 37 15188
13 19 18282
32 44 40813
26 45 14996
9 30 52526
24 42 37317
20 41 47988
23 49 18152
28 38 18036
20 25 32433
20 30 48665
31 46 41160
33 41 28701
12 40 39411
27 32 25536
21 29 41598
20 23 36897
0 11 38310
12 46 45509
0 24 27577
17 23 26459
10 29 67715
0 21 30743
2 26 36813
1 45 42110
10 38 30277
35 46 24701
30 46 68761
28 46 48953
4 46 48562
14 24 11020
15 33 66284
28 34 56845
46 47 53976
28 44 11279
1 23 51513
21 34 21293
34 40 61411
20 33 59666
7 34 29329
21 24 23843
25 48 38330
44 47 60489
3 33 42544
12 18 19883
19 27 28168
2 24 26284
28 49 58923
34 38 68621
21 27 61793
0 26 16499
3 26 25079
27 48 59508
14 31 37243
5 19 51892
24 25 43760
28 29 69663
28 30 18735
19 39 42520
41 45 60758
9 47 69441
0 9 43540
2 15 57041
14 26 68428
41 44 27515
15 28 10462
13 44 62083
13 33 50951
10 24 61873
16 48 63891
6 32 10280
10 21 27858
25 32 32220
17 22 12911
1 10 12545
8 40 54246
24 46 43222
23 32 28829
8 20 43168
21 22 41842
22 36 32765
40 46 61811
27 47 69064
25 37 34415
41 47 41196
29 44 63098
5 46 68175
19 28 40858
42 46 23976
16 44 52837
12 16 31615
10 15 23416
23 40 26376
28 45 30798
7 32 33986
32 34 56034
9 46 31260
6 39 26068
35 42 36985
2 33 35276
30 42 19959
10 49 49408
9 42 53134
23 33 54322
39 47 64462
23 28 67822
3 19 38568
5 20 37684
19 25 26651
9 32 23878
14 48 21668
16 37 61559
27 41 15688
3 14 32875
14 43 25973
11 15 46884
16 43 38115
21 38 36290
40 45 17741
7 17 52091
11 49 19126
0 32 51499
13 25 17649
10 18 47645
10 23 12296
24 45 41635
23 48 33678
9 18 45700
38 44 57704
2 19 60663
35 47 10975
28 33 19805
13 45 52213
39 49 66252
9 16 64127
34 39 46675
22 49 64074
5 12 32694
0 15 26501
12 42 32867
33 40 46573
42 49 50312
9 45 24425
2 47 64404
25 34 25329
15 41 52541
19 49 41288
2 14 53445
22 31 18830
18 28 61172
2 10 47678
8 48 40099
17 33 42671
23 46 55328
31 41 17743
13 38 57110
5 43 26962
10 46 41421
20 47 32809
16 24 26808
6 12 44227
26 40 33784
0 23 36613
6 9 26439
39 43 42179
12 45 30740
32 43 15256
31 38 36252
13 37 65577
13 49 43900
0 42 11261
38 42 54292
12 15 36355
7 42 25686
1 2 48696
33 48 51684
38 45 20369
20 29 32126
4 24 35128
22 30 41342
10 34 23297
9 27 12806
1 13 11440
35 43 68111
20 21 10276
3 22 19183
12 49 55221
9 31 27238
9 33 50604
11 43 18029
3 5 56190
1 28 36973
10 30 53957
3 37 34945
33 45 65556
15 21 26135
24 31 67828
17 25 10811
26 30 64530
0 30 63405
9 37 56855
26 41 17933
12 38 59839
0 22 23209
17 38 45762
35 44 50677
9 48 17035
4 14 56131
10 36 12802
0 12 42164
4 11 27472
2 16 38243
16 34 57113
10 39 28912
21 26 36353
32 35 57389
1 6 38095
34 46 33716
23 30 26769
21 30 30841
5 33 53889
5 32 25101
6 25 57815
48 49 37845
1 25 50047
14 49 65513
20 43 66123
6 49 47874
15 23 18466
5 18 12794
11 22 53421
4 18 65321
21 43 20727
20 48 43260
7 33 30672
40 44 56489
11 16 36079
29 49 37708
34 35 42619
17 36 51025
12 30 69872
0 18 12233
20 32 31410
30 31 69127
11 29 31145
4 13 57763
1 19 68658
7 8 11382
13 15 33622
42 45 37569
12 47 32223
34 42 17510
18 25 52671
16 45 32180
18 30 57498
18 46 44860
19 30 27692
11 33 53620
0 27 22733
1 4 36159
39 46 56414
37 41 66155
1 3 43622
18 19 19283
12 19 51557
11 40 64295
0 17 65772
16 32 29778
5 34 32002
7 20 50533
23 26 10802
19 40 44016
3 23 52766
33 38 32212
6 30 55285
36 40 26053
6 31 32118
28 37 53942
7 43 39578
12 37 67883
25 44 21510
11 13 13943
36 39 15392
8 10 16323
11 48 36124
26 47 62890
1 35 51183
13 47 65959
7 16 58652
13 35 63917
16 26 44260
18 43 57208
9 24 12213
28 40 17882
3 35 66491
3 36 65913
9 22 12176
0 38 14404
37 44 25690
14 22 46321
12 20 54937
17 44 38636
7 49 20336
6 23 49845
20 34 12990
4 34 65621
2 31 18040
44 46 47251
8 27 61705
26 35 47618
43 49 45133
0 16 25357
7 12 51561
33 36 50525
6 20 31681
15 36 29827
21 35 55557
14 30 25006
6 27 25786
16 22 44208
31 34 31065
47 48 60046
40 47 43558
15 34 33278
5 15 20070
29 38 52191
4 29 41333
45 47 22246
14 40 56595
10 40 69167
17 24 58567
25 29 53674
22 38 49945
37 47 21045
5 10 45661
18 41 52935
18 48 28808
13 16 53701
7 23 30186
28 43 20512
4 47 43461
14 25 65319
13 31 48013
10 44 25022
4 15 57987
34 37 21836
42 44 44849
21 32 55686
11 18 36842
19 44 12777
8 33 42037
6 8 57908
25 33 14966
16 21 15594
4 21 33328
6 10 25036
32 46 57786
2 35 64662
8 17 37283
35 48 56523
45 49 15970
2 28 37992
20 27 52340
13 23 55915
27 46 61181
10 19 28000
13 34 50992
15 19 19988
25 38 23844
16 18 23320
21 40 42644
11 35 57305
9 41 30782
30 38 32799
24 38 12326
20 36 18768
9 11 44635
18 44 59319
21 41 64454
24 30 11476
7 10 62096
2 43 36490
13 43 59384
29 47 67062
16 40 54228
12 35 22712
11 37 22098
1 48 54156
36 44 29516
7 25 61524
34 36 40678
2 45 47629
0 20 41658
23 25 23017
6 48 33543
9 43 44981
36 47 53161
6 35 26677
6 26 67113
37 42 67005
8 19 39998
0 36 39756
14 46 54309
31 47 60780
31 49 14697
33 35 56636
8 37 21690
30 40 49332
43 44 58097
32 36 28286
44 48 50808
17 28 62335
27 42 66920
4 30 52335
16 46 59397
12 33 51147
6 24 17189
19 23 23637
5 13 47445
31 43 48848
34 45 27303
22 23 30265
27 30 26476
15 24 11103
26 36 43283
0 46 62162
27 37 46085
21 28 38586
2 27 18838
19 29 43197
27 45 35590
4 20 60979
35 49 25095
4 5 19898
6 14 51758
18 29 29792
10 43 18676
3 6 15590
32 49 21266
4 8 66773
35 39 33877
11 45 14216
27 33 59108
3 25 30796
8 42 56551
2 29 60647
5 36 24085
21 31 15882
29 34 26426
3 48 61530
23 24 54730
17 37 55872
23 37 33937
14 29 11205
1 20 56975
16 39 67220
19 31 63367
31 33 45202
15 20 35805
14 21 24348
4 23 18398
14 27 13537
11 14 15326
29 42 45636
11 38 23436
36 43 69228
12 44 65428
22 39 44255
35 40 14817
8 31 16693
15 16 41028
6 33 50837
28 48 33053
8 41 42278
4 19 23775
15 43 19603
0 10 45067
34 49 37860
6 22 37629
16 25 13635
27 31 41532
14 15 22358
5 25 11649
6 37 65470
24 49 35707
22 45 10766
26 49 14831
7 24 41216
24 41 45969
6 44 52780
2 4 55564
19 48 66510
29 30 56317
0 47 13033
22 43 42146
14 33 21895
7 27 12260
