50 50 858
25000 25000 25000 25000 25000 25000 25000 25000 25000 25000 25000 25000 25000 25000 25000 25000 25000 25000 25000 25000 25000 25000 0 25000 25000 25000 25000 25000 25000 25000 25000 25000 25000 25000 25000 25000 25000 25000 25000 25000 25000 25000 25000 25000 25000 25000 25000 25000 25000 25000
2609 3292 6739 8933 6803 5984 10355 7650 8084 4246 5219 5776 6641 7816 4374 3847 5033 6429 6719 3660 7358 5396 5219 8345 4182 6387 7391 5542 5038 10349 6400 5558 6051 9568 3792 4898 9064 7159 11178 8697 4781 6033 6661 5299 8845 11656 9977 5301 8663 3947

2368 1148 3204 4509 4028 2752 5457 3845 4791 2504 2396 2628 3220 3859 1838 2266 2285 3117 3299 2596 3680 2582 2296 4205 1779 2994 5115 2491 2189 5399 3046 2499 2838 4940 1446 2351 4642 3507 6634 4369 2035 2890 3943 2607 5984 6919 5919 3574 4385 1538

38119 28711 4914 17161 44553 7030 26409 19622 50450 35490 13876 9147 14977 9987 21848 35330 20546 15111 25670 37312 29954 23679 9828 13734 19303 6568 57472 8895 11180 22957 12390 7341 15489 21294 21806 22713 18992 16657 67393 15523 12297 23856 48568 27686 66066 66973 59161 44864 16203 22621

94158 75406 32372 11548 94124 35112 29982 21024 105322 79267 29681 21275 20071 28595 64292 80186 47630 25921 53179 95094 61702 69206 23096 42165 48700 24701 135170 25118 40527 60515 47246 30416 52911 19804 61669 53847 15191 17163 141838 16712 34762 49569 105288 76944 142841 137025 121516 110118 12183 58878

1432 1277 1715 1883 566 1580 2152 1577 838 876 1061 1250 1363 1923 1524 955 1016 1318 949 1655 814 1789 1133 2087 1015 1583 2005 1269 1379 2512 1815 1381 1823 2008 1383 947 1901 1497 1685 1925 1108 908 1169 1798 2040 1600 1240 2003 1836 1237

29389 21549 6421 15994 35203 3514 23701 16197 40108 27663 10383 7483 12332 10627 15840 27251 15232 12444 20193 28704 23757 17769 7029 12654 13919 6260 45474 6253 6966 20326 9090 4947 10956 19446 15805 17035 17517 13730 54202 15093 8371 18684 38375 21102 52622 53852 47354 34986 15197 16483

181956 151443 81972 45118 179349 86890 28499 43134 199791 153664 65767 58805 48555 75277 138615 155294 97584 53176 107361 187467 122469 147325 56998 99391 102384 68433 259515 65619 96429 131920 108338 78565 118381 37594 126439 108605 40319 50569 262507 54213 78328 100962 199791 160389 266358 256048 228497 214099 46244 120958

70158 56137 33391 20160 68960 32030 26544 6370 78353 57158 16770 13571 8861 34044 51550 57907 31390 10985 35882 72690 42824 57376 12741 45125 33595 25346 105796 16702 32220 60071 42892 24339 46527 21820 44649 36454 21085 12128 107171 24366 22542 32942 78353 60248 108940 104203 91544 84928 20704 42130

1719 1555 2020 2186 797 1877 2480 1869 697 1127 1324 1525 1646 2242 1817 1211 1359 1593 1205 1956 1061 2099 1395 2416 1275 1880 1940 1538 1663 2869 2127 1665 2135 2327 1668 1203 2218 1789 1599 2239 1374 1156 1050 2109 1977 1509 1125 2149 2144 1511

1038 879 1459 1709 1024 1320 1995 1402 1305 464 869 1050 1181 1674 1133 546 738 1134 1066 1268 1206 1406 928 1875 768 1323 1950 999 1145 2314 1562 1115 1500 1846 988 667 1736 1318 1983 1748 832 916 1087 1416 1986 2088 1720 1628 1668 837

282030 211282 141015 156813 275986 123980 205925 104130 324205 216434 12638 46089 66146 165880 198300 220212 86408 58178 109075 294806 144106 241573 25277 212999 97536 105504 461992 48149 106122 288418 178793 81738 185456 180442 162789 111960 161484 89774 468792 165811 55499 94239 323380 245901 477721 453818 389938 356556 149807 140603

50691 38013 17684 20961 51754 16554 32069 15322 59686 41572 8429 1231 9073 20938 32781 41335 20566 9254 24295 52228 30058 37595 2463 29549 19775 11074 79235 3830 16712 41956 25571 10170 28589 26227 28724 24385 23131 11333 83247 20927 10350 21854 59166 41335 84557 81009 70500 62387 19673 26656

87703 68425 38207 29484 86090 36375 42477 15319 98955 70203 15832 11526 5185 43485 62653 71210 35513 11563 41561 91111 50906 70496 10371 57448 38482 27377 135275 15741 36631 77569 50998 26021 55891 35788 53362 42330 30731 11599 137529 32581 23565 37602 98735 74362 139911 133534 116492 107586 27615 49972

8994 7014 1953 3076 10270 2400 5044 4089 11525 8342 3428 2289 3530 1217 5553 8308 5162 3558 5938 8844 6878 5947 2434 2672 4897 1741 13134 2275 3283 4634 3544 2352 4204 3955 5544 5623 3465 3423 15131 2520 3406 5551 11125 6799 14963 15041 13379 10451 2868 5718

22109 13806 17181 27575 34163 13983 36054 25399 39559 23393 16297 15828 21148 21809 7310 21709 15513 20779 22678 21463 25368 12569 14621 24038 11931 16866 39913 14091 11169 32479 15843 13360 14375 31372 9640 15974 29250 22701 52897 26598 12776 19787 33563 13114 48346 54681 47531 28374 26698 11815

16807 14001 25640 30561 19556 22905 35602 25154 24505 9679 15763 18421 21255 29433 18478 8135 13451 20437 19232 20868 21699 23300 16271 32126 12619 23236 35094 17533 19253 39867 26303 19556 24957 32986 15933 12196 31041 23680 36455 30709 14579 16581 19881 23476 36497 38302 31816 27205 29842 13261

10299 7390 7031 8472 10011 6048 10492 6305 12559 6963 2542 3918 4743 8551 6856 7119 1531 4415 4164 10825 5152 8788 3062 9992 2712 6068 17458 3782 5031 13093 7754 4593 8294 9443 5401 2666 8664 5714 17692 8842 2599 3101 11362 8989 17709 17551 14924 13365 8184 4483

175305 136474 78453 73100 171987 74683 92515 36644 198000 139301 27445 23562 23034 89311 126332 141375 67935 11423 80376 182317 99603 144881 22846 118038 74042 56173 274079 32233 75211 159433 104768 53383 114834 79433 107218 81959 75663 36305 280374 79396 45918 72233 198000 150423 282712 269592 234531 216209 69254 97680

14104 10872 9452 10186 10309 8668 12441 7754 12529 10040 3542 5082 6005 10597 10274 10214 4313 5638 2061 14718 4237 12438 4123 12767 5635 7817 21789 5177 8073 16239 11122 6723 11726 11267 8646 5230 10401 7099 19186 10594 5350 2795 14964 12662 22071 18497 15556 17561 9863 7618

4719 4738 8597 11897 10320 7583 14113 10500 12031 6905 7254 7875 9152 10064 5467 6371 7005 8870 9277 3656 10130 6729 7312 10878 5869 8497 9506 7622 6695 13554 8172 7390 7707 13238 5406 7151 12428 9845 15675 11583 6547 8360 10130 5845 12180 16314 14559 5847 11614 5613

2204 1718 1581 1691 1302 1463 2030 1326 1635 1593 693 924 1063 1760 1628 1619 733 1008 555 2296 390 1953 780 2079 931 1335 3066 939 1298 2600 1756 1171 1846 1853 1384 871 1722 1227 2673 1752 889 505 2041 1987 3108 2532 2090 2723 1643 1229

33087 23443 23170 37575 50155 19559 48702 36072 57236 36022 26166 23493 30494 29263 14919 33813 25682 30655 35084 31815 38614 11166 22333 29102 20982 23524 56025 21214 17380 40178 17905 20255 15978 42538 17975 26288 39775 32512 74738 35911 21002 31291 49368 15978 67091 77038 67697 40884 36405 20830

29547 21819 12087 14277 30208 10393 19877 9670 34960 23989 3801 2252 5847 14071 19650 23844 11199 6260 13471 30993 16984 22873 0 19319 10703 8017 46945 2293 10145 26881 15889 6157 17728 16757 16158 13513 14856 7665 50147 14257 4959 11984 34713 24051 50189 48040 41634 36675 13492 14897

19258 15154 4883 8660 22473 5240 12851 10822 25140 18677 8930 6798 9435 4715 11943 18148 11947 9496 14265 19106 16203 11616 7106 3553 10898 5631 28226 6684 7117 7725 6509 5973 7911 10537 11924 12593 9496 9405 33421 7486 7881 13444 24198 13429 31946 32615 29081 22522 8227 12293

32600 22120 24063 31410 36263 20115 39682 24603 43406 26098 11050 13644 18976 29538 20197 24684 10012 17796 19495 34493 23056 27157 10541 33424 5270 20594 59259 12362 14845 44597 26668 15282 26495 35297 14936 10622 32488 21866 64743 31379 8099 15669 41636 27879 64804 63420 53958 43640 30250 11650

19133 14415 4124 7502 21736 4258 12148 8180 24693 17191 5611 2952 5851 5337 11613 17111 9697 5918 11525 19369 13673 12852 3268 8547 9073 1634 29479 2801 5623 13172 7620 3075 8745 9583 10952 10784 8420 6693 33190 6967 5560 10615 23935 14794 33148 32667 28750 23156 7022 11361

175156 190444 281463 355282 238383 258749 406770 325852 225170 205569 253234 264755 294457 314332 211356 210756 242970 289434 287742 170788 273327 239639 248102 332568 222222 279224 124051 257875 238875 392519 271962 254436 261534 380835 205405 233251 365874 308872 262243 348348 234998 267212 177231 219819 183947 276549 279934 151733 352989 210046

31417 23339 11056 15023 33379 9282 22113 11424 38298 25597 5582 2430 7436 13292 19279 25460 12766 7551 15708 32571 19387 22351 1601 18629 11698 6794 49650 800 9022 26549 15038 4846 16963 18384 18146 14626 16408 8878 52990 15002 5683 14150 36827 24738 53033 52629 45921 39055 14201 16091

22292 15532 8585 15815 27305 6079 22449 14122 31534 21286 7458 6609 10790 12212 11525 20448 11037 10887 16351 22629 18460 14092 5916 13959 8953 7422 37089 5247 2958 20575 9380 4675 9917 18779 10579 12122 17129 11995 44699 15038 5121 14086 30040 16086 42325 43386 37782 28046 15128 11164

35887 29205 12480 18630 41122 13061 25455 22151 45465 34940 19069 15598 19892 12207 23976 34080 23982 19991 27757 35640 30912 23444 16099 10314 22275 13699 50490 15413 16118 8049 15128 14256 17411 21687 23945 25034 19991 19843 58502 16718 17362 26420 43931 26395 56547 57636 51882 41202 17925 24545

12035 8916 3727 7937 15528 2988 11116 8229 17556 12413 5826 4628 6632 5471 6476 11884 7270 6678 9817 11792 10828 6101 4440 5425 6843 4123 18722 4120 3693 8596 2220 3580 3285 9358 7288 8021 8567 7210 23593 7374 4435 8731 16331 7478 21757 23235 20550 14388 7608 8162

16816 12300 4673 8907 19038 3674 13346 7880 21863 14695 4330 2861 5655 6838 9623 14610 7526 5719 9982 17041 12034 11338 2398 8891 6931 3300 26701 1952 3900 13310 6886 1199 7961 10895 8991 8573 9784 6460 29982 8388 3574 9112 21992 12670 30199 29780 26037 20660 8448 9382

33291 24043 13451 25678 45466 10386 35106 25927 51477 34720 17347 15249 21192 18623 16808 32845 22433 21329 29985 32571 32982 15695 14693 18486 19385 13751 53121 13742 10951 27888 8982 12141 7346 30148 19402 23889 27802 22904 67566 24266 14025 26766 46032 19779 62514 69570 61607 40269 24685 21808

946126 772783 372672 171891 941607 399465 229188 203364 1052973 801673 322800 261306 229995 336196 681269 810550 496143 258078 549405 987768 631719 728398 261790 467575 512606 298912 1361570 298428 451435 644793 516318 354111 575875 130895 640112 556184 145421 201588 1394657 221440 377998 514543 1052973 803126 1415639 1359472 1209370 1121245 178024 610899

11074 6516 9745 14620 17265 8055 18070 12049 20125 11582 7198 7592 9802 12191 5780 10692 6792 9607 10578 11927 12000 8559 6353 13369 4891 8961 21336 7495 5951 17830 10200 7109 9514 16229 3176 7028 15116 10875 27174 14096 5378 9051 16956 8848 24582 28075 24330 15579 14222 4326

15829 11730 12055 14909 14887 10463 18181 11400 18098 9950 5307 7379 8870 14516 10865 10202 3806 8340 7557 17293 9159 13994 5984 16447 4154 10495 26946 6793 8459 21470 13235 8116 13697 16483 8500 2992 15221 10444 27326 15353 4886 5837 17073 14319 27353 27097 22842 21406 14443 7022

260549 211357 97602 40426 259264 105128 73603 59561 291477 219479 83331 65940 56946 87232 185247 222003 132614 73007 147849 269818 171160 198738 65986 124584 137295 76540 378755 76494 119995 174969 138442 92233 155375 45566 173638 149685 32993 48961 388070 54606 99025 137846 290926 219984 394035 378067 335391 310337 42170 165240

137814 108160 60774 37261 137095 58008 63568 27330 156514 113056 30982 20497 15076 61549 97731 114578 60691 24757 69875 142959 83983 109515 20525 84066 63513 44425 209073 26860 58395 114439 80082 42378 87468 46721 85421 70981 39142 10262 214743 41936 40442 63900 156127 117123 218284 208713 182987 167828 34439 80359

45190 41683 54470 59493 29821 51403 65177 52117 27688 32544 40378 44494 47243 59211 47631 34351 38581 46820 37823 48504 35461 53659 42775 64357 39250 51465 40960 44335 48318 73399 57395 46882 55712 61907 44450 37012 59475 50292 21387 60630 40660 36889 30385 54285 34060 23696 24243 45428 59070 41092

22574 17974 7146 4104 23542 8089 8618 6428 26371 19848 7822 5211 5621 5744 15256 19762 12226 7047 13579 22804 15670 16305 5658 9081 11939 5543 32644 6154 9417 13583 10795 6937 12308 6121 14604 13612 4997 4907 35329 2829 8519 12693 26231 18261 35444 34157 30344 26490 3636 14436

80057 56481 38011 53182 85773 30699 70728 39587 100523 63100 15801 16494 27925 49316 49862 62659 25677 26917 44210 82915 51564 61965 10086 58183 22567 30846 133135 13847 23134 81255 43390 19877 47404 61209 39209 31140 55409 33472 142906 53119 5043 36309 95817 63289 143032 141855 122313 103360 50787 35364

58028 43758 39723 42962 45043 36260 52917 32225 54677 40086 13627 20427 24504 44777 41119 40854 14800 22884 13348 60736 18235 50669 16196 54356 20636 32504 91957 20846 31401 69686 44861 27673 47528 47737 33928 18849 43884 29335 84235 44763 19379 8098 61825 51661 93199 81191 68206 73289 41538 29391

11687 10319 16111 18256 9625 14832 20714 15620 8793 7559 11041 12598 13719 17960 12502 7885 9913 13320 12732 13667 11825 14853 11550 19329 10071 15090 13193 12158 13052 23103 16310 14031 15654 19439 11261 9301 18490 14901 14420 18590 10725 11440 5775 15097 13994 15320 12357 14935 17905 9951

19812 14312 16981 25818 30875 14743 32575 23312 35262 22118 16250 16268 19856 20756 9331 20750 16000 19556 21825 17087 24012 9543 14550 20656 13087 17100 32087 14856 12481 27518 13718 14262 12525 28893 11225 16375 27181 21506 46393 24875 13050 19475 30675 7275 38943 47856 42043 22706 25093 12993

107792 115691 168663 190737 120397 157010 210766 169251 113618 103562 131938 144628 153760 185526 134768 109304 122750 150511 145721 113954 138325 149278 136084 193650 124879 163256 89976 141042 142499 224408 164573 150483 160511 200373 123367 117764 192641 163396 108212 193454 129361 135188 93057 139110 68042 115551 117288 104178 187935 125748

50320 46673 57109 60151 29943 53921 66703 53124 27725 37172 40919 45381 48057 62039 52583 39050 40589 46994 38262 53765 35074 58814 42605 65905 40553 53307 45922 46572 49175 75966 59473 49220 61003 63303 49184 38958 60774 51227 25572 61352 42752 37291 34927 59519 38748 21302 24143 50567 59235 45803

13547 12443 15576 16502 7348 14610 18481 14368 6676 9565 10672 12024 12834 17069 14205 10134 10572 12512 9867 15145 8902 16103 11183 18240 10561 14424 14940 12384 13172 21287 16292 13186 16755 17451 13197 10078 16686 13794 8777 16860 11227 9573 9046 16305 12767 8172 5591 17640 16219 12151

1568 1572 2542 3371 2975 2287 3928 3020 3140 2117 2205 2361 2682 2911 1756 1983 2142 2611 2713 1300 2927 2073 2174 3115 1857 2517 2006 2297 2064 3788 2435 2239 2318 3664 1740 2179 3495 2856 3556 3292 2072 2483 2603 1850 2678 3717 4040 1087 3300 1792

101089 81178 34056 14036 101528 37057 34221 24448 114155 85625 31329 21905 20807 29883 69009 86632 50983 27212 57059 102699 66392 74352 23899 44780 51935 25656 147937 26114 42986 64873 50343 31915 56510 23076 66429 57791 18025 17622 155129 16909 36673 53106 114118 82825 155275 148907 131888 119151 11949 63080

7969 4856 7095 9693 10916 5941 11999 7886 12864 7029 4190 4847 6351 8766 4903 6421 3907 6030 6493 8552 7464 6801 4001 9570 2614 6560 14979 4498 4503 12617 7978 5294 7448 10753 3124 4073 9987 7090 17673 9684 3335 5450 10694 6998 17196 18323 15742 11047 9376 2000

30 49 31399
15 30 44323
31 43 56958
1 18 62942
2 22 61627
29 40 56179
0 15 67195
16 37 10038
4 22 45265
31 45 68098
16 36 45377
16 22 10566
10 16 50629
15 37 24874
14 41 22020
18 20 26125
22 38 53462
4 32 42891
24 46 15889
28 43 66157
22 31 23698
0 48 40315
14 15 18388
10 48 28468
11 16 45544
9 22 54658
1 36 16688
37 45 60939
5 16 61372
15 16 67298
27 36 34689
7 48 22770
11 21 41621
1 9 21646
24 30 27854
20 28 33247
8 25 19967
7 32 37191
9 41 45428
14 32 55232
21 22 47431
8 14 20804
4 31 55798
0 38 28059
9 20 47821
3 13 19960
14 44 56327
29 30 43425
3 48 64995
4 44 62217
42 49 51725
13 22 30835
4 36 44674
11 24 12255
8 47 49304
28 37 20218
25 40 56913
21 30 68135
9 25 23299
5 24 60427
3 20 65432
9 15 60131
18 22 25339
4 47 37052
36 46 23920
1 27 43194
5 27 12441
17 32 33887
17 31 10384
18 37 47869
23 35 19119
3 32 47816
18 39 10816
28 33 17059
13 40 18017
9 24 60780
13 49 39163
36 44 64345
34 35 34205
46 47 46300
6 13 68704
2 38 15929
17 24 67135
9 14 55520
22 33 30327
5 18 58581
29 43 17880
37 41 29382
10 42 56715
23 48 31179
41 45 19809
5 8 52147
12 46 21310
5 36 35148
9 36 31341
2 21 35230
34 41 20484
39 45 33783
10 31 11259
6 25 20869
12 24 23794
12 36 20378
13 23 10827
25 33 36753
14 39 39581
9 30 30987
18 48 27533
11 46 68744
15 40 37474
23 41 51738
8 39 45043
7 13 36177
34 44 69810
5 49 54320
15 28 21697
13 38 42279
15 45 42901
10 37 29577
33 38 61661
30 43 29615
24 29 62900
28 30 11469
7 47 23904
2 45 26352
15 46 36618
17 25 45246
4 12 63725
14 40 47102
14 48 21171
24 41 64984
3 24 10113
3 19 47108
21 31 27505
6 12 23083
16 26 13861
37 44 69229
35 36 44071
19 29 31394
0 41 67972
9 16 23687
9 34 25274
14 36 55157
0 36 49865
10 22 37226
34 37 51619
25 42 13704
6 17 69505
20 44 24519
6 39 45424
17 44 13307
15 27 56278
1 5 50466
21 49 14777
30 39 22324
2 10 18960
8 45 53538
40 46 69713
0 28 12684
30 36 42782
8 19 20883
1 21 19811
9 33 55039
7 35 57992
10 38 37316
7 17 68122
0 5 13995
16 19 48687
7 30 54335
38 41 35389
11 17 46658
7 20 68023
25 28 62806
1 25 43957
3 35 60030
6 35 42174
13 46 37718
16 25 15876
27 28 53821
0 29 64381
6 48 51300
7 33 57128
17 47 50658
34 40 43909
35 38 61905
10 49 62982
7 46 52869
26 30 57585
6 28 62695
6 16 67697
5 21 30367
39 46 25720
24 38 17507
1 48 15405
40 45 25854
19 26 56966
28 46 25669
12 31 29849
3 4 35652
20 32 22147
29 48 67381
15 42 24452
8 33 20169
8 40 60186
32 35 10551
13 41 22341
1 26 44502
4 5 38269
0 46 28217
39 41 28322
6 24 32649
10 13 21659
4 16 15450
16 43 25449
44 47 55568
21 34 19497
38 44 30574
25 48 50580
22 25 67083
37 46 35411
20 45 48276
9 37 39592
21 44 51131
27 33 67926
0 30 57140
6 46 19128
18 34 67034
19 25 24951
46 48 38977
2 37 32685
14 16 37098
3 29 48501
12 30 59280
3 37 59410
42 44 50829
6 41 11973
4 45 11750
30 40 25331
14 35 40242
0 45 42110
17 28 43653
12 19 15034
27 41 53770
12 42 61246
10 35 30483
41 44 51480
24 42 10743
14 20 63200
11 32 44202
1 28 19968
23 42 28610
21 24 22477
20 42 49560
19 22 21884
3 11 32545
40 49 48842
20 29 31012
13 42 29578
13 43 63793
10 41 12131
26 39 64406
34 38 30891
27 47 50632
4 13 65828
29 39 20300
14 34 31461
14 18 67801
11 27 34194
17 38 46792
27 31 50186
35 41 18446
10 17 32587
18 46 55220
8 22 14358
41 42 23833
5 39 27845
28 44 55839
5 30 36719
23 47 21045
1 11 42183
21 23 46687
26 49 39655
11 23 54661
23 36 38389
19 46 63682
0 26 29348
19 49 17230
1 46 24693
21 36 48927
4 11 11022
9 35 38968
3 36 55475
20 48 44056
11 47 19599
27 48 51303
19 27 66500
19 40 53203
21 40 61246
4 43 30693
18 49 29994
26 31 41431
17 43 51282
16 17 64725
10 26 26650
3 12 55641
43 44 30700
7 43 56639
14 26 41479
13 21 57419
12 18 67684
18 35 13661
22 47 46248
11 34 49481
15 31 10464
4 18 14636
11 13 55306
7 15 41956
40 43 34009
16 48 69999
5 44 33025
6 26 35031
10 27 51109
12 21 18499
19 21 69088
10 44 60709
12 41 11944
16 24 65587
5 14 43911
23 43 63191
9 40 38422
23 46 16048
10 15 46764
5 42 19703
10 43 10772
3 31 63415
12 25 65344
2 47 31472
14 21 62196
31 47 48965
34 39 31033
10 28 12021
31 37 64770
37 38 67281
16 47 51502
22 27 17376
6 7 24059
2 36 36807
27 49 49332
3 23 48068
0 35 48949
9 18 12356
19 41 13098
32 38 30057
7 44 32999
20 24 24328
1 10 32908
22 45 34943
24 27 32057
2 43 66820
14 42 40276
38 46 60479
1 44 25010
17 41 17040
24 26 22325
32 36 37925
12 48 22597
22 42 29811
13 27 11539
27 29 14792
11 28 68777
1 23 32572
15 23 16813
1 47 15688
16 39 41995
36 40 10457
20 36 23064
9 28 56054
15 36 49408
12 34 14539
12 37 34121
12 15 40499
25 26 16895
12 29 49362
5 15 12698
17 37 52037
28 32 63691
23 49 35607
44 45 16980
0 33 37890
3 33 44569
2 41 59399
6 49 40512
30 47 59579
0 17 18581
17 19 52837
30 48 39646
28 41 31178
6 33 12647
19 43 41185
15 33 48113
13 48 23566
17 18 63757
4 26 67069
6 36 29254
12 49 35751
26 36 19669
2 19 54462
6 42 33947
14 25 59077
14 24 59001
10 46 58068
2 17 41718
7 14 18038
28 29 37429
7 19 44416
34 48 60076
30 46 43262
23 38 10022
32 48 19198
7 8 11152
6 40 56734
25 41 20739
1 22 41664
47 49 58455
2 24 29321
8 29 36643
2 46 28100
30 33 62642
15 18 51433
15 20 11427
13 16 40755
12 20 65000
5 37 65184
39 42 49966
3 44 36396
45 48 43077
31 38 59635
10 47 33000
22 44 67024
26 28 60854
18 27 22000
12 17 67234
3 30 32571
6 22 42182
43 45 46806
2 32 66988
26 32 32257
35 46 20067
33 48 19152
3 6 41455
9 48 33362
11 15 18029
30 44 52194
15 24 17168
18 26 66484
32 46 23657
11 19 43811
32 37 36727
32 42 16299
28 34 25244
33 41 38154
3 40 59197
13 18 32386
31 36 45481
14 38 39162
5 20 58782
30 37 30700
26 40 40940
1 4 21782
4 27 39867
17 35 31793
16 38 45925
41 47 37100
13 20 66508
11 42 30249
18 30 13905
23 33 15637
1 19 52506
13 35 36116
19 36 36932
34 47 36103
9 10 59478
10 19 44961
18 40 30440
11 30 66647
2 12 53588
3 47 44097
39 40 52600
30 38 32457
7 45 62539
7 49 67844
27 40 60611
25 39 51735
15 41 30229
44 48 48234
15 17 33040
29 31 31154
23 37 68935
7 29 63980
7 21 55079
21 43 38801
0 14 37915
23 31 31003
25 30 18043
15 29 34422
23 32 51253
1 20 34092
8 11 40059
19 47 45901
25 45 60208
13 15 19134
7 10 24147
1 39 61828
17 36 54095
16 44 44587
18 32 58474
31 34 37682
30 32 30826
25 29 53217
1 17 12281
11 12 23365
1 6 51060
0 6 62893
15 38 65100
14 43 11289
3 15 53269
34 43 28139
8 42 32443
25 47 64346
18 44 34261
17 26 17521
0 21 45289
2 28 62177
25 36 50667
23 27 53333
14 28 38741
26 48 44062
3 14 17424
11 40 20943
35 40 32106
15 21 67632
2 20 30077
3 27 46253
12 45 11601
13 33 26314
16 29 20839
5 13 12218
0 34 66140
12 23 41665
13 25 55435
4 10 68421
6 45 67173
17 46 36494
13 28 13455
18 23 62273
1 38 49926
6 43 56725
17 29 32554
7 39 12368
30 34 51070
8 27 68959
24 47 32032
12 16 38502
43 46 13277
29 45 24842
41 43 21834
3 7 42018
22 34 11046
38 40 41401
39 49 65104
4 49 33152
16 28 51175
7 37 25180
12 43 69405
1 14 52776
19 39 53638
19 48 32386
3 28 54994
6 10 49777
21 25 16194
2 9 40428
28 47 48197
17 21 13366
31 49 19065
16 40 51653
0 2 65639
26 29 58991
3 39 38377
37 39 40336
2 16 13502
27 35 31589
4 34 39294
8 23 47677
1 15 12233
18 45 42571
18 29 62519
38 42 24067
38 48 26731
12 32 63566
2 27 55468
38 43 21835
16 49 38860
40 42 48785
0 11 49158
7 24 38265
26 41 31561
6 47 32795
20 31 12793
0 32 28697
17 42 12571
16 30 18987
6 38 59126
18 41 50769
33 37 22354
40 47 20333
0 24 44564
27 38 30135
5 46 69324
22 26 25083
1 32 12613
2 31 12825
30 31 58815
8 24 54050
1 2 62646
18 28 61049
2 49 26620
9 17 67307
40 44 15115
11 33 55495
2 8 60872
33 42 12726
5 9 67330
21 39 41875
3 42 63654
2 4 58630
15 43 22282
5 34 25214
11 38 21425
32 33 25075
36 43 43912
23 34 36139
1 3 46206
13 32 45180
29 37 29050
19 35 10702
9 38 55513
42 47 63614
14 30 42980
15 34 54836
9 21 18696
10 34 45594
14 47 69805
25 27 19654
5 11 29643
15 48 14592
24 33 10702
27 45 58407
35 39 11898
3 34 27960
8 10 43901
7 27 14913
19 23 42829
10 11 53373
10 36 46788
33 46 36483
4 20 42002
9 45 59070
6 44 51697
7 22 53427
35 42 26287
45 46 37751
35 45 31709
13 30 62493
11 37 12930
8 28 50759
4 46 63195
25 34 58443
3 8 56516
9 44 36175
31 41 55422
7 18 17354
0 23 23911
0 22 67369
36 38 27008
5 22 43554
25 35 11960
47 48 27710
28 42 44103
36 49 13858
10 45 45671
5 26 18003
2 33 18771
28 45 18499
5 10 61376
13 14 55559
16 20 57125
23 25 33378
4 17 56771
7 12 38822
48 49 28947
20 38 13058
33 47 66573
7 42 50656
6 20 65551
4 19 21646
37 40 43558
7 31 10888
8 13 10088
8 46 30073
22 37 37063
24 31 67653
11 29 37427
29 35 50974
20 26 65021
14 23 66579
23 26 36670
28 39 19123
4 7 24288
22 46 10773
19 33 22982
19 28 12101
9 31 30919
6 9 43896
1 30 32744
24 37 22295
28 35 29455
8 31 19868
2 29 57816
0 8 28368
7 11 48690
24 44 28905
15 26 31426
1 43 57406
5 33 21704
17 39 39120
45 47 21194
36 42 55262
41 46 40008
4 48 21282
27 42 27477
16 33 19213
3 5 31078
9 39 67047
0 9 12329
23 29 38241
16 42 63625
21 37 51142
11 35 47365
24 45 17913
16 18 64058
6 27 60347
18 25 32157
13 34 24977
19 44 34242
22 36 54901
13 19 49415
0 27 65840
0 20 16912
10 20 49373
15 47 24208
30 45 67745
3 17 68278
1 8 57777
7 16 55150
21 38 19981
32 34 26896
2 42 66344
9 19 65243
7 26 69047
0 7 29769
29 47 34862
26 37 18259
5 47 62990
20 43 31909
8 49 32731
0 1 31230
33 45 25533
4 35 13873
36 39 68595
9 29 45589
11 18 67931
13 31 58941
7 9 19889
10 25 35050
25 32 35326
20 27 64790
33 35 14464
24 25 31165
4 25 11701
32 45 53837
9 27 57516
34 42 69447
1 12 52115
18 38 45293
19 24 66739
26 45 14238
37 48 14331
37 42 15225
26 34 69482
25 31 13378
27 44 47137
3 18 34343
19 31 33780
41 48 40126
29 36 68395
2 3 56512
3 9 61356
1 24 23928
20 35 12527
11 41 12093
31 33 11659
43 49 22600
19 38 61034
27 34 21548
0 42 47651
14 37 38502
9 12 28481
13 36 64258
17 20 11810
8 12 42325
8 34 48095
17 27 59326
0 16 53914
28 36 42352
3 43 46761
11 25 62796
4 39 46590
0 25 51093
40 48 68021
25 38 58214
5 19 66614
30 41 57300
36 48 34700
12 39 30393
20 49 39568
7 40 33094
8 35 29047
4 42 30923
20 39 59165
8 41 43717
2 40 33016
25 49 60825
15 44 56318
13 26 36193
21 27 24515
28 31 46111
12 14 16837
21 26 42996
5 41 40368
20 23 18647
5 23 15321
10 24 18462
29 42 20116
16 45 11377
18 33 62957
23 28 56877
20 46 64173
22 40 39547
35 37 50112
