50 50 1103
25000 25000 25000 25000 25000 25000 25000 25000 25000 25000 25000 25000 25000 25000 25000 25000 25000 25000 25000 25000 25000 25000 0 25000 25000 25000 25000 25000 25000 25000 25000 25000 25000 25000 25000 25000 25000 25000 25000 25000 25000 25000 25000 25000 25000 25000 25000 25000 25000 25000
2609 3292 6739 8933 6803 5984 10355 7650 8084 4246 5219 5776 6641 7816 4374 3847 5033 6429 6719 3660 7358 5396 5219 8345 4182 6387 7391 5542 5038 10349 6400 5558 6051 9568 3792 4898 9064 7159 11178 8697 4781 6033 6661 5299 8845 11656 9977 5301 8663 3947

2368 1148 3204 4509 4028 2752 5457 3845 4791 2504 2396 2628 3220 3859 1838 2266 2285 3117 3299 2596 3680 2582 2296 4205 1779 2994 5115 2491 2189 5399 3046 2499 2838 4940 1446 2351 4642 3507 6634 4369 2035 2890 3943 2607 5984 6919 5919 3574 4385 1538

38119 28711 4914 17161 44553 7030 26409 19622 50450 35490 13876 9147 14977 9987 21848 35330 20546 15111 25670 37312 29954 23679 9828 13734 19303 6568 57472 8895 11180 22957 12390 7341 15489 21294 21806 22713 18992 16657 67393 15523 12297 23856 48568 27686 66066 66973 59161 44864 16203 22621

94158 75406 32372 11548 94124 35112 29982 21024 105322 79267 29681 21275 20071 28595 64292 80186 47630 25921 53179 95094 61702 69206 23096 42165 48700 24701 135170 25118 40527 60515 47246 30416 52911 19804 61669 53847 15191 17163 141838 16712 34762 49569 105288 76944 142841 137025 121516 110118 12183 58878

1432 1277 1715 1883 566 1580 2152 1577 838 876 1061 1250 1363 1923 1524 955 1016 1318 949 1655 814 1789 1133 2087 1015 1583 2005 1269 1379 2512 1815 1381 1823 2008 1383 947 1901 1497 1685 1925 1108 908 1169 1798 2040 1600 1240 2003 1836 1237

29389 21549 6421 15994 35203 3514 23701 16197 40108 27663 10383 7483 12332 10627 15840 27251 15232 12444 20193 28704 23757 17769 7029 12654 13919 6260 45474 6253 6966 20326 9090 4947 10956 19446 15805 17035 17517 13730 54202 15093 8371 18684 38375 21102 52622 53852 47354 34986 15197 16483

181956 151443 81972 45118 179349 86890 28499 43134 199791 153664 65767 58805 48555 75277 138615 155294 97584 53176 107361 187467 122469 147325 56998 99391 102384 68433 259515 65619 96429 131920 108338 78565 118381 37594 126439 108605 40319 50569 262507 54213 78328 100962 199791 160389 266358 256048 228497 214099 46244 120958

70158 56137 33391 20160 68960 32030 26544 6370 78353 57158 16770 13571 8861 34044 51550 57907 31390 10985 35882 72690 42824 57376 12741 45125 33595 25346 105796 16702 32220 60071 42892 24339 46527 21820 44649 36454 21085 12128 107171 24366 22542 32942 78353 60248 108940 104203 91544 84928 20704 42130

1719 1555 2020 2186 797 1877 2480 1869 697 1127 1324 1525 1646 2242 1817 1211 1359 1593 1205 1956 1061 2099 1395 2416 1275 1880 1940 1538 1663 2869 2127 1665 2135 2327 1668 1203 2218 1789 1599 2239 1374 1156 1050 2109 1977 1509 1125 2149 2144 1511

1038 879 1459 1709 1024 1320 1995 1402 1305 464 869 1050 1181 1674 1133 546 738 1134 1066 1268 1206 1406 928 1875 768 1323 1950 999 1145 2314 1562 1115 1500 1846 988 667 1736 1318 1983 1748 832 916 1087 1416 1986 2088 1720 1628 1668 837

282030 211282 141015 156813 275986 123980 205925 104130 324205 216434 12638 46089 66146 165880 198300 220212 86408 58178 109075 294806 144106 241573 25277 212999 97536 105504 461992 48149 106122 288418 178793 81738 185456 180442 162789 111960 161484 89774 468792 165811 55499 94239 323380 245901 477721 453818 389938 356556 149807 140603

50691 38013 17684 20961 51754 16554 32069 15322 59686 41572 8429 1231 9073 20938 32781 41335 20566 9254 24295 52228 30058 37595 2463 29549 19775 11074 79235 3830 16712 41956 25571 10170 28589 26227 28724 24385 23131 11333 83247 20927 10350 21854 59166 41335 84557 81009 70500 62387 19673 26656

87703 68425 38207 29484 86090 36375 42477 15319 98955 70203 15832 11526 5185 43485 62653 71210 35513 11563 41561 91111 50906 70496 10371 57448 38482 27377 135275 15741 36631 77569 50998 26021 55891 35788 53362 42330 30731 11599 137529 32581 23565 37602 98735 74362 139911 133534 116492 107586 27615 49972

8994 7014 1953 3076 10270 2400 5044 4089 11525 8342 3428 2289 3530 1217 5553 8308 5162 3558 5938 8844 6878 5947 2434 2672 4897 1741 13134 2275 3283 4634 3544 2352 4204 3955 5544 5623 3465 3423 15131 2520 3406 5551 11125 6799 14963 15041 13379 10451 2868 5718

22109 13806 17181 27575 34163 13983 36054 25399 39559 23393 16297 15828 21148 21809 7310 21709 15513 20779 22678 21463 25368 12569 14621 24038 11931 16866 39913 14091 11169 32479 15843 13360 14375 31372 9640 15974 29250 22701 52897 26598 12776 19787 33563 13114 48346 54681 47531 28374 26698 11815

16807 14001 25640 30561 19556 22905 35602 25154 24505 9679 15763 18421 21255 29433 18478 8135 13451 20437 19232 20868 21699 23300 16271 32126 12619 23236 35094 17533 19253 39867 26303 19556 24957 32986 15933 12196 31041 23680 36455 30709 14579 16581 19881 23476 36497 38302 31816 27205 29842 13261

10299 7390 7031 8472 10011 6048 10492 6305 12559 6963 2542 3918 4743 8551 6856 7119 1531 4415 4164 10825 5152 8788 3062 9992 2712 6068 17458 3782 5031 13093 7754 4593 8294 9443 5401 2666 8664 5714 17692 8842 2599 3101 11362 8989 17709 17551 14924 13365 8184 4483

175305 136474 78453 73100 171987 74683 92515 36644 198000 139301 27445 23562 23034 89311 126332 141375 67935 11423 80376 182317 99603 144881 22846 118038 74042 56173 274079 32233 75211 159433 104768 53383 114834 79433 107218 81959 75663 36305 280374 79396 45918 72233 198000 150423 282712 269592 234531 216209 69254 97680

14104 10872 9452 10186 10309 8668 12441 7754 12529 10040 3542 5082 6005 10597 10274 10214 4313 5638 2061 14718 4237 12438 4123 12767 5635 7817 21789 5177 8073 16239 11122 6723 11726 11267 8646 5230 10401 7099 19186 10594 5350 2795 14964 12662 22071 18497 15556 17561 9863 7618

4719 4738 8597 11897 10320 7583 14113 10500 12031 6905 7254 7875 9152 10064 5467 6371 7005 8870 9277 3656 10130 6729 7312 10878 5869 8497 9506 7622 6695 13554 8172 7390 7707 13238 5406 7151 12428 9845 15675 11583 6547 8360 10130 5845 12180 16314 14559 5847 11614 5613

2204 1718 1581 1691 1302 1463 2030 1326 1635 1593 693 924 1063 1760 1628 1619 733 1008 555 2296 390 1953 780 2079 931 1335 3066 939 1298 2600 1756 1171 1846 1853 1384 871 1722 1227 2673 1752 889 505 2041 1987 3108 2532 2090 2723 1643 1229

33087 23443 23170 37575 50155 19559 48702 36072 57236 36022 26166 23493 30494 29263 14919 33813 25682 30655 35084 31815 38614 11166 22333 29102 20982 23524 56025 21214 17380 40178 17905 20255 15978 42538 17975 26288 39775 32512 74738 35911 21002 31291 49368 15978 67091 77038 67697 40884 36405 20830

29547 21819 12087 14277 30208 10393 19877 9670 34960 23989 3801 2252 5847 14071 19650 23844 11199 6260 13471 30993 16984 22873 0 19319 10703 8017 46945 2293 10145 26881 15889 6157 17728 16757 16158 13513 14856 7665 50147 14257 4959 11984 34713 24051 50189 48040 41634 36675 13492 14897

19258 15154 4883 8660 22473 5240 12851 10822 25140 18677 8930 6798 9435 4715 11943 18148 11947 9496 14265 19106 16203 11616 7106 3553 10898 5631 28226 6684 7117 7725 6509 5973 7911 10537 11924 12593 9496 9405 33421 7486 7881 13444 24198 13429 31946 32615 29081 22522 8227 12293

32600 22120 24063 31410 36263 20115 39682 24603 43406 26098 11050 13644 18976 29538 20197 24684 10012 17796 19495 34493 23056 27157 10541 33424 5270 20594 59259 12362 14845 44597 26668 15282 26495 35297 14936 10622 32488 21866 64743 31379 8099 15669 41636 27879 64804 63420 53958 43640 30250 11650

19133 14415 4124 7502 21736 4258 12148 8180 24693 17191 5611 2952 5851 5337 11613 17111 9697 5918 11525 19369 13673 12852 3268 8547 9073 1634 29479 2801 5623 13172 7620 3075 8745 9583 10952 10784 8420 6693 33190 6967 5560 10615 23935 14794 33148 32667 28750 23156 7022 11361

175156 190444 281463 355282 238383 258749 406770 325852 225170 205569 253234 264755 294457 314332 211356 210756 242970 289434 287742 170788 273327 239639 248102 332568 222222 279224 124051 257875 238875 392519 271962 254436 261534 380835 205405 233251 365874 308872 262243 348348 234998 267212 177231 219819 183947 276549 279934 151733 352989 210046

31417 23339 11056 15023 33379 9282 22113 11424 38298 25597 5582 2430 7436 13292 19279 25460 12766 7551 15708 32571 19387 22351 1601 18629 11698 6794 49650 800 9022 26549 15038 4846 16963 18384 18146 14626 16408 8878 52990 15002 5683 14150 36827 24738 53033 52629 45921 39055 14201 16091

22292 15532 8585 15815 27305 6079 22449 14122 31534 21286 7458 6609 10790 12212 11525 20448 11037 10887 16351 22629 18460 14092 5916 13959 8953 7422 37089 5247 2958 20575 9380 4675 9917 18779 10579 12122 17129 11995 44699 15038 5121 14086 30040 16086 42325 43386 37782 28046 15128 11164

35887 29205 12480 18630 41122 13061 25455 22151 45465 34940 19069 15598 19892 12207 23976 34080 23982 19991 27757 35640 30912 23444 16099 10314 22275 13699 50490 15413 16118 8049 15128 14256 17411 21687 23945 25034 19991 19843 58502 16718 17362 26420 43931 26395 56547 57636 51882 41202 17925 24545

12035 8916 3727 7937 15528 2988 11116 8229 17556 12413 5826 4628 6632 5471 6476 11884 7270 6678 9817 11792 10828 6101 4440 5425 6843 4123 18722 4120 3693 8596 2220 3580 3285 9358 7288 8021 8567 7210 23593 7374 4435 8731 16331 7478 21757 23235 20550 14388 7608 8162

16816 12300 4673 8907 19038 3674 13346 7880 21863 14695 4330 2861 5655 6838 9623 14610 7526 5719 9982 17041 12034 11338 2398 8891 6931 3300 26701 1952 3900 13310 6886 1199 7961 10895 8991 8573 9784 6460 29982 8388 3574 9112 21992 12670 30199 29780 26037 20660 8448 9382

33291 24043 13451 25678 45466 10386 35106 25927 51477 34720 17347 15249 21192 18623 16808 32845 22433 21329 29985 32571 32982 15695 14693 18486 19385 13751 53121 13742 10951 27888 8982 12141 7346 30148 19402 23889 27802 22904 67566 24266 14025 26766 46032 19779 62514 69570 61607 40269 24685 21808

946126 772783 372672 171891 941607 399465 229188 203364 1052973 801673 322800 261306 229995 336196 681269 810550 496143 258078 549405 987768 631719 728398 261790 467575 512606 298912 1361570 298428 451435 644793 516318 354111 575875 130895 640112 556184 145421 201588 1394657 221440 377998 514543 1052973 803126 1415639 1359472 1209370 1121245 178024 610899

11074 6516 9745 14620 17265 8055 18070 12049 20125 11582 7198 7592 9802 12191 5780 10692 6792 9607 10578 11927 12000 8559 6353 13369 4891 8961 21336 7495 5951 17830 10200 7109 9514 16229 3176 7028 15116 10875 27174 14096 5378 9051 16956 8848 24582 28075 24330 15579 14222 4326

15829 11730 12055 14909 14887 10463 18181 11400 18098 9950 5307 7379 8870 14516 10865 10202 3806 8340 7557 17293 9159 13994 5984 16447 4154 10495 26946 6793 8459 21470 13235 8116 13697 16483 8500 2992 15221 10444 27326 15353 4886 5837 17073 14319 27353 27097 22842 21406 14443 7022

260549 211357 97602 40426 259264 105128 73603 59561 291477 219479 83331 65940 56946 87232 185247 222003 132614 73007 147849 269818 171160 198738 65986 124584 137295 76540 378755 76494 119995 174969 138442 92233 155375 45566 173638 149685 32993 48961 388070 54606 99025 137846 290926 219984 394035 378067 335391 310337 42170 165240

137814 108160 60774 37261 137095 58008 63568 27330 156514 113056 30982 20497 15076 61549 97731 114578 60691 24757 69875 142959 83983 109515 20525 84066 63513 44425 209073 26860 58395 114439 80082 42378 87468 46721 85421 70981 39142 10262 214743 41936 40442 63900 156127 117123 218284 208713 182987 167828 34439 80359

45190 41683 54470 59493 29821 51403 65177 52117 27688 32544 40378 44494 47243 59211 47631 34351 38581 46820 37823 48504 35461 53659 42775 64357 39250 51465 40960 44335 48318 73399 57395 46882 55712 61907 44450 37012 59475 50292 21387 60630 40660 36889 30385 54285 34060 23696 24243 45428 59070 41092

22574 17974 7146 4104 23542 8089 8618 6428 26371 19848 7822 5211 5621 5744 15256 19762 12226 7047 13579 22804 15670 16305 5658 9081 11939 5543 32644 6154 9417 13583 10795 6937 12308 6121 14604 13612 4997 4907 35329 2829 8519 12693 26231 18261 35444 34157 30344 26490 3636 14436

80057 56481 38011 53182 85773 30699 70728 39587 100523 63100 15801 16494 27925 49316 49862 62659 25677 26917 44210 82915 51564 61965 10086 58183 22567 30846 133135 13847 23134 81255 43390 19877 47404 61209 39209 31140 55409 33472 142906 53119 5043 36309 95817 63289 143032 141855 122313 103360 50787 35364

58028 43758 39723 42962 45043 36260 52917 32225 54677 40086 13627 20427 24504 44777 41119 40854 14800 22884 13348 60736 18235 50669 16196 54356 20636 32504 91957 20846 31401 69686 44861 27673 47528 47737 33928 18849 43884 29335 84235 44763 19379 8098 61825 51661 93199 81191 68206 73289 41538 29391

11687 10319 16111 18256 9625 14832 20714 15620 8793 7559 11041 12598 13719 17960 12502 7885 9913 13320 12732 13667 11825 14853 11550 19329 10071 15090 13193 12158 13052 23103 16310 14031 15654 19439 11261 9301 18490 14901 14420 18590 10725 11440 5775 15097 13994 15320 12357 14935 17905 9951

19812 14312 16981 25818 30875 14743 32575 23312 35262 22118 16250 16268 19856 20756 9331 20750 16000 19556 21825 17087 24012 9543 14550 20656 13087 17100 32087 14856 12481 27518 13718 14262 12525 28893 11225 16375 27181 21506 46393 24875 13050 19475 30675 7275 38943 47856 42043 22706 25093 12993

107792 115691 168663 190737 120397 157010 210766 169251 113618 103562 131938 144628 153760 185526 134768 109304 122750 150511 145721 113954 138325 149278 136084 193650 124879 163256 89976 141042 142499 224408 164573 150483 160511 200373 123367 117764 192641 163396 108212 193454 129361 135188 93057 139110 68042 115551 117288 104178 187935 125748

50320 46673 57109 60151 29943 53921 66703 53124 27725 37172 40919 45381 48057 62039 52583 39050 40589 46994 38262 53765 35074 58814 42605 65905 40553 53307 45922 46572 49175 75966 59473 49220 61003 63303 49184 38958 60774 51227 25572 61352 42752 37291 34927 59519 38748 21302 24143 50567 59235 45803

13547 12443 15576 16502 7348 14610 18481 14368 6676 9565 10672 12024 12834 17069 14205 10134 10572 12512 9867 15145 8902 16103 11183 18240 10561 14424 14940 12384 13172 21287 16292 13186 16755 17451 13197 10078 16686 13794 8777 16860 11227 9573 9046 16305 12767 8172 5591 17640 16219 12151

1568 1572 2542 3371 2975 2287 3928 3020 3140 2117 2205 2361 2682 2911 1756 1983 2142 2611 2713 1300 2927 2073 2174 3115 1857 2517 2006 2297 2064 3788 2435 2239 2318 3664 1740 2179 3495 2856 3556 3292 2072 2483 2603 1850 2678 3717 4040 1087 3300 1792

101089 81178 34056 14036 101528 37057 34221 24448 114155 85625 31329 21905 20807 29883 69009 86632 50983 27212 57059 102699 66392 74352 23899 44780 51935 25656 147937 26114 42986 64873 50343 31915 56510 23076 66429 57791 18025 17622 155129 16909 36673 53106 114118 82825 155275 148907 131888 119151 11949 63080

7969 4856 7095 9693 10916 5941 11999 7886 12864 7029 4190 4847 6351 8766 4903 6421 3907 6030 6493 8552 7464 6801 4001 9570 2614 6560 14979 4498 4503 12617 7978 5294 7448 10753 3124 4073 9987 7090 17673 9684 3335 5450 10694 6998 17196 18323 15742 11047 9376 2000

26 29 23970
2 14 62036
3 11 35952
7 43 18902
28 44 13962
8 20 64613
27 40 11940
22 34 44819
9 36 21111
35 46 27820
45 48 22480
15 42 36833
21 30 59477
23 45 12559
25 38 32799
9 31 42428
8 9 59896
38 48 30464
19 37 60414
12 32 24765
22 41 26147
34 47 17330
26 48 52103
29 44 68313
14 37 28751
0 32 20334
9 12 36648
20 28 13207
5 41 65038
13 40 23072
33 49 43109
21 43 19007
24 39 15107
16 27 69061
31 47 27909
6 39 31212
28 32 63673
2 44 41993
25 45 18174
32 43 26926
0 4 11955
30 38 30654
36 45 65903
14 35 61432
27 30 33213
16 36 40844
25 42 46003
17 36 35251
3 45 61308
34 39 36416
36 48 62159
1 33 17454
16 29 55889
9 32 56404
24 35 15766
26 28 26782
32 35 66738
12 22 54557
1 15 29989
3 30 61776
4 35 67629
35 42 63098
2 39 22925
20 36 24878
16 30 14300
16 42 52978
16 41 58233
8 47 20115
2 15 37113
15 23 66407
21 49 37042
12 40 39068
0 28 39203
1 9 32944
27 49 30499
36 41 14558
13 15 63788
35 47 66502
7 17 39810
26 43 55095
11 49 45060
11 48 44111
28 35 14691
2 5 43092
37 48 30515
2 18 32600
13 24 59874
21 36 39395
39 40 17156
0 20 32006
36 42 43313
0 21 26927
34 35 37246
15 27 56239
11 38 41805
14 27 41547
13 45 51359
11 42 30037
5 18 63805
25 27 18471
10 40 38587
20 34 30846
32 39 47539
14 26 67790
3 48 65933
10 19 20180
5 8 12348
0 26 11862
10 31 28825
20 38 54301
21 42 69100
4 20 63885
23 35 40554
15 20 13790
16 25 49119
1 39 61069
20 39 36390
8 29 51136
2 40 42607
43 48 55689
24 25 25284
8 41 15919
14 17 12615
14 30 52530
2 9 14300
8 13 56563
6 23 36219
7 32 55659
10 27 16600
19 33 30024
10 33 16272
20 31 57330
7 8 63013
42 49 53811
16 48 55119
35 36 58946
6 28 16134
26 36 69610
4 14 12950
20 30 34959
15 35 66053
22 38 12050
19 32 40986
14 42 36607
16 21 27983
10 48 20105
21 34 39818
41 47 66517
9 47 61241
18 22 12424
14 48 52205
4 29 16524
6 33 30487
26 47 66964
18 47 11196
11 30 34787
34 42 53526
3 12 37416
34 40 32589
2 25 12268
4 24 69583
11 24 51004
0 35 59598
17 37 14737
1 11 46958
44 45 56860
21 25 63683
33 43 53092
18 36 56469
5 36 18776
24 48 18050
14 16 52522
9 19 20826
18 29 49036
22 32 31271
30 41 50952
4 15 59141
25 26 61089
17 41 47468
16 40 62524
7 22 15656
39 44 41816
13 41 21190
3 10 36143
25 29 38779
1 10 22387
30 40 13072
17 32 34447
38 47 61946
5 44 47804
2 37 36716
6 35 13670
2 32 28808
11 27 38456
5 38 18407
7 25 65766
27 34 25315
18 48 24233
5 34 48857
10 43 11784
15 17 33009
12 48 56907
0 48 66449
33 46 55978
27 29 48085
12 41 27719
31 48 36929
9 11 37226
37 38 30950
31 33 14397
9 18 41892
4 38 36606
11 44 58356
40 43 53083
11 29 14891
39 42 39277
3 34 17612
22 26 17964
38 45 63724
8 37 69558
11 41 67911
18 24 42582
1 27 25370
2 4 26718
1 38 11038
24 30 33777
19 29 34626
0 16 26353
0 11 48010
6 10 13482
7 18 40280
20 37 23161
14 46 12531
43 47 48871
31 43 69139
35 38 50617
3 15 18732
5 26 36068
0 22 29985
22 25 39683
24 43 52608
35 48 14019
11 46 66289
10 17 53106
16 38 57102
26 39 11180
29 40 22382
16 20 16856
1 18 31287
10 18 28248
6 40 28556
10 42 29197
23 33 60831
46 47 43926
9 37 45916
9 21 14011
7 47 19846
0 8 22684
8 23 42507
17 25 57856
7 23 26167
6 19 24930
42 47 23160
3 5 40841
12 35 63801
39 49 22298
0 38 33600
28 48 12533
13 27 60509
10 45 65728
10 39 42216
0 18 55259
36 44 69748
11 36 50647
32 48 50507
21 23 68992
21 28 63970
21 38 62889
19 46 15848
2 33 25256
29 39 33280
41 45 46547
9 25 56597
20 45 24110
20 32 20473
22 24 44655
14 49 40264
24 36 30319
3 31 57339
31 35 12770
0 14 30317
19 49 13505
32 44 39843
1 7 43477
14 15 56490
16 47 33644
7 40 67919
20 33 32232
18 39 48320
19 27 10569
17 43 27960
37 43 32678
22 29 67972
47 49 39850
23 27 13324
11 25 48478
23 38 38841
11 20 19437
42 45 41367
0 41 56832
2 36 34693
9 16 16789
20 22 33379
9 20 21289
18 27 30899
12 29 55995
3 13 55944
18 30 13305
13 14 16313
4 30 43283
2 23 28218
31 38 48773
4 39 58931
37 40 58062
14 38 34393
33 34 57563
28 46 21705
13 31 32311
30 31 19795
23 44 12167
2 17 45023
14 40 49898
2 34 34845
17 33 42994
8 12 19747
3 29 50312
5 48 21472
29 47 60731
0 5 59749
7 46 64982
7 30 59706
31 42 36585
34 46 11770
5 15 35227
4 13 60017
7 38 44812
11 16 21221
1 45 58104
7 31 60260
5 29 39677
16 37 31386
6 49 18477
0 49 30592
26 46 32459
11 21 66539
38 42 54985
16 23 32165
34 38 30386
3 22 29438
1 34 41960
2 13 32553
26 37 64462
37 45 21857
0 45 69541
26 30 37455
36 39 43747
16 39 49853
29 36 61070
10 44 34477
17 24 51744
40 48 68194
15 48 24182
3 9 18328
8 44 22106
2 11 61552
22 49 68346
6 29 69061
25 46 12772
14 43 68592
11 35 59320
11 33 54592
5 49 42120
17 31 67798
5 23 15184
32 33 64579
25 33 64336
35 43 12311
10 25 38886
5 25 24722
20 41 31750
11 15 10845
29 38 59418
36 47 26211
3 35 34845
25 40 58959
11 13 65809
28 33 20734
4 48 50954
28 43 69022
14 33 45212
18 42 32697
22 47 67215
31 44 11536
12 43 53169
44 48 19321
39 45 63089
1 16 63657
11 40 30524
27 33 18003
6 22 62248
20 42 19844
33 41 14738
7 27 34367
6 7 17641
29 46 32065
33 45 41088
10 16 24119
12 24 34376
2 3 69975
5 6 38841
18 45 56126
21 40 22962
29 42 40402
16 24 24479
27 38 59951
13 26 29360
16 35 20288
7 35 10684
19 39 10313
36 38 19309
25 37 58039
2 8 45153
7 19 28666
2 35 11718
9 39 40464
23 37 50130
24 47 16949
13 44 34120
18 32 10654
16 49 37095
1 24 26367
7 42 20498
30 45 41833
26 44 62877
3 16 40282
34 36 16040
1 14 33965
17 20 54401
34 44 40417
30 39 46082
1 37 23242
0 36 38685
31 37 59044
18 44 53644
6 11 53165
1 6 61137
2 48 25146
20 35 15595
18 33 61822
37 41 37602
20 47 24904
10 41 62003
8 27 24897
14 29 55713
4 23 63721
3 43 55362
11 28 35843
7 49 10669
36 37 19481
3 49 48640
2 46 37765
16 31 47992
0 9 59138
10 28 21740
4 19 53011
29 41 29419
2 49 27781
14 45 16975
23 25 13819
23 40 10340
9 49 65200
5 37 39204
11 18 39025
20 24 66387
21 41 34990
20 43 22189
5 35 57523
7 10 62279
4 49 39927
10 46 61487
19 23 29880
13 21 54831
12 16 53490
0 25 56921
34 43 52687
21 35 47210
26 38 42282
13 42 30672
22 31 60023
11 22 51763
14 23 69312
24 46 39930
5 19 41897
0 27 10591
27 36 51670
19 40 24908
21 39 30010
12 17 69451
23 31 44026
23 34 45972
9 14 21933
16 32 39226
17 39 27319
1 40 50959
2 29 35612
35 40 64452
8 30 15290
9 41 23134
4 11 68874
5 45 45218
6 14 14621
9 33 40896
17 38 42191
35 39 10253
4 27 27816
7 11 24877
23 26 47463
37 47 60098
10 37 45549
27 46 49628
29 31 54004
43 45 57003
10 20 19557
1 49 25900
23 49 57594
17 23 61228
9 13 40808
12 46 29746
3 14 12820
10 13 26977
18 31 65719
17 29 24754
13 32 56203
4 46 35180
1 17 17855
18 20 21814
0 47 41774
39 41 23145
26 27 47091
29 48 40647
13 43 58363
10 22 63855
4 16 11543
1 26 42697
5 22 64108
8 17 29359
16 44 69717
6 31 53714
17 27 19457
42 43 45266
32 42 33341
20 40 15603
5 14 32268
11 19 42899
38 46 31503
12 45 32005
13 38 46269
6 47 14454
2 38 51751
2 21 61232
25 32 31431
30 44 59612
5 21 28128
5 16 17633
5 9 24791
32 37 35983
30 42 41590
34 41 56566
33 40 61272
27 43 30823
9 48 39355
43 49 61777
13 37 24678
7 37 40898
26 32 34473
30 37 18785
13 47 12400
20 23 34190
0 2 14641
0 17 21857
1 19 21598
33 38 37983
22 42 27460
10 47 56009
8 43 23024
16 33 61106
19 30 18013
1 30 11435
11 26 65560
33 39 59765
1 44 14809
44 47 39133
4 22 49376
20 27 32938
8 45 58909
44 46 16310
9 17 11063
4 9 30498
9 45 15018
0 42 62335
14 18 63465
38 49 44373
9 46 54112
8 33 18142
9 44 15271
27 35 18584
16 45 39070
46 49 29814
43 44 54917
9 28 43712
27 28 53814
10 38 66515
13 22 23837
0 33 23416
35 44 52524
15 38 49004
32 49 14521
12 36 12679
18 46 62582
10 30 22224
7 28 62444
14 28 67391
40 45 51357
13 34 53963
11 32 30328
19 45 52409
14 34 60273
34 49 31392
12 39 25049
14 19 65291
12 18 35869
25 44 18513
15 22 39663
7 48 19980
3 4 26655
41 46 57077
40 41 40708
18 38 55726
17 49 16890
38 40 25624
42 46 41580
12 20 60704
3 20 34282
13 19 67560
17 28 14119
19 20 28948
16 19 46563
18 34 30784
31 40 31627
8 18 51287
17 48 43008
9 22 24071
38 43 48677
1 36 36507
4 32 68034
7 20 21148
14 31 18915
13 49 58306
3 17 54683
34 48 33965
1 43 65739
8 19 20551
17 47 42478
3 38 35401
5 10 30532
16 22 11276
2 28 34621
1 2 13382
3 8 69145
23 30 41511
2 10 29006
42 44 40724
18 21 44358
21 46 65431
22 36 38283
15 29 60620
5 28 24378
2 24 26988
2 12 21403
21 33 46006
27 45 68275
3 47 54411
23 24 12219
12 23 59094
8 42 33061
18 49 22395
15 41 10241
31 32 41976
13 23 10700
6 24 54924
28 38 18083
40 44 18581
23 29 17618
4 37 50562
3 24 43982
17 19 38150
11 45 51838
8 16 20745
14 25 53675
19 25 50982
7 24 64400
12 49 24823
13 33 33848
30 47 38757
18 41 20254
32 40 14273
12 44 29376
28 45 34632
3 39 43404
35 45 40780
0 40 22780
30 49 53821
6 43 37333
19 47 24999
13 20 42914
5 33 60394
48 49 37394
7 45 43156
18 28 44513
31 34 50237
8 21 40222
25 28 52596
6 36 58818
24 32 47840
19 36 33157
22 40 44943
13 17 28132
44 49 27137
10 49 55688
3 28 11806
8 26 20261
3 36 62230
15 32 38773
20 49 56252
27 47 30986
21 44 49027
4 43 12667
13 29 62506
29 37 13658
3 7 46071
2 31 45428
5 27 38582
11 23 29891
26 35 12760
5 7 53581
33 35 14948
15 21 15297
13 16 20975
19 48 60247
5 20 49810
7 12 61212
12 38 30468
9 34 44548
0 12 62173
6 46 20451
22 44 19848
20 26 37115
38 41 50726
17 22 36985
22 33 34945
29 49 64676
43 46 59390
16 28 27175
10 15 33448
4 5 45641
5 32 60304
9 30 12474
21 22 60452
14 20 52809
7 44 28275
25 43 36522
8 24 40379
27 44 56857
13 18 68557
37 49 55283
22 43 40438
24 34 13504
15 46 60580
18 26 63556
9 29 63751
28 36 52532
25 49 66910
5 39 36361
15 24 27079
18 35 11224
12 47 58955
4 12 36927
32 41 50482
38 39 39681
0 24 16055
22 27 15427
25 47 34356
4 25 65445
36 40 44745
5 31 57804
29 33 53228
17 34 47191
13 35 12420
1 12 55822
10 26 42143
4 45 30695
13 25 22344
34 37 12521
18 25 29695
6 9 33043
7 26 57804
0 10 12275
24 40 48690
0 44 60526
0 3 65831
1 31 42440
10 36 55200
4 41 14882
23 46 20943
19 26 12279
12 19 16107
16 17 69899
47 48 51349
30 36 56589
0 7 39579
3 6 57404
1 48 14158
31 36 16077
15 47 64991
25 39 61046
12 33 63881
14 41 60362
6 45 38237
15 28 66301
30 32 46183
22 45 10379
0 23 39138
1 29 10669
32 38 12900
13 48 10975
23 39 33712
11 43 12847
4 36 13250
7 14 12401
3 19 15515
5 13 21223
31 45 56984
4 34 60716
28 39 38249
28 30 67928
23 47 62995
15 45 44356
11 34 19968
12 31 44343
23 32 43087
39 48 61690
8 49 43890
13 46 47246
12 26 67767
14 22 51023
9 26 38291
17 26 61647
2 30 41384
18 37 66528
11 47 10089
25 48 29710
28 42 19049
2 43 51370
20 48 30379
4 31 34093
7 15 52346
35 49 66235
28 31 36940
5 47 67739
0 13 20778
0 34 42455
16 18 31105
36 43 67763
10 21 33170
6 13 59354
45 46 17832
5 30 38307
11 31 33709
12 15 39943
1 42 24793
29 45 66796
17 46 31632
15 18 10825
3 40 56184
24 27 29398
22 48 51848
7 16 24475
27 32 21044
1 23 35375
23 41 33145
18 19 33276
3 32 55085
4 7 42195
4 26 26788
12 42 27606
28 40 18430
22 23 21276
17 35 23840
4 21 45370
1 13 19015
29 35 34619
13 39 29967
9 24 40120
13 36 44524
35 41 65281
28 49 29473
15 37 52356
21 37 45730
5 42 65325
10 29 22298
8 15 60523
7 33 62120
17 21 43930
19 34 13490
25 41 60447
21 47 15470
19 44 55339
14 24 14921
9 15 26514
4 40 32856
24 45 50209
7 36 61933
12 30 17940
33 36 34546
2 41 18720
37 42 47689
5 40 42976
20 21 29997
31 46 61530
0 15 30488
40 47 51155
2 6 38291
5 43 62599
31 49 33417
33 42 12814
17 42 57879
11 39 52890
6 30 67313
1 35 33608
4 28 48214
0 19 31753
7 29 36274
19 42 52476
11 12 65683
32 47 39764
15 49 42922
24 42 11152
0 6 37245
4 47 59986
21 31 39809
0 39 60101
2 22 52338
24 49 43884
14 47 20183
4 10 29026
3 44 64747
10 23 57873
19 38 62003
19 41 36886
1 3 61545
12 13 34633
15 44 18040
32 36 29835
7 39 27231
25 34 41457
9 23 44792
25 35 15109
1 22 36489
24 26 42104
10 35 50861
18 23 26845
28 37 63857
32 45 29277
8 48 21464
19 21 11681
12 27 11183
4 18 66529
3 37 24976
3 42 38429
27 41 68658
17 40 66928
12 34 40672
0 1 50995
19 22 52954
40 46 62999
18 43 10020
15 43 47700
23 28 63014
37 44 14165
22 35 14586
14 36 66701
40 42 38799
9 27 34769
7 41 26535
32 34 56030
14 32 18369
26 41 13469
6 15 13282
6 41 44858
1 8 45573
15 16 54143
37 46 13846
27 31 51572
7 34 13419
19 31 25310
21 26 65396
3 41 26745
2 47 21838
26 49 20371
24 37 55174
30 43 32638
3 23 29441
26 34 37989
21 32 13632
23 43 12394
10 12 43130
29 32 25796
6 17 62237
1 20 48286
26 40 42104
42 48 66823
8 10 44986
15 19 10902
2 16 43735
9 38 61521
36 49 69076
16 34 52104
1 32 64990
38 44 12357
9 40 39104
22 28 52705
26 45 68643
17 45 42950
45 49 46419
8 38 24204
6 20 10402
4 42 41814
8 40 40949
6 21 34384
17 30 64328
30 33 38266
15 40 57022
3 25 23768
3 46 66255
22 30 60655
6 32 38305
22 39 51527
6 27 28593
0 29 30541
21 48 29812
6 18 60697
39 43 39507
12 14 64798
5 46 13742
27 37 13241
1 46 68461
8 36 12817
10 14 55345
28 41 15592
9 35 15174
2 19 24448
8 11 10439
2 20 13816
12 25 69542
11 14 46858
12 28 28020
4 33 69944
10 11 18671
5 11 58969
9 42 34327
8 34 25141
28 47 39377
24 29 21349
24 31 51052
1 41 47774
39 46 24146
2 42 19356
41 48 29300
3 18 42739
6 26 52040
28 34 61255
26 33 45578
41 44 21546
14 21 56052
33 37 49320
25 31 36930
6 48 66655
0 43 52137
33 47 22274
8 14 12246
3 33 69454
4 44 48866
0 31 12685
