50 50 1225
25000 25000 25000 25000 25000 25000 25000 25000 25000 25000 25000 25000 25000 25000 25000 25000 25000 25000 25000 25000 25000 25000 0 25000 25000 25000 25000 25000 25000 25000 25000 25000 25000 25000 25000 25000 25000 25000 25000 25000 25000 25000 25000 25000 25000 25000 25000 25000 25000 25000
2609 3292 6739 8933 6803 5984 10355 7650 8084 4246 5219 5776 6641 7816 4374 3847 5033 6429 6719 3660 7358 5396 5219 8345 4182 6387 7391 5542 5038 10349 6400 5558 6051 9568 3792 4898 9064 7159 11178 8697 4781 6033 6661 5299 8845 11656 9977 5301 8663 3947

2368 1148 3204 4509 4028 2752 5457 3845 4791 2504 2396 2628 3220 3859 1838 2266 2285 3117 3299 2596 3680 2582 2296 4205 1779 2994 5115 2491 2189 5399 3046 2499 2838 4940 1446 2351 4642 3507 6634 4369 2035 2890 3943 2607 5984 6919 5919 3574 4385 1538

38119 28711 4914 17161 44553 7030 26409 19622 50450 35490 13876 9147 14977 9987 21848 35330 20546 15111 25670 37312 29954 23679 9828 13734 19303 6568 57472 8895 11180 22957 12390 7341 15489 21294 21806 22713 18992 16657 67393 15523 12297 23856 48568 27686 66066 66973 59161 44864 16203 22621

94158 75406 32372 11548 94124 35112 29982 21024 105322 79267 29681 21275 20071 28595 64292 80186 47630 25921 53179 95094 61702 69206 23096 42165 48700 24701 135170 25118 40527 60515 47246 30416 52911 19804 61669 53847 15191 17163 141838 16712 34762 49569 105288 76944 142841 137025 121516 110118 12183 58878

1432 1277 1715 1883 566 1580 2152 1577 838 876 1061 1250 1363 1923 1524 955 1016 1318 949 1655 814 1789 1133 2087 1015 1583 2005 1269 1379 2512 1815 1381 1823 2008 1383 947 1901 1497 1685 1925 1108 908 1169 1798 2040 1600 1240 2003 1836 1237

29389 21549 6421 15994 35203 3514 23701 16197 40108 27663 10383 7483 12332 10627 15840 27251 15232 12444 20193 28704 23757 17769 7029 12654 13919 6260 45474 6253 6966 20326 9090 4947 10956 19446 15805 17035 17517 13730 54202 15093 8371 18684 38375 21102 52622 53852 47354 34986 15197 16483

181956 151443 81972 45118 179349 86890 28499 43134 199791 153664 65767 58805 48555 75277 138615 155294 97584 53176 107361 187467 122469 147325 56998 99391 102384 68433 259515 65619 96429 131920 108338 78565 118381 37594 126439 108605 40319 50569 262507 54213 78328 100962 199791 160389 266358 256048 228497 214099 46244 120958

70158 56137 33391 20160 68960 32030 26544 6370 78353 57158 16770 13571 8861 34044 51550 57907 31390 10985 35882 72690 42824 57376 12741 45125 33595 25346 105796 16702 32220 60071 42892 24339 46527 21820 44649 36454 21085 12128 107171 24366 22542 32942 78353 60248 108940 104203 91544 84928 20704 42130

1719 1555 2020 2186 797 1877 2480 1869 697 1127 1324 1525 1646 2242 1817 1211 1359 1593 1205 1956 1061 2099 1395 2416 1275 1880 1940 1538 1663 2869 2127 1665 2135 2327 1668 1203 2218 1789 1599 2239 1374 1156 1050 2109 1977 1509 1125 2149 2144 1511

1038 879 1459 1709 1024 1320 1995 1402 1305 464 869 1050 1181 1674 1133 546 738 1134 1066 1268 1206 1406 928 1875 768 1323 1950 999 1145 2314 1562 1115 1500 1846 988 667 1736 1318 1983 1748 832 916 1087 1416 1986 2088 1720 1628 1668 837

282030 211282 141015 156813 275986 123980 205925 104130 324205 216434 12638 46089 66146 165880 198300 220212 86408 58178 109075 294806 144106 241573 25277 212999 97536 105504 461992 48149 106122 288418 178793 81738 185456 180442 162789 111960 161484 89774 468792 165811 55499 94239 323380 245901 477721 453818 389938 356556 149807 140603

50691 38013 17684 20961 51754 16554 32069 15322 59686 41572 8429 1231 9073 20938 32781 41335 20566 9254 24295 52228 30058 37595 2463 29549 19775 11074 79235 3830 16712 41956 25571 10170 28589 26227 28724 24385 23131 11333 83247 20927 10350 21854 59166 41335 84557 81009 70500 62387 19673 26656

87703 68425 38207 29484 86090 36375 42477 15319 98955 70203 15832 11526 5185 43485 62653 71210 35513 11563 41561 91111 50906 70496 10371 57448 38482 27377 135275 15741 36631 77569 50998 26021 55891 35788 53362 42330 30731 11599 137529 32581 23565 37602 98735 74362 139911 133534 116492 107586 27615 49972

8994 7014 1953 3076 10270 2400 5044 4089 11525 8342 3428 2289 3530 1217 5553 8308 5162 3558 5938 8844 6878 5947 2434 2672 4897 1741 13134 2275 3283 4634 3544 2352 4204 3955 5544 5623 3465 3423 15131 2520 3406 5551 11125 6799 14963 15041 13379 10451 2868 5718

22109 13806 17181 27575 34163 13983 36054 25399 39559 23393 16297 15828 21148 21809 7310 21709 15513 20779 22678 21463 25368 12569 14621 24038 11931 16866 39913 14091 11169 32479 15843 13360 14375 31372 9640 15974 29250 22701 52897 26598 12776 19787 33563 13114 48346 54681 47531 28374 26698 11815

16807 14001 25640 30561 19556 22905 35602 25154 24505 9679 15763 18421 21255 29433 18478 8135 13451 20437 19232 20868 21699 23300 16271 32126 12619 23236 35094 17533 19253 39867 26303 19556 24957 32986 15933 12196 31041 23680 36455 30709 14579 16581 19881 23476 36497 38302 31816 27205 29842 13261

10299 7390 7031 8472 10011 6048 10492 6305 12559 6963 2542 3918 4743 8551 6856 7119 1531 4415 4164 10825 5152 8788 3062 9992 2712 6068 17458 3782 5031 13093 7754 4593 8294 9443 5401 2666 8664 5714 17692 8842 2599 3101 11362 8989 17709 17551 14924 13365 8184 4483

175305 136474 78453 73100 171987 74683 92515 36644 198000 139301 27445 23562 23034 89311 126332 141375 67935 11423 80376 182317 99603 144881 22846 118038 74042 56173 274079 32233 75211 159433 104768 53383 114834 79433 107218 81959 75663 36305 280374 79396 45918 72233 198000 150423 282712 269592 234531 216209 69254 97680

14104 10872 9452 10186 10309 8668 12441 7754 12529 10040 3542 5082 6005 10597 10274 10214 4313 5638 2061 14718 4237 12438 4123 12767 5635 7817 21789 5177 8073 16239 11122 6723 11726 11267 8646 5230 10401 7099 19186 10594 5350 2795 14964 12662 22071 18497 15556 17561 9863 7618

4719 4738 8597 11897 10320 7583 14113 10500 12031 6905 7254 7875 9152 10064 5467 6371 7005 8870 9277 3656 10130 6729 7312 10878 5869 8497 9506 7622 6695 13554 8172 7390 7707 13238 5406 7151 12428 9845 15675 11583 6547 8360 10130 5845 12180 16314 14559 5847 11614 5613

2204 1718 1581 1691 1302 1463 2030 1326 1635 1593 693 924 1063 1760 1628 1619 733 1008 555 2296 390 1953 780 2079 931 1335 3066 939 1298 2600 1756 1171 1846 1853 1384 871 1722 1227 2673 1752 889 505 2041 1987 3108 2532 2090 2723 1643 1229

33087 23443 23170 37575 50155 19559 48702 36072 57236 36022 26166 23493 30494 29263 14919 33813 25682 30655 35084 31815 38614 11166 22333 29102 20982 23524 56025 21214 17380 40178 17905 20255 15978 42538 17975 26288 39775 32512 74738 35911 21002 31291 49368 15978 67091 77038 67697 40884 36405 20830

29547 21819 12087 14277 30208 10393 19877 9670 34960 23989 3801 2252 5847 14071 19650 23844 11199 6260 13471 30993 16984 22873 0 19319 10703 8017 46945 2293 10145 26881 15889 6157 17728 16757 16158 13513 14856 7665 50147 14257 4959 11984 34713 24051 50189 48040 41634 36675 13492 14897

19258 15154 4883 8660 22473 5240 12851 10822 25140 18677 8930 6798 9435 4715 11943 18148 11947 9496 14265 19106 16203 11616 7106 3553 10898 5631 28226 6684 7117 7725 6509 5973 7911 10537 11924 12593 9496 9405 33421 7486 7881 13444 24198 13429 31946 32615 29081 22522 8227 12293

32600 22120 24063 31410 36263 20115 39682 24603 43406 26098 11050 13644 18976 29538 20197 24684 10012 17796 19495 34493 23056 27157 10541 33424 5270 20594 59259 12362 14845 44597 26668 15282 26495 35297 14936 10622 32488 21866 64743 31379 8099 15669 41636 27879 64804 63420 53958 43640 30250 11650

19133 14415 4124 7502 21736 4258 12148 8180 24693 17191 5611 2952 5851 5337 11613 17111 9697 5918 11525 19369 13673 12852 3268 8547 9073 1634 29479 2801 5623 13172 7620 3075 8745 9583 10952 10784 8420 6693 33190 6967 5560 10615 23935 14794 33148 32667 28750 23156 7022 11361

175156 190444 281463 355282 238383 258749 406770 325852 225170 205569 253234 264755 294457 314332 211356 210756 242970 289434 287742 170788 273327 239639 248102 332568 222222 279224 124051 257875 238875 392519 271962 254436 261534 380835 205405 233251 365874 308872 262243 348348 234998 267212 177231 219819 183947 276549 279934 151733 352989 210046

31417 23339 11056 15023 33379 9282 22113 11424 38298 25597 5582 2430 7436 13292 19279 25460 12766 7551 15708 32571 19387 22351 1601 18629 11698 6794 49650 800 9022 26549 15038 4846 16963 18384 18146 14626 16408 8878 52990 15002 5683 14150 36827 24738 53033 52629 45921 39055 14201 16091

22292 15532 8585 15815 27305 6079 22449 14122 31534 21286 7458 6609 10790 12212 11525 20448 11037 10887 16351 22629 18460 14092 5916 13959 8953 7422 37089 5247 2958 20575 9380 4675 9917 18779 10579 12122 17129 11995 44699 15038 5121 14086 30040 16086 42325 43386 37782 28046 15128 11164

35887 29205 12480 18630 41122 13061 25455 22151 45465 34940 19069 15598 19892 12207 23976 34080 23982 19991 27757 35640 30912 23444 16099 10314 22275 13699 50490 15413 16118 8049 15128 14256 17411 21687 23945 25034 19991 19843 58502 16718 17362 26420 43931 26395 56547 57636 51882 41202 17925 24545

12035 8916 3727 7937 15528 2988 11116 8229 17556 12413 5826 4628 6632 5471 6476 11884 7270 6678 9817 11792 10828 6101 4440 5425 6843 4123 18722 4120 3693 8596 2220 3580 3285 9358 7288 8021 8567 7210 23593 7374 4435 8731 16331 7478 21757 23235 20550 14388 7608 8162

16816 12300 4673 8907 19038 3674 13346 7880 21863 14695 4330 2861 5655 6838 9623 14610 7526 5719 9982 17041 12034 11338 2398 8891 6931 3300 26701 1952 3900 13310 6886 1199 7961 10895 8991 8573 9784 6460 29982 8388 3574 9112 21992 12670 30199 29780 26037 20660 8448 9382

33291 24043 13451 25678 45466 10386 35106 25927 51477 34720 17347 15249 21192 18623 16808 32845 22433 21329 29985 32571 32982 15695 14693 18486 19385 13751 53121 13742 10951 27888 8982 12141 7346 30148 19402 23889 27802 22904 67566 24266 14025 26766 46032 19779 62514 69570 61607 40269 24685 21808

946126 772783 372672 171891 941607 399465 229188 203364 1052973 801673 322800 261306 229995 336196 681269 810550 496143 258078 549405 987768 631719 728398 261790 467575 512606 298912 1361570 298428 451435 644793 516318 354111 575875 130895 640112 556184 145421 201588 1394657 221440 377998 514543 1052973 803126 1415639 1359472 1209370 1121245 178024 610899

11074 6516 9745 14620 17265 8055 18070 12049 20125 11582 7198 7592 9802 12191 5780 10692 6792 9607 10578 11927 12000 8559 6353 13369 4891 8961 21336 7495 5951 17830 10200 7109 9514 16229 3176 7028 15116 10875 27174 14096 5378 9051 16956 8848 24582 28075 24330 15579 14222 4326

15829 11730 12055 14909 14887 10463 18181 11400 18098 9950 5307 7379 8870 14516 10865 10202 3806 8340 7557 17293 9159 13994 5984 16447 4154 10495 26946 6793 8459 21470 13235 8116 13697 16483 8500 2992 15221 10444 27326 15353 4886 5837 17073 14319 27353 27097 22842 21406 14443 7022

260549 211357 97602 40426 259264 105128 73603 59561 291477 219479 83331 65940 56946 87232 185247 222003 132614 73007 147849 269818 171160 198738 65986 124584 137295 76540 378755 76494 119995 174969 138442 92233 155375 45566 173638 149685 32993 48961 388070 54606 99025 137846 290926 219984 394035 378067 335391 310337 42170 165240

137814 108160 60774 37261 137095 58008 63568 27330 156514 113056 30982 20497 15076 61549 97731 114578 60691 24757 69875 142959 83983 109515 20525 84066 63513 44425 209073 26860 58395 114439 80082 42378 87468 46721 85421 70981 39142 10262 214743 41936 40442 63900 156127 117123 218284 208713 182987 167828 34439 80359

45190 41683 54470 59493 29821 51403 65177 52117 27688 32544 40378 44494 47243 59211 47631 34351 38581 46820 37823 48504 35461 53659 42775 64357 39250 51465 40960 44335 48318 73399 57395 46882 55712 61907 44450 37012 59475 50292 21387 60630 40660 36889 30385 54285 34060 23696 24243 45428 59070 41092

22574 17974 7146 4104 23542 8089 8618 6428 26371 19848 7822 5211 5621 5744 15256 19762 12226 7047 13579 22804 15670 16305 5658 9081 11939 5543 32644 6154 9417 13583 10795 6937 12308 6121 14604 13612 4997 4907 35329 2829 8519 12693 26231 18261 35444 34157 30344 26490 3636 14436

80057 56481 38011 53182 85773 30699 70728 39587 100523 63100 15801 16494 27925 49316 49862 62659 25677 26917 44210 82915 51564 61965 10086 58183 22567 30846 133135 13847 23134 81255 43390 19877 47404 61209 39209 31140 55409 33472 142906 53119 5043 36309 95817 63289 143032 141855 122313 103360 50787 35364

58028 43758 39723 42962 45043 36260 52917 32225 54677 40086 13627 20427 24504 44777 41119 40854 14800 22884 13348 60736 18235 50669 16196 54356 20636 32504 91957 20846 31401 69686 44861 27673 47528 47737 33928 18849 43884 29335 84235 44763 19379 8098 61825 51661 93199 81191 68206 73289 41538 29391

11687 10319 16111 18256 9625 14832 20714 15620 8793 7559 11041 12598 13719 17960 12502 7885 9913 13320 12732 13667 11825 14853 11550 19329 10071 15090 13193 12158 13052 23103 16310 14031 15654 19439 11261 9301 18490 14901 14420 18590 10725 11440 5775 15097 13994 15320 12357 14935 17905 9951

19812 14312 16981 25818 30875 14743 32575 23312 35262 22118 16250 16268 19856 20756 9331 20750 16000 19556 21825 17087 24012 9543 14550 20656 13087 17100 32087 14856 12481 27518 13718 14262 12525 28893 11225 16375 27181 21506 46393 24875 13050 19475 30675 7275 38943 47856 42043 22706 25093 12993

107792 115691 168663 190737 120397 157010 210766 169251 113618 103562 131938 144628 153760 185526 134768 109304 122750 150511 145721 113954 138325 149278 136084 193650 124879 163256 89976 141042 142499 224408 164573 150483 160511 200373 123367 117764 192641 163396 108212 193454 129361 135188 93057 139110 68042 115551 117288 104178 187935 125748

50320 46673 57109 60151 29943 53921 66703 53124 27725 37172 40919 45381 48057 62039 52583 39050 40589 46994 38262 53765 35074 58814 42605 65905 40553 53307 45922 46572 49175 75966 59473 49220 61003 63303 49184 38958 60774 51227 25572 61352 42752 37291 34927 59519 38748 21302 24143 50567 59235 45803

13547 12443 15576 16502 7348 14610 18481 14368 6676 9565 10672 12024 12834 17069 14205 10134 10572 12512 9867 15145 8902 16103 11183 18240 10561 14424 14940 12384 13172 21287 16292 13186 16755 17451 13197 10078 16686 13794 8777 16860 11227 9573 9046 16305 12767 8172 5591 17640 16219 12151

1568 1572 2542 3371 2975 2287 3928 3020 3140 2117 2205 2361 2682 2911 1756 1983 2142 2611 2713 1300 2927 2073 2174 3115 1857 2517 2006 2297 2064 3788 2435 2239 2318 3664 1740 2179 3495 2856 3556 3292 2072 2483 2603 1850 2678 3717 4040 1087 3300 1792

101089 81178 34056 14036 101528 37057 34221 24448 114155 85625 31329 21905 20807 29883 69009 86632 50983 27212 57059 102699 66392 74352 23899 44780 51935 25656 147937 26114 42986 64873 50343 31915 56510 23076 66429 57791 18025 17622 155129 16909 36673 53106 114118 82825 155275 148907 131888 119151 11949 63080

7969 4856 7095 9693 10916 5941 11999 7886 12864 7029 4190 4847 6351 8766 4903 6421 3907 6030 6493 8552 7464 6801 4001 9570 2614 6560 14979 4498 4503 12617 7978 5294 7448 10753 3124 4073 9987 7090 17673 9684 3335 5450 10694 6998 17196 18323 15742 11047 9376 2000

27 36 59640
13 32 68998
27 39 67119
38 48 38057
25 39 54164
9 26 67465
3 46 10357
4 41 38560
5 29 68270
7 19 13580
34 48 41439
23 36 38096
24 29 35480
17 26 63964
0 35 54982
14 23 61719
19 32 26083
31 32 47911
21 23 61471
2 8 68444
21 47 44679
1 40 37503
19 20 40412
20 37 61813
26 44 27072
8 18 60396
32 38 62778
3 32 60050
30 39 32672
3 39 10461
16 42 48869
18 45 22311
38 39 69459
24 28 58131
33 42 62511
34 47 65766
16 28 55595
5 48 62869
11 46 34325
12 17 66008
6 19 66449
37 45 17906
2 18 34103
15 46 44071
24 40 24013
25 35 19084
14 34 35789
22 34 40096
7 11 69139
8 12 39402
25 30 50682
13 27 43817
8 13 66906
2 34 33236
39 48 47772
9 39 36120
0 25 23631
21 25 52693
4 43 26169
2 7 46304
21 48 53154
0 4 17181
35 37 10757
20 38 64755
14 28 65312
14 42 15411
3 47 60520
45 48 63049
16 23 68280
2 46 36988
4 12 59056
2 42 16870
1 30 44894
22 48 35301
21 49 50941
2 5 58907
7 28 56529
5 21 28872
32 48 41146
1 8 67810
24 35 58275
38 41 33970
1 22 53769
2 6 67323
6 7 57207
22 41 43683
8 35 33442
39 44 22980
15 29 26375
18 32 61755
3 30 11426
30 49 21671
24 47 68936
4 6 24327
23 42 28569
27 38 16389
2 12 29738
22 29 19088
3 11 21580
3 15 40160
22 47 46076
5 11 10636
13 29 47030
46 48 33113
18 21 48080
22 35 40113
5 26 34162
7 14 46751
6 40 58985
0 2 65308
0 45 44560
12 36 59402
26 28 29278
16 38 28328
3 29 68867
40 42 28627
26 37 62012
25 49 32309
22 27 41607
27 29 30529
4 37 36206
18 24 43034
32 40 54344
25 40 35141
2 39 69504
18 23 12912
28 32 53673
16 47 29241
0 48 22000
22 44 65253
11 34 59401
14 37 10219
20 40 18031
29 40 48573
5 28 33332
34 44 68255
20 24 18685
16 36 57494
18 37 45005
6 42 19812
16 27 64945
11 25 19565
5 49 69215
0 14 36365
16 35 50036
20 26 68081
2 9 54992
11 17 54190
25 43 42532
30 34 38741
30 41 14719
5 30 68738
24 26 23917
6 38 59063
42 48 46021
1 14 23420
4 9 14117
15 22 29693
7 9 42661
13 18 38260
9 19 37089
10 41 44204
26 48 38479
13 21 57263
17 49 22776
2 22 61811
32 42 55517
46 49 43604
7 21 61448
23 39 30522
26 39 65560
21 46 56392
21 36 52230
31 48 16916
19 42 34899
37 48 44408
21 45 27139
17 45 19890
4 36 28598
29 46 59672
26 38 60774
17 29 33317
23 43 10551
32 47 14691
8 23 34522
9 29 58716
28 41 28111
3 42 50782
37 39 30551
26 42 12915
2 32 19041
9 23 57640
28 31 59262
23 31 47521
0 39 44903
0 19 24181
15 35 51474
22 32 42562
2 44 57785
17 39 55064
15 42 63084
12 39 65487
24 37 53598
4 35 57456
19 34 12402
19 22 18496
10 48 31864
8 24 29542
26 43 40529
1 26 50462
13 17 31356
21 42 31303
19 45 25921
17 34 31907
35 38 48137
22 37 62586
33 44 20622
18 42 66248
6 16 43367
12 21 41174
14 39 21305
9 10 64551
40 43 40956
20 45 22710
19 35 42071
10 31 28001
4 16 36891
11 24 35688
30 43 60564
2 13 36818
18 35 20751
3 24 65790
1 18 32305
38 47 64350
22 40 65389
12 28 34707
19 46 24988
44 45 27252
2 37 66392
13 19 55518
32 44 19856
26 45 27747
9 30 28963
24 42 47920
20 41 61798
23 49 67100
28 38 40505
20 25 12419
20 30 15489
31 46 26014
33 41 55736
12 40 38938
27 32 20564
21 29 38835
20 23 51648
0 11 64779
12 46 68979
0 24 18538
17 23 30466
10 29 59542
0 21 45356
2 26 53360
1 45 67475
10 38 19803
35 46 59852
30 46 62863
28 46 56654
4 46 14840
14 24 32257
15 33 53045
28 34 60358
46 47 54256
28 44 10792
1 23 31463
21 34 32175
34 40 62590
20 33 28562
7 34 14822
21 24 17151
25 48 34051
44 47 42979
3 33 15030
12 18 62989
19 27 53543
2 24 43865
28 49 44636
34 38 60464
21 27 42843
0 26 65317
3 26 33072
27 48 44528
14 31 40673
5 19 16432
24 25 54145
28 29 62619
28 30 66284
19 39 59150
41 45 49272
9 47 23266
0 9 21406
2 15 32317
14 26 25766
41 44 17804
15 28 33109
13 44 47229
13 33 39979
10 24 37841
16 48 65791
6 32 56944
10 21 44992
25 32 41985
17 22 29922
1 10 62165
8 40 34973
24 46 25607
23 32 36029
8 20 21752
21 22 16071
22 36 21015
40 46 17068
27 47 39143
25 37 67686
41 47 59884
29 44 57718
5 46 51830
19 28 52503
42 46 66145
16 44 40979
12 16 31774
10 15 19410
23 40 64528
28 45 66234
7 32 35177
32 34 24474
9 46 41485
6 39 12405
35 42 54453
2 33 69326
30 42 68197
10 49 41396
9 42 56461
23 33 40181
39 47 13460
23 28 48625
3 19 17296
5 20 29067
19 25 26797
9 32 29048
14 48 35138
16 37 49955
27 41 48260
3 14 16424
14 43 47640
11 15 38143
16 43 16284
21 38 41612
40 45 32788
7 17 12428
11 49 24733
0 32 66706
13 25 21839
10 18 31403
10 23 62939
24 45 59159
23 48 45877
9 18 46567
38 44 61564
2 19 42472
35 47 58035
28 33 11902
13 45 26010
39 49 56638
9 16 54226
34 39 29470
22 49 47406
5 12 13665
0 15 48537
12 42 64203
33 40 32713
42 49 25818
9 45 56300
2 47 23115
25 34 44385
15 41 46082
19 49 63402
2 14 50669
22 31 17693
18 28 26189
2 10 65241
8 48 44569
17 33 35037
23 46 29222
31 41 65972
13 38 40119
5 43 18380
10 46 41848
20 47 16685
16 24 22086
6 12 26462
26 40 64720
0 23 36132
6 9 42472
39 43 51358
12 45 20357
32 43 61942
31 38 28763
13 37 24022
13 49 52621
0 42 35108
38 42 58879
12 15 68439
7 42 33550
1 2 11993
33 48 54966
38 45 69632
20 29 65395
4 24 47778
22 30 17324
10 34 33727
9 27 43018
1 13 51893
35 43 58764
20 21 62240
3 22 60007
12 49 28882
9 31 22762
9 33 43997
11 43 47710
3 5 34848
1 28 60459
10 30 42430
3 37 60980
33 45 32930
15 21 35930
24 31 23480
17 25 37014
26 30 66836
0 30 37502
9 37 19634
26 41 44086
12 38 38523
0 22 30216
17 38 67636
35 44 40517
9 48 15181
4 14 67267
10 36 48054
0 12 52959
4 11 26733
2 16 23923
16 34 38119
10 39 20768
21 26 12687
32 35 42501
1 6 22917
34 46 43712
23 30 55263
21 30 56914
5 33 21422
5 32 32254
6 25 47372
48 49 65995
1 25 23233
14 49 22444
20 43 44067
6 49 36713
15 23 49458
5 18 53045
11 22 16358
4 18 59092
21 43 27130
20 48 44881
7 33 31450
40 44 36908
11 16 27540
29 49 36632
34 35 46317
17 36 17737
12 30 31733
0 18 15192
20 32 31660
30 31 11995
11 29 25960
4 13 46490
1 19 44496
7 8 38877
13 15 20202
42 45 29759
12 47 37933
34 42 31624
18 25 52013
16 45 15304
18 30 27618
18 46 17388
19 30 39891
11 33 61685
0 27 56245
1 4 19348
39 46 56872
37 41 14745
1 3 20582
18 19 14001
12 19 49626
11 40 42033
0 17 53052
16 32 19309
5 34 20807
7 20 29368
23 26 27046
19 40 54683
3 23 34560
33 38 60849
6 30 56678
36 40 62663
6 31 37339
28 37 31174
7 43 43682
12 37 47541
25 44 63076
11 13 11614
36 39 21307
8 10 57231
11 48 29061
26 47 38925
1 35 16761
13 47 58952
7 16 42752
13 35 63006
16 26 20442
18 43 29623
9 24 67751
28 40 31024
3 35 45767
3 36 59520
9 22 63057
0 38 28818
37 44 68829
14 22 13863
12 20 60329
17 44 38017
7 49 58547
6 23 24888
20 34 28865
4 34 57367
2 31 17550
44 46 68347
8 27 30683
26 35 51232
43 49 45887
0 16 23758
7 12 64989
33 36 57194
6 20 23131
15 36 24049
21 35 38261
14 30 29893
6 27 25143
16 22 23155
31 34 22898
47 48 35585
40 47 54921
15 34 32792
5 15 56609
29 38 42830
4 29 22311
45 47 61809
14 40 13790
10 40 33282
17 24 65672
25 29 64119
22 38 13441
37 47 66361
5 10 19006
18 41 44449
18 48 65871
13 16 38699
7 23 42796
28 43 26553
4 47 19930
14 25 30825
13 31 52455
10 44 27061
4 15 18019
34 37 65586
42 44 41110
21 32 58423
11 18 25478
19 44 68396
8 33 23721
6 8 50520
25 33 33980
16 21 20784
4 21 25454
6 10 20589
32 46 53615
2 35 49908
8 17 12397
35 48 57405
45 49 25332
2 28 20211
20 27 51524
13 23 28773
27 46 28715
10 19 12672
13 34 63222
15 19 24585
25 38 41372
16 18 48160
21 40 41138
11 35 63445
9 41 68986
30 38 23592
24 38 20506
20 36 29147
9 11 31321
18 44 63759
21 41 29712
24 30 46799
7 10 62155
2 43 43433
13 43 39461
29 47 26134
16 40 54218
12 35 54915
11 37 48866
1 48 49975
36 44 34822
7 25 51263
34 36 37379
2 45 62297
0 20 13617
23 25 31045
6 48 21069
9 43 32332
36 47 33718
6 35 26434
6 26 59060
37 42 65090
8 19 64594
0 36 30197
14 46 58534
31 47 15721
31 49 55933
33 35 21182
8 37 47011
30 40 17253
43 44 14941
32 36 66724
44 48 66195
17 28 19238
27 42 52299
4 30 35656
16 46 35372
12 33 36516
6 24 32713
19 23 14238
5 13 28633
31 43 69679
34 45 67644
22 23 68156
27 30 61975
15 24 11260
26 36 29200
0 46 25187
27 37 45735
21 28 65061
2 27 41621
19 29 34794
27 45 12292
4 20 48357
35 49 67135
4 5 12969
6 14 66222
18 29 53067
10 43 24151
3 6 43232
32 49 12462
4 8 41235
35 39 39955
11 45 20799
27 33 50473
3 25 22254
8 42 58598
2 29 15845
5 36 60913
21 31 21311
29 34 32226
3 48 19546
23 24 33132
17 37 29869
23 37 29844
14 29 25106
1 20 43273
16 39 61187
19 31 52436
31 33 19007
15 20 56248
14 21 36199
4 23 55945
14 27 58540
11 14 26699
29 42 53079
11 38 61509
36 43 22920
12 44 48288
22 39 15660
35 40 56152
8 31 62893
15 16 59038
6 33 38250
28 48 13691
8 41 39511
4 19 50504
15 43 62290
0 10 45356
34 49 53559
6 22 25743
16 25 19724
27 31 15247
14 15 48875
5 25 51736
6 37 35091
24 49 16123
22 45 25008
26 49 26278
7 24 58560
24 41 46159
6 44 24668
2 4 36901
19 48 32103
29 30 13207
0 47 53600
22 43 27324
14 33 64717
7 27 66520
33 49 17754
14 16 22519
24 27 64815
0 40 10646
20 39 11556
2 36 33064
7 35 26480
6 45 53210
5 9 25710
41 42 18769
4 28 40708
30 36 69269
7 26 34512
30 44 50432
12 14 26659
3 20 25529
3 16 32168
12 24 51750
2 40 31653
33 47 59319
9 36 20170
9 15 32355
4 25 47620
13 26 34838
9 12 59256
18 47 21865
15 40 50189
7 48 42856
9 21 39189
18 39 57048
29 39 51518
1 39 59086
26 29 21709
20 31 46332
2 11 59732
29 35 35408
11 47 69396
11 41 28355
1 49 18618
7 31 37248
40 41 37124
2 49 49326
14 20 36517
26 27 13779
4 31 29758
4 10 65319
30 37 41451
6 28 64069
41 43 47068
18 27 63104
18 49 65530
3 27 69382
24 33 37601
6 36 43150
15 49 46362
34 41 26857
14 32 55015
13 36 26550
14 44 11855
25 47 36347
22 28 25740
10 12 53373
9 38 25432
0 37 37449
8 47 41848
3 40 27307
25 31 62858
36 45 41243
39 41 45662
13 14 11475
5 45 68492
11 26 24928
1 47 62944
41 46 47151
12 13 40850
1 17 22701
42 47 42469
23 29 12301
6 18 28912
31 45 31679
17 35 17547
18 36 24442
1 24 43203
39 40 45149
0 34 69735
29 36 31708
5 47 14148
7 47 54749
19 38 48258
23 41 28146
12 26 33238
15 25 63999
29 45 11518
17 47 60814
3 45 43590
11 30 55509
29 48 18120
29 37 36447
8 21 26752
8 28 65925
11 23 50065
1 9 37386
6 15 32995
9 34 43009
17 31 26679
36 41 15988
0 5 67853
3 9 11290
6 29 18289
1 21 26765
1 12 45112
1 46 25836
1 38 53350
0 43 30458
37 49 13127
9 49 65227
16 20 52166
10 37 29418
5 6 62118
36 42 30423
4 32 47564
8 44 25356
22 42 36564
26 46 49083
7 44 16169
15 48 22297
3 28 34591
25 36 36432
45 46 48744
33 37 63486
19 43 44499
4 42 40952
6 17 43014
8 9 19636
38 40 13960
5 22 11835
21 37 25624
7 30 23955
23 47 25268
13 20 33913
11 20 52863
35 36 60381
26 32 61893
1 29 36212
18 40 20838
4 40 17162
8 25 43581
5 40 63004
11 27 36581
3 49 35699
5 41 35569
15 30 14144
16 33 51055
5 39 14276
0 6 65370
14 17 69367
16 41 26573
13 39 42104
12 32 47941
13 28 17459
4 26 47732
1 33 22439
38 49 60554
9 40 32889
0 31 32075
8 30 64514
12 43 34724
32 33 47700
41 48 18469
7 22 49993
5 24 23755
27 43 61332
18 38 52516
31 44 27790
33 46 39687
29 32 15496
9 25 34953
12 22 13267
0 41 68500
10 28 61534
5 37 38966
32 37 46211
1 42 17820
12 23 32163
7 45 62630
14 36 13190
24 43 43672
18 34 31345
20 46 45294
7 38 21612
10 17 38805
5 35 35168
28 35 34051
38 43 29358
27 40 58057
43 47 68270
14 38 36015
8 46 22781
17 19 58112
3 21 56627
2 17 14916
2 30 11866
0 28 60101
23 45 57432
32 45 41800
8 43 41930
1 44 15070
10 42 66753
11 28 45198
39 42 25712
3 18 10428
43 48 26306
13 42 61923
20 49 18248
44 49 60613
37 38 66696
8 34 33581
0 33 34284
37 46 28040
9 13 21017
8 11 45897
35 45 56845
7 36 46186
14 41 22090
2 20 28346
24 32 34242
4 48 32502
2 23 66504
11 19 59166
4 22 20613
27 34 53130
18 33 64082
43 45 34623
0 1 43230
5 14 63656
39 45 66423
10 32 15160
6 46 68726
2 21 63175
12 34 62501
5 42 24437
31 39 15745
1 15 30949
1 41 28503
27 44 36136
19 33 33704
30 47 25198
17 20 59718
18 20 57989
4 44 43238
10 45 10734
28 36 46028
11 42 42226
24 36 59063
36 49 10260
3 44 60572
2 48 23305
22 24 32763
6 43 57075
15 47 12470
10 16 55519
30 48 52347
1 16 66553
5 16 20141
10 22 37719
7 40 12350
0 44 16563
0 7 42879
25 45 23219
4 7 21880
15 39 47522
5 7 37656
15 17 27625
47 49 20614
38 46 68302
6 41 53762
31 42 44318
16 31 35642
28 39 55622
16 29 44449
18 31 68881
3 34 56356
25 42 32619
16 49 53249
4 49 45419
17 32 32880
9 17 55963
6 21 10866
13 46 67786
25 26 55180
15 26 13336
15 45 53304
22 25 37526
17 43 22031
18 26 63446
37 43 65245
17 21 36525
8 38 10008
36 37 50267
18 22 49744
15 37 21889
17 46 39931
31 37 29542
1 37 51657
10 13 50545
12 27 27844
28 42 47561
21 33 24863
14 47 53486
1 7 33182
40 49 59312
21 44 64509
17 27 31681
22 26 34074
17 30 47757
10 27 67100
36 46 56954
16 17 33719
27 49 20108
9 14 66882
17 42 18898
11 31 23444
16 30 50185
0 29 58567
25 28 47619
0 49 55773
2 38 53812
3 4 14143
5 17 55782
24 48 46221
17 18 53887
13 40 19813
8 32 16151
30 32 25571
19 47 13612
8 26 56697
3 12 43415
23 44 51174
13 30 23702
6 13 39044
1 34 14355
29 43 25156
20 42 33552
2 3 36036
5 27 49230
28 47 11309
10 20 45278
34 43 48326
22 33 47171
37 40 55386
5 31 45207
22 46 68213
12 29 20973
4 45 25392
20 22 56779
8 29 58592
17 41 11164
31 35 40590
1 43 14877
24 39 69089
5 23 16810
1 32 10906
11 21 31044
11 12 35105
4 17 26477
7 15 34657
21 39 21801
13 24 12035
3 38 27973
20 28 35503
10 14 41079
1 27 32328
29 41 62802
5 44 64631
3 43 10507
15 44 42032
10 25 18082
13 22 57928
19 41 20357
20 44 67397
6 11 43314
31 40 55565
42 43 65609
27 35 66430
9 35 23099
17 40 52387
19 37 55021
9 28 36406
33 39 35120
24 34 12040
8 36 47638
11 44 54073
19 21 25089
4 27 68682
30 33 19177
19 36 41566
19 24 45481
24 44 43121
7 46 43601
3 8 15596
4 39 20766
17 48 26822
30 35 50068
11 32 13568
4 38 33596
12 41 50575
25 27 57743
8 22 53821
32 39 38502
7 29 68100
7 39 51217
0 3 23958
1 5 65807
12 31 58968
35 41 20387
29 31 31048
36 38 41355
10 11 17550
2 41 57455
8 16 18617
19 26 31733
31 36 47235
25 46 14832
15 38 46822
6 47 58059
14 19 24010
10 47 18388
16 19 33540
10 33 69274
11 36 64132
12 48 39136
29 33 20040
8 39 33097
1 11 19203
8 49 35751
40 48 56693
3 10 11920
0 13 23493
32 41 40513
14 45 52566
26 31 33735
3 41 21730
15 32 66524
10 35 41685
20 35 22840
33 43 29054
5 38 62733
23 34 54195
25 41 36604
27 28 62330
6 34 14954
3 31 58338
23 27 51707
3 7 19787
7 37 35159
26 34 39766
1 31 45940
1 36 55690
33 34 63306
43 46 45213
13 41 61965
14 18 44584
7 41 67396
8 45 25061
9 44 65931
10 26 45289
3 17 23896
11 39 19993
7 13 58782
5 8 54409
30 45 62559
26 33 34660
15 18 18281
2 25 59083
7 18 18487
12 25 31122
13 48 18136
0 8 11219
8 14 27459
14 35 56883
15 27 15692
36 48 44557
23 38 57363
15 31 57399
4 33 54344
9 20 22522
3 13 39307
8 15 42426
23 35 20354
41 49 32612
