50 50 1103
25000 25000 25000 25000 25000 25000 25000 25000 25000 25000 25000 25000 25000 25000 25000 25000 25000 25000 25000 25000 25000 25000 0 25000 25000 25000 25000 25000 25000 25000 25000 25000 25000 25000 25000 25000 25000 25000 25000 25000 25000 25000 25000 25000 25000 25000 25000 25000 25000 25000
2609 3292 6739 8933 6803 5984 10355 7650 8084 4246 5219 5776 6641 7816 4374 3847 5033 6429 6719 3660 7358 5396 5219 8345 4182 6387 7391 5542 5038 10349 6400 5558 6051 9568 3792 4898 9064 7159 11178 8697 4781 6033 6661 5299 8845 11656 9977 5301 8663 3947

2368 1148 3204 4509 4028 2752 5457 3845 4791 2504 2396 2628 3220 3859 1838 2266 2285 3117 3299 2596 3680 2582 2296 4205 1779 2994 5115 2491 2189 5399 3046 2499 2838 4940 1446 2351 4642 3507 6634 4369 2035 2890 3943 2607 5984 6919 5919 3574 4385 1538

38119 28711 4914 17161 44553 7030 26409 19622 50450 35490 13876 9147 14977 9987 21848 35330 20546 15111 25670 37312 29954 23679 9828 13734 19303 6568 57472 8895 11180 22957 12390 7341 15489 21294 21806 22713 18992 16657 67393 15523 12297 23856 48568 27686 66066 66973 59161 44864 16203 22621

94158 75406 32372 11548 94124 35112 29982 21024 105322 79267 29681 21275 20071 28595 64292 80186 47630 25921 53179 95094 61702 69206 23096 42165 48700 24701 135170 25118 40527 60515 47246 30416 52911 19804 61669 53847 15191 17163 141838 16712 34762 49569 105288 76944 142841 137025 121516 110118 12183 58878

1432 1277 1715 1883 566 1580 2152 1577 838 876 1061 1250 1363 1923 1524 955 1016 1318 949 1655 814 1789 1133 2087 1015 1583 2005 1269 1379 2512 1815 1381 1823 2008 1383 947 1901 1497 1685 1925 1108 908 1169 1798 2040 1600 1240 2003 1836 1237

29389 21549 6421 15994 35203 3514 23701 16197 40108 27663 10383 7483 12332 10627 15840 27251 15232 12444 20193 28704 23757 17769 7029 12654 13919 6260 45474 6253 6966 20326 9090 4947 10956 19446 15805 17035 17517 13730 54202 15093 8371 18684 38375 21102 52622 53852 47354 34986 15197 16483

181956 151443 81972 45118 179349 86890 28499 43134 199791 153664 65767 58805 48555 75277 138615 155294 97584 53176 107361 187467 122469 147325 56998 99391 102384 68433 259515 65619 96429 131920 108338 78565 118381 37594 126439 108605 40319 50569 262507 54213 78328 100962 199791 160389 266358 256048 228497 214099 46244 120958

70158 56137 33391 20160 68960 32030 26544 6370 78353 57158 16770 13571 8861 34044 51550 57907 31390 10985 35882 72690 42824 57376 12741 45125 33595 25346 105796 16702 32220 60071 42892 24339 46527 21820 44649 36454 21085 12128 107171 24366 22542 32942 78353 60248 108940 104203 91544 84928 20704 42130

1719 1555 2020 2186 797 1877 2480 1869 697 1127 1324 1525 1646 2242 1817 1211 1359 1593 1205 1956 1061 2099 1395 2416 1275 1880 1940 1538 1663 2869 2127 1665 2135 2327 1668 1203 2218 1789 1599 2239 1374 1156 1050 2109 1977 1509 1125 2149 2144 1511

1038 879 1459 1709 1024 1320 1995 1402 1305 464 869 1050 1181 1674 1133 546 738 1134 1066 1268 1206 1406 928 1875 768 1323 1950 999 1145 2314 1562 1115 1500 1846 988 667 1736 1318 1983 1748 832 916 1087 1416 1986 2088 1720 1628 1668 837

282030 211282 141015 156813 275986 123980 205925 104130 324205 216434 12638 46089 66146 165880 198300 220212 86408 58178 109075 294806 144106 241573 25277 212999 97536 105504 461992 48149 106122 288418 178793 81738 185456 180442 162789 111960 161484 89774 468792 165811 55499 94239 323380 245901 477721 453818 389938 356556 149807 140603

50691 38013 17684 20961 51754 16554 32069 15322 59686 41572 8429 1231 9073 20938 32781 41335 20566 9254 24295 52228 30058 37595 2463 29549 19775 11074 79235 3830 16712 41956 25571 10170 28589 26227 28724 24385 23131 11333 83247 20927 10350 21854 59166 41335 84557 81009 70500 62387 19673 26656

87703 68425 38207 29484 86090 36375 42477 15319 98955 70203 15832 11526 5185 43485 62653 71210 35513 11563 41561 91111 50906 70496 10371 57448 38482 27377 135275 15741 36631 77569 50998 26021 55891 35788 53362 42330 30731 11599 137529 32581 23565 37602 98735 74362 139911 133534 116492 107586 27615 49972

8994 7014 1953 3076 10270 2400 5044 4089 11525 8342 3428 2289 3530 1217 5553 8308 5162 3558 5938 8844 6878 5947 2434 2672 4897 1741 13134 2275 3283 4634 3544 2352 4204 3955 5544 5623 3465 3423 15131 2520 3406 5551 11125 6799 14963 15041 13379 10451 2868 5718

22109 13806 17181 27575 34163 13983 36054 25399 39559 23393 16297 15828 21148 21809 7310 21709 15513 20779 22678 21463 25368 12569 14621 24038 11931 16866 39913 14091 11169 32479 15843 13360 14375 31372 9640 15974 29250 22701 52897 26598 12776 19787 33563 13114 48346 54681 47531 28374 26698 11815

16807 14001 25640 30561 19556 22905 35602 25154 24505 9679 15763 18421 21255 29433 18478 8135 13451 20437 19232 20868 21699 23300 16271 32126 12619 23236 35094 17533 19253 39867 26303 19556 24957 32986 15933 12196 31041 23680 36455 30709 14579 16581 19881 23476 36497 38302 31816 27205 29842 13261

10299 7390 7031 8472 10011 6048 10492 6305 12559 6963 2542 3918 4743 8551 6856 7119 1531 4415 4164 10825 5152 8788 3062 9992 2712 6068 17458 3782 5031 13093 7754 4593 8294 9443 5401 2666 8664 5714 17692 8842 2599 3101 11362 8989 17709 17551 14924 13365 8184 4483

175305 136474 78453 73100 171987 74683 92515 36644 198000 139301 27445 23562 23034 89311 126332 141375 67935 11423 80376 182317 99603 144881 22846 118038 74042 56173 274079 32233 75211 159433 104768 53383 114834 79433 107218 81959 75663 36305 280374 79396 45918 72233 198000 150423 282712 269592 234531 216209 69254 97680

14104 10872 9452 10186 10309 8668 12441 7754 12529 10040 3542 5082 6005 10597 10274 10214 4313 5638 2061 14718 4237 12438 4123 12767 5635 7817 21789 5177 8073 16239 11122 6723 11726 11267 8646 5230 10401 7099 19186 10594 5350 2795 14964 12662 22071 18497 15556 17561 9863 7618

4719 4738 8597 11897 10320 7583 14113 10500 12031 6905 7254 7875 9152 10064 5467 6371 7005 8870 9277 3656 10130 6729 7312 10878 5869 8497 9506 7622 6695 13554 8172 7390 7707 13238 5406 7151 12428 9845 15675 11583 6547 8360 10130 5845 12180 16314 14559 5847 11614 5613

2204 1718 1581 1691 1302 1463 2030 1326 1635 1593 693 924 1063 1760 1628 1619 733 1008 555 2296 390 1953 780 2079 931 1335 3066 939 1298 2600 1756 1171 1846 1853 1384 871 1722 1227 2673 1752 889 505 2041 1987 3108 2532 2090 2723 1643 1229

33087 23443 23170 37575 50155 19559 48702 36072 57236 36022 26166 23493 30494 29263 14919 33813 25682 30655 35084 31815 38614 11166 22333 29102 20982 23524 56025 21214 17380 40178 17905 20255 15978 42538 17975 26288 39775 32512 74738 35911 21002 31291 49368 15978 67091 77038 67697 40884 36405 20830

29547 21819 12087 14277 30208 10393 19877 9670 34960 23989 3801 2252 5847 14071 19650 23844 11199 6260 13471 30993 16984 22873 0 19319 10703 8017 46945 2293 10145 26881 15889 6157 17728 16757 16158 13513 14856 7665 50147 14257 4959 11984 34713 24051 50189 48040 41634 36675 13492 14897

19258 15154 4883 8660 22473 5240 12851 10822 25140 18677 8930 6798 9435 4715 11943 18148 11947 9496 14265 19106 16203 11616 7106 3553 10898 5631 28226 6684 7117 7725 6509 5973 7911 10537 11924 12593 9496 9405 33421 7486 7881 13444 24198 13429 31946 32615 29081 22522 8227 12293

32600 22120 24063 31410 36263 20115 39682 24603 43406 26098 11050 13644 18976 29538 20197 24684 10012 17796 19495 34493 23056 27157 10541 33424 5270 20594 59259 12362 14845 44597 26668 15282 26495 35297 14936 10622 32488 21866 64743 31379 8099 15669 41636 27879 64804 63420 53958 43640 30250 11650

19133 14415 4124 7502 21736 4258 12148 8180 24693 17191 5611 2952 5851 5337 11613 17111 9697 5918 11525 19369 13673 12852 3268 8547 9073 1634 29479 2801 5623 13172 7620 3075 8745 9583 10952 10784 8420 6693 33190 6967 5560 10615 23935 14794 33148 32667 28750 23156 7022 11361

175156 190444 281463 355282 238383 258749 406770 325852 225170 205569 253234 264755 294457 314332 211356 210756 242970 289434 287742 170788 273327 239639 248102 332568 222222 279224 124051 257875 238875 392519 271962 254436 261534 380835 205405 233251 365874 308872 262243 348348 234998 267212 177231 219819 183947 276549 279934 151733 352989 210046

31417 23339 11056 15023 33379 9282 22113 11424 38298 25597 5582 2430 7436 13292 19279 25460 12766 7551 15708 32571 19387 22351 1601 18629 11698 6794 49650 800 9022 26549 15038 4846 16963 18384 18146 14626 16408 8878 52990 15002 5683 14150 36827 24738 53033 52629 45921 39055 14201 16091

22292 15532 8585 15815 27305 6079 22449 14122 31534 21286 7458 6609 10790 12212 11525 20448 11037 10887 16351 22629 18460 14092 5916 13959 8953 7422 37089 5247 2958 20575 9380 4675 9917 18779 10579 12122 17129 11995 44699 15038 5121 14086 30040 16086 42325 43386 37782 28046 15128 11164

35887 29205 12480 18630 41122 13061 25455 22151 45465 34940 19069 15598 19892 12207 23976 34080 23982 19991 27757 35640 30912 23444 16099 10314 22275 13699 50490 15413 16118 8049 15128 14256 17411 21687 23945 25034 19991 19843 58502 16718 17362 26420 43931 26395 56547 57636 51882 41202 17925 24545

12035 8916 3727 7937 15528 2988 11116 8229 17556 12413 5826 4628 6632 5471 6476 11884 7270 6678 9817 11792 10828 6101 4440 5425 6843 4123 18722 4120 3693 8596 2220 3580 3285 9358 7288 8021 8567 7210 23593 7374 4435 8731 16331 7478 21757 23235 20550 14388 7608 8162

16816 12300 4673 8907 19038 3674 13346 7880 21863 14695 4330 2861 5655 6838 9623 14610 7526 5719 9982 17041 12034 11338 2398 8891 6931 3300 26701 1952 3900 13310 6886 1199 7961 10895 8991 8573 9784 6460 29982 8388 3574 9112 21992 12670 30199 29780 26037 20660 8448 9382

33291 24043 13451 25678 45466 10386 35106 25927 51477 34720 17347 15249 21192 18623 16808 32845 22433 21329 29985 32571 32982 15695 14693 18486 19385 13751 53121 13742 10951 27888 8982 12141 7346 30148 19402 23889 27802 22904 67566 24266 14025 26766 46032 19779 62514 69570 61607 40269 24685 21808

946126 772783 372672 171891 941607 399465 229188 203364 1052973 801673 322800 261306 229995 336196 681269 810550 496143 258078 549405 987768 631719 728398 261790 467575 512606 298912 1361570 298428 451435 644793 516318 354111 575875 130895 640112 556184 145421 201588 1394657 221440 377998 514543 1052973 803126 1415639 1359472 1209370 1121245 178024 610899

11074 6516 9745 14620 17265 8055 18070 12049 20125 11582 7198 7592 9802 12191 5780 10692 6792 9607 10578 11927 12000 8559 6353 13369 4891 8961 21336 7495 5951 17830 10200 7109 9514 16229 3176 7028 15116 10875 27174 14096 5378 9051 16956 8848 24582 28075 24330 15579 14222 4326

15829 11730 12055 14909 14887 10463 18181 11400 18098 9950 5307 7379 8870 14516 10865 10202 3806 8340 7557 17293 9159 13994 5984 16447 4154 10495 26946 6793 8459 21470 13235 8116 13697 16483 8500 2992 15221 10444 27326 15353 4886 5837 17073 14319 27353 27097 22842 21406 14443 7022

260549 211357 97602 40426 259264 105128 73603 59561 291477 219479 83331 65940 56946 87232 185247 222003 132614 73007 147849 269818 171160 198738 65986 124584 137295 76540 378755 76494 119995 174969 138442 92233 155375 45566 173638 149685 32993 48961 388070 54606 99025 137846 290926 219984 394035 378067 335391 310337 42170 165240

137814 108160 60774 37261 137095 58008 63568 27330 156514 113056 30982 20497 15076 61549 97731 114578 60691 24757 69875 142959 83983 109515 20525 84066 63513 44425 209073 26860 58395 114439 80082 42378 87468 46721 85421 70981 39142 10262 214743 41936 40442 63900 156127 117123 218284 208713 182987 167828 34439 80359

45190 41683 54470 59493 29821 51403 65177 52117 27688 32544 40378 44494 47243 59211 47631 34351 38581 46820 37823 48504 35461 53659 42775 64357 39250 51465 40960 44335 48318 73399 57395 46882 55712 61907 44450 37012 59475 50292 21387 60630 40660 36889 30385 54285 34060 23696 24243 45428 59070 41092

22574 17974 7146 4104 23542 8089 8618 6428 26371 19848 7822 5211 5621 5744 15256 19762 12226 7047 13579 22804 15670 16305 5658 9081 11939 5543 32644 6154 9417 13583 10795 6937 12308 6121 14604 13612 4997 4907 35329 2829 8519 12693 26231 18261 35444 34157 30344 26490 3636 14436

80057 56481 38011 53182 85773 30699 70728 39587 100523 63100 15801 16494 27925 49316 49862 62659 25677 26917 44210 82915 51564 61965 10086 58183 22567 30846 133135 13847 23134 81255 43390 19877 47404 61209 39209 31140 55409 33472 142906 53119 5043 36309 95817 63289 143032 141855 122313 103360 50787 35364

58028 43758 39723 42962 45043 36260 52917 32225 54677 40086 13627 20427 24504 44777 41119 40854 14800 22884 13348 60736 18235 50669 16196 54356 20636 32504 91957 20846 31401 69686 44861 27673 47528 47737 33928 18849 43884 29335 84235 44763 19379 8098 61825 51661 93199 81191 68206 73289 41538 29391

11687 10319 16111 18256 9625 14832 20714 15620 8793 7559 11041 12598 13719 17960 12502 7885 9913 13320 12732 13667 11825 14853 11550 19329 10071 15090 13193 12158 13052 23103 16310 14031 15654 19439 11261 9301 18490 14901 14420 18590 10725 11440 5775 15097 13994 15320 12357 14935 17905 9951

19812 14312 16981 25818 30875 14743 32575 23312 35262 22118 16250 16268 19856 20756 9331 20750 16000 19556 21825 17087 24012 9543 14550 20656 13087 17100 32087 14856 12481 27518 13718 14262 12525 28893 11225 16375 27181 21506 46393 24875 13050 19475 30675 7275 38943 47856 42043 22706 25093 12993

107792 115691 168663 190737 120397 157010 210766 169251 113618 103562 131938 144628 153760 185526 134768 109304 122750 150511 145721 113954 138325 149278 136084 193650 124879 163256 89976 141042 142499 224408 164573 150483 160511 200373 123367 117764 192641 163396 108212 193454 129361 135188 93057 139110 68042 115551 117288 104178 187935 125748

50320 46673 57109 60151 29943 53921 66703 53124 27725 37172 40919 45381 48057 62039 52583 39050 40589 46994 38262 53765 35074 58814 42605 65905 40553 53307 45922 46572 49175 75966 59473 49220 61003 63303 49184 38958 60774 51227 25572 61352 42752 37291 34927 59519 38748 21302 24143 50567 59235 45803

13547 12443 15576 16502 7348 14610 18481 14368 6676 9565 10672 12024 12834 17069 14205 10134 10572 12512 9867 15145 8902 16103 11183 18240 10561 14424 14940 12384 13172 21287 16292 13186 16755 17451 13197 10078 16686 13794 8777 16860 11227 9573 9046 16305 12767 8172 5591 17640 16219 12151

1568 1572 2542 3371 2975 2287 3928 3020 3140 2117 2205 2361 2682 2911 1756 1983 2142 2611 2713 1300 2927 2073 2174 3115 1857 2517 2006 2297 2064 3788 2435 2239 2318 3664 1740 2179 3495 2856 3556 3292 2072 2483 2603 1850 2678 3717 4040 1087 3300 1792

101089 81178 34056 14036 101528 37057 34221 24448 114155 85625 31329 21905 20807 29883 69009 86632 50983 27212 57059 102699 66392 74352 23899 44780 51935 25656 147937 26114 42986 64873 50343 31915 56510 23076 66429 57791 18025 17622 155129 16909 36673 53106 114118 82825 155275 148907 131888 119151 11949 63080

7969 4856 7095 9693 10916 5941 11999 7886 12864 7029 4190 4847 6351 8766 4903 6421 3907 6030 6493 8552 7464 6801 4001 9570 2614 6560 14979 4498 4503 12617 7978 5294 7448 10753 3124 4073 9987 7090 17673 9684 3335 5450 10694 6998 17196 18323 15742 11047 9376 2000

30 49 60611
15 30 51735
31 43 30229
1 18 48234
2 22 33040
29 40 31154
0 15 68935
16 37 63980
4 22 55079
31 45 38801
16 36 37915
16 22 31003
10 16 18043
15 37 34422
14 41 51253
18 20 34092
22 38 40059
4 32 45901
24 46 60208
28 43 19134
22 31 24147
0 48 61828
14 15 54095
10 48 44587
11 16 58474
9 22 37682
1 36 30826
37 45 53217
5 16 12281
15 16 23365
27 36 51060
7 48 62893
11 21 65100
1 9 11289
24 30 53269
20 28 28139
8 25 32443
7 32 64346
9 41 34261
14 32 17521
21 22 45289
8 14 62177
4 31 50667
0 38 53333
9 20 38741
3 13 44062
14 44 17424
29 30 20943
3 48 32106
4 44 67632
42 49 30077
13 22 46253
4 36 11601
11 24 26314
8 47 20839
28 37 12218
25 40 66140
21 30 41665
9 25 55435
5 24 68421
3 20 67173
9 15 36494
18 22 13455
4 47 62273
36 46 49926
1 27 56725
5 27 32554
17 32 12368
17 31 51070
18 37 68959
23 35 32032
3 32 38502
18 39 13277
28 33 24842
13 40 21834
9 24 42018
13 49 11046
36 44 41401
34 35 65104
46 47 33152
6 13 51175
2 38 25180
17 24 69405
9 14 52776
22 33 53638
5 18 32386
29 43 54994
37 41 49777
10 42 16194
23 48 40428
41 45 48197
5 8 13366
12 46 19065
5 36 51653
9 36 65639
2 21 58991
34 41 38377
39 45 40336
10 31 13502
6 25 31589
12 24 39294
12 36 47677
13 23 12233
25 33 42571
14 39 62519
9 30 24067
18 48 26731
11 46 63566
15 40 55468
23 41 21835
8 39 38860
7 13 48785
34 44 49158
5 49 38265
15 28 31561
13 38 32795
15 45 12793
10 37 28697
33 38 12571
30 43 18987
24 29 59126
28 30 50769
7 47 22354
2 45 20333
15 46 44564
17 25 30135
4 12 69324
14 40 25083
14 48 12613
24 41 12825
3 24 58815
3 19 54050
21 31 62646
6 12 61049
16 26 26620
37 44 67307
35 36 15115
19 29 55495
0 41 60872
9 16 12726
9 34 67330
14 36 41875
0 36 63654
10 22 58630
34 37 22282
25 42 25214
6 17 21425
20 44 25075
6 39 43912
17 44 36139
15 27 46206
1 5 45180
21 49 29050
30 39 10702
2 10 55513
8 45 63614
40 46 42980
0 28 54836
30 36 18696
8 19 45594
1 21 69805
9 33 19654
7 35 29643
10 38 14592
7 17 10702
0 5 58407
16 19 11898
7 30 27960
38 41 43901
11 17 14913
7 20 42829
25 28 53373
1 25 46788
3 35 36483
6 35 42002
13 46 59070
16 25 51697
27 28 53427
0 29 26287
6 48 37751
7 33 31709
17 47 62493
34 40 12930
35 38 50759
10 49 63195
7 46 58443
26 30 56516
6 28 36175
6 16 55422
5 21 17354
39 46 23911
24 38 67369
1 48 27008
40 45 43554
19 26 11960
28 46 27710
12 31 44103
3 4 13858
20 32 45671
29 48 18003
15 42 18771
8 33 18499
8 40 61376
32 35 55559
13 41 57125
1 26 33378
4 5 56771
0 46 38822
39 41 28947
6 24 13058
10 13 66573
4 16 50656
16 43 65551
44 47 21646
21 34 43558
38 44 10888
25 48 10088
22 25 30073
37 46 37063
20 45 67653
9 37 37427
21 44 50974
27 33 65021
0 30 66579
6 46 36670
18 34 19123
19 25 24288
46 48 10773
2 37 22982
14 16 12101
3 29 30919
12 30 43896
3 37 32744
42 44 22295
6 41 29455
4 45 19868
30 40 57816
14 35 28368
0 45 48690
17 28 28905
12 19 31426
27 41 57406
12 42 21704
10 35 39120
41 44 21194
24 42 55262
14 20 40008
11 32 21282
1 28 27477
23 42 19213
21 24 31078
20 42 67047
19 22 12329
3 11 38241
40 49 63625
20 29 51142
13 42 47365
13 43 17913
10 41 64058
26 39 60347
34 38 32157
27 47 24977
4 13 34242
29 39 54901
14 34 49415
14 18 65840
11 27 16912
17 38 49373
27 31 24208
35 41 67745
10 17 68278
18 46 57777
8 22 55150
41 42 19981
5 39 26896
28 44 66344
5 30 65243
23 47 69047
1 11 29769
21 23 34862
26 49 18259
11 23 62990
23 36 31909
19 46 32731
0 26 31230
19 49 25533
1 46 13873
21 36 68595
4 11 45589
9 35 67931
3 36 58941
20 48 19889
11 47 35050
27 48 35326
19 27 64790
19 40 14464
21 40 31165
4 43 11701
18 49 53837
26 31 57516
17 43 69447
16 17 52115
10 26 45293
3 12 66739
43 44 14238
7 43 14331
14 26 15225
13 21 69482
12 18 13378
18 35 47137
22 47 34343
11 34 33780
15 31 40126
4 18 68395
11 13 56512
7 15 61356
40 43 23928
16 48 12527
5 44 12093
6 26 11659
10 27 22600
12 21 61034
19 21 21548
10 44 47651
12 41 38502
16 24 28481
5 14 64258
23 43 11810
9 40 42325
23 46 48095
10 15 59326
5 42 53914
10 43 42352
3 31 46761
12 25 62796
2 47 46590
14 21 51093
31 47 68021
34 39 58214
10 28 66614
31 37 57300
37 38 34700
16 47 30393
22 27 39568
6 7 33094
2 36 29047
27 49 30923
3 23 59165
0 35 43717
9 18 33016
19 41 60825
32 38 56318
7 44 36193
20 24 24515
1 10 46111
22 45 16837
24 27 42996
2 43 40368
14 42 18647
38 46 15321
1 44 18462
17 41 20116
24 26 11377
32 36 62957
12 48 56877
22 42 64173
13 27 39547
27 29 50112
11 28 14335
1 23 39903
15 23 58868
1 47 61635
16 39 64603
36 40 31404
20 36 31202
9 28 27697
15 36 50451
12 34 64269
12 37 29004
12 15 36311
25 26 39427
12 29 19828
5 15 34771
17 37 17762
28 32 34344
23 49 10881
44 45 24600
0 33 19482
3 33 41249
2 41 45390
6 49 36946
30 47 61855
0 17 55506
17 19 38324
30 48 66954
28 41 54526
6 33 44639
19 43 48643
15 33 46780
13 48 48975
17 18 18546
4 26 35648
6 36 40609
12 49 13148
26 36 57052
2 19 13954
6 42 42988
14 25 49645
14 24 20365
10 46 61993
2 17 28098
7 14 49792
28 29 23963
7 19 52869
34 48 57555
30 46 60450
23 38 53750
32 48 24297
7 8 69933
6 40 37142
25 41 59687
1 22 49021
47 49 28996
2 24 57336
8 29 29487
2 46 25949
30 33 54004
15 18 64127
15 20 64593
13 16 30783
12 20 43101
5 37 25281
39 42 68574
3 44 25852
45 48 28429
31 38 55625
10 47 29806
22 44 13560
26 28 47413
18 27 40171
12 17 17695
3 30 65511
6 22 32106
43 45 31658
2 32 48380
26 32 31803
35 46 22108
33 48 44272
3 6 46100
9 48 34183
11 15 11413
30 44 47929
15 24 25346
18 26 30409
32 46 47407
11 19 44834
32 37 58502
32 42 31410
28 34 38960
33 41 65237
3 40 64337
13 18 12060
31 36 20517
14 38 62910
5 20 27912
30 37 51089
26 40 60678
1 4 59862
4 27 66792
17 35 38090
16 38 30032
41 47 14486
13 20 45743
11 42 64281
18 30 48288
23 33 36265
1 19 26083
13 35 60396
19 36 10537
34 47 62183
9 10 36721
10 19 11950
18 40 52255
11 30 52067
2 12 44503
3 47 29661
39 40 26900
30 38 45147
7 45 63215
7 49 55860
27 40 40383
25 39 57551
15 41 10062
44 48 63043
15 17 50460
29 31 40118
23 37 56274
7 29 53280
7 21 29979
21 43 53066
0 14 33512
23 31 62154
25 30 57552
15 29 69256
23 32 56435
1 20 35839
8 11 35520
19 47 12517
25 45 38377
13 15 48200
7 10 16843
1 39 17240
17 36 50151
16 44 11240
18 32 59308
31 34 36796
30 32 30901
25 29 28350
1 17 11942
11 12 24115
1 6 26353
0 6 54468
15 38 23808
14 43 38558
3 15 47510
34 43 64269
8 42 68676
25 47 33783
18 44 59691
17 26 28654
0 21 28991
2 28 23203
25 36 32951
23 27 28686
14 28 34601
26 48 19385
3 14 54525
11 40 12263
35 40 34045
15 21 35045
2 20 50464
3 27 53031
12 45 54428
13 33 42757
16 29 54271
5 13 55878
0 34 69553
12 23 27315
13 25 14228
4 10 23637
6 45 41430
17 46 42724
13 28 68105
18 23 55239
1 38 11281
6 43 57757
17 29 61650
7 39 69958
30 34 33682
8 27 63483
24 47 40754
12 16 52674
43 46 16685
29 45 63705
41 43 11359
3 7 53429
22 34 25232
38 40 68027
39 49 67836
4 49 61421
16 28 45214
7 37 60442
12 43 44451
1 14 29642
19 39 45341
19 48 40865
3 28 15519
6 10 57036
21 25 58180
2 9 31890
28 47 10672
17 21 29609
31 49 64614
16 40 20919
0 2 26990
26 29 18038
3 39 68676
37 39 30782
2 16 30138
27 35 32357
4 34 24265
8 23 60892
1 15 27173
18 45 43093
18 29 66740
38 42 40675
38 48 26522
12 32 21971
2 27 38702
38 43 36500
16 49 25534
40 42 26058
0 11 26941
7 24 59986
26 41 45700
6 47 62282
20 31 30850
0 32 63363
17 42 49317
16 30 19029
6 38 25252
18 41 62132
33 37 50781
40 47 32009
0 24 13050
27 38 19914
5 46 40047
22 26 23868
1 32 40696
2 31 60185
30 31 58368
8 24 54961
1 2 51076
18 28 15541
2 49 28054
9 17 59958
40 44 58359
11 33 56719
2 8 24072
33 42 27060
5 9 23218
21 39 39606
3 42 55262
2 4 52302
15 43 29591
5 34 30961
11 38 56726
32 33 62584
36 43 24323
23 34 36042
1 3 23755
13 32 51719
29 37 40316
19 35 64537
9 38 13727
42 47 55509
14 30 14450
15 34 43774
9 21 69377
10 34 57289
14 47 46101
25 27 57744
5 11 42250
15 48 27176
24 33 15427
27 45 60304
35 39 29277
3 34 63787
8 10 59165
7 27 43349
19 23 32989
10 11 12382
10 36 12954
33 46 30393
4 20 54684
9 45 44689
6 44 51355
7 22 41409
35 42 37272
45 46 17820
35 45 19593
13 30 51028
11 37 11681
8 28 62052
4 46 57707
25 34 15408
3 8 47560
9 44 14299
31 41 61325
7 18 46936
0 23 13730
0 22 37425
36 38 46822
5 22 45980
25 35 66745
47 48 64393
28 42 48426
36 49 26021
10 45 10321
5 26 37590
2 33 11512
28 45 45453
5 10 52115
13 14 14466
16 20 65847
23 25 48941
4 17 49155
7 12 59344
48 49 32492
20 38 16427
33 47 19306
7 42 54228
6 20 69598
4 19 20988
37 40 46279
7 31 69447
8 13 38539
8 46 23838
22 37 25888
24 31 29864
11 29 12916
29 35 29618
20 26 69432
14 23 61882
23 26 17741
28 39 18318
4 7 68417
22 46 56167
19 33 46482
19 28 68738
9 31 35900
6 9 47994
1 30 56333
24 37 18014
28 35 52461
8 31 52179
2 29 56956
0 8 31615
7 11 41522
24 44 19447
15 26 50185
1 43 62972
5 33 15818
17 39 61925
45 47 13959
36 42 52097
41 46 61371
4 48 42498
27 42 18078
16 33 29401
3 5 14504
9 39 33137
0 9 61163
23 29 13936
16 42 25018
21 37 68904
11 35 34397
24 45 23434
16 18 55070
6 27 10879
18 25 34314
13 34 20969
19 44 48873
22 36 20647
13 19 41127
0 27 31333
0 20 14968
10 20 28082
15 47 52949
30 45 58634
3 17 49672
1 8 45276
7 16 51605
21 38 55490
32 34 37201
2 42 55564
9 19 49730
7 26 40714
0 7 40204
29 47 57808
26 37 60116
5 47 44709
20 43 33087
8 49 63421
0 1 60788
33 45 48106
4 35 62324
36 39 25184
9 29 13682
11 18 47393
13 31 38206
7 9 37997
10 25 10505
25 32 17079
20 27 60787
33 35 41632
24 25 38412
4 25 65755
32 45 11856
9 27 33503
34 42 54388
1 12 63671
18 38 68780
19 24 48135
26 45 61304
37 48 48123
37 42 33698
26 34 41033
25 31 18836
27 44 16045
3 18 40983
19 31 21094
41 48 62897
29 36 64070
2 3 14514
3 9 53684
1 24 54318
20 35 66838
11 41 21010
31 33 58001
43 49 56374
19 38 49217
27 34 38140
0 42 69022
14 37 68439
9 12 28926
13 36 52796
17 20 36850
8 12 36823
8 34 54652
17 27 12496
0 16 33354
28 36 60465
3 43 23418
11 25 11488
4 39 51768
0 25 61541
40 48 47330
25 38 34943
5 19 22519
30 41 53375
36 48 65926
12 39 45757
20 49 46271
7 40 12138
8 35 50271
4 42 42097
20 39 68599
8 41 59252
2 40 65250
25 49 56599
15 44 57768
13 26 56609
21 27 36881
28 31 68932
12 14 55047
21 26 67950
5 41 51727
20 23 34040
5 23 46916
10 24 36378
29 42 36536
16 45 10269
18 33 26842
23 28 49954
20 46 11757
22 40 20753
35 37 41494
9 23 61230
9 46 45696
15 39 66156
12 40 44604
2 23 53765
1 41 41912
6 21 33017
15 35 68046
15 19 22183
46 49 17256
8 21 66644
22 41 23577
8 16 12506
7 34 65386
24 49 23487
8 36 59115
34 45 32266
7 36 22418
9 13 56305
17 30 42359
23 39 64145
31 39 20344
9 11 19274
10 40 42665
5 7 46880
2 44 19543
38 47 11649
1 16 38976
11 44 33443
28 48 22402
13 37 10469
43 48 36816
0 4 58099
21 46 66625
6 18 11419
29 32 54006
32 39 38537
0 47 46580
36 47 52051
2 18 62863
6 23 53836
1 33 48694
29 33 28582
2 30 56342
26 44 44079
18 42 42069
13 24 57600
26 35 18488
31 46 54487
16 21 56047
26 46 62990
38 49 48631
0 3 66391
17 34 12263
7 25 33438
12 33 55413
14 17 33949
33 43 35087
9 42 24388
34 36 69535
5 43 47490
32 47 37000
26 27 36350
42 43 47731
11 22 45767
39 47 49913
8 18 43879
31 42 26446
16 35 26492
2 7 25929
3 22 19308
20 47 22470
3 46 16765
38 39 37890
13 47 20955
45 49 62988
11 31 22101
26 42 20697
32 41 23618
20 41 66588
13 45 66744
8 30 16607
0 10 57361
16 31 15276
2 14 18870
18 43 20798
19 34 60689
8 20 54962
33 34 58029
19 37 27219
1 45 66639
25 43 47661
7 38 66362
42 45 32989
10 18 37534
10 29 42128
21 33 25044
21 41 11412
31 48 58575
31 40 53679
27 46 27341
0 19 20025
14 27 66149
12 35 46249
6 15 60059
11 43 17103
1 31 39236
24 34 12159
6 29 27800
44 49 52854
30 35 20890
32 40 24543
16 34 59461
29 34 68251
9 43 41962
29 49 20473
20 37 31192
9 49 44793
24 43 17577
21 32 31363
28 38 62012
8 32 14216
1 42 69024
23 30 10515
22 43 49348
33 40 36557
1 40 42644
3 10 64392
2 48 37969
11 36 43361
8 9 48070
2 35 67453
35 43 53386
22 29 44218
11 39 55844
5 48 43444
29 46 51322
18 19 25080
19 20 57747
40 41 21264
3 38 20076
2 13 68637
27 30 47951
12 22 21680
17 40 19029
20 30 19912
20 40 44296
17 33 40221
32 49 54706
22 23 51874
11 49 61584
34 46 58860
0 49 56090
27 32 12749
6 34 11518
18 36 35437
4 9 39306
26 43 44162
6 14 41971
5 38 19417
28 40 17522
32 44 20040
10 21 29012
36 41 13050
4 6 54258
0 18 14856
28 49 58638
11 48 47722
6 19 42079
35 44 46384
10 32 11129
4 24 52155
2 5 45020
6 11 49080
5 32 63835
3 41 54049
4 33 11134
12 44 38131
17 49 36413
11 14 67983
24 39 32147
16 41 40139
22 30 68986
24 35 30379
10 39 42889
14 33 10503
22 39 67959
4 14 24337
8 44 44665
8 17 39929
0 39 33755
21 47 64330
15 22 49969
6 37 64910
20 33 19522
17 22 46369
16 32 69766
36 37 68160
0 40 36234
1 29 41844
24 28 44543
1 35 37363
39 43 23999
29 38 19562
4 41 16442
10 30 29976
24 48 15754
37 43 29719
5 29 10249
16 27 42167
7 28 27702
4 23 32396
7 23 12305
4 38 26687
2 25 52775
3 49 57337
22 48 27190
24 40 50733
5 28 11674
26 33 13997
8 48 20661
4 37 47572
1 37 20469
21 45 12772
13 44 42481
2 11 29991
13 17 49142
4 30 54390
1 7 28151
20 25 27518
19 30 26233
5 12 14836
25 37 54881
25 46 52375
26 47 24399
31 32 13465
31 44 24494
4 29 42296
21 48 33184
10 12 24743
6 31 14462
23 44 50886
29 41 47140
7 41 28910
2 34 67573
