50 50 1103
25000 25000 25000 25000 25000 25000 25000 25000 25000 25000 25000 25000 25000 25000 25000 25000 25000 25000 25000 25000 25000 25000 0 25000 25000 25000 25000 25000 25000 25000 25000 25000 25000 25000 25000 25000 25000 25000 25000 25000 25000 25000 25000 25000 25000 25000 25000 25000 25000 25000
2609 3292 6739 8933 6803 5984 10355 7650 8084 4246 5219 5776 6641 7816 4374 3847 5033 6429 6719 3660 7358 5396 5219 8345 4182 6387 7391 5542 5038 10349 6400 5558 6051 9568 3792 4898 9064 7159 11178 8697 4781 6033 6661 5299 8845 11656 9977 5301 8663 3947

2368 1148 3204 4509 4028 2752 5457 3845 4791 2504 2396 2628 3220 3859 1838 2266 2285 3117 3299 2596 3680 2582 2296 4205 1779 2994 5115 2491 2189 5399 3046 2499 2838 4940 1446 2351 4642 3507 6634 4369 2035 2890 3943 2607 5984 6919 5919 3574 4385 1538

38119 28711 4914 17161 44553 7030 26409 19622 50450 35490 13876 9147 14977 9987 21848 35330 20546 15111 25670 37312 29954 23679 9828 13734 19303 6568 57472 8895 11180 22957 12390 7341 15489 21294 21806 22713 18992 16657 67393 15523 12297 23856 48568 27686 66066 66973 59161 44864 16203 22621

94158 75406 32372 11548 94124 35112 29982 21024 105322 79267 29681 21275 20071 28595 64292 80186 47630 25921 53179 95094 61702 69206 23096 42165 48700 24701 135170 25118 40527 60515 47246 30416 52911 19804 61669 53847 15191 17163 141838 16712 34762 49569 105288 76944 142841 137025 121516 110118 12183 58878

1432 1277 1715 1883 566 1580 2152 1577 838 876 1061 1250 1363 1923 1524 955 1016 1318 949 1655 814 1789 1133 2087 1015 1583 2005 1269 1379 2512 1815 1381 1823 2008 1383 947 1901 1497 1685 1925 1108 908 1169 1798 2040 1600 1240 2003 1836 1237

29389 21549 6421 15994 35203 3514 23701 16197 40108 27663 10383 7483 12332 10627 15840 27251 15232 12444 20193 28704 23757 17769 7029 12654 13919 6260 45474 6253 6966 20326 9090 4947 10956 19446 15805 17035 17517 13730 54202 15093 8371 18684 38375 21102 52622 53852 47354 34986 15197 16483

181956 151443 81972 45118 179349 86890 28499 43134 199791 153664 65767 58805 48555 75277 138615 155294 97584 53176 107361 187467 122469 147325 56998 99391 102384 68433 259515 65619 96429 131920 108338 78565 118381 37594 126439 108605 40319 50569 262507 54213 78328 100962 199791 160389 266358 256048 228497 214099 46244 120958

70158 56137 33391 20160 68960 32030 26544 6370 78353 57158 16770 13571 8861 34044 51550 57907 31390 10985 35882 72690 42824 57376 12741 45125 33595 25346 105796 16702 32220 60071 42892 24339 46527 21820 44649 36454 21085 12128 107171 24366 22542 32942 78353 60248 108940 104203 91544 84928 20704 42130

1719 1555 2020 2186 797 1877 2480 1869 697 1127 1324 1525 1646 2242 1817 1211 1359 1593 1205 1956 1061 2099 1395 2416 1275 1880 1940 1538 1663 2869 2127 1665 2135 2327 1668 1203 2218 1789 1599 2239 1374 1156 1050 2109 1977 1509 1125 2149 2144 1511

1038 879 1459 1709 1024 1320 1995 1402 1305 464 869 1050 1181 1674 1133 546 738 1134 1066 1268 1206 1406 928 1875 768 1323 1950 999 1145 2314 1562 1115 1500 1846 988 667 1736 1318 1983 1748 832 916 1087 1416 1986 2088 1720 1628 1668 837

282030 211282 141015 156813 275986 123980 205925 104130 324205 216434 12638 46089 66146 165880 198300 220212 86408 58178 109075 294806 144106 241573 25277 212999 97536 105504 461992 48149 106122 288418 178793 81738 185456 180442 162789 111960 161484 89774 468792 165811 55499 94239 323380 245901 477721 453818 389938 356556 149807 140603

50691 38013 17684 20961 51754 16554 32069 15322 59686 41572 8429 1231 9073 20938 32781 41335 20566 9254 24295 52228 30058 37595 2463 29549 19775 11074 79235 3830 16712 41956 25571 10170 28589 26227 28724 24385 23131 11333 83247 20927 10350 21854 59166 41335 84557 81009 70500 62387 19673 26656

87703 68425 38207 29484 86090 36375 42477 15319 98955 70203 15832 11526 5185 43485 62653 71210 35513 11563 41561 91111 50906 70496 10371 57448 38482 27377 135275 15741 36631 77569 50998 26021 55891 35788 53362 42330 30731 11599 137529 32581 23565 37602 98735 74362 139911 133534 116492 107586 27615 49972

8994 7014 1953 3076 10270 2400 5044 4089 11525 8342 3428 2289 3530 1217 5553 8308 5162 3558 5938 8844 6878 5947 2434 2672 4897 1741 13134 2275 3283 4634 3544 2352 4204 3955 5544 5623 3465 3423 15131 2520 3406 5551 11125 6799 14963 15041 13379 10451 2868 5718

22109 13806 17181 27575 34163 13983 36054 25399 39559 23393 16297 15828 21148 21809 7310 21709 15513 20779 22678 21463 25368 12569 14621 24038 11931 16866 39913 14091 11169 32479 15843 13360 14375 31372 9640 15974 29250 22701 52897 26598 12776 19787 33563 13114 48346 54681 47531 28374 26698 11815

16807 14001 25640 30561 19556 22905 35602 25154 24505 9679 15763 18421 21255 29433 18478 8135 13451 20437 19232 20868 21699 23300 16271 32126 12619 23236 35094 17533 19253 39867 26303 19556 24957 32986 15933 12196 31041 23680 36455 30709 14579 16581 19881 23476 36497 38302 31816 27205 29842 13261

10299 7390 7031 8472 10011 6048 10492 6305 12559 6963 2542 3918 4743 8551 6856 7119 1531 4415 4164 10825 5152 8788 3062 9992 2712 6068 17458 3782 5031 13093 7754 4593 8294 9443 5401 2666 8664 5714 17692 8842 2599 3101 11362 8989 17709 17551 14924 13365 8184 4483

175305 136474 78453 73100 171987 74683 92515 36644 198000 139301 27445 23562 23034 89311 126332 141375 67935 11423 80376 182317 99603 144881 22846 118038 74042 56173 274079 32233 75211 159433 104768 53383 114834 79433 107218 81959 75663 36305 280374 79396 45918 72233 198000 150423 282712 269592 234531 216209 69254 97680

14104 10872 9452 10186 10309 8668 12441 7754 12529 10040 3542 5082 6005 10597 10274 10214 4313 5638 2061 14718 4237 12438 4123 12767 5635 7817 21789 5177 8073 16239 11122 6723 11726 11267 8646 5230 10401 7099 19186 10594 5350 2795 14964 12662 22071 18497 15556 17561 9863 7618

4719 4738 8597 11897 10320 7583 14113 10500 12031 6905 7254 7875 9152 10064 5467 6371 7005 8870 9277 3656 10130 6729 7312 10878 5869 8497 9506 7622 6695 13554 8172 7390 7707 13238 5406 7151 12428 9845 15675 11583 6547 8360 10130 5845 12180 16314 14559 5847 11614 5613

2204 1718 1581 1691 1302 1463 2030 1326 1635 1593 693 924 1063 1760 1628 1619 733 1008 555 2296 390 1953 780 2079 931 1335 3066 939 1298 2600 1756 1171 1846 1853 1384 871 1722 1227 2673 1752 889 505 2041 1987 3108 2532 2090 2723 1643 1229

33087 23443 23170 37575 50155 19559 48702 36072 57236 36022 26166 23493 30494 29263 14919 33813 25682 30655 35084 31815 38614 11166 22333 29102 20982 23524 56025 21214 17380 40178 17905 20255 15978 42538 17975 26288 39775 32512 74738 35911 21002 31291 49368 15978 67091 77038 67697 40884 36405 20830

29547 21819 12087 14277 30208 10393 19877 9670 34960 23989 3801 2252 5847 14071 19650 23844 11199 6260 13471 30993 16984 22873 0 19319 10703 8017 46945 2293 10145 26881 15889 6157 17728 16757 16158 13513 14856 7665 50147 14257 4959 11984 34713 24051 50189 48040 41634 36675 13492 14897

19258 15154 4883 8660 22473 5240 12851 10822 25140 18677 8930 6798 9435 4715 11943 18148 11947 9496 14265 19106 16203 11616 7106 3553 10898 5631 28226 6684 7117 7725 6509 5973 7911 10537 11924 12593 9496 9405 33421 7486 7881 13444 24198 13429 31946 32615 29081 22522 8227 12293

32600 22120 24063 31410 36263 20115 39682 24603 43406 26098 11050 13644 18976 29538 20197 24684 10012 17796 19495 34493 23056 27157 10541 33424 5270 20594 59259 12362 14845 44597 26668 15282 26495 35297 14936 10622 32488 21866 64743 31379 8099 15669 41636 27879 64804 63420 53958 43640 30250 11650

19133 14415 4124 7502 21736 4258 12148 8180 24693 17191 5611 2952 5851 5337 11613 17111 9697 5918 11525 19369 13673 12852 3268 8547 9073 1634 29479 2801 5623 13172 7620 3075 8745 9583 10952 10784 8420 6693 33190 6967 5560 10615 23935 14794 33148 32667 28750 23156 7022 11361

175156 190444 281463 355282 238383 258749 406770 325852 225170 205569 253234 264755 294457 314332 211356 210756 242970 289434 287742 170788 273327 239639 248102 332568 222222 279224 124051 257875 238875 392519 271962 254436 261534 380835 205405 233251 365874 308872 262243 348348 234998 267212 177231 219819 183947 276549 279934 151733 352989 210046

31417 23339 11056 15023 33379 9282 22113 11424 38298 25597 5582 2430 7436 13292 19279 25460 12766 7551 15708 32571 19387 22351 1601 18629 11698 6794 49650 800 9022 26549 15038 4846 16963 18384 18146 14626 16408 8878 52990 15002 5683 14150 36827 24738 53033 52629 45921 39055 14201 16091

22292 15532 8585 15815 27305 6079 22449 14122 31534 21286 7458 6609 10790 12212 11525 20448 11037 10887 16351 22629 18460 14092 5916 13959 8953 7422 37089 5247 2958 20575 9380 4675 9917 18779 10579 12122 17129 11995 44699 15038 5121 14086 30040 16086 42325 43386 37782 28046 15128 11164

35887 29205 12480 18630 41122 13061 25455 22151 45465 34940 19069 15598 19892 12207 23976 34080 23982 19991 27757 35640 30912 23444 16099 10314 22275 13699 50490 15413 16118 8049 15128 14256 17411 21687 23945 25034 19991 19843 58502 16718 17362 26420 43931 26395 56547 57636 51882 41202 17925 24545

12035 8916 3727 7937 15528 2988 11116 8229 17556 12413 5826 4628 6632 5471 6476 11884 7270 6678 9817 11792 10828 6101 4440 5425 6843 4123 18722 4120 3693 8596 2220 3580 3285 9358 7288 8021 8567 7210 23593 7374 4435 8731 16331 7478 21757 23235 20550 14388 7608 8162

16816 12300 4673 8907 19038 3674 13346 7880 21863 14695 4330 2861 5655 6838 9623 14610 7526 5719 9982 17041 12034 11338 2398 8891 6931 3300 26701 1952 3900 13310 6886 1199 7961 10895 8991 8573 9784 6460 29982 8388 3574 9112 21992 12670 30199 29780 26037 20660 8448 9382

33291 24043 13451 25678 45466 10386 35106 25927 51477 34720 17347 15249 21192 18623 16808 32845 22433 21329 29985 32571 32982 15695 14693 18486 19385 13751 53121 13742 10951 27888 8982 12141 7346 30148 19402 23889 27802 22904 67566 24266 14025 26766 46032 19779 62514 69570 61607 40269 24685 21808

946126 772783 372672 171891 941607 399465 229188 203364 1052973 801673 322800 261306 229995 336196 681269 810550 496143 258078 549405 987768 631719 728398 261790 467575 512606 298912 1361570 298428 451435 644793 516318 354111 575875 130895 640112 556184 145421 201588 1394657 221440 377998 514543 1052973 803126 1415639 1359472 1209370 1121245 178024 610899

11074 6516 9745 14620 17265 8055 18070 12049 20125 11582 7198 7592 9802 12191 5780 10692 6792 9607 10578 11927 12000 8559 6353 13369 4891 8961 21336 7495 5951 17830 10200 7109 9514 16229 3176 7028 15116 10875 27174 14096 5378 9051 16956 8848 24582 28075 24330 15579 14222 4326

15829 11730 12055 14909 14887 10463 18181 11400 18098 9950 5307 7379 8870 14516 10865 10202 3806 8340 7557 17293 9159 13994 5984 16447 4154 10495 26946 6793 8459 21470 13235 8116 13697 16483 8500 2992 15221 10444 27326 15353 4886 5837 17073 14319 27353 27097 22842 21406 14443 7022

260549 211357 97602 40426 259264 105128 73603 59561 291477 219479 83331 65940 56946 87232 185247 222003 132614 73007 147849 269818 171160 198738 65986 124584 137295 76540 378755 76494 119995 174969 138442 92233 155375 45566 173638 149685 32993 48961 388070 54606 99025 137846 290926 219984 394035 378067 335391 310337 42170 165240

137814 108160 60774 37261 137095 58008 63568 27330 156514 113056 30982 20497 15076 61549 97731 114578 60691 24757 69875 142959 83983 109515 20525 84066 63513 44425 209073 26860 58395 114439 80082 42378 87468 46721 85421 70981 39142 10262 214743 41936 40442 63900 156127 117123 218284 208713 182987 167828 34439 80359

45190 41683 54470 59493 29821 51403 65177 52117 27688 32544 40378 44494 47243 59211 47631 34351 38581 46820 37823 48504 35461 53659 42775 64357 39250 51465 40960 44335 48318 73399 57395 46882 55712 61907 44450 37012 59475 50292 21387 60630 40660 36889 30385 54285 34060 23696 24243 45428 59070 41092

22574 17974 7146 4104 23542 8089 8618 6428 26371 19848 7822 5211 5621 5744 15256 19762 12226 7047 13579 22804 15670 16305 5658 9081 11939 5543 32644 6154 9417 13583 10795 6937 12308 6121 14604 13612 4997 4907 35329 2829 8519 12693 26231 18261 35444 34157 30344 26490 3636 14436

80057 56481 38011 53182 85773 30699 70728 39587 100523 63100 15801 16494 27925 49316 49862 62659 25677 26917 44210 82915 51564 61965 10086 58183 22567 30846 133135 13847 23134 81255 43390 19877 47404 61209 39209 31140 55409 33472 142906 53119 5043 36309 95817 63289 143032 141855 122313 103360 50787 35364

58028 43758 39723 42962 45043 36260 52917 32225 54677 40086 13627 20427 24504 44777 41119 40854 14800 22884 13348 60736 18235 50669 16196 54356 20636 32504 91957 20846 31401 69686 44861 27673 47528 47737 33928 18849 43884 29335 84235 44763 19379 8098 61825 51661 93199 81191 68206 73289 41538 29391

11687 10319 16111 18256 9625 14832 20714 15620 8793 7559 11041 12598 13719 17960 12502 7885 9913 13320 12732 13667 11825 14853 11550 19329 10071 15090 13193 12158 13052 23103 16310 14031 15654 19439 11261 9301 18490 14901 14420 18590 10725 11440 5775 15097 13994 15320 12357 14935 17905 9951

19812 14312 16981 25818 30875 14743 32575 23312 35262 22118 16250 16268 19856 20756 9331 20750 16000 19556 21825 17087 24012 9543 14550 20656 13087 17100 32087 14856 12481 27518 13718 14262 12525 28893 11225 16375 27181 21506 46393 24875 13050 19475 30675 7275 38943 47856 42043 22706 25093 12993

107792 115691 168663 190737 120397 157010 210766 169251 113618 103562 131938 144628 153760 185526 134768 109304 122750 150511 145721 113954 138325 149278 136084 193650 124879 163256 89976 141042 142499 224408 164573 150483 160511 200373 123367 117764 192641 163396 108212 193454 129361 135188 93057 139110 68042 115551 117288 104178 187935 125748

50320 46673 57109 60151 29943 53921 66703 53124 27725 37172 40919 45381 48057 62039 52583 39050 40589 46994 38262 53765 35074 58814 42605 65905 40553 53307 45922 46572 49175 75966 59473 49220 61003 63303 49184 38958 60774 51227 25572 61352 42752 37291 34927 59519 38748 21302 24143 50567 59235 45803

13547 12443 15576 16502 7348 14610 18481 14368 6676 9565 10672 12024 12834 17069 14205 10134 10572 12512 9867 15145 8902 16103 11183 18240 10561 14424 14940 12384 13172 21287 16292 13186 16755 17451 13197 10078 16686 13794 8777 16860 11227 9573 9046 16305 12767 8172 5591 17640 16219 12151

1568 1572 2542 3371 2975 2287 3928 3020 3140 2117 2205 2361 2682 2911 1756 1983 2142 2611 2713 1300 2927 2073 2174 3115 1857 2517 2006 2297 2064 3788 2435 2239 2318 3664 1740 2179 3495 2856 3556 3292 2072 2483 2603 1850 2678 3717 4040 1087 3300 1792

101089 81178 34056 14036 101528 37057 34221 24448 114155 85625 31329 21905 20807 29883 69009 86632 50983 27212 57059 102699 66392 74352 23899 44780 51935 25656 147937 26114 42986 64873 50343 31915 56510 23076 66429 57791 18025 17622 155129 16909 36673 53106 114118 82825 155275 148907 131888 119151 11949 63080

7969 4856 7095 9693 10916 5941 11999 7886 12864 7029 4190 4847 6351 8766 4903 6421 3907 6030 6493 8552 7464 6801 4001 9570 2614 6560 14979 4498 4503 12617 7978 5294 7448 10753 3124 4073 9987 7090 17673 9684 3335 5450 10694 6998 17196 18323 15742 11047 9376 2000

10 23 61503
24 30 51366
18 30 61572
28 43 62269
12 47 48072
17 24 46915
29 41 63310
20 25 66229
12 44 21592
4 37 35588
12 40 12339
36 41 42001
16 25 67813
8 21 18629
41 49 25213
3 40 24841
17 21 58264
36 46 46506
3 4 37384
2 8 53838
33 38 32484
4 27 57295
4 33 58399
17 46 31767
11 31 22039
33 46 19267
18 34 17225
15 25 43265
29 45 41103
28 31 40202
1 7 49620
24 39 44748
13 31 33710
37 42 53334
6 35 37016
41 46 11781
22 23 30248
33 47 42468
4 9 20152
8 14 53984
3 5 68056
11 14 34634
10 27 25984
8 31 65868
32 42 43263
14 28 53340
8 17 32852
7 41 43669
12 42 29846
18 19 60236
23 30 39650
13 28 64473
5 39 47530
14 42 28048
26 40 38382
20 36 11712
5 36 49458
17 45 45607
7 29 44977
34 35 32703
4 22 15808
30 38 36739
18 24 67452
0 12 39519
37 39 32216
17 47 46610
6 42 53443
14 30 52464
21 47 19078
14 22 15738
7 13 36447
16 21 29276
11 29 40372
17 36 64575
37 47 25144
30 32 25778
5 6 47914
27 35 60139
10 46 11589
20 40 19902
33 40 62517
10 31 41239
9 48 14374
11 43 52189
5 19 59287
15 35 54900
0 40 53901
28 30 50887
6 28 30506
7 24 41020
29 46 25733
22 27 48458
20 31 19902
17 37 23184
5 14 30119
15 20 42118
10 19 11936
6 39 13561
5 15 36724
15 48 21014
5 31 31442
39 40 63172
28 38 40291
21 28 61815
6 33 57746
30 45 67578
2 25 29735
18 32 47802
13 35 57716
4 5 31324
6 11 57705
38 39 50232
25 35 62564
12 14 14221
26 29 32420
2 19 63993
29 43 59121
11 35 28464
6 37 57023
15 31 31770
7 18 11626
26 41 12755
6 25 10227
10 17 21528
12 34 38082
4 7 30346
3 18 65789
11 28 40018
14 39 46050
3 33 32513
27 34 51033
29 36 19635
8 33 37827
23 47 33466
8 32 23592
10 41 25572
10 29 31043
11 25 43327
10 49 15516
42 48 18758
1 10 64651
32 33 15363
1 3 11132
6 15 69357
4 43 19585
3 38 45695
17 48 15492
1 17 20848
39 49 64159
3 17 62515
36 48 54761
16 43 17928
39 42 65270
35 48 67131
12 28 41599
23 43 33351
39 43 39619
8 37 37388
21 35 63369
22 45 27812
13 48 12043
9 19 56544
16 22 37447
36 44 39870
19 36 20009
6 27 51039
30 44 67585
26 31 53195
44 47 24365
1 9 13100
40 42 14095
27 31 31158
21 38 18464
11 20 15227
26 46 42658
14 23 40192
3 24 50923
34 36 48150
4 13 63183
5 45 57224
10 48 40664
2 17 47944
34 37 65152
0 2 48076
20 44 57217
6 7 36751
24 25 23569
5 28 26836
30 35 16281
22 35 29080
6 29 44648
18 22 18324
11 40 15624
1 21 12094
1 18 48194
27 39 37776
0 26 65276
4 20 57921
4 23 20971
13 14 31783
16 45 61021
3 30 37209
23 33 65084
27 41 21627
27 28 42437
31 38 37741
18 36 63962
13 32 35502
1 36 15890
9 32 57145
25 42 22725
13 39 58697
17 39 47231
7 9 30020
0 24 48915
2 49 34447
12 23 68914
8 23 62484
8 48 63426
18 38 15194
4 38 21564
0 9 38073
7 30 35661
34 42 39331
7 25 52310
35 45 25997
31 32 67107
30 37 47585
33 42 13917
38 43 30220
21 24 69368
25 40 17080
1 19 57430
15 22 64452
20 37 28708
3 37 42009
9 36 44335
27 37 22669
9 27 67511
10 16 62369
25 28 21956
10 35 32378
6 21 51065
10 14 59187
26 42 64541
15 43 29980
17 35 35777
38 40 15596
9 12 22463
2 6 29202
9 28 20790
1 31 46170
14 34 69419
19 34 58594
17 38 15500
20 43 51728
36 47 14590
14 15 12607
26 38 41456
13 43 30650
4 42 44970
14 21 40823
20 49 37731
13 40 44542
34 47 47417
14 43 56439
19 29 16550
14 33 21752
14 44 21250
5 26 26203
11 19 14120
21 36 33207
37 45 60725
20 24 67328
3 15 34536
14 35 55265
23 36 39450
42 47 60313
20 34 60862
14 47 64057
31 36 31658
3 7 23794
10 32 40226
3 12 31076
36 40 24531
32 49 45727
21 22 24946
18 43 29121
26 49 60477
10 25 56402
24 43 49772
45 47 47589
7 46 39368
16 49 17502
25 33 22131
35 47 16784
24 49 16083
40 44 40824
12 36 40679
1 6 27333
3 48 57028
9 37 44799
7 12 50540
32 46 47752
24 41 54270
19 44 27219
7 33 45159
11 46 23719
10 22 29674
16 48 48163
38 44 17775
5 40 51332
7 45 14100
32 41 48002
34 48 24550
25 30 28631
7 36 35871
11 32 39497
8 43 59895
23 46 26347
34 43 25898
4 49 51809
8 19 16078
0 45 55266
8 13 59311
16 28 28209
19 25 14193
0 28 17536
5 8 59034
18 35 44872
6 40 34870
5 12 58204
13 18 31814
17 22 27552
15 21 48098
20 32 16083
4 26 44771
3 10 23256
7 35 29802
28 44 16588
9 16 61420
31 33 49721
12 19 57920
36 45 65520
41 48 39865
0 38 24613
12 13 36293
24 36 65736
23 31 54110
24 28 26187
0 3 34225
31 46 22150
8 38 67997
9 26 40303
1 13 19559
14 25 69450
26 28 10655
5 37 23752
39 46 16986
24 31 11831
1 40 10766
8 41 53999
2 26 60035
9 47 32580
5 41 23693
28 40 38132
2 36 50806
7 19 10607
3 46 63531
23 41 22751
10 12 17195
14 19 67093
22 31 62472
7 8 17257
26 47 14754
10 43 32336
20 29 31870
43 49 41047
12 16 40214
4 24 15979
20 39 57235
7 26 16581
19 30 40273
10 15 55231
7 17 46884
30 49 49832
12 38 66823
2 38 59682
1 46 15726
39 47 13808
31 43 61513
39 44 16492
14 32 69950
8 46 51547
3 16 51216
4 14 23643
10 18 31821
2 31 32021
22 46 36393
15 16 25352
29 33 56915
0 47 43588
5 30 34587
24 47 49386
5 16 50845
0 32 39342
22 42 23864
24 33 12715
19 46 10388
6 12 66221
45 46 30837
37 41 69766
30 36 12801
9 46 13252
3 41 67139
2 18 61829
8 44 53084
19 33 63962
1 15 51510
12 49 10952
27 45 19912
44 49 43023
18 29 29588
3 34 19862
27 43 36712
10 28 10803
28 37 45648
6 26 58534
27 44 44967
23 28 12040
19 24 26028
37 46 31882
1 8 57771
9 41 50615
32 38 23410
39 41 50758
24 48 32099
6 19 49418
8 28 65616
20 27 44631
12 32 45638
7 38 38596
20 47 44396
26 37 48440
17 41 41848
5 18 41535
10 30 40268
1 37 37075
40 47 47639
9 49 33920
25 41 38027
36 39 57551
11 47 66943
8 49 69758
8 39 19555
18 46 33655
8 30 22703
36 38 67346
44 46 34331
23 48 57671
21 45 21528
32 37 62502
1 49 31695
10 36 69299
4 40 55259
8 22 57248
11 36 62200
13 24 17358
21 26 36665
9 11 57815
5 35 51989
43 44 24446
33 43 38553
0 41 38527
32 45 15028
12 17 10401
17 40 22204
28 41 57439
15 19 37476
34 39 59843
0 42 21358
6 10 17645
12 15 59537
9 34 18301
15 34 17403
5 43 21234
22 24 54099
38 49 30106
1 20 18580
3 39 30572
3 31 29919
41 42 42251
1 24 35216
8 29 63757
36 37 53693
27 32 20474
10 33 51005
36 42 45892
8 20 39975
31 39 29812
0 10 45849
17 20 21963
14 26 44258
1 2 14402
3 23 50491
24 35 49286
9 22 26946
6 8 62695
16 32 36724
7 43 54422
15 41 64681
36 49 60226
15 45 14209
12 45 66360
17 18 20669
15 18 33755
2 39 17593
2 5 16910
13 46 53862
26 45 38316
35 39 37482
12 48 25923
16 37 10567
11 45 14840
19 45 19680
18 37 54260
8 27 25314
6 23 12827
21 33 42294
1 26 55290
23 35 32639
0 15 30285
29 40 19395
0 48 66898
3 21 34687
3 14 59886
9 44 58326
30 39 63776
4 31 64724
26 32 37193
7 32 48197
4 28 11546
13 45 27418
14 41 64550
2 44 67906
7 28 38087
10 24 28304
19 49 15498
9 24 57140
4 35 24308
38 41 43815
35 43 36764
7 31 40232
46 48 56525
22 26 41604
20 35 49912
23 37 52927
1 29 56918
13 15 52739
15 36 25220
11 23 54350
16 17 27520
12 33 45505
12 24 63746
0 36 24417
16 18 22335
4 25 65774
44 48 24886
30 48 16110
0 17 12639
10 40 52079
32 34 66451
2 32 14185
1 32 21639
5 38 13142
12 37 12090
15 32 61869
4 36 31446
23 49 29732
30 31 49008
12 27 45755
7 10 15689
17 23 15771
41 43 28129
18 44 62214
3 20 59518
16 36 20183
17 30 57283
9 20 46435
34 49 15064
9 23 24645
29 39 42928
6 36 32584
33 35 12292
19 21 48816
3 43 59145
16 47 24627
17 29 44589
22 44 14030
8 9 42881
6 20 59372
25 38 68252
14 36 51474
3 45 63557
16 34 32033
39 48 54616
14 38 17790
43 47 23901
25 34 28204
16 33 49665
0 7 15051
1 28 16101
19 41 55354
22 30 32965
40 45 34230
0 25 59710
29 47 22482
4 34 44413
16 23 46992
1 48 11059
11 15 49477
22 47 61637
1 35 43987
31 35 12061
28 29 16071
9 18 22802
7 20 61206
5 22 30699
9 42 69535
9 40 17378
5 23 15722
21 37 11048
13 20 15629
5 10 69339
21 40 64605
3 8 37662
27 47 53954
34 38 24537
30 43 63706
21 48 12157
27 36 64202
12 31 20899
1 43 30402
42 46 61698
3 29 43864
34 46 54632
20 46 51407
2 27 56346
22 48 29045
20 26 40541
5 13 69548
22 37 20664
7 21 44320
16 42 55678
43 46 22725
2 37 50392
1 12 68480
7 42 26073
26 44 23233
3 13 20156
19 43 33451
5 46 41098
15 26 21204
28 45 51223
8 10 40436
11 41 27952
21 30 31027
31 42 36532
41 47 54632
38 45 24732
6 46 50832
14 37 60977
27 48 35631
2 23 11233
23 25 52674
15 24 21637
0 16 55866
11 38 46224
21 46 20125
4 16 27053
32 43 28907
18 25 19673
18 33 37717
15 46 63228
3 28 65351
33 44 62586
0 43 55762
25 37 15972
18 42 18658
25 26 21137
19 28 38272
4 46 54253
7 23 52235
21 34 49476
13 41 35475
29 37 34813
8 12 19570
6 18 56503
26 39 61345
33 36 64203
25 47 23377
15 49 42176
0 6 55179
8 25 61152
20 48 43410
27 40 49995
6 22 12788
13 44 41418
5 49 26218
25 46 22914
8 24 58471
0 39 45126
12 26 32587
27 49 26187
5 29 50496
28 34 40080
27 42 18772
7 44 48400
2 28 46052
24 44 39574
13 47 59537
28 46 14323
25 48 23826
6 45 53914
11 42 65943
11 16 61444
33 34 30869
0 44 15512
6 30 60089
47 48 22213
14 18 21857
28 35 13466
6 34 54389
15 37 19178
10 44 64618
1 38 39941
15 40 59174
14 49 19548
2 34 11358
22 29 27534
4 45 32462
34 40 59829
4 19 14802
0 31 67192
31 49 28159
30 46 55298
15 23 37271
3 25 36931
13 16 45840
8 35 13323
16 20 66505
13 23 35376
0 18 29789
6 14 32473
1 16 31432
30 33 25731
11 18 23917
30 34 52301
14 40 43387
9 15 14005
22 39 16656
1 23 55244
11 30 29614
8 47 13188
43 48 16565
18 20 36374
9 43 43129
15 17 65739
1 34 45923
4 21 56631
18 45 35415
38 42 20527
5 32 46459
20 33 40218
1 5 17719
1 14 16760
24 32 37658
4 47 44990
5 11 43692
3 36 13498
14 46 60456
0 21 52339
5 47 51017
35 49 32388
48 49 26955
2 11 12449
37 48 48119
10 13 40872
18 39 66893
32 36 33648
11 13 57020
23 24 13549
2 30 31035
7 37 28777
15 47 16737
3 26 37600
33 45 55151
16 30 62009
18 41 45481
16 38 43216
9 25 48639
26 33 10895
10 39 65887
5 24 37241
42 49 41113
1 45 13605
0 5 44001
2 29 68772
0 49 60738
1 11 29835
13 36 24412
9 35 63337
11 33 24317
12 43 65429
9 21 25724
35 38 41272
12 25 67878
29 35 15985
2 42 12143
13 17 16913
22 41 39634
18 48 11305
8 26 20462
18 27 12811
22 36 30082
25 31 39342
1 33 40411
17 43 27376
2 21 31350
15 28 15891
19 39 12734
23 40 22132
5 42 28929
10 20 68621
40 43 49373
22 33 12185
13 33 12225
3 49 35516
5 48 10956
32 35 15106
12 35 55352
2 20 37511
6 32 68443
3 27 69669
16 31 32939
18 40 36309
21 49 40940
21 39 42960
47 49 42294
28 32 55226
11 26 49873
23 44 24070
1 27 56531
3 47 12477
21 42 26881
9 10 28756
8 42 53962
39 45 69435
8 15 46132
7 40 15311
19 37 27468
10 38 48866
22 49 39586
5 20 46398
15 30 59630
0 23 31101
0 35 48583
7 27 13997
6 41 56618
41 45 61682
2 48 19103
0 22 54112
21 43 29192
38 48 29688
11 39 53780
9 30 52131
30 47 68140
28 49 36862
11 21 37233
15 33 52577
16 19 34230
23 26 17105
31 45 66647
8 16 20760
2 12 31725
24 42 35671
22 28 51659
10 21 15686
9 17 35105
20 21 27790
7 39 33141
22 32 52574
37 49 18799
17 49 62727
16 35 41114
2 33 20571
1 25 23828
23 39 19696
20 28 24568
29 30 22588
1 22 23520
20 41 45815
1 41 66700
17 31 54855
15 29 65503
14 17 62622
13 19 36985
7 48 63643
5 7 29483
13 26 64219
29 44 58362
12 22 53713
3 22 23466
15 38 55008
1 4 16615
11 44 57335
36 43 32821
25 36 58275
2 40 63021
0 13 10069
34 45 28207
20 38 38304
19 40 64786
11 49 49149
29 49 43174
12 29 35899
23 45 59720
32 48 69145
22 40 57738
16 29 26431
31 34 21732
4 44 11257
9 29 62246
31 40 30574
11 12 56112
25 45 57748
35 36 23195
7 11 35239
38 46 63533
19 20 42678
19 22 41600
5 34 51894
12 21 38533
20 22 67210
4 6 49045
32 40 57291
12 30 54544
4 39 24008
26 34 45565
6 47 59707
21 29 24077
0 20 15915
27 33 28011
20 45 18862
9 14 55064
21 27 13327
14 45 56904
26 48 56927
27 38 12471
3 11 44641
24 37 13357
16 41 36346
13 25 45898
14 48 65603
26 35 56920
19 38 44152
25 49 65493
28 33 10114
9 33 69392
14 27 11168
13 21 54935
20 23 53134
0 19 65205
0 11 23467
6 43 50343
23 38 56392
2 14 22900
42 44 34886
2 16 10400
4 30 58466
9 13 36736
16 39 36620
23 29 64381
3 32 66890
13 42 45483
16 46 61587
19 32 10216
4 10 44529
17 33 60656
33 37 12687
24 40 19170
10 26 64013
40 46 51176
34 41 67211
22 43 59615
11 24 38095
13 22 41363
13 34 67251
35 46 50352
27 29 52897
18 47 68419
13 49 35286
29 34 36030
17 19 63623
7 47 60896
6 13 16373
8 11 50015
9 39 13795
19 23 53402
5 17 62558
4 15 14403
11 34 20137
2 15 29177
6 49 20926
1 44 17026
1 30 16802
2 3 12513
21 32 17242
42 43 51332
4 32 63169
20 42 32072
7 14 12644
2 13 69325
17 25 25390
4 18 69855
37 38 11081
40 41 53485
2 35 41217
24 45 68332
10 47 45979
13 37 24113
35 40 18892
9 45 11264
24 46 50144
0 37 12515
3 9 14302
7 15 68660
1 47 64673
31 47 30241
4 11 52061
3 6 69373
19 26 34644
29 32 14341
21 31 28549
24 34 45571
12 46 33510
40 48 47495
33 49 60227
31 37 52896
20 30 40969
25 44 65538
2 9 14967
35 44 43613
17 34 17004
9 31 42501
18 26 43467
10 45 18086
6 17 38128
31 41 14684
18 49 28560
46 49 14107
2 47 40940
6 16 37453
17 27 27514
32 47 33226
13 38 39968
30 40 31817
2 24 44028
28 36 46783
7 34 64201
4 48 38232
12 41 46155
6 9 28844
18 31 42573
25 27 16846
35 42 16557
41 44 66083
19 31 54341
22 25 18926
40 49 48978
2 7 25309
10 37 26607
19 35 66089
0 29 58922
5 33 33611
15 44 38589
37 40 44532
5 44 53840
16 40 18859
6 44 61359
22 34 12400
13 29 22966
43 45 32298
5 27 39853
3 42 40481
23 34 67668
17 42 21963
16 27 14440
15 27 41695
24 29 58746
38 47 68641
13 30 69927
31 44 47043
