50 50 1103
25000 25000 25000 25000 25000 25000 25000 25000 25000 25000 25000 25000 25000 25000 25000 25000 25000 25000 25000 25000 25000 25000 0 25000 25000 25000 25000 25000 25000 25000 25000 25000 25000 25000 25000 25000 25000 25000 25000 25000 25000 25000 25000 25000 25000 25000 25000 25000 25000 25000
2609 3292 6739 8933 6803 5984 10355 7650 8084 4246 5219 5776 6641 7816 4374 3847 5033 6429 6719 3660 7358 5396 5219 8345 4182 6387 7391 5542 5038 10349 6400 5558 6051 9568 3792 4898 9064 7159 11178 8697 4781 6033 6661 5299 8845 11656 9977 5301 8663 3947

2368 1148 3204 4509 4028 2752 5457 3845 4791 2504 2396 2628 3220 3859 1838 2266 2285 3117 3299 2596 3680 2582 2296 4205 1779 2994 5115 2491 2189 5399 3046 2499 2838 4940 1446 2351 4642 3507 6634 4369 2035 2890 3943 2607 5984 6919 5919 3574 4385 1538

38119 28711 4914 17161 44553 7030 26409 19622 50450 35490 13876 9147 14977 9987 21848 35330 20546 15111 25670 37312 29954 23679 9828 13734 19303 6568 57472 8895 11180 22957 12390 7341 15489 21294 21806 22713 18992 16657 67393 15523 12297 23856 48568 27686 66066 66973 59161 44864 16203 22621

94158 75406 32372 11548 94124 35112 29982 21024 105322 79267 29681 21275 20071 28595 64292 80186 47630 25921 53179 95094 61702 69206 23096 42165 48700 24701 135170 25118 40527 60515 47246 30416 52911 19804 61669 53847 15191 17163 141838 16712 34762 49569 105288 76944 142841 137025 121516 110118 12183 58878

1432 1277 1715 1883 566 1580 2152 1577 838 876 1061 1250 1363 1923 1524 955 1016 1318 949 1655 814 1789 1133 2087 1015 1583 2005 1269 1379 2512 1815 1381 1823 2008 1383 947 1901 1497 1685 1925 1108 908 1169 1798 2040 1600 1240 2003 1836 1237

29389 21549 6421 15994 35203 3514 23701 16197 40108 27663 10383 7483 12332 10627 15840 27251 15232 12444 20193 28704 23757 17769 7029 12654 13919 6260 45474 6253 6966 20326 9090 4947 10956 19446 15805 17035 17517 13730 54202 15093 8371 18684 38375 21102 52622 53852 47354 34986 15197 16483

181956 151443 81972 45118 179349 86890 28499 43134 199791 153664 65767 58805 48555 75277 138615 155294 97584 53176 107361 187467 122469 147325 56998 99391 102384 68433 259515 65619 96429 131920 108338 78565 118381 37594 126439 108605 40319 50569 262507 54213 78328 100962 199791 160389 266358 256048 228497 214099 46244 120958

70158 56137 33391 20160 68960 32030 26544 6370 78353 57158 16770 13571 8861 34044 51550 57907 31390 10985 35882 72690 42824 57376 12741 45125 33595 25346 105796 16702 32220 60071 42892 24339 46527 21820 44649 36454 21085 12128 107171 24366 22542 32942 78353 60248 108940 104203 91544 84928 20704 42130

1719 1555 2020 2186 797 1877 2480 1869 697 1127 1324 1525 1646 2242 1817 1211 1359 1593 1205 1956 1061 2099 1395 2416 1275 1880 1940 1538 1663 2869 2127 1665 2135 2327 1668 1203 2218 1789 1599 2239 1374 1156 1050 2109 1977 1509 1125 2149 2144 1511

1038 879 1459 1709 1024 1320 1995 1402 1305 464 869 1050 1181 1674 1133 546 738 1134 1066 1268 1206 1406 928 1875 768 1323 1950 999 1145 2314 1562 1115 1500 1846 988 667 1736 1318 1983 1748 832 916 1087 1416 1986 2088 1720 1628 1668 837

282030 211282 141015 156813 275986 123980 205925 104130 324205 216434 12638 46089 66146 165880 198300 220212 86408 58178 109075 294806 144106 241573 25277 212999 97536 105504 461992 48149 106122 288418 178793 81738 185456 180442 162789 111960 161484 89774 468792 165811 55499 94239 323380 245901 477721 453818 389938 356556 149807 140603

50691 38013 17684 20961 51754 16554 32069 15322 59686 41572 8429 1231 9073 20938 32781 41335 20566 9254 24295 52228 30058 37595 2463 29549 19775 11074 79235 3830 16712 41956 25571 10170 28589 26227 28724 24385 23131 11333 83247 20927 10350 21854 59166 41335 84557 81009 70500 62387 19673 26656

87703 68425 38207 29484 86090 36375 42477 15319 98955 70203 15832 11526 5185 43485 62653 71210 35513 11563 41561 91111 50906 70496 10371 57448 38482 27377 135275 15741 36631 77569 50998 26021 55891 35788 53362 42330 30731 11599 137529 32581 23565 37602 98735 74362 139911 133534 116492 107586 27615 49972

8994 7014 1953 3076 10270 2400 5044 4089 11525 8342 3428 2289 3530 1217 5553 8308 5162 3558 5938 8844 6878 5947 2434 2672 4897 1741 13134 2275 3283 4634 3544 2352 4204 3955 5544 5623 3465 3423 15131 2520 3406 5551 11125 6799 14963 15041 13379 10451 2868 5718

22109 13806 17181 27575 34163 13983 36054 25399 39559 23393 16297 15828 21148 21809 7310 21709 15513 20779 22678 21463 25368 12569 14621 24038 11931 16866 39913 14091 11169 32479 15843 13360 14375 31372 9640 15974 29250 22701 52897 26598 12776 19787 33563 13114 48346 54681 47531 28374 26698 11815

16807 14001 25640 30561 19556 22905 35602 25154 24505 9679 15763 18421 21255 29433 18478 8135 13451 20437 19232 20868 21699 23300 16271 32126 12619 23236 35094 17533 19253 39867 26303 19556 24957 32986 15933 12196 31041 23680 36455 30709 14579 16581 19881 23476 36497 38302 31816 27205 29842 13261

10299 7390 7031 8472 10011 6048 10492 6305 12559 6963 2542 3918 4743 8551 6856 7119 1531 4415 4164 10825 5152 8788 3062 9992 2712 6068 17458 3782 5031 13093 7754 4593 8294 9443 5401 2666 8664 5714 17692 8842 2599 3101 11362 8989 17709 17551 14924 13365 8184 4483

175305 136474 78453 73100 171987 74683 92515 36644 198000 139301 27445 23562 23034 89311 126332 141375 67935 11423 80376 182317 99603 144881 22846 118038 74042 56173 274079 32233 75211 159433 104768 53383 114834 79433 107218 81959 75663 36305 280374 79396 45918 72233 198000 150423 282712 269592 234531 216209 69254 97680

14104 10872 9452 10186 10309 8668 12441 7754 12529 10040 3542 5082 6005 10597 10274 10214 4313 5638 2061 14718 4237 12438 4123 12767 5635 7817 21789 5177 8073 16239 11122 6723 11726 11267 8646 5230 10401 7099 19186 10594 5350 2795 14964 12662 22071 18497 15556 17561 9863 7618

4719 4738 8597 11897 10320 7583 14113 10500 12031 6905 7254 7875 9152 10064 5467 6371 7005 8870 9277 3656 10130 6729 7312 10878 5869 8497 9506 7622 6695 13554 8172 7390 7707 13238 5406 7151 12428 9845 15675 11583 6547 8360 10130 5845 12180 16314 14559 5847 11614 5613

2204 1718 1581 1691 1302 1463 2030 1326 1635 1593 693 924 1063 1760 1628 1619 733 1008 555 2296 390 1953 780 2079 931 1335 3066 939 1298 2600 1756 1171 1846 1853 1384 871 1722 1227 2673 1752 889 505 2041 1987 3108 2532 2090 2723 1643 1229

33087 23443 23170 37575 50155 19559 48702 36072 57236 36022 26166 23493 30494 29263 14919 33813 25682 30655 35084 31815 38614 11166 22333 29102 20982 23524 56025 21214 17380 40178 17905 20255 15978 42538 17975 26288 39775 32512 74738 35911 21002 31291 49368 15978 67091 77038 67697 40884 36405 20830

29547 21819 12087 14277 30208 10393 19877 9670 34960 23989 3801 2252 5847 14071 19650 23844 11199 6260 13471 30993 16984 22873 0 19319 10703 8017 46945 2293 10145 26881 15889 6157 17728 16757 16158 13513 14856 7665 50147 14257 4959 11984 34713 24051 50189 48040 41634 36675 13492 14897

19258 15154 4883 8660 22473 5240 12851 10822 25140 18677 8930 6798 9435 4715 11943 18148 11947 9496 14265 19106 16203 11616 7106 3553 10898 5631 28226 6684 7117 7725 6509 5973 7911 10537 11924 12593 9496 9405 33421 7486 7881 13444 24198 13429 31946 32615 29081 22522 8227 12293

32600 22120 24063 31410 36263 20115 39682 24603 43406 26098 11050 13644 18976 29538 20197 24684 10012 17796 19495 34493 23056 27157 10541 33424 5270 20594 59259 12362 14845 44597 26668 15282 26495 35297 14936 10622 32488 21866 64743 31379 8099 15669 41636 27879 64804 63420 53958 43640 30250 11650

19133 14415 4124 7502 21736 4258 12148 8180 24693 17191 5611 2952 5851 5337 11613 17111 9697 5918 11525 19369 13673 12852 3268 8547 9073 1634 29479 2801 5623 13172 7620 3075 8745 9583 10952 10784 8420 6693 33190 6967 5560 10615 23935 14794 33148 32667 28750 23156 7022 11361

175156 190444 281463 355282 238383 258749 406770 325852 225170 205569 253234 264755 294457 314332 211356 210756 242970 289434 287742 170788 273327 239639 248102 332568 222222 279224 124051 257875 238875 392519 271962 254436 261534 380835 205405 233251 365874 308872 262243 348348 234998 267212 177231 219819 183947 276549 279934 151733 352989 210046

31417 23339 11056 15023 33379 9282 22113 11424 38298 25597 5582 2430 7436 13292 19279 25460 12766 7551 15708 32571 19387 22351 1601 18629 11698 6794 49650 800 9022 26549 15038 4846 16963 18384 18146 14626 16408 8878 52990 15002 5683 14150 36827 24738 53033 52629 45921 39055 14201 16091

22292 15532 8585 15815 27305 6079 22449 14122 31534 21286 7458 6609 10790 12212 11525 20448 11037 10887 16351 22629 18460 14092 5916 13959 8953 7422 37089 5247 2958 20575 9380 4675 9917 18779 10579 12122 17129 11995 44699 15038 5121 14086 30040 16086 42325 43386 37782 28046 15128 11164

35887 29205 12480 18630 41122 13061 25455 22151 45465 34940 19069 15598 19892 12207 23976 34080 23982 19991 27757 35640 30912 23444 16099 10314 22275 13699 50490 15413 16118 8049 15128 14256 17411 21687 23945 25034 19991 19843 58502 16718 17362 26420 43931 26395 56547 57636 51882 41202 17925 24545

12035 8916 3727 7937 15528 2988 11116 8229 17556 12413 5826 4628 6632 5471 6476 11884 7270 6678 9817 11792 10828 6101 4440 5425 6843 4123 18722 4120 3693 8596 2220 3580 3285 9358 7288 8021 8567 7210 23593 7374 4435 8731 16331 7478 21757 23235 20550 14388 7608 8162

16816 12300 4673 8907 19038 3674 13346 7880 21863 14695 4330 2861 5655 6838 9623 14610 7526 5719 9982 17041 12034 11338 2398 8891 6931 3300 26701 1952 3900 13310 6886 1199 7961 10895 8991 8573 9784 6460 29982 8388 3574 9112 21992 12670 30199 29780 26037 20660 8448 9382

33291 24043 13451 25678 45466 10386 35106 25927 51477 34720 17347 15249 21192 18623 16808 32845 22433 21329 29985 32571 32982 15695 14693 18486 19385 13751 53121 13742 10951 27888 8982 12141 7346 30148 19402 23889 27802 22904 67566 24266 14025 26766 46032 19779 62514 69570 61607 40269 24685 21808

946126 772783 372672 171891 941607 399465 229188 203364 1052973 801673 322800 261306 229995 336196 681269 810550 496143 258078 549405 987768 631719 728398 261790 467575 512606 298912 1361570 298428 451435 644793 516318 354111 575875 130895 640112 556184 145421 201588 1394657 221440 377998 514543 1052973 803126 1415639 1359472 1209370 1121245 178024 610899

11074 6516 9745 14620 17265 8055 18070 12049 20125 11582 7198 7592 9802 12191 5780 10692 6792 9607 10578 11927 12000 8559 6353 13369 4891 8961 21336 7495 5951 17830 10200 7109 9514 16229 3176 7028 15116 10875 27174 14096 5378 9051 16956 8848 24582 28075 24330 15579 14222 4326

15829 11730 12055 14909 14887 10463 18181 11400 18098 9950 5307 7379 8870 14516 10865 10202 3806 8340 7557 17293 9159 13994 5984 16447 4154 10495 26946 6793 8459 21470 13235 8116 13697 16483 8500 2992 15221 10444 27326 15353 4886 5837 17073 14319 27353 27097 22842 21406 14443 7022

260549 211357 97602 40426 259264 105128 73603 59561 291477 219479 83331 65940 56946 87232 185247 222003 132614 73007 147849 269818 171160 198738 65986 124584 137295 76540 378755 76494 119995 174969 138442 92233 155375 45566 173638 149685 32993 48961 388070 54606 99025 137846 290926 219984 394035 378067 335391 310337 42170 165240

137814 108160 60774 37261 137095 58008 63568 27330 156514 113056 30982 20497 15076 61549 97731 114578 60691 24757 69875 142959 83983 109515 20525 84066 63513 44425 209073 26860 58395 114439 80082 42378 87468 46721 85421 70981 39142 10262 214743 41936 40442 63900 156127 117123 218284 208713 182987 167828 34439 80359

45190 41683 54470 59493 29821 51403 65177 52117 27688 32544 40378 44494 47243 59211 47631 34351 38581 46820 37823 48504 35461 53659 42775 64357 39250 51465 40960 44335 48318 73399 57395 46882 55712 61907 44450 37012 59475 50292 21387 60630 40660 36889 30385 54285 34060 23696 24243 45428 59070 41092

22574 17974 7146 4104 23542 8089 8618 6428 26371 19848 7822 5211 5621 5744 15256 19762 12226 7047 13579 22804 15670 16305 5658 9081 11939 5543 32644 6154 9417 13583 10795 6937 12308 6121 14604 13612 4997 4907 35329 2829 8519 12693 26231 18261 35444 34157 30344 26490 3636 14436

80057 56481 38011 53182 85773 30699 70728 39587 100523 63100 15801 16494 27925 49316 49862 62659 25677 26917 44210 82915 51564 61965 10086 58183 22567 30846 133135 13847 23134 81255 43390 19877 47404 61209 39209 31140 55409 33472 142906 53119 5043 36309 95817 63289 143032 141855 122313 103360 50787 35364

58028 43758 39723 42962 45043 36260 52917 32225 54677 40086 13627 20427 24504 44777 41119 40854 14800 22884 13348 60736 18235 50669 16196 54356 20636 32504 91957 20846 31401 69686 44861 27673 47528 47737 33928 18849 43884 29335 84235 44763 19379 8098 61825 51661 93199 81191 68206 73289 41538 29391

11687 10319 16111 18256 9625 14832 20714 15620 8793 7559 11041 12598 13719 17960 12502 7885 9913 13320 12732 13667 11825 14853 11550 19329 10071 15090 13193 12158 13052 23103 16310 14031 15654 19439 11261 9301 18490 14901 14420 18590 10725 11440 5775 15097 13994 15320 12357 14935 17905 9951

19812 14312 16981 25818 30875 14743 32575 23312 35262 22118 16250 16268 19856 20756 9331 20750 16000 19556 21825 17087 24012 9543 14550 20656 13087 17100 32087 14856 12481 27518 13718 14262 12525 28893 11225 16375 27181 21506 46393 24875 13050 19475 30675 7275 38943 47856 42043 22706 25093 12993

107792 115691 168663 190737 120397 157010 210766 169251 113618 103562 131938 144628 153760 185526 134768 109304 122750 150511 145721 113954 138325 149278 136084 193650 124879 163256 89976 141042 142499 224408 164573 150483 160511 200373 123367 117764 192641 163396 108212 193454 129361 135188 93057 139110 68042 115551 117288 104178 187935 125748

50320 46673 57109 60151 29943 53921 66703 53124 27725 37172 40919 45381 48057 62039 52583 39050 40589 46994 38262 53765 35074 58814 42605 65905 40553 53307 45922 46572 49175 75966 59473 49220 61003 63303 49184 38958 60774 51227 25572 61352 42752 37291 34927 59519 38748 21302 24143 50567 59235 45803

13547 12443 15576 16502 7348 14610 18481 14368 6676 9565 10672 12024 12834 17069 14205 10134 10572 12512 9867 15145 8902 16103 11183 18240 10561 14424 14940 12384 13172 21287 16292 13186 16755 17451 13197 10078 16686 13794 8777 16860 11227 9573 9046 16305 12767 8172 5591 17640 16219 12151

1568 1572 2542 3371 2975 2287 3928 3020 3140 2117 2205 2361 2682 2911 1756 1983 2142 2611 2713 1300 2927 2073 2174 3115 1857 2517 2006 2297 2064 3788 2435 2239 2318 3664 1740 2179 3495 2856 3556 3292 2072 2483 2603 1850 2678 3717 4040 1087 3300 1792

101089 81178 34056 14036 101528 37057 34221 24448 114155 85625 31329 21905 20807 29883 69009 86632 50983 27212 57059 102699 66392 74352 23899 44780 51935 25656 147937 26114 42986 64873 50343 31915 56510 23076 66429 57791 18025 17622 155129 16909 36673 53106 114118 82825 155275 148907 131888 119151 11949 63080

7969 4856 7095 9693 10916 5941 11999 7886 12864 7029 4190 4847 6351 8766 4903 6421 3907 6030 6493 8552 7464 6801 4001 9570 2614 6560 14979 4498 4503 12617 7978 5294 7448 10753 3124 4073 9987 7090 17673 9684 3335 5450 10694 6998 17196 18323 15742 11047 9376 2000

3 31 64776
18 31 38546
8 28 16944
20 49 43552
19 25 12772
2 32 46369
38 39 21816
37 39 10605
22 33 69513
19 32 42384
23 26 10743
4 25 38856
12 42 34012
6 47 19402
38 45 65532
10 17 35210
20 39 26917
14 40 60810
11 47 66160
15 29 49259
29 43 35864
8 40 46799
14 28 62656
26 38 63798
30 40 52427
24 43 15805
18 26 45982
0 21 52079
0 22 30385
20 24 38189
6 26 20856
4 32 37303
20 38 18877
14 26 27800
26 45 10854
29 49 21649
14 16 16311
1 28 34813
18 27 34398
0 20 15824
2 21 67197
24 35 47284
20 37 44680
41 49 43352
22 36 68829
8 27 40211
32 44 68562
1 30 37888
0 14 43164
14 46 16864
19 20 17146
4 47 69028
35 39 65806
9 20 69803
26 33 62825
38 47 48232
9 32 27750
26 47 38806
7 19 30311
34 49 48135
6 33 19137
30 31 53310
6 18 27580
4 18 28015
17 43 23252
14 25 40577
17 19 51807
0 49 29564
17 33 65390
14 32 28347
3 22 47531
5 48 62587
11 32 65631
1 48 34353
11 34 35938
21 36 64459
35 45 16706
38 49 34499
20 47 32347
10 37 49870
5 38 53506
12 38 39493
11 29 48897
13 15 49311
11 43 51438
25 26 53864
33 45 39686
0 38 69188
45 47 22669
5 30 12139
22 35 59465
38 44 43950
25 28 55449
15 32 17044
4 31 61965
10 49 68701
35 36 47621
0 37 55914
3 17 40407
10 18 55154
10 19 14261
3 19 17937
33 48 47740
35 47 69892
6 16 42290
5 36 13677
29 33 16493
4 42 48997
21 40 50319
16 36 50983
21 27 41009
0 26 45968
24 46 20475
0 23 19906
5 46 37421
28 30 14056
9 43 15912
34 37 67107
44 46 25386
6 49 28582
20 40 69246
0 36 26994
24 39 14674
10 35 66837
3 24 46181
7 11 18781
17 35 17680
7 44 23802
23 33 64695
9 21 48087
3 47 21098
42 47 68956
18 35 68168
6 17 58838
7 23 20990
36 42 40457
6 23 14657
14 22 27483
15 31 31596
6 28 67119
26 46 68466
0 27 62606
13 42 43086
0 18 31083
31 49 24654
2 17 10507
18 28 47282
12 31 30566
4 40 67614
23 30 14811
6 29 61291
41 43 19002
21 28 31805
1 44 65965
2 37 27981
21 30 67986
13 47 14745
7 17 35661
0 17 33930
41 45 69441
1 43 25891
31 48 45028
0 9 20538
9 10 24058
44 48 33865
34 41 31528
1 23 54515
27 42 38522
31 40 61154
20 44 28254
28 40 47784
7 47 11761
17 46 33002
5 37 20869
3 6 44988
31 41 47656
11 41 21376
4 13 34412
5 9 20364
47 48 31133
25 29 39223
22 26 11655
12 48 52278
9 42 61028
22 30 19762
21 45 22401
29 48 59014
0 48 24508
4 12 48063
13 26 35086
9 30 36091
1 14 63954
25 46 10114
15 16 58772
4 5 18011
12 30 46122
10 46 20300
26 48 14668
11 33 26787
33 37 23596
3 40 45065
17 48 64571
10 28 37501
14 17 68067
1 13 15439
21 38 12488
9 47 45722
6 35 38959
4 30 36900
7 40 68230
20 32 12234
13 45 18266
39 40 69885
7 30 66655
16 28 69294
31 39 19646
15 24 19055
20 28 10449
8 49 46297
21 24 69261
8 12 35536
35 41 24530
19 31 15356
7 46 35650
7 35 13302
22 37 23367
2 14 23914
48 49 35745
20 35 40179
7 33 40701
25 45 49341
8 45 27386
33 49 35271
7 10 28984
31 35 25453
7 24 52854
18 22 31472
7 20 13317
12 17 33955
15 20 10515
27 45 11546
11 49 36189
10 21 18781
16 49 23573
7 48 44986
36 46 30217
3 45 45363
11 48 66184
13 23 30667
23 46 21659
28 31 65445
14 49 68346
27 32 36190
3 8 10800
30 35 46138
21 34 39492
4 14 36311
27 36 60052
3 34 17379
23 45 18632
9 45 30753
1 37 68863
25 34 36018
16 48 68167
17 36 27847
0 2 63614
18 24 51020
24 27 49319
1 29 66932
12 29 14974
23 39 61977
36 43 20620
37 44 53306
41 47 22900
38 41 34194
17 47 40434
26 27 43118
2 24 69557
32 35 36618
18 32 15927
17 21 33358
11 39 32062
23 47 14272
18 29 59548
2 16 32862
2 47 62553
12 44 41182
15 23 11315
25 33 52604
40 41 60704
33 42 19947
12 46 13356
7 45 59567
11 12 45966
12 19 11523
8 43 17413
6 43 51722
1 46 64686
5 6 68875
9 33 48653
16 17 21803
34 35 60852
19 41 11416
0 29 65109
21 49 25894
15 36 47753
34 39 35543
37 41 11154
8 20 47309
3 9 14303
19 40 17081
1 15 22809
0 10 36365
0 41 33496
31 33 24500
5 24 11369
26 41 26048
7 18 67825
32 42 12685
25 35 68653
13 20 58529
1 34 34775
14 36 24151
2 5 48095
6 27 22883
13 44 37817
17 44 55508
12 37 64606
9 25 44646
1 49 54382
2 15 55401
22 25 56449
29 39 57376
29 34 56817
5 15 51557
27 48 13270
28 49 34569
17 30 29242
9 12 14424
29 46 24020
13 30 33545
24 38 33649
7 27 48973
12 28 12052
8 35 57145
30 46 63473
16 25 13422
12 36 25336
19 33 61297
6 32 28250
16 18 23988
1 42 49825
5 33 53025
18 42 50282
0 46 27919
5 17 18051
13 49 30242
23 40 25569
28 44 12656
16 24 64888
5 7 69952
6 10 58057
2 46 51336
45 46 69470
6 39 57017
28 46 45035
10 25 12739
18 21 33728
1 3 64278
11 38 29307
26 30 59892
6 36 39965
12 33 52956
28 42 38864
30 48 42018
14 35 40100
7 26 32336
17 41 57583
28 36 55436
8 25 23632
22 31 15832
13 25 21566
38 46 15600
10 13 10999
8 22 13991
24 40 45662
20 27 19050
35 48 34233
15 30 61232
6 19 21706
13 14 41263
33 36 13325
18 38 21906
22 27 22598
3 37 12794
17 37 21065
16 37 69776
6 41 27677
2 43 44793
13 37 64053
2 35 46984
8 17 34684
0 6 46161
18 39 29939
10 22 63548
22 24 18178
7 41 12181
36 49 38026
27 28 65761
6 44 69761
19 28 63802
19 38 23735
5 27 21326
3 13 69402
12 47 24734
46 49 37460
28 45 57206
14 42 45928
12 25 13835
11 23 48437
6 40 69777
17 45 45098
4 26 63905
44 45 33825
30 43 69839
11 20 66700
16 31 44890
2 41 69615
0 42 24376
23 43 19683
10 12 15809
9 24 13502
6 15 56510
25 48 51970
12 23 33441
24 29 62201
10 45 12290
23 27 47765
16 26 42369
5 10 20193
30 37 47525
15 42 36170
12 43 33928
10 40 10994
32 34 47714
42 48 60806
6 45 38454
13 21 34920
36 48 36733
1 12 54433
2 19 25499
8 18 48652
12 49 29530
6 22 19404
6 42 12477
2 34 29369
39 41 28246
1 9 47367
8 30 41126
1 39 54765
15 47 69193
23 49 46935
0 13 58267
19 27 67846
8 44 41048
2 26 33850
9 39 60046
12 32 43338
18 46 11614
19 42 32414
10 43 53532
12 45 49140
4 33 10727
8 9 29602
9 37 62277
41 44 48441
0 40 20407
20 34 42873
40 47 25503
36 45 59283
8 26 27305
11 37 53146
9 38 37935
18 33 46836
13 19 14692
2 28 52555
4 22 18347
35 38 45081
9 15 29921
7 16 61616
3 4 29845
25 47 41257
4 38 38550
5 19 30254
7 22 39102
43 46 21740
5 13 54104
4 44 29147
26 39 55079
20 33 67861
23 35 63704
18 44 50753
6 38 59143
3 20 64431
12 39 10354
5 49 51419
9 44 55015
39 42 32905
15 48 24292
3 49 22660
7 31 22187
2 7 41597
25 44 65806
11 44 62265
19 43 30575
24 30 22640
28 33 44819
41 42 51065
18 34 57721
5 29 16883
31 36 42680
21 22 17565
28 37 48140
10 42 23373
5 18 49962
3 46 17241
6 25 35113
26 28 34065
10 36 48531
4 20 32334
14 31 44069
16 42 54377
2 3 13086
3 33 33211
2 20 48808
26 37 25584
10 30 26773
16 19 45965
16 47 48489
14 45 41065
12 14 58625
25 39 12818
37 46 24804
17 25 66574
3 18 65084
13 34 57523
37 45 31356
13 33 52045
27 31 38587
15 26 19077
14 30 58928
31 32 23410
25 43 38785
8 29 49210
36 39 48926
28 39 18747
21 41 68594
3 5 14038
10 29 54955
3 39 47124
19 26 48516
20 31 29023
7 28 43644
9 14 63745
23 36 64378
22 29 34594
29 31 19328
14 41 21150
24 28 10558
34 38 57817
31 42 64358
11 26 11325
32 40 12778
29 32 19161
45 48 20041
1 36 67862
33 44 18826
36 38 41398
23 28 49906
13 38 47414
9 22 62618
14 20 50977
15 40 12966
31 38 31402
5 42 30186
4 34 51892
17 28 40149
5 47 28780
27 39 68073
19 36 25104
22 49 18046
22 39 46588
46 47 56270
3 36 51690
3 38 40333
4 37 50647
14 38 16283
19 30 61804
29 47 61797
11 25 28984
13 31 61764
6 9 56154
28 35 42453
3 41 64542
5 39 17458
10 20 52494
0 25 14545
11 14 26284
13 36 36034
14 27 66594
8 31 15840
2 23 28651
40 46 47570
28 48 18806
10 34 50054
18 40 19899
32 33 60698
34 40 32345
47 49 50822
26 44 10913
1 41 59592
7 15 58868
10 41 47501
1 24 58005
24 42 52701
15 46 29976
28 29 38651
21 26 11126
44 47 33923
34 48 42591
16 35 42254
30 49 25686
38 40 28744
39 45 14706
11 22 20227
13 22 48345
8 13 69343
29 36 36915
12 27 64630
4 8 35377
30 33 33508
11 17 10469
4 29 66171
0 32 11078
9 16 31419
9 49 46224
17 24 20977
11 18 34259
8 33 20712
4 17 61799
22 32 35172
22 41 22446
11 31 62809
7 36 24816
22 40 10450
10 48 57652
13 29 56935
1 38 39102
30 42 10921
10 44 20857
4 46 11692
30 41 43175
29 42 36543
16 23 42579
10 47 60024
0 15 58913
9 34 20924
5 34 59366
20 46 25827
40 45 27696
36 41 24742
4 43 61479
32 41 40308
12 24 33056
2 25 62557
0 39 61727
4 16 69280
8 10 25676
35 42 38129
18 25 32134
19 37 29617
14 29 63301
11 36 44581
23 31 34568
5 16 30259
0 19 57174
26 35 34363
16 22 17194
13 27 26275
15 34 35284
23 34 28051
23 29 40110
3 43 68459
8 14 66738
6 31 24832
29 41 58482
7 25 67793
7 38 35756
3 15 59990
33 41 23620
30 32 53452
1 26 14732
26 34 27241
45 49 35902
2 27 37788
27 41 19797
7 42 27629
5 26 49210
26 43 47616
29 40 55758
3 7 23487
15 21 19375
20 21 61201
2 8 10210
5 8 43943
1 35 33603
0 7 57384
0 8 68306
2 30 40797
9 31 25802
1 8 45732
27 49 10990
35 49 55912
40 48 44190
8 48 67728
13 32 10743
24 33 44814
4 35 65521
14 37 48642
17 22 34804
19 24 31283
32 46 44236
26 49 51679
14 24 48524
23 37 10138
28 38 31609
25 27 10463
0 4 39910
17 26 22961
27 38 60222
39 47 37810
9 19 48591
31 34 69597
15 39 29010
4 24 48801
16 40 55682
3 35 52613
15 27 36185
1 25 66131
5 11 35552
1 2 51987
0 16 41862
14 48 36543
33 38 50041
16 32 28195
30 44 46413
3 48 62928
1 32 15151
11 24 41933
22 23 41569
20 26 39955
4 9 15358
30 38 15805
3 11 33776
1 27 53882
21 23 28086
5 31 67528
4 36 66488
11 35 57996
4 48 20489
21 37 56709
24 48 25805
24 36 59080
16 20 68448
13 16 56958
10 27 50024
35 37 54130
2 29 51714
8 41 28351
14 19 62403
31 44 29408
33 34 10337
16 34 34264
1 6 55951
11 27 62521
9 13 64602
5 40 32364
32 43 55448
0 3 69754
19 47 16439
11 28 27017
17 42 51851
17 49 21798
2 13 44965
17 38 27770
7 29 17822
24 41 63051
16 29 25297
7 43 26453
13 35 63189
1 21 47929
33 40 25304
20 42 31136
8 21 49152
11 16 23752
0 31 18093
31 46 29175
32 39 20024
37 48 11949
15 49 47526
9 36 12426
8 42 31358
9 27 60006
28 47 48833
5 25 29451
22 45 52526
8 39 55578
1 5 63958
34 44 37974
19 35 55331
24 44 10397
36 47 67134
20 23 49324
1 33 34338
21 39 54241
8 34 67094
11 15 54303
7 49 47291
24 25 34534
15 19 10755
31 45 52622
16 39 12462
13 48 26060
9 35 13757
20 22 51614
33 47 51955
6 46 33993
5 23 22931
35 46 14121
43 45 35943
14 44 60457
21 43 16547
4 28 57301
37 43 62605
22 48 67523
8 47 28894
10 11 45131
23 44 65243
18 43 22852
28 43 25247
8 36 62716
16 38 23249
26 29 34523
18 41 42040
22 34 59730
21 48 18763
33 43 51276
29 35 44032
40 43 68197
7 13 15809
4 45 56931
4 21 50818
8 38 18272
32 45 25133
15 25 66718
5 41 12028
43 47 67088
12 41 30710
19 34 24960
2 49 11208
5 43 56653
7 32 27559
9 28 29898
20 48 56096
21 47 20164
24 45 39563
37 38 14990
5 45 67438
2 18 34806
9 26 27842
29 37 34827
17 31 27521
3 25 53234
23 42 59350
7 12 11703
21 42 42963
17 34 20255
2 31 52980
1 40 29137
33 35 30594
29 30 58789
8 15 16067
15 18 11411
3 42 19203
3 26 43343
31 47 68129
10 39 33375
24 34 52573
42 43 28838
24 49 60478
19 29 65924
12 34 27634
7 21 18036
6 13 25821
15 33 13729
19 44 40343
8 19 67528
7 14 30862
15 45 37780
5 35 44476
29 38 48704
5 12 14749
16 30 61997
0 11 31937
13 24 16241
10 38 63701
2 11 17042
13 40 38639
16 21 58823
12 26 36180
19 46 59233
6 30 59754
8 23 54390
16 45 12786
4 39 21100
7 34 27733
0 24 10914
1 47 44475
4 27 10305
12 21 41896
38 42 34952
25 31 66230
43 44 11672
35 44 55131
38 48 34193
10 16 27544
9 48 25474
4 49 31720
34 43 48407
9 29 65397
17 23 66196
4 19 27110
23 38 10146
1 19 10335
9 23 61191
2 4 28530
20 36 16178
4 41 68233
35 40 57170
30 45 65001
24 47 34412
30 36 46402
27 34 54754
31 37 18802
4 23 49189
26 32 65854
32 49 36535
18 19 62246
2 36 52471
22 46 36840
12 22 46284
2 38 17422
10 33 45212
0 35 47956
27 30 14696
39 44 69406
8 11 65501
24 26 30170
28 32 43268
0 30 43907
26 36 25566
33 46 39464
6 48 13159
21 31 37855
40 44 51942
22 47 64350
10 23 68529
27 47 58120
27 44 62583
9 17 55698
3 32 53120
19 48 39137
7 9 44242
25 30 50016
12 18 47939
14 21 23430
17 40 58013
12 35 26616
22 38 27819
31 43 40483
6 21 65600
5 22 64103
15 38 60049
12 16 52954
20 43 54202
19 49 64745
9 40 52359
36 37 61845
41 48 37057
20 45 25627
25 32 47894
39 43 64766
26 31 67234
32 38 51053
34 46 32621
14 47 49175
10 32 57546
46 48 43292
6 20 49437
9 11 50128
37 49 28989
30 39 32556
32 48 31407
14 18 63231
1 17 24714
1 31 21489
18 49 28804
1 4 12726
3 21 38105
2 33 46623
9 46 43210
13 17 45847
16 33 52868
17 27 45401
27 43 28801
22 43 49212
16 43 52288
3 14 23302
6 12 41056
2 12 19344
15 37 38929
20 30 18949
21 29 14109
15 28 48305
32 36 12145
1 10 48873
12 20 39622
12 40 59691
23 41 22164
41 46 19058
15 41 51961
5 44 53296
42 45 53757
11 45 13367
42 46 46527
37 40 68472
4 7 24856
24 31 17473
29 45 23340
42 49 65105
24 37 66239
0 12 68693
39 49 40951
7 39 49106
1 18 44093
7 8 11894
9 41 28318
24 32 26380
4 6 25197
0 44 11516
25 37 35724
14 33 66269
30 47 32609
15 17 51977
27 29 56717
13 18 34754
5 21 30849
14 15 26338
23 48 36587
35 43 55157
1 7 47540
17 20 18547
27 37 38452
29 44 31296
16 27 34057
13 41 27121
21 33 41910
3 16 48914
43 49 34594
21 44 55251
37 42 56161
2 22 30832
21 25 66086
18 45 39254
13 28 22081
6 11 40179
19 45 41149
20 29 52542
0 47 68702
5 14 68489
8 16 66201
11 30 46569
5 20 64757
43 48 28809
27 40 28545
39 46 51473
18 48 65706
25 36 61537
11 13 19954
2 42 32292
36 44 46693
22 28 57494
17 29 52982
