50 50 639
25000 25000 25000 25000 25000 25000 25000 25000 25000 25000 25000 25000 25000 25000 25000 25000 25000 25000 25000 25000 25000 25000 0 25000 25000 25000 25000 25000 25000 25000 25000 25000 25000 25000 25000 25000 25000 25000 25000 25000 25000 25000 25000 25000 25000 25000 25000 25000 25000 25000
2609 3292 6739 8933 6803 5984 10355 7650 8084 4246 5219 5776 6641 7816 4374 3847 5033 6429 6719 3660 7358 5396 5219 8345 4182 6387 7391 5542 5038 10349 6400 5558 6051 9568 3792 4898 9064 7159 11178 8697 4781 6033 6661 5299 8845 11656 9977 5301 8663 3947

2368 1148 3204 4509 4028 2752 5457 3845 4791 2504 2396 2628 3220 3859 1838 2266 2285 3117 3299 2596 3680 2582 2296 4205 1779 2994 5115 2491 2189 5399 3046 2499 2838 4940 1446 2351 4642 3507 6634 4369 2035 2890 3943 2607 5984 6919 5919 3574 4385 1538

38119 28711 4914 17161 44553 7030 26409 19622 50450 35490 13876 9147 14977 9987 21848 35330 20546 15111 25670 37312 29954 23679 9828 13734 19303 6568 57472 8895 11180 22957 12390 7341 15489 21294 21806 22713 18992 16657 67393 15523 12297 23856 48568 27686 66066 66973 59161 44864 16203 22621

94158 75406 32372 11548 94124 35112 29982 21024 105322 79267 29681 21275 20071 28595 64292 80186 47630 25921 53179 95094 61702 69206 23096 42165 48700 24701 135170 25118 40527 60515 47246 30416 52911 19804 61669 53847 15191 17163 141838 16712 34762 49569 105288 76944 142841 137025 121516 110118 12183 58878

1432 1277 1715 1883 566 1580 2152 1577 838 876 1061 1250 1363 1923 1524 955 1016 1318 949 1655 814 1789 1133 2087 1015 1583 2005 1269 1379 2512 1815 1381 1823 2008 1383 947 1901 1497 1685 1925 1108 908 1169 1798 2040 1600 1240 2003 1836 1237

29389 21549 6421 15994 35203 3514 23701 16197 40108 27663 10383 7483 12332 10627 15840 27251 15232 12444 20193 28704 23757 17769 7029 12654 13919 6260 45474 6253 6966 20326 9090 4947 10956 19446 15805 17035 17517 13730 54202 15093 8371 18684 38375 21102 52622 53852 47354 34986 15197 16483

181956 151443 81972 45118 179349 86890 28499 43134 199791 153664 65767 58805 48555 75277 138615 155294 97584 53176 107361 187467 122469 147325 56998 99391 102384 68433 259515 65619 96429 131920 108338 78565 118381 37594 126439 108605 40319 50569 262507 54213 78328 100962 199791 160389 266358 256048 228497 214099 46244 120958

70158 56137 33391 20160 68960 32030 26544 6370 78353 57158 16770 13571 8861 34044 51550 57907 31390 10985 35882 72690 42824 57376 12741 45125 33595 25346 105796 16702 32220 60071 42892 24339 46527 21820 44649 36454 21085 12128 107171 24366 22542 32942 78353 60248 108940 104203 91544 84928 20704 42130

1719 1555 2020 2186 797 1877 2480 1869 697 1127 1324 1525 1646 2242 1817 1211 1359 1593 1205 1956 1061 2099 1395 2416 1275 1880 1940 1538 1663 2869 2127 1665 2135 2327 1668 1203 2218 1789 1599 2239 1374 1156 1050 2109 1977 1509 1125 2149 2144 1511

1038 879 1459 1709 1024 1320 1995 1402 1305 464 869 1050 1181 1674 1133 546 738 1134 1066 1268 1206 1406 928 1875 768 1323 1950 999 1145 2314 1562 1115 1500 1846 988 667 1736 1318 1983 1748 832 916 1087 1416 1986 2088 1720 1628 1668 837

282030 211282 141015 156813 275986 123980 205925 104130 324205 216434 12638 46089 66146 165880 198300 220212 86408 58178 109075 294806 144106 241573 25277 212999 97536 105504 461992 48149 106122 288418 178793 81738 185456 180442 162789 111960 161484 89774 468792 165811 55499 94239 323380 245901 477721 453818 389938 356556 149807 140603

50691 38013 17684 20961 51754 16554 32069 15322 59686 41572 8429 1231 9073 20938 32781 41335 20566 9254 24295 52228 30058 37595 2463 29549 19775 11074 79235 3830 16712 41956 25571 10170 28589 26227 28724 24385 23131 11333 83247 20927 10350 21854 59166 41335 84557 81009 70500 62387 19673 26656

87703 68425 38207 29484 86090 36375 42477 15319 98955 70203 15832 11526 5185 43485 62653 71210 35513 11563 41561 91111 50906 70496 10371 57448 38482 27377 135275 15741 36631 77569 50998 26021 55891 35788 53362 42330 30731 11599 137529 32581 23565 37602 98735 74362 139911 133534 116492 107586 27615 49972

8994 7014 1953 3076 10270 2400 5044 4089 11525 8342 3428 2289 3530 1217 5553 8308 5162 3558 5938 8844 6878 5947 2434 2672 4897 1741 13134 2275 3283 4634 3544 2352 4204 3955 5544 5623 3465 3423 15131 2520 3406 5551 11125 6799 14963 15041 13379 10451 2868 5718

22109 13806 17181 27575 34163 13983 36054 25399 39559 23393 16297 15828 21148 21809 7310 21709 15513 20779 22678 21463 25368 12569 14621 24038 11931 16866 39913 14091 11169 32479 15843 13360 14375 31372 9640 15974 29250 22701 52897 26598 12776 19787 33563 13114 48346 54681 47531 28374 26698 11815

16807 14001 25640 30561 19556 22905 35602 25154 24505 9679 15763 18421 21255 29433 18478 8135 13451 20437 19232 20868 21699 23300 16271 32126 12619 23236 35094 17533 19253 39867 26303 19556 24957 32986 15933 12196 31041 23680 36455 30709 14579 16581 19881 23476 36497 38302 31816 27205 29842 13261

10299 7390 7031 8472 10011 6048 10492 6305 12559 6963 2542 3918 4743 8551 6856 7119 1531 4415 4164 10825 5152 8788 3062 9992 2712 6068 17458 3782 5031 13093 7754 4593 8294 9443 5401 2666 8664 5714 17692 8842 2599 3101 11362 8989 17709 17551 14924 13365 8184 4483

175305 136474 78453 73100 171987 74683 92515 36644 198000 139301 27445 23562 23034 89311 126332 141375 67935 11423 80376 182317 99603 144881 22846 118038 74042 56173 274079 32233 75211 159433 104768 53383 114834 79433 107218 81959 75663 36305 280374 79396 45918 72233 198000 150423 282712 269592 234531 216209 69254 97680

14104 10872 9452 10186 10309 8668 12441 7754 12529 10040 3542 5082 6005 10597 10274 10214 4313 5638 2061 14718 4237 12438 4123 12767 5635 7817 21789 5177 8073 16239 11122 6723 11726 11267 8646 5230 10401 7099 19186 10594 5350 2795 14964 12662 22071 18497 15556 17561 9863 7618

4719 4738 8597 11897 10320 7583 14113 10500 12031 6905 7254 7875 9152 10064 5467 6371 7005 8870 9277 3656 10130 6729 7312 10878 5869 8497 9506 7622 6695 13554 8172 7390 7707 13238 5406 7151 12428 9845 15675 11583 6547 8360 10130 5845 12180 16314 14559 5847 11614 5613

2204 1718 1581 1691 1302 1463 2030 1326 1635 1593 693 924 1063 1760 1628 1619 733 1008 555 2296 390 1953 780 2079 931 1335 3066 939 1298 2600 1756 1171 1846 1853 1384 871 1722 1227 2673 1752 889 505 2041 1987 3108 2532 2090 2723 1643 1229

33087 23443 23170 37575 50155 19559 48702 36072 57236 36022 26166 23493 30494 29263 14919 33813 25682 30655 35084 31815 38614 11166 22333 29102 20982 23524 56025 21214 17380 40178 17905 20255 15978 42538 17975 26288 39775 32512 74738 35911 21002 31291 49368 15978 67091 77038 67697 40884 36405 20830

29547 21819 12087 14277 30208 10393 19877 9670 34960 23989 3801 2252 5847 14071 19650 23844 11199 6260 13471 30993 16984 22873 0 19319 10703 8017 46945 2293 10145 26881 15889 6157 17728 16757 16158 13513 14856 7665 50147 14257 4959 11984 34713 24051 50189 48040 41634 36675 13492 14897

19258 15154 4883 8660 22473 5240 12851 10822 25140 18677 8930 6798 9435 4715 11943 18148 11947 9496 14265 19106 16203 11616 7106 3553 10898 5631 28226 6684 7117 7725 6509 5973 7911 10537 11924 12593 9496 9405 33421 7486 7881 13444 24198 13429 31946 32615 29081 22522 8227 12293

32600 22120 24063 31410 36263 20115 39682 24603 43406 26098 11050 13644 18976 29538 20197 24684 10012 17796 19495 34493 23056 27157 10541 33424 5270 20594 59259 12362 14845 44597 26668 15282 26495 35297 14936 10622 32488 21866 64743 31379 8099 15669 41636 27879 64804 63420 53958 43640 30250 11650

19133 14415 4124 7502 21736 4258 12148 8180 24693 17191 5611 2952 5851 5337 11613 17111 9697 5918 11525 19369 13673 12852 3268 8547 9073 1634 29479 2801 5623 13172 7620 3075 8745 9583 10952 10784 8420 6693 33190 6967 5560 10615 23935 14794 33148 32667 28750 23156 7022 11361

175156 190444 281463 355282 238383 258749 406770 325852 225170 205569 253234 264755 294457 314332 211356 210756 242970 289434 287742 170788 273327 239639 248102 332568 222222 279224 124051 257875 238875 392519 271962 254436 261534 380835 205405 233251 365874 308872 262243 348348 234998 267212 177231 219819 183947 276549 279934 151733 352989 210046

31417 23339 11056 15023 33379 9282 22113 11424 38298 25597 5582 2430 7436 13292 19279 25460 12766 7551 15708 32571 19387 22351 1601 18629 11698 6794 49650 800 9022 26549 15038 4846 16963 18384 18146 14626 16408 8878 52990 15002 5683 14150 36827 24738 53033 52629 45921 39055 14201 16091

22292 15532 8585 15815 27305 6079 22449 14122 31534 21286 7458 6609 10790 12212 11525 20448 11037 10887 16351 22629 18460 14092 5916 13959 8953 7422 37089 5247 2958 20575 9380 4675 9917 18779 10579 12122 17129 11995 44699 15038 5121 14086 30040 16086 42325 43386 37782 28046 15128 11164

35887 29205 12480 18630 41122 13061 25455 22151 45465 34940 19069 15598 19892 12207 23976 34080 23982 19991 27757 35640 30912 23444 16099 10314 22275 13699 50490 15413 16118 8049 15128 14256 17411 21687 23945 25034 19991 19843 58502 16718 17362 26420 43931 26395 56547 57636 51882 41202 17925 24545

12035 8916 3727 7937 15528 2988 11116 8229 17556 12413 5826 4628 6632 5471 6476 11884 7270 6678 9817 11792 10828 6101 4440 5425 6843 4123 18722 4120 3693 8596 2220 3580 3285 9358 7288 8021 8567 7210 23593 7374 4435 8731 16331 7478 21757 23235 20550 14388 7608 8162

16816 12300 4673 8907 19038 3674 13346 7880 21863 14695 4330 2861 5655 6838 9623 14610 7526 5719 9982 17041 12034 11338 2398 8891 6931 3300 26701 1952 3900 13310 6886 1199 7961 10895 8991 8573 9784 6460 29982 8388 3574 9112 21992 12670 30199 29780 26037 20660 8448 9382

33291 24043 13451 25678 45466 10386 35106 25927 51477 34720 17347 15249 21192 18623 16808 32845 22433 21329 29985 32571 32982 15695 14693 18486 19385 13751 53121 13742 10951 27888 8982 12141 7346 30148 19402 23889 27802 22904 67566 24266 14025 26766 46032 19779 62514 69570 61607 40269 24685 21808

946126 772783 372672 171891 941607 399465 229188 203364 1052973 801673 322800 261306 229995 336196 681269 810550 496143 258078 549405 987768 631719 728398 261790 467575 512606 298912 1361570 298428 451435 644793 516318 354111 575875 130895 640112 556184 145421 201588 1394657 221440 377998 514543 1052973 803126 1415639 1359472 1209370 1121245 178024 610899

11074 6516 9745 14620 17265 8055 18070 12049 20125 11582 7198 7592 9802 12191 5780 10692 6792 9607 10578 11927 12000 8559 6353 13369 4891 8961 21336 7495 5951 17830 10200 7109 9514 16229 3176 7028 15116 10875 27174 14096 5378 9051 16956 8848 24582 28075 24330 15579 14222 4326

15829 11730 12055 14909 14887 10463 18181 11400 18098 9950 5307 7379 8870 14516 10865 10202 3806 8340 7557 17293 9159 13994 5984 16447 4154 10495 26946 6793 8459 21470 13235 8116 13697 16483 8500 2992 15221 10444 27326 15353 4886 5837 17073 14319 27353 27097 22842 21406 14443 7022

260549 211357 97602 40426 259264 105128 73603 59561 291477 219479 83331 65940 56946 87232 185247 222003 132614 73007 147849 269818 171160 198738 65986 124584 137295 76540 378755 76494 119995 174969 138442 92233 155375 45566 173638 149685 32993 48961 388070 54606 99025 137846 290926 219984 394035 378067 335391 310337 42170 165240

137814 108160 60774 37261 137095 58008 63568 27330 156514 113056 30982 20497 15076 61549 97731 114578 60691 24757 69875 142959 83983 109515 20525 84066 63513 44425 209073 26860 58395 114439 80082 42378 87468 46721 85421 70981 39142 10262 214743 41936 40442 63900 156127 117123 218284 208713 182987 167828 34439 80359

45190 41683 54470 59493 29821 51403 65177 52117 27688 32544 40378 44494 47243 59211 47631 34351 38581 46820 37823 48504 35461 53659 42775 64357 39250 51465 40960 44335 48318 73399 57395 46882 55712 61907 44450 37012 59475 50292 21387 60630 40660 36889 30385 54285 34060 23696 24243 45428 59070 41092

22574 17974 7146 4104 23542 8089 8618 6428 26371 19848 7822 5211 5621 5744 15256 19762 12226 7047 13579 22804 15670 16305 5658 9081 11939 5543 32644 6154 9417 13583 10795 6937 12308 6121 14604 13612 4997 4907 35329 2829 8519 12693 26231 18261 35444 34157 30344 26490 3636 14436

80057 56481 38011 53182 85773 30699 70728 39587 100523 63100 15801 16494 27925 49316 49862 62659 25677 26917 44210 82915 51564 61965 10086 58183 22567 30846 133135 13847 23134 81255 43390 19877 47404 61209 39209 31140 55409 33472 142906 53119 5043 36309 95817 63289 143032 141855 122313 103360 50787 35364

58028 43758 39723 42962 45043 36260 52917 32225 54677 40086 13627 20427 24504 44777 41119 40854 14800 22884 13348 60736 18235 50669 16196 54356 20636 32504 91957 20846 31401 69686 44861 27673 47528 47737 33928 18849 43884 29335 84235 44763 19379 8098 61825 51661 93199 81191 68206 73289 41538 29391

11687 10319 16111 18256 9625 14832 20714 15620 8793 7559 11041 12598 13719 17960 12502 7885 9913 13320 12732 13667 11825 14853 11550 19329 10071 15090 13193 12158 13052 23103 16310 14031 15654 19439 11261 9301 18490 14901 14420 18590 10725 11440 5775 15097 13994 15320 12357 14935 17905 9951

19812 14312 16981 25818 30875 14743 32575 23312 35262 22118 16250 16268 19856 20756 9331 20750 16000 19556 21825 17087 24012 9543 14550 20656 13087 17100 32087 14856 12481 27518 13718 14262 12525 28893 11225 16375 27181 21506 46393 24875 13050 19475 30675 7275 38943 47856 42043 22706 25093 12993

107792 115691 168663 190737 120397 157010 210766 169251 113618 103562 131938 144628 153760 185526 134768 109304 122750 150511 145721 113954 138325 149278 136084 193650 124879 163256 89976 141042 142499 224408 164573 150483 160511 200373 123367 117764 192641 163396 108212 193454 129361 135188 93057 139110 68042 115551 117288 104178 187935 125748

50320 46673 57109 60151 29943 53921 66703 53124 27725 37172 40919 45381 48057 62039 52583 39050 40589 46994 38262 53765 35074 58814 42605 65905 40553 53307 45922 46572 49175 75966 59473 49220 61003 63303 49184 38958 60774 51227 25572 61352 42752 37291 34927 59519 38748 21302 24143 50567 59235 45803

13547 12443 15576 16502 7348 14610 18481 14368 6676 9565 10672 12024 12834 17069 14205 10134 10572 12512 9867 15145 8902 16103 11183 18240 10561 14424 14940 12384 13172 21287 16292 13186 16755 17451 13197 10078 16686 13794 8777 16860 11227 9573 9046 16305 12767 8172 5591 17640 16219 12151

1568 1572 2542 3371 2975 2287 3928 3020 3140 2117 2205 2361 2682 2911 1756 1983 2142 2611 2713 1300 2927 2073 2174 3115 1857 2517 2006 2297 2064 3788 2435 2239 2318 3664 1740 2179 3495 2856 3556 3292 2072 2483 2603 1850 2678 3717 4040 1087 3300 1792

101089 81178 34056 14036 101528 37057 34221 24448 114155 85625 31329 21905 20807 29883 69009 86632 50983 27212 57059 102699 66392 74352 23899 44780 51935 25656 147937 26114 42986 64873 50343 31915 56510 23076 66429 57791 18025 17622 155129 16909 36673 53106 114118 82825 155275 148907 131888 119151 11949 63080

7969 4856 7095 9693 10916 5941 11999 7886 12864 7029 4190 4847 6351 8766 4903 6421 3907 6030 6493 8552 7464 6801 4001 9570 2614 6560 14979 4498 4503 12617 7978 5294 7448 10753 3124 4073 9987 7090 17673 9684 3335 5450 10694 6998 17196 18323 15742 11047 9376 2000

0 1 40744
0 3 38311
0 4 27182
0 9 22196
0 10 12655
0 14 66597
0 19 60247
0 22 30883
0 29 39035
0 32 68416
0 33 32897
0 34 40510
0 35 61916
0 37 34865
0 38 54599
0 40 40539
0 44 38349
0 45 11369
0 46 53833
0 47 51677
0 48 52258
1 2 62959
1 4 62208
1 5 13763
1 7 26024
1 8 13707
1 9 66310
1 10 50770
1 11 50184
1 12 49031
1 13 26585
1 14 41323
1 15 67750
1 16 17296
1 23 34675
1 25 43178
1 26 46117
1 27 43280
1 30 38229
1 31 26638
1 32 69785
1 34 60054
1 36 57805
1 39 39265
1 42 62464
1 46 69586
2 10 68921
2 12 35327
2 13 47685
2 15 66355
2 18 44478
2 19 23831
2 23 65802
2 26 65841
2 27 65011
2 28 48122
2 29 20186
2 31 45917
2 33 65915
2 36 30789
2 38 52156
2 39 37199
2 40 66702
2 42 14711
2 43 12808
2 45 68649
2 46 17211
3 4 31009
3 6 41406
3 8 29488
3 9 40088
3 10 42608
3 12 39937
3 13 64772
3 15 57786
3 17 36946
3 21 32130
3 23 69840
3 24 37316
3 25 13680
3 28 64562
3 29 31836
3 31 12020
3 32 31150
3 35 62907
3 37 65627
3 39 20547
3 41 19029
3 42 46359
3 43 27306
3 45 30986
3 49 53294
4 5 67208
4 6 22942
4 7 42010
4 9 42503
4 13 24767
4 17 29514
4 18 10480
4 19 58337
4 22 65610
4 23 44761
4 25 55682
4 26 38474
4 29 20027
4 32 15941
4 34 30708
4 39 63345
4 43 19585
4 44 67533
4 49 64346
5 6 45482
5 9 26429
5 13 11416
5 17 57607
5 18 45090
5 19 67697
5 20 20945
5 21 66834
5 25 62711
5 26 64687
5 28 57756
5 30 14186
5 31 55704
5 35 43060
5 37 67019
5 40 18738
5 42 62373
5 43 48168
5 45 24861
5 46 15659
5 49 43657
6 13 47394
6 16 42586
6 18 58114
6 19 56821
6 21 25546
6 23 21812
6 25 10790
6 26 53472
6 27 30119
6 30 41325
6 31 59555
6 32 56534
6 33 26930
6 35 59517
6 37 47631
6 39 57101
6 40 57146
6 41 20998
6 43 54921
6 44 23677
6 46 43797
6 48 55782
6 49 41836
7 10 24992
7 15 40116
7 17 11716
7 20 62978
7 21 10526
7 22 47196
7 23 16222
7 24 11554
7 25 62873
7 27 68777
7 28 60195
7 29 58499
7 30 39782
7 32 16915
7 33 43344
7 35 21412
7 36 20459
7 37 64635
7 38 47153
7 39 26283
7 44 37450
7 46 12579
7 48 18393
8 10 32859
8 12 49055
8 14 18238
8 17 20033
8 18 67784
8 21 47319
8 22 34996
8 23 41528
8 30 21350
8 35 59616
8 36 57921
8 37 37748
8 38 39256
8 40 37040
8 41 15877
8 42 48638
8 43 52455
8 44 69160
8 46 41670
9 10 16130
9 11 50347
9 12 46816
9 14 17510
9 15 50514
9 18 35743
9 19 23162
9 24 59428
9 25 27719
9 27 35742
9 29 67452
9 31 35566
9 33 12382
9 34 28349
9 39 31338
9 40 16030
9 41 49718
9 43 31771
9 45 46877
9 47 41317
9 48 61248
9 49 19133
10 15 23434
10 17 46031
10 20 60417
10 21 32893
10 24 39756
10 25 10735
10 26 54175
10 27 41210
10 28 18930
10 29 29712
10 31 26672
10 33 69691
10 38 40647
10 40 67416
10 46 13424
10 48 33952
11 12 62416
11 13 58401
11 14 56789
11 16 18496
11 17 51195
11 18 35420
11 19 22159
11 20 35756
11 25 63388
11 26 17274
11 27 24074
11 35 65274
11 36 48349
11 37 56349
11 38 27973
11 39 22679
11 42 25190
11 43 64901
11 45 54834
12 17 48646
12 18 41319
12 20 19172
12 22 41873
12 23 16151
12 25 65585
12 26 31850
12 27 47189
12 29 64712
12 32 40046
12 34 46560
12 35 35407
12 38 58135
12 39 50226
12 40 58781
12 41 15532
12 43 20944
12 45 48404
12 48 41715
13 14 19653
13 15 55896
13 17 61029
13 18 25339
13 22 20267
13 23 24546
13 24 10682
13 27 63857
13 28 42051
13 30 57015
13 31 53457
13 34 14736
13 35 38716
13 37 66097
13 39 35237
13 40 54914
13 41 32153
13 43 52431
13 44 19756
13 46 13613
13 47 31192
14 16 66318
14 17 44662
14 18 18027
14 21 56450
14 22 41272
14 23 15540
14 27 34111
14 30 15308
14 33 27334
14 36 39206
14 37 36514
14 39 15652
14 45 39667
14 46 22055
15 16 46984
15 19 40715
15 20 68400
15 21 67310
15 22 15225
15 23 58605
15 24 40372
15 25 47875
15 26 24329
15 30 18750
15 31 29746
15 32 41569
15 34 12409
15 38 56784
15 39 29301
15 40 20983
15 44 10393
15 49 19241
16 18 53410
16 20 49508
16 21 17532
16 22 19097
16 23 68081
16 24 29990
16 26 43662
16 27 24722
16 28 39687
16 29 69486
16 30 69466
16 33 52289
16 34 33328
16 35 53465
16 38 68951
16 40 57430
16 41 23254
16 42 42443
16 43 50846
16 45 41833
16 46 50608
16 47 44540
16 48 44864
17 20 29787
17 24 53569
17 25 37514
17 26 26179
17 30 61815
17 31 63677
17 34 50846
17 35 40247
17 36 49357
17 37 39934
17 39 25605
17 44 34663
17 45 62934
17 47 55465
17 48 33387
18 23 44172
18 25 48989
18 28 42752
18 30 43296
18 32 39979
18 33 12274
18 34 25969
18 35 67849
18 37 53314
18 38 52715
18 40 20622
18 43 66638
18 45 45627
18 47 40326
18 49 24741
19 20 34701
19 22 62359
19 25 64190
19 26 62828
19 27 62031
19 28 66234
19 29 61275
19 32 64398
19 33 13201
19 34 61703
19 36 68381
19 37 43233
19 40 25497
19 42 66498
19 43 44975
19 44 67445
19 46 35828
19 47 46792
19 48 65764
20 21 37801
20 22 68312
20 23 13161
20 24 61425
20 25 34749
20 29 40292
20 30 36053
20 31 36219
20 34 34930
20 40 59025
20 41 42145
20 43 40458
20 44 23578
20 45 25605
20 46 67927
21 22 49001
21 23 52617
21 25 43750
21 29 21520
21 32 38403
21 33 28148
21 35 62213
21 36 55328
21 38 10934
21 39 48464
21 40 60851
21 42 16205
21 44 64849
21 45 37646
21 46 28282
21 47 23793
21 48 51173
22 23 19576
22 24 69137
22 25 51854
22 26 63836
22 29 38117
22 32 29192
22 33 67756
22 34 34998
22 37 29298
22 40 48501
22 41 49501
22 43 35430
22 44 32845
22 45 20151
22 46 52096
22 47 10393
22 48 28155
23 24 50986
23 28 45872
23 29 45329
23 39 15656
23 40 46344
23 43 22364
23 44 49989
23 47 46253
23 48 19353
23 49 27908
24 25 69350
24 27 63505
24 28 69802
24 29 48720
24 30 11311
24 32 24810
24 33 27009
24 34 28519
24 35 64398
24 36 67964
24 39 29462
24 44 63251
24 47 40416
24 48 62818
25 26 53864
25 28 43743
25 30 37104
25 31 23011
25 32 19019
25 33 65712
25 34 55372
25 35 49220
25 38 57958
25 40 34869
25 45 36278
25 47 44934
25 49 68400
26 27 19944
26 28 54348
26 29 32040
26 31 51798
26 33 67370
26 34 32426
26 35 47380
26 36 54803
26 37 52956
26 38 43887
26 44 10885
26 46 42222
27 28 31265
27 30 49416
27 31 47982
27 32 46907
27 34 24287
27 37 59823
27 38 36775
27 39 60311
27 40 51890
27 41 24743
27 42 35427
27 43 37701
27 44 57468
27 45 20963
27 46 28142
28 29 47640
28 30 18427
28 32 48942
28 34 15117
28 36 45671
28 37 18834
28 41 65804
28 42 50743
28 44 11367
28 45 43430
28 46 31155
28 48 62822
29 34 33863
29 36 21127
29 37 43684
29 38 34802
29 39 41784
29 40 50640
29 42 31383
29 44 69102
29 48 55314
29 49 48245
30 31 64938
30 32 53457
30 35 47025
30 37 62993
30 39 64147
30 41 65231
30 42 18283
30 43 56414
30 44 32087
30 46 19470
31 33 51077
31 35 34534
31 36 27609
31 37 23606
31 38 36654
31 40 32860
31 41 46494
31 43 11525
31 46 63271
32 34 23745
32 35 15331
32 36 35996
32 38 60530
32 39 32294
32 41 56659
32 44 58251
32 45 14312
32 47 15837
32 48 62808
33 35 13586
33 36 68199
33 38 29470
33 39 39102
33 40 37221
33 43 29729
33 44 10965
33 45 10124
33 46 44206
33 48 24870
34 36 42883
34 37 60837
34 39 64423
34 40 14494
34 42 33964
34 48 45598
35 36 46564
35 38 48684
35 39 31364
35 40 17870
35 41 58126
35 43 67300
35 44 39637
35 47 41736
35 48 55111
35 49 50455
36 37 51482
36 39 13261
36 42 55453
36 45 52760
36 48 54729
37 38 41863
37 39 37680
37 40 31272
37 41 55881
37 43 17344
37 45 68640
37 46 21865
37 49 47228
38 39 16208
38 40 17747
38 41 32453
38 44 32954
38 45 31348
38 46 16060
38 47 42669
38 48 29603
39 42 20809
39 45 41811
39 46 38917
39 47 54375
39 48 45126
39 49 21650
40 42 36227
40 45 68212
40 46 66702
40 47 69038
41 44 46365
41 46 42662
41 47 68219
41 48 20905
41 49 19743
42 45 65700
42 47 52222
42 48 35580
42 49 33505
43 47 13580
43 48 22372
43 49 60203
44 46 63075
44 47 17601
44 49 34779
45 47 44522
45 48 66041
46 47 61435
46 49 35759
47 48 47233
