50 50 979
25000 25000 25000 25000 25000 25000 25000 25000 25000 25000 25000 25000 25000 25000 25000 25000 25000 25000 25000 25000 25000 25000 0 25000 25000 25000 25000 25000 25000 25000 25000 25000 25000 25000 25000 25000 25000 25000 25000 25000 25000 25000 25000 25000 25000 25000 25000 25000 25000 25000
2609 3292 6739 8933 6803 5984 10355 7650 8084 4246 5219 5776 6641 7816 4374 3847 5033 6429 6719 3660 7358 5396 5219 8345 4182 6387 7391 5542 5038 10349 6400 5558 6051 9568 3792 4898 9064 7159 11178 8697 4781 6033 6661 5299 8845 11656 9977 5301 8663 3947

2368 1148 3204 4509 4028 2752 5457 3845 4791 2504 2396 2628 3220 3859 1838 2266 2285 3117 3299 2596 3680 2582 2296 4205 1779 2994 5115 2491 2189 5399 3046 2499 2838 4940 1446 2351 4642 3507 6634 4369 2035 2890 3943 2607 5984 6919 5919 3574 4385 1538

38119 28711 4914 17161 44553 7030 26409 19622 50450 35490 13876 9147 14977 9987 21848 35330 20546 15111 25670 37312 29954 23679 9828 13734 19303 6568 57472 8895 11180 22957 12390 7341 15489 21294 21806 22713 18992 16657 67393 15523 12297 23856 48568 27686 66066 66973 59161 44864 16203 22621

94158 75406 32372 11548 94124 35112 29982 21024 105322 79267 29681 21275 20071 28595 64292 80186 47630 25921 53179 95094 61702 69206 23096 42165 48700 24701 135170 25118 40527 60515 47246 30416 52911 19804 61669 53847 15191 17163 141838 16712 34762 49569 105288 76944 142841 137025 121516 110118 12183 58878

1432 1277 1715 1883 566 1580 2152 1577 838 876 1061 1250 1363 1923 1524 955 1016 1318 949 1655 814 1789 1133 2087 1015 1583 2005 1269 1379 2512 1815 1381 1823 2008 1383 947 1901 1497 1685 1925 1108 908 1169 1798 2040 1600 1240 2003 1836 1237

29389 21549 6421 15994 35203 3514 23701 16197 40108 27663 10383 7483 12332 10627 15840 27251 15232 12444 20193 28704 23757 17769 7029 12654 13919 6260 45474 6253 6966 20326 9090 4947 10956 19446 15805 17035 17517 13730 54202 15093 8371 18684 38375 21102 52622 53852 47354 34986 15197 16483

181956 151443 81972 45118 179349 86890 28499 43134 199791 153664 65767 58805 48555 75277 138615 155294 97584 53176 107361 187467 122469 147325 56998 99391 102384 68433 259515 65619 96429 131920 108338 78565 118381 37594 126439 108605 40319 50569 262507 54213 78328 100962 199791 160389 266358 256048 228497 214099 46244 120958

70158 56137 33391 20160 68960 32030 26544 6370 78353 57158 16770 13571 8861 34044 51550 57907 31390 10985 35882 72690 42824 57376 12741 45125 33595 25346 105796 16702 32220 60071 42892 24339 46527 21820 44649 36454 21085 12128 107171 24366 22542 32942 78353 60248 108940 104203 91544 84928 20704 42130

1719 1555 2020 2186 797 1877 2480 1869 697 1127 1324 1525 1646 2242 1817 1211 1359 1593 1205 1956 1061 2099 1395 2416 1275 1880 1940 1538 1663 2869 2127 1665 2135 2327 1668 1203 2218 1789 1599 2239 1374 1156 1050 2109 1977 1509 1125 2149 2144 1511

1038 879 1459 1709 1024 1320 1995 1402 1305 464 869 1050 1181 1674 1133 546 738 1134 1066 1268 1206 1406 928 1875 768 1323 1950 999 1145 2314 1562 1115 1500 1846 988 667 1736 1318 1983 1748 832 916 1087 1416 1986 2088 1720 1628 1668 837

282030 211282 141015 156813 275986 123980 205925 104130 324205 216434 12638 46089 66146 165880 198300 220212 86408 58178 109075 294806 144106 241573 25277 212999 97536 105504 461992 48149 106122 288418 178793 81738 185456 180442 162789 111960 161484 89774 468792 165811 55499 94239 323380 245901 477721 453818 389938 356556 149807 140603

50691 38013 17684 20961 51754 16554 32069 15322 59686 41572 8429 1231 9073 20938 32781 41335 20566 9254 24295 52228 30058 37595 2463 29549 19775 11074 79235 3830 16712 41956 25571 10170 28589 26227 28724 24385 23131 11333 83247 20927 10350 21854 59166 41335 84557 81009 70500 62387 19673 26656

87703 68425 38207 29484 86090 36375 42477 15319 98955 70203 15832 11526 5185 43485 62653 71210 35513 11563 41561 91111 50906 70496 10371 57448 38482 27377 135275 15741 36631 77569 50998 26021 55891 35788 53362 42330 30731 11599 137529 32581 23565 37602 98735 74362 139911 133534 116492 107586 27615 49972

8994 7014 1953 3076 10270 2400 5044 4089 11525 8342 3428 2289 3530 1217 5553 8308 5162 3558 5938 8844 6878 5947 2434 2672 4897 1741 13134 2275 3283 4634 3544 2352 4204 3955 5544 5623 3465 3423 15131 2520 3406 5551 11125 6799 14963 15041 13379 10451 2868 5718

22109 13806 17181 27575 34163 13983 36054 25399 39559 23393 16297 15828 21148 21809 7310 21709 15513 20779 22678 21463 25368 12569 14621 24038 11931 16866 39913 14091 11169 32479 15843 13360 14375 31372 9640 15974 29250 22701 52897 26598 12776 19787 33563 13114 48346 54681 47531 28374 26698 11815

16807 14001 25640 30561 19556 22905 35602 25154 24505 9679 15763 18421 21255 29433 18478 8135 13451 20437 19232 20868 21699 23300 16271 32126 12619 23236 35094 17533 19253 39867 26303 19556 24957 32986 15933 12196 31041 23680 36455 30709 14579 16581 19881 23476 36497 38302 31816 27205 29842 13261

10299 7390 7031 8472 10011 6048 10492 6305 12559 6963 2542 3918 4743 8551 6856 7119 1531 4415 4164 10825 5152 8788 3062 9992 2712 6068 17458 3782 5031 13093 7754 4593 8294 9443 5401 2666 8664 5714 17692 8842 2599 3101 11362 8989 17709 17551 14924 13365 8184 4483

175305 136474 78453 73100 171987 74683 92515 36644 198000 139301 27445 23562 23034 89311 126332 141375 67935 11423 80376 182317 99603 144881 22846 118038 74042 56173 274079 32233 75211 159433 104768 53383 114834 79433 107218 81959 75663 36305 280374 79396 45918 72233 198000 150423 282712 269592 234531 216209 69254 97680

14104 10872 9452 10186 10309 8668 12441 7754 12529 10040 3542 5082 6005 10597 10274 10214 4313 5638 2061 14718 4237 12438 4123 12767 5635 7817 21789 5177 8073 16239 11122 6723 11726 11267 8646 5230 10401 7099 19186 10594 5350 2795 14964 12662 22071 18497 15556 17561 9863 7618

4719 4738 8597 11897 10320 7583 14113 10500 12031 6905 7254 7875 9152 10064 5467 6371 7005 8870 9277 3656 10130 6729 7312 10878 5869 8497 9506 7622 6695 13554 8172 7390 7707 13238 5406 7151 12428 9845 15675 11583 6547 8360 10130 5845 12180 16314 14559 5847 11614 5613

2204 1718 1581 1691 1302 1463 2030 1326 1635 1593 693 924 1063 1760 1628 1619 733 1008 555 2296 390 1953 780 2079 931 1335 3066 939 1298 2600 1756 1171 1846 1853 1384 871 1722 1227 2673 1752 889 505 2041 1987 3108 2532 2090 2723 1643 1229

33087 23443 23170 37575 50155 19559 48702 36072 57236 36022 26166 23493 30494 29263 14919 33813 25682 30655 35084 31815 38614 11166 22333 29102 20982 23524 56025 21214 17380 40178 17905 20255 15978 42538 17975 26288 39775 32512 74738 35911 21002 31291 49368 15978 67091 77038 67697 40884 36405 20830

29547 21819 12087 14277 30208 10393 19877 9670 34960 23989 3801 2252 5847 14071 19650 23844 11199 6260 13471 30993 16984 22873 0 19319 10703 8017 46945 2293 10145 26881 15889 6157 17728 16757 16158 13513 14856 7665 50147 14257 4959 11984 34713 24051 50189 48040 41634 36675 13492 14897

19258 15154 4883 8660 22473 5240 12851 10822 25140 18677 8930 6798 9435 4715 11943 18148 11947 9496 14265 19106 16203 11616 7106 3553 10898 5631 28226 6684 7117 7725 6509 5973 7911 10537 11924 12593 9496 9405 33421 7486 7881 13444 24198 13429 31946 32615 29081 22522 8227 12293

32600 22120 24063 31410 36263 20115 39682 24603 43406 26098 11050 13644 18976 29538 20197 24684 10012 17796 19495 34493 23056 27157 10541 33424 5270 20594 59259 12362 14845 44597 26668 15282 26495 35297 14936 10622 32488 21866 64743 31379 8099 15669 41636 27879 64804 63420 53958 43640 30250 11650

19133 14415 4124 7502 21736 4258 12148 8180 24693 17191 5611 2952 5851 5337 11613 17111 9697 5918 11525 19369 13673 12852 3268 8547 9073 1634 29479 2801 5623 13172 7620 3075 8745 9583 10952 10784 8420 6693 33190 6967 5560 10615 23935 14794 33148 32667 28750 23156 7022 11361

175156 190444 281463 355282 238383 258749 406770 325852 225170 205569 253234 264755 294457 314332 211356 210756 242970 289434 287742 170788 273327 239639 248102 332568 222222 279224 124051 257875 238875 392519 271962 254436 261534 380835 205405 233251 365874 308872 262243 348348 234998 267212 177231 219819 183947 276549 279934 151733 352989 210046

31417 23339 11056 15023 33379 9282 22113 11424 38298 25597 5582 2430 7436 13292 19279 25460 12766 7551 15708 32571 19387 22351 1601 18629 11698 6794 49650 800 9022 26549 15038 4846 16963 18384 18146 14626 16408 8878 52990 15002 5683 14150 36827 24738 53033 52629 45921 39055 14201 16091

22292 15532 8585 15815 27305 6079 22449 14122 31534 21286 7458 6609 10790 12212 11525 20448 11037 10887 16351 22629 18460 14092 5916 13959 8953 7422 37089 5247 2958 20575 9380 4675 9917 18779 10579 12122 17129 11995 44699 15038 5121 14086 30040 16086 42325 43386 37782 28046 15128 11164

35887 29205 12480 18630 41122 13061 25455 22151 45465 34940 19069 15598 19892 12207 23976 34080 23982 19991 27757 35640 30912 23444 16099 10314 22275 13699 50490 15413 16118 8049 15128 14256 17411 21687 23945 25034 19991 19843 58502 16718 17362 26420 43931 26395 56547 57636 51882 41202 17925 24545

12035 8916 3727 7937 15528 2988 11116 8229 17556 12413 5826 4628 6632 5471 6476 11884 7270 6678 9817 11792 10828 6101 4440 5425 6843 4123 18722 4120 3693 8596 2220 3580 3285 9358 7288 8021 8567 7210 23593 7374 4435 8731 16331 7478 21757 23235 20550 14388 7608 8162

16816 12300 4673 8907 19038 3674 13346 7880 21863 14695 4330 2861 5655 6838 9623 14610 7526 5719 9982 17041 12034 11338 2398 8891 6931 3300 26701 1952 3900 13310 6886 1199 7961 10895 8991 8573 9784 6460 29982 8388 3574 9112 21992 12670 30199 29780 26037 20660 8448 9382

33291 24043 13451 25678 45466 10386 35106 25927 51477 34720 17347 15249 21192 18623 16808 32845 22433 21329 29985 32571 32982 15695 14693 18486 19385 13751 53121 13742 10951 27888 8982 12141 7346 30148 19402 23889 27802 22904 67566 24266 14025 26766 46032 19779 62514 69570 61607 40269 24685 21808

946126 772783 372672 171891 941607 399465 229188 203364 1052973 801673 322800 261306 229995 336196 681269 810550 496143 258078 549405 987768 631719 728398 261790 467575 512606 298912 1361570 298428 451435 644793 516318 354111 575875 130895 640112 556184 145421 201588 1394657 221440 377998 514543 1052973 803126 1415639 1359472 1209370 1121245 178024 610899

11074 6516 9745 14620 17265 8055 18070 12049 20125 11582 7198 7592 9802 12191 5780 10692 6792 9607 10578 11927 12000 8559 6353 13369 4891 8961 21336 7495 5951 17830 10200 7109 9514 16229 3176 7028 15116 10875 27174 14096 5378 9051 16956 8848 24582 28075 24330 15579 14222 4326

15829 11730 12055 14909 14887 10463 18181 11400 18098 9950 5307 7379 8870 14516 10865 10202 3806 8340 7557 17293 9159 13994 5984 16447 4154 10495 26946 6793 8459 21470 13235 8116 13697 16483 8500 2992 15221 10444 27326 15353 4886 5837 17073 14319 27353 27097 22842 21406 14443 7022

260549 211357 97602 40426 259264 105128 73603 59561 291477 219479 83331 65940 56946 87232 185247 222003 132614 73007 147849 269818 171160 198738 65986 124584 137295 76540 378755 76494 119995 174969 138442 92233 155375 45566 173638 149685 32993 48961 388070 54606 99025 137846 290926 219984 394035 378067 335391 310337 42170 165240

137814 108160 60774 37261 137095 58008 63568 27330 156514 113056 30982 20497 15076 61549 97731 114578 60691 24757 69875 142959 83983 109515 20525 84066 63513 44425 209073 26860 58395 114439 80082 42378 87468 46721 85421 70981 39142 10262 214743 41936 40442 63900 156127 117123 218284 208713 182987 167828 34439 80359

45190 41683 54470 59493 29821 51403 65177 52117 27688 32544 40378 44494 47243 59211 47631 34351 38581 46820 37823 48504 35461 53659 42775 64357 39250 51465 40960 44335 48318 73399 57395 46882 55712 61907 44450 37012 59475 50292 21387 60630 40660 36889 30385 54285 34060 23696 24243 45428 59070 41092

22574 17974 7146 4104 23542 8089 8618 6428 26371 19848 7822 5211 5621 5744 15256 19762 12226 7047 13579 22804 15670 16305 5658 9081 11939 5543 32644 6154 9417 13583 10795 6937 12308 6121 14604 13612 4997 4907 35329 2829 8519 12693 26231 18261 35444 34157 30344 26490 3636 14436

80057 56481 38011 53182 85773 30699 70728 39587 100523 63100 15801 16494 27925 49316 49862 62659 25677 26917 44210 82915 51564 61965 10086 58183 22567 30846 133135 13847 23134 81255 43390 19877 47404 61209 39209 31140 55409 33472 142906 53119 5043 36309 95817 63289 143032 141855 122313 103360 50787 35364

58028 43758 39723 42962 45043 36260 52917 32225 54677 40086 13627 20427 24504 44777 41119 40854 14800 22884 13348 60736 18235 50669 16196 54356 20636 32504 91957 20846 31401 69686 44861 27673 47528 47737 33928 18849 43884 29335 84235 44763 19379 8098 61825 51661 93199 81191 68206 73289 41538 29391

11687 10319 16111 18256 9625 14832 20714 15620 8793 7559 11041 12598 13719 17960 12502 7885 9913 13320 12732 13667 11825 14853 11550 19329 10071 15090 13193 12158 13052 23103 16310 14031 15654 19439 11261 9301 18490 14901 14420 18590 10725 11440 5775 15097 13994 15320 12357 14935 17905 9951

19812 14312 16981 25818 30875 14743 32575 23312 35262 22118 16250 16268 19856 20756 9331 20750 16000 19556 21825 17087 24012 9543 14550 20656 13087 17100 32087 14856 12481 27518 13718 14262 12525 28893 11225 16375 27181 21506 46393 24875 13050 19475 30675 7275 38943 47856 42043 22706 25093 12993

107792 115691 168663 190737 120397 157010 210766 169251 113618 103562 131938 144628 153760 185526 134768 109304 122750 150511 145721 113954 138325 149278 136084 193650 124879 163256 89976 141042 142499 224408 164573 150483 160511 200373 123367 117764 192641 163396 108212 193454 129361 135188 93057 139110 68042 115551 117288 104178 187935 125748

50320 46673 57109 60151 29943 53921 66703 53124 27725 37172 40919 45381 48057 62039 52583 39050 40589 46994 38262 53765 35074 58814 42605 65905 40553 53307 45922 46572 49175 75966 59473 49220 61003 63303 49184 38958 60774 51227 25572 61352 42752 37291 34927 59519 38748 21302 24143 50567 59235 45803

13547 12443 15576 16502 7348 14610 18481 14368 6676 9565 10672 12024 12834 17069 14205 10134 10572 12512 9867 15145 8902 16103 11183 18240 10561 14424 14940 12384 13172 21287 16292 13186 16755 17451 13197 10078 16686 13794 8777 16860 11227 9573 9046 16305 12767 8172 5591 17640 16219 12151

1568 1572 2542 3371 2975 2287 3928 3020 3140 2117 2205 2361 2682 2911 1756 1983 2142 2611 2713 1300 2927 2073 2174 3115 1857 2517 2006 2297 2064 3788 2435 2239 2318 3664 1740 2179 3495 2856 3556 3292 2072 2483 2603 1850 2678 3717 4040 1087 3300 1792

101089 81178 34056 14036 101528 37057 34221 24448 114155 85625 31329 21905 20807 29883 69009 86632 50983 27212 57059 102699 66392 74352 23899 44780 51935 25656 147937 26114 42986 64873 50343 31915 56510 23076 66429 57791 18025 17622 155129 16909 36673 53106 114118 82825 155275 148907 131888 119151 11949 63080

7969 4856 7095 9693 10916 5941 11999 7886 12864 7029 4190 4847 6351 8766 4903 6421 3907 6030 6493 8552 7464 6801 4001 9570 2614 6560 14979 4498 4503 12617 7978 5294 7448 10753 3124 4073 9987 7090 17673 9684 3335 5450 10694 6998 17196 18323 15742 11047 9376 2000

0 1 58985
0 2 25665
0 3 57285
0 4 57043
0 5 19778
0 6 15323
0 8 21842
0 9 36400
0 10 62023
0 11 19951
0 12 56540
0 13 36189
0 14 44620
0 15 67557
0 17 16450
0 18 45919
0 19 43221
0 20 11754
0 21 26559
0 22 28552
0 23 47842
0 24 20076
0 25 30398
0 28 28472
0 29 47587
0 30 31293
0 31 18066
0 32 30508
0 34 36958
0 35 49399
0 37 48956
0 38 59095
0 40 53999
0 41 62908
0 42 26529
0 43 44747
0 44 68202
0 45 53522
0 46 13380
0 49 35035
1 2 20487
1 3 53106
1 4 18934
1 6 47765
1 7 16405
1 8 43328
1 9 57212
1 10 24379
1 11 66311
1 12 46308
1 13 40301
1 15 69959
1 16 68204
1 18 33239
1 20 59268
1 21 42450
1 22 11556
1 24 49370
1 25 25533
1 26 25902
1 27 38832
1 28 50659
1 29 25084
1 30 32856
1 32 50444
1 33 23608
1 34 35312
1 36 54905
1 37 61156
1 38 22876
1 39 35513
1 40 24383
1 41 65333
1 44 55365
1 46 36024
1 47 55657
1 49 17394
2 3 62969
2 4 51077
2 5 40756
2 6 43507
2 7 29629
2 8 25970
2 10 27835
2 11 51109
2 12 51444
2 13 15707
2 14 42743
2 15 45955
2 16 40845
2 18 53370
2 19 31933
2 20 20802
2 21 54310
2 23 27817
2 24 48194
2 25 35894
2 26 55559
2 29 29151
2 30 24046
2 31 29989
2 32 28739
2 33 31909
2 34 40261
2 35 55659
2 36 61009
2 37 56423
2 38 52662
2 39 35289
2 40 24257
2 41 65664
2 42 60535
2 44 33698
2 45 65735
2 46 44643
2 47 20998
2 48 62037
2 49 66046
3 4 23556
3 5 49986
3 6 26132
3 7 45600
3 8 43703
3 9 34497
3 10 64191
3 12 20694
3 15 64919
3 16 53014
3 17 65368
3 18 66925
3 19 18350
3 20 35551
3 21 40129
3 22 29014
3 23 16805
3 24 41258
3 25 53759
3 26 40511
3 28 44844
3 30 16065
3 32 10984
3 33 45426
3 34 63066
3 35 30189
3 36 22793
3 37 58122
3 38 16891
3 39 57188
3 41 67244
3 42 14318
3 43 31350
3 44 58002
3 45 19674
3 47 62091
3 49 63076
4 5 58760
4 7 26851
4 8 14212
4 10 38686
4 11 66534
4 12 55006
4 13 52139
4 14 19242
4 15 45957
4 16 67639
4 17 56382
4 18 35159
4 20 49685
4 21 15184
4 22 43046
4 23 43550
4 24 20758
4 25 42246
4 26 29153
4 29 61422
4 30 55126
4 31 27966
4 32 32334
4 33 15574
4 34 21293
4 35 57805
4 36 34996
4 37 49235
4 38 42102
4 40 52004
4 41 25167
4 42 33482
4 43 25272
4 44 11560
4 45 31321
4 46 26089
4 47 50954
4 48 16383
4 49 15951
5 6 63510
5 8 58459
5 9 43380
5 10 13071
5 11 26327
5 12 57487
5 13 68999
5 14 64693
5 15 21582
5 16 15184
5 17 32264
5 18 32282
5 19 42774
5 20 59049
5 22 64430
5 23 10152
5 25 43042
5 26 34654
5 28 50981
5 29 13022
5 30 65296
5 32 68920
5 34 14104
5 35 16445
5 36 49389
5 38 48399
5 39 53689
5 40 42591
5 41 53513
5 43 26555
5 44 36508
5 45 68499
5 46 35318
5 48 30615
6 7 65887
6 8 69804
6 9 38874
6 10 42267
6 12 47317
6 13 43522
6 14 16376
6 16 59889
6 18 52796
6 19 64262
6 20 19546
6 22 57419
6 23 44103
6 24 59761
6 26 35917
6 27 27971
6 29 12586
6 30 62269
6 32 59627
6 33 42573
6 34 20922
6 35 29633
6 36 21702
6 37 51888
6 38 61998
6 39 55019
6 40 39479
6 41 38601
6 42 68741
6 43 52154
6 44 13038
6 45 65650
6 47 43956
6 48 49002
6 49 15952
7 9 16607
7 10 45983
7 11 50761
7 12 62261
7 13 23248
7 14 21600
7 15 69629
7 16 28549
7 17 44719
7 19 47757
7 20 33437
7 21 33537
7 22 64407
7 23 62382
7 24 19773
7 25 16966
7 26 20629
7 27 63753
7 28 63889
7 29 28101
7 30 60817
7 31 53504
7 33 28226
7 34 42785
7 35 66199
7 36 19450
7 38 16843
7 40 45577
7 41 41854
7 42 65312
7 43 67205
7 44 48599
7 45 13534
7 47 57408
7 48 43692
7 49 62357
8 9 11843
8 10 48558
8 12 55505
8 13 34226
8 14 26853
8 15 48070
8 17 56276
8 18 42224
8 19 46212
8 20 56074
8 21 19050
8 22 21134
8 23 35229
8 24 50075
8 26 51918
8 27 39158
8 28 45384
8 29 26136
8 31 42989
8 32 67780
8 33 58735
8 34 50778
8 36 63342
8 37 11253
8 38 21878
8 39 65451
8 41 50277
8 42 47016
8 43 29387
8 45 35514
8 46 61050
8 47 26748
8 49 51276
9 10 39116
9 11 62596
9 12 13675
9 13 49589
9 14 55380
9 15 64733
9 17 25775
9 18 45986
9 19 69673
9 20 46279
9 22 48145
9 24 66148
9 26 33492
9 27 63598
9 28 25656
9 30 29331
9 32 35834
9 33 28701
9 34 41633
9 35 22694
9 36 60396
9 37 16668
9 38 52218
9 40 66715
9 43 61028
9 44 62707
9 46 55315
9 47 38713
9 48 21659
9 49 65317
10 11 13791
10 12 20765
10 13 51133
10 14 16067
10 16 22735
10 18 47182
10 19 67387
10 20 35864
10 21 13925
10 22 29310
10 23 54601
10 24 42926
10 25 27852
10 26 35053
10 28 38844
10 29 31900
10 30 31026
10 32 38908
10 33 22127
10 34 14486
10 35 18754
10 36 12206
10 37 38476
10 38 59403
10 39 33082
10 40 15117
10 43 26946
10 44 22490
10 45 16624
10 46 36334
10 47 36113
10 49 65021
11 12 45116
11 13 42698
11 14 36880
11 15 49336
11 16 49400
11 17 37253
11 18 54902
11 19 31360
11 20 60337
11 21 20561
11 22 19524
11 23 44741
11 24 51329
11 25 14372
11 26 31328
11 27 43940
11 28 63871
11 29 67222
11 30 63915
11 33 44730
11 34 59559
11 35 62520
11 36 23247
11 37 17953
11 38 44622
11 41 42088
11 42 54055
11 43 12212
11 44 34909
11 45 48180
11 46 65496
11 47 49531
11 48 34665
11 49 45430
12 13 63042
12 16 34965
12 17 38420
12 18 42435
12 19 36747
12 20 35111
12 21 54075
12 22 57999
12 23 37253
12 25 15434
12 26 40640
12 27 33923
12 28 28206
12 29 54538
12 30 17801
12 32 63364
12 33 31610
12 36 47532
12 37 64340
12 39 24767
12 40 32751
12 41 61766
12 42 22551
12 43 30051
12 44 13445
12 46 31652
12 47 46837
12 48 16535
12 49 38589
13 14 56265
13 15 44388
13 16 43302
13 17 52297
13 18 60915
13 19 52410
13 20 49801
13 21 53547
13 22 18720
13 24 14616
13 26 43268
13 27 17276
13 29 60163
13 30 49097
13 31 18144
13 32 10803
13 33 25303
13 35 29297
13 36 60223
13 37 65420
13 38 44228
13 40 29301
13 42 10269
13 43 41301
13 44 34216
13 45 29995
13 47 51873
13 48 17860
13 49 65822
14 15 27245
14 16 44092
14 18 24083
14 19 31186
14 20 69723
14 21 11174
14 22 37419
14 23 67024
14 26 47578
14 27 65959
14 30 25799
14 31 31617
14 33 16633
14 34 58025
14 36 41151
14 37 42235
14 38 63368
14 39 46808
14 40 52576
14 41 14488
14 42 18268
14 43 30630
14 45 62941
14 46 24482
14 47 45571
14 49 27740
15 16 44949
15 17 17781
15 19 25285
15 20 14630
15 21 26556
15 22 67134
15 24 47714
15 25 57822
15 26 22040
15 27 18181
15 28 47746
15 29 12804
15 31 32012
15 32 20321
15 34 50179
15 36 22574
15 40 29481
15 41 57704
15 42 48368
15 44 12543
15 46 57347
15 47 21938
15 48 22944
15 49 55890
16 18 32298
16 19 17579
16 20 66027
16 21 23393
16 23 26318
16 24 27943
16 25 55009
16 26 29085
16 27 17418
16 28 35920
16 30 59620
16 31 16216
16 32 63106
16 33 46955
16 36 60832
16 37 19262
16 39 32656
16 40 54259
16 41 20323
16 42 61126
16 43 30555
16 44 65061
16 45 50873
16 47 45151
16 48 62363
16 49 48019
17 18 48677
17 19 66806
17 20 36933
17 23 20849
17 24 21555
17 25 19995
17 26 15688
17 27 64360
17 28 55457
17 29 66082
17 31 63416
17 32 43300
17 33 17050
17 34 41093
17 36 32420
17 37 41493
17 38 36020
17 39 48253
17 40 16078
17 41 42234
17 42 63042
17 43 50975
17 44 25295
17 45 14679
17 46 62567
17 47 27497
17 48 46128
17 49 47953
18 19 15313
18 20 66843
18 21 31559
18 24 55031
18 26 61110
18 27 19386
18 28 26303
18 30 50058
18 31 37295
18 32 36686
18 33 10269
18 34 37117
18 36 51422
18 37 10068
18 39 14154
18 41 20297
18 42 36459
18 43 20889
18 44 27953
18 45 47456
18 46 30289
18 47 60666
18 48 15615
18 49 12284
19 20 58376
19 22 11125
19 25 27644
19 26 27760
19 27 43829
19 29 30270
19 30 62196
19 31 42272
19 32 14139
19 34 34428
19 35 34129
19 37 22236
19 38 41844
19 39 58779
19 40 11738
19 43 10351
19 44 23224
19 45 55364
19 46 29653
19 47 60763
19 48 23146
19 49 68352
20 21 55468
20 22 28065
20 23 29591
20 25 18180
20 27 18793
20 29 56883
20 30 59086
20 31 38591
20 32 65572
20 33 55985
20 34 33099
20 35 21452
20 36 51119
20 38 44756
20 39 51467
20 40 52527
20 41 20913
20 42 55591
20 43 33194
20 44 26848
20 47 23854
20 48 23680
20 49 41891
21 24 26576
21 25 14031
21 26 68608
21 27 23882
21 29 65350
21 30 52762
21 31 59804
21 32 28352
21 33 14718
21 34 24320
21 35 53059
21 36 29693
21 37 23089
21 38 37621
21 39 33686
21 40 69495
21 41 10584
21 42 13432
21 45 62042
21 46 25688
21 47 32070
21 49 26774
22 23 67399
22 24 27285
22 25 11625
22 27 67356
22 28 43452
22 29 59053
22 31 58548
22 32 32115
22 33 51746
22 34 19880
22 35 28668
22 36 56935
22 37 54907
22 41 29904
22 42 35381
22 43 31872
22 46 10914
22 47 30558
22 48 15720
22 49 24868
23 24 50555
23 25 12132
23 26 27021
23 28 49858
23 30 11117
23 31 28180
23 32 56246
23 33 69397
23 34 23930
23 35 16406
23 36 26850
23 37 54937
23 38 19991
23 39 65848
23 40 57396
23 41 42000
23 42 29938
23 44 32140
23 46 27815
23 47 56781
23 49 43027
24 26 31006
24 27 41573
24 29 34775
24 30 24710
24 31 67427
24 32 20735
24 35 40639
24 36 29781
24 37 29666
24 38 47596
24 39 22441
24 40 25078
24 41 64851
24 42 25220
24 43 19111
24 44 46728
24 45 35707
24 46 10311
24 47 26390
24 48 44842
24 49 42730
25 26 36969
25 29 45734
25 30 51376
25 32 63818
25 33 13759
25 35 38217
25 37 47328
25 38 33066
25 39 54524
25 40 13219
25 42 47310
25 43 54437
25 44 39151
25 45 36114
25 46 20860
25 47 60251
25 48 61531
25 49 68759
26 28 63718
26 29 33613
26 32 32715
26 33 13849
26 34 52077
26 35 31237
26 38 30178
26 39 49228
26 41 55448
26 42 57790
26 43 10089
26 44 37336
26 45 63537
26 46 62566
26 47 56345
26 48 17026
26 49 41883
27 28 13840
27 29 52963
27 35 37821
27 36 33170
27 37 10522
27 38 11553
27 39 64760
27 40 49911
27 42 48995
27 43 46053
27 46 11684
27 47 53965
27 49 36929
28 30 55633
28 31 54314
28 32 64008
28 34 54123
28 35 65061
28 36 22485
28 37 12904
28 38 29783
28 39 17744
28 40 36074
28 41 60358
28 42 21121
28 43 52175
28 44 59341
28 45 68487
28 47 58322
28 48 18310
28 49 27865
29 30 12805
29 33 16614
29 35 45362
29 36 27759
29 37 67437
29 40 28395
29 41 51732
29 43 17425
29 44 41501
29 45 39821
29 46 22769
29 48 40634
29 49 64016
30 31 26002
30 34 32940
30 35 47417
30 36 36198
30 37 23588
30 39 41984
30 41 18907
30 42 58159
30 44 16099
30 46 28868
30 47 49716
30 48 14183
31 32 66537
31 33 44699
31 34 38226
31 35 18948
31 36 30340
31 37 68865
31 38 29157
31 39 13248
31 40 26108
31 41 58050
31 42 50053
31 43 47559
31 44 35722
31 45 18275
31 46 32742
31 47 28547
31 48 33645
31 49 37163
32 33 57389
32 34 23500
32 35 42618
32 37 61775
32 38 49115
32 39 22027
32 40 62421
32 41 53245
32 42 36037
32 43 34997
32 44 66431
32 45 40986
32 46 21474
32 47 61139
32 48 63780
33 34 16244
33 35 58895
33 36 31579
33 37 53342
33 38 50230
33 39 15878
33 40 50133
33 41 13019
33 42 54042
33 43 14406
33 44 33958
33 45 45976
33 46 18807
33 47 52591
33 48 66374
33 49 41046
34 35 44815
34 36 64184
34 37 31057
34 39 47639
34 40 29771
34 41 15372
34 42 10432
34 43 44521
34 45 13159
34 46 32872
34 48 18031
34 49 12312
35 36 60807
35 37 51662
35 38 49080
35 40 21827
35 41 24192
35 42 59357
35 43 31843
35 44 67507
35 45 57203
35 46 56844
35 47 30531
35 48 17080
36 37 36801
36 38 69924
36 39 48403
36 42 66860
36 44 43525
36 45 32443
36 46 49063
36 47 13500
36 49 47360
37 38 55774
37 39 46424
37 40 26532
37 42 46287
37 43 57522
37 46 28829
37 47 12719
37 48 31194
38 39 64719
38 40 34768
38 41 53937
38 42 68641
38 43 21492
38 44 20776
38 45 42002
38 47 34886
38 48 41627
38 49 57307
39 40 51600
39 41 58489
39 42 18892
39 43 38380
39 45 40705
39 46 33966
39 47 66299
39 48 54747
39 49 15451
40 41 40942
40 42 16209
40 43 49780
40 44 50534
40 45 11446
40 46 16124
40 47 69659
40 49 46441
41 42 59349
41 43 52365
41 45 53523
41 47 49822
41 48 14804
41 49 44819
42 43 52057
42 45 67705
42 46 59775
42 47 12347
42 48 66298
42 49 34521
43 44 45505
43 45 18751
43 46 45659
43 48 30452
43 49 23673
44 45 31860
44 47 13016
44 48 56102
44 49 33020
45 48 43383
46 47 45730
46 48 17966
46 49 28590
47 48 66058
47 49 59027
48 49 26911
