50 50 1104
25000 25000 25000 25000 25000 25000 25000 25000 25000 25000 25000 25000 25000 25000 25000 25000 25000 25000 25000 25000 25000 25000 0 25000 25000 25000 25000 25000 25000 25000 25000 25000 25000 25000 25000 25000 25000 25000 25000 25000 25000 25000 25000 25000 25000 25000 25000 25000 25000 25000
2609 3292 6739 8933 6803 5984 10355 7650 8084 4246 5219 5776 6641 7816 4374 3847 5033 6429 6719 3660 7358 5396 5219 8345 4182 6387 7391 5542 5038 10349 6400 5558 6051 9568 3792 4898 9064 7159 11178 8697 4781 6033 6661 5299 8845 11656 9977 5301 8663 3947

2368 1148 3204 4509 4028 2752 5457 3845 4791 2504 2396 2628 3220 3859 1838 2266 2285 3117 3299 2596 3680 2582 2296 4205 1779 2994 5115 2491 2189 5399 3046 2499 2838 4940 1446 2351 4642 3507 6634 4369 2035 2890 3943 2607 5984 6919 5919 3574 4385 1538

38119 28711 4914 17161 44553 7030 26409 19622 50450 35490 13876 9147 14977 9987 21848 35330 20546 15111 25670 37312 29954 23679 9828 13734 19303 6568 57472 8895 11180 22957 12390 7341 15489 21294 21806 22713 18992 16657 67393 15523 12297 23856 48568 27686 66066 66973 59161 44864 16203 22621

94158 75406 32372 11548 94124 35112 29982 21024 105322 79267 29681 21275 20071 28595 64292 80186 47630 25921 53179 95094 61702 69206 23096 42165 48700 24701 135170 25118 40527 60515 47246 30416 52911 19804 61669 53847 15191 17163 141838 16712 34762 49569 105288 76944 142841 137025 121516 110118 12183 58878

1432 1277 1715 1883 566 1580 2152 1577 838 876 1061 1250 1363 1923 1524 955 1016 1318 949 1655 814 1789 1133 2087 1015 1583 2005 1269 1379 2512 1815 1381 1823 2008 1383 947 1901 1497 1685 1925 1108 908 1169 1798 2040 1600 1240 2003 1836 1237

29389 21549 6421 15994 35203 3514 23701 16197 40108 27663 10383 7483 12332 10627 15840 27251 15232 12444 20193 28704 23757 17769 7029 12654 13919 6260 45474 6253 6966 20326 9090 4947 10956 19446 15805 17035 17517 13730 54202 15093 8371 18684 38375 21102 52622 53852 47354 34986 15197 16483

181956 151443 81972 45118 179349 86890 28499 43134 199791 153664 65767 58805 48555 75277 138615 155294 97584 53176 107361 187467 122469 147325 56998 99391 102384 68433 259515 65619 96429 131920 108338 78565 118381 37594 126439 108605 40319 50569 262507 54213 78328 100962 199791 160389 266358 256048 228497 214099 46244 120958

70158 56137 33391 20160 68960 32030 26544 6370 78353 57158 16770 13571 8861 34044 51550 57907 31390 10985 35882 72690 42824 57376 12741 45125 33595 25346 105796 16702 32220 60071 42892 24339 46527 21820 44649 36454 21085 12128 107171 24366 22542 32942 78353 60248 108940 104203 91544 84928 20704 42130

1719 1555 2020 2186 797 1877 2480 1869 697 1127 1324 1525 1646 2242 1817 1211 1359 1593 1205 1956 1061 2099 1395 2416 1275 1880 1940 1538 1663 2869 2127 1665 2135 2327 1668 1203 2218 1789 1599 2239 1374 1156 1050 2109 1977 1509 1125 2149 2144 1511

1038 879 1459 1709 1024 1320 1995 1402 1305 464 869 1050 1181 1674 1133 546 738 1134 1066 1268 1206 1406 928 1875 768 1323 1950 999 1145 2314 1562 1115 1500 1846 988 667 1736 1318 1983 1748 832 916 1087 1416 1986 2088 1720 1628 1668 837

282030 211282 141015 156813 275986 123980 205925 104130 324205 216434 12638 46089 66146 165880 198300 220212 86408 58178 109075 294806 144106 241573 25277 212999 97536 105504 461992 48149 106122 288418 178793 81738 185456 180442 162789 111960 161484 89774 468792 165811 55499 94239 323380 245901 477721 453818 389938 356556 149807 140603

50691 38013 17684 20961 51754 16554 32069 15322 59686 41572 8429 1231 9073 20938 32781 41335 20566 9254 24295 52228 30058 37595 2463 29549 19775 11074 79235 3830 16712 41956 25571 10170 28589 26227 28724 24385 23131 11333 83247 20927 10350 21854 59166 41335 84557 81009 70500 62387 19673 26656

87703 68425 38207 29484 86090 36375 42477 15319 98955 70203 15832 11526 5185 43485 62653 71210 35513 11563 41561 91111 50906 70496 10371 57448 38482 27377 135275 15741 36631 77569 50998 26021 55891 35788 53362 42330 30731 11599 137529 32581 23565 37602 98735 74362 139911 133534 116492 107586 27615 49972

8994 7014 1953 3076 10270 2400 5044 4089 11525 8342 3428 2289 3530 1217 5553 8308 5162 3558 5938 8844 6878 5947 2434 2672 4897 1741 13134 2275 3283 4634 3544 2352 4204 3955 5544 5623 3465 3423 15131 2520 3406 5551 11125 6799 14963 15041 13379 10451 2868 5718

22109 13806 17181 27575 34163 13983 36054 25399 39559 23393 16297 15828 21148 21809 7310 21709 15513 20779 22678 21463 25368 12569 14621 24038 11931 16866 39913 14091 11169 32479 15843 13360 14375 31372 9640 15974 29250 22701 52897 26598 12776 19787 33563 13114 48346 54681 47531 28374 26698 11815

16807 14001 25640 30561 19556 22905 35602 25154 24505 9679 15763 18421 21255 29433 18478 8135 13451 20437 19232 20868 21699 23300 16271 32126 12619 23236 35094 17533 19253 39867 26303 19556 24957 32986 15933 12196 31041 23680 36455 30709 14579 16581 19881 23476 36497 38302 31816 27205 29842 13261

10299 7390 7031 8472 10011 6048 10492 6305 12559 6963 2542 3918 4743 8551 6856 7119 1531 4415 4164 10825 5152 8788 3062 9992 2712 6068 17458 3782 5031 13093 7754 4593 8294 9443 5401 2666 8664 5714 17692 8842 2599 3101 11362 8989 17709 17551 14924 13365 8184 4483

175305 136474 78453 73100 171987 74683 92515 36644 198000 139301 27445 23562 23034 89311 126332 141375 67935 11423 80376 182317 99603 144881 22846 118038 74042 56173 274079 32233 75211 159433 104768 53383 114834 79433 107218 81959 75663 36305 280374 79396 45918 72233 198000 150423 282712 269592 234531 216209 69254 97680

14104 10872 9452 10186 10309 8668 12441 7754 12529 10040 3542 5082 6005 10597 10274 10214 4313 5638 2061 14718 4237 12438 4123 12767 5635 7817 21789 5177 8073 16239 11122 6723 11726 11267 8646 5230 10401 7099 19186 10594 5350 2795 14964 12662 22071 18497 15556 17561 9863 7618

4719 4738 8597 11897 10320 7583 14113 10500 12031 6905 7254 7875 9152 10064 5467 6371 7005 8870 9277 3656 10130 6729 7312 10878 5869 8497 9506 7622 6695 13554 8172 7390 7707 13238 5406 7151 12428 9845 15675 11583 6547 8360 10130 5845 12180 16314 14559 5847 11614 5613

2204 1718 1581 1691 1302 1463 2030 1326 1635 1593 693 924 1063 1760 1628 1619 733 1008 555 2296 390 1953 780 2079 931 1335 3066 939 1298 2600 1756 1171 1846 1853 1384 871 1722 1227 2673 1752 889 505 2041 1987 3108 2532 2090 2723 1643 1229

33087 23443 23170 37575 50155 19559 48702 36072 57236 36022 26166 23493 30494 29263 14919 33813 25682 30655 35084 31815 38614 11166 22333 29102 20982 23524 56025 21214 17380 40178 17905 20255 15978 42538 17975 26288 39775 32512 74738 35911 21002 31291 49368 15978 67091 77038 67697 40884 36405 20830

29547 21819 12087 14277 30208 10393 19877 9670 34960 23989 3801 2252 5847 14071 19650 23844 11199 6260 13471 30993 16984 22873 0 19319 10703 8017 46945 2293 10145 26881 15889 6157 17728 16757 16158 13513 14856 7665 50147 14257 4959 11984 34713 24051 50189 48040 41634 36675 13492 14897

19258 15154 4883 8660 22473 5240 12851 10822 25140 18677 8930 6798 9435 4715 11943 18148 11947 9496 14265 19106 16203 11616 7106 3553 10898 5631 28226 6684 7117 7725 6509 5973 7911 10537 11924 12593 9496 9405 33421 7486 7881 13444 24198 13429 31946 32615 29081 22522 8227 12293

32600 22120 24063 31410 36263 20115 39682 24603 43406 26098 11050 13644 18976 29538 20197 24684 10012 17796 19495 34493 23056 27157 10541 33424 5270 20594 59259 12362 14845 44597 26668 15282 26495 35297 14936 10622 32488 21866 64743 31379 8099 15669 41636 27879 64804 63420 53958 43640 30250 11650

19133 14415 4124 7502 21736 4258 12148 8180 24693 17191 5611 2952 5851 5337 11613 17111 9697 5918 11525 19369 13673 12852 3268 8547 9073 1634 29479 2801 5623 13172 7620 3075 8745 9583 10952 10784 8420 6693 33190 6967 5560 10615 23935 14794 33148 32667 28750 23156 7022 11361

175156 190444 281463 355282 238383 258749 406770 325852 225170 205569 253234 264755 294457 314332 211356 210756 242970 289434 287742 170788 273327 239639 248102 332568 222222 279224 124051 257875 238875 392519 271962 254436 261534 380835 205405 233251 365874 308872 262243 348348 234998 267212 177231 219819 183947 276549 279934 151733 352989 210046

31417 23339 11056 15023 33379 9282 22113 11424 38298 25597 5582 2430 7436 13292 19279 25460 12766 7551 15708 32571 19387 22351 1601 18629 11698 6794 49650 800 9022 26549 15038 4846 16963 18384 18146 14626 16408 8878 52990 15002 5683 14150 36827 24738 53033 52629 45921 39055 14201 16091

22292 15532 8585 15815 27305 6079 22449 14122 31534 21286 7458 6609 10790 12212 11525 20448 11037 10887 16351 22629 18460 14092 5916 13959 8953 7422 37089 5247 2958 20575 9380 4675 9917 18779 10579 12122 17129 11995 44699 15038 5121 14086 30040 16086 42325 43386 37782 28046 15128 11164

35887 29205 12480 18630 41122 13061 25455 22151 45465 34940 19069 15598 19892 12207 23976 34080 23982 19991 27757 35640 30912 23444 16099 10314 22275 13699 50490 15413 16118 8049 15128 14256 17411 21687 23945 25034 19991 19843 58502 16718 17362 26420 43931 26395 56547 57636 51882 41202 17925 24545

12035 8916 3727 7937 15528 2988 11116 8229 17556 12413 5826 4628 6632 5471 6476 11884 7270 6678 9817 11792 10828 6101 4440 5425 6843 4123 18722 4120 3693 8596 2220 3580 3285 9358 7288 8021 8567 7210 23593 7374 4435 8731 16331 7478 21757 23235 20550 14388 7608 8162

16816 12300 4673 8907 19038 3674 13346 7880 21863 14695 4330 2861 5655 6838 9623 14610 7526 5719 9982 17041 12034 11338 2398 8891 6931 3300 26701 1952 3900 13310 6886 1199 7961 10895 8991 8573 9784 6460 29982 8388 3574 9112 21992 12670 30199 29780 26037 20660 8448 9382

33291 24043 13451 25678 45466 10386 35106 25927 51477 34720 17347 15249 21192 18623 16808 32845 22433 21329 29985 32571 32982 15695 14693 18486 19385 13751 53121 13742 10951 27888 8982 12141 7346 30148 19402 23889 27802 22904 67566 24266 14025 26766 46032 19779 62514 69570 61607 40269 24685 21808

946126 772783 372672 171891 941607 399465 229188 203364 1052973 801673 322800 261306 229995 336196 681269 810550 496143 258078 549405 987768 631719 728398 261790 467575 512606 298912 1361570 298428 451435 644793 516318 354111 575875 130895 640112 556184 145421 201588 1394657 221440 377998 514543 1052973 803126 1415639 1359472 1209370 1121245 178024 610899

11074 6516 9745 14620 17265 8055 18070 12049 20125 11582 7198 7592 9802 12191 5780 10692 6792 9607 10578 11927 12000 8559 6353 13369 4891 8961 21336 7495 5951 17830 10200 7109 9514 16229 3176 7028 15116 10875 27174 14096 5378 9051 16956 8848 24582 28075 24330 15579 14222 4326

15829 11730 12055 14909 14887 10463 18181 11400 18098 9950 5307 7379 8870 14516 10865 10202 3806 8340 7557 17293 9159 13994 5984 16447 4154 10495 26946 6793 8459 21470 13235 8116 13697 16483 8500 2992 15221 10444 27326 15353 4886 5837 17073 14319 27353 27097 22842 21406 14443 7022

260549 211357 97602 40426 259264 105128 73603 59561 291477 219479 83331 65940 56946 87232 185247 222003 132614 73007 147849 269818 171160 198738 65986 124584 137295 76540 378755 76494 119995 174969 138442 92233 155375 45566 173638 149685 32993 48961 388070 54606 99025 137846 290926 219984 394035 378067 335391 310337 42170 165240

137814 108160 60774 37261 137095 58008 63568 27330 156514 113056 30982 20497 15076 61549 97731 114578 60691 24757 69875 142959 83983 109515 20525 84066 63513 44425 209073 26860 58395 114439 80082 42378 87468 46721 85421 70981 39142 10262 214743 41936 40442 63900 156127 117123 218284 208713 182987 167828 34439 80359

45190 41683 54470 59493 29821 51403 65177 52117 27688 32544 40378 44494 47243 59211 47631 34351 38581 46820 37823 48504 35461 53659 42775 64357 39250 51465 40960 44335 48318 73399 57395 46882 55712 61907 44450 37012 59475 50292 21387 60630 40660 36889 30385 54285 34060 23696 24243 45428 59070 41092

22574 17974 7146 4104 23542 8089 8618 6428 26371 19848 7822 5211 5621 5744 15256 19762 12226 7047 13579 22804 15670 16305 5658 9081 11939 5543 32644 6154 9417 13583 10795 6937 12308 6121 14604 13612 4997 4907 35329 2829 8519 12693 26231 18261 35444 34157 30344 26490 3636 14436

80057 56481 38011 53182 85773 30699 70728 39587 100523 63100 15801 16494 27925 49316 49862 62659 25677 26917 44210 82915 51564 61965 10086 58183 22567 30846 133135 13847 23134 81255 43390 19877 47404 61209 39209 31140 55409 33472 142906 53119 5043 36309 95817 63289 143032 141855 122313 103360 50787 35364

58028 43758 39723 42962 45043 36260 52917 32225 54677 40086 13627 20427 24504 44777 41119 40854 14800 22884 13348 60736 18235 50669 16196 54356 20636 32504 91957 20846 31401 69686 44861 27673 47528 47737 33928 18849 43884 29335 84235 44763 19379 8098 61825 51661 93199 81191 68206 73289 41538 29391

11687 10319 16111 18256 9625 14832 20714 15620 8793 7559 11041 12598 13719 17960 12502 7885 9913 13320 12732 13667 11825 14853 11550 19329 10071 15090 13193 12158 13052 23103 16310 14031 15654 19439 11261 9301 18490 14901 14420 18590 10725 11440 5775 15097 13994 15320 12357 14935 17905 9951

19812 14312 16981 25818 30875 14743 32575 23312 35262 22118 16250 16268 19856 20756 9331 20750 16000 19556 21825 17087 24012 9543 14550 20656 13087 17100 32087 14856 12481 27518 13718 14262 12525 28893 11225 16375 27181 21506 46393 24875 13050 19475 30675 7275 38943 47856 42043 22706 25093 12993

107792 115691 168663 190737 120397 157010 210766 169251 113618 103562 131938 144628 153760 185526 134768 109304 122750 150511 145721 113954 138325 149278 136084 193650 124879 163256 89976 141042 142499 224408 164573 150483 160511 200373 123367 117764 192641 163396 108212 193454 129361 135188 93057 139110 68042 115551 117288 104178 187935 125748

50320 46673 57109 60151 29943 53921 66703 53124 27725 37172 40919 45381 48057 62039 52583 39050 40589 46994 38262 53765 35074 58814 42605 65905 40553 53307 45922 46572 49175 75966 59473 49220 61003 63303 49184 38958 60774 51227 25572 61352 42752 37291 34927 59519 38748 21302 24143 50567 59235 45803

13547 12443 15576 16502 7348 14610 18481 14368 6676 9565 10672 12024 12834 17069 14205 10134 10572 12512 9867 15145 8902 16103 11183 18240 10561 14424 14940 12384 13172 21287 16292 13186 16755 17451 13197 10078 16686 13794 8777 16860 11227 9573 9046 16305 12767 8172 5591 17640 16219 12151

1568 1572 2542 3371 2975 2287 3928 3020 3140 2117 2205 2361 2682 2911 1756 1983 2142 2611 2713 1300 2927 2073 2174 3115 1857 2517 2006 2297 2064 3788 2435 2239 2318 3664 1740 2179 3495 2856 3556 3292 2072 2483 2603 1850 2678 3717 4040 1087 3300 1792

101089 81178 34056 14036 101528 37057 34221 24448 114155 85625 31329 21905 20807 29883 69009 86632 50983 27212 57059 102699 66392 74352 23899 44780 51935 25656 147937 26114 42986 64873 50343 31915 56510 23076 66429 57791 18025 17622 155129 16909 36673 53106 114118 82825 155275 148907 131888 119151 11949 63080

7969 4856 7095 9693 10916 5941 11999 7886 12864 7029 4190 4847 6351 8766 4903 6421 3907 6030 6493 8552 7464 6801 4001 9570 2614 6560 14979 4498 4503 12617 7978 5294 7448 10753 3124 4073 9987 7090 17673 9684 3335 5450 10694 6998 17196 18323 15742 11047 9376 2000

0 1 17299
0 2 55871
0 3 14443
0 5 61600
0 6 21315
0 7 25331
0 8 43865
0 9 22178
0 10 45570
0 11 30504
0 12 35788
0 13 42749
0 14 22961
0 15 54257
0 16 13213
0 17 50530
0 18 38806
0 20 37744
0 22 29897
0 23 14829
0 24 45498
0 25 31300
0 26 17145
0 27 18413
0 28 16186
0 30 48935
0 31 17466
0 32 52695
0 33 17893
0 34 67578
0 35 40787
0 37 44883
0 39 41133
0 40 34307
0 41 13561
0 42 50366
0 43 32851
0 44 46003
0 45 66126
0 46 67709
0 48 51527
0 49 14041
1 2 33987
1 3 42506
1 4 46810
1 5 28963
1 6 39087
1 7 52826
1 8 12747
1 9 47063
1 10 52258
1 12 42198
1 13 30860
1 14 49918
1 15 49739
1 16 22800
1 17 15305
1 18 66172
1 19 30234
1 21 31230
1 22 22535
1 23 67625
1 24 33819
1 25 43605
1 26 41530
1 27 51888
1 28 34414
1 29 32751
1 30 61520
1 31 55182
1 32 40473
1 33 20793
1 34 59891
1 35 24787
1 36 32962
1 37 55650
1 38 36334
1 39 53562
1 40 66353
1 41 13740
1 42 55735
1 43 63422
1 44 43582
1 45 61944
1 46 20199
1 47 64238
1 48 40845
2 3 30737
2 4 36365
2 5 12818
2 6 42853
2 7 15069
2 8 44581
2 9 58834
2 10 21667
2 11 23837
2 12 56492
2 13 17230
2 14 38635
2 15 59217
2 16 49275
2 17 22959
2 18 27819
2 19 10514
2 20 67250
2 21 32920
2 22 40703
2 23 45288
2 24 45916
2 25 19738
2 26 27192
2 27 67583
2 28 46618
2 29 29054
2 30 59849
2 31 57366
2 32 37216
2 33 59783
2 34 56725
2 35 15573
2 36 16334
2 37 13135
2 38 66482
2 39 28674
2 40 12546
2 41 66334
2 42 38340
2 43 22478
2 44 45082
2 45 56563
2 46 62507
2 47 40408
2 48 56959
2 49 51112
3 4 33193
3 5 16717
3 7 19852
3 8 58012
3 9 11591
3 11 40004
3 12 69617
3 13 57015
3 14 49655
3 15 66332
3 17 58840
3 18 27438
3 19 69812
3 20 12380
3 21 23527
3 22 62918
3 23 50595
3 24 12322
3 25 61047
3 26 35371
3 27 56621
3 28 64191
3 29 15484
3 30 47325
3 32 13543
3 33 14164
3 34 54755
3 35 62560
3 36 37812
3 37 34968
3 38 41679
3 39 67472
3 40 33048
3 41 11848
3 42 37802
3 43 36287
3 44 36966
3 45 38108
3 47 42042
3 48 14826
3 49 39093
4 7 36486
4 8 32337
4 9 30523
4 10 59630
4 11 23038
4 12 50649
4 13 48632
4 14 29624
4 15 32955
4 16 24724
4 17 56708
4 18 58195
4 19 35611
4 20 40813
4 21 13299
4 22 35582
4 24 57920
4 25 53709
4 26 47366
4 27 26525
4 28 51960
4 29 62781
4 30 14323
4 31 11582
4 32 65264
4 33 55983
4 34 23042
4 35 31558
4 36 58251
4 37 55714
4 38 28197
4 39 12717
4 40 25939
4 41 55956
4 42 34089
4 43 17454
4 44 33532
4 45 54677
4 46 50776
4 47 13483
4 48 57458
4 49 18339
5 6 53256
5 7 29267
5 8 68864
5 10 63413
5 11 60108
5 12 35475
5 13 68191
5 14 46977
5 15 12587
5 16 10556
5 17 50407
5 19 13019
5 20 42343
5 21 20417
5 22 37330
5 23 33283
5 25 68499
5 26 35276
5 27 47467
5 28 50500
5 29 50976
5 30 68075
5 32 47014
5 33 62623
5 34 64091
5 35 22492
5 36 28337
5 37 10292
5 39 13974
5 40 47858
5 41 23017
5 42 41206
5 44 55026
5 45 55122
5 46 57359
5 48 51664
5 49 69411
6 7 18503
6 9 52242
6 10 45606
6 11 11985
6 12 52037
6 13 26224
6 14 28065
6 15 40185
6 16 60706
6 17 45397
6 18 37565
6 19 10053
6 20 67037
6 21 42941
6 23 14641
6 24 60165
6 25 26367
6 26 52392
6 27 42947
6 28 21687
6 29 57219
6 30 17572
6 31 45393
6 32 20129
6 35 57790
6 36 68619
6 37 30358
6 38 58359
6 39 41986
6 40 53754
6 41 69786
6 42 39466
6 43 16124
6 44 59525
6 45 61921
6 46 33019
6 47 66167
6 49 16296
7 8 26994
7 9 29131
7 10 37130
7 11 23377
7 12 32909
7 13 42890
7 14 53112
7 15 38401
7 16 10860
7 17 35709
7 18 22808
7 19 17899
7 20 29244
7 21 32071
7 23 14720
7 24 13988
7 25 54482
7 26 46712
7 27 20384
7 28 64646
7 29 20506
7 31 28252
7 32 58792
7 33 24945
7 34 45091
7 35 57078
7 36 40010
7 37 13087
7 38 10332
7 39 43153
7 40 16773
7 41 20166
7 42 29448
7 43 24165
7 44 46548
7 45 53922
7 46 39466
7 47 37822
7 48 67639
7 49 31815
8 9 56873
8 10 62072
8 11 25217
8 12 31668
8 13 67945
8 14 27585
8 15 23910
8 16 18499
8 17 56005
8 18 53127
8 19 69276
8 20 45067
8 21 51928
8 22 69704
8 24 31519
8 25 18882
8 26 27073
8 28 58585
8 29 60236
8 30 17663
8 31 37602
8 32 58276
8 33 17636
8 34 21470
8 35 19539
8 36 40516
8 37 62192
8 39 38248
8 41 36119
8 42 64739
8 43 56790
8 44 41219
8 45 43345
8 46 44610
8 48 12212
8 49 63904
9 10 32922
9 11 48840
9 12 60429
9 13 30554
9 14 40834
9 15 45236
9 16 24066
9 17 35201
9 18 49480
9 19 40572
9 20 15658
9 21 32385
9 22 26910
9 23 19094
9 24 65033
9 25 56493
9 26 30240
9 27 17993
9 28 37623
9 29 68410
9 30 60601
9 31 43891
9 32 64739
9 34 20571
9 36 69611
9 37 47674
9 38 29006
9 39 48095
9 40 60060
9 41 53803
9 43 50395
9 44 21780
9 46 26679
9 47 50670
9 48 22177
9 49 58300
10 11 60005
10 13 69888
10 14 39802
10 15 56151
10 16 20788
10 17 52598
10 19 62078
10 20 30053
10 21 62143
10 22 17646
10 24 34325
10 25 43878
10 26 56621
10 27 66259
10 28 61149
10 29 46433
10 30 27838
10 32 50342
10 33 16311
10 34 63337
10 35 50931
10 36 43299
10 37 27632
10 38 45628
10 39 31354
10 40 35956
10 41 12715
10 42 28772
10 45 65007
10 46 11447
10 47 20077
10 48 51568
10 49 41126
11 12 57850
11 13 55782
11 14 32582
11 15 16117
11 16 67227
11 17 15493
11 18 56934
11 19 60732
11 20 51716
11 21 39859
11 23 34867
11 24 58670
11 25 24206
11 26 15184
11 27 13832
11 28 38827
11 29 61549
11 30 13582
11 31 50078
11 32 30562
11 33 35642
11 34 67813
11 35 52581
11 37 38437
11 38 13401
11 39 64893
11 40 37978
11 41 68088
11 42 10045
11 43 50867
11 44 17893
11 47 11801
11 48 44635
11 49 14907
12 13 57592
12 14 16976
12 15 49336
12 16 22548
12 17 23521
12 18 57082
12 19 69832
12 20 49627
12 21 38447
12 22 46985
12 23 55484
12 26 13084
12 27 37190
12 29 18449
12 30 41581
12 31 16563
12 32 30893
12 33 51518
12 34 13579
12 35 62101
12 36 67300
12 37 37972
12 40 18558
12 42 39788
12 43 22325
12 44 13552
12 45 33296
12 46 10668
12 47 52771
12 48 39445
12 49 13118
13 14 39611
13 15 33082
13 16 46590
13 17 10732
13 18 62103
13 19 54767
13 20 50863
13 21 51931
13 22 46612
13 23 66228
13 24 56476
13 25 37706
13 26 52406
13 28 21852
13 29 18840
13 30 14534
13 31 40790
13 32 39919
13 34 36374
13 35 27355
13 36 69476
13 37 39888
13 38 67926
13 40 64154
13 41 68493
13 43 31990
13 44 47554
13 45 54288
13 46 10200
13 48 63529
13 49 11328
14 15 27707
14 16 36174
14 17 50086
14 18 50561
14 20 31969
14 22 20338
14 23 35779
14 24 43119
14 25 17174
14 26 64058
14 27 59844
14 28 45087
14 29 69897
14 30 14626
14 31 38417
14 32 57604
14 33 13418
14 34 18259
14 35 65052
14 36 52300
14 37 40929
14 38 37076
14 39 24173
14 40 59565
14 41 52102
14 42 66234
14 43 12861
14 44 60138
14 46 41116
14 47 14706
14 48 14292
14 49 19572
15 16 53909
15 17 13387
15 18 58555
15 19 65711
15 20 60802
15 21 41718
15 24 19452
15 25 35652
15 27 66973
15 28 66636
15 29 49005
15 30 47969
15 31 27616
15 32 64731
15 33 67528
15 34 52043
15 35 35893
15 36 28021
15 37 66572
15 38 61509
15 39 51482
15 40 43374
15 41 32931
15 42 60023
15 43 45365
15 44 15870
15 45 46335
15 46 45882
15 47 43810
15 48 18960
15 49 54304
16 17 40001
16 18 43125
16 19 63636
16 20 57519
16 21 39972
16 22 28776
16 23 11499
16 24 17174
16 25 24315
16 26 60886
16 28 37221
16 29 55497
16 30 24188
16 31 52837
16 32 46768
16 34 56966
16 35 38958
16 36 59368
16 37 48452
16 38 55478
16 39 45390
16 40 61640
16 41 37555
16 42 47809
16 43 48845
16 45 65575
16 46 65892
16 47 35385
16 48 54346
16 49 35275
17 18 11823
17 19 27888
17 20 67962
17 21 43581
17 22 66195
17 23 15397
17 24 21506
17 26 63813
17 27 28225
17 28 35899
17 29 50938
17 30 58836
17 31 34205
17 32 57751
17 33 39193
17 34 50885
17 35 40921
17 36 22101
17 38 52107
17 39 63110
17 40 20061
17 41 58170
17 42 44782
17 43 38069
17 44 62544
17 46 61365
17 47 14488
17 48 23768
17 49 17337
18 19 38920
18 20 43453
18 21 34237
18 22 51479
18 23 14013
18 24 49648
18 25 15725
18 26 26040
18 27 41751
18 28 53639
18 29 57934
18 30 39331
18 31 60854
18 32 53926
18 33 12410
18 34 10289
18 36 43742
18 37 26427
18 38 11706
18 39 46013
18 40 52613
18 41 49447
18 43 65016
18 44 61666
18 45 49581
18 46 66012
18 47 65252
18 48 65435
18 49 37841
19 20 16793
19 21 15527
19 22 48224
19 23 49057
19 24 61108
19 25 32590
19 26 34636
19 27 14277
19 28 69101
19 29 61904
19 30 60653
19 31 40368
19 32 63102
19 33 19884
19 34 27502
19 35 32735
19 36 52208
19 37 56925
19 38 27665
19 39 17009
19 40 30709
19 41 19956
19 43 24233
19 44 41526
19 45 27820
19 46 50533
19 47 39013
19 48 65111
19 49 23434
20 21 58487
20 22 16384
20 23 56072
20 24 22412
20 25 15015
20 26 36217
20 27 45456
20 28 10097
20 29 14593
20 30 69422
20 31 50562
20 32 44764
20 33 65603
20 34 47349
20 35 21115
20 36 20716
20 37 41000
20 38 35089
20 39 14450
20 40 69928
20 41 38600
20 42 45959
20 43 44666
20 44 23915
20 45 13090
20 46 61730
20 48 12847
20 49 48886
21 22 17505
21 25 26669
21 26 15641
21 27 54193
21 28 60924
21 29 68993
21 31 11491
21 32 17056
21 33 35109
21 34 61769
21 35 44308
21 36 10908
21 37 69051
21 38 42829
21 39 48568
21 40 35176
21 41 65452
21 43 51926
21 45 42850
21 46 63261
21 47 26814
21 48 32293
21 49 17262
22 23 31193
22 24 14657
22 25 65236
22 26 35796
22 27 22981
22 29 61549
22 30 24195
22 31 19213
22 32 46313
22 33 36948
22 34 33989
22 35 33842
22 36 56634
22 37 42226
22 38 12209
22 39 18050
22 40 10638
22 41 19181
22 42 28404
22 43 65536
22 44 62487
22 45 17143
22 46 14549
22 47 27862
22 48 53848
22 49 21443
23 26 64123
23 27 52936
23 28 58122
23 29 45034
23 30 69090
23 31 58780
23 32 64580
23 33 58091
23 34 10567
23 35 59906
23 36 69964
23 37 10420
23 38 21670
23 39 48989
23 40 51162
23 41 57455
23 42 64884
23 43 60692
23 44 61888
23 45 61883
23 46 47751
23 47 45601
23 48 34200
23 49 21503
24 25 26974
24 27 63290
24 29 57469
24 30 52575
24 31 66057
24 32 42781
24 33 58080
24 34 60255
24 35 33376
24 36 50850
24 37 19473
24 38 42275
24 39 13636
24 40 55118
24 41 67595
24 42 39254
24 43 41734
24 44 38381
24 45 68063
24 46 68365
24 47 21047
24 48 60336
25 26 50591
25 27 68541
25 28 65101
25 29 42207
25 30 32428
25 31 40043
25 32 25103
25 33 26499
25 36 11633
25 37 37659
25 38 49380
25 39 65554
25 40 12367
25 41 10188
25 42 24570
25 43 62097
25 46 49617
25 48 12045
25 49 30001
26 27 19864
26 29 49763
26 31 51396
26 32 27088
26 33 39375
26 34 56844
26 35 20775
26 36 25767
26 37 14468
26 38 27070
26 39 59115
26 40 43549
26 41 40578
26 42 18652
26 43 42894
26 45 33046
26 46 63497
26 48 53492
26 49 17317
27 28 47971
27 29 38446
27 30 30410
27 31 47367
27 32 63463
27 33 41514
27 34 21409
27 36 51987
27 37 27825
27 38 36256
27 39 51034
27 40 57324
27 41 48129
27 42 64376
27 43 33373
27 45 63886
27 46 44409
27 47 42607
27 48 25527
27 49 28917
28 29 31353
28 30 14809
28 31 22314
28 32 34704
28 33 34426
28 36 11074
28 37 14561
28 39 22253
28 40 37473
28 41 20741
28 42 55029
28 43 22123
28 44 26917
28 45 38426
28 46 45899
28 47 31471
28 49 29642
29 30 18651
29 31 31233
29 32 56853
29 33 46772
29 34 62142
29 35 50020
29 36 34475
29 37 66091
29 38 45670
29 39 62466
29 40 60750
29 41 23606
29 42 29263
29 43 38884
29 44 22482
29 45 19525
29 46 18946
29 47 31107
29 48 15769
29 49 57214
30 31 41233
30 32 16909
30 33 27874
30 34 22404
30 35 10481
30 36 48724
30 38 38682
30 39 30201
30 40 13879
30 41 52579
30 42 54472
30 43 11352
30 44 11172
30 45 67352
30 46 67069
30 47 16637
30 48 48524
31 32 51524
31 33 58426
31 34 18676
31 35 55940
31 36 18536
31 37 16167
31 38 34815
31 39 31212
31 40 59235
31 41 64925
31 42 12449
31 43 24522
31 44 11850
31 45 67193
31 46 34662
31 47 67387
31 48 49697
31 49 10896
32 33 12020
32 34 20691
32 37 59190
32 38 67974
32 40 33561
32 41 20142
32 42 36833
32 44 51037
32 45 27743
32 46 41982
32 47 36826
32 48 34943
32 49 37887
33 34 53953
33 35 35380
33 36 26817
33 37 57856
33 38 17500
33 39 39114
33 40 55743
33 42 36475
33 43 34134
33 44 47721
33 45 25823
33 46 35592
33 47 65482
33 48 69524
33 49 69201
34 35 68664
34 36 13447
34 37 32278
34 38 27517
34 39 19508
34 40 20104
34 41 35442
34 42 51437
34 43 10286
34 44 12702
34 45 45534
34 46 40311
34 48 12146
34 49 15334
35 36 17994
35 37 25520
35 38 33201
35 39 22086
35 40 25402
35 41 44717
35 42 49532
35 43 66896
35 44 58381
35 45 29774
35 46 14219
35 47 52190
35 48 14445
35 49 38555
36 38 20241
36 39 22807
36 40 61672
36 42 23205
36 43 64756
36 44 17777
36 45 10061
36 46 22769
36 47 53149
36 48 68475
36 49 54159
37 38 47056
37 39 48143
37 42 34444
37 43 39643
37 44 26343
37 45 62268
37 46 62833
37 47 43659
37 48 20433
37 49 63416
38 39 51450
38 40 53804
38 41 53688
38 42 13874
38 43 67678
38 44 40548
38 45 45136
38 46 41576
38 48 11219
38 49 59150
39 40 38796
39 41 40043
39 43 63985
39 44 22261
39 45 54254
39 47 38059
39 48 23626
39 49 44888
40 41 30720
40 42 58374
40 43 13658
40 44 14470
40 45 13156
40 47 38658
40 48 31268
40 49 22942
41 42 41240
41 43 15649
41 44 64328
41 45 23564
41 46 64315
41 47 47893
41 48 42170
41 49 48078
42 43 30444
42 44 14351
42 45 38146
42 46 27597
42 47 10061
42 48 63086
42 49 69375
43 44 15923
43 45 59307
43 46 36820
43 47 24181
43 48 54254
43 49 47666
44 45 35853
44 47 50283
44 48 24662
44 49 61232
45 46 65753
45 47 33053
45 48 21587
45 49 45379
46 47 55036
46 48 37896
46 49 17067
47 48 41528
47 49 40002
48 49 21309
