50 50 1115
25000 25000 25000 25000 25000 25000 25000 25000 25000 25000 25000 25000 25000 25000 25000 25000 25000 25000 25000 25000 25000 25000 0 25000 25000 25000 25000 25000 25000 25000 25000 25000 25000 25000 25000 25000 25000 25000 25000 25000 25000 25000 25000 25000 25000 25000 25000 25000 25000 25000
2609 3292 6739 8933 6803 5984 10355 7650 8084 4246 5219 5776 6641 7816 4374 3847 5033 6429 6719 3660 7358 5396 5219 8345 4182 6387 7391 5542 5038 10349 6400 5558 6051 9568 3792 4898 9064 7159 11178 8697 4781 6033 6661 5299 8845 11656 9977 5301 8663 3947

2368 1148 3204 4509 4028 2752 5457 3845 4791 2504 2396 2628 3220 3859 1838 2266 2285 3117 3299 2596 3680 2582 2296 4205 1779 2994 5115 2491 2189 5399 3046 2499 2838 4940 1446 2351 4642 3507 6634 4369 2035 2890 3943 2607 5984 6919 5919 3574 4385 1538

38119 28711 4914 17161 44553 7030 26409 19622 50450 35490 13876 9147 14977 9987 21848 35330 20546 15111 25670 37312 29954 23679 9828 13734 19303 6568 57472 8895 11180 22957 12390 7341 15489 21294 21806 22713 18992 16657 67393 15523 12297 23856 48568 27686 66066 66973 59161 44864 16203 22621

94158 75406 32372 11548 94124 35112 29982 21024 105322 79267 29681 21275 20071 28595 64292 80186 47630 25921 53179 95094 61702 69206 23096 42165 48700 24701 135170 25118 40527 60515 47246 30416 52911 19804 61669 53847 15191 17163 141838 16712 34762 49569 105288 76944 142841 137025 121516 110118 12183 58878

1432 1277 1715 1883 566 1580 2152 1577 838 876 1061 1250 1363 1923 1524 955 1016 1318 949 1655 814 1789 1133 2087 1015 1583 2005 1269 1379 2512 1815 1381 1823 2008 1383 947 1901 1497 1685 1925 1108 908 1169 1798 2040 1600 1240 2003 1836 1237

29389 21549 6421 15994 35203 3514 23701 16197 40108 27663 10383 7483 12332 10627 15840 27251 15232 12444 20193 28704 23757 17769 7029 12654 13919 6260 45474 6253 6966 20326 9090 4947 10956 19446 15805 17035 17517 13730 54202 15093 8371 18684 38375 21102 52622 53852 47354 34986 15197 16483

181956 151443 81972 45118 179349 86890 28499 43134 199791 153664 65767 58805 48555 75277 138615 155294 97584 53176 107361 187467 122469 147325 56998 99391 102384 68433 259515 65619 96429 131920 108338 78565 118381 37594 126439 108605 40319 50569 262507 54213 78328 100962 199791 160389 266358 256048 228497 214099 46244 120958

70158 56137 33391 20160 68960 32030 26544 6370 78353 57158 16770 13571 8861 34044 51550 57907 31390 10985 35882 72690 42824 57376 12741 45125 33595 25346 105796 16702 32220 60071 42892 24339 46527 21820 44649 36454 21085 12128 107171 24366 22542 32942 78353 60248 108940 104203 91544 84928 20704 42130

1719 1555 2020 2186 797 1877 2480 1869 697 1127 1324 1525 1646 2242 1817 1211 1359 1593 1205 1956 1061 2099 1395 2416 1275 1880 1940 1538 1663 2869 2127 1665 2135 2327 1668 1203 2218 1789 1599 2239 1374 1156 1050 2109 1977 1509 1125 2149 2144 1511

1038 879 1459 1709 1024 1320 1995 1402 1305 464 869 1050 1181 1674 1133 546 738 1134 1066 1268 1206 1406 928 1875 768 1323 1950 999 1145 2314 1562 1115 1500 1846 988 667 1736 1318 1983 1748 832 916 1087 1416 1986 2088 1720 1628 1668 837

282030 211282 141015 156813 275986 123980 205925 104130 324205 216434 12638 46089 66146 165880 198300 220212 86408 58178 109075 294806 144106 241573 25277 212999 97536 105504 461992 48149 106122 288418 178793 81738 185456 180442 162789 111960 161484 89774 468792 165811 55499 94239 323380 245901 477721 453818 389938 356556 149807 140603

50691 38013 17684 20961 51754 16554 32069 15322 59686 41572 8429 1231 9073 20938 32781 41335 20566 9254 24295 52228 30058 37595 2463 29549 19775 11074 79235 3830 16712 41956 25571 10170 28589 26227 28724 24385 23131 11333 83247 20927 10350 21854 59166 41335 84557 81009 70500 62387 19673 26656

87703 68425 38207 29484 86090 36375 42477 15319 98955 70203 15832 11526 5185 43485 62653 71210 35513 11563 41561 91111 50906 70496 10371 57448 38482 27377 135275 15741 36631 77569 50998 26021 55891 35788 53362 42330 30731 11599 137529 32581 23565 37602 98735 74362 139911 133534 116492 107586 27615 49972

8994 7014 1953 3076 10270 2400 5044 4089 11525 8342 3428 2289 3530 1217 5553 8308 5162 3558 5938 8844 6878 5947 2434 2672 4897 1741 13134 2275 3283 4634 3544 2352 4204 3955 5544 5623 3465 3423 15131 2520 3406 5551 11125 6799 14963 15041 13379 10451 2868 5718

22109 13806 17181 27575 34163 13983 36054 25399 39559 23393 16297 15828 21148 21809 7310 21709 15513 20779 22678 21463 25368 12569 14621 24038 11931 16866 39913 14091 11169 32479 15843 13360 14375 31372 9640 15974 29250 22701 52897 26598 12776 19787 33563 13114 48346 54681 47531 28374 26698 11815

16807 14001 25640 30561 19556 22905 35602 25154 24505 9679 15763 18421 21255 29433 18478 8135 13451 20437 19232 20868 21699 23300 16271 32126 12619 23236 35094 17533 19253 39867 26303 19556 24957 32986 15933 12196 31041 23680 36455 30709 14579 16581 19881 23476 36497 38302 31816 27205 29842 13261

10299 7390 7031 8472 10011 6048 10492 6305 12559 6963 2542 3918 4743 8551 6856 7119 1531 4415 4164 10825 5152 8788 3062 9992 2712 6068 17458 3782 5031 13093 7754 4593 8294 9443 5401 2666 8664 5714 17692 8842 2599 3101 11362 8989 17709 17551 14924 13365 8184 4483

175305 136474 78453 73100 171987 74683 92515 36644 198000 139301 27445 23562 23034 89311 126332 141375 67935 11423 80376 182317 99603 144881 22846 118038 74042 56173 274079 32233 75211 159433 104768 53383 114834 79433 107218 81959 75663 36305 280374 79396 45918 72233 198000 150423 282712 269592 234531 216209 69254 97680

14104 10872 9452 10186 10309 8668 12441 7754 12529 10040 3542 5082 6005 10597 10274 10214 4313 5638 2061 14718 4237 12438 4123 12767 5635 7817 21789 5177 8073 16239 11122 6723 11726 11267 8646 5230 10401 7099 19186 10594 5350 2795 14964 12662 22071 18497 15556 17561 9863 7618

4719 4738 8597 11897 10320 7583 14113 10500 12031 6905 7254 7875 9152 10064 5467 6371 7005 8870 9277 3656 10130 6729 7312 10878 5869 8497 9506 7622 6695 13554 8172 7390 7707 13238 5406 7151 12428 9845 15675 11583 6547 8360 10130 5845 12180 16314 14559 5847 11614 5613

2204 1718 1581 1691 1302 1463 2030 1326 1635 1593 693 924 1063 1760 1628 1619 733 1008 555 2296 390 1953 780 2079 931 1335 3066 939 1298 2600 1756 1171 1846 1853 1384 871 1722 1227 2673 1752 889 505 2041 1987 3108 2532 2090 2723 1643 1229

33087 23443 23170 37575 50155 19559 48702 36072 57236 36022 26166 23493 30494 29263 14919 33813 25682 30655 35084 31815 38614 11166 22333 29102 20982 23524 56025 21214 17380 40178 17905 20255 15978 42538 17975 26288 39775 32512 74738 35911 21002 31291 49368 15978 67091 77038 67697 40884 36405 20830

29547 21819 12087 14277 30208 10393 19877 9670 34960 23989 3801 2252 5847 14071 19650 23844 11199 6260 13471 30993 16984 22873 0 19319 10703 8017 46945 2293 10145 26881 15889 6157 17728 16757 16158 13513 14856 7665 50147 14257 4959 11984 34713 24051 50189 48040 41634 36675 13492 14897

19258 15154 4883 8660 22473 5240 12851 10822 25140 18677 8930 6798 9435 4715 11943 18148 11947 9496 14265 19106 16203 11616 7106 3553 10898 5631 28226 6684 7117 7725 6509 5973 7911 10537 11924 12593 9496 9405 33421 7486 7881 13444 24198 13429 31946 32615 29081 22522 8227 12293

32600 22120 24063 31410 36263 20115 39682 24603 43406 26098 11050 13644 18976 29538 20197 24684 10012 17796 19495 34493 23056 27157 10541 33424 5270 20594 59259 12362 14845 44597 26668 15282 26495 35297 14936 10622 32488 21866 64743 31379 8099 15669 41636 27879 64804 63420 53958 43640 30250 11650

19133 14415 4124 7502 21736 4258 12148 8180 24693 17191 5611 2952 5851 5337 11613 17111 9697 5918 11525 19369 13673 12852 3268 8547 9073 1634 29479 2801 5623 13172 7620 3075 8745 9583 10952 10784 8420 6693 33190 6967 5560 10615 23935 14794 33148 32667 28750 23156 7022 11361

175156 190444 281463 355282 238383 258749 406770 325852 225170 205569 253234 264755 294457 314332 211356 210756 242970 289434 287742 170788 273327 239639 248102 332568 222222 279224 124051 257875 238875 392519 271962 254436 261534 380835 205405 233251 365874 308872 262243 348348 234998 267212 177231 219819 183947 276549 279934 151733 352989 210046

31417 23339 11056 15023 33379 9282 22113 11424 38298 25597 5582 2430 7436 13292 19279 25460 12766 7551 15708 32571 19387 22351 1601 18629 11698 6794 49650 800 9022 26549 15038 4846 16963 18384 18146 14626 16408 8878 52990 15002 5683 14150 36827 24738 53033 52629 45921 39055 14201 16091

22292 15532 8585 15815 27305 6079 22449 14122 31534 21286 7458 6609 10790 12212 11525 20448 11037 10887 16351 22629 18460 14092 5916 13959 8953 7422 37089 5247 2958 20575 9380 4675 9917 18779 10579 12122 17129 11995 44699 15038 5121 14086 30040 16086 42325 43386 37782 28046 15128 11164

35887 29205 12480 18630 41122 13061 25455 22151 45465 34940 19069 15598 19892 12207 23976 34080 23982 19991 27757 35640 30912 23444 16099 10314 22275 13699 50490 15413 16118 8049 15128 14256 17411 21687 23945 25034 19991 19843 58502 16718 17362 26420 43931 26395 56547 57636 51882 41202 17925 24545

12035 8916 3727 7937 15528 2988 11116 8229 17556 12413 5826 4628 6632 5471 6476 11884 7270 6678 9817 11792 10828 6101 4440 5425 6843 4123 18722 4120 3693 8596 2220 3580 3285 9358 7288 8021 8567 7210 23593 7374 4435 8731 16331 7478 21757 23235 20550 14388 7608 8162

16816 12300 4673 8907 19038 3674 13346 7880 21863 14695 4330 2861 5655 6838 9623 14610 7526 5719 9982 17041 12034 11338 2398 8891 6931 3300 26701 1952 3900 13310 6886 1199 7961 10895 8991 8573 9784 6460 29982 8388 3574 9112 21992 12670 30199 29780 26037 20660 8448 9382

33291 24043 13451 25678 45466 10386 35106 25927 51477 34720 17347 15249 21192 18623 16808 32845 22433 21329 29985 32571 32982 15695 14693 18486 19385 13751 53121 13742 10951 27888 8982 12141 7346 30148 19402 23889 27802 22904 67566 24266 14025 26766 46032 19779 62514 69570 61607 40269 24685 21808

946126 772783 372672 171891 941607 399465 229188 203364 1052973 801673 322800 261306 229995 336196 681269 810550 496143 258078 549405 987768 631719 728398 261790 467575 512606 298912 1361570 298428 451435 644793 516318 354111 575875 130895 640112 556184 145421 201588 1394657 221440 377998 514543 1052973 803126 1415639 1359472 1209370 1121245 178024 610899

11074 6516 9745 14620 17265 8055 18070 12049 20125 11582 7198 7592 9802 12191 5780 10692 6792 9607 10578 11927 12000 8559 6353 13369 4891 8961 21336 7495 5951 17830 10200 7109 9514 16229 3176 7028 15116 10875 27174 14096 5378 9051 16956 8848 24582 28075 24330 15579 14222 4326

15829 11730 12055 14909 14887 10463 18181 11400 18098 9950 5307 7379 8870 14516 10865 10202 3806 8340 7557 17293 9159 13994 5984 16447 4154 10495 26946 6793 8459 21470 13235 8116 13697 16483 8500 2992 15221 10444 27326 15353 4886 5837 17073 14319 27353 27097 22842 21406 14443 7022

260549 211357 97602 40426 259264 105128 73603 59561 291477 219479 83331 65940 56946 87232 185247 222003 132614 73007 147849 269818 171160 198738 65986 124584 137295 76540 378755 76494 119995 174969 138442 92233 155375 45566 173638 149685 32993 48961 388070 54606 99025 137846 290926 219984 394035 378067 335391 310337 42170 165240

137814 108160 60774 37261 137095 58008 63568 27330 156514 113056 30982 20497 15076 61549 97731 114578 60691 24757 69875 142959 83983 109515 20525 84066 63513 44425 209073 26860 58395 114439 80082 42378 87468 46721 85421 70981 39142 10262 214743 41936 40442 63900 156127 117123 218284 208713 182987 167828 34439 80359

45190 41683 54470 59493 29821 51403 65177 52117 27688 32544 40378 44494 47243 59211 47631 34351 38581 46820 37823 48504 35461 53659 42775 64357 39250 51465 40960 44335 48318 73399 57395 46882 55712 61907 44450 37012 59475 50292 21387 60630 40660 36889 30385 54285 34060 23696 24243 45428 59070 41092

22574 17974 7146 4104 23542 8089 8618 6428 26371 19848 7822 5211 5621 5744 15256 19762 12226 7047 13579 22804 15670 16305 5658 9081 11939 5543 32644 6154 9417 13583 10795 6937 12308 6121 14604 13612 4997 4907 35329 2829 8519 12693 26231 18261 35444 34157 30344 26490 3636 14436

80057 56481 38011 53182 85773 30699 70728 39587 100523 63100 15801 16494 27925 49316 49862 62659 25677 26917 44210 82915 51564 61965 10086 58183 22567 30846 133135 13847 23134 81255 43390 19877 47404 61209 39209 31140 55409 33472 142906 53119 5043 36309 95817 63289 143032 141855 122313 103360 50787 35364

58028 43758 39723 42962 45043 36260 52917 32225 54677 40086 13627 20427 24504 44777 41119 40854 14800 22884 13348 60736 18235 50669 16196 54356 20636 32504 91957 20846 31401 69686 44861 27673 47528 47737 33928 18849 43884 29335 84235 44763 19379 8098 61825 51661 93199 81191 68206 73289 41538 29391

11687 10319 16111 18256 9625 14832 20714 15620 8793 7559 11041 12598 13719 17960 12502 7885 9913 13320 12732 13667 11825 14853 11550 19329 10071 15090 13193 12158 13052 23103 16310 14031 15654 19439 11261 9301 18490 14901 14420 18590 10725 11440 5775 15097 13994 15320 12357 14935 17905 9951

19812 14312 16981 25818 30875 14743 32575 23312 35262 22118 16250 16268 19856 20756 9331 20750 16000 19556 21825 17087 24012 9543 14550 20656 13087 17100 32087 14856 12481 27518 13718 14262 12525 28893 11225 16375 27181 21506 46393 24875 13050 19475 30675 7275 38943 47856 42043 22706 25093 12993

107792 115691 168663 190737 120397 157010 210766 169251 113618 103562 131938 144628 153760 185526 134768 109304 122750 150511 145721 113954 138325 149278 136084 193650 124879 163256 89976 141042 142499 224408 164573 150483 160511 200373 123367 117764 192641 163396 108212 193454 129361 135188 93057 139110 68042 115551 117288 104178 187935 125748

50320 46673 57109 60151 29943 53921 66703 53124 27725 37172 40919 45381 48057 62039 52583 39050 40589 46994 38262 53765 35074 58814 42605 65905 40553 53307 45922 46572 49175 75966 59473 49220 61003 63303 49184 38958 60774 51227 25572 61352 42752 37291 34927 59519 38748 21302 24143 50567 59235 45803

13547 12443 15576 16502 7348 14610 18481 14368 6676 9565 10672 12024 12834 17069 14205 10134 10572 12512 9867 15145 8902 16103 11183 18240 10561 14424 14940 12384 13172 21287 16292 13186 16755 17451 13197 10078 16686 13794 8777 16860 11227 9573 9046 16305 12767 8172 5591 17640 16219 12151

1568 1572 2542 3371 2975 2287 3928 3020 3140 2117 2205 2361 2682 2911 1756 1983 2142 2611 2713 1300 2927 2073 2174 3115 1857 2517 2006 2297 2064 3788 2435 2239 2318 3664 1740 2179 3495 2856 3556 3292 2072 2483 2603 1850 2678 3717 4040 1087 3300 1792

101089 81178 34056 14036 101528 37057 34221 24448 114155 85625 31329 21905 20807 29883 69009 86632 50983 27212 57059 102699 66392 74352 23899 44780 51935 25656 147937 26114 42986 64873 50343 31915 56510 23076 66429 57791 18025 17622 155129 16909 36673 53106 114118 82825 155275 148907 131888 119151 11949 63080

7969 4856 7095 9693 10916 5941 11999 7886 12864 7029 4190 4847 6351 8766 4903 6421 3907 6030 6493 8552 7464 6801 4001 9570 2614 6560 14979 4498 4503 12617 7978 5294 7448 10753 3124 4073 9987 7090 17673 9684 3335 5450 10694 6998 17196 18323 15742 11047 9376 2000

0 1 40744
0 3 38311
0 4 27182
0 5 64777
0 6 51047
0 7 22196
0 8 12655
0 9 36100
0 10 33265
0 11 16705
0 12 31897
0 14 60247
0 15 38937
0 16 30883
0 17 57952
0 18 18947
0 19 42643
0 20 39035
0 21 48170
0 22 68416
0 23 32897
0 24 40510
0 25 61916
0 26 13208
0 27 28966
0 28 56762
0 29 40539
0 31 45829
0 32 38349
0 33 11369
0 34 53833
0 35 51677
0 36 52258
0 37 51749
0 38 31110
0 39 62208
0 40 13763
0 42 26024
0 43 13707
0 44 66310
0 45 50770
0 46 50184
0 47 49031
0 48 26585
0 49 41323
1 2 67750
1 3 17296
1 4 36804
1 5 16726
1 6 37452
1 7 34675
1 8 30093
1 9 39572
1 10 54890
1 11 21107
1 13 38229
1 14 26638
1 15 69785
1 16 19403
1 17 51562
1 18 57805
1 20 59134
1 21 58660
1 22 11732
1 23 22190
1 24 16843
1 25 69586
1 27 54476
1 28 42213
1 29 32501
1 30 32783
1 32 68921
1 33 12663
1 34 53645
1 35 23132
1 36 66355
1 37 25371
1 38 44478
1 39 23831
1 40 29863
1 42 65802
1 43 62762
1 44 65841
1 45 65011
1 46 48122
1 47 20186
1 48 39420
1 49 44045
2 3 65915
2 4 17880
2 5 30789
2 6 43744
2 7 67329
2 8 65987
2 9 33415
2 10 14711
2 11 12808
2 13 68649
2 14 17211
2 16 11358
2 17 31009
2 18 62152
2 19 35525
2 20 29488
2 21 40088
2 22 42608
2 23 68785
2 24 17384
2 25 36639
2 26 57786
2 27 12720
2 28 15175
2 29 35596
2 30 32130
2 31 16307
2 32 21527
2 33 16970
2 34 68722
2 35 61747
2 36 28605
2 37 21191
2 38 12020
2 39 31150
2 41 34141
2 42 15239
2 43 65627
2 44 23371
2 45 44134
2 46 19029
2 47 46359
2 48 27306
3 4 30986
3 5 34688
3 6 19664
3 8 67208
3 9 22942
3 10 42010
3 11 10989
3 12 61606
3 13 14347
3 14 24767
3 15 44132
3 17 29514
3 18 10480
3 19 58337
3 20 66928
3 21 65610
3 22 44761
3 24 55682
3 25 38474
3 26 32371
3 27 20027
3 28 19340
3 29 15941
3 30 11570
3 31 54109
3 33 18230
3 34 63345
3 35 46305
3 36 11923
3 37 13710
3 38 17554
3 39 49159
3 40 10505
3 41 39996
3 42 26717
3 43 31861
3 44 62524
3 45 32371
3 46 11416
3 47 13024
3 48 51745
3 49 31392
4 5 19022
4 6 63124
4 7 53635
4 8 54830
4 9 45305
4 10 62711
4 11 64687
4 12 33997
4 13 15891
4 14 14186
4 15 55704
4 16 63683
4 17 68692
4 18 23296
4 19 67019
4 20 25527
4 21 18738
4 22 63338
4 23 51838
4 24 29914
4 25 24861
4 26 15659
4 27 21684
4 28 43657
4 29 25514
4 30 38696
4 31 27104
4 32 47394
4 33 41791
4 34 42586
4 36 58114
4 37 56821
4 38 14541
4 39 24956
4 40 21812
4 41 43923
4 42 60463
4 44 30119
4 46 21985
4 47 57802
4 48 34781
4 49 13302
5 6 64677
5 7 59517
5 8 18427
5 10 41600
5 11 61937
5 12 48409
5 13 68959
5 14 54921
5 15 23677
5 16 34927
5 17 68227
5 18 55782
5 19 41836
5 20 40685
5 21 24992
5 22 59400
5 25 40116
5 27 11716
5 28 14924
5 29 62978
5 30 10526
5 31 47196
5 32 16222
5 33 11554
5 34 62873
5 35 48505
5 36 63777
5 37 15814
5 38 51539
5 39 24251
5 40 16915
5 41 43344
5 43 21412
5 44 20459
5 45 64635
5 46 47153
5 47 26283
5 49 44577
6 7 56124
6 8 23627
6 9 12579
6 11 18393
6 12 42717
6 13 32859
6 15 49055
6 16 42179
6 18 67483
6 19 20033
6 20 67784
6 21 25650
6 22 47319
6 23 34996
6 24 41528
6 25 28985
6 26 65025
6 27 57335
6 28 21350
6 29 27946
6 30 18701
6 31 59616
6 32 57921
6 33 37748
6 34 39256
6 35 60227
6 36 11319
6 38 48638
6 39 52455
6 40 69160
6 41 25686
6 42 16278
6 43 65358
6 44 16130
6 45 50347
6 46 46816
6 48 17510
6 49 50514
7 8 52118
7 9 35743
7 10 23162
7 15 59428
7 16 27719
7 18 35742
7 19 59220
7 20 39360
7 21 35566
7 22 22041
7 24 28349
7 25 48862
7 26 44207
7 27 31338
7 28 16030
7 29 49718
7 30 27826
7 32 17255
7 33 19587
7 34 41317
7 35 61248
7 36 19133
7 38 44699
7 39 14281
7 40 11519
7 41 46031
7 42 44198
7 43 60417
7 44 32893
7 45 52742
7 46 39756
7 47 10735
7 48 54175
7 49 41210
8 9 18930
8 10 29712
8 11 38376
8 12 31707
8 13 69691
8 14 62862
8 15 34970
8 16 40647
8 17 61835
8 18 17410
8 19 63864
8 20 27340
8 21 13424
8 22 31595
8 23 65688
8 24 62416
8 25 58401
8 26 56789
8 28 18496
8 29 51195
8 30 35420
8 31 22159
8 32 35756
8 33 68852
8 35 59933
8 36 44298
8 37 39712
8 38 11701
8 39 48026
8 40 30466
8 41 24711
8 42 65274
8 43 48349
8 44 56349
8 45 27973
8 46 22679
8 48 29696
9 10 64901
9 12 54834
9 13 61821
9 16 40162
9 17 30274
9 18 48646
9 19 41319
9 20 45047
9 21 12215
9 22 41873
9 23 16151
9 24 12154
9 25 37460
9 26 57128
9 27 26751
9 28 64712
9 30 32885
9 32 15133
9 33 41350
9 35 19996
9 36 58135
9 37 50226
9 38 58781
9 39 15532
9 40 44555
9 41 50409
9 42 48404
9 43 27268
9 44 41715
9 45 33010
9 46 64466
9 47 26052
9 48 61029
9 49 25339
10 11 55780
10 13 20267
10 14 24546
10 15 10682
10 17 25290
10 18 46755
10 19 33997
10 20 57015
10 21 53457
10 22 23081
10 23 14736
10 24 38716
10 25 37888
10 26 59753
10 27 35237
10 28 54914
10 29 32153
10 30 60454
10 31 43850
10 32 41890
10 33 13613
10 34 31192
10 36 18207
10 37 66318
10 38 44662
10 39 18027
10 41 15167
10 43 41272
10 44 15540
10 45 60943
10 46 51663
10 47 65551
10 48 67962
10 49 42337
11 13 27334
11 14 22884
11 15 39206
11 16 36514
11 17 31832
11 19 50394
11 20 32043
11 22 39667
11 23 22055
11 24 46520
11 26 46984
11 27 64935
11 28 40715
11 29 68400
11 30 67310
11 31 15225
11 32 58605
11 33 40372
11 34 47875
11 35 24329
11 36 12235
11 37 44169
11 39 29746
11 40 41569
11 41 60661
11 43 49716
11 44 30900
11 45 23672
11 46 12773
11 47 48700
11 48 48489
11 49 10393
12 13 11110
12 14 31237
12 15 19241
12 16 50867
12 17 54927
12 18 49508
12 19 17532
12 20 19097
12 21 68081
12 22 29990
12 24 43662
12 25 24722
12 26 39687
12 27 69486
12 28 69466
12 29 44454
12 30 52289
12 31 33328
12 32 53465
12 33 13393
12 34 68951
12 36 57430
12 37 23254
12 38 42443
12 39 50846
12 40 29610
12 41 45467
12 42 11520
12 44 44864
12 45 11146
12 46 10798
12 47 58268
12 48 48253
12 49 53569
13 14 37514
13 15 26179
13 16 39951
13 17 54081
13 18 42252
13 19 19013
13 21 50846
13 22 40247
13 23 49357
13 24 39934
13 25 10544
13 26 60514
13 27 50225
13 28 44936
13 29 20914
13 30 62178
13 31 55465
13 32 33387
13 33 17086
13 34 51174
13 35 46920
13 36 36754
13 37 48989
13 38 22837
13 39 42752
13 41 43296
13 42 21281
13 43 61306
13 45 25969
13 46 67849
13 47 52976
13 49 52715
14 15 60942
14 16 56114
14 17 57542
14 18 41164
14 19 45627
14 20 40849
14 21 23622
14 22 24741
14 23 34701
14 24 63249
14 25 14649
14 26 18329
14 27 42365
14 28 23518
14 29 10333
14 30 66971
14 31 16856
14 32 65685
14 33 26076
14 34 22410
14 35 54071
14 36 68381
14 37 43233
14 38 67315
14 39 25497
14 41 66498
14 42 44975
14 43 67445
14 44 50558
14 45 14488
14 47 65764
14 48 52236
14 49 60750
15 16 41002
15 17 36368
15 18 32773
15 19 35470
15 20 47872
15 21 40292
15 22 36053
15 23 36219
15 24 18265
15 25 34930
15 26 43817
15 28 56962
15 29 59025
15 30 42145
15 31 44065
15 32 34180
15 33 43178
15 34 46351
15 35 51075
15 36 45799
15 37 49001
15 38 52617
15 39 18091
15 41 11350
15 42 55682
15 43 12142
15 44 44834
15 45 37969
15 46 10549
15 47 62213
15 48 55328
15 49 50537
16 17 28494
16 18 28361
16 19 60616
16 20 16205
16 21 27543
16 22 26932
16 23 38110
16 24 49030
16 25 16154
16 26 26385
16 27 19576
16 28 69137
16 29 51854
16 30 63836
16 31 43494
16 32 38117
16 35 29192
16 36 67756
16 37 34998
16 38 66598
16 39 29298
16 40 10213
16 41 48501
16 42 49501
16 44 35430
16 45 32845
16 46 20151
16 47 52096
16 48 10393
16 49 28155
17 19 50986
17 20 20873
17 21 12379
17 22 40394
17 23 27802
17 24 10037
17 25 58021
17 26 47087
17 27 32481
17 28 15656
17 29 46344
17 30 47282
17 31 22364
17 32 49989
17 33 55476
17 34 46253
17 35 19353
17 36 27908
17 37 69350
17 38 33413
17 39 24347
17 40 34224
17 41 61045
17 43 59879
17 44 34603
17 45 61154
17 46 40643
17 47 17235
17 48 44387
17 49 29792
18 19 11378
18 20 15167
18 21 26866
18 23 15169
18 24 40416
18 25 62818
18 26 44589
18 27 42304
18 28 43743
18 29 28140
18 30 24621
18 31 67748
18 32 30247
18 33 29758
18 34 61856
18 35 56750
18 37 57958
18 39 34869
18 40 53358
18 41 18719
18 42 36278
18 44 44934
18 46 68400
18 47 19944
18 48 54348
18 49 32040
19 20 49756
19 22 41612
19 23 23069
19 24 64461
19 25 40106
19 26 12249
19 27 14513
19 28 38027
19 29 10165
19 30 59786
19 31 10885
19 32 19851
19 33 52570
19 34 26570
19 35 31265
19 36 16370
19 37 33837
19 38 23138
19 39 10408
19 40 24287
19 41 62403
19 42 59823
19 43 36775
19 44 60311
19 45 51890
19 46 24743
19 47 35427
19 48 37701
19 49 57468
20 21 20963
20 22 28142
20 23 34501
20 24 41667
20 25 65238
20 26 55240
20 27 48942
20 28 48766
20 29 57264
20 30 45671
20 31 18834
20 33 33577
20 34 65804
20 35 50743
20 37 11367
20 38 43430
20 39 31155
20 41 62822
20 42 19431
20 43 43515
20 44 26544
20 45 44074
20 46 21127
20 47 43684
20 48 34802
20 49 41784
21 22 50640
21 23 59256
21 25 47600
21 26 57916
21 27 64963
21 28 55314
21 29 48245
21 30 64938
21 31 53457
21 32 42391
21 33 47025
21 34 64799
21 35 14089
21 36 64147
21 37 14342
21 38 58679
21 39 54487
21 40 15081
21 42 39349
21 43 26831
21 44 41136
21 45 39370
21 46 43629
21 47 34534
21 48 27609
21 49 23606
22 23 36654
22 24 14806
22 25 23451
22 28 11525
22 29 63169
22 30 63271
22 31 43456
22 32 47430
22 33 23745
22 34 15331
22 35 35996
22 37 60530
22 38 32294
22 39 51851
22 40 59039
22 41 61466
22 42 24605
22 43 61806
22 44 15837
22 45 62808
22 46 43268
22 47 13586
22 48 68199
23 24 29470
23 25 39102
23 26 37221
23 27 45996
23 28 29729
23 29 10965
23 30 10124
23 31 44206
23 33 24870
23 34 50013
23 35 42883
23 36 60837
23 37 39942
23 38 24744
23 39 11001
23 40 33964
23 41 39832
23 42 50132
23 43 31778
23 44 69700
23 45 46564
23 46 66636
23 47 62999
23 48 41761
23 49 24251
24 25 38578
24 26 67300
24 27 39637
24 28 60191
24 29 41736
24 30 55111
24 31 50455
24 32 51482
24 33 41267
24 34 42537
24 35 46125
24 36 59761
24 37 10489
24 40 36982
24 41 30377
24 42 41863
24 43 37680
24 44 31272
24 45 55881
24 46 31767
24 47 11413
24 48 68640
24 49 21865
25 26 32508
25 27 47228
25 28 16208
25 29 17747
25 30 32453
25 31 25301
25 32 32954
25 33 31348
25 34 16060
25 35 42669
25 36 29603
25 38 51371
25 39 20809
25 40 10887
25 41 41811
25 42 38917
25 43 54375
25 44 45126
25 45 21650
25 46 56521
25 47 19829
25 48 35533
25 49 43658
26 27 14272
26 28 39371
26 29 28642
26 30 27352
26 31 36519
26 32 42662
26 33 68219
26 34 20905
26 35 19743
26 36 17391
26 37 65700
26 38 25750
26 40 35580
26 41 33505
26 42 38189
26 43 14416
26 44 35930
26 45 68574
26 46 39724
26 47 63075
26 48 17601
26 49 18809
27 28 54091
27 29 44522
27 30 66041
27 31 34128
27 33 52702
27 34 23427
27 35 59265
27 36 51775
27 37 51635
27 38 21755
27 39 53929
27 40 46435
27 41 41385
27 42 12821
27 43 29483
27 45 18133
27 46 27089
27 47 44219
27 48 41962
27 49 10271
28 29 45493
28 31 59064
28 32 19163
28 33 50987
28 34 23762
28 35 69228
28 36 66488
28 37 10872
28 38 57889
28 39 49614
28 40 14841
28 41 16344
28 42 38660
28 43 27330
28 44 34185
28 45 48924
28 46 24742
28 47 20026
28 48 21392
28 49 31175
29 30 38633
29 32 35121
29 33 62577
29 34 37962
29 35 26749
29 36 16829
29 37 33562
29 38 26202
29 40 53281
29 41 47283
29 42 12408
29 43 36547
29 44 25930
29 45 49800
29 46 49446
29 47 43860
29 48 19907
29 49 33728
30 31 51896
30 32 26495
30 33 42546
30 34 32676
30 35 53887
30 36 20623
30 37 20869
30 38 12079
30 39 26283
30 40 48416
30 41 52917
30 42 32022
30 43 13001
30 44 27163
30 45 32521
30 46 59006
30 47 52961
30 48 49883
30 49 43186
31 32 50251
31 33 35415
31 34 43299
31 35 61485
31 36 12266
31 37 14004
31 38 62686
31 40 61061
31 41 48252
31 42 49153
31 43 55817
31 44 62871
31 45 49358
31 46 16470
31 47 17911
31 48 21469
31 49 20797
32 33 20988
32 34 52885
32 35 35700
32 36 36722
32 37 66045
32 38 51633
32 39 45633
32 40 20402
32 41 46454
32 42 57535
32 43 69157
32 44 50401
32 45 68110
32 46 37361
32 47 12353
32 48 47331
33 34 30217
33 35 13644
33 36 12781
33 37 29620
33 38 14365
33 39 14762
33 40 27128
33 41 23408
33 42 17083
33 43 35209
33 44 45839
33 45 54790
33 46 44549
33 47 49209
33 48 54405
33 49 37003
34 35 14962
34 37 54095
34 38 34170
34 39 44096
34 40 27986
34 41 34377
34 42 10811
34 43 30969
34 44 25638
34 45 54792
34 46 26088
34 47 67376
34 48 10856
34 49 53919
35 36 23439
35 37 57425
35 38 39444
35 39 60170
35 40 54745
35 41 47215
35 42 21670
35 43 62970
35 44 62022
35 45 31434
35 46 55237
35 47 16838
35 48 37874
35 49 47191
36 37 37002
36 39 26793
36 40 68618
36 41 38152
36 42 13754
36 43 61236
36 44 45334
36 45 26043
36 46 69641
36 47 15301
36 48 36311
36 49 45170
37 38 42504
37 39 46764
37 40 36390
37 41 62776
37 42 63040
37 43 32561
37 44 33153
37 45 68149
37 47 35737
37 48 46871
37 49 57325
38 39 18402
38 40 41804
38 41 41217
38 43 50107
38 44 32704
38 45 42100
38 46 21422
38 47 35651
38 48 44446
38 49 18824
39 40 25277
39 41 47211
39 42 19063
39 43 63685
39 44 18522
39 46 47076
39 47 34562
39 48 35813
39 49 34753
40 41 67124
40 42 50590
40 43 15750
40 44 34574
40 45 26265
40 46 41741
40 47 38063
40 48 50132
40 49 10482
41 42 48562
41 43 43499
41 44 67238
41 45 37093
41 46 41572
41 47 66220
41 48 47749
41 49 13358
42 43 62268
42 44 10158
42 45 18377
42 46 15980
42 47 29344
42 49 69476
43 44 18371
43 45 43835
43 46 20656
43 47 10268
43 48 46031
43 49 15507
44 45 64641
44 46 53038
44 47 27895
44 48 62958
44 49 47888
45 46 58084
45 47 62132
45 48 12712
45 49 46091
46 47 67801
46 48 49345
46 49 33845
47 48 26926
48 49 39309
