50 50 963
25000 25000 25000 25000 25000 25000 25000 25000 25000 25000 25000 25000 25000 25000 25000 25000 25000 25000 25000 25000 25000 25000 0 25000 25000 25000 25000 25000 25000 25000 25000 25000 25000 25000 25000 25000 25000 25000 25000 25000 25000 25000 25000 25000 25000 25000 25000 25000 25000 25000
2609 3292 6739 8933 6803 5984 10355 7650 8084 4246 5219 5776 6641 7816 4374 3847 5033 6429 6719 3660 7358 5396 5219 8345 4182 6387 7391 5542 5038 10349 6400 5558 6051 9568 3792 4898 9064 7159 11178 8697 4781 6033 6661 5299 8845 11656 9977 5301 8663 3947

2368 1148 3204 4509 4028 2752 5457 3845 4791 2504 2396 2628 3220 3859 1838 2266 2285 3117 3299 2596 3680 2582 2296 4205 1779 2994 5115 2491 2189 5399 3046 2499 2838 4940 1446 2351 4642 3507 6634 4369 2035 2890 3943 2607 5984 6919 5919 3574 4385 1538

38119 28711 4914 17161 44553 7030 26409 19622 50450 35490 13876 9147 14977 9987 21848 35330 20546 15111 25670 37312 29954 23679 9828 13734 19303 6568 57472 8895 11180 22957 12390 7341 15489 21294 21806 22713 18992 16657 67393 15523 12297 23856 48568 27686 66066 66973 59161 44864 16203 22621

94158 75406 32372 11548 94124 35112 29982 21024 105322 79267 29681 21275 20071 28595 64292 80186 47630 25921 53179 95094 61702 69206 23096 42165 48700 24701 135170 25118 40527 60515 47246 30416 52911 19804 61669 53847 15191 17163 141838 16712 34762 49569 105288 76944 142841 137025 121516 110118 12183 58878

1432 1277 1715 1883 566 1580 2152 1577 838 876 1061 1250 1363 1923 1524 955 1016 1318 949 1655 814 1789 1133 2087 1015 1583 2005 1269 1379 2512 1815 1381 1823 2008 1383 947 1901 1497 1685 1925 1108 908 1169 1798 2040 1600 1240 2003 1836 1237

29389 21549 6421 15994 35203 3514 23701 16197 40108 27663 10383 7483 12332 10627 15840 27251 15232 12444 20193 28704 23757 17769 7029 12654 13919 6260 45474 6253 6966 20326 9090 4947 10956 19446 15805 17035 17517 13730 54202 15093 8371 18684 38375 21102 52622 53852 47354 34986 15197 16483

181956 151443 81972 45118 179349 86890 28499 43134 199791 153664 65767 58805 48555 75277 138615 155294 97584 53176 107361 187467 122469 147325 56998 99391 102384 68433 259515 65619 96429 131920 108338 78565 118381 37594 126439 108605 40319 50569 262507 54213 78328 100962 199791 160389 266358 256048 228497 214099 46244 120958

70158 56137 33391 20160 68960 32030 26544 6370 78353 57158 16770 13571 8861 34044 51550 57907 31390 10985 35882 72690 42824 57376 12741 45125 33595 25346 105796 16702 32220 60071 42892 24339 46527 21820 44649 36454 21085 12128 107171 24366 22542 32942 78353 60248 108940 104203 91544 84928 20704 42130

1719 1555 2020 2186 797 1877 2480 1869 697 1127 1324 1525 1646 2242 1817 1211 1359 1593 1205 1956 1061 2099 1395 2416 1275 1880 1940 1538 1663 2869 2127 1665 2135 2327 1668 1203 2218 1789 1599 2239 1374 1156 1050 2109 1977 1509 1125 2149 2144 1511

1038 879 1459 1709 1024 1320 1995 1402 1305 464 869 1050 1181 1674 1133 546 738 1134 1066 1268 1206 1406 928 1875 768 1323 1950 999 1145 2314 1562 1115 1500 1846 988 667 1736 1318 1983 1748 832 916 1087 1416 1986 2088 1720 1628 1668 837

282030 211282 141015 156813 275986 123980 205925 104130 324205 216434 12638 46089 66146 165880 198300 220212 86408 58178 109075 294806 144106 241573 25277 212999 97536 105504 461992 48149 106122 288418 178793 81738 185456 180442 162789 111960 161484 89774 468792 165811 55499 94239 323380 245901 477721 453818 389938 356556 149807 140603

50691 38013 17684 20961 51754 16554 32069 15322 59686 41572 8429 1231 9073 20938 32781 41335 20566 9254 24295 52228 30058 37595 2463 29549 19775 11074 79235 3830 16712 41956 25571 10170 28589 26227 28724 24385 23131 11333 83247 20927 10350 21854 59166 41335 84557 81009 70500 62387 19673 26656

87703 68425 38207 29484 86090 36375 42477 15319 98955 70203 15832 11526 5185 43485 62653 71210 35513 11563 41561 91111 50906 70496 10371 57448 38482 27377 135275 15741 36631 77569 50998 26021 55891 35788 53362 42330 30731 11599 137529 32581 23565 37602 98735 74362 139911 133534 116492 107586 27615 49972

8994 7014 1953 3076 10270 2400 5044 4089 11525 8342 3428 2289 3530 1217 5553 8308 5162 3558 5938 8844 6878 5947 2434 2672 4897 1741 13134 2275 3283 4634 3544 2352 4204 3955 5544 5623 3465 3423 15131 2520 3406 5551 11125 6799 14963 15041 13379 10451 2868 5718

22109 13806 17181 27575 34163 13983 36054 25399 39559 23393 16297 15828 21148 21809 7310 21709 15513 20779 22678 21463 25368 12569 14621 24038 11931 16866 39913 14091 11169 32479 15843 13360 14375 31372 9640 15974 29250 22701 52897 26598 12776 19787 33563 13114 48346 54681 47531 28374 26698 11815

16807 14001 25640 30561 19556 22905 35602 25154 24505 9679 15763 18421 21255 29433 18478 8135 13451 20437 19232 20868 21699 23300 16271 32126 12619 23236 35094 17533 19253 39867 26303 19556 24957 32986 15933 12196 31041 23680 36455 30709 14579 16581 19881 23476 36497 38302 31816 27205 29842 13261

10299 7390 7031 8472 10011 6048 10492 6305 12559 6963 2542 3918 4743 8551 6856 7119 1531 4415 4164 10825 5152 8788 3062 9992 2712 6068 17458 3782 5031 13093 7754 4593 8294 9443 5401 2666 8664 5714 17692 8842 2599 3101 11362 8989 17709 17551 14924 13365 8184 4483

175305 136474 78453 73100 171987 74683 92515 36644 198000 139301 27445 23562 23034 89311 126332 141375 67935 11423 80376 182317 99603 144881 22846 118038 74042 56173 274079 32233 75211 159433 104768 53383 114834 79433 107218 81959 75663 36305 280374 79396 45918 72233 198000 150423 282712 269592 234531 216209 69254 97680

14104 10872 9452 10186 10309 8668 12441 7754 12529 10040 3542 5082 6005 10597 10274 10214 4313 5638 2061 14718 4237 12438 4123 12767 5635 7817 21789 5177 8073 16239 11122 6723 11726 11267 8646 5230 10401 7099 19186 10594 5350 2795 14964 12662 22071 18497 15556 17561 9863 7618

4719 4738 8597 11897 10320 7583 14113 10500 12031 6905 7254 7875 9152 10064 5467 6371 7005 8870 9277 3656 10130 6729 7312 10878 5869 8497 9506 7622 6695 13554 8172 7390 7707 13238 5406 7151 12428 9845 15675 11583 6547 8360 10130 5845 12180 16314 14559 5847 11614 5613

2204 1718 1581 1691 1302 1463 2030 1326 1635 1593 693 924 1063 1760 1628 1619 733 1008 555 2296 390 1953 780 2079 931 1335 3066 939 1298 2600 1756 1171 1846 1853 1384 871 1722 1227 2673 1752 889 505 2041 1987 3108 2532 2090 2723 1643 1229

33087 23443 23170 37575 50155 19559 48702 36072 57236 36022 26166 23493 30494 29263 14919 33813 25682 30655 35084 31815 38614 11166 22333 29102 20982 23524 56025 21214 17380 40178 17905 20255 15978 42538 17975 26288 39775 32512 74738 35911 21002 31291 49368 15978 67091 77038 67697 40884 36405 20830

29547 21819 12087 14277 30208 10393 19877 9670 34960 23989 3801 2252 5847 14071 19650 23844 11199 6260 13471 30993 16984 22873 0 19319 10703 8017 46945 2293 10145 26881 15889 6157 17728 16757 16158 13513 14856 7665 50147 14257 4959 11984 34713 24051 50189 48040 41634 36675 13492 14897

19258 15154 4883 8660 22473 5240 12851 10822 25140 18677 8930 6798 9435 4715 11943 18148 11947 9496 14265 19106 16203 11616 7106 3553 10898 5631 28226 6684 7117 7725 6509 5973 7911 10537 11924 12593 9496 9405 33421 7486 7881 13444 24198 13429 31946 32615 29081 22522 8227 12293

32600 22120 24063 31410 36263 20115 39682 24603 43406 26098 11050 13644 18976 29538 20197 24684 10012 17796 19495 34493 23056 27157 10541 33424 5270 20594 59259 12362 14845 44597 26668 15282 26495 35297 14936 10622 32488 21866 64743 31379 8099 15669 41636 27879 64804 63420 53958 43640 30250 11650

19133 14415 4124 7502 21736 4258 12148 8180 24693 17191 5611 2952 5851 5337 11613 17111 9697 5918 11525 19369 13673 12852 3268 8547 9073 1634 29479 2801 5623 13172 7620 3075 8745 9583 10952 10784 8420 6693 33190 6967 5560 10615 23935 14794 33148 32667 28750 23156 7022 11361

175156 190444 281463 355282 238383 258749 406770 325852 225170 205569 253234 264755 294457 314332 211356 210756 242970 289434 287742 170788 273327 239639 248102 332568 222222 279224 124051 257875 238875 392519 271962 254436 261534 380835 205405 233251 365874 308872 262243 348348 234998 267212 177231 219819 183947 276549 279934 151733 352989 210046

31417 23339 11056 15023 33379 9282 22113 11424 38298 25597 5582 2430 7436 13292 19279 25460 12766 7551 15708 32571 19387 22351 1601 18629 11698 6794 49650 800 9022 26549 15038 4846 16963 18384 18146 14626 16408 8878 52990 15002 5683 14150 36827 24738 53033 52629 45921 39055 14201 16091

22292 15532 8585 15815 27305 6079 22449 14122 31534 21286 7458 6609 10790 12212 11525 20448 11037 10887 16351 22629 18460 14092 5916 13959 8953 7422 37089 5247 2958 20575 9380 4675 9917 18779 10579 12122 17129 11995 44699 15038 5121 14086 30040 16086 42325 43386 37782 28046 15128 11164

35887 29205 12480 18630 41122 13061 25455 22151 45465 34940 19069 15598 19892 12207 23976 34080 23982 19991 27757 35640 30912 23444 16099 10314 22275 13699 50490 15413 16118 8049 15128 14256 17411 21687 23945 25034 19991 19843 58502 16718 17362 26420 43931 26395 56547 57636 51882 41202 17925 24545

12035 8916 3727 7937 15528 2988 11116 8229 17556 12413 5826 4628 6632 5471 6476 11884 7270 6678 9817 11792 10828 6101 4440 5425 6843 4123 18722 4120 3693 8596 2220 3580 3285 9358 7288 8021 8567 7210 23593 7374 4435 8731 16331 7478 21757 23235 20550 14388 7608 8162

16816 12300 4673 8907 19038 3674 13346 7880 21863 14695 4330 2861 5655 6838 9623 14610 7526 5719 9982 17041 12034 11338 2398 8891 6931 3300 26701 1952 3900 13310 6886 1199 7961 10895 8991 8573 9784 6460 29982 8388 3574 9112 21992 12670 30199 29780 26037 20660 8448 9382

33291 24043 13451 25678 45466 10386 35106 25927 51477 34720 17347 15249 21192 18623 16808 32845 22433 21329 29985 32571 32982 15695 14693 18486 19385 13751 53121 13742 10951 27888 8982 12141 7346 30148 19402 23889 27802 22904 67566 24266 14025 26766 46032 19779 62514 69570 61607 40269 24685 21808

946126 772783 372672 171891 941607 399465 229188 203364 1052973 801673 322800 261306 229995 336196 681269 810550 496143 258078 549405 987768 631719 728398 261790 467575 512606 298912 1361570 298428 451435 644793 516318 354111 575875 130895 640112 556184 145421 201588 1394657 221440 377998 514543 1052973 803126 1415639 1359472 1209370 1121245 178024 610899

11074 6516 9745 14620 17265 8055 18070 12049 20125 11582 7198 7592 9802 12191 5780 10692 6792 9607 10578 11927 12000 8559 6353 13369 4891 8961 21336 7495 5951 17830 10200 7109 9514 16229 3176 7028 15116 10875 27174 14096 5378 9051 16956 8848 24582 28075 24330 15579 14222 4326

15829 11730 12055 14909 14887 10463 18181 11400 18098 9950 5307 7379 8870 14516 10865 10202 3806 8340 7557 17293 9159 13994 5984 16447 4154 10495 26946 6793 8459 21470 13235 8116 13697 16483 8500 2992 15221 10444 27326 15353 4886 5837 17073 14319 27353 27097 22842 21406 14443 7022

260549 211357 97602 40426 259264 105128 73603 59561 291477 219479 83331 65940 56946 87232 185247 222003 132614 73007 147849 269818 171160 198738 65986 124584 137295 76540 378755 76494 119995 174969 138442 92233 155375 45566 173638 149685 32993 48961 388070 54606 99025 137846 290926 219984 394035 378067 335391 310337 42170 165240

137814 108160 60774 37261 137095 58008 63568 27330 156514 113056 30982 20497 15076 61549 97731 114578 60691 24757 69875 142959 83983 109515 20525 84066 63513 44425 209073 26860 58395 114439 80082 42378 87468 46721 85421 70981 39142 10262 214743 41936 40442 63900 156127 117123 218284 208713 182987 167828 34439 80359

45190 41683 54470 59493 29821 51403 65177 52117 27688 32544 40378 44494 47243 59211 47631 34351 38581 46820 37823 48504 35461 53659 42775 64357 39250 51465 40960 44335 48318 73399 57395 46882 55712 61907 44450 37012 59475 50292 21387 60630 40660 36889 30385 54285 34060 23696 24243 45428 59070 41092

22574 17974 7146 4104 23542 8089 8618 6428 26371 19848 7822 5211 5621 5744 15256 19762 12226 7047 13579 22804 15670 16305 5658 9081 11939 5543 32644 6154 9417 13583 10795 6937 12308 6121 14604 13612 4997 4907 35329 2829 8519 12693 26231 18261 35444 34157 30344 26490 3636 14436

80057 56481 38011 53182 85773 30699 70728 39587 100523 63100 15801 16494 27925 49316 49862 62659 25677 26917 44210 82915 51564 61965 10086 58183 22567 30846 133135 13847 23134 81255 43390 19877 47404 61209 39209 31140 55409 33472 142906 53119 5043 36309 95817 63289 143032 141855 122313 103360 50787 35364

58028 43758 39723 42962 45043 36260 52917 32225 54677 40086 13627 20427 24504 44777 41119 40854 14800 22884 13348 60736 18235 50669 16196 54356 20636 32504 91957 20846 31401 69686 44861 27673 47528 47737 33928 18849 43884 29335 84235 44763 19379 8098 61825 51661 93199 81191 68206 73289 41538 29391

11687 10319 16111 18256 9625 14832 20714 15620 8793 7559 11041 12598 13719 17960 12502 7885 9913 13320 12732 13667 11825 14853 11550 19329 10071 15090 13193 12158 13052 23103 16310 14031 15654 19439 11261 9301 18490 14901 14420 18590 10725 11440 5775 15097 13994 15320 12357 14935 17905 9951

19812 14312 16981 25818 30875 14743 32575 23312 35262 22118 16250 16268 19856 20756 9331 20750 16000 19556 21825 17087 24012 9543 14550 20656 13087 17100 32087 14856 12481 27518 13718 14262 12525 28893 11225 16375 27181 21506 46393 24875 13050 19475 30675 7275 38943 47856 42043 22706 25093 12993

107792 115691 168663 190737 120397 157010 210766 169251 113618 103562 131938 144628 153760 185526 134768 109304 122750 150511 145721 113954 138325 149278 136084 193650 124879 163256 89976 141042 142499 224408 164573 150483 160511 200373 123367 117764 192641 163396 108212 193454 129361 135188 93057 139110 68042 115551 117288 104178 187935 125748

50320 46673 57109 60151 29943 53921 66703 53124 27725 37172 40919 45381 48057 62039 52583 39050 40589 46994 38262 53765 35074 58814 42605 65905 40553 53307 45922 46572 49175 75966 59473 49220 61003 63303 49184 38958 60774 51227 25572 61352 42752 37291 34927 59519 38748 21302 24143 50567 59235 45803

13547 12443 15576 16502 7348 14610 18481 14368 6676 9565 10672 12024 12834 17069 14205 10134 10572 12512 9867 15145 8902 16103 11183 18240 10561 14424 14940 12384 13172 21287 16292 13186 16755 17451 13197 10078 16686 13794 8777 16860 11227 9573 9046 16305 12767 8172 5591 17640 16219 12151

1568 1572 2542 3371 2975 2287 3928 3020 3140 2117 2205 2361 2682 2911 1756 1983 2142 2611 2713 1300 2927 2073 2174 3115 1857 2517 2006 2297 2064 3788 2435 2239 2318 3664 1740 2179 3495 2856 3556 3292 2072 2483 2603 1850 2678 3717 4040 1087 3300 1792

101089 81178 34056 14036 101528 37057 34221 24448 114155 85625 31329 21905 20807 29883 69009 86632 50983 27212 57059 102699 66392 74352 23899 44780 51935 25656 147937 26114 42986 64873 50343 31915 56510 23076 66429 57791 18025 17622 155129 16909 36673 53106 114118 82825 155275 148907 131888 119151 11949 63080

7969 4856 7095 9693 10916 5941 11999 7886 12864 7029 4190 4847 6351 8766 4903 6421 3907 6030 6493 8552 7464 6801 4001 9570 2614 6560 14979 4498 4503 12617 7978 5294 7448 10753 3124 4073 9987 7090 17673 9684 3335 5450 10694 6998 17196 18323 15742 11047 9376 2000

0 1 47874
0 2 56807
0 4 29820
0 5 25242
0 6 34856
0 8 42689
0 10 39009
0 11 59246
0 13 47280
0 14 14725
0 16 46564
0 17 12749
0 18 49040
0 21 10823
0 23 66995
0 24 15804
0 25 19953
0 26 35705
0 27 58709
0 29 23849
0 30 48655
0 31 39751
0 32 38219
0 33 53381
0 34 69565
0 35 47645
0 37 58380
0 38 47321
0 39 35077
0 41 40881
0 42 53400
0 43 41772
0 44 36262
0 45 60398
0 47 15405
0 48 30867
0 49 54529
1 2 26476
1 3 52287
1 4 13310
1 5 61808
1 6 54463
1 7 50041
1 8 26149
1 9 63126
1 11 40679
1 12 69282
1 13 62634
1 14 23404
1 16 63361
1 17 38181
1 18 57339
1 19 49907
1 20 69968
1 21 49576
1 22 57612
1 23 67258
1 24 56284
1 27 45624
1 28 56441
1 29 10959
1 30 44951
1 32 28701
1 33 36499
1 34 49314
1 36 33972
1 37 15693
1 38 26571
1 39 62068
1 40 68364
1 42 54648
1 44 10410
1 45 24654
1 46 43379
1 47 16585
1 49 49723
2 3 16443
2 4 25757
2 5 69669
2 6 56081
2 7 31164
2 9 29137
2 10 63776
2 11 26824
2 12 48502
2 13 24941
2 14 22380
2 15 12116
2 17 18702
2 18 15926
2 19 20176
2 20 17352
2 21 68127
2 22 51405
2 23 50044
2 24 53286
2 25 44411
2 27 61913
2 28 11730
2 29 69871
2 30 32033
2 33 44363
2 34 55555
2 35 25515
2 36 37685
2 37 64037
2 38 12363
2 39 21376
2 40 63807
2 42 69796
2 44 45914
2 48 18121
2 49 68128
3 7 61933
3 9 17448
3 10 62633
3 11 34908
3 12 47696
3 13 67629
3 14 18830
3 15 53182
3 16 35341
3 17 54541
3 18 18426
3 19 40764
3 20 15559
3 21 35977
3 22 50227
3 23 49836
3 24 68365
3 25 41635
3 26 68969
3 27 23603
3 28 57918
3 29 59989
3 30 58216
3 32 59909
3 33 36267
3 35 11157
3 36 57377
3 37 43292
3 38 40972
3 39 33123
3 40 24283
3 42 32270
3 44 65165
3 45 45487
3 47 35476
3 48 37300
4 5 63561
4 6 34177
4 7 38231
4 8 16187
4 10 25831
4 12 39350
4 14 29985
4 15 36389
4 16 26880
4 17 23773
4 18 57994
4 19 57463
4 20 59392
4 21 47525
4 22 54677
4 23 21480
4 24 25862
4 25 51708
4 26 67922
4 27 12195
4 28 13241
4 29 39242
4 30 45026
4 31 51834
4 32 18138
4 33 46637
4 34 15169
4 35 68658
4 36 37920
4 37 28216
4 38 33814
4 39 34470
4 40 65567
4 41 33852
4 42 26421
4 43 17139
4 45 22733
4 47 18364
4 48 11725
4 49 19387
5 6 11690
5 9 68174
5 10 46531
5 11 18389
5 12 45142
5 13 26374
5 14 25390
5 15 34198
5 16 28977
5 17 37826
5 18 30423
5 19 60885
5 21 38962
5 22 32938
5 24 60199
5 27 40988
5 29 49377
5 31 22237
5 32 33318
5 33 45270
5 35 40599
5 36 49970
5 37 61982
5 39 67122
5 40 54216
5 42 14245
5 43 40078
5 44 17539
5 45 56781
5 46 22270
5 47 32774
5 48 24748
6 7 28728
6 8 62066
6 10 33624
6 11 21706
6 12 60584
6 13 59080
6 14 21177
6 16 61774
6 17 27483
6 18 45593
6 21 10909
6 22 41528
6 23 21607
6 24 20338
6 25 39732
6 26 11207
6 27 12381
6 29 64339
6 31 29772
6 32 29618
6 33 43916
6 34 54727
6 35 65312
6 36 26391
6 37 15426
6 38 32872
6 40 20831
6 41 19780
6 42 66034
6 46 17126
6 47 55257
6 48 13024
6 49 42624
7 8 68054
7 9 56740
7 10 56996
7 11 25806
7 14 67040
7 16 66481
7 17 47193
7 19 19579
7 20 17067
7 21 55715
7 22 16322
7 23 23010
7 24 35057
7 25 54693
7 26 14879
7 28 38227
7 29 20755
7 30 44255
7 31 51359
7 32 65584
7 33 22369
7 35 10712
7 36 61604
7 37 64094
7 38 44677
7 39 67348
7 40 32467
7 41 56026
7 43 37257
7 47 37573
7 48 25391
7 49 31163
8 9 17850
8 12 65809
8 13 45687
8 15 16133
8 16 64235
8 18 28275
8 19 67190
8 20 22529
8 22 13827
8 23 49748
8 24 49803
8 25 23059
8 26 50715
8 27 46271
8 28 31061
8 29 58232
8 30 51641
8 31 49693
8 32 59434
8 33 40676
8 34 62203
8 35 67762
8 36 34927
8 37 27119
8 38 39051
8 39 36422
8 41 49481
8 42 19838
8 43 23546
8 45 53148
8 46 29729
8 47 12490
8 48 58915
8 49 19702
9 11 48257
9 12 60258
9 13 66916
9 14 14585
9 15 58835
9 17 44041
9 18 54278
9 19 26767
9 20 11214
9 21 68756
9 22 19521
9 24 58363
9 25 20770
9 27 16714
9 28 52220
9 30 39686
9 31 29179
9 32 60347
9 33 34781
9 34 52055
9 35 25774
9 36 34828
9 37 40937
9 38 23693
9 39 16081
9 40 23506
9 41 49144
9 42 21085
9 43 53695
9 46 65970
9 48 25149
9 49 11071
10 11 65827
10 12 27923
10 13 58342
10 14 38717
10 16 35277
10 17 56588
10 19 10094
10 20 27352
10 21 59593
10 22 67123
10 23 24843
10 24 52138
10 25 16598
10 28 19507
10 29 26590
10 30 39674
10 31 25078
10 32 54564
10 33 10021
10 34 66602
10 35 62449
10 36 56240
10 38 45833
10 39 53599
10 42 50491
10 43 32424
10 44 16680
10 46 42466
10 47 13773
10 48 50673
10 49 23236
11 12 51570
11 14 48172
11 15 54631
11 16 53581
11 17 44050
11 18 63751
11 19 64120
11 20 19827
11 21 30985
11 22 11447
11 23 25050
11 25 24439
11 26 61329
11 27 59470
11 28 43053
11 29 64175
11 30 55565
11 31 19866
11 32 57802
11 33 29892
11 35 23894
11 36 65018
11 37 35005
11 38 42325
11 39 66373
11 40 26946
11 41 48167
11 42 46890
11 44 27807
11 45 41724
11 46 30623
11 47 26203
11 48 13131
11 49 33845
12 13 10278
12 14 59622
12 15 52323
12 16 49325
12 17 55669
12 18 17403
12 19 45427
12 21 20288
12 25 38935
12 26 58700
12 27 59041
12 28 42751
12 29 31612
12 31 31890
12 32 27522
12 33 36224
12 34 38239
12 35 39239
12 36 31010
12 38 60327
12 40 66533
12 43 27738
12 44 68304
12 45 14201
12 46 26399
12 47 47524
12 48 46978
12 49 19602
13 14 58328
13 17 59433
13 18 49640
13 19 68650
13 20 10771
13 22 43656
13 24 16908
13 25 68201
13 26 14095
13 27 31123
13 29 44999
13 30 11163
13 34 17975
13 35 38366
13 36 40101
13 38 38751
13 39 31328
13 41 64984
13 42 49763
13 43 63109
13 44 29808
13 45 26720
13 46 64051
13 47 62283
13 49 49401
14 15 60437
14 16 66722
14 17 65918
14 18 53330
14 19 61040
14 21 22368
14 22 69496
14 23 50105
14 24 31949
14 25 39929
14 26 40419
14 27 21746
14 28 13906
14 29 51068
14 31 39815
14 32 57335
14 33 35992
14 36 69881
14 38 12655
14 39 51550
14 41 68008
14 42 28789
14 43 34044
14 44 11642
14 45 34997
14 46 60951
14 47 53533
15 17 35200
15 18 38385
15 19 59612
15 22 10871
15 24 28773
15 25 21296
15 26 66312
15 27 58004
15 28 29688
15 29 53754
15 30 14816
15 31 36416
15 33 14281
15 35 39482
15 36 41467
15 37 30254
15 39 44280
15 40 69019
15 41 27875
15 42 22738
15 43 67529
15 46 25216
15 47 47992
15 49 35402
16 17 64529
16 18 16951
16 19 39172
16 20 49573
16 21 13424
16 23 25102
16 24 44323
16 25 21901
16 26 38042
16 27 36854
16 28 30167
16 29 66161
16 30 60879
16 32 67059
16 34 61589
16 35 67609
16 36 17523
16 37 26446
16 40 29735
16 41 49438
16 42 42099
16 43 32608
16 44 25979
16 47 61682
16 49 52562
17 18 45869
17 19 43697
17 20 17562
17 23 65923
17 24 47234
17 25 11053
17 26 22876
17 27 55650
17 28 48425
17 30 24918
17 31 41710
17 32 28170
17 33 14266
17 34 52307
17 35 64625
17 38 52195
17 39 67993
17 41 18875
17 43 19928
17 44 36092
17 45 31134
17 46 17383
17 49 13796
18 19 25637
18 20 69434
18 21 50722
18 23 21699
18 25 19204
18 26 20917
18 27 24255
18 28 62424
18 29 30559
18 30 16308
18 31 64959
18 32 18734
18 34 46712
18 35 52067
18 37 50386
18 38 59242
18 39 40280
18 40 19160
18 42 64716
18 43 55234
18 45 62578
18 47 59489
18 48 48369
18 49 14354
19 20 67578
19 21 30434
19 22 54046
19 23 57044
19 25 69231
19 26 63051
19 27 36530
19 28 62518
19 29 19631
19 34 52234
19 35 50853
19 36 35760
19 37 65982
19 38 37275
19 40 47918
19 41 53562
19 42 22814
19 43 34193
19 44 18557
19 45 64675
19 46 32575
19 47 43104
19 48 40661
19 49 14702
20 21 49586
20 22 49231
20 25 13549
20 26 58908
20 27 40486
20 28 28362
20 29 61788
20 30 15906
20 32 60815
20 33 63996
20 34 54967
20 37 42884
20 38 49041
20 39 47034
20 40 56846
20 42 42127
20 43 61115
20 46 34214
20 48 26002
20 49 64260
21 22 55000
21 23 40728
21 25 25695
21 26 22162
21 27 24103
21 28 51779
21 29 56644
21 30 18564
21 31 24604
21 33 15719
21 35 37321
21 37 62027
21 38 36662
21 41 54066
21 42 37010
21 43 12110
21 44 54646
21 45 45037
21 46 56627
21 47 27253
21 48 15319
21 49 36848
22 24 42568
22 25 33433
22 26 25437
22 27 38268
22 28 17431
22 29 35771
22 30 44973
22 31 68808
22 32 47945
22 33 38456
22 34 64778
22 35 15773
22 36 26317
22 37 19556
22 38 31218
22 39 35416
22 40 31415
22 41 40027
22 42 39618
22 43 33288
22 46 18846
22 47 11246
23 24 13748
23 25 44690
23 27 26815
23 28 14527
23 29 22320
23 30 42404
23 31 57464
23 32 52006
23 34 65210
23 35 17217
23 36 65684
23 37 30261
23 38 43299
23 39 58537
23 40 59756
23 41 40429
23 42 37164
23 43 27613
23 44 33166
23 45 52248
23 46 23907
23 47 42677
23 48 67549
23 49 35371
24 25 37626
24 26 33961
24 28 30575
24 29 61364
24 30 62731
24 31 18191
24 33 18989
24 34 57125
24 35 28461
24 36 18105
24 37 41857
24 38 26253
24 39 24814
24 40 12581
24 41 29266
24 43 29579
24 45 50154
24 46 57612
24 47 13148
24 48 29484
25 26 14825
25 27 58577
25 28 17863
25 30 54925
25 31 60602
25 33 51768
25 34 13249
25 35 33302
25 36 46488
25 38 66383
25 39 36449
25 40 44330
25 41 63312
25 42 16819
25 43 68640
25 44 29693
25 45 50437
25 46 45009
25 47 24695
25 48 25596
26 27 29633
26 28 64741
26 29 14774
26 31 30806
26 32 47910
26 33 34312
26 34 39558
26 35 16054
26 36 22388
26 37 18951
26 38 33818
26 39 49699
26 40 37455
26 41 47143
26 42 56109
26 44 51073
26 45 68324
26 46 45901
26 47 53006
26 48 24756
26 49 14177
27 28 22524
27 30 35253
27 32 20557
27 35 68675
27 38 49295
27 39 61882
27 40 35842
27 41 51194
27 43 27095
27 44 24513
27 45 62121
27 46 23842
27 47 20003
27 48 51223
27 49 68890
28 29 32165
28 30 44996
28 31 62893
28 33 68666
28 34 48078
28 35 15668
28 36 69856
28 37 50792
28 38 26661
28 39 55876
28 40 56630
28 41 50168
28 42 39710
28 43 69674
28 44 37406
28 45 49836
28 46 65399
28 48 18898
28 49 59537
29 31 26437
29 33 26293
29 34 51420
29 35 46293
29 36 43532
29 37 32559
29 38 29139
29 39 32949
29 40 50684
29 41 25062
29 43 23039
29 44 21459
29 45 15385
29 46 63446
29 47 47739
29 49 48367
30 31 33127
30 32 60186
30 33 42068
30 34 48392
30 35 63310
30 36 21989
30 37 55187
30 38 43231
30 39 63761
30 41 60247
30 42 63550
30 43 68883
30 44 61766
30 45 19584
30 46 61341
30 48 33832
30 49 64162
31 32 48722
31 34 18384
31 35 25220
31 36 61626
31 37 44227
31 38 48006
31 39 40572
31 40 55766
31 41 46590
31 42 33823
31 43 20327
31 44 46323
31 45 68225
31 46 11852
31 49 61952
32 33 47335
32 36 47684
32 37 46800
32 38 35835
32 39 62531
32 40 65765
32 41 66882
32 42 22002
32 43 23416
32 44 16817
32 45 10349
32 46 43508
32 48 45087
32 49 32928
33 34 59992
33 36 28899
33 37 46457
33 39 12293
33 40 64448
33 41 52623
33 42 41935
33 43 31099
33 45 29780
33 47 30129
33 48 50699
33 49 34532
34 35 21339
34 36 60415
34 37 57077
34 38 42934
34 39 52074
34 40 36295
34 41 61844
34 42 65772
34 43 16192
34 45 13643
34 47 33423
34 48 36793
34 49 61475
35 36 28586
35 37 45982
35 38 26172
35 40 49601
35 41 63246
35 42 36792
35 43 16626
35 44 36427
35 45 29636
35 46 19913
35 47 25749
35 48 66749
35 49 59683
36 37 48496
36 38 32496
36 40 61208
36 41 57154
36 42 47423
36 43 56982
36 45 37313
36 46 45296
36 47 22798
36 48 60365
36 49 25322
37 38 66131
37 39 36539
37 40 29127
37 41 33901
37 43 32749
37 44 53040
37 45 17343
37 46 67689
37 48 31023
38 39 34689
38 40 36373
38 41 54992
38 42 35346
38 43 29771
38 45 37195
38 46 52790
38 48 53043
39 41 62967
39 44 59193
39 45 67781
39 46 61166
39 48 25855
39 49 30657
40 41 68227
40 42 38886
40 44 17216
40 45 34777
40 47 57452
40 48 54100
40 49 31839
41 42 23422
41 44 60085
41 45 38839
41 46 43237
41 47 38907
41 48 22212
41 49 34529
42 43 26721
42 45 18726
42 48 34698
42 49 25346
43 46 18957
43 47 35690
44 46 68881
44 47 46682
44 48 35936
44 49 45991
45 46 34083
45 47 40253
46 47 35883
46 49 50172
48 49 38685
