50 50 1225
25000 25000 25000 25000 25000 25000 25000 25000 25000 25000 25000 25000 25000 25000 25000 25000 25000 25000 25000 25000 25000 25000 0 25000 25000 25000 25000 25000 25000 25000 25000 25000 25000 25000 25000 25000 25000 25000 25000 25000 25000 25000 25000 25000 25000 25000 25000 25000 25000 25000
2609 3292 6739 8933 6803 5984 10355 7650 8084 4246 5219 5776 6641 7816 4374 3847 5033 6429 6719 3660 7358 5396 5219 8345 4182 6387 7391 5542 5038 10349 6400 5558 6051 9568 3792 4898 9064 7159 11178 8697 4781 6033 6661 5299 8845 11656 9977 5301 8663 3947

2368 1148 3204 4509 4028 2752 5457 3845 4791 2504 2396 2628 3220 3859 1838 2266 2285 3117 3299 2596 3680 2582 2296 4205 1779 2994 5115 2491 2189 5399 3046 2499 2838 4940 1446 2351 4642 3507 6634 4369 2035 2890 3943 2607 5984 6919 5919 3574 4385 1538

38119 28711 4914 17161 44553 7030 26409 19622 50450 35490 13876 9147 14977 9987 21848 35330 20546 15111 25670 37312 29954 23679 9828 13734 19303 6568 57472 8895 11180 22957 12390 7341 15489 21294 21806 22713 18992 16657 67393 15523 12297 23856 48568 27686 66066 66973 59161 44864 16203 22621

94158 75406 32372 11548 94124 35112 29982 21024 105322 79267 29681 21275 20071 28595 64292 80186 47630 25921 53179 95094 61702 69206 23096 42165 48700 24701 135170 25118 40527 60515 47246 30416 52911 19804 61669 53847 15191 17163 141838 16712 34762 49569 105288 76944 142841 137025 121516 110118 12183 58878

1432 1277 1715 1883 566 1580 2152 1577 838 876 1061 1250 1363 1923 1524 955 1016 1318 949 1655 814 1789 1133 2087 1015 1583 2005 1269 1379 2512 1815 1381 1823 2008 1383 947 1901 1497 1685 1925 1108 908 1169 1798 2040 1600 1240 2003 1836 1237

29389 21549 6421 15994 35203 3514 23701 16197 40108 27663 10383 7483 12332 10627 15840 27251 15232 12444 20193 28704 23757 17769 7029 12654 13919 6260 45474 6253 6966 20326 9090 4947 10956 19446 15805 17035 17517 13730 54202 15093 8371 18684 38375 21102 52622 53852 47354 34986 15197 16483

181956 151443 81972 45118 179349 86890 28499 43134 199791 153664 65767 58805 48555 75277 138615 155294 97584 53176 107361 187467 122469 147325 56998 99391 102384 68433 259515 65619 96429 131920 108338 78565 118381 37594 126439 108605 40319 50569 262507 54213 78328 100962 199791 160389 266358 256048 228497 214099 46244 120958

70158 56137 33391 20160 68960 32030 26544 6370 78353 57158 16770 13571 8861 34044 51550 57907 31390 10985 35882 72690 42824 57376 12741 45125 33595 25346 105796 16702 32220 60071 42892 24339 46527 21820 44649 36454 21085 12128 107171 24366 22542 32942 78353 60248 108940 104203 91544 84928 20704 42130

1719 1555 2020 2186 797 1877 2480 1869 697 1127 1324 1525 1646 2242 1817 1211 1359 1593 1205 1956 1061 2099 1395 2416 1275 1880 1940 1538 1663 2869 2127 1665 2135 2327 1668 1203 2218 1789 1599 2239 1374 1156 1050 2109 1977 1509 1125 2149 2144 1511

1038 879 1459 1709 1024 1320 1995 1402 1305 464 869 1050 1181 1674 1133 546 738 1134 1066 1268 1206 1406 928 1875 768 1323 1950 999 1145 2314 1562 1115 1500 1846 988 667 1736 1318 1983 1748 832 916 1087 1416 1986 2088 1720 1628 1668 837

282030 211282 141015 156813 275986 123980 205925 104130 324205 216434 12638 46089 66146 165880 198300 220212 86408 58178 109075 294806 144106 241573 25277 212999 97536 105504 461992 48149 106122 288418 178793 81738 185456 180442 162789 111960 161484 89774 468792 165811 55499 94239 323380 245901 477721 453818 389938 356556 149807 140603

50691 38013 17684 20961 51754 16554 32069 15322 59686 41572 8429 1231 9073 20938 32781 41335 20566 9254 24295 52228 30058 37595 2463 29549 19775 11074 79235 3830 16712 41956 25571 10170 28589 26227 28724 24385 23131 11333 83247 20927 10350 21854 59166 41335 84557 81009 70500 62387 19673 26656

87703 68425 38207 29484 86090 36375 42477 15319 98955 70203 15832 11526 5185 43485 62653 71210 35513 11563 41561 91111 50906 70496 10371 57448 38482 27377 135275 15741 36631 77569 50998 26021 55891 35788 53362 42330 30731 11599 137529 32581 23565 37602 98735 74362 139911 133534 116492 107586 27615 49972

8994 7014 1953 3076 10270 2400 5044 4089 11525 8342 3428 2289 3530 1217 5553 8308 5162 3558 5938 8844 6878 5947 2434 2672 4897 1741 13134 2275 3283 4634 3544 2352 4204 3955 5544 5623 3465 3423 15131 2520 3406 5551 11125 6799 14963 15041 13379 10451 2868 5718

22109 13806 17181 27575 34163 13983 36054 25399 39559 23393 16297 15828 21148 21809 7310 21709 15513 20779 22678 21463 25368 12569 14621 24038 11931 16866 39913 14091 11169 32479 15843 13360 14375 31372 9640 15974 29250 22701 52897 26598 12776 19787 33563 13114 48346 54681 47531 28374 26698 11815

16807 14001 25640 30561 19556 22905 35602 25154 24505 9679 15763 18421 21255 29433 18478 8135 13451 20437 19232 20868 21699 23300 16271 32126 12619 23236 35094 17533 19253 39867 26303 19556 24957 32986 15933 12196 31041 23680 36455 30709 14579 16581 19881 23476 36497 38302 31816 27205 29842 13261

10299 7390 7031 8472 10011 6048 10492 6305 12559 6963 2542 3918 4743 8551 6856 7119 1531 4415 4164 10825 5152 8788 3062 9992 2712 6068 17458 3782 5031 13093 7754 4593 8294 9443 5401 2666 8664 5714 17692 8842 2599 3101 11362 8989 17709 17551 14924 13365 8184 4483

175305 136474 78453 73100 171987 74683 92515 36644 198000 139301 27445 23562 23034 89311 126332 141375 67935 11423 80376 182317 99603 144881 22846 118038 74042 56173 274079 32233 75211 159433 104768 53383 114834 79433 107218 81959 75663 36305 280374 79396 45918 72233 198000 150423 282712 269592 234531 216209 69254 97680

14104 10872 9452 10186 10309 8668 12441 7754 12529 10040 3542 5082 6005 10597 10274 10214 4313 5638 2061 14718 4237 12438 4123 12767 5635 7817 21789 5177 8073 16239 11122 6723 11726 11267 8646 5230 10401 7099 19186 10594 5350 2795 14964 12662 22071 18497 15556 17561 9863 7618

4719 4738 8597 11897 10320 7583 14113 10500 12031 6905 7254 7875 9152 10064 5467 6371 7005 8870 9277 3656 10130 6729 7312 10878 5869 8497 9506 7622 6695 13554 8172 7390 7707 13238 5406 7151 12428 9845 15675 11583 6547 8360 10130 5845 12180 16314 14559 5847 11614 5613

2204 1718 1581 1691 1302 1463 2030 1326 1635 1593 693 924 1063 1760 1628 1619 733 1008 555 2296 390 1953 780 2079 931 1335 3066 939 1298 2600 1756 1171 1846 1853 1384 871 1722 1227 2673 1752 889 505 2041 1987 3108 2532 2090 2723 1643 1229

33087 23443 23170 37575 50155 19559 48702 36072 57236 36022 26166 23493 30494 29263 14919 33813 25682 30655 35084 31815 38614 11166 22333 29102 20982 23524 56025 21214 17380 40178 17905 20255 15978 42538 17975 26288 39775 32512 74738 35911 21002 31291 49368 15978 67091 77038 67697 40884 36405 20830

29547 21819 12087 14277 30208 10393 19877 9670 34960 23989 3801 2252 5847 14071 19650 23844 11199 6260 13471 30993 16984 22873 0 19319 10703 8017 46945 2293 10145 26881 15889 6157 17728 16757 16158 13513 14856 7665 50147 14257 4959 11984 34713 24051 50189 48040 41634 36675 13492 14897

19258 15154 4883 8660 22473 5240 12851 10822 25140 18677 8930 6798 9435 4715 11943 18148 11947 9496 14265 19106 16203 11616 7106 3553 10898 5631 28226 6684 7117 7725 6509 5973 7911 10537 11924 12593 9496 9405 33421 7486 7881 13444 24198 13429 31946 32615 29081 22522 8227 12293

32600 22120 24063 31410 36263 20115 39682 24603 43406 26098 11050 13644 18976 29538 20197 24684 10012 17796 19495 34493 23056 27157 10541 33424 5270 20594 59259 12362 14845 44597 26668 15282 26495 35297 14936 10622 32488 21866 64743 31379 8099 15669 41636 27879 64804 63420 53958 43640 30250 11650

19133 14415 4124 7502 21736 4258 12148 8180 24693 17191 5611 2952 5851 5337 11613 17111 9697 5918 11525 19369 13673 12852 3268 8547 9073 1634 29479 2801 5623 13172 7620 3075 8745 9583 10952 10784 8420 6693 33190 6967 5560 10615 23935 14794 33148 32667 28750 23156 7022 11361

175156 190444 281463 355282 238383 258749 406770 325852 225170 205569 253234 264755 294457 314332 211356 210756 242970 289434 287742 170788 273327 239639 248102 332568 222222 279224 124051 257875 238875 392519 271962 254436 261534 380835 205405 233251 365874 308872 262243 348348 234998 267212 177231 219819 183947 276549 279934 151733 352989 210046

31417 23339 11056 15023 33379 9282 22113 11424 38298 25597 5582 2430 7436 13292 19279 25460 12766 7551 15708 32571 19387 22351 1601 18629 11698 6794 49650 800 9022 26549 15038 4846 16963 18384 18146 14626 16408 8878 52990 15002 5683 14150 36827 24738 53033 52629 45921 39055 14201 16091

22292 15532 8585 15815 27305 6079 22449 14122 31534 21286 7458 6609 10790 12212 11525 20448 11037 10887 16351 22629 18460 14092 5916 13959 8953 7422 37089 5247 2958 20575 9380 4675 9917 18779 10579 12122 17129 11995 44699 15038 5121 14086 30040 16086 42325 43386 37782 28046 15128 11164

35887 29205 12480 18630 41122 13061 25455 22151 45465 34940 19069 15598 19892 12207 23976 34080 23982 19991 27757 35640 30912 23444 16099 10314 22275 13699 50490 15413 16118 8049 15128 14256 17411 21687 23945 25034 19991 19843 58502 16718 17362 26420 43931 26395 56547 57636 51882 41202 17925 24545

12035 8916 3727 7937 15528 2988 11116 8229 17556 12413 5826 4628 6632 5471 6476 11884 7270 6678 9817 11792 10828 6101 4440 5425 6843 4123 18722 4120 3693 8596 2220 3580 3285 9358 7288 8021 8567 7210 23593 7374 4435 8731 16331 7478 21757 23235 20550 14388 7608 8162

16816 12300 4673 8907 19038 3674 13346 7880 21863 14695 4330 2861 5655 6838 9623 14610 7526 5719 9982 17041 12034 11338 2398 8891 6931 3300 26701 1952 3900 13310 6886 1199 7961 10895 8991 8573 9784 6460 29982 8388 3574 9112 21992 12670 30199 29780 26037 20660 8448 9382

33291 24043 13451 25678 45466 10386 35106 25927 51477 34720 17347 15249 21192 18623 16808 32845 22433 21329 29985 32571 32982 15695 14693 18486 19385 13751 53121 13742 10951 27888 8982 12141 7346 30148 19402 23889 27802 22904 67566 24266 14025 26766 46032 19779 62514 69570 61607 40269 24685 21808

946126 772783 372672 171891 941607 399465 229188 203364 1052973 801673 322800 261306 229995 336196 681269 810550 496143 258078 549405 987768 631719 728398 261790 467575 512606 298912 1361570 298428 451435 644793 516318 354111 575875 130895 640112 556184 145421 201588 1394657 221440 377998 514543 1052973 803126 1415639 1359472 1209370 1121245 178024 610899

11074 6516 9745 14620 17265 8055 18070 12049 20125 11582 7198 7592 9802 12191 5780 10692 6792 9607 10578 11927 12000 8559 6353 13369 4891 8961 21336 7495 5951 17830 10200 7109 9514 16229 3176 7028 15116 10875 27174 14096 5378 9051 16956 8848 24582 28075 24330 15579 14222 4326

15829 11730 12055 14909 14887 10463 18181 11400 18098 9950 5307 7379 8870 14516 10865 10202 3806 8340 7557 17293 9159 13994 5984 16447 4154 10495 26946 6793 8459 21470 13235 8116 13697 16483 8500 2992 15221 10444 27326 15353 4886 5837 17073 14319 27353 27097 22842 21406 14443 7022

260549 211357 97602 40426 259264 105128 73603 59561 291477 219479 83331 65940 56946 87232 185247 222003 132614 73007 147849 269818 171160 198738 65986 124584 137295 76540 378755 76494 119995 174969 138442 92233 155375 45566 173638 149685 32993 48961 388070 54606 99025 137846 290926 219984 394035 378067 335391 310337 42170 165240

137814 108160 60774 37261 137095 58008 63568 27330 156514 113056 30982 20497 15076 61549 97731 114578 60691 24757 69875 142959 83983 109515 20525 84066 63513 44425 209073 26860 58395 114439 80082 42378 87468 46721 85421 70981 39142 10262 214743 41936 40442 63900 156127 117123 218284 208713 182987 167828 34439 80359

45190 41683 54470 59493 29821 51403 65177 52117 27688 32544 40378 44494 47243 59211 47631 34351 38581 46820 37823 48504 35461 53659 42775 64357 39250 51465 40960 44335 48318 73399 57395 46882 55712 61907 44450 37012 59475 50292 21387 60630 40660 36889 30385 54285 34060 23696 24243 45428 59070 41092

22574 17974 7146 4104 23542 8089 8618 6428 26371 19848 7822 5211 5621 5744 15256 19762 12226 7047 13579 22804 15670 16305 5658 9081 11939 5543 32644 6154 9417 13583 10795 6937 12308 6121 14604 13612 4997 4907 35329 2829 8519 12693 26231 18261 35444 34157 30344 26490 3636 14436

80057 56481 38011 53182 85773 30699 70728 39587 100523 63100 15801 16494 27925 49316 49862 62659 25677 26917 44210 82915 51564 61965 10086 58183 22567 30846 133135 13847 23134 81255 43390 19877 47404 61209 39209 31140 55409 33472 142906 53119 5043 36309 95817 63289 143032 141855 122313 103360 50787 35364

58028 43758 39723 42962 45043 36260 52917 32225 54677 40086 13627 20427 24504 44777 41119 40854 14800 22884 13348 60736 18235 50669 16196 54356 20636 32504 91957 20846 31401 69686 44861 27673 47528 47737 33928 18849 43884 29335 84235 44763 19379 8098 61825 51661 93199 81191 68206 73289 41538 29391

11687 10319 16111 18256 9625 14832 20714 15620 8793 7559 11041 12598 13719 17960 12502 7885 9913 13320 12732 13667 11825 14853 11550 19329 10071 15090 13193 12158 13052 23103 16310 14031 15654 19439 11261 9301 18490 14901 14420 18590 10725 11440 5775 15097 13994 15320 12357 14935 17905 9951

19812 14312 16981 25818 30875 14743 32575 23312 35262 22118 16250 16268 19856 20756 9331 20750 16000 19556 21825 17087 24012 9543 14550 20656 13087 17100 32087 14856 12481 27518 13718 14262 12525 28893 11225 16375 27181 21506 46393 24875 13050 19475 30675 7275 38943 47856 42043 22706 25093 12993

107792 115691 168663 190737 120397 157010 210766 169251 113618 103562 131938 144628 153760 185526 134768 109304 122750 150511 145721 113954 138325 149278 136084 193650 124879 163256 89976 141042 142499 224408 164573 150483 160511 200373 123367 117764 192641 163396 108212 193454 129361 135188 93057 139110 68042 115551 117288 104178 187935 125748

50320 46673 57109 60151 29943 53921 66703 53124 27725 37172 40919 45381 48057 62039 52583 39050 40589 46994 38262 53765 35074 58814 42605 65905 40553 53307 45922 46572 49175 75966 59473 49220 61003 63303 49184 38958 60774 51227 25572 61352 42752 37291 34927 59519 38748 21302 24143 50567 59235 45803

13547 12443 15576 16502 7348 14610 18481 14368 6676 9565 10672 12024 12834 17069 14205 10134 10572 12512 9867 15145 8902 16103 11183 18240 10561 14424 14940 12384 13172 21287 16292 13186 16755 17451 13197 10078 16686 13794 8777 16860 11227 9573 9046 16305 12767 8172 5591 17640 16219 12151

1568 1572 2542 3371 2975 2287 3928 3020 3140 2117 2205 2361 2682 2911 1756 1983 2142 2611 2713 1300 2927 2073 2174 3115 1857 2517 2006 2297 2064 3788 2435 2239 2318 3664 1740 2179 3495 2856 3556 3292 2072 2483 2603 1850 2678 3717 4040 1087 3300 1792

101089 81178 34056 14036 101528 37057 34221 24448 114155 85625 31329 21905 20807 29883 69009 86632 50983 27212 57059 102699 66392 74352 23899 44780 51935 25656 147937 26114 42986 64873 50343 31915 56510 23076 66429 57791 18025 17622 155129 16909 36673 53106 114118 82825 155275 148907 131888 119151 11949 63080

7969 4856 7095 9693 10916 5941 11999 7886 12864 7029 4190 4847 6351 8766 4903 6421 3907 6030 6493 8552 7464 6801 4001 9570 2614 6560 14979 4498 4503 12617 7978 5294 7448 10753 3124 4073 9987 7090 17673 9684 3335 5450 10694 6998 17196 18323 15742 11047 9376 2000

0 1 47874
0 2 56807
0 3 64653
0 4 31478
0 5 32052
0 6 58163
0 7 42689
0 8 34815
0 9 35140
0 10 24299
0 11 47280
0 12 14725
0 13 38394
0 14 24063
0 15 66509
0 16 47664
0 17 29557
0 18 57266
0 19 66995
0 20 15804
0 21 19953
0 22 35705
0 23 58709
0 24 58003
0 25 26119
0 26 33494
0 27 24986
0 28 55502
0 29 51136
0 30 32482
0 31 24957
0 32 58380
0 33 47321
0 34 35077
0 35 67095
0 36 39715
0 37 47553
0 38 12394
0 39 68645
0 40 50111
0 41 15405
0 42 30867
0 43 54529
0 44 26476
0 45 52287
0 46 13310
0 47 61808
0 48 54463
0 49 50041
1 2 26149
1 3 63126
1 4 30536
1 5 63989
1 6 66941
1 7 36032
1 8 53750
1 9 63361
1 10 38181
1 11 57339
1 12 49907
1 13 69968
1 14 49576
1 15 57612
1 16 67258
1 17 56284
1 18 14789
1 19 45624
1 20 56441
1 21 10959
1 22 44951
1 23 43138
1 24 44781
1 25 46022
1 26 50742
1 27 33972
1 28 15693
1 29 26571
1 30 62068
1 31 68364
1 32 41836
1 33 25438
1 34 10410
1 35 24654
1 36 43379
1 37 16585
1 38 65309
1 39 13383
1 40 52575
1 41 55757
1 42 25471
1 43 66670
1 44 56373
1 45 29137
1 46 63776
1 47 26824
1 48 48502
1 49 24941
2 3 22380
2 4 12116
2 5 44265
2 6 40441
2 7 34777
2 8 22369
2 9 35934
2 10 53373
2 11 30560
2 12 48922
2 13 15989
2 14 68080
2 15 61913
2 16 11730
2 17 69871
2 18 32033
2 19 68971
2 20 44363
2 21 55555
2 22 25515
2 23 37685
2 24 64037
2 25 12363
2 26 21376
2 27 63807
2 28 16210
2 29 34710
2 30 45914
2 31 41898
2 32 46095
2 33 17021
2 34 66725
2 35 68630
2 36 61933
2 37 34948
2 38 40870
2 39 45332
2 40 56252
2 41 48671
2 42 46972
2 43 34279
2 44 18626
2 45 10176
2 46 64669
2 47 68538
2 48 62900
2 49 15245
3 4 57903
3 5 43417
3 6 10764
3 7 33636
3 8 37351
3 9 42895
3 10 23017
3 11 57584
3 12 66748
3 13 19523
3 14 59909
3 15 36267
3 16 64477
3 17 61695
3 18 53068
3 19 59706
3 20 23519
3 21 57160
3 22 67841
3 23 32270
3 24 56118
3 25 25147
3 26 53083
3 27 35476
3 28 37300
3 29 31558
3 30 43754
3 31 24492
3 32 35335
3 33 61961
3 34 25831
3 35 25727
3 36 51143
3 37 29985
3 38 36389
3 39 26880
3 40 23773
3 41 57994
3 42 57463
3 43 59392
3 44 47525
3 45 54677
3 46 21480
3 47 25862
3 48 51708
3 49 67922
4 5 12195
4 6 13241
4 7 39242
4 8 45026
4 9 51834
4 10 18138
4 11 46637
4 12 15169
4 13 68658
4 14 37920
4 15 28216
4 16 33814
4 17 34470
4 18 65567
4 19 33852
4 20 26421
4 21 17139
4 22 32089
4 23 29241
4 24 18364
4 25 11725
4 26 19387
4 27 11690
4 28 25167
4 29 68174
4 30 46531
4 31 18389
4 32 45142
4 33 26374
4 34 25390
4 35 34198
4 36 28977
4 37 37826
4 38 30423
4 39 60885
4 40 47199
4 41 67994
4 42 53676
4 43 60199
4 44 10033
4 45 40988
4 46 27467
4 47 59614
4 48 22237
4 49 33318
5 6 45270
5 7 45792
5 8 41558
5 9 58017
5 10 13390
5 11 67122
5 12 54216
5 13 49879
5 14 41153
5 15 25793
5 16 64803
5 17 66808
5 18 36158
5 19 14879
5 20 15115
5 21 28728
5 22 62066
5 23 57337
5 24 20842
5 25 61958
5 26 36961
5 27 17525
5 28 30549
5 29 61774
5 30 27483
5 31 45593
5 32 64348
5 33 10909
5 34 41528
5 35 21607
5 36 20338
5 37 39732
5 38 11207
5 39 12381
5 40 15128
5 41 12634
5 42 29772
5 43 29618
5 44 43916
5 45 54727
5 46 65312
5 47 26391
5 48 15426
5 49 32872
6 7 69441
6 8 36301
6 9 27518
6 10 22184
6 11 59455
6 12 17126
6 13 55257
6 14 13024
6 15 42624
6 16 68054
6 17 56740
6 18 56996
6 19 25806
6 20 18065
6 21 67040
6 22 20891
6 23 64472
6 24 16261
6 25 19579
6 26 17067
6 27 55715
6 28 16322
6 29 23010
6 30 35057
6 31 54693
6 32 14879
6 33 28597
6 34 59838
6 35 17967
6 36 54692
6 37 27897
6 38 47840
6 39 42777
6 40 10712
6 41 61604
6 42 64094
6 43 44677
6 44 67348
6 45 32467
6 46 56026
6 47 31869
6 48 24946
6 49 65485
7 8 37573
7 9 25391
7 10 31163
7 11 17850
7 12 32010
7 13 65809
7 14 45687
7 15 53205
7 16 47437
7 17 16550
7 18 28275
7 19 67190
7 20 22529
7 21 17911
7 22 45877
7 23 31315
7 24 29552
7 25 62069
7 26 32699
7 27 26070
7 28 39602
7 29 30135
7 30 21997
7 31 57774
7 32 43928
7 33 34219
7 34 46045
7 35 19208
7 36 63173
7 37 15106
7 38 43219
7 39 18854
7 40 49481
7 41 19838
7 42 23546
7 43 69594
7 44 60493
7 45 11141
7 46 69422
7 47 61925
7 48 29592
7 49 48257
8 9 60258
8 10 66916
8 11 14585
8 12 58835
8 13 14797
8 14 16928
8 15 21316
8 16 69162
8 17 29028
8 18 30714
8 19 28486
8 20 58363
8 21 20770
8 22 13963
8 23 19137
8 24 48704
8 25 39686
8 26 29179
8 27 60347
8 28 34781
8 29 52055
8 30 25774
8 31 34828
8 32 40937
8 33 23693
8 34 16081
8 35 23506
8 36 49144
8 37 21085
8 38 53695
8 39 11679
8 40 65970
8 41 20724
8 42 64694
8 43 69516
8 44 42568
8 45 13888
8 46 57647
8 47 13279
8 48 35277
8 49 56588
9 10 48208
9 11 12156
9 12 47075
9 13 46811
9 14 56168
9 15 65874
9 16 68913
9 17 43639
9 18 54022
9 19 35786
9 20 37431
9 21 51284
9 22 44743
9 23 20014
9 24 24241
9 25 17732
9 26 43049
9 27 19802
9 28 45833
9 29 53599
9 30 47808
9 31 50491
9 32 32424
9 33 16680
9 34 46342
9 35 69388
9 36 48493
9 37 65203
9 38 11589
9 39 23257
9 40 48172
9 41 54631
9 42 53581
9 43 44050
9 44 63751
9 45 64120
9 46 19827
9 47 30985
9 48 11447
9 49 25050
10 11 22836
10 12 27915
10 13 41464
10 14 14565
10 15 41040
10 16 35235
10 17 37868
10 18 19490
10 19 27004
10 20 53569
10 21 23894
10 22 65018
10 23 35005
10 24 42325
10 25 66373
10 26 26946
10 27 48167
10 28 46890
10 29 10683
10 30 29036
10 31 58334
10 32 63641
10 33 16841
10 34 50357
10 35 69376
10 36 20952
10 37 24319
10 38 23343
10 39 44678
10 40 28481
10 41 19397
10 42 62964
10 43 20288
10 44 43547
10 45 10366
10 46 29048
10 47 35910
10 48 51255
10 49 38524
11 12 66597
11 13 31890
11 14 27522
11 15 36224
11 16 38239
11 17 39239
11 18 31010
11 19 32148
11 20 12552
11 21 66533
11 22 29760
11 23 27738
11 24 68304
11 25 14201
11 26 26399
11 27 47524
11 28 46978
11 29 19602
11 30 58328
11 31 48071
11 32 59433
11 33 49640
11 34 68650
11 35 10771
11 36 20576
11 37 60005
11 38 16908
11 39 68201
11 40 14095
11 41 31123
11 42 57833
11 43 56195
11 44 20766
11 45 42016
11 46 17975
11 47 38366
11 48 40101
11 49 54205
12 13 56146
12 14 16305
12 15 64984
12 16 49763
12 17 63109
12 18 29808
12 19 26720
12 20 64051
12 21 62283
12 22 52068
12 23 22395
12 24 61200
12 25 23228
12 26 40483
12 27 50276
12 28 58433
12 29 22368
12 30 69496
12 31 50105
12 32 31949
12 33 39929
12 34 40419
12 35 21746
12 36 13906
12 37 51068
12 38 66135
12 39 22763
12 40 36538
12 41 53253
12 42 55674
12 43 58062
12 44 12655
12 45 51550
12 46 30487
12 47 64115
12 48 41223
12 49 23251
13 14 57045
13 15 12465
13 16 15378
13 17 23278
13 18 23349
13 19 35200
13 20 38385
13 21 59612
13 22 54686
13 23 10871
13 24 60809
13 25 35845
13 26 26781
13 27 16437
13 28 30357
13 29 35999
13 30 54685
13 31 21058
13 32 58349
13 33 14281
13 34 13081
13 35 40641
13 36 60639
13 37 31878
13 38 44280
13 39 69019
13 40 27875
13 41 22738
13 42 67529
13 43 32661
13 44 25216
13 45 47992
13 46 39828
13 47 12669
13 48 36090
13 49 18932
14 15 22785
14 16 46991
14 17 69827
14 18 25102
14 19 44323
14 20 21901
14 21 38042
14 22 36854
14 23 30167
14 24 66161
14 25 60879
14 26 21636
14 27 45908
14 28 61589
14 29 67609
14 30 17523
14 31 26446
14 32 23818
14 33 29735
14 34 49438
14 35 42099
14 36 32608
14 37 25979
14 38 12065
14 39 61682
14 40 34233
14 41 31436
14 42 25973
14 43 36527
14 44 22048
14 45 30787
14 46 20882
14 47 26789
14 48 16212
14 49 16326
15 16 53287
15 17 46989
15 18 24918
15 19 41710
15 20 28170
15 21 14266
15 22 52307
15 23 64625
15 24 45751
15 25 52195
15 26 67993
15 27 66426
15 28 26568
15 29 19928
15 30 36092
15 31 31134
15 32 17383
15 33 61626
15 34 13796
15 35 25637
15 36 69434
15 37 50722
15 38 68310
15 39 26373
15 40 19204
15 41 20917
15 42 24255
15 43 62424
15 44 30559
15 45 16308
15 46 64959
15 47 18734
15 48 48270
15 49 10997
16 17 46401
16 18 50386
16 19 59242
16 20 40280
16 21 19160
16 22 44317
16 23 67926
16 24 11913
16 25 62578
16 26 65709
16 27 43042
16 28 22492
16 29 52163
16 30 53049
16 31 44290
16 32 48853
16 33 47032
16 34 69231
16 35 63051
16 36 36530
16 37 62518
16 38 19631
16 39 32434
16 40 48978
16 41 52234
16 42 50853
16 43 35760
16 44 65982
16 45 37275
16 46 14709
16 47 69429
16 48 34962
16 49 25505
17 18 61792
17 19 40057
17 20 33472
17 21 41875
17 22 59372
17 23 31000
17 24 68378
17 25 25741
17 26 41215
17 27 55281
17 28 35776
17 29 28933
17 30 36826
17 31 60400
17 32 17528
17 33 25982
17 34 60815
17 35 63996
17 36 54967
17 37 33743
17 38 42884
17 39 49041
17 40 47034
17 41 56846
17 42 58987
17 43 58151
17 44 31035
17 45 31601
17 46 11798
17 47 26002
17 48 64260
17 49 55000
18 19 40728
18 20 22066
18 21 51219
18 22 36386
18 23 19610
18 24 31718
18 25 59265
18 26 41246
18 27 50691
18 28 15719
18 29 12833
18 30 12292
18 31 62027
18 32 36662
18 33 12983
18 34 54066
18 35 37010
18 36 12110
18 37 54646
18 38 45037
18 39 56627
18 40 27253
18 41 15319
18 42 36848
18 43 54248
18 44 46792
18 45 46241
18 46 14416
18 47 56436
18 48 60907
18 49 65445
19 20 45835
19 21 17457
19 22 29741
19 23 29146
19 24 69064
19 25 37885
19 26 64370
19 27 51168
19 28 18270
19 29 63786
19 30 58849
19 31 46852
19 32 68295
19 33 47049
19 34 35411
19 35 10527
19 36 17654
19 37 25544
19 38 22793
19 39 68526
19 40 26815
19 41 14527
19 42 22320
19 43 42404
19 44 57464
19 45 52006
19 46 18922
19 47 52283
19 48 64850
19 49 42772
20 21 14531
20 22 67860
20 23 27636
20 24 62285
20 25 10798
20 26 28639
20 27 39928
20 28 15151
20 29 55213
20 30 49191
20 31 26449
20 32 55343
20 33 39111
20 34 18941
20 35 33311
20 36 30575
20 37 61364
20 38 62731
20 39 18191
20 40 62134
20 41 58533
20 42 12954
20 43 56643
20 44 47061
20 45 68364
20 46 50886
20 47 60154
20 48 26537
20 49 40208
21 22 29579
21 23 29895
21 24 20417
21 25 44941
21 26 42965
21 27 34517
21 28 14825
21 29 58577
21 30 17863
21 31 62237
21 32 53429
21 33 47530
21 34 51768
21 35 13249
21 36 33302
21 37 46488
21 38 26032
21 39 69388
21 40 53995
21 41 15950
21 42 63814
21 43 64764
21 44 66222
21 45 52772
21 46 41265
21 47 11714
21 48 11963
21 49 25363
22 23 29633
22 24 64741
22 25 14774
22 26 48521
22 27 13964
22 28 33608
22 29 22240
22 30 27624
22 31 22729
22 32 51046
22 33 18433
22 34 35741
22 35 45180
22 36 64394
22 37 53052
22 38 67227
22 39 51073
22 40 68324
22 41 45901
22 42 53006
22 43 24756
22 44 14177
22 45 22524
22 46 55754
22 47 20542
22 48 20557
22 49 60619
23 24 68675
23 25 13753
23 26 49295
23 27 61882
23 28 35842
23 29 51194
23 30 65155
23 31 47365
23 32 43312
23 33 67479
23 34 65469
23 35 21996
23 36 21608
23 37 54376
23 38 64218
23 39 44815
23 40 47147
23 41 68666
23 42 48078
23 43 15668
23 44 69856
23 45 50792
23 46 26661
23 47 55876
23 48 56630
23 49 50168
24 25 39710
24 26 69674
24 27 37406
24 28 49836
24 29 65399
24 30 60870
24 31 15924
24 32 11693
24 33 26437
24 34 10628
24 35 53280
24 36 57656
24 37 45929
24 38 12619
24 39 63239
24 40 51010
24 41 57655
24 42 50620
24 43 34735
24 44 23039
24 45 21459
24 46 15385
24 47 63446
24 48 47739
24 49 13495
25 26 12529
25 27 66139
25 28 69421
25 29 10070
25 30 40979
25 31 67532
25 32 62611
25 33 62673
25 34 46601
25 35 63687
25 36 60247
25 37 63550
25 38 68883
25 39 61766
25 40 19584
25 41 61341
25 42 64741
25 43 48652
25 44 42252
25 45 42555
25 46 18384
25 47 25220
25 48 61626
25 49 44227
26 27 48006
26 28 40572
26 29 55766
26 30 46590
26 31 33823
26 32 20327
26 33 46323
26 34 68225
26 35 11852
26 36 11579
26 37 61952
26 38 47335
26 39 26925
26 40 47684
26 41 46800
26 42 35835
26 43 62531
26 44 65765
26 45 66882
26 46 22002
26 47 23416
26 48 16817
26 49 10349
27 28 43508
27 29 64624
27 30 22657
27 31 31925
27 32 33264
27 33 28899
27 34 46457
27 35 35565
27 36 56858
27 37 45053
27 38 19097
27 39 61331
27 40 38993
27 41 29780
27 42 17191
27 43 39908
27 44 68682
27 45 62138
27 46 57460
27 47 47683
27 48 15617
27 49 10730
28 29 14985
28 30 30719
28 31 30743
28 32 20819
28 33 37708
28 34 13643
28 35 29602
28 36 31567
28 37 29904
28 38 53844
28 39 62360
28 40 16277
28 41 36397
28 42 49601
28 43 63246
28 44 36792
28 45 16626
28 46 36427
28 47 29636
28 48 19913
28 49 25749
29 30 66749
29 31 59683
29 32 48496
29 33 32496
29 34 14525
29 35 44674
29 36 17380
29 37 17466
29 38 55789
29 39 37313
29 40 45296
29 41 22798
29 42 60365
29 43 25322
29 44 66131
29 45 36539
29 46 29127
29 47 33901
29 48 12162
29 49 66316
30 31 23957
30 32 40194
30 33 54766
30 34 31023
30 35 61077
30 36 42194
30 37 44981
30 38 14449
30 39 27426
30 40 11977
30 41 37195
30 42 52790
30 43 67444
30 44 30299
30 45 52144
30 46 52646
30 47 46662
30 48 40142
30 49 13206
31 32 14689
31 33 25855
31 34 30657
31 35 68227
31 36 38886
31 37 67581
31 38 15563
31 39 22085
31 40 57452
31 41 54100
31 42 31839
31 43 23422
31 44 68697
31 45 40031
31 46 57866
31 47 66357
31 48 37520
31 49 52142
32 33 25752
32 34 35987
32 35 18726
32 36 61855
32 37 34698
32 38 25346
32 39 36173
32 40 18957
32 41 35690
32 42 38850
32 43 58816
32 44 39579
32 45 18470
32 46 51941
32 47 24501
32 48 46872
32 49 50804
33 34 61244
33 35 12781
33 36 50172
33 37 69743
33 38 38685
33 39 41317
33 40 36633
33 41 22725
33 42 44099
33 43 17069
33 44 24576
33 45 15967
33 46 37882
33 47 66953
33 48 37073
33 49 53967
34 35 49993
34 36 47769
34 37 13283
34 38 38388
34 39 62485
34 40 32314
34 41 19418
34 42 13658
34 43 22933
34 44 57196
34 45 12618
34 46 10380
34 47 59983
34 48 21608
34 49 57795
35 36 21726
35 37 65027
35 38 10658
35 39 49713
35 40 16630
35 41 15104
35 42 14021
35 43 13983
35 44 44392
35 45 28406
35 46 30779
35 47 61103
35 48 14229
35 49 64844
36 37 44494
36 38 57764
36 39 56780
36 40 22069
36 41 27453
36 42 62837
36 43 46684
36 44 63027
36 45 58816
36 46 58384
36 47 60280
36 48 67500
36 49 50519
37 38 18570
37 39 52393
37 40 46938
37 41 68758
37 42 25812
37 43 30198
37 44 19329
37 45 42367
37 46 11735
37 47 46460
37 48 59757
37 49 14477
38 39 11188
38 40 31284
38 41 52168
38 42 33643
38 43 69256
38 44 16857
38 45 45627
38 46 23600
38 47 37506
38 48 65673
38 49 57802
39 40 25354
39 41 23445
39 42 67003
39 43 39794
39 44 27696
39 45 66238
39 46 52374
39 47 63488
39 48 51849
39 49 34757
40 41 15290
40 42 40674
40 43 61825
40 44 39041
40 45 21368
40 46 38243
40 47 52732
40 48 41241
40 49 67595
41 42 51217
41 43 31074
41 44 16976
41 45 38566
41 46 55818
41 47 15913
41 48 21826
41 49 57313
42 43 16447
42 44 63385
42 45 49340
42 46 38684
42 47 30532
42 48 11976
42 49 37504
43 44 15514
43 45 61215
43 46 68881
43 47 16389
43 48 21360
43 49 60567
44 45 25488
44 46 14830
44 47 43950
44 48 28291
44 49 33117
45 46 54793
45 47 27919
45 48 49570
45 49 19803
46 47 65819
46 48 62148
46 49 64610
47 48 31578
47 49 41180
48 49 15911
