50 50 858
25000 25000 25000 25000 25000 25000 25000 25000 25000 25000 25000 25000 25000 25000 25000 25000 25000 25000 25000 25000 25000 25000 0 25000 25000 25000 25000 25000 25000 25000 25000 25000 25000 25000 25000 25000 25000 25000 25000 25000 25000 25000 25000 25000 25000 25000 25000 25000 25000 25000
2609 3292 6739 8933 6803 5984 10355 7650 8084 4246 5219 5776 6641 7816 4374 3847 5033 6429 6719 3660 7358 5396 5219 8345 4182 6387 7391 5542 5038 10349 6400 5558 6051 9568 3792 4898 9064 7159 11178 8697 4781 6033 6661 5299 8845 11656 9977 5301 8663 3947

2368 1148 3204 4509 4028 2752 5457 3845 4791 2504 2396 2628 3220 3859 1838 2266 2285 3117 3299 2596 3680 2582 2296 4205 1779 2994 5115 2491 2189 5399 3046 2499 2838 4940 1446 2351 4642 3507 6634 4369 2035 2890 3943 2607 5984 6919 5919 3574 4385 1538

38119 28711 4914 17161 44553 7030 26409 19622 50450 35490 13876 9147 14977 9987 21848 35330 20546 15111 25670 37312 29954 23679 9828 13734 19303 6568 57472 8895 11180 22957 12390 7341 15489 21294 21806 22713 18992 16657 67393 15523 12297 23856 48568 27686 66066 66973 59161 44864 16203 22621

94158 75406 32372 11548 94124 35112 29982 21024 105322 79267 29681 21275 20071 28595 64292 80186 47630 25921 53179 95094 61702 69206 23096 42165 48700 24701 135170 25118 40527 60515 47246 30416 52911 19804 61669 53847 15191 17163 141838 16712 34762 49569 105288 76944 142841 137025 121516 110118 12183 58878

1432 1277 1715 1883 566 1580 2152 1577 838 876 1061 1250 1363 1923 1524 955 1016 1318 949 1655 814 1789 1133 2087 1015 1583 2005 1269 1379 2512 1815 1381 1823 2008 1383 947 1901 1497 1685 1925 1108 908 1169 1798 2040 1600 1240 2003 1836 1237

29389 21549 6421 15994 35203 3514 23701 16197 40108 27663 10383 7483 12332 10627 15840 27251 15232 12444 20193 28704 23757 17769 7029 12654 13919 6260 45474 6253 6966 20326 9090 4947 10956 19446 15805 17035 17517 13730 54202 15093 8371 18684 38375 21102 52622 53852 47354 34986 15197 16483

181956 151443 81972 45118 179349 86890 28499 43134 199791 153664 65767 58805 48555 75277 138615 155294 97584 53176 107361 187467 122469 147325 56998 99391 102384 68433 259515 65619 96429 131920 108338 78565 118381 37594 126439 108605 40319 50569 262507 54213 78328 100962 199791 160389 266358 256048 228497 214099 46244 120958

70158 56137 33391 20160 68960 32030 26544 6370 78353 57158 16770 13571 8861 34044 51550 57907 31390 10985 35882 72690 42824 57376 12741 45125 33595 25346 105796 16702 32220 60071 42892 24339 46527 21820 44649 36454 21085 12128 107171 24366 22542 32942 78353 60248 108940 104203 91544 84928 20704 42130

1719 1555 2020 2186 797 1877 2480 1869 697 1127 1324 1525 1646 2242 1817 1211 1359 1593 1205 1956 1061 2099 1395 2416 1275 1880 1940 1538 1663 2869 2127 1665 2135 2327 1668 1203 2218 1789 1599 2239 1374 1156 1050 2109 1977 1509 1125 2149 2144 1511

1038 879 1459 1709 1024 1320 1995 1402 1305 464 869 1050 1181 1674 1133 546 738 1134 1066 1268 1206 1406 928 1875 768 1323 1950 999 1145 2314 1562 1115 1500 1846 988 667 1736 1318 1983 1748 832 916 1087 1416 1986 2088 1720 1628 1668 837

282030 211282 141015 156813 275986 123980 205925 104130 324205 216434 12638 46089 66146 165880 198300 220212 86408 58178 109075 294806 144106 241573 25277 212999 97536 105504 461992 48149 106122 288418 178793 81738 185456 180442 162789 111960 161484 89774 468792 165811 55499 94239 323380 245901 477721 453818 389938 356556 149807 140603

50691 38013 17684 20961 51754 16554 32069 15322 59686 41572 8429 1231 9073 20938 32781 41335 20566 9254 24295 52228 30058 37595 2463 29549 19775 11074 79235 3830 16712 41956 25571 10170 28589 26227 28724 24385 23131 11333 83247 20927 10350 21854 59166 41335 84557 81009 70500 62387 19673 26656

87703 68425 38207 29484 86090 36375 42477 15319 98955 70203 15832 11526 5185 43485 62653 71210 35513 11563 41561 91111 50906 70496 10371 57448 38482 27377 135275 15741 36631 77569 50998 26021 55891 35788 53362 42330 30731 11599 137529 32581 23565 37602 98735 74362 139911 133534 116492 107586 27615 49972

8994 7014 1953 3076 10270 2400 5044 4089 11525 8342 3428 2289 3530 1217 5553 8308 5162 3558 5938 8844 6878 5947 2434 2672 4897 1741 13134 2275 3283 4634 3544 2352 4204 3955 5544 5623 3465 3423 15131 2520 3406 5551 11125 6799 14963 15041 13379 10451 2868 5718

22109 13806 17181 27575 34163 13983 36054 25399 39559 23393 16297 15828 21148 21809 7310 21709 15513 20779 22678 21463 25368 12569 14621 24038 11931 16866 39913 14091 11169 32479 15843 13360 14375 31372 9640 15974 29250 22701 52897 26598 12776 19787 33563 13114 48346 54681 47531 28374 26698 11815

16807 14001 25640 30561 19556 22905 35602 25154 24505 9679 15763 18421 21255 29433 18478 8135 13451 20437 19232 20868 21699 23300 16271 32126 12619 23236 35094 17533 19253 39867 26303 19556 24957 32986 15933 12196 31041 23680 36455 30709 14579 16581 19881 23476 36497 38302 31816 27205 29842 13261

10299 7390 7031 8472 10011 6048 10492 6305 12559 6963 2542 3918 4743 8551 6856 7119 1531 4415 4164 10825 5152 8788 3062 9992 2712 6068 17458 3782 5031 13093 7754 4593 8294 9443 5401 2666 8664 5714 17692 8842 2599 3101 11362 8989 17709 17551 14924 13365 8184 4483

175305 136474 78453 73100 171987 74683 92515 36644 198000 139301 27445 23562 23034 89311 126332 141375 67935 11423 80376 182317 99603 144881 22846 118038 74042 56173 274079 32233 75211 159433 104768 53383 114834 79433 107218 81959 75663 36305 280374 79396 45918 72233 198000 150423 282712 269592 234531 216209 69254 97680

14104 10872 9452 10186 10309 8668 12441 7754 12529 10040 3542 5082 6005 10597 10274 10214 4313 5638 2061 14718 4237 12438 4123 12767 5635 7817 21789 5177 8073 16239 11122 6723 11726 11267 8646 5230 10401 7099 19186 10594 5350 2795 14964 12662 22071 18497 15556 17561 9863 7618

4719 4738 8597 11897 10320 7583 14113 10500 12031 6905 7254 7875 9152 10064 5467 6371 7005 8870 9277 3656 10130 6729 7312 10878 5869 8497 9506 7622 6695 13554 8172 7390 7707 13238 5406 7151 12428 9845 15675 11583 6547 8360 10130 5845 12180 16314 14559 5847 11614 5613

2204 1718 1581 1691 1302 1463 2030 1326 1635 1593 693 924 1063 1760 1628 1619 733 1008 555 2296 390 1953 780 2079 931 1335 3066 939 1298 2600 1756 1171 1846 1853 1384 871 1722 1227 2673 1752 889 505 2041 1987 3108 2532 2090 2723 1643 1229

33087 23443 23170 37575 50155 19559 48702 36072 57236 36022 26166 23493 30494 29263 14919 33813 25682 30655 35084 31815 38614 11166 22333 29102 20982 23524 56025 21214 17380 40178 17905 20255 15978 42538 17975 26288 39775 32512 74738 35911 21002 31291 49368 15978 67091 77038 67697 40884 36405 20830

29547 21819 12087 14277 30208 10393 19877 9670 34960 23989 3801 2252 5847 14071 19650 23844 11199 6260 13471 30993 16984 22873 0 19319 10703 8017 46945 2293 10145 26881 15889 6157 17728 16757 16158 13513 14856 7665 50147 14257 4959 11984 34713 24051 50189 48040 41634 36675 13492 14897

19258 15154 4883 8660 22473 5240 12851 10822 25140 18677 8930 6798 9435 4715 11943 18148 11947 9496 14265 19106 16203 11616 7106 3553 10898 5631 28226 6684 7117 7725 6509 5973 7911 10537 11924 12593 9496 9405 33421 7486 7881 13444 24198 13429 31946 32615 29081 22522 8227 12293

32600 22120 24063 31410 36263 20115 39682 24603 43406 26098 11050 13644 18976 29538 20197 24684 10012 17796 19495 34493 23056 27157 10541 33424 5270 20594 59259 12362 14845 44597 26668 15282 26495 35297 14936 10622 32488 21866 64743 31379 8099 15669 41636 27879 64804 63420 53958 43640 30250 11650

19133 14415 4124 7502 21736 4258 12148 8180 24693 17191 5611 2952 5851 5337 11613 17111 9697 5918 11525 19369 13673 12852 3268 8547 9073 1634 29479 2801 5623 13172 7620 3075 8745 9583 10952 10784 8420 6693 33190 6967 5560 10615 23935 14794 33148 32667 28750 23156 7022 11361

175156 190444 281463 355282 238383 258749 406770 325852 225170 205569 253234 264755 294457 314332 211356 210756 242970 289434 287742 170788 273327 239639 248102 332568 222222 279224 124051 257875 238875 392519 271962 254436 261534 380835 205405 233251 365874 308872 262243 348348 234998 267212 177231 219819 183947 276549 279934 151733 352989 210046

31417 23339 11056 15023 33379 9282 22113 11424 38298 25597 5582 2430 7436 13292 19279 25460 12766 7551 15708 32571 19387 22351 1601 18629 11698 6794 49650 800 9022 26549 15038 4846 16963 18384 18146 14626 16408 8878 52990 15002 5683 14150 36827 24738 53033 52629 45921 39055 14201 16091

22292 15532 8585 15815 27305 6079 22449 14122 31534 21286 7458 6609 10790 12212 11525 20448 11037 10887 16351 22629 18460 14092 5916 13959 8953 7422 37089 5247 2958 20575 9380 4675 9917 18779 10579 12122 17129 11995 44699 15038 5121 14086 30040 16086 42325 43386 37782 28046 15128 11164

35887 29205 12480 18630 41122 13061 25455 22151 45465 34940 19069 15598 19892 12207 23976 34080 23982 19991 27757 35640 30912 23444 16099 10314 22275 13699 50490 15413 16118 8049 15128 14256 17411 21687 23945 25034 19991 19843 58502 16718 17362 26420 43931 26395 56547 57636 51882 41202 17925 24545

12035 8916 3727 7937 15528 2988 11116 8229 17556 12413 5826 4628 6632 5471 6476 11884 7270 6678 9817 11792 10828 6101 4440 5425 6843 4123 18722 4120 3693 8596 2220 3580 3285 9358 7288 8021 8567 7210 23593 7374 4435 8731 16331 7478 21757 23235 20550 14388 7608 8162

16816 12300 4673 8907 19038 3674 13346 7880 21863 14695 4330 2861 5655 6838 9623 14610 7526 5719 9982 17041 12034 11338 2398 8891 6931 3300 26701 1952 3900 13310 6886 1199 7961 10895 8991 8573 9784 6460 29982 8388 3574 9112 21992 12670 30199 29780 26037 20660 8448 9382

33291 24043 13451 25678 45466 10386 35106 25927 51477 34720 17347 15249 21192 18623 16808 32845 22433 21329 29985 32571 32982 15695 14693 18486 19385 13751 53121 13742 10951 27888 8982 12141 7346 30148 19402 23889 27802 22904 67566 24266 14025 26766 46032 19779 62514 69570 61607 40269 24685 21808

946126 772783 372672 171891 941607 399465 229188 203364 1052973 801673 322800 261306 229995 336196 681269 810550 496143 258078 549405 987768 631719 728398 261790 467575 512606 298912 1361570 298428 451435 644793 516318 354111 575875 130895 640112 556184 145421 201588 1394657 221440 377998 514543 1052973 803126 1415639 1359472 1209370 1121245 178024 610899

11074 6516 9745 14620 17265 8055 18070 12049 20125 11582 7198 7592 9802 12191 5780 10692 6792 9607 10578 11927 12000 8559 6353 13369 4891 8961 21336 7495 5951 17830 10200 7109 9514 16229 3176 7028 15116 10875 27174 14096 5378 9051 16956 8848 24582 28075 24330 15579 14222 4326

15829 11730 12055 14909 14887 10463 18181 11400 18098 9950 5307 7379 8870 14516 10865 10202 3806 8340 7557 17293 9159 13994 5984 16447 4154 10495 26946 6793 8459 21470 13235 8116 13697 16483 8500 2992 15221 10444 27326 15353 4886 5837 17073 14319 27353 27097 22842 21406 14443 7022

260549 211357 97602 40426 259264 105128 73603 59561 291477 219479 83331 65940 56946 87232 185247 222003 132614 73007 147849 269818 171160 198738 65986 124584 137295 76540 378755 76494 119995 174969 138442 92233 155375 45566 173638 149685 32993 48961 388070 54606 99025 137846 290926 219984 394035 378067 335391 310337 42170 165240

137814 108160 60774 37261 137095 58008 63568 27330 156514 113056 30982 20497 15076 61549 97731 114578 60691 24757 69875 142959 83983 109515 20525 84066 63513 44425 209073 26860 58395 114439 80082 42378 87468 46721 85421 70981 39142 10262 214743 41936 40442 63900 156127 117123 218284 208713 182987 167828 34439 80359

45190 41683 54470 59493 29821 51403 65177 52117 27688 32544 40378 44494 47243 59211 47631 34351 38581 46820 37823 48504 35461 53659 42775 64357 39250 51465 40960 44335 48318 73399 57395 46882 55712 61907 44450 37012 59475 50292 21387 60630 40660 36889 30385 54285 34060 23696 24243 45428 59070 41092

22574 17974 7146 4104 23542 8089 8618 6428 26371 19848 7822 5211 5621 5744 15256 19762 12226 7047 13579 22804 15670 16305 5658 9081 11939 5543 32644 6154 9417 13583 10795 6937 12308 6121 14604 13612 4997 4907 35329 2829 8519 12693 26231 18261 35444 34157 30344 26490 3636 14436

80057 56481 38011 53182 85773 30699 70728 39587 100523 63100 15801 16494 27925 49316 49862 62659 25677 26917 44210 82915 51564 61965 10086 58183 22567 30846 133135 13847 23134 81255 43390 19877 47404 61209 39209 31140 55409 33472 142906 53119 5043 36309 95817 63289 143032 141855 122313 103360 50787 35364

58028 43758 39723 42962 45043 36260 52917 32225 54677 40086 13627 20427 24504 44777 41119 40854 14800 22884 13348 60736 18235 50669 16196 54356 20636 32504 91957 20846 31401 69686 44861 27673 47528 47737 33928 18849 43884 29335 84235 44763 19379 8098 61825 51661 93199 81191 68206 73289 41538 29391

11687 10319 16111 18256 9625 14832 20714 15620 8793 7559 11041 12598 13719 17960 12502 7885 9913 13320 12732 13667 11825 14853 11550 19329 10071 15090 13193 12158 13052 23103 16310 14031 15654 19439 11261 9301 18490 14901 14420 18590 10725 11440 5775 15097 13994 15320 12357 14935 17905 9951

19812 14312 16981 25818 30875 14743 32575 23312 35262 22118 16250 16268 19856 20756 9331 20750 16000 19556 21825 17087 24012 9543 14550 20656 13087 17100 32087 14856 12481 27518 13718 14262 12525 28893 11225 16375 27181 21506 46393 24875 13050 19475 30675 7275 38943 47856 42043 22706 25093 12993

107792 115691 168663 190737 120397 157010 210766 169251 113618 103562 131938 144628 153760 185526 134768 109304 122750 150511 145721 113954 138325 149278 136084 193650 124879 163256 89976 141042 142499 224408 164573 150483 160511 200373 123367 117764 192641 163396 108212 193454 129361 135188 93057 139110 68042 115551 117288 104178 187935 125748

50320 46673 57109 60151 29943 53921 66703 53124 27725 37172 40919 45381 48057 62039 52583 39050 40589 46994 38262 53765 35074 58814 42605 65905 40553 53307 45922 46572 49175 75966 59473 49220 61003 63303 49184 38958 60774 51227 25572 61352 42752 37291 34927 59519 38748 21302 24143 50567 59235 45803

13547 12443 15576 16502 7348 14610 18481 14368 6676 9565 10672 12024 12834 17069 14205 10134 10572 12512 9867 15145 8902 16103 11183 18240 10561 14424 14940 12384 13172 21287 16292 13186 16755 17451 13197 10078 16686 13794 8777 16860 11227 9573 9046 16305 12767 8172 5591 17640 16219 12151

1568 1572 2542 3371 2975 2287 3928 3020 3140 2117 2205 2361 2682 2911 1756 1983 2142 2611 2713 1300 2927 2073 2174 3115 1857 2517 2006 2297 2064 3788 2435 2239 2318 3664 1740 2179 3495 2856 3556 3292 2072 2483 2603 1850 2678 3717 4040 1087 3300 1792

101089 81178 34056 14036 101528 37057 34221 24448 114155 85625 31329 21905 20807 29883 69009 86632 50983 27212 57059 102699 66392 74352 23899 44780 51935 25656 147937 26114 42986 64873 50343 31915 56510 23076 66429 57791 18025 17622 155129 16909 36673 53106 114118 82825 155275 148907 131888 119151 11949 63080

7969 4856 7095 9693 10916 5941 11999 7886 12864 7029 4190 4847 6351 8766 4903 6421 3907 6030 6493 8552 7464 6801 4001 9570 2614 6560 14979 4498 4503 12617 7978 5294 7448 10753 3124 4073 9987 7090 17673 9684 3335 5450 10694 6998 17196 18323 15742 11047 9376 2000

3 31 36254
18 31 56577
8 28 51311
20 49 66481
19 25 35877
2 32 40893
38 39 63298
37 39 37208
22 33 60794
19 32 48382
23 26 61604
4 25 36195
12 42 24391
6 47 56589
38 45 12298
10 17 55423
20 39 34768
14 40 27716
11 47 39727
15 29 46696
29 43 12510
8 40 11629
14 28 61794
26 38 39805
30 40 25839
24 43 41339
18 26 55080
0 21 24363
0 22 53260
20 24 63600
6 26 39345
4 32 31656
20 38 50176
14 26 20655
26 45 40279
29 49 28195
14 16 63691
1 28 33577
18 27 55404
0 20 54484
2 21 24101
24 35 47007
20 37 20679
41 49 50635
22 36 33595
8 27 22977
32 44 36057
1 30 10505
0 14 40693
14 46 65784
19 20 47201
4 47 55347
35 39 67413
9 20 38995
26 33 25151
38 47 35394
9 32 22476
26 47 10230
7 19 61900
34 49 65736
6 33 63831
30 31 31244
6 18 27391
4 18 56149
17 43 54042
14 25 69814
17 19 14344
0 49 47733
17 33 45533
14 32 11890
3 22 32216
5 48 59634
11 32 61040
1 48 55038
11 34 40268
21 36 36777
35 45 20157
38 49 18467
20 47 37282
10 37 50851
5 38 14250
12 38 26625
11 29 48340
13 15 23805
11 43 55620
25 26 63491
33 45 61342
0 38 20239
45 47 63721
5 30 65384
22 35 15974
38 44 69694
25 28 38770
15 32 45509
4 31 55843
10 49 22811
35 36 57465
0 37 12329
3 17 12686
10 18 32997
10 19 14219
3 19 47046
33 48 22630
35 47 17401
6 16 32083
5 36 65041
29 33 44178
4 42 42241
21 40 13507
16 36 23602
21 27 35234
0 26 29900
24 46 40227
0 23 13573
5 46 55848
28 30 37990
9 43 19206
34 37 59332
44 46 48229
6 49 12926
20 40 54715
0 36 66346
24 39 24763
10 35 35627
3 24 53997
7 11 10605
17 35 60581
7 44 41461
23 33 25077
9 21 63268
3 47 64458
42 47 41439
18 35 40313
6 17 29230
7 23 48840
36 42 14538
6 23 24270
14 22 23017
15 31 58922
6 28 39920
26 46 36619
0 27 36298
13 42 11962
0 18 18988
31 49 39871
2 17 69953
18 28 46978
12 31 61220
4 40 59284
23 30 25206
6 29 64147
41 43 56141
21 28 21552
1 44 31052
2 37 21767
21 30 17691
13 47 43800
7 17 24491
0 17 49153
41 45 58877
1 43 17758
31 48 43610
0 9 30315
9 10 60214
44 48 14983
34 41 69155
1 23 64752
27 42 41396
31 40 34314
20 44 53674
28 40 11316
7 47 13075
17 46 32114
5 37 25421
3 6 22063
31 41 14128
11 41 25374
4 13 59042
5 9 65348
47 48 26800
25 29 26390
22 26 59494
12 48 12941
9 42 37942
22 30 32688
21 45 36851
29 48 57777
0 48 66488
4 12 51342
13 26 36929
9 30 55364
1 14 11242
25 46 22681
15 16 27821
4 5 61456
12 30 27664
10 46 39118
26 48 68351
11 33 59061
33 37 15574
3 40 52024
17 48 12519
10 28 18649
14 17 26280
1 13 27940
21 38 42856
9 47 30408
6 35 43314
4 30 31897
7 40 25756
20 32 12257
13 45 48287
39 40 27392
7 30 27341
16 28 28372
31 39 50081
15 24 66335
20 28 16148
8 49 46568
21 24 59820
8 12 55220
35 41 44075
19 31 61062
7 46 67901
7 35 61896
22 37 64661
2 14 37708
48 49 43157
20 35 63011
7 33 26768
25 45 48731
8 45 57177
33 49 41430
7 10 57381
31 35 13456
7 24 59370
18 22 30236
7 20 33865
12 17 44827
15 20 64276
27 45 49621
11 49 47084
10 21 54705
16 49 67013
7 48 16567
36 46 25219
3 45 47093
11 48 12901
13 23 43510
23 46 23661
28 31 62721
14 49 28729
27 32 69879
3 8 53783
30 35 38773
21 34 61774
4 14 48443
27 36 66481
3 34 34930
23 45 41453
9 45 35391
1 37 13661
25 34 28629
16 48 66821
17 36 13184
0 2 44228
18 24 68333
24 27 45563
1 29 68093
12 29 55302
23 39 51981
36 43 47713
37 44 44528
41 47 36685
38 41 44726
17 47 51095
26 27 51905
2 24 33961
32 35 53997
18 32 25414
17 21 59765
11 39 46717
23 47 44144
18 29 59643
2 16 42642
2 47 12916
12 44 63560
15 23 21084
25 33 21539
40 41 28489
33 42 64680
12 46 46930
7 45 44293
11 12 35451
12 19 55893
8 43 59620
6 43 69680
1 46 66368
5 6 47325
9 33 67772
16 17 51670
34 35 29305
19 41 57628
0 29 26197
21 49 55991
15 36 32353
34 39 19435
37 41 37895
8 20 68457
3 9 63432
19 40 65452
1 15 58222
0 10 52291
0 41 51738
31 33 47864
5 24 24933
26 41 66797
7 18 41423
32 42 48160
25 35 18335
13 20 12055
1 34 42840
14 36 67408
2 5 58491
6 27 20433
13 44 65443
17 44 48111
12 37 20112
9 25 61811
1 49 25435
2 15 30027
22 25 55623
29 39 44741
29 34 17654
5 15 23962
27 48 42874
28 49 52150
17 30 33397
9 12 22911
29 46 50606
13 30 38971
24 38 18362
7 27 50970
12 28 21262
8 35 12243
30 46 40977
16 25 36195
12 36 69040
19 33 12399
6 32 14354
16 18 29518
1 42 26597
5 33 59337
18 42 39068
0 46 15088
5 17 69771
13 49 34511
23 40 65342
28 44 32025
16 24 38464
5 7 32919
6 10 64195
2 46 24086
45 46 19802
6 39 23991
28 46 50191
10 25 52676
18 21 18283
1 3 13588
11 38 17729
26 30 58890
6 36 42559
12 33 38235
28 42 52002
30 48 53821
14 35 40478
7 26 22978
17 41 32158
28 36 51660
8 25 37521
22 31 36513
13 25 23320
38 46 54118
10 13 37992
8 22 52389
24 40 11348
20 27 37762
35 48 29042
15 30 66690
6 19 11930
13 14 57506
33 36 41752
18 38 18267
22 27 23734
3 37 51554
17 37 32259
16 37 63925
6 41 46373
2 43 40542
13 37 19655
2 35 66245
8 17 41574
0 6 64358
18 39 34479
10 22 23576
22 24 60321
7 41 64957
36 49 36554
27 28 22479
6 44 58760
19 28 16217
19 38 61135
5 27 12079
3 13 60336
12 47 29126
46 49 54468
28 45 61684
14 42 69032
12 25 25652
11 23 10516
6 40 23104
17 45 25300
4 26 42268
44 45 31371
30 43 39034
11 20 35964
16 31 53630
2 41 45102
0 42 24479
23 43 24172
10 12 66900
9 24 20724
6 15 67889
25 48 61257
12 23 45203
24 29 21464
10 45 51578
23 27 52303
16 26 60162
5 10 64057
30 37 41062
15 42 66379
12 43 67334
10 40 55284
32 34 68857
42 48 38602
6 45 51895
13 21 60541
36 48 37633
1 12 67547
2 19 13199
8 18 62880
12 49 22847
6 22 45467
6 42 24251
2 34 64024
39 41 23573
1 9 20023
8 30 39125
1 39 38053
15 47 46338
23 49 36025
0 13 48777
19 27 44227
8 44 39424
2 26 36122
9 39 67834
12 32 21001
18 46 18424
19 42 57995
10 43 27200
12 45 61629
4 33 66517
8 9 36676
9 37 59056
41 44 17515
0 40 65279
20 34 40950
40 47 20198
36 45 32911
8 26 50639
11 37 23397
9 38 25791
18 33 63486
13 19 11006
2 28 52185
4 22 57510
35 38 24580
9 15 62208
7 16 38777
3 4 64776
25 47 38546
4 38 16944
5 19 43552
7 22 12772
43 46 46369
5 13 21816
4 44 10605
26 39 69513
20 33 42384
23 35 10743
18 44 38856
6 38 34012
3 20 19402
12 39 65532
5 49 35210
9 44 26917
39 42 60810
15 48 66160
3 49 49259
7 31 35864
2 7 46799
25 44 62656
11 44 63798
19 43 52427
24 30 15805
28 33 45982
41 42 52079
18 34 30385
5 29 38189
31 36 20856
21 22 37303
28 37 18877
10 42 27800
5 18 10854
3 46 21649
6 25 16311
26 28 34813
10 36 34398
4 20 15824
14 31 67197
16 42 47284
2 3 44680
3 33 43352
2 20 68829
26 37 40211
10 30 68562
16 19 37888
16 47 43164
14 45 16864
12 14 17146
25 39 69028
37 46 65806
17 25 69803
3 18 62825
13 34 48232
37 45 27750
13 33 38806
27 31 30311
15 26 48135
14 30 19137
31 32 53310
25 43 27580
8 29 28015
36 39 23252
28 39 40577
21 41 51807
3 5 29564
10 29 65390
3 39 28347
19 26 47531
20 31 62587
7 28 65631
9 14 34353
23 36 35938
22 29 64459
29 31 16706
14 41 34499
24 28 32347
34 38 49870
31 42 53506
11 26 39493
32 40 48897
29 32 49311
45 48 51438
1 36 53864
33 44 39686
36 38 69188
23 28 22669
13 38 12139
9 22 59465
14 20 43950
15 40 55449
31 38 17044
5 42 61965
4 34 68701
17 28 47621
5 47 55914
27 39 40407
19 36 55154
22 49 14261
22 39 17937
46 47 47740
3 36 69892
3 38 42290
4 37 13677
14 38 16493
19 30 48997
29 47 50319
11 25 50983
13 31 41009
6 9 45968
28 35 20475
3 41 19906
5 39 37421
10 20 14056
0 25 15912
11 14 67107
13 36 25386
14 27 28582
8 31 69246
2 23 26994
40 46 14674
28 48 66837
10 34 46181
18 40 18781
32 33 17680
34 40 23802
47 49 64695
26 44 48087
1 41 21098
7 15 68956
10 41 68168
1 24 58838
24 42 20990
15 46 40457
28 29 14657
21 26 27483
44 47 31596
34 48 67119
16 35 68466
30 49 62606
38 40 43086
39 45 31083
11 22 24654
13 22 10507
8 13 47282
29 36 30566
12 27 67614
4 8 14811
30 33 61291
11 17 19002
4 29 31805
0 32 65965
9 16 27981
9 49 67986
17 24 14745
11 18 35661
8 33 33930
4 17 69441
22 32 25891
22 41 45028
11 31 20538
7 36 24058
22 40 33865
10 48 31528
13 29 54515
1 38 38522
30 42 61154
10 44 28254
4 46 47784
30 41 11761
29 42 33002
16 23 20869
10 47 44988
0 15 47656
9 34 21376
5 34 34412
20 46 20364
40 45 31133
36 41 39223
4 43 11655
32 41 52278
12 24 61028
2 25 19762
0 39 22401
4 16 59014
8 10 24508
35 42 48063
18 25 35086
19 37 36091
14 29 63954
11 36 10114
23 31 58772
5 16 18011
0 19 46122
26 35 20300
16 22 14668
13 27 26787
15 34 23596
23 34 45065
23 29 64571
3 43 37501
8 14 68067
6 31 15439
29 41 12488
7 25 45722
7 38 38959
3 15 36900
33 41 68230
30 32 12234
1 26 18266
26 34 69885
45 49 66655
2 27 69294
27 41 19646
7 42 19055
5 26 10449
26 43 46297
29 40 69261
3 7 35536
15 21 24530
20 21 15356
2 8 35650
5 8 13302
1 35 23367
0 7 23914
0 8 35745
2 30 40179
9 31 40701
1 8 49341
27 49 27386
35 49 35271
40 48 28984
8 48 25453
13 32 52854
24 33 31472
4 35 13317
14 37 33955
17 22 10515
19 24 11546
32 46 36189
26 49 18781
14 24 23573
23 37 44986
28 38 30217
25 27 45363
0 4 66184
17 26 30667
27 38 21659
39 47 65445
9 19 68346
31 34 36190
15 39 10800
4 24 46138
16 40 39492
3 35 36311
15 27 60052
1 25 17379
5 11 18632
1 2 30753
0 16 68863
14 48 36018
33 38 68167
16 32 27847
30 44 63614
3 48 51020
1 32 49319
11 24 66932
22 23 14974
20 26 61977
4 9 20620
30 38 53306
3 11 22900
1 27 34194
21 23 40434
5 31 43118
4 36 69557
11 35 36618
4 48 15927
21 37 33358
24 48 32062
24 36 14272
16 20 59548
13 16 32862
10 27 62553
35 37 41182
2 29 11315
8 41 52604
14 19 60704
31 44 19947
33 34 13356
16 34 59567
1 6 45966
11 27 11523
9 13 17413
5 40 51722
32 43 64686
0 3 68875
19 47 48653
11 28 21803
17 42 60852
17 49 11416
2 13 65109
17 38 25894
7 29 47753
24 41 35543
16 29 11154
7 43 47309
13 35 14303
1 21 17081
33 40 22809
20 42 36365
8 21 33496
11 16 24500
0 31 11369
31 46 26048
32 39 67825
37 48 12685
15 49 68653
9 36 58529
8 42 34775
9 27 24151
28 47 48095
5 25 22883
22 45 37817
8 39 55508
1 5 64606
34 44 44646
19 35 54382
24 44 55401
36 47 56449
20 23 57376
1 33 56817
21 39 51557
8 34 13270
11 15 34569
7 49 29242
24 25 14424
15 19 24020
31 45 33545
16 39 33649
13 48 48973
9 35 12052
20 22 57145
33 47 63473
6 46 13422
5 23 25336
35 46 61297
43 45 28250
14 44 23988
21 43 49825
4 28 53025
37 43 50282
22 48 27919
8 47 18051
10 11 30242
23 44 25569
18 43 12656
28 43 64888
8 36 69952
16 38 58057
26 29 51336
18 41 69470
22 34 57017
21 48 45035
33 43 12739
29 35 33728
