50 50 735
25000 25000 25000 25000 25000 25000 25000 25000 25000 25000 25000 25000 25000 25000 25000 25000 25000 25000 25000 25000 25000 25000 0 25000 25000 25000 25000 25000 25000 25000 25000 25000 25000 25000 25000 25000 25000 25000 25000 25000 25000 25000 25000 25000 25000 25000 25000 25000 25000 25000
2609 3292 6739 8933 6803 5984 10355 7650 8084 4246 5219 5776 6641 7816 4374 3847 5033 6429 6719 3660 7358 5396 5219 8345 4182 6387 7391 5542 5038 10349 6400 5558 6051 9568 3792 4898 9064 7159 11178 8697 4781 6033 6661 5299 8845 11656 9977 5301 8663 3947

2368 1148 3204 4509 4028 2752 5457 3845 4791 2504 2396 2628 3220 3859 1838 2266 2285 3117 3299 2596 3680 2582 2296 4205 1779 2994 5115 2491 2189 5399 3046 2499 2838 4940 1446 2351 4642 3507 6634 4369 2035 2890 3943 2607 5984 6919 5919 3574 4385 1538

38119 28711 4914 17161 44553 7030 26409 19622 50450 35490 13876 9147 14977 9987 21848 35330 20546 15111 25670 37312 29954 23679 9828 13734 19303 6568 57472 8895 11180 22957 12390 7341 15489 21294 21806 22713 18992 16657 67393 15523 12297 23856 48568 27686 66066 66973 59161 44864 16203 22621

94158 75406 32372 11548 94124 35112 29982 21024 105322 79267 29681 21275 20071 28595 64292 80186 47630 25921 53179 95094 61702 69206 23096 42165 48700 24701 135170 25118 40527 60515 47246 30416 52911 19804 61669 53847 15191 17163 141838 16712 34762 49569 105288 76944 142841 137025 121516 110118 12183 58878

1432 1277 1715 1883 566 1580 2152 1577 838 876 1061 1250 1363 1923 1524 955 1016 1318 949 1655 814 1789 1133 2087 1015 1583 2005 1269 1379 2512 1815 1381 1823 2008 1383 947 1901 1497 1685 1925 1108 908 1169 1798 2040 1600 1240 2003 1836 1237

29389 21549 6421 15994 35203 3514 23701 16197 40108 27663 10383 7483 12332 10627 15840 27251 15232 12444 20193 28704 23757 17769 7029 12654 13919 6260 45474 6253 6966 20326 9090 4947 10956 19446 15805 17035 17517 13730 54202 15093 8371 18684 38375 21102 52622 53852 47354 34986 15197 16483

181956 151443 81972 45118 179349 86890 28499 43134 199791 153664 65767 58805 48555 75277 138615 155294 97584 53176 107361 187467 122469 147325 56998 99391 102384 68433 259515 65619 96429 131920 108338 78565 118381 37594 126439 108605 40319 50569 262507 54213 78328 100962 199791 160389 266358 256048 228497 214099 46244 120958

70158 56137 33391 20160 68960 32030 26544 6370 78353 57158 16770 13571 8861 34044 51550 57907 31390 10985 35882 72690 42824 57376 12741 45125 33595 25346 105796 16702 32220 60071 42892 24339 46527 21820 44649 36454 21085 12128 107171 24366 22542 32942 78353 60248 108940 104203 91544 84928 20704 42130

1719 1555 2020 2186 797 1877 2480 1869 697 1127 1324 1525 1646 2242 1817 1211 1359 1593 1205 1956 1061 2099 1395 2416 1275 1880 1940 1538 1663 2869 2127 1665 2135 2327 1668 1203 2218 1789 1599 2239 1374 1156 1050 2109 1977 1509 1125 2149 2144 1511

1038 879 1459 1709 1024 1320 1995 1402 1305 464 869 1050 1181 1674 1133 546 738 1134 1066 1268 1206 1406 928 1875 768 1323 1950 999 1145 2314 1562 1115 1500 1846 988 667 1736 1318 1983 1748 832 916 1087 1416 1986 2088 1720 1628 1668 837

282030 211282 141015 156813 275986 123980 205925 104130 324205 216434 12638 46089 66146 165880 198300 220212 86408 58178 109075 294806 144106 241573 25277 212999 97536 105504 461992 48149 106122 288418 178793 81738 185456 180442 162789 111960 161484 89774 468792 165811 55499 94239 323380 245901 477721 453818 389938 356556 149807 140603

50691 38013 17684 20961 51754 16554 32069 15322 59686 41572 8429 1231 9073 20938 32781 41335 20566 9254 24295 52228 30058 37595 2463 29549 19775 11074 79235 3830 16712 41956 25571 10170 28589 26227 28724 24385 23131 11333 83247 20927 10350 21854 59166 41335 84557 81009 70500 62387 19673 26656

87703 68425 38207 29484 86090 36375 42477 15319 98955 70203 15832 11526 5185 43485 62653 71210 35513 11563 41561 91111 50906 70496 10371 57448 38482 27377 135275 15741 36631 77569 50998 26021 55891 35788 53362 42330 30731 11599 137529 32581 23565 37602 98735 74362 139911 133534 116492 107586 27615 49972

8994 7014 1953 3076 10270 2400 5044 4089 11525 8342 3428 2289 3530 1217 5553 8308 5162 3558 5938 8844 6878 5947 2434 2672 4897 1741 13134 2275 3283 4634 3544 2352 4204 3955 5544 5623 3465 3423 15131 2520 3406 5551 11125 6799 14963 15041 13379 10451 2868 5718

22109 13806 17181 27575 34163 13983 36054 25399 39559 23393 16297 15828 21148 21809 7310 21709 15513 20779 22678 21463 25368 12569 14621 24038 11931 16866 39913 14091 11169 32479 15843 13360 14375 31372 9640 15974 29250 22701 52897 26598 12776 19787 33563 13114 48346 54681 47531 28374 26698 11815

16807 14001 25640 30561 19556 22905 35602 25154 24505 9679 15763 18421 21255 29433 18478 8135 13451 20437 19232 20868 21699 23300 16271 32126 12619 23236 35094 17533 19253 39867 26303 19556 24957 32986 15933 12196 31041 23680 36455 30709 14579 16581 19881 23476 36497 38302 31816 27205 29842 13261

10299 7390 7031 8472 10011 6048 10492 6305 12559 6963 2542 3918 4743 8551 6856 7119 1531 4415 4164 10825 5152 8788 3062 9992 2712 6068 17458 3782 5031 13093 7754 4593 8294 9443 5401 2666 8664 5714 17692 8842 2599 3101 11362 8989 17709 17551 14924 13365 8184 4483

175305 136474 78453 73100 171987 74683 92515 36644 198000 139301 27445 23562 23034 89311 126332 141375 67935 11423 80376 182317 99603 144881 22846 118038 74042 56173 274079 32233 75211 159433 104768 53383 114834 79433 107218 81959 75663 36305 280374 79396 45918 72233 198000 150423 282712 269592 234531 216209 69254 97680

14104 10872 9452 10186 10309 8668 12441 7754 12529 10040 3542 5082 6005 10597 10274 10214 4313 5638 2061 14718 4237 12438 4123 12767 5635 7817 21789 5177 8073 16239 11122 6723 11726 11267 8646 5230 10401 7099 19186 10594 5350 2795 14964 12662 22071 18497 15556 17561 9863 7618

4719 4738 8597 11897 10320 7583 14113 10500 12031 6905 7254 7875 9152 10064 5467 6371 7005 8870 9277 3656 10130 6729 7312 10878 5869 8497 9506 7622 6695 13554 8172 7390 7707 13238 5406 7151 12428 9845 15675 11583 6547 8360 10130 5845 12180 16314 14559 5847 11614 5613

2204 1718 1581 1691 1302 1463 2030 1326 1635 1593 693 924 1063 1760 1628 1619 733 1008 555 2296 390 1953 780 2079 931 1335 3066 939 1298 2600 1756 1171 1846 1853 1384 871 1722 1227 2673 1752 889 505 2041 1987 3108 2532 2090 2723 1643 1229

33087 23443 23170 37575 50155 19559 48702 36072 57236 36022 26166 23493 30494 29263 14919 33813 25682 30655 35084 31815 38614 11166 22333 29102 20982 23524 56025 21214 17380 40178 17905 20255 15978 42538 17975 26288 39775 32512 74738 35911 21002 31291 49368 15978 67091 77038 67697 40884 36405 20830

29547 21819 12087 14277 30208 10393 19877 9670 34960 23989 3801 2252 5847 14071 19650 23844 11199 6260 13471 30993 16984 22873 0 19319 10703 8017 46945 2293 10145 26881 15889 6157 17728 16757 16158 13513 14856 7665 50147 14257 4959 11984 34713 24051 50189 48040 41634 36675 13492 14897

19258 15154 4883 8660 22473 5240 12851 10822 25140 18677 8930 6798 9435 4715 11943 18148 11947 9496 14265 19106 16203 11616 7106 3553 10898 5631 28226 6684 7117 7725 6509 5973 7911 10537 11924 12593 9496 9405 33421 7486 7881 13444 24198 13429 31946 32615 29081 22522 8227 12293

32600 22120 24063 31410 36263 20115 39682 24603 43406 26098 11050 13644 18976 29538 20197 24684 10012 17796 19495 34493 23056 27157 10541 33424 5270 20594 59259 12362 14845 44597 26668 15282 26495 35297 14936 10622 32488 21866 64743 31379 8099 15669 41636 27879 64804 63420 53958 43640 30250 11650

19133 14415 4124 7502 21736 4258 12148 8180 24693 17191 5611 2952 5851 5337 11613 17111 9697 5918 11525 19369 13673 12852 3268 8547 9073 1634 29479 2801 5623 13172 7620 3075 8745 9583 10952 10784 8420 6693 33190 6967 5560 10615 23935 14794 33148 32667 28750 23156 7022 11361

175156 190444 281463 355282 238383 258749 406770 325852 225170 205569 253234 264755 294457 314332 211356 210756 242970 289434 287742 170788 273327 239639 248102 332568 222222 279224 124051 257875 238875 392519 271962 254436 261534 380835 205405 233251 365874 308872 262243 348348 234998 267212 177231 219819 183947 276549 279934 151733 352989 210046

31417 23339 11056 15023 33379 9282 22113 11424 38298 25597 5582 2430 7436 13292 19279 25460 12766 7551 15708 32571 19387 22351 1601 18629 11698 6794 49650 800 9022 26549 15038 4846 16963 18384 18146 14626 16408 8878 52990 15002 5683 14150 36827 24738 53033 52629 45921 39055 14201 16091

22292 15532 8585 15815 27305 6079 22449 14122 31534 21286 7458 6609 10790 12212 11525 20448 11037 10887 16351 22629 18460 14092 5916 13959 8953 7422 37089 5247 2958 20575 9380 4675 9917 18779 10579 12122 17129 11995 44699 15038 5121 14086 30040 16086 42325 43386 37782 28046 15128 11164

35887 29205 12480 18630 41122 13061 25455 22151 45465 34940 19069 15598 19892 12207 23976 34080 23982 19991 27757 35640 30912 23444 16099 10314 22275 13699 50490 15413 16118 8049 15128 14256 17411 21687 23945 25034 19991 19843 58502 16718 17362 26420 43931 26395 56547 57636 51882 41202 17925 24545

12035 8916 3727 7937 15528 2988 11116 8229 17556 12413 5826 4628 6632 5471 6476 11884 7270 6678 9817 11792 10828 6101 4440 5425 6843 4123 18722 4120 3693 8596 2220 3580 3285 9358 7288 8021 8567 7210 23593 7374 4435 8731 16331 7478 21757 23235 20550 14388 7608 8162

16816 12300 4673 8907 19038 3674 13346 7880 21863 14695 4330 2861 5655 6838 9623 14610 7526 5719 9982 17041 12034 11338 2398 8891 6931 3300 26701 1952 3900 13310 6886 1199 7961 10895 8991 8573 9784 6460 29982 8388 3574 9112 21992 12670 30199 29780 26037 20660 8448 9382

33291 24043 13451 25678 45466 10386 35106 25927 51477 34720 17347 15249 21192 18623 16808 32845 22433 21329 29985 32571 32982 15695 14693 18486 19385 13751 53121 13742 10951 27888 8982 12141 7346 30148 19402 23889 27802 22904 67566 24266 14025 26766 46032 19779 62514 69570 61607 40269 24685 21808

946126 772783 372672 171891 941607 399465 229188 203364 1052973 801673 322800 261306 229995 336196 681269 810550 496143 258078 549405 987768 631719 728398 261790 467575 512606 298912 1361570 298428 451435 644793 516318 354111 575875 130895 640112 556184 145421 201588 1394657 221440 377998 514543 1052973 803126 1415639 1359472 1209370 1121245 178024 610899

11074 6516 9745 14620 17265 8055 18070 12049 20125 11582 7198 7592 9802 12191 5780 10692 6792 9607 10578 11927 12000 8559 6353 13369 4891 8961 21336 7495 5951 17830 10200 7109 9514 16229 3176 7028 15116 10875 27174 14096 5378 9051 16956 8848 24582 28075 24330 15579 14222 4326

15829 11730 12055 14909 14887 10463 18181 11400 18098 9950 5307 7379 8870 14516 10865 10202 3806 8340 7557 17293 9159 13994 5984 16447 4154 10495 26946 6793 8459 21470 13235 8116 13697 16483 8500 2992 15221 10444 27326 15353 4886 5837 17073 14319 27353 27097 22842 21406 14443 7022

260549 211357 97602 40426 259264 105128 73603 59561 291477 219479 83331 65940 56946 87232 185247 222003 132614 73007 147849 269818 171160 198738 65986 124584 137295 76540 378755 76494 119995 174969 138442 92233 155375 45566 173638 149685 32993 48961 388070 54606 99025 137846 290926 219984 394035 378067 335391 310337 42170 165240

137814 108160 60774 37261 137095 58008 63568 27330 156514 113056 30982 20497 15076 61549 97731 114578 60691 24757 69875 142959 83983 109515 20525 84066 63513 44425 209073 26860 58395 114439 80082 42378 87468 46721 85421 70981 39142 10262 214743 41936 40442 63900 156127 117123 218284 208713 182987 167828 34439 80359

45190 41683 54470 59493 29821 51403 65177 52117 27688 32544 40378 44494 47243 59211 47631 34351 38581 46820 37823 48504 35461 53659 42775 64357 39250 51465 40960 44335 48318 73399 57395 46882 55712 61907 44450 37012 59475 50292 21387 60630 40660 36889 30385 54285 34060 23696 24243 45428 59070 41092

22574 17974 7146 4104 23542 8089 8618 6428 26371 19848 7822 5211 5621 5744 15256 19762 12226 7047 13579 22804 15670 16305 5658 9081 11939 5543 32644 6154 9417 13583 10795 6937 12308 6121 14604 13612 4997 4907 35329 2829 8519 12693 26231 18261 35444 34157 30344 26490 3636 14436

80057 56481 38011 53182 85773 30699 70728 39587 100523 63100 15801 16494 27925 49316 49862 62659 25677 26917 44210 82915 51564 61965 10086 58183 22567 30846 133135 13847 23134 81255 43390 19877 47404 61209 39209 31140 55409 33472 142906 53119 5043 36309 95817 63289 143032 141855 122313 103360 50787 35364

58028 43758 39723 42962 45043 36260 52917 32225 54677 40086 13627 20427 24504 44777 41119 40854 14800 22884 13348 60736 18235 50669 16196 54356 20636 32504 91957 20846 31401 69686 44861 27673 47528 47737 33928 18849 43884 29335 84235 44763 19379 8098 61825 51661 93199 81191 68206 73289 41538 29391

11687 10319 16111 18256 9625 14832 20714 15620 8793 7559 11041 12598 13719 17960 12502 7885 9913 13320 12732 13667 11825 14853 11550 19329 10071 15090 13193 12158 13052 23103 16310 14031 15654 19439 11261 9301 18490 14901 14420 18590 10725 11440 5775 15097 13994 15320 12357 14935 17905 9951

19812 14312 16981 25818 30875 14743 32575 23312 35262 22118 16250 16268 19856 20756 9331 20750 16000 19556 21825 17087 24012 9543 14550 20656 13087 17100 32087 14856 12481 27518 13718 14262 12525 28893 11225 16375 27181 21506 46393 24875 13050 19475 30675 7275 38943 47856 42043 22706 25093 12993

107792 115691 168663 190737 120397 157010 210766 169251 113618 103562 131938 144628 153760 185526 134768 109304 122750 150511 145721 113954 138325 149278 136084 193650 124879 163256 89976 141042 142499 224408 164573 150483 160511 200373 123367 117764 192641 163396 108212 193454 129361 135188 93057 139110 68042 115551 117288 104178 187935 125748

50320 46673 57109 60151 29943 53921 66703 53124 27725 37172 40919 45381 48057 62039 52583 39050 40589 46994 38262 53765 35074 58814 42605 65905 40553 53307 45922 46572 49175 75966 59473 49220 61003 63303 49184 38958 60774 51227 25572 61352 42752 37291 34927 59519 38748 21302 24143 50567 59235 45803

13547 12443 15576 16502 7348 14610 18481 14368 6676 9565 10672 12024 12834 17069 14205 10134 10572 12512 9867 15145 8902 16103 11183 18240 10561 14424 14940 12384 13172 21287 16292 13186 16755 17451 13197 10078 16686 13794 8777 16860 11227 9573 9046 16305 12767 8172 5591 17640 16219 12151

1568 1572 2542 3371 2975 2287 3928 3020 3140 2117 2205 2361 2682 2911 1756 1983 2142 2611 2713 1300 2927 2073 2174 3115 1857 2517 2006 2297 2064 3788 2435 2239 2318 3664 1740 2179 3495 2856 3556 3292 2072 2483 2603 1850 2678 3717 4040 1087 3300 1792

101089 81178 34056 14036 101528 37057 34221 24448 114155 85625 31329 21905 20807 29883 69009 86632 50983 27212 57059 102699 66392 74352 23899 44780 51935 25656 147937 26114 42986 64873 50343 31915 56510 23076 66429 57791 18025 17622 155129 16909 36673 53106 114118 82825 155275 148907 131888 119151 11949 63080

7969 4856 7095 9693 10916 5941 11999 7886 12864 7029 4190 4847 6351 8766 4903 6421 3907 6030 6493 8552 7464 6801 4001 9570 2614 6560 14979 4498 4503 12617 7978 5294 7448 10753 3124 4073 9987 7090 17673 9684 3335 5450 10694 6998 17196 18323 15742 11047 9376 2000

13 19 26725
11 46 56007
7 14 47096
25 48 62319
1 27 43147
18 25 65738
14 38 60146
10 28 23879
23 42 58255
29 45 15821
12 42 58250
32 34 68356
24 42 42339
3 8 48787
14 46 14670
13 38 62418
40 47 42305
32 43 15482
10 21 14136
0 18 12917
13 23 46199
20 49 54597
1 2 49769
7 30 18768
3 21 56471
1 19 30568
2 9 53777
9 44 68503
1 4 49321
14 31 32869
3 19 22202
26 29 18189
24 45 18875
26 40 59299
20 46 22650
9 25 64165
14 49 55036
21 49 12796
23 38 18043
2 10 55433
18 48 30760
3 28 66294
8 39 65932
5 34 63099
7 47 57223
18 23 10601
7 8 55517
5 14 29527
2 25 16084
28 33 11795
34 35 44588
1 24 64426
5 37 56392
36 43 24356
20 44 25336
6 9 42862
37 46 57067
36 44 21255
30 32 53507
3 39 36388
25 26 44124
0 30 65710
43 44 56720
35 36 65142
9 11 55008
11 18 69370
3 10 59307
19 47 52186
33 40 12165
2 42 67350
29 44 49761
34 42 32925
24 30 15785
21 43 45692
21 47 38167
3 13 63009
40 42 58437
16 19 23683
44 45 34678
21 31 16663
4 25 37621
2 15 21408
17 44 11088
27 32 24012
19 29 35764
20 36 26424
20 38 69017
4 30 22831
20 24 37679
15 40 64667
33 45 61362
20 27 23945
3 22 60376
3 26 60224
38 39 19086
31 36 57526
20 37 59593
18 27 68393
8 12 51854
15 29 13901
7 24 17885
9 41 31614
17 30 48969
5 31 23670
7 17 19449
11 37 29278
7 19 28821
6 24 67886
9 34 42961
27 40 65643
5 24 14548
46 48 10581
0 46 17050
1 31 15636
13 44 36736
19 42 54958
8 17 44203
1 5 47896
12 18 19931
5 43 24024
2 35 54705
22 47 23435
29 31 37969
0 40 57223
40 49 13658
12 45 59198
22 30 44748
1 22 15393
36 41 57591
14 33 38744
11 16 19294
34 46 17618
37 48 12500
10 43 10406
0 12 31288
19 24 21949
10 17 29684
19 27 62253
7 20 19834
13 14 14788
8 13 57895
12 40 24382
1 43 27512
10 41 17087
14 45 42161
0 20 66392
14 35 62045
17 32 28506
15 35 56430
26 27 11975
20 29 54673
27 44 41134
0 21 25410
15 26 34784
0 8 28356
4 42 41211
17 48 23982
14 22 63104
21 34 46605
16 45 23715
24 47 43990
0 39 68042
1 45 31333
4 41 46490
16 32 20590
16 30 64764
1 10 58440
30 33 40275
0 22 69159
29 35 20416
29 36 57206
35 39 57053
30 41 46942
5 38 26860
15 33 16283
34 47 31245
34 44 23251
5 30 20470
5 9 61895
10 40 69681
21 28 34589
18 28 46567
4 19 40814
22 23 49999
15 19 11351
12 14 59170
2 36 33353
35 48 37476
12 24 64416
21 44 69958
2 13 51191
18 24 38405
10 36 20141
14 17 24666
5 39 27038
6 23 30732
6 29 19429
11 19 27620
0 27 13149
4 27 18588
35 37 38036
8 35 60355
25 46 17783
21 37 27120
9 16 29357
45 49 24066
40 44 48366
3 9 42609
43 45 34537
24 38 52403
6 16 42289
0 45 59126
13 37 28969
38 45 25246
0 25 51267
4 24 42463
46 49 14415
13 24 26762
28 31 69939
25 38 20974
19 35 26719
34 38 63272
13 25 61522
10 14 36861
16 25 17937
12 16 18559
27 29 69736
38 46 27367
8 15 48322
9 23 12884
3 40 48098
23 41 28501
13 41 15381
32 47 55881
1 21 45621
40 45 34738
11 34 22090
7 18 36129
4 16 19489
1 20 58770
18 39 18531
26 28 63922
8 25 60038
21 46 49644
9 36 19167
13 39 41304
17 29 22106
11 39 35725
44 48 58067
2 32 34188
31 41 46699
4 17 26928
0 24 27459
27 33 50364
5 33 65932
10 42 35397
44 49 58923
7 15 17809
20 31 64907
27 41 49388
20 33 20693
11 27 43004
19 22 67889
3 33 38217
8 40 41027
10 46 55652
6 36 15098
12 36 65260
6 7 21781
36 40 24587
3 24 54029
13 49 42455
10 26 18508
39 41 44066
20 25 34241
24 37 27675
3 11 27513
35 45 46348
23 30 65544
6 45 27722
29 40 22678
11 44 42242
1 38 56793
15 23 52280
13 31 22605
38 40 52725
2 11 17676
42 48 23671
28 39 60534
26 35 24725
16 34 63059
12 48 23370
2 17 69872
5 10 13089
17 24 63730
0 37 53042
35 47 58741
23 24 68828
33 47 48301
32 35 22664
10 48 23415
13 36 32330
8 42 55120
26 34 44066
9 31 18538
3 38 19360
9 12 61742
0 7 36051
3 20 67851
16 43 69428
34 41 65916
13 20 20528
43 49 41669
16 17 52709
38 48 62809
46 47 66418
0 28 47576
33 34 22627
17 42 32231
8 47 50252
2 33 49496
11 43 37432
15 46 63622
16 20 61510
18 43 52664
1 6 69495
30 31 44551
20 41 41404
17 40 68322
17 37 34995
4 10 54069
8 26 33879
30 38 57325
15 49 51331
12 20 67946
27 34 18005
2 22 60691
14 24 11829
26 36 56200
27 35 10684
12 46 11256
14 28 52115
0 11 33355
9 24 55068
23 36 34823
2 7 38306
23 48 63628
21 30 12398
14 26 63077
19 33 25858
33 44 64794
25 41 42572
6 35 65433
31 32 58415
3 30 46224
6 28 48096
1 34 57909
20 48 20775
34 49 31643
2 38 68374
30 49 45770
22 45 15711
4 13 32252
30 37 45237
5 17 57042
10 27 30197
29 46 65385
9 15 59875
20 26 32026
37 41 51584
47 48 12701
40 48 45425
30 45 33699
17 23 36057
7 35 30493
30 47 10664
13 16 16505
4 46 24120
19 49 25206
9 27 69582
11 15 52122
3 49 19999
4 38 54296
4 45 59697
39 44 68414
1 46 42663
27 46 37793
12 43 68466
27 43 53438
28 38 59436
15 18 66839
11 36 41350
0 10 17289
0 4 41233
26 33 28729
22 27 16473
6 14 61431
2 40 24113
18 47 18490
1 18 35599
6 48 65698
3 31 21192
6 49 11024
11 17 41539
3 44 59392
20 32 43660
23 39 42203
2 41 65897
12 47 57780
35 46 57409
40 41 17621
14 47 52044
1 37 67408
4 40 14059
17 43 41741
10 12 17964
6 38 46722
14 21 69534
11 42 28572
2 14 42302
2 5 11111
8 31 37553
13 15 25794
11 25 30543
14 36 68786
14 25 44523
2 43 37016
1 30 12358
7 40 10779
4 48 45506
24 33 50101
4 39 18619
15 34 68841
5 36 63268
18 41 50158
2 37 58232
16 38 36927
1 16 22360
34 39 66272
26 37 36849
26 42 21912
36 49 26035
0 2 18893
11 28 31462
4 11 42237
1 40 50634
0 5 39426
20 35 31102
29 43 62310
29 33 57998
6 40 63404
11 30 15563
6 17 37693
32 49 31341
33 42 36106
36 39 36479
15 39 18006
37 42 15264
0 48 50980
19 20 18785
26 41 50770
16 40 31080
8 37 27404
24 40 61754
1 44 24347
6 22 19704
12 15 49985
16 26 63417
18 34 44208
15 22 58399
25 45 30266
34 48 68263
3 32 26576
22 28 51302
18 29 29724
21 48 58814
9 48 31935
27 42 59151
6 46 19915
18 33 36387
23 27 59291
14 29 25461
33 46 54093
10 35 26984
33 36 46802
25 30 20198
11 14 65606
38 41 54809
16 29 37605
37 38 46585
6 47 15736
2 12 30517
2 8 67666
14 16 45284
34 43 22270
2 3 34155
7 37 54988
21 25 14398
32 37 27572
4 9 41338
3 12 62797
10 19 59981
5 32 39600
14 44 19373
28 32 41282
11 47 59325
2 39 20329
23 43 15359
18 37 60618
17 35 42387
41 44 53889
5 27 49908
5 18 57848
35 40 37981
22 44 19034
42 43 34650
16 21 60322
5 29 14639
13 32 31601
11 48 27926
12 35 63368
5 47 37337
23 35 48443
20 43 61033
38 43 12620
22 42 60714
20 45 37330
23 28 69752
9 17 65112
37 49 67045
43 48 41089
43 46 10050
9 35 57025
25 29 22832
3 23 31566
23 25 28306
12 23 12156
21 29 41895
22 33 45808
27 48 62774
28 43 14281
25 44 29696
16 47 54824
29 37 14272
33 37 69820
15 43 16001
8 45 51065
14 39 60141
10 13 20640
6 34 12665
17 49 18066
45 46 14007
0 47 52145
15 25 68653
7 28 17182
2 16 66909
3 46 11508
15 45 56656
1 26 18802
0 15 66620
20 28 53700
28 30 62034
12 32 18812
2 48 40725
32 41 14865
41 42 40379
4 15 11173
0 34 29164
21 24 24416
12 39 46982
28 48 21937
23 49 40841
4 43 18820
16 37 18904
9 14 45113
6 8 18640
11 40 24905
7 34 26177
11 45 68781
27 38 47688
18 42 40985
0 26 28990
22 34 63839
22 38 35272
3 37 39785
2 23 23163
18 35 32180
19 38 41293
34 40 69819
13 26 40982
8 11 37912
7 48 53519
16 23 45159
18 45 58867
28 34 24243
3 17 50024
26 46 29245
39 42 37559
32 38 69189
38 42 43662
43 47 26683
14 43 33268
32 39 26645
5 13 35504
22 41 42172
27 39 61758
0 49 56287
31 44 69220
23 40 30077
5 35 67210
35 49 59051
17 38 13204
22 43 26199
20 42 52889
8 29 38476
0 32 68127
9 43 66052
4 31 12799
24 36 39419
16 39 18013
37 47 55924
1 32 19473
23 44 61532
8 43 31082
18 49 68341
1 15 27917
11 13 11106
7 49 27585
26 43 55476
31 45 22437
27 45 13389
24 48 12159
31 40 45705
0 35 30034
31 37 49806
6 18 30020
8 22 33934
2 6 36092
6 27 41382
28 42 66154
23 32 33301
15 48 30432
4 37 69358
6 19 61644
9 42 13320
7 41 49977
0 42 59770
12 13 21515
11 35 64919
1 14 41332
4 6 29528
7 10 50842
9 18 50805
8 20 33202
24 28 11924
5 6 61288
19 39 51119
31 42 25173
15 20 18873
26 45 48737
24 27 49753
16 46 34405
29 30 63039
39 40 25457
0 1 66583
36 47 42844
20 39 57620
16 49 30516
13 40 21078
1 11 29002
14 30 38813
4 34 56523
21 26 49434
36 45 50313
18 20 48166
1 8 64898
31 33 30289
15 41 50078
22 39 28555
1 25 25207
18 21 33552
5 26 48083
30 36 18192
37 43 14357
29 49 23427
3 41 20116
14 48 65645
18 22 64546
10 18 47432
38 44 26660
2 28 55425
36 38 27184
6 44 63209
12 27 48464
17 21 54784
12 21 59791
29 42 33450
1 7 42404
7 42 32449
10 22 44529
0 9 13548
0 17 61262
31 34 31051
29 48 52982
5 48 41575
44 46 21359
22 36 60022
25 35 14006
18 31 13579
5 22 18576
8 30 29214
7 23 37132
18 40 68802
8 46 49549
20 40 53632
7 29 22228
9 29 59665
21 41 49276
12 37 16773
27 47 49239
5 42 18079
20 22 62199
41 46 18565
11 20 11287
12 44 52805
9 26 63349
19 45 13220
19 36 16254
10 33 47895
5 16 35669
18 30 50783
25 33 51443
11 22 39074
26 49 23976
27 28 46568
