50 50 1103
25000 25000 25000 25000 25000 25000 25000 25000 25000 25000 25000 25000 25000 25000 25000 25000 25000 25000 25000 25000 25000 25000 0 25000 25000 25000 25000 25000 25000 25000 25000 25000 25000 25000 25000 25000 25000 25000 25000 25000 25000 25000 25000 25000 25000 25000 25000 25000 25000 25000
2609 3292 6739 8933 6803 5984 10355 7650 8084 4246 5219 5776 6641 7816 4374 3847 5033 6429 6719 3660 7358 5396 5219 8345 4182 6387 7391 5542 5038 10349 6400 5558 6051 9568 3792 4898 9064 7159 11178 8697 4781 6033 6661 5299 8845 11656 9977 5301 8663 3947

2368 1148 3204 4509 4028 2752 5457 3845 4791 2504 2396 2628 3220 3859 1838 2266 2285 3117 3299 2596 3680 2582 2296 4205 1779 2994 5115 2491 2189 5399 3046 2499 2838 4940 1446 2351 4642 3507 6634 4369 2035 2890 3943 2607 5984 6919 5919 3574 4385 1538

38119 28711 4914 17161 44553 7030 26409 19622 50450 35490 13876 9147 14977 9987 21848 35330 20546 15111 25670 37312 29954 23679 9828 13734 19303 6568 57472 8895 11180 22957 12390 7341 15489 21294 21806 22713 18992 16657 67393 15523 12297 23856 48568 27686 66066 66973 59161 44864 16203 22621

94158 75406 32372 11548 94124 35112 29982 21024 105322 79267 29681 21275 20071 28595 64292 80186 47630 25921 53179 95094 61702 69206 23096 42165 48700 24701 135170 25118 40527 60515 47246 30416 52911 19804 61669 53847 15191 17163 141838 16712 34762 49569 105288 76944 142841 137025 121516 110118 12183 58878

1432 1277 1715 1883 566 1580 2152 1577 838 876 1061 1250 1363 1923 1524 955 1016 1318 949 1655 814 1789 1133 2087 1015 1583 2005 1269 1379 2512 1815 1381 1823 2008 1383 947 1901 1497 1685 1925 1108 908 1169 1798 2040 1600 1240 2003 1836 1237

29389 21549 6421 15994 35203 3514 23701 16197 40108 27663 10383 7483 12332 10627 15840 27251 15232 12444 20193 28704 23757 17769 7029 12654 13919 6260 45474 6253 6966 20326 9090 4947 10956 19446 15805 17035 17517 13730 54202 15093 8371 18684 38375 21102 52622 53852 47354 34986 15197 16483

181956 151443 81972 45118 179349 86890 28499 43134 199791 153664 65767 58805 48555 75277 138615 155294 97584 53176 107361 187467 122469 147325 56998 99391 102384 68433 259515 65619 96429 131920 108338 78565 118381 37594 126439 108605 40319 50569 262507 54213 78328 100962 199791 160389 266358 256048 228497 214099 46244 120958

70158 56137 33391 20160 68960 32030 26544 6370 78353 57158 16770 13571 8861 34044 51550 57907 31390 10985 35882 72690 42824 57376 12741 45125 33595 25346 105796 16702 32220 60071 42892 24339 46527 21820 44649 36454 21085 12128 107171 24366 22542 32942 78353 60248 108940 104203 91544 84928 20704 42130

1719 1555 2020 2186 797 1877 2480 1869 697 1127 1324 1525 1646 2242 1817 1211 1359 1593 1205 1956 1061 2099 1395 2416 1275 1880 1940 1538 1663 2869 2127 1665 2135 2327 1668 1203 2218 1789 1599 2239 1374 1156 1050 2109 1977 1509 1125 2149 2144 1511

1038 879 1459 1709 1024 1320 1995 1402 1305 464 869 1050 1181 1674 1133 546 738 1134 1066 1268 1206 1406 928 1875 768 1323 1950 999 1145 2314 1562 1115 1500 1846 988 667 1736 1318 1983 1748 832 916 1087 1416 1986 2088 1720 1628 1668 837

282030 211282 141015 156813 275986 123980 205925 104130 324205 216434 12638 46089 66146 165880 198300 220212 86408 58178 109075 294806 144106 241573 25277 212999 97536 105504 461992 48149 106122 288418 178793 81738 185456 180442 162789 111960 161484 89774 468792 165811 55499 94239 323380 245901 477721 453818 389938 356556 149807 140603

50691 38013 17684 20961 51754 16554 32069 15322 59686 41572 8429 1231 9073 20938 32781 41335 20566 9254 24295 52228 30058 37595 2463 29549 19775 11074 79235 3830 16712 41956 25571 10170 28589 26227 28724 24385 23131 11333 83247 20927 10350 21854 59166 41335 84557 81009 70500 62387 19673 26656

87703 68425 38207 29484 86090 36375 42477 15319 98955 70203 15832 11526 5185 43485 62653 71210 35513 11563 41561 91111 50906 70496 10371 57448 38482 27377 135275 15741 36631 77569 50998 26021 55891 35788 53362 42330 30731 11599 137529 32581 23565 37602 98735 74362 139911 133534 116492 107586 27615 49972

8994 7014 1953 3076 10270 2400 5044 4089 11525 8342 3428 2289 3530 1217 5553 8308 5162 3558 5938 8844 6878 5947 2434 2672 4897 1741 13134 2275 3283 4634 3544 2352 4204 3955 5544 5623 3465 3423 15131 2520 3406 5551 11125 6799 14963 15041 13379 10451 2868 5718

22109 13806 17181 27575 34163 13983 36054 25399 39559 23393 16297 15828 21148 21809 7310 21709 15513 20779 22678 21463 25368 12569 14621 24038 11931 16866 39913 14091 11169 32479 15843 13360 14375 31372 9640 15974 29250 22701 52897 26598 12776 19787 33563 13114 48346 54681 47531 28374 26698 11815

16807 14001 25640 30561 19556 22905 35602 25154 24505 9679 15763 18421 21255 29433 18478 8135 13451 20437 19232 20868 21699 23300 16271 32126 12619 23236 35094 17533 19253 39867 26303 19556 24957 32986 15933 12196 31041 23680 36455 30709 14579 16581 19881 23476 36497 38302 31816 27205 29842 13261

10299 7390 7031 8472 10011 6048 10492 6305 12559 6963 2542 3918 4743 8551 6856 7119 1531 4415 4164 10825 5152 8788 3062 9992 2712 6068 17458 3782 5031 13093 7754 4593 8294 9443 5401 2666 8664 5714 17692 8842 2599 3101 11362 8989 17709 17551 14924 13365 8184 4483

175305 136474 78453 73100 171987 74683 92515 36644 198000 139301 27445 23562 23034 89311 126332 141375 67935 11423 80376 182317 99603 144881 22846 118038 74042 56173 274079 32233 75211 159433 104768 53383 114834 79433 107218 81959 75663 36305 280374 79396 45918 72233 198000 150423 282712 269592 234531 216209 69254 97680

14104 10872 9452 10186 10309 8668 12441 7754 12529 10040 3542 5082 6005 10597 10274 10214 4313 5638 2061 14718 4237 12438 4123 12767 5635 7817 21789 5177 8073 16239 11122 6723 11726 11267 8646 5230 10401 7099 19186 10594 5350 2795 14964 12662 22071 18497 15556 17561 9863 7618

4719 4738 8597 11897 10320 7583 14113 10500 12031 6905 7254 7875 9152 10064 5467 6371 7005 8870 9277 3656 10130 6729 7312 10878 5869 8497 9506 7622 6695 13554 8172 7390 7707 13238 5406 7151 12428 9845 15675 11583 6547 8360 10130 5845 12180 16314 14559 5847 11614 5613

2204 1718 1581 1691 1302 1463 2030 1326 1635 1593 693 924 1063 1760 1628 1619 733 1008 555 2296 390 1953 780 2079 931 1335 3066 939 1298 2600 1756 1171 1846 1853 1384 871 1722 1227 2673 1752 889 505 2041 1987 3108 2532 2090 2723 1643 1229

33087 23443 23170 37575 50155 19559 48702 36072 57236 36022 26166 23493 30494 29263 14919 33813 25682 30655 35084 31815 38614 11166 22333 29102 20982 23524 56025 21214 17380 40178 17905 20255 15978 42538 17975 26288 39775 32512 74738 35911 21002 31291 49368 15978 67091 77038 67697 40884 36405 20830

29547 21819 12087 14277 30208 10393 19877 9670 34960 23989 3801 2252 5847 14071 19650 23844 11199 6260 13471 30993 16984 22873 0 19319 10703 8017 46945 2293 10145 26881 15889 6157 17728 16757 16158 13513 14856 7665 50147 14257 4959 11984 34713 24051 50189 48040 41634 36675 13492 14897

19258 15154 4883 8660 22473 5240 12851 10822 25140 18677 8930 6798 9435 4715 11943 18148 11947 9496 14265 19106 16203 11616 7106 3553 10898 5631 28226 6684 7117 7725 6509 5973 7911 10537 11924 12593 9496 9405 33421 7486 7881 13444 24198 13429 31946 32615 29081 22522 8227 12293

32600 22120 24063 31410 36263 20115 39682 24603 43406 26098 11050 13644 18976 29538 20197 24684 10012 17796 19495 34493 23056 27157 10541 33424 5270 20594 59259 12362 14845 44597 26668 15282 26495 35297 14936 10622 32488 21866 64743 31379 8099 15669 41636 27879 64804 63420 53958 43640 30250 11650

19133 14415 4124 7502 21736 4258 12148 8180 24693 17191 5611 2952 5851 5337 11613 17111 9697 5918 11525 19369 13673 12852 3268 8547 9073 1634 29479 2801 5623 13172 7620 3075 8745 9583 10952 10784 8420 6693 33190 6967 5560 10615 23935 14794 33148 32667 28750 23156 7022 11361

175156 190444 281463 355282 238383 258749 406770 325852 225170 205569 253234 264755 294457 314332 211356 210756 242970 289434 287742 170788 273327 239639 248102 332568 222222 279224 124051 257875 238875 392519 271962 254436 261534 380835 205405 233251 365874 308872 262243 348348 234998 267212 177231 219819 183947 276549 279934 151733 352989 210046

31417 23339 11056 15023 33379 9282 22113 11424 38298 25597 5582 2430 7436 13292 19279 25460 12766 7551 15708 32571 19387 22351 1601 18629 11698 6794 49650 800 9022 26549 15038 4846 16963 18384 18146 14626 16408 8878 52990 15002 5683 14150 36827 24738 53033 52629 45921 39055 14201 16091

22292 15532 8585 15815 27305 6079 22449 14122 31534 21286 7458 6609 10790 12212 11525 20448 11037 10887 16351 22629 18460 14092 5916 13959 8953 7422 37089 5247 2958 20575 9380 4675 9917 18779 10579 12122 17129 11995 44699 15038 5121 14086 30040 16086 42325 43386 37782 28046 15128 11164

35887 29205 12480 18630 41122 13061 25455 22151 45465 34940 19069 15598 19892 12207 23976 34080 23982 19991 27757 35640 30912 23444 16099 10314 22275 13699 50490 15413 16118 8049 15128 14256 17411 21687 23945 25034 19991 19843 58502 16718 17362 26420 43931 26395 56547 57636 51882 41202 17925 24545

12035 8916 3727 7937 15528 2988 11116 8229 17556 12413 5826 4628 6632 5471 6476 11884 7270 6678 9817 11792 10828 6101 4440 5425 6843 4123 18722 4120 3693 8596 2220 3580 3285 9358 7288 8021 8567 7210 23593 7374 4435 8731 16331 7478 21757 23235 20550 14388 7608 8162

16816 12300 4673 8907 19038 3674 13346 7880 21863 14695 4330 2861 5655 6838 9623 14610 7526 5719 9982 17041 12034 11338 2398 8891 6931 3300 26701 1952 3900 13310 6886 1199 7961 10895 8991 8573 9784 6460 29982 8388 3574 9112 21992 12670 30199 29780 26037 20660 8448 9382

33291 24043 13451 25678 45466 10386 35106 25927 51477 34720 17347 15249 21192 18623 16808 32845 22433 21329 29985 32571 32982 15695 14693 18486 19385 13751 53121 13742 10951 27888 8982 12141 7346 30148 19402 23889 27802 22904 67566 24266 14025 26766 46032 19779 62514 69570 61607 40269 24685 21808

946126 772783 372672 171891 941607 399465 229188 203364 1052973 801673 322800 261306 229995 336196 681269 810550 496143 258078 549405 987768 631719 728398 261790 467575 512606 298912 1361570 298428 451435 644793 516318 354111 575875 130895 640112 556184 145421 201588 1394657 221440 377998 514543 1052973 803126 1415639 1359472 1209370 1121245 178024 610899

11074 6516 9745 14620 17265 8055 18070 12049 20125 11582 7198 7592 9802 12191 5780 10692 6792 9607 10578 11927 12000 8559 6353 13369 4891 8961 21336 7495 5951 17830 10200 7109 9514 16229 3176 7028 15116 10875 27174 14096 5378 9051 16956 8848 24582 28075 24330 15579 14222 4326

15829 11730 12055 14909 14887 10463 18181 11400 18098 9950 5307 7379 8870 14516 10865 10202 3806 8340 7557 17293 9159 13994 5984 16447 4154 10495 26946 6793 8459 21470 13235 8116 13697 16483 8500 2992 15221 10444 27326 15353 4886 5837 17073 14319 27353 27097 22842 21406 14443 7022

260549 211357 97602 40426 259264 105128 73603 59561 291477 219479 83331 65940 56946 87232 185247 222003 132614 73007 147849 269818 171160 198738 65986 124584 137295 76540 378755 76494 119995 174969 138442 92233 155375 45566 173638 149685 32993 48961 388070 54606 99025 137846 290926 219984 394035 378067 335391 310337 42170 165240

137814 108160 60774 37261 137095 58008 63568 27330 156514 113056 30982 20497 15076 61549 97731 114578 60691 24757 69875 142959 83983 109515 20525 84066 63513 44425 209073 26860 58395 114439 80082 42378 87468 46721 85421 70981 39142 10262 214743 41936 40442 63900 156127 117123 218284 208713 182987 167828 34439 80359

45190 41683 54470 59493 29821 51403 65177 52117 27688 32544 40378 44494 47243 59211 47631 34351 38581 46820 37823 48504 35461 53659 42775 64357 39250 51465 40960 44335 48318 73399 57395 46882 55712 61907 44450 37012 59475 50292 21387 60630 40660 36889 30385 54285 34060 23696 24243 45428 59070 41092

22574 17974 7146 4104 23542 8089 8618 6428 26371 19848 7822 5211 5621 5744 15256 19762 12226 7047 13579 22804 15670 16305 5658 9081 11939 5543 32644 6154 9417 13583 10795 6937 12308 6121 14604 13612 4997 4907 35329 2829 8519 12693 26231 18261 35444 34157 30344 26490 3636 14436

80057 56481 38011 53182 85773 30699 70728 39587 100523 63100 15801 16494 27925 49316 49862 62659 25677 26917 44210 82915 51564 61965 10086 58183 22567 30846 133135 13847 23134 81255 43390 19877 47404 61209 39209 31140 55409 33472 142906 53119 5043 36309 95817 63289 143032 141855 122313 103360 50787 35364

58028 43758 39723 42962 45043 36260 52917 32225 54677 40086 13627 20427 24504 44777 41119 40854 14800 22884 13348 60736 18235 50669 16196 54356 20636 32504 91957 20846 31401 69686 44861 27673 47528 47737 33928 18849 43884 29335 84235 44763 19379 8098 61825 51661 93199 81191 68206 73289 41538 29391

11687 10319 16111 18256 9625 14832 20714 15620 8793 7559 11041 12598 13719 17960 12502 7885 9913 13320 12732 13667 11825 14853 11550 19329 10071 15090 13193 12158 13052 23103 16310 14031 15654 19439 11261 9301 18490 14901 14420 18590 10725 11440 5775 15097 13994 15320 12357 14935 17905 9951

19812 14312 16981 25818 30875 14743 32575 23312 35262 22118 16250 16268 19856 20756 9331 20750 16000 19556 21825 17087 24012 9543 14550 20656 13087 17100 32087 14856 12481 27518 13718 14262 12525 28893 11225 16375 27181 21506 46393 24875 13050 19475 30675 7275 38943 47856 42043 22706 25093 12993

107792 115691 168663 190737 120397 157010 210766 169251 113618 103562 131938 144628 153760 185526 134768 109304 122750 150511 145721 113954 138325 149278 136084 193650 124879 163256 89976 141042 142499 224408 164573 150483 160511 200373 123367 117764 192641 163396 108212 193454 129361 135188 93057 139110 68042 115551 117288 104178 187935 125748

50320 46673 57109 60151 29943 53921 66703 53124 27725 37172 40919 45381 48057 62039 52583 39050 40589 46994 38262 53765 35074 58814 42605 65905 40553 53307 45922 46572 49175 75966 59473 49220 61003 63303 49184 38958 60774 51227 25572 61352 42752 37291 34927 59519 38748 21302 24143 50567 59235 45803

13547 12443 15576 16502 7348 14610 18481 14368 6676 9565 10672 12024 12834 17069 14205 10134 10572 12512 9867 15145 8902 16103 11183 18240 10561 14424 14940 12384 13172 21287 16292 13186 16755 17451 13197 10078 16686 13794 8777 16860 11227 9573 9046 16305 12767 8172 5591 17640 16219 12151

1568 1572 2542 3371 2975 2287 3928 3020 3140 2117 2205 2361 2682 2911 1756 1983 2142 2611 2713 1300 2927 2073 2174 3115 1857 2517 2006 2297 2064 3788 2435 2239 2318 3664 1740 2179 3495 2856 3556 3292 2072 2483 2603 1850 2678 3717 4040 1087 3300 1792

101089 81178 34056 14036 101528 37057 34221 24448 114155 85625 31329 21905 20807 29883 69009 86632 50983 27212 57059 102699 66392 74352 23899 44780 51935 25656 147937 26114 42986 64873 50343 31915 56510 23076 66429 57791 18025 17622 155129 16909 36673 53106 114118 82825 155275 148907 131888 119151 11949 63080

7969 4856 7095 9693 10916 5941 11999 7886 12864 7029 4190 4847 6351 8766 4903 6421 3907 6030 6493 8552 7464 6801 4001 9570 2614 6560 14979 4498 4503 12617 7978 5294 7448 10753 3124 4073 9987 7090 17673 9684 3335 5450 10694 6998 17196 18323 15742 11047 9376 2000

27 36 56151
13 32 29220
27 39 68553
38 48 39321
25 39 10057
9 26 31605
3 46 23741
4 41 23832
5 29 53351
7 19 10950
34 48 63836
23 36 20979
24 29 14585
17 26 47510
0 35 45481
14 23 28377
19 32 55122
31 32 11187
21 23 29143
2 8 12096
21 47 42403
1 40 17254
19 20 54876
20 37 27967
26 44 13764
8 18 53335
32 38 31000
3 32 58053
30 39 65231
3 39 45403
16 42 37768
18 45 63524
38 39 64623
24 28 48463
33 42 32844
34 47 16822
16 28 10067
5 48 58728
11 46 30655
12 17 65562
6 19 59678
37 45 36633
2 18 16540
15 46 16405
24 40 14142
25 35 52021
14 34 34782
22 34 11407
7 11 53208
8 12 53925
25 30 13503
13 27 37754
8 13 61180
2 34 58379
39 48 67864
9 39 17086
0 25 53856
21 25 28863
4 43 65139
2 7 61229
21 48 16408
0 4 45049
35 37 54752
20 38 11030
14 28 23512
14 42 29738
3 47 29996
45 48 35722
16 23 18465
2 46 50651
4 12 31283
2 42 20285
1 30 29426
22 48 49967
21 49 26690
2 5 45711
7 28 44130
5 21 51472
32 48 47118
1 8 27338
24 35 35397
38 41 50621
1 22 67235
2 6 38719
6 7 51142
22 41 65098
8 35 45805
39 44 34998
15 29 23960
18 32 53086
3 30 26226
30 49 42511
24 47 40277
4 6 23121
23 42 55684
27 38 65932
2 12 55002
22 29 15679
3 11 31654
3 15 15610
22 47 68473
5 11 65080
13 29 25895
46 48 27898
18 21 45046
22 35 42586
5 26 63610
7 14 19176
6 40 36200
0 2 40727
0 45 48657
12 36 13739
26 28 21348
16 38 45891
3 29 42458
40 42 62490
26 37 40988
25 49 30405
22 27 39630
27 29 67091
4 37 25633
18 24 68000
32 40 51744
25 40 55911
2 39 21120
18 23 37427
28 32 51842
16 47 18264
0 48 43107
22 44 25638
11 34 23874
14 37 41579
20 40 20718
29 40 51913
5 28 11620
34 44 67907
20 24 24498
16 36 65230
18 37 29225
6 42 62841
16 27 48099
11 25 67882
5 49 66581
0 14 59447
16 35 55915
20 26 39038
2 9 64080
11 17 39045
25 43 11586
30 34 33709
30 41 48278
5 30 27219
24 26 31708
6 38 30021
42 48 25272
1 14 54971
4 9 57449
15 22 67115
7 9 63236
13 18 30555
9 19 34895
10 41 29252
26 48 14276
13 21 45613
17 49 11164
2 22 15896
32 42 55663
46 49 37805
7 21 23268
23 39 14887
26 39 30646
21 46 61368
21 36 24912
31 48 27226
19 42 50814
37 48 22969
21 45 68407
17 45 57036
4 36 52015
29 46 69993
26 38 32888
17 29 30292
23 43 39355
32 47 66739
8 23 50314
9 29 54627
28 41 51710
3 42 49905
37 39 63884
26 42 57088
2 32 22602
9 23 28779
28 31 16339
23 31 26878
0 39 16534
0 19 29647
15 35 44918
22 32 14339
2 44 57452
17 39 58186
15 42 31370
12 39 30240
24 37 49553
4 35 46282
19 34 47466
19 22 42510
10 48 11393
8 24 58016
26 43 41688
1 26 53408
13 17 10150
21 42 64576
19 45 25843
17 34 39505
35 38 61315
22 37 18299
33 44 36275
18 42 55167
6 16 58204
12 21 42301
14 39 54397
9 10 10805
40 43 13222
20 45 60736
19 35 39826
10 31 19757
4 16 32525
11 24 14743
30 43 36239
2 13 19977
18 35 62930
3 24 57609
1 18 52360
38 47 54625
22 40 46033
12 28 29826
19 46 27134
44 45 47427
2 37 29984
13 19 58823
32 44 42977
26 45 30134
9 30 65541
24 42 58820
20 41 59640
23 49 68998
28 38 67119
20 25 38057
20 30 54164
31 46 67465
33 41 10357
12 40 38560
27 32 68270
21 29 13580
20 23 41439
0 11 38096
12 46 35480
0 24 63964
17 23 54982
10 29 61719
0 21 26083
2 26 47911
1 45 61471
10 38 68444
35 46 44679
30 46 37503
28 46 40412
4 46 61813
14 24 27072
15 33 60396
28 34 62778
46 47 60050
28 44 32672
1 23 10461
21 34 48869
34 40 22311
20 33 69459
7 34 58131
21 24 62511
25 48 65766
44 47 55595
3 33 62869
12 18 34325
19 27 66008
2 24 66449
28 49 17906
34 38 34103
21 27 44071
0 26 24013
3 26 19084
27 48 35789
14 31 40096
5 19 69139
24 25 39402
28 29 50682
28 30 43817
19 39 66906
41 45 33236
9 47 47772
0 9 36120
2 15 23631
14 26 52693
41 44 26169
15 28 46304
13 44 53154
13 33 17181
10 24 10757
16 48 64755
6 32 65312
10 21 15411
25 32 60520
17 22 63049
1 10 68280
8 40 36988
24 46 59056
23 32 16870
8 20 44894
21 22 35301
22 36 50941
40 46 58907
27 47 56529
25 37 28872
41 47 41146
29 44 67810
5 46 58275
19 28 33970
42 46 53769
16 44 67323
12 16 57207
10 15 43683
23 40 33442
28 45 22980
7 32 26375
32 34 61755
9 46 11426
6 39 21671
35 42 68936
2 33 24327
30 42 28569
10 49 16389
9 42 29738
23 33 19088
39 47 21580
23 28 40160
3 19 46076
5 20 10636
19 25 47030
9 32 33113
14 48 48080
16 37 40113
27 41 34162
3 14 46751
14 43 58985
11 15 65308
16 43 44560
21 38 59402
40 45 29278
7 17 28328
11 49 68867
0 32 28627
13 25 62012
10 18 32309
10 23 41607
24 45 30529
23 48 36206
9 18 43034
38 44 54344
2 19 35141
35 47 69504
28 33 12912
13 45 53673
39 49 29241
9 16 22000
34 39 65253
22 49 59401
5 12 10219
0 15 18031
12 42 48573
33 40 33332
42 49 68255
9 45 18685
2 47 57494
25 34 45005
15 41 19812
19 49 64945
2 14 19565
22 31 69215
18 28 36365
2 10 50036
8 48 68081
17 33 54992
23 46 54190
31 41 42532
13 38 38741
5 43 14719
10 46 68738
20 47 23917
16 24 59063
6 12 46021
26 40 23420
0 23 14117
6 9 29693
39 43 42661
12 45 38260
32 43 37089
31 38 44204
13 37 38479
13 49 57263
0 42 22776
38 42 61811
12 15 55517
7 42 43604
1 2 61448
33 48 30522
38 45 65560
20 29 56392
4 24 52230
22 30 16916
10 34 34899
9 27 44408
1 13 27139
35 43 19890
20 21 28598
3 22 59672
12 49 60774
9 31 33317
9 33 10551
11 43 14691
3 5 34522
1 28 58716
10 30 28111
3 37 50782
33 45 30551
15 21 12915
24 31 19041
17 25 57640
26 30 59262
0 30 47521
9 37 44903
26 41 24181
12 38 51474
0 22 42562
17 38 57785
35 44 55064
9 48 63084
4 14 65487
10 36 53598
0 12 57456
4 11 12402
2 16 18496
16 34 31864
10 39 29542
21 26 40529
32 35 50462
1 6 31356
34 46 31303
23 30 25921
21 30 31907
5 33 48137
5 32 62586
6 25 20622
48 49 66248
1 25 43367
14 49 41174
20 43 21305
6 49 64551
15 23 40956
5 18 22710
11 22 42071
4 18 28001
21 43 36891
20 48 35688
7 33 60564
40 44 36818
11 16 20751
29 49 65790
34 35 32305
17 36 64350
12 30 65389
0 18 34707
20 32 24988
30 31 27252
11 29 66392
4 13 55518
1 19 19856
7 8 27747
13 15 28963
42 45 47920
12 47 61798
34 42 67100
18 25 40505
16 45 12419
18 30 15489
18 46 26014
19 30 55736
11 33 38938
0 27 20564
1 4 38835
39 46 51648
37 41 64779
1 3 68979
18 19 18538
12 19 30466
11 40 59542
0 17 45356
16 32 53360
5 34 67475
7 20 19803
23 26 59852
19 40 62863
3 23 56654
33 38 14840
6 30 32257
36 40 53045
6 31 60358
28 37 54256
7 43 10792
12 37 31463
25 44 32175
11 13 62590
36 39 28562
8 10 14822
11 48 17151
26 47 34051
1 35 42979
13 47 15030
7 16 62989
13 35 53543
16 26 43865
18 43 44636
9 24 60464
28 40 42843
3 35 65317
3 36 33072
9 22 44528
0 38 40673
37 44 16432
14 22 54145
12 20 62619
17 44 66284
7 49 59150
6 23 49272
20 34 23266
4 34 21406
2 31 32317
44 46 25766
8 27 17804
26 35 33109
43 49 47229
0 16 39979
7 12 37841
33 36 65791
6 20 56944
15 36 44992
21 35 41985
14 30 29922
6 27 62165
16 22 34973
31 34 25607
47 48 36029
40 47 21752
15 34 16071
5 15 21015
29 38 17068
4 29 39143
45 47 67686
14 40 59884
10 40 57718
17 24 51830
25 29 52503
22 38 66145
37 47 40979
5 10 31774
18 41 19410
18 48 64528
13 16 66234
7 23 35177
28 43 24474
4 47 41485
14 25 12405
13 31 54453
10 44 69326
4 15 68197
34 37 41396
42 44 56461
21 32 40181
11 18 13460
19 44 48625
8 33 17296
6 8 29067
25 33 26797
16 21 29048
4 21 35138
6 10 49955
32 46 48260
2 35 16424
8 17 47640
35 48 38143
45 49 16284
2 28 41612
20 27 32788
13 23 12428
27 46 24733
10 19 66706
13 34 21839
15 19 31403
25 38 62939
16 18 59159
21 40 45877
11 35 46567
9 41 61564
30 38 42472
24 38 58035
20 36 11902
9 11 26010
18 44 56638
21 41 54226
24 30 29470
7 10 47406
2 43 13665
13 43 48537
29 47 64203
16 40 32713
12 35 25818
11 37 56300
1 48 23115
36 44 44385
7 25 46082
34 36 63402
2 45 50669
0 20 17693
23 25 26189
6 48 65241
9 43 44569
36 47 35037
6 35 29222
6 26 65972
37 42 40119
8 19 18380
0 36 41848
14 46 16685
31 47 22086
31 49 26462
33 35 64720
8 37 36132
30 40 42472
43 44 51358
32 36 20357
44 48 61942
17 28 28763
27 42 24022
4 30 52621
16 46 35108
12 33 58879
6 24 68439
19 23 33550
5 13 11993
31 43 54966
34 45 69632
22 23 65395
27 30 47778
15 24 17324
26 36 33727
0 46 43018
27 37 51893
21 28 58764
2 27 62240
19 29 60007
27 45 28882
4 20 22762
35 49 43997
4 5 47710
6 14 34848
18 29 60459
10 43 42430
3 6 60980
32 49 32930
4 8 35930
35 39 23480
11 45 37014
27 33 66836
3 25 37502
8 42 19634
2 29 44086
5 36 38523
21 31 30216
29 34 67636
3 48 40517
23 24 15181
17 37 67267
23 37 48054
14 29 52959
1 20 26733
16 39 23923
19 31 38119
31 33 20768
15 20 12687
14 21 42501
4 23 22917
14 27 43712
11 14 55263
29 42 56914
11 38 21422
36 43 32254
12 44 47372
22 39 65995
35 40 23233
8 31 22444
15 16 44067
6 33 36713
28 48 49458
8 41 53045
4 19 16358
15 43 59092
0 10 27130
34 49 44881
6 22 31450
16 25 36908
27 31 27540
14 15 36632
5 25 46317
6 37 17737
24 49 31733
22 45 15192
26 49 31660
7 24 11995
24 41 25960
6 44 46490
2 4 44496
19 48 38877
29 30 20202
0 47 29759
22 43 37933
14 33 31624
7 27 52013
33 49 15304
14 16 27618
24 27 17388
0 40 39891
20 39 61685
2 36 56245
7 35 19348
6 45 56872
5 9 14745
41 42 20582
4 28 14001
30 36 49626
7 26 42033
30 44 53052
12 14 19309
3 20 20807
3 16 29368
12 24 27046
2 40 54683
33 47 34560
9 36 60849
9 15 56678
4 25 62663
13 26 37339
9 12 31174
18 47 43682
15 40 47541
7 48 63076
9 21 11614
18 39 21307
29 39 57231
1 39 29061
26 29 38925
20 31 16761
2 11 58952
29 35 42752
11 47 63006
11 41 20442
1 49 29623
7 31 67751
40 41 31024
2 49 45767
14 20 59520
26 27 63057
4 31 28818
4 10 68829
30 37 13863
6 28 60329
41 43 38017
18 27 58547
18 49 24888
3 27 28865
24 33 57367
6 36 17550
15 49 68347
34 41 30683
14 32 51232
13 36 45887
14 44 23758
25 47 64989
22 28 57194
10 12 23131
9 38 24049
0 37 38261
8 47 29893
3 40 25143
25 31 23155
36 45 22898
39 41 35585
13 14 54921
5 45 32792
11 26 56609
1 47 42830
41 46 22311
12 13 61809
1 17 13790
42 47 33282
23 29 65672
6 18 64119
31 45 13441
17 35 66361
18 36 19006
1 24 44449
39 40 65871
0 34 38699
29 36 42796
5 47 26553
7 47 19930
19 38 30825
23 41 52455
12 26 27061
15 25 18019
29 45 65586
17 47 41110
3 45 58423
11 30 25478
29 48 68396
29 37 23721
8 21 50520
8 28 33980
11 23 20784
1 9 25454
6 15 20589
9 34 53615
17 31 49908
36 41 12397
0 5 57405
3 9 25332
6 29 20211
1 21 51524
1 12 28773
1 46 28715
1 38 12672
0 43 63222
37 49 24585
9 49 41372
16 20 48160
10 37 41138
5 6 63445
36 42 68986
4 32 23592
8 44 20506
22 42 29147
26 46 31321
7 44 63759
15 48 29712
3 28 46799
25 36 62155
45 46 43433
33 37 39461
19 43 26134
4 42 54218
6 17 54915
8 9 48866
38 40 49975
5 22 34822
21 37 51263
7 30 37379
23 47 62297
13 20 13617
11 20 31045
35 36 21069
26 32 32332
1 29 33718
18 40 26434
4 40 59060
8 25 65090
5 40 64594
11 27 30197
3 49 58534
5 41 15721
15 30 55933
16 33 21182
5 39 47011
0 6 17253
14 17 14941
16 41 66724
13 39 66195
12 32 19238
13 28 52299
4 26 35656
1 33 35372
38 49 36516
9 40 32713
0 31 14238
8 30 28633
12 43 69679
32 33 67644
41 48 68156
7 22 61975
5 24 11260
27 43 29200
18 38 25187
31 44 45735
33 46 65061
29 32 41621
9 25 34794
12 22 12292
0 41 48357
10 28 67135
5 37 12969
32 37 66222
1 42 53067
12 23 24151
7 45 43232
14 36 12462
24 43 41235
18 34 39955
20 46 20799
7 38 50473
10 17 22254
5 35 58598
28 35 15845
38 43 60913
27 40 21311
43 47 32226
14 38 19546
8 46 33132
17 19 29869
3 21 29844
2 17 25106
2 30 43273
0 28 61187
23 45 52436
32 45 19007
8 43 56248
1 44 36199
10 42 55945
11 28 58540
39 42 26699
3 18 53079
43 48 61509
13 42 22920
20 49 48288
44 49 15660
37 38 56152
8 34 62893
0 33 59038
37 46 38250
9 13 13691
8 11 39511
35 45 50504
7 36 62290
14 41 45356
2 20 53559
24 32 25743
4 48 19724
2 23 15247
11 19 48875
4 22 51736
27 34 35091
18 33 16123
43 45 25008
0 1 26278
5 14 58560
39 45 46159
10 32 24668
6 46 36901
2 21 32103
12 34 13207
5 42 53600
31 39 27324
1 15 64717
1 41 66520
27 44 17754
19 33 22519
30 47 64815
17 20 10646
18 20 11556
4 44 33064
10 45 26480
28 36 53210
11 42 25710
24 36 18769
36 49 40708
3 44 69269
2 48 34512
22 24 50432
6 43 26659
15 47 25529
10 16 32168
30 48 51750
1 16 31653
5 16 59319
10 22 20170
7 40 32355
0 44 47620
0 7 34838
25 45 59256
4 7 21865
15 39 50189
5 7 42856
15 17 39189
47 49 57048
38 46 51518
6 41 59086
31 42 21709
16 31 46332
28 39 59732
16 29 35408
18 31 69396
3 34 28355
25 42 18618
16 49 37248
4 49 37124
17 32 49326
9 17 36517
6 21 13779
13 46 29758
25 26 65319
15 26 41451
15 45 64069
22 25 47068
17 43 63104
18 26 65530
37 43 69382
17 21 37601
8 38 43150
36 37 46362
18 22 26857
15 37 55015
17 46 26550
31 37 11855
1 37 36347
10 13 25740
12 27 53373
28 42 25432
21 33 37449
14 47 41848
1 7 27307
40 49 62858
21 44 41243
17 27 45662
22 26 11475
17 30 68492
10 27 24928
36 46 62944
16 17 47151
27 49 40850
9 14 22701
17 42 42469
11 31 12301
16 30 28912
0 29 31679
25 28 17547
0 49 24442
2 38 43203
3 4 45149
5 17 69735
24 48 31708
17 18 14148
13 40 54749
8 32 48258
30 32 28146
19 47 33238
8 26 63999
3 12 11518
23 44 60814
13 30 43590
6 13 55509
1 34 18120
29 43 36447
20 42 26752
2 3 65925
5 27 50065
28 47 37386
10 20 32995
34 43 43009
22 33 26679
37 40 15988
5 31 67853
22 46 11290
12 29 18289
4 45 26765
20 22 45112
8 29 25836
17 41 53350
31 35 30458
1 43 13127
24 39 65227
5 23 52166
1 32 29418
11 21 62118
11 12 30423
4 17 47564
7 15 25356
21 39 36564
13 24 49083
