50 50 1002
25000 25000 25000 25000 25000 25000 25000 25000 25000 25000 25000 25000 25000 25000 25000 25000 25000 25000 25000 25000 25000 25000 0 25000 25000 25000 25000 25000 25000 25000 25000 25000 25000 25000 25000 25000 25000 25000 25000 25000 25000 25000 25000 25000 25000 25000 25000 25000 25000 25000
2609 3292 6739 8933 6803 5984 10355 7650 8084 4246 5219 5776 6641 7816 4374 3847 5033 6429 6719 3660 7358 5396 5219 8345 4182 6387 7391 5542 5038 10349 6400 5558 6051 9568 3792 4898 9064 7159 11178 8697 4781 6033 6661 5299 8845 11656 9977 5301 8663 3947

2368 1148 3204 4509 4028 2752 5457 3845 4791 2504 2396 2628 3220 3859 1838 2266 2285 3117 3299 2596 3680 2582 2296 4205 1779 2994 5115 2491 2189 5399 3046 2499 2838 4940 1446 2351 4642 3507 6634 4369 2035 2890 3943 2607 5984 6919 5919 3574 4385 1538

38119 28711 4914 17161 44553 7030 26409 19622 50450 35490 13876 9147 14977 9987 21848 35330 20546 15111 25670 37312 29954 23679 9828 13734 19303 6568 57472 8895 11180 22957 12390 7341 15489 21294 21806 22713 18992 16657 67393 15523 12297 23856 48568 27686 66066 66973 59161 44864 16203 22621

94158 75406 32372 11548 94124 35112 29982 21024 105322 79267 29681 21275 20071 28595 64292 80186 47630 25921 53179 95094 61702 69206 23096 42165 48700 24701 135170 25118 40527 60515 47246 30416 52911 19804 61669 53847 15191 17163 141838 16712 34762 49569 105288 76944 142841 137025 121516 110118 12183 58878

1432 1277 1715 1883 566 1580 2152 1577 838 876 1061 1250 1363 1923 1524 955 1016 1318 949 1655 814 1789 1133 2087 1015 1583 2005 1269 1379 2512 1815 1381 1823 2008 1383 947 1901 1497 1685 1925 1108 908 1169 1798 2040 1600 1240 2003 1836 1237

29389 21549 6421 15994 35203 3514 23701 16197 40108 27663 10383 7483 12332 10627 15840 27251 15232 12444 20193 28704 23757 17769 7029 12654 13919 6260 45474 6253 6966 20326 9090 4947 10956 19446 15805 17035 17517 13730 54202 15093 8371 18684 38375 21102 52622 53852 47354 34986 15197 16483

181956 151443 81972 45118 179349 86890 28499 43134 199791 153664 65767 58805 48555 75277 138615 155294 97584 53176 107361 187467 122469 147325 56998 99391 102384 68433 259515 65619 96429 131920 108338 78565 118381 37594 126439 108605 40319 50569 262507 54213 78328 100962 199791 160389 266358 256048 228497 214099 46244 120958

70158 56137 33391 20160 68960 32030 26544 6370 78353 57158 16770 13571 8861 34044 51550 57907 31390 10985 35882 72690 42824 57376 12741 45125 33595 25346 105796 16702 32220 60071 42892 24339 46527 21820 44649 36454 21085 12128 107171 24366 22542 32942 78353 60248 108940 104203 91544 84928 20704 42130

1719 1555 2020 2186 797 1877 2480 1869 697 1127 1324 1525 1646 2242 1817 1211 1359 1593 1205 1956 1061 2099 1395 2416 1275 1880 1940 1538 1663 2869 2127 1665 2135 2327 1668 1203 2218 1789 1599 2239 1374 1156 1050 2109 1977 1509 1125 2149 2144 1511

1038 879 1459 1709 1024 1320 1995 1402 1305 464 869 1050 1181 1674 1133 546 738 1134 1066 1268 1206 1406 928 1875 768 1323 1950 999 1145 2314 1562 1115 1500 1846 988 667 1736 1318 1983 1748 832 916 1087 1416 1986 2088 1720 1628 1668 837

282030 211282 141015 156813 275986 123980 205925 104130 324205 216434 12638 46089 66146 165880 198300 220212 86408 58178 109075 294806 144106 241573 25277 212999 97536 105504 461992 48149 106122 288418 178793 81738 185456 180442 162789 111960 161484 89774 468792 165811 55499 94239 323380 245901 477721 453818 389938 356556 149807 140603

50691 38013 17684 20961 51754 16554 32069 15322 59686 41572 8429 1231 9073 20938 32781 41335 20566 9254 24295 52228 30058 37595 2463 29549 19775 11074 79235 3830 16712 41956 25571 10170 28589 26227 28724 24385 23131 11333 83247 20927 10350 21854 59166 41335 84557 81009 70500 62387 19673 26656

87703 68425 38207 29484 86090 36375 42477 15319 98955 70203 15832 11526 5185 43485 62653 71210 35513 11563 41561 91111 50906 70496 10371 57448 38482 27377 135275 15741 36631 77569 50998 26021 55891 35788 53362 42330 30731 11599 137529 32581 23565 37602 98735 74362 139911 133534 116492 107586 27615 49972

8994 7014 1953 3076 10270 2400 5044 4089 11525 8342 3428 2289 3530 1217 5553 8308 5162 3558 5938 8844 6878 5947 2434 2672 4897 1741 13134 2275 3283 4634 3544 2352 4204 3955 5544 5623 3465 3423 15131 2520 3406 5551 11125 6799 14963 15041 13379 10451 2868 5718

22109 13806 17181 27575 34163 13983 36054 25399 39559 23393 16297 15828 21148 21809 7310 21709 15513 20779 22678 21463 25368 12569 14621 24038 11931 16866 39913 14091 11169 32479 15843 13360 14375 31372 9640 15974 29250 22701 52897 26598 12776 19787 33563 13114 48346 54681 47531 28374 26698 11815

16807 14001 25640 30561 19556 22905 35602 25154 24505 9679 15763 18421 21255 29433 18478 8135 13451 20437 19232 20868 21699 23300 16271 32126 12619 23236 35094 17533 19253 39867 26303 19556 24957 32986 15933 12196 31041 23680 36455 30709 14579 16581 19881 23476 36497 38302 31816 27205 29842 13261

10299 7390 7031 8472 10011 6048 10492 6305 12559 6963 2542 3918 4743 8551 6856 7119 1531 4415 4164 10825 5152 8788 3062 9992 2712 6068 17458 3782 5031 13093 7754 4593 8294 9443 5401 2666 8664 5714 17692 8842 2599 3101 11362 8989 17709 17551 14924 13365 8184 4483

175305 136474 78453 73100 171987 74683 92515 36644 198000 139301 27445 23562 23034 89311 126332 141375 67935 11423 80376 182317 99603 144881 22846 118038 74042 56173 274079 32233 75211 159433 104768 53383 114834 79433 107218 81959 75663 36305 280374 79396 45918 72233 198000 150423 282712 269592 234531 216209 69254 97680

14104 10872 9452 10186 10309 8668 12441 7754 12529 10040 3542 5082 6005 10597 10274 10214 4313 5638 2061 14718 4237 12438 4123 12767 5635 7817 21789 5177 8073 16239 11122 6723 11726 11267 8646 5230 10401 7099 19186 10594 5350 2795 14964 12662 22071 18497 15556 17561 9863 7618

4719 4738 8597 11897 10320 7583 14113 10500 12031 6905 7254 7875 9152 10064 5467 6371 7005 8870 9277 3656 10130 6729 7312 10878 5869 8497 9506 7622 6695 13554 8172 7390 7707 13238 5406 7151 12428 9845 15675 11583 6547 8360 10130 5845 12180 16314 14559 5847 11614 5613

2204 1718 1581 1691 1302 1463 2030 1326 1635 1593 693 924 1063 1760 1628 1619 733 1008 555 2296 390 1953 780 2079 931 1335 3066 939 1298 2600 1756 1171 1846 1853 1384 871 1722 1227 2673 1752 889 505 2041 1987 3108 2532 2090 2723 1643 1229

33087 23443 23170 37575 50155 19559 48702 36072 57236 36022 26166 23493 30494 29263 14919 33813 25682 30655 35084 31815 38614 11166 22333 29102 20982 23524 56025 21214 17380 40178 17905 20255 15978 42538 17975 26288 39775 32512 74738 35911 21002 31291 49368 15978 67091 77038 67697 40884 36405 20830

29547 21819 12087 14277 30208 10393 19877 9670 34960 23989 3801 2252 5847 14071 19650 23844 11199 6260 13471 30993 16984 22873 0 19319 10703 8017 46945 2293 10145 26881 15889 6157 17728 16757 16158 13513 14856 7665 50147 14257 4959 11984 34713 24051 50189 48040 41634 36675 13492 14897

19258 15154 4883 8660 22473 5240 12851 10822 25140 18677 8930 6798 9435 4715 11943 18148 11947 9496 14265 19106 16203 11616 7106 3553 10898 5631 28226 6684 7117 7725 6509 5973 7911 10537 11924 12593 9496 9405 33421 7486 7881 13444 24198 13429 31946 32615 29081 22522 8227 12293

32600 22120 24063 31410 36263 20115 39682 24603 43406 26098 11050 13644 18976 29538 20197 24684 10012 17796 19495 34493 23056 27157 10541 33424 5270 20594 59259 12362 14845 44597 26668 15282 26495 35297 14936 10622 32488 21866 64743 31379 8099 15669 41636 27879 64804 63420 53958 43640 30250 11650

19133 14415 4124 7502 21736 4258 12148 8180 24693 17191 5611 2952 5851 5337 11613 17111 9697 5918 11525 19369 13673 12852 3268 8547 9073 1634 29479 2801 5623 13172 7620 3075 8745 9583 10952 10784 8420 6693 33190 6967 5560 10615 23935 14794 33148 32667 28750 23156 7022 11361

175156 190444 281463 355282 238383 258749 406770 325852 225170 205569 253234 264755 294457 314332 211356 210756 242970 289434 287742 170788 273327 239639 248102 332568 222222 279224 124051 257875 238875 392519 271962 254436 261534 380835 205405 233251 365874 308872 262243 348348 234998 267212 177231 219819 183947 276549 279934 151733 352989 210046

31417 23339 11056 15023 33379 9282 22113 11424 38298 25597 5582 2430 7436 13292 19279 25460 12766 7551 15708 32571 19387 22351 1601 18629 11698 6794 49650 800 9022 26549 15038 4846 16963 18384 18146 14626 16408 8878 52990 15002 5683 14150 36827 24738 53033 52629 45921 39055 14201 16091

22292 15532 8585 15815 27305 6079 22449 14122 31534 21286 7458 6609 10790 12212 11525 20448 11037 10887 16351 22629 18460 14092 5916 13959 8953 7422 37089 5247 2958 20575 9380 4675 9917 18779 10579 12122 17129 11995 44699 15038 5121 14086 30040 16086 42325 43386 37782 28046 15128 11164

35887 29205 12480 18630 41122 13061 25455 22151 45465 34940 19069 15598 19892 12207 23976 34080 23982 19991 27757 35640 30912 23444 16099 10314 22275 13699 50490 15413 16118 8049 15128 14256 17411 21687 23945 25034 19991 19843 58502 16718 17362 26420 43931 26395 56547 57636 51882 41202 17925 24545

12035 8916 3727 7937 15528 2988 11116 8229 17556 12413 5826 4628 6632 5471 6476 11884 7270 6678 9817 11792 10828 6101 4440 5425 6843 4123 18722 4120 3693 8596 2220 3580 3285 9358 7288 8021 8567 7210 23593 7374 4435 8731 16331 7478 21757 23235 20550 14388 7608 8162

16816 12300 4673 8907 19038 3674 13346 7880 21863 14695 4330 2861 5655 6838 9623 14610 7526 5719 9982 17041 12034 11338 2398 8891 6931 3300 26701 1952 3900 13310 6886 1199 7961 10895 8991 8573 9784 6460 29982 8388 3574 9112 21992 12670 30199 29780 26037 20660 8448 9382

33291 24043 13451 25678 45466 10386 35106 25927 51477 34720 17347 15249 21192 18623 16808 32845 22433 21329 29985 32571 32982 15695 14693 18486 19385 13751 53121 13742 10951 27888 8982 12141 7346 30148 19402 23889 27802 22904 67566 24266 14025 26766 46032 19779 62514 69570 61607 40269 24685 21808

946126 772783 372672 171891 941607 399465 229188 203364 1052973 801673 322800 261306 229995 336196 681269 810550 496143 258078 549405 987768 631719 728398 261790 467575 512606 298912 1361570 298428 451435 644793 516318 354111 575875 130895 640112 556184 145421 201588 1394657 221440 377998 514543 1052973 803126 1415639 1359472 1209370 1121245 178024 610899

11074 6516 9745 14620 17265 8055 18070 12049 20125 11582 7198 7592 9802 12191 5780 10692 6792 9607 10578 11927 12000 8559 6353 13369 4891 8961 21336 7495 5951 17830 10200 7109 9514 16229 3176 7028 15116 10875 27174 14096 5378 9051 16956 8848 24582 28075 24330 15579 14222 4326

15829 11730 12055 14909 14887 10463 18181 11400 18098 9950 5307 7379 8870 14516 10865 10202 3806 8340 7557 17293 9159 13994 5984 16447 4154 10495 26946 6793 8459 21470 13235 8116 13697 16483 8500 2992 15221 10444 27326 15353 4886 5837 17073 14319 27353 27097 22842 21406 14443 7022

260549 211357 97602 40426 259264 105128 73603 59561 291477 219479 83331 65940 56946 87232 185247 222003 132614 73007 147849 269818 171160 198738 65986 124584 137295 76540 378755 76494 119995 174969 138442 92233 155375 45566 173638 149685 32993 48961 388070 54606 99025 137846 290926 219984 394035 378067 335391 310337 42170 165240

137814 108160 60774 37261 137095 58008 63568 27330 156514 113056 30982 20497 15076 61549 97731 114578 60691 24757 69875 142959 83983 109515 20525 84066 63513 44425 209073 26860 58395 114439 80082 42378 87468 46721 85421 70981 39142 10262 214743 41936 40442 63900 156127 117123 218284 208713 182987 167828 34439 80359

45190 41683 54470 59493 29821 51403 65177 52117 27688 32544 40378 44494 47243 59211 47631 34351 38581 46820 37823 48504 35461 53659 42775 64357 39250 51465 40960 44335 48318 73399 57395 46882 55712 61907 44450 37012 59475 50292 21387 60630 40660 36889 30385 54285 34060 23696 24243 45428 59070 41092

22574 17974 7146 4104 23542 8089 8618 6428 26371 19848 7822 5211 5621 5744 15256 19762 12226 7047 13579 22804 15670 16305 5658 9081 11939 5543 32644 6154 9417 13583 10795 6937 12308 6121 14604 13612 4997 4907 35329 2829 8519 12693 26231 18261 35444 34157 30344 26490 3636 14436

80057 56481 38011 53182 85773 30699 70728 39587 100523 63100 15801 16494 27925 49316 49862 62659 25677 26917 44210 82915 51564 61965 10086 58183 22567 30846 133135 13847 23134 81255 43390 19877 47404 61209 39209 31140 55409 33472 142906 53119 5043 36309 95817 63289 143032 141855 122313 103360 50787 35364

58028 43758 39723 42962 45043 36260 52917 32225 54677 40086 13627 20427 24504 44777 41119 40854 14800 22884 13348 60736 18235 50669 16196 54356 20636 32504 91957 20846 31401 69686 44861 27673 47528 47737 33928 18849 43884 29335 84235 44763 19379 8098 61825 51661 93199 81191 68206 73289 41538 29391

11687 10319 16111 18256 9625 14832 20714 15620 8793 7559 11041 12598 13719 17960 12502 7885 9913 13320 12732 13667 11825 14853 11550 19329 10071 15090 13193 12158 13052 23103 16310 14031 15654 19439 11261 9301 18490 14901 14420 18590 10725 11440 5775 15097 13994 15320 12357 14935 17905 9951

19812 14312 16981 25818 30875 14743 32575 23312 35262 22118 16250 16268 19856 20756 9331 20750 16000 19556 21825 17087 24012 9543 14550 20656 13087 17100 32087 14856 12481 27518 13718 14262 12525 28893 11225 16375 27181 21506 46393 24875 13050 19475 30675 7275 38943 47856 42043 22706 25093 12993

107792 115691 168663 190737 120397 157010 210766 169251 113618 103562 131938 144628 153760 185526 134768 109304 122750 150511 145721 113954 138325 149278 136084 193650 124879 163256 89976 141042 142499 224408 164573 150483 160511 200373 123367 117764 192641 163396 108212 193454 129361 135188 93057 139110 68042 115551 117288 104178 187935 125748

50320 46673 57109 60151 29943 53921 66703 53124 27725 37172 40919 45381 48057 62039 52583 39050 40589 46994 38262 53765 35074 58814 42605 65905 40553 53307 45922 46572 49175 75966 59473 49220 61003 63303 49184 38958 60774 51227 25572 61352 42752 37291 34927 59519 38748 21302 24143 50567 59235 45803

13547 12443 15576 16502 7348 14610 18481 14368 6676 9565 10672 12024 12834 17069 14205 10134 10572 12512 9867 15145 8902 16103 11183 18240 10561 14424 14940 12384 13172 21287 16292 13186 16755 17451 13197 10078 16686 13794 8777 16860 11227 9573 9046 16305 12767 8172 5591 17640 16219 12151

1568 1572 2542 3371 2975 2287 3928 3020 3140 2117 2205 2361 2682 2911 1756 1983 2142 2611 2713 1300 2927 2073 2174 3115 1857 2517 2006 2297 2064 3788 2435 2239 2318 3664 1740 2179 3495 2856 3556 3292 2072 2483 2603 1850 2678 3717 4040 1087 3300 1792

101089 81178 34056 14036 101528 37057 34221 24448 114155 85625 31329 21905 20807 29883 69009 86632 50983 27212 57059 102699 66392 74352 23899 44780 51935 25656 147937 26114 42986 64873 50343 31915 56510 23076 66429 57791 18025 17622 155129 16909 36673 53106 114118 82825 155275 148907 131888 119151 11949 63080

7969 4856 7095 9693 10916 5941 11999 7886 12864 7029 4190 4847 6351 8766 4903 6421 3907 6030 6493 8552 7464 6801 4001 9570 2614 6560 14979 4498 4503 12617 7978 5294 7448 10753 3124 4073 9987 7090 17673 9684 3335 5450 10694 6998 17196 18323 15742 11047 9376 2000

0 1 18765
0 3 69276
0 4 61920
0 5 69073
0 7 16848
0 9 66410
0 10 27020
0 11 11828
0 12 36414
0 13 63679
0 14 57331
0 17 38052
0 19 69727
0 20 33308
0 21 52361
0 22 62071
0 23 44365
0 25 51213
0 28 45037
0 29 11201
0 30 46093
0 31 52222
0 33 39553
0 34 60723
0 35 36989
0 36 19773
0 37 18127
0 38 36868
0 39 18373
0 40 69850
0 41 31744
0 43 36761
0 45 11798
0 46 25479
0 48 53094
1 2 29434
1 3 21589
1 4 65218
1 5 21552
1 6 51646
1 7 60776
1 8 56519
1 10 56370
1 12 66609
1 13 62312
1 14 55524
1 15 48869
1 16 55478
1 19 44400
1 21 55989
1 22 14726
1 23 11594
1 24 16214
1 25 23198
1 26 54145
1 28 16867
1 29 30437
1 32 58265
1 33 29563
1 35 15041
1 36 20571
1 37 69635
1 38 67265
1 39 50497
1 40 56544
1 41 10764
1 42 26069
1 43 30191
1 45 25077
1 46 34065
1 47 33263
1 49 21528
2 3 66883
2 4 53250
2 5 13898
2 6 36034
2 7 54276
2 8 35510
2 9 24346
2 10 29568
2 11 27517
2 12 15425
2 14 43495
2 15 41991
2 16 27356
2 17 35218
2 18 53135
2 19 37911
2 20 35245
2 21 48400
2 22 18573
2 23 49694
2 24 30148
2 25 68922
2 26 23091
2 28 11433
2 29 50133
2 30 39305
2 31 68334
2 32 12980
2 33 38435
2 34 46724
2 36 21227
2 37 54458
2 38 17445
2 39 17913
2 40 47608
2 41 27014
2 42 22969
2 43 36916
2 44 41539
2 45 41880
2 46 14735
2 47 66216
2 49 59805
3 4 40843
3 5 69522
3 6 24108
3 7 63573
3 8 28995
3 9 34353
3 10 10565
3 11 45853
3 13 15959
3 15 23850
3 16 15363
3 18 69219
3 19 27537
3 21 40277
3 23 39799
3 24 13799
3 27 46695
3 28 54593
3 29 52164
3 30 17739
3 31 17801
3 32 35033
3 33 50252
3 34 69352
3 35 36765
3 36 22637
3 37 40978
3 38 24579
3 39 46434
3 40 69296
3 41 48431
3 42 46825
3 43 69536
3 44 33364
3 45 57482
3 47 41636
3 48 61402
3 49 47758
4 5 58625
4 6 58050
4 10 28179
4 11 15107
4 12 30367
4 13 57551
4 14 45045
4 15 60276
4 16 44850
4 18 32332
4 19 41707
4 21 69461
4 22 42712
4 23 18219
4 24 18797
4 25 20243
4 26 12647
4 27 27139
4 28 69388
4 29 34861
4 30 46304
4 31 10371
4 32 57193
4 33 26573
4 36 34239
4 38 33700
4 39 28040
4 40 42039
4 42 50159
4 43 57099
4 44 58217
4 45 13264
4 46 51744
4 48 64400
4 49 57621
5 6 37929
5 7 60258
5 8 66748
5 9 54700
5 10 35960
5 11 34795
5 12 62848
5 13 63551
5 14 59697
5 15 19544
5 16 47915
5 17 22119
5 18 18231
5 19 59123
5 20 67333
5 22 35262
5 23 36575
5 24 42687
5 26 20014
5 29 63521
5 30 17995
5 31 16821
5 32 46770
5 33 52899
5 34 52852
5 35 26559
5 36 57966
5 37 40068
5 38 28778
5 39 56914
5 40 42960
5 41 50108
5 42 25765
5 43 36041
5 44 34931
5 45 38021
5 46 52986
5 49 13911
6 7 44443
6 11 31909
6 12 54268
6 13 38167
6 14 40475
6 15 69965
6 16 49344
6 17 41581
6 18 28879
6 19 40749
6 20 53247
6 21 67779
6 22 69701
6 23 68353
6 24 38331
6 25 22569
6 26 45669
6 27 15075
6 28 51688
6 29 33294
6 30 18831
6 31 37979
6 32 26097
6 34 21328
6 35 34743
6 36 44387
6 37 10253
6 39 64141
6 40 42155
6 41 35002
6 42 64511
6 43 29203
6 44 19664
6 45 19180
6 46 59406
6 47 42570
6 48 52539
6 49 63299
7 8 46348
7 9 23980
7 10 65177
7 11 49074
7 12 34984
7 13 50243
7 14 42041
7 15 51863
7 16 28621
7 17 48842
7 18 24662
7 19 47596
7 21 20166
7 22 47629
7 25 57886
7 26 14494
7 27 29778
7 29 66488
7 31 46731
7 32 57391
7 33 26288
7 34 23303
7 35 15489
7 36 54722
7 37 41889
7 38 34953
7 39 69302
7 40 39946
7 41 39448
7 42 37712
7 43 54539
7 44 32597
7 45 30330
7 46 52023
7 47 44308
7 48 61743
7 49 42413
8 9 67008
8 10 69339
8 11 30470
8 12 16873
8 13 59637
8 14 10710
8 17 23767
8 20 10842
8 21 11332
8 22 25637
8 23 64586
8 24 11826
8 25 63246
8 27 60254
8 28 37068
8 29 31668
8 30 25209
8 32 67736
8 33 66573
8 34 13368
8 35 66726
8 36 31350
8 37 22280
8 40 28742
8 41 64215
8 42 22361
8 43 41159
8 44 24067
8 45 53510
8 46 64025
8 47 23964
8 48 65149
8 49 20678
9 10 41427
9 11 24766
9 12 20572
9 13 48426
9 14 45151
9 15 37121
9 16 45902
9 17 60813
9 18 18797
9 20 32864
9 22 31619
9 23 41783
9 24 48528
9 27 41358
9 28 13253
9 29 45920
9 30 32240
9 31 23029
9 32 10569
9 33 37636
9 34 47839
9 35 23791
9 36 26774
9 37 32205
9 38 42121
9 39 22163
9 40 29408
9 41 17188
9 42 26251
9 43 37162
9 44 34670
9 45 56034
9 46 40132
9 47 30654
9 48 61918
9 49 66229
10 11 53092
10 12 39099
10 13 14870
10 14 33674
10 15 45129
10 16 27248
10 18 34436
10 19 41837
10 20 40152
10 21 50357
10 22 60079
10 23 26071
10 24 10627
10 25 63765
10 26 29354
10 27 54714
10 28 15326
10 30 42983
10 31 10292
10 32 19501
10 34 58735
10 35 28344
10 36 67663
10 37 34618
10 39 24697
10 40 60507
10 41 28620
10 44 19338
10 45 14957
10 46 14568
10 47 48365
10 48 69553
10 49 68367
11 12 42549
11 13 44142
11 14 54770
11 15 11245
11 16 65685
11 17 17703
11 19 68211
11 23 22475
11 24 11886
11 25 35303
11 26 66026
11 27 66709
11 28 28678
11 30 37579
11 31 25129
11 32 16273
11 33 66055
11 34 28233
11 35 33596
11 36 31637
11 37 67302
11 38 32707
11 39 49049
11 40 48186
11 41 44600
11 43 24620
11 44 47142
11 45 35483
11 47 56986
11 48 18391
12 14 19152
12 15 38824
12 16 41710
12 17 53612
12 18 27035
12 19 15312
12 20 25616
12 21 38917
12 22 50843
12 23 14837
12 25 60839
12 26 52104
12 27 33718
12 28 46461
12 29 10224
12 30 48834
12 31 32435
12 32 68677
12 33 17899
12 34 16284
12 35 43003
12 36 52539
12 37 17638
12 38 20048
12 40 31297
12 42 68029
12 44 68099
12 45 32019
12 47 25630
12 48 42159
12 49 40902
13 14 13667
13 15 44879
13 17 54234
13 18 34616
13 20 43724
13 22 57669
13 24 38805
13 25 56130
13 26 50914
13 28 18695
13 29 62013
13 30 14801
13 33 56450
13 34 56868
13 35 66146
13 36 31426
13 37 54542
13 38 40838
13 39 54871
13 40 62815
13 41 10017
13 42 26581
13 43 62897
13 46 63025
13 47 63255
13 48 11911
13 49 56167
14 15 52593
14 16 31114
14 17 50490
14 18 22206
14 19 22981
14 20 19414
14 21 60608
14 22 14655
14 26 53461
14 27 18473
14 29 37601
14 30 31526
14 31 53184
14 32 40577
14 33 27082
14 34 27222
14 35 56936
14 37 69917
14 38 54723
14 39 25786
14 40 61481
14 41 23870
14 42 10473
14 43 53393
14 44 28737
14 46 19750
14 48 62935
14 49 59340
15 16 63396
15 18 60969
15 19 28067
15 20 26941
15 23 45383
15 24 28897
15 25 34529
15 28 14064
15 29 63302
15 30 63170
15 31 49779
15 32 65987
15 34 37404
15 35 17714
15 36 46811
15 37 44111
15 38 15327
15 39 36794
15 40 39091
15 42 69941
15 44 41265
15 45 39079
15 46 16201
15 47 51058
15 48 42721
15 49 51593
16 17 29673
16 18 21008
16 19 35041
16 20 62125
16 21 13612
16 22 62860
16 23 52900
16 25 57244
16 26 45251
16 27 15862
16 28 64042
16 29 64351
16 30 44808
16 31 29705
16 32 31549
16 33 10177
16 34 65880
16 35 18292
16 36 66042
16 37 46368
16 38 46656
16 39 59099
16 40 13692
16 41 32259
16 43 38121
16 44 65348
16 45 44148
16 46 43031
16 47 12038
16 48 22006
16 49 60064
17 18 29143
17 19 13549
17 22 61915
17 23 10353
17 24 55320
17 25 61439
17 27 40382
17 28 24749
17 29 41022
17 30 54327
17 31 32356
17 32 25393
17 33 56789
17 34 12307
17 35 44151
17 36 31947
17 37 69014
17 38 27965
17 39 55997
17 40 26908
17 42 61275
17 43 13885
17 44 45390
17 45 44323
17 46 68391
17 47 57070
17 48 49423
17 49 29964
18 19 47972
18 21 20612
18 23 19626
18 24 58950
18 25 41952
18 26 68121
18 27 61814
18 28 12959
18 29 62698
18 30 19764
18 31 49415
18 33 36486
18 34 40474
18 35 47647
18 37 26010
18 38 60736
18 39 34473
18 40 12275
18 41 27927
18 42 18085
18 44 46251
18 45 29505
18 46 20848
18 47 28067
18 48 59973
18 49 15272
19 20 30257
19 22 44256
19 25 29549
19 26 16586
19 27 48889
19 29 43168
19 30 51882
19 31 45988
19 32 53719
19 33 12789
19 34 52403
19 35 55140
19 36 69782
19 37 11540
19 38 25215
19 40 14923
19 42 34472
19 43 13852
19 44 11710
19 46 44878
19 47 10526
19 48 30848
19 49 30519
20 21 44153
20 22 21448
20 23 22931
20 25 49696
20 26 13887
20 27 40923
20 28 69834
20 29 18152
20 30 11686
20 31 19153
20 32 23774
20 33 60979
20 34 14675
20 35 65834
20 36 34650
20 37 56544
20 38 22679
20 39 39021
20 40 35400
20 41 17276
20 44 62878
20 48 41455
20 49 12331
21 22 25864
21 23 48535
21 24 57507
21 25 56684
21 26 17316
21 27 20090
21 28 10594
21 29 15131
21 31 60200
21 32 21739
21 33 17981
21 34 69050
21 36 62228
21 37 54089
21 38 43113
21 39 47391
21 41 34898
21 42 23839
21 43 24335
21 45 24093
21 46 25585
21 47 34853
21 48 55776
21 49 19775
22 23 36264
22 24 61358
22 25 19095
22 26 59571
22 28 32685
22 29 14592
22 30 19348
22 31 51352
22 32 16990
22 33 11293
22 34 56132
22 35 43813
22 37 65498
22 39 51625
22 40 12098
22 42 52464
22 44 42035
22 45 68290
22 46 15899
22 47 51758
22 48 55077
22 49 61139
23 25 38785
23 26 27633
23 27 30462
23 28 12681
23 29 36825
23 30 43937
23 31 26965
23 32 44119
23 33 46829
23 34 54169
23 35 62555
23 36 52786
23 37 66999
23 38 63219
23 39 35526
23 40 14314
23 41 18288
23 42 25793
23 43 67640
23 44 31062
23 45 43342
23 46 57434
23 47 24011
23 49 60840
24 25 56610
24 26 18373
24 29 45203
24 30 43383
24 31 33130
24 32 58683
24 33 49662
24 34 55938
24 36 50765
24 37 19089
24 38 47178
24 39 27120
24 40 64429
24 41 28381
24 42 28876
24 44 67080
24 46 42283
24 47 18520
24 48 63707
25 26 33852
25 27 38671
25 31 56500
25 32 27368
25 33 65259
25 34 37571
25 35 16754
25 36 46288
25 37 54764
25 38 32710
25 39 16399
25 40 34667
25 42 64726
25 43 52390
25 45 21061
25 46 17748
25 47 17982
25 48 69443
25 49 40630
26 27 46191
26 28 67094
26 29 66857
26 30 31279
26 32 53989
26 33 57396
26 34 46729
26 35 62389
26 38 36387
26 39 32192
26 40 67359
26 41 25443
26 42 45046
26 43 44941
26 44 39690
26 45 49547
26 46 52703
26 47 20267
26 48 16631
26 49 22738
27 28 68647
27 30 61036
27 32 12167
27 33 54841
27 35 52200
27 36 69271
27 37 45009
27 38 31452
27 39 32460
27 40 43361
27 41 60001
27 42 68066
27 43 51978
27 47 39236
27 48 64711
28 29 43230
28 30 47827
28 31 69411
28 32 43905
28 34 55266
28 35 50695
28 36 60264
28 37 46089
28 39 21436
28 40 15025
28 41 51157
28 42 28475
28 43 60381
28 44 25895
28 45 55568
28 46 18828
28 47 33067
28 49 43324
29 31 28591
29 33 31319
29 34 54059
29 36 68406
29 37 61889
29 38 61316
29 39 34576
29 40 27878
29 41 12374
29 42 54554
29 44 39734
29 45 68670
29 46 30167
29 47 43951
29 49 31381
30 31 58257
30 32 38365
30 33 24834
30 35 16723
30 37 26121
30 38 20083
30 40 22457
30 41 29699
30 42 53376
30 43 10792
30 44 50111
30 45 60394
30 46 19201
30 47 21795
30 48 15589
30 49 55520
31 32 48409
31 33 46584
31 34 41550
31 35 47605
31 36 20607
31 37 24179
31 38 42083
31 39 22520
31 41 59665
31 43 56977
31 44 16542
31 46 64690
31 47 46230
31 48 21557
32 33 46552
32 34 51806
32 35 16354
32 39 24020
32 40 25804
32 41 15251
32 42 33915
32 43 40530
32 44 28245
32 46 60775
32 47 27627
32 48 60709
32 49 38369
33 34 66214
33 35 23081
33 36 59376
33 37 20136
33 38 22748
33 39 13237
33 40 56013
33 41 57082
33 43 28350
33 44 54150
33 45 30701
33 46 50074
33 49 35889
34 35 11607
34 36 19526
34 37 32573
34 38 65905
34 40 31474
34 41 14243
34 44 38552
34 45 66589
34 46 64723
34 47 26809
34 48 40504
35 37 47667
35 38 41573
35 39 68941
35 40 46857
35 41 49990
35 42 24079
35 43 33846
35 44 39459
35 45 46617
35 46 64698
35 48 37639
36 37 47442
36 38 43870
36 39 17590
36 40 59983
36 41 41653
36 42 58940
36 43 48974
36 44 58768
36 46 12847
36 48 48401
36 49 30248
37 39 61298
37 40 34297
37 41 20720
37 42 42732
37 43 58014
37 46 53366
37 47 40338
37 49 47284
38 39 24703
38 40 61919
38 41 38900
38 42 32471
38 43 18713
38 44 45024
38 45 20370
38 46 24887
38 47 28636
39 40 63398
39 42 62083
39 43 48668
39 44 19121
39 45 69705
39 47 35758
39 48 58942
39 49 29580
40 41 24664
40 42 40485
40 43 65235
40 44 43956
40 45 56516
40 47 11260
40 48 55256
40 49 67050
41 43 45718
41 44 20001
41 45 45817
41 46 19217
41 47 12422
41 48 18939
42 43 69955
42 44 26410
42 45 44588
42 46 69952
42 47 30134
42 48 59272
42 49 20893
43 44 17133
43 45 34571
43 46 30013
43 47 40719
43 48 46501
44 45 24429
44 47 69720
44 49 69675
45 46 32073
45 47 47514
45 48 35624
45 49 62178
46 47 34201
47 48 43410
47 49 69653
