50 50 1092
25000 25000 25000 25000 25000 25000 25000 25000 25000 25000 25000 25000 25000 25000 25000 25000 25000 25000 25000 25000 25000 25000 0 25000 25000 25000 25000 25000 25000 25000 25000 25000 25000 25000 25000 25000 25000 25000 25000 25000 25000 25000 25000 25000 25000 25000 25000 25000 25000 25000
2609 3292 6739 8933 6803 5984 10355 7650 8084 4246 5219 5776 6641 7816 4374 3847 5033 6429 6719 3660 7358 5396 5219 8345 4182 6387 7391 5542 5038 10349 6400 5558 6051 9568 3792 4898 9064 7159 11178 8697 4781 6033 6661 5299 8845 11656 9977 5301 8663 3947

2368 1148 3204 4509 4028 2752 5457 3845 4791 2504 2396 2628 3220 3859 1838 2266 2285 3117 3299 2596 3680 2582 2296 4205 1779 2994 5115 2491 2189 5399 3046 2499 2838 4940 1446 2351 4642 3507 6634 4369 2035 2890 3943 2607 5984 6919 5919 3574 4385 1538

38119 28711 4914 17161 44553 7030 26409 19622 50450 35490 13876 9147 14977 9987 21848 35330 20546 15111 25670 37312 29954 23679 9828 13734 19303 6568 57472 8895 11180 22957 12390 7341 15489 21294 21806 22713 18992 16657 67393 15523 12297 23856 48568 27686 66066 66973 59161 44864 16203 22621

94158 75406 32372 11548 94124 35112 29982 21024 105322 79267 29681 21275 20071 28595 64292 80186 47630 25921 53179 95094 61702 69206 23096 42165 48700 24701 135170 25118 40527 60515 47246 30416 52911 19804 61669 53847 15191 17163 141838 16712 34762 49569 105288 76944 142841 137025 121516 110118 12183 58878

1432 1277 1715 1883 566 1580 2152 1577 838 876 1061 1250 1363 1923 1524 955 1016 1318 949 1655 814 1789 1133 2087 1015 1583 2005 1269 1379 2512 1815 1381 1823 2008 1383 947 1901 1497 1685 1925 1108 908 1169 1798 2040 1600 1240 2003 1836 1237

29389 21549 6421 15994 35203 3514 23701 16197 40108 27663 10383 7483 12332 10627 15840 27251 15232 12444 20193 28704 23757 17769 7029 12654 13919 6260 45474 6253 6966 20326 9090 4947 10956 19446 15805 17035 17517 13730 54202 15093 8371 18684 38375 21102 52622 53852 47354 34986 15197 16483

181956 151443 81972 45118 179349 86890 28499 43134 199791 153664 65767 58805 48555 75277 138615 155294 97584 53176 107361 187467 122469 147325 56998 99391 102384 68433 259515 65619 96429 131920 108338 78565 118381 37594 126439 108605 40319 50569 262507 54213 78328 100962 199791 160389 266358 256048 228497 214099 46244 120958

70158 56137 33391 20160 68960 32030 26544 6370 78353 57158 16770 13571 8861 34044 51550 57907 31390 10985 35882 72690 42824 57376 12741 45125 33595 25346 105796 16702 32220 60071 42892 24339 46527 21820 44649 36454 21085 12128 107171 24366 22542 32942 78353 60248 108940 104203 91544 84928 20704 42130

1719 1555 2020 2186 797 1877 2480 1869 697 1127 1324 1525 1646 2242 1817 1211 1359 1593 1205 1956 1061 2099 1395 2416 1275 1880 1940 1538 1663 2869 2127 1665 2135 2327 1668 1203 2218 1789 1599 2239 1374 1156 1050 2109 1977 1509 1125 2149 2144 1511

1038 879 1459 1709 1024 1320 1995 1402 1305 464 869 1050 1181 1674 1133 546 738 1134 1066 1268 1206 1406 928 1875 768 1323 1950 999 1145 2314 1562 1115 1500 1846 988 667 1736 1318 1983 1748 832 916 1087 1416 1986 2088 1720 1628 1668 837

282030 211282 141015 156813 275986 123980 205925 104130 324205 216434 12638 46089 66146 165880 198300 220212 86408 58178 109075 294806 144106 241573 25277 212999 97536 105504 461992 48149 106122 288418 178793 81738 185456 180442 162789 111960 161484 89774 468792 165811 55499 94239 323380 245901 477721 453818 389938 356556 149807 140603

50691 38013 17684 20961 51754 16554 32069 15322 59686 41572 8429 1231 9073 20938 32781 41335 20566 9254 24295 52228 30058 37595 2463 29549 19775 11074 79235 3830 16712 41956 25571 10170 28589 26227 28724 24385 23131 11333 83247 20927 10350 21854 59166 41335 84557 81009 70500 62387 19673 26656

87703 68425 38207 29484 86090 36375 42477 15319 98955 70203 15832 11526 5185 43485 62653 71210 35513 11563 41561 91111 50906 70496 10371 57448 38482 27377 135275 15741 36631 77569 50998 26021 55891 35788 53362 42330 30731 11599 137529 32581 23565 37602 98735 74362 139911 133534 116492 107586 27615 49972

8994 7014 1953 3076 10270 2400 5044 4089 11525 8342 3428 2289 3530 1217 5553 8308 5162 3558 5938 8844 6878 5947 2434 2672 4897 1741 13134 2275 3283 4634 3544 2352 4204 3955 5544 5623 3465 3423 15131 2520 3406 5551 11125 6799 14963 15041 13379 10451 2868 5718

22109 13806 17181 27575 34163 13983 36054 25399 39559 23393 16297 15828 21148 21809 7310 21709 15513 20779 22678 21463 25368 12569 14621 24038 11931 16866 39913 14091 11169 32479 15843 13360 14375 31372 9640 15974 29250 22701 52897 26598 12776 19787 33563 13114 48346 54681 47531 28374 26698 11815

16807 14001 25640 30561 19556 22905 35602 25154 24505 9679 15763 18421 21255 29433 18478 8135 13451 20437 19232 20868 21699 23300 16271 32126 12619 23236 35094 17533 19253 39867 26303 19556 24957 32986 15933 12196 31041 23680 36455 30709 14579 16581 19881 23476 36497 38302 31816 27205 29842 13261

10299 7390 7031 8472 10011 6048 10492 6305 12559 6963 2542 3918 4743 8551 6856 7119 1531 4415 4164 10825 5152 8788 3062 9992 2712 6068 17458 3782 5031 13093 7754 4593 8294 9443 5401 2666 8664 5714 17692 8842 2599 3101 11362 8989 17709 17551 14924 13365 8184 4483

175305 136474 78453 73100 171987 74683 92515 36644 198000 139301 27445 23562 23034 89311 126332 141375 67935 11423 80376 182317 99603 144881 22846 118038 74042 56173 274079 32233 75211 159433 104768 53383 114834 79433 107218 81959 75663 36305 280374 79396 45918 72233 198000 150423 282712 269592 234531 216209 69254 97680

14104 10872 9452 10186 10309 8668 12441 7754 12529 10040 3542 5082 6005 10597 10274 10214 4313 5638 2061 14718 4237 12438 4123 12767 5635 7817 21789 5177 8073 16239 11122 6723 11726 11267 8646 5230 10401 7099 19186 10594 5350 2795 14964 12662 22071 18497 15556 17561 9863 7618

4719 4738 8597 11897 10320 7583 14113 10500 12031 6905 7254 7875 9152 10064 5467 6371 7005 8870 9277 3656 10130 6729 7312 10878 5869 8497 9506 7622 6695 13554 8172 7390 7707 13238 5406 7151 12428 9845 15675 11583 6547 8360 10130 5845 12180 16314 14559 5847 11614 5613

2204 1718 1581 1691 1302 1463 2030 1326 1635 1593 693 924 1063 1760 1628 1619 733 1008 555 2296 390 1953 780 2079 931 1335 3066 939 1298 2600 1756 1171 1846 1853 1384 871 1722 1227 2673 1752 889 505 2041 1987 3108 2532 2090 2723 1643 1229

33087 23443 23170 37575 50155 19559 48702 36072 57236 36022 26166 23493 30494 29263 14919 33813 25682 30655 35084 31815 38614 11166 22333 29102 20982 23524 56025 21214 17380 40178 17905 20255 15978 42538 17975 26288 39775 32512 74738 35911 21002 31291 49368 15978 67091 77038 67697 40884 36405 20830

29547 21819 12087 14277 30208 10393 19877 9670 34960 23989 3801 2252 5847 14071 19650 23844 11199 6260 13471 30993 16984 22873 0 19319 10703 8017 46945 2293 10145 26881 15889 6157 17728 16757 16158 13513 14856 7665 50147 14257 4959 11984 34713 24051 50189 48040 41634 36675 13492 14897

19258 15154 4883 8660 22473 5240 12851 10822 25140 18677 8930 6798 9435 4715 11943 18148 11947 9496 14265 19106 16203 11616 7106 3553 10898 5631 28226 6684 7117 7725 6509 5973 7911 10537 11924 12593 9496 9405 33421 7486 7881 13444 24198 13429 31946 32615 29081 22522 8227 12293

32600 22120 24063 31410 36263 20115 39682 24603 43406 26098 11050 13644 18976 29538 20197 24684 10012 17796 19495 34493 23056 27157 10541 33424 5270 20594 59259 12362 14845 44597 26668 15282 26495 35297 14936 10622 32488 21866 64743 31379 8099 15669 41636 27879 64804 63420 53958 43640 30250 11650

19133 14415 4124 7502 21736 4258 12148 8180 24693 17191 5611 2952 5851 5337 11613 17111 9697 5918 11525 19369 13673 12852 3268 8547 9073 1634 29479 2801 5623 13172 7620 3075 8745 9583 10952 10784 8420 6693 33190 6967 5560 10615 23935 14794 33148 32667 28750 23156 7022 11361

175156 190444 281463 355282 238383 258749 406770 325852 225170 205569 253234 264755 294457 314332 211356 210756 242970 289434 287742 170788 273327 239639 248102 332568 222222 279224 124051 257875 238875 392519 271962 254436 261534 380835 205405 233251 365874 308872 262243 348348 234998 267212 177231 219819 183947 276549 279934 151733 352989 210046

31417 23339 11056 15023 33379 9282 22113 11424 38298 25597 5582 2430 7436 13292 19279 25460 12766 7551 15708 32571 19387 22351 1601 18629 11698 6794 49650 800 9022 26549 15038 4846 16963 18384 18146 14626 16408 8878 52990 15002 5683 14150 36827 24738 53033 52629 45921 39055 14201 16091

22292 15532 8585 15815 27305 6079 22449 14122 31534 21286 7458 6609 10790 12212 11525 20448 11037 10887 16351 22629 18460 14092 5916 13959 8953 7422 37089 5247 2958 20575 9380 4675 9917 18779 10579 12122 17129 11995 44699 15038 5121 14086 30040 16086 42325 43386 37782 28046 15128 11164

35887 29205 12480 18630 41122 13061 25455 22151 45465 34940 19069 15598 19892 12207 23976 34080 23982 19991 27757 35640 30912 23444 16099 10314 22275 13699 50490 15413 16118 8049 15128 14256 17411 21687 23945 25034 19991 19843 58502 16718 17362 26420 43931 26395 56547 57636 51882 41202 17925 24545

12035 8916 3727 7937 15528 2988 11116 8229 17556 12413 5826 4628 6632 5471 6476 11884 7270 6678 9817 11792 10828 6101 4440 5425 6843 4123 18722 4120 3693 8596 2220 3580 3285 9358 7288 8021 8567 7210 23593 7374 4435 8731 16331 7478 21757 23235 20550 14388 7608 8162

16816 12300 4673 8907 19038 3674 13346 7880 21863 14695 4330 2861 5655 6838 9623 14610 7526 5719 9982 17041 12034 11338 2398 8891 6931 3300 26701 1952 3900 13310 6886 1199 7961 10895 8991 8573 9784 6460 29982 8388 3574 9112 21992 12670 30199 29780 26037 20660 8448 9382

33291 24043 13451 25678 45466 10386 35106 25927 51477 34720 17347 15249 21192 18623 16808 32845 22433 21329 29985 32571 32982 15695 14693 18486 19385 13751 53121 13742 10951 27888 8982 12141 7346 30148 19402 23889 27802 22904 67566 24266 14025 26766 46032 19779 62514 69570 61607 40269 24685 21808

946126 772783 372672 171891 941607 399465 229188 203364 1052973 801673 322800 261306 229995 336196 681269 810550 496143 258078 549405 987768 631719 728398 261790 467575 512606 298912 1361570 298428 451435 644793 516318 354111 575875 130895 640112 556184 145421 201588 1394657 221440 377998 514543 1052973 803126 1415639 1359472 1209370 1121245 178024 610899

11074 6516 9745 14620 17265 8055 18070 12049 20125 11582 7198 7592 9802 12191 5780 10692 6792 9607 10578 11927 12000 8559 6353 13369 4891 8961 21336 7495 5951 17830 10200 7109 9514 16229 3176 7028 15116 10875 27174 14096 5378 9051 16956 8848 24582 28075 24330 15579 14222 4326

15829 11730 12055 14909 14887 10463 18181 11400 18098 9950 5307 7379 8870 14516 10865 10202 3806 8340 7557 17293 9159 13994 5984 16447 4154 10495 26946 6793 8459 21470 13235 8116 13697 16483 8500 2992 15221 10444 27326 15353 4886 5837 17073 14319 27353 27097 22842 21406 14443 7022

260549 211357 97602 40426 259264 105128 73603 59561 291477 219479 83331 65940 56946 87232 185247 222003 132614 73007 147849 269818 171160 198738 65986 124584 137295 76540 378755 76494 119995 174969 138442 92233 155375 45566 173638 149685 32993 48961 388070 54606 99025 137846 290926 219984 394035 378067 335391 310337 42170 165240

137814 108160 60774 37261 137095 58008 63568 27330 156514 113056 30982 20497 15076 61549 97731 114578 60691 24757 69875 142959 83983 109515 20525 84066 63513 44425 209073 26860 58395 114439 80082 42378 87468 46721 85421 70981 39142 10262 214743 41936 40442 63900 156127 117123 218284 208713 182987 167828 34439 80359

45190 41683 54470 59493 29821 51403 65177 52117 27688 32544 40378 44494 47243 59211 47631 34351 38581 46820 37823 48504 35461 53659 42775 64357 39250 51465 40960 44335 48318 73399 57395 46882 55712 61907 44450 37012 59475 50292 21387 60630 40660 36889 30385 54285 34060 23696 24243 45428 59070 41092

22574 17974 7146 4104 23542 8089 8618 6428 26371 19848 7822 5211 5621 5744 15256 19762 12226 7047 13579 22804 15670 16305 5658 9081 11939 5543 32644 6154 9417 13583 10795 6937 12308 6121 14604 13612 4997 4907 35329 2829 8519 12693 26231 18261 35444 34157 30344 26490 3636 14436

80057 56481 38011 53182 85773 30699 70728 39587 100523 63100 15801 16494 27925 49316 49862 62659 25677 26917 44210 82915 51564 61965 10086 58183 22567 30846 133135 13847 23134 81255 43390 19877 47404 61209 39209 31140 55409 33472 142906 53119 5043 36309 95817 63289 143032 141855 122313 103360 50787 35364

58028 43758 39723 42962 45043 36260 52917 32225 54677 40086 13627 20427 24504 44777 41119 40854 14800 22884 13348 60736 18235 50669 16196 54356 20636 32504 91957 20846 31401 69686 44861 27673 47528 47737 33928 18849 43884 29335 84235 44763 19379 8098 61825 51661 93199 81191 68206 73289 41538 29391

11687 10319 16111 18256 9625 14832 20714 15620 8793 7559 11041 12598 13719 17960 12502 7885 9913 13320 12732 13667 11825 14853 11550 19329 10071 15090 13193 12158 13052 23103 16310 14031 15654 19439 11261 9301 18490 14901 14420 18590 10725 11440 5775 15097 13994 15320 12357 14935 17905 9951

19812 14312 16981 25818 30875 14743 32575 23312 35262 22118 16250 16268 19856 20756 9331 20750 16000 19556 21825 17087 24012 9543 14550 20656 13087 17100 32087 14856 12481 27518 13718 14262 12525 28893 11225 16375 27181 21506 46393 24875 13050 19475 30675 7275 38943 47856 42043 22706 25093 12993

107792 115691 168663 190737 120397 157010 210766 169251 113618 103562 131938 144628 153760 185526 134768 109304 122750 150511 145721 113954 138325 149278 136084 193650 124879 163256 89976 141042 142499 224408 164573 150483 160511 200373 123367 117764 192641 163396 108212 193454 129361 135188 93057 139110 68042 115551 117288 104178 187935 125748

50320 46673 57109 60151 29943 53921 66703 53124 27725 37172 40919 45381 48057 62039 52583 39050 40589 46994 38262 53765 35074 58814 42605 65905 40553 53307 45922 46572 49175 75966 59473 49220 61003 63303 49184 38958 60774 51227 25572 61352 42752 37291 34927 59519 38748 21302 24143 50567 59235 45803

13547 12443 15576 16502 7348 14610 18481 14368 6676 9565 10672 12024 12834 17069 14205 10134 10572 12512 9867 15145 8902 16103 11183 18240 10561 14424 14940 12384 13172 21287 16292 13186 16755 17451 13197 10078 16686 13794 8777 16860 11227 9573 9046 16305 12767 8172 5591 17640 16219 12151

1568 1572 2542 3371 2975 2287 3928 3020 3140 2117 2205 2361 2682 2911 1756 1983 2142 2611 2713 1300 2927 2073 2174 3115 1857 2517 2006 2297 2064 3788 2435 2239 2318 3664 1740 2179 3495 2856 3556 3292 2072 2483 2603 1850 2678 3717 4040 1087 3300 1792

101089 81178 34056 14036 101528 37057 34221 24448 114155 85625 31329 21905 20807 29883 69009 86632 50983 27212 57059 102699 66392 74352 23899 44780 51935 25656 147937 26114 42986 64873 50343 31915 56510 23076 66429 57791 18025 17622 155129 16909 36673 53106 114118 82825 155275 148907 131888 119151 11949 63080

7969 4856 7095 9693 10916 5941 11999 7886 12864 7029 4190 4847 6351 8766 4903 6421 3907 6030 6493 8552 7464 6801 4001 9570 2614 6560 14979 4498 4503 12617 7978 5294 7448 10753 3124 4073 9987 7090 17673 9684 3335 5450 10694 6998 17196 18323 15742 11047 9376 2000

0 1 58985
0 2 25665
0 3 57285
0 4 57043
0 5 19778
0 6 15323
0 7 69093
0 8 20616
0 9 32092
0 10 27944
0 11 48270
0 12 48622
0 13 19011
0 14 61028
0 16 48455
0 17 51912
0 18 32116
0 19 69556
0 20 66616
0 21 57885
0 22 68234
0 23 63997
0 24 58459
0 27 24694
0 28 65104
0 29 67094
0 31 18066
0 32 30508
0 34 36958
0 35 49399
0 37 48956
0 38 59095
0 39 25066
0 40 40101
0 41 47997
0 42 51367
0 43 35050
0 44 35793
0 45 39658
0 46 50616
0 48 35035
0 49 20487
1 2 53106
1 3 18934
1 4 49224
1 5 47813
1 6 13213
1 8 57212
1 9 24379
1 10 66311
1 11 46308
1 12 40301
1 14 69959
1 15 68204
1 16 41813
1 17 53241
1 18 59268
1 19 42450
1 20 11556
1 21 22320
1 22 64431
1 23 59050
1 24 49097
1 25 16633
1 26 11495
1 27 63319
1 30 50444
1 31 23608
1 32 35312
1 34 54905
1 35 61156
1 36 22876
1 37 35513
1 38 24383
1 39 65333
1 40 40285
1 41 55365
1 42 40572
1 43 23316
1 44 29344
1 45 17394
1 46 62969
1 47 51077
1 48 40756
1 49 43507
2 3 29629
2 4 25970
2 6 27835
2 7 51109
2 8 51444
2 9 15707
2 10 42743
2 11 45955
2 12 40845
2 13 64463
2 15 31933
2 16 20802
2 17 54310
2 18 28565
2 19 19924
2 20 28833
2 21 57051
2 22 53729
2 24 29151
2 25 24046
2 26 29989
2 27 28739
2 28 31909
2 29 40261
2 30 55659
2 31 61009
2 32 56423
2 33 52662
2 34 35289
2 35 24257
2 36 65664
2 37 60535
2 39 33698
2 40 65735
2 41 44643
2 42 20998
2 43 62037
2 44 66046
2 45 23556
2 46 49986
2 47 26132
2 48 45600
2 49 43703
3 4 34497
3 5 64191
3 6 52551
3 7 64869
3 9 64919
3 10 53014
3 11 65368
3 12 66925
3 13 18350
3 14 35551
3 15 40129
3 16 29014
3 17 16805
3 18 41258
3 19 53759
3 20 40511
3 22 44844
3 24 16065
3 26 10984
3 27 45426
3 28 63066
3 29 30189
3 30 22793
3 31 58122
3 32 16891
3 33 57188
3 35 67244
3 36 14318
3 37 31350
3 38 58002
3 39 19674
3 41 62091
3 42 46982
3 44 58760
3 46 26851
3 47 14212
3 49 38686
4 5 66534
4 6 55006
4 7 52139
4 8 19242
4 9 45957
4 10 67639
4 11 56382
4 12 35159
4 13 45756
4 14 54286
4 15 61908
4 16 67876
4 18 20758
4 19 42246
4 20 29153
4 22 12987
4 23 18723
4 24 56376
4 25 17935
4 26 34911
4 27 32645
4 28 59239
4 30 34996
4 31 49235
4 32 42102
4 34 52004
4 35 25167
4 36 33482
4 37 25272
4 38 11560
4 39 31321
4 40 26089
4 41 50954
4 42 16383
4 43 15951
4 44 63510
4 45 39538
4 46 66538
4 47 37694
4 48 15482
4 49 53832
5 6 41211
5 7 29958
5 8 37271
5 9 34591
5 10 16193
5 11 61820
5 12 16314
5 13 32658
5 14 48639
5 15 64430
5 16 10152
5 18 43042
5 19 34654
5 21 50981
5 22 13022
5 23 65296
5 24 53237
5 25 44562
5 26 14104
5 27 16445
5 28 49389
5 29 15050
5 30 48161
5 32 42591
5 33 53513
5 35 26555
5 36 36508
5 37 68499
5 38 35318
5 40 30615
5 41 25623
5 42 21767
5 43 69991
5 45 42267
5 46 65361
5 47 69367
5 49 16376
6 8 59889
6 9 37754
6 10 21046
6 11 21817
6 12 11751
6 13 57419
6 14 44103
6 15 59761
6 16 22744
6 17 16333
6 18 42167
6 19 12586
6 20 62269
6 22 59627
6 23 42573
6 24 20922
6 25 29633
6 26 21702
6 27 51888
6 28 61998
6 29 55019
6 30 39479
6 31 38601
6 32 68741
6 33 52154
6 34 13038
6 35 65650
6 36 59375
6 37 67026
6 38 64989
6 39 40881
6 40 16607
6 41 45983
6 42 50761
6 43 62261
6 44 23248
6 45 21600
6 46 69629
6 47 28549
6 48 44719
7 8 47757
7 9 33437
7 10 33537
7 11 64407
7 12 62382
7 13 19773
7 14 16966
7 15 20629
7 16 63753
7 17 63889
7 18 28101
7 19 60817
7 20 53504
7 21 65729
7 23 42785
7 24 66199
7 25 19450
7 26 16836
7 29 45577
7 30 41854
7 31 65312
7 32 67205
7 33 48599
7 34 13534
7 36 57408
7 37 43692
7 38 62357
7 39 11843
7 40 48558
7 42 55505
7 43 34226
7 44 26853
7 45 48070
7 46 10559
7 47 49006
7 48 41122
7 49 15516
8 9 24622
8 10 50243
8 11 42811
8 12 54826
8 13 27586
8 14 51918
8 15 39158
8 16 45384
8 17 26136
8 18 53357
8 19 58176
8 20 11772
8 21 54056
8 24 63342
8 25 11253
8 26 21878
8 27 65451
8 29 50277
8 30 47016
8 31 29387
8 32 10034
8 33 27137
8 34 28002
8 36 60992
8 37 18539
8 38 16363
8 39 56246
8 40 54127
8 41 16503
8 42 33906
8 43 13228
8 44 25775
8 45 45986
8 46 69673
8 47 46279
8 48 53249
8 49 68564
9 10 66148
9 11 55058
9 12 19292
9 13 62608
9 14 56194
9 15 29331
9 17 35834
9 18 28701
9 19 41633
9 20 22694
9 21 60396
9 22 16668
9 23 52218
9 24 26860
9 25 33011
9 26 39215
9 27 22569
9 28 10320
9 29 55315
9 30 38713
9 31 21659
9 32 65317
9 33 13791
9 34 20765
9 35 51133
9 36 16067
9 37 15750
9 38 15141
9 39 47182
9 40 67387
9 41 35864
9 42 13925
9 43 29310
9 44 54601
9 45 42926
9 46 27852
9 47 35053
9 48 44783
10 11 31900
10 12 31026
10 13 33040
10 14 13814
10 15 20401
10 16 35661
10 18 12206
10 19 38476
10 20 59403
10 21 33082
10 22 15117
10 23 10023
10 24 26946
10 25 22490
10 26 16624
10 27 36334
10 28 36113
10 30 65021
10 31 45116
10 32 42698
10 33 36880
10 34 49336
10 35 49400
10 36 37253
10 37 54902
10 38 31360
10 39 60337
10 40 20561
10 41 19524
10 42 44741
10 43 51329
10 44 14372
10 45 31328
10 46 43940
10 47 63871
10 48 67222
10 49 63915
11 12 68601
11 13 44730
11 14 59559
11 15 62520
11 16 23247
11 17 17953
11 18 44622
11 20 55716
11 21 66484
11 22 22812
11 23 51735
11 24 22505
11 25 28780
11 26 21755
11 27 35763
11 28 24484
11 29 69396
11 30 11341
11 32 34965
11 33 38420
11 34 42435
11 35 36747
11 36 35111
11 37 54075
11 38 57999
11 39 37253
11 41 15434
11 42 40640
11 43 33923
11 44 28206
11 45 54538
11 46 17801
11 48 63364
11 49 31610
12 14 40398
12 15 33213
12 16 12643
12 17 24767
12 18 32751
12 19 61766
12 20 22551
12 21 30051
12 22 13445
12 23 62299
12 24 68733
12 25 25606
12 26 69069
12 28 56265
12 29 44388
12 30 43302
12 31 52297
12 32 60915
12 33 52410
12 34 49801
12 35 53547
12 36 18720
12 37 58216
12 38 30545
12 39 43268
12 40 17276
12 42 60163
12 43 49097
12 44 18144
12 45 10803
12 46 25303
12 48 29297
12 49 60223
13 14 65420
13 15 44228
13 17 29301
13 18 32758
13 19 39315
13 20 43537
13 21 24930
13 22 68372
13 23 51873
13 24 17860
13 25 65822
13 26 27245
13 27 44092
13 28 53126
13 29 63346
13 30 55855
13 31 41766
13 32 44265
13 33 19945
13 34 37689
13 36 47578
13 37 65959
13 40 25799
13 41 31617
13 43 16633
13 44 58025
13 46 41151
13 47 42235
13 48 63368
13 49 46808
14 15 52576
14 16 14488
14 17 18268
14 18 30630
14 19 69929
14 20 29772
14 21 40346
14 23 61964
14 24 29756
14 25 63506
14 28 25285
14 29 14630
14 30 26556
14 31 67134
14 33 47714
14 34 57822
14 35 22040
14 36 18181
14 37 47746
14 38 12804
14 39 26229
14 40 46408
14 41 51769
14 42 50179
14 44 22574
14 47 24218
14 48 16498
14 49 16933
15 16 35418
15 17 12543
15 18 33616
15 19 42286
15 20 11445
15 21 61094
15 22 39174
15 23 32298
15 24 17579
15 25 66027
15 26 23393
15 27 13725
15 28 12158
15 29 45800
15 30 52000
15 31 33377
15 33 35920
15 34 27926
15 35 50162
15 36 61065
15 37 67310
15 38 68632
15 40 60832
15 41 19262
15 42 50534
15 44 54259
15 45 20323
15 46 61126
15 47 30555
15 48 65061
15 49 50873
16 18 45151
16 19 62363
16 20 48019
16 21 48677
16 22 66806
16 23 36933
16 26 20849
16 27 21555
16 28 19995
16 29 15688
16 30 64360
16 31 55457
16 32 66082
16 33 68149
16 34 48335
16 35 26722
16 36 24667
16 37 38872
16 38 32420
16 39 41493
16 40 36020
16 41 48253
16 42 16078
16 43 42234
16 44 63042
16 45 50975
16 46 25295
16 47 14679
16 48 62567
16 49 27497
17 18 46128
17 19 47953
17 20 15313
17 21 66843
17 22 31559
17 23 39791
17 24 55031
17 25 10800
17 26 56908
17 27 53535
17 28 57309
17 29 50058
17 30 37295
17 31 36686
17 32 10269
17 33 37117
17 35 51422
17 36 10068
17 38 14154
17 40 20297
17 41 36459
17 42 20889
17 43 27953
17 44 47456
17 45 30289
17 46 60666
17 47 15615
17 48 12284
17 49 58376
18 20 11125
18 22 51021
18 23 21319
18 24 68150
18 25 69188
18 26 30270
18 27 62196
18 28 42272
18 29 14139
18 31 34428
18 32 34129
18 33 40015
18 34 12310
18 35 10613
18 37 11738
18 40 10351
18 41 23224
18 42 55364
18 43 29653
18 44 60763
18 45 23146
18 46 68352
18 47 55468
18 48 28065
18 49 29591
19 21 18180
19 23 18793
19 24 35222
19 25 61888
19 26 52347
19 27 10621
19 28 13445
19 29 54336
19 30 37972
19 31 21301
19 33 19653
19 34 42659
19 35 62822
19 36 47411
19 37 68762
19 38 41315
19 39 40736
19 40 58416
19 41 55088
19 42 46319
19 43 60827
19 44 27125
19 45 62579
19 46 51137
19 47 37877
19 48 61223
19 49 43365
20 21 65350
20 22 52762
20 23 59804
20 24 28352
20 25 14718
20 26 24320
20 27 53059
20 28 29693
20 29 23089
20 30 37621
20 31 33686
20 32 69495
20 33 10584
20 34 13432
20 37 62042
20 38 25688
20 39 32070
20 41 26774
20 42 67399
20 43 27285
20 44 11625
20 45 32931
20 46 16135
20 47 34977
20 48 67138
20 49 58548
21 22 32115
21 23 51746
21 24 19880
21 25 28668
21 26 56935
21 27 54907
21 28 56153
21 30 29904
21 31 35381
21 32 31872
21 33 32425
21 34 10914
21 35 30558
21 36 15720
21 37 24868
21 38 50555
21 39 12132
21 40 27021
21 42 49858
21 43 65675
21 44 11798
21 45 49150
21 46 24436
21 47 57979
21 48 67621
21 49 22707
22 23 53672
22 25 19991
22 26 65848
22 27 57396
22 28 42000
22 29 29938
22 31 32140
22 33 27815
22 34 56781
22 36 43027
22 38 31006
22 39 41573
22 41 34775
22 42 24710
22 43 67427
22 44 20735
22 47 40639
22 48 29781
22 49 29666
23 24 47596
23 25 22441
23 26 25078
23 27 64851
23 28 25220
23 29 19111
23 30 46728
23 31 35707
23 32 10311
23 33 26390
23 34 44842
23 35 42730
23 36 36969
23 39 45734
23 40 51376
23 42 63818
23 43 13759
23 44 51183
23 45 20179
23 46 47328
23 47 33066
23 48 54524
23 49 13219
24 26 47310
24 27 54437
24 28 39151
24 29 36114
24 30 20860
24 31 60251
24 32 61531
24 33 68759
24 34 65396
24 35 65399
24 36 13897
24 37 47293
24 39 13849
24 40 52077
24 41 31237
24 43 20077
24 44 53476
24 45 17936
24 46 55448
24 47 57790
24 48 10089
24 49 37336
25 26 63537
25 27 62566
25 28 56345
25 29 17026
25 30 41883
25 31 13840
25 32 52963
25 34 52352
25 35 33141
25 36 37821
25 37 33170
25 38 10522
25 39 11553
25 40 64760
25 41 49911
25 42 20765
25 43 32527
25 44 35341
25 45 29431
25 46 13578
25 49 36929
26 28 55633
26 29 54314
26 30 64008
26 31 10390
26 32 69911
26 33 55676
26 34 36174
26 35 38748
26 37 17744
26 38 36074
26 39 60358
26 40 21121
26 41 52175
26 42 59341
26 43 68487
26 44 17442
26 46 18310
26 47 27865
26 48 12805
26 49 50114
27 28 16614
27 29 37738
27 30 12423
27 31 53106
27 32 30185
27 33 57795
27 34 50016
27 35 10571
27 36 17425
27 37 41501
27 38 39821
27 39 22769
27 40 61210
27 42 64016
27 43 26002
27 44 41377
27 45 32940
27 46 47417
27 47 36198
27 48 23588
27 49 32650
28 29 45110
28 30 18907
28 31 58159
28 33 16099
28 34 58505
28 35 38295
28 36 35855
28 37 43732
28 38 66537
28 39 44699
28 40 38226
28 41 18948
28 42 30340
28 43 68865
28 44 29157
28 45 13248
28 46 26108
28 47 58050
28 48 50053
28 49 47559
29 30 35722
29 31 18275
29 32 32742
29 33 28547
29 34 33645
29 35 37163
29 36 57389
29 37 23500
29 38 42618
29 39 45867
29 41 49115
29 42 22027
29 43 62421
29 44 53245
29 45 36037
29 46 34997
29 47 66431
29 48 40986
29 49 21474
30 31 61139
30 32 63780
30 34 16244
30 35 58895
30 36 31579
30 37 53342
30 38 50230
30 39 15878
30 40 50133
30 41 13019
30 42 54042
30 43 14406
30 44 33958
30 45 45976
30 46 18807
30 47 52591
30 48 66374
30 49 41046
31 32 44815
31 33 64184
31 34 31057
31 36 47639
31 37 29771
31 38 15372
31 39 10432
31 40 44521
31 42 13159
31 43 32872
31 45 18031
31 46 12312
31 47 60807
31 48 51662
31 49 49080
32 34 21827
32 35 24192
32 36 59357
32 37 31843
32 38 67507
32 39 57203
32 40 56844
32 41 30531
32 42 17080
32 43 51843
32 44 37787
32 45 39114
32 46 60731
32 48 66860
32 49 20726
33 34 46991
33 35 57717
33 36 21800
33 39 47360
33 40 55774
33 41 46424
33 42 26532
33 43 30720
33 44 30975
33 45 14074
33 46 62988
33 47 57982
33 48 61599
33 49 61531
34 35 64719
34 36 34768
34 37 53937
34 38 68641
34 39 21492
34 40 20776
34 41 42002
34 42 20906
34 43 36332
34 44 11173
34 45 65501
34 46 54558
34 47 46781
34 48 61208
34 49 40086
35 36 40705
35 37 33966
35 38 66299
35 39 54747
35 40 15451
35 41 40942
35 42 16209
35 43 49780
35 44 50534
35 45 11446
35 46 16124
35 47 69659
35 48 31788
35 49 45927
36 37 14821
36 38 18441
36 39 53523
36 40 30057
36 41 39367
36 42 21115
36 43 23747
36 44 37398
36 45 67705
36 46 59775
36 47 12347
36 48 66298
36 49 34521
37 38 45505
37 39 18751
37 40 45659
37 41 63798
37 42 11803
37 43 15563
37 44 63496
37 45 13016
37 46 56102
37 47 33020
37 49 67077
38 39 36495
38 40 45730
38 41 17966
38 42 28590
38 43 66058
38 44 59027
38 45 26911
38 46 23993
38 47 50755
38 48 52927
38 49 67514
39 40 15632
39 41 13960
39 42 47849
39 43 45467
39 44 13547
39 45 56594
39 46 18735
39 47 46182
39 48 21189
39 49 18578
40 41 38788
40 42 49169
40 43 12853
40 45 55780
40 46 17962
40 47 50877
40 49 49625
41 42 24115
41 43 45567
41 44 16111
41 45 19644
41 46 39427
41 47 52172
41 48 40771
41 49 27185
42 44 42706
42 45 65446
42 46 39140
42 47 14227
42 48 43921
42 49 46245
43 44 11081
43 45 54691
43 46 58806
43 47 44989
43 48 34701
43 49 63099
44 45 18360
44 46 64003
44 47 13605
44 48 38056
44 49 58607
45 46 51646
45 48 55874
45 49 37707
46 47 53799
46 49 30685
47 48 47290
47 49 31679
48 49 43163
