50 50 735
25000 25000 25000 25000 25000 25000 25000 25000 25000 25000 25000 25000 25000 25000 25000 25000 25000 25000 25000 25000 25000 25000 0 25000 25000 25000 25000 25000 25000 25000 25000 25000 25000 25000 25000 25000 25000 25000 25000 25000 25000 25000 25000 25000 25000 25000 25000 25000 25000 25000
2609 3292 6739 8933 6803 5984 10355 7650 8084 4246 5219 5776 6641 7816 4374 3847 5033 6429 6719 3660 7358 5396 5219 8345 4182 6387 7391 5542 5038 10349 6400 5558 6051 9568 3792 4898 9064 7159 11178 8697 4781 6033 6661 5299 8845 11656 9977 5301 8663 3947

2368 1148 3204 4509 4028 2752 5457 3845 4791 2504 2396 2628 3220 3859 1838 2266 2285 3117 3299 2596 3680 2582 2296 4205 1779 2994 5115 2491 2189 5399 3046 2499 2838 4940 1446 2351 4642 3507 6634 4369 2035 2890 3943 2607 5984 6919 5919 3574 4385 1538

38119 28711 4914 17161 44553 7030 26409 19622 50450 35490 13876 9147 14977 9987 21848 35330 20546 15111 25670 37312 29954 23679 9828 13734 19303 6568 57472 8895 11180 22957 12390 7341 15489 21294 21806 22713 18992 16657 67393 15523 12297 23856 48568 27686 66066 66973 59161 44864 16203 22621

94158 75406 32372 11548 94124 35112 29982 21024 105322 79267 29681 21275 20071 28595 64292 80186 47630 25921 53179 95094 61702 69206 23096 42165 48700 24701 135170 25118 40527 60515 47246 30416 52911 19804 61669 53847 15191 17163 141838 16712 34762 49569 105288 76944 142841 137025 121516 110118 12183 58878

1432 1277 1715 1883 566 1580 2152 1577 838 876 1061 1250 1363 1923 1524 955 1016 1318 949 1655 814 1789 1133 2087 1015 1583 2005 1269 1379 2512 1815 1381 1823 2008 1383 947 1901 1497 1685 1925 1108 908 1169 1798 2040 1600 1240 2003 1836 1237

29389 21549 6421 15994 35203 3514 23701 16197 40108 27663 10383 7483 12332 10627 15840 27251 15232 12444 20193 28704 23757 17769 7029 12654 13919 6260 45474 6253 6966 20326 9090 4947 10956 19446 15805 17035 17517 13730 54202 15093 8371 18684 38375 21102 52622 53852 47354 34986 15197 16483

181956 151443 81972 45118 179349 86890 28499 43134 199791 153664 65767 58805 48555 75277 138615 155294 97584 53176 107361 187467 122469 147325 56998 99391 102384 68433 259515 65619 96429 131920 108338 78565 118381 37594 126439 108605 40319 50569 262507 54213 78328 100962 199791 160389 266358 256048 228497 214099 46244 120958

70158 56137 33391 20160 68960 32030 26544 6370 78353 57158 16770 13571 8861 34044 51550 57907 31390 10985 35882 72690 42824 57376 12741 45125 33595 25346 105796 16702 32220 60071 42892 24339 46527 21820 44649 36454 21085 12128 107171 24366 22542 32942 78353 60248 108940 104203 91544 84928 20704 42130

1719 1555 2020 2186 797 1877 2480 1869 697 1127 1324 1525 1646 2242 1817 1211 1359 1593 1205 1956 1061 2099 1395 2416 1275 1880 1940 1538 1663 2869 2127 1665 2135 2327 1668 1203 2218 1789 1599 2239 1374 1156 1050 2109 1977 1509 1125 2149 2144 1511

1038 879 1459 1709 1024 1320 1995 1402 1305 464 869 1050 1181 1674 1133 546 738 1134 1066 1268 1206 1406 928 1875 768 1323 1950 999 1145 2314 1562 1115 1500 1846 988 667 1736 1318 1983 1748 832 916 1087 1416 1986 2088 1720 1628 1668 837

282030 211282 141015 156813 275986 123980 205925 104130 324205 216434 12638 46089 66146 165880 198300 220212 86408 58178 109075 294806 144106 241573 25277 212999 97536 105504 461992 48149 106122 288418 178793 81738 185456 180442 162789 111960 161484 89774 468792 165811 55499 94239 323380 245901 477721 453818 389938 356556 149807 140603

50691 38013 17684 20961 51754 16554 32069 15322 59686 41572 8429 1231 9073 20938 32781 41335 20566 9254 24295 52228 30058 37595 2463 29549 19775 11074 79235 3830 16712 41956 25571 10170 28589 26227 28724 24385 23131 11333 83247 20927 10350 21854 59166 41335 84557 81009 70500 62387 19673 26656

87703 68425 38207 29484 86090 36375 42477 15319 98955 70203 15832 11526 5185 43485 62653 71210 35513 11563 41561 91111 50906 70496 10371 57448 38482 27377 135275 15741 36631 77569 50998 26021 55891 35788 53362 42330 30731 11599 137529 32581 23565 37602 98735 74362 139911 133534 116492 107586 27615 49972

8994 7014 1953 3076 10270 2400 5044 4089 11525 8342 3428 2289 3530 1217 5553 8308 5162 3558 5938 8844 6878 5947 2434 2672 4897 1741 13134 2275 3283 4634 3544 2352 4204 3955 5544 5623 3465 3423 15131 2520 3406 5551 11125 6799 14963 15041 13379 10451 2868 5718

22109 13806 17181 27575 34163 13983 36054 25399 39559 23393 16297 15828 21148 21809 7310 21709 15513 20779 22678 21463 25368 12569 14621 24038 11931 16866 39913 14091 11169 32479 15843 13360 14375 31372 9640 15974 29250 22701 52897 26598 12776 19787 33563 13114 48346 54681 47531 28374 26698 11815

16807 14001 25640 30561 19556 22905 35602 25154 24505 9679 15763 18421 21255 29433 18478 8135 13451 20437 19232 20868 21699 23300 16271 32126 12619 23236 35094 17533 19253 39867 26303 19556 24957 32986 15933 12196 31041 23680 36455 30709 14579 16581 19881 23476 36497 38302 31816 27205 29842 13261

10299 7390 7031 8472 10011 6048 10492 6305 12559 6963 2542 3918 4743 8551 6856 7119 1531 4415 4164 10825 5152 8788 3062 9992 2712 6068 17458 3782 5031 13093 7754 4593 8294 9443 5401 2666 8664 5714 17692 8842 2599 3101 11362 8989 17709 17551 14924 13365 8184 4483

175305 136474 78453 73100 171987 74683 92515 36644 198000 139301 27445 23562 23034 89311 126332 141375 67935 11423 80376 182317 99603 144881 22846 118038 74042 56173 274079 32233 75211 159433 104768 53383 114834 79433 107218 81959 75663 36305 280374 79396 45918 72233 198000 150423 282712 269592 234531 216209 69254 97680

14104 10872 9452 10186 10309 8668 12441 7754 12529 10040 3542 5082 6005 10597 10274 10214 4313 5638 2061 14718 4237 12438 4123 12767 5635 7817 21789 5177 8073 16239 11122 6723 11726 11267 8646 5230 10401 7099 19186 10594 5350 2795 14964 12662 22071 18497 15556 17561 9863 7618

4719 4738 8597 11897 10320 7583 14113 10500 12031 6905 7254 7875 9152 10064 5467 6371 7005 8870 9277 3656 10130 6729 7312 10878 5869 8497 9506 7622 6695 13554 8172 7390 7707 13238 5406 7151 12428 9845 15675 11583 6547 8360 10130 5845 12180 16314 14559 5847 11614 5613

2204 1718 1581 1691 1302 1463 2030 1326 1635 1593 693 924 1063 1760 1628 1619 733 1008 555 2296 390 1953 780 2079 931 1335 3066 939 1298 2600 1756 1171 1846 1853 1384 871 1722 1227 2673 1752 889 505 2041 1987 3108 2532 2090 2723 1643 1229

33087 23443 23170 37575 50155 19559 48702 36072 57236 36022 26166 23493 30494 29263 14919 33813 25682 30655 35084 31815 38614 11166 22333 29102 20982 23524 56025 21214 17380 40178 17905 20255 15978 42538 17975 26288 39775 32512 74738 35911 21002 31291 49368 15978 67091 77038 67697 40884 36405 20830

29547 21819 12087 14277 30208 10393 19877 9670 34960 23989 3801 2252 5847 14071 19650 23844 11199 6260 13471 30993 16984 22873 0 19319 10703 8017 46945 2293 10145 26881 15889 6157 17728 16757 16158 13513 14856 7665 50147 14257 4959 11984 34713 24051 50189 48040 41634 36675 13492 14897

19258 15154 4883 8660 22473 5240 12851 10822 25140 18677 8930 6798 9435 4715 11943 18148 11947 9496 14265 19106 16203 11616 7106 3553 10898 5631 28226 6684 7117 7725 6509 5973 7911 10537 11924 12593 9496 9405 33421 7486 7881 13444 24198 13429 31946 32615 29081 22522 8227 12293

32600 22120 24063 31410 36263 20115 39682 24603 43406 26098 11050 13644 18976 29538 20197 24684 10012 17796 19495 34493 23056 27157 10541 33424 5270 20594 59259 12362 14845 44597 26668 15282 26495 35297 14936 10622 32488 21866 64743 31379 8099 15669 41636 27879 64804 63420 53958 43640 30250 11650

19133 14415 4124 7502 21736 4258 12148 8180 24693 17191 5611 2952 5851 5337 11613 17111 9697 5918 11525 19369 13673 12852 3268 8547 9073 1634 29479 2801 5623 13172 7620 3075 8745 9583 10952 10784 8420 6693 33190 6967 5560 10615 23935 14794 33148 32667 28750 23156 7022 11361

175156 190444 281463 355282 238383 258749 406770 325852 225170 205569 253234 264755 294457 314332 211356 210756 242970 289434 287742 170788 273327 239639 248102 332568 222222 279224 124051 257875 238875 392519 271962 254436 261534 380835 205405 233251 365874 308872 262243 348348 234998 267212 177231 219819 183947 276549 279934 151733 352989 210046

31417 23339 11056 15023 33379 9282 22113 11424 38298 25597 5582 2430 7436 13292 19279 25460 12766 7551 15708 32571 19387 22351 1601 18629 11698 6794 49650 800 9022 26549 15038 4846 16963 18384 18146 14626 16408 8878 52990 15002 5683 14150 36827 24738 53033 52629 45921 39055 14201 16091

22292 15532 8585 15815 27305 6079 22449 14122 31534 21286 7458 6609 10790 12212 11525 20448 11037 10887 16351 22629 18460 14092 5916 13959 8953 7422 37089 5247 2958 20575 9380 4675 9917 18779 10579 12122 17129 11995 44699 15038 5121 14086 30040 16086 42325 43386 37782 28046 15128 11164

35887 29205 12480 18630 41122 13061 25455 22151 45465 34940 19069 15598 19892 12207 23976 34080 23982 19991 27757 35640 30912 23444 16099 10314 22275 13699 50490 15413 16118 8049 15128 14256 17411 21687 23945 25034 19991 19843 58502 16718 17362 26420 43931 26395 56547 57636 51882 41202 17925 24545

12035 8916 3727 7937 15528 2988 11116 8229 17556 12413 5826 4628 6632 5471 6476 11884 7270 6678 9817 11792 10828 6101 4440 5425 6843 4123 18722 4120 3693 8596 2220 3580 3285 9358 7288 8021 8567 7210 23593 7374 4435 8731 16331 7478 21757 23235 20550 14388 7608 8162

16816 12300 4673 8907 19038 3674 13346 7880 21863 14695 4330 2861 5655 6838 9623 14610 7526 5719 9982 17041 12034 11338 2398 8891 6931 3300 26701 1952 3900 13310 6886 1199 7961 10895 8991 8573 9784 6460 29982 8388 3574 9112 21992 12670 30199 29780 26037 20660 8448 9382

33291 24043 13451 25678 45466 10386 35106 25927 51477 34720 17347 15249 21192 18623 16808 32845 22433 21329 29985 32571 32982 15695 14693 18486 19385 13751 53121 13742 10951 27888 8982 12141 7346 30148 19402 23889 27802 22904 67566 24266 14025 26766 46032 19779 62514 69570 61607 40269 24685 21808

946126 772783 372672 171891 941607 399465 229188 203364 1052973 801673 322800 261306 229995 336196 681269 810550 496143 258078 549405 987768 631719 728398 261790 467575 512606 298912 1361570 298428 451435 644793 516318 354111 575875 130895 640112 556184 145421 201588 1394657 221440 377998 514543 1052973 803126 1415639 1359472 1209370 1121245 178024 610899

11074 6516 9745 14620 17265 8055 18070 12049 20125 11582 7198 7592 9802 12191 5780 10692 6792 9607 10578 11927 12000 8559 6353 13369 4891 8961 21336 7495 5951 17830 10200 7109 9514 16229 3176 7028 15116 10875 27174 14096 5378 9051 16956 8848 24582 28075 24330 15579 14222 4326

15829 11730 12055 14909 14887 10463 18181 11400 18098 9950 5307 7379 8870 14516 10865 10202 3806 8340 7557 17293 9159 13994 5984 16447 4154 10495 26946 6793 8459 21470 13235 8116 13697 16483 8500 2992 15221 10444 27326 15353 4886 5837 17073 14319 27353 27097 22842 21406 14443 7022

260549 211357 97602 40426 259264 105128 73603 59561 291477 219479 83331 65940 56946 87232 185247 222003 132614 73007 147849 269818 171160 198738 65986 124584 137295 76540 378755 76494 119995 174969 138442 92233 155375 45566 173638 149685 32993 48961 388070 54606 99025 137846 290926 219984 394035 378067 335391 310337 42170 165240

137814 108160 60774 37261 137095 58008 63568 27330 156514 113056 30982 20497 15076 61549 97731 114578 60691 24757 69875 142959 83983 109515 20525 84066 63513 44425 209073 26860 58395 114439 80082 42378 87468 46721 85421 70981 39142 10262 214743 41936 40442 63900 156127 117123 218284 208713 182987 167828 34439 80359

45190 41683 54470 59493 29821 51403 65177 52117 27688 32544 40378 44494 47243 59211 47631 34351 38581 46820 37823 48504 35461 53659 42775 64357 39250 51465 40960 44335 48318 73399 57395 46882 55712 61907 44450 37012 59475 50292 21387 60630 40660 36889 30385 54285 34060 23696 24243 45428 59070 41092

22574 17974 7146 4104 23542 8089 8618 6428 26371 19848 7822 5211 5621 5744 15256 19762 12226 7047 13579 22804 15670 16305 5658 9081 11939 5543 32644 6154 9417 13583 10795 6937 12308 6121 14604 13612 4997 4907 35329 2829 8519 12693 26231 18261 35444 34157 30344 26490 3636 14436

80057 56481 38011 53182 85773 30699 70728 39587 100523 63100 15801 16494 27925 49316 49862 62659 25677 26917 44210 82915 51564 61965 10086 58183 22567 30846 133135 13847 23134 81255 43390 19877 47404 61209 39209 31140 55409 33472 142906 53119 5043 36309 95817 63289 143032 141855 122313 103360 50787 35364

58028 43758 39723 42962 45043 36260 52917 32225 54677 40086 13627 20427 24504 44777 41119 40854 14800 22884 13348 60736 18235 50669 16196 54356 20636 32504 91957 20846 31401 69686 44861 27673 47528 47737 33928 18849 43884 29335 84235 44763 19379 8098 61825 51661 93199 81191 68206 73289 41538 29391

11687 10319 16111 18256 9625 14832 20714 15620 8793 7559 11041 12598 13719 17960 12502 7885 9913 13320 12732 13667 11825 14853 11550 19329 10071 15090 13193 12158 13052 23103 16310 14031 15654 19439 11261 9301 18490 14901 14420 18590 10725 11440 5775 15097 13994 15320 12357 14935 17905 9951

19812 14312 16981 25818 30875 14743 32575 23312 35262 22118 16250 16268 19856 20756 9331 20750 16000 19556 21825 17087 24012 9543 14550 20656 13087 17100 32087 14856 12481 27518 13718 14262 12525 28893 11225 16375 27181 21506 46393 24875 13050 19475 30675 7275 38943 47856 42043 22706 25093 12993

107792 115691 168663 190737 120397 157010 210766 169251 113618 103562 131938 144628 153760 185526 134768 109304 122750 150511 145721 113954 138325 149278 136084 193650 124879 163256 89976 141042 142499 224408 164573 150483 160511 200373 123367 117764 192641 163396 108212 193454 129361 135188 93057 139110 68042 115551 117288 104178 187935 125748

50320 46673 57109 60151 29943 53921 66703 53124 27725 37172 40919 45381 48057 62039 52583 39050 40589 46994 38262 53765 35074 58814 42605 65905 40553 53307 45922 46572 49175 75966 59473 49220 61003 63303 49184 38958 60774 51227 25572 61352 42752 37291 34927 59519 38748 21302 24143 50567 59235 45803

13547 12443 15576 16502 7348 14610 18481 14368 6676 9565 10672 12024 12834 17069 14205 10134 10572 12512 9867 15145 8902 16103 11183 18240 10561 14424 14940 12384 13172 21287 16292 13186 16755 17451 13197 10078 16686 13794 8777 16860 11227 9573 9046 16305 12767 8172 5591 17640 16219 12151

1568 1572 2542 3371 2975 2287 3928 3020 3140 2117 2205 2361 2682 2911 1756 1983 2142 2611 2713 1300 2927 2073 2174 3115 1857 2517 2006 2297 2064 3788 2435 2239 2318 3664 1740 2179 3495 2856 3556 3292 2072 2483 2603 1850 2678 3717 4040 1087 3300 1792

101089 81178 34056 14036 101528 37057 34221 24448 114155 85625 31329 21905 20807 29883 69009 86632 50983 27212 57059 102699 66392 74352 23899 44780 51935 25656 147937 26114 42986 64873 50343 31915 56510 23076 66429 57791 18025 17622 155129 16909 36673 53106 114118 82825 155275 148907 131888 119151 11949 63080

7969 4856 7095 9693 10916 5941 11999 7886 12864 7029 4190 4847 6351 8766 4903 6421 3907 6030 6493 8552 7464 6801 4001 9570 2614 6560 14979 4498 4503 12617 7978 5294 7448 10753 3124 4073 9987 7090 17673 9684 3335 5450 10694 6998 17196 18323 15742 11047 9376 2000

26 29 43898
2 14 57254
3 11 10168
7 43 19834
28 44 42710
8 20 31828
27 40 62891
22 34 25968
9 36 52935
35 46 33024
45 48 29241
15 42 40208
21 30 16206
23 45 22894
25 38 48335
9 31 67424
8 9 61169
38 48 13235
19 37 28232
12 32 23386
22 41 47021
34 47 46875
26 48 21356
29 44 13845
14 37 23845
0 32 19118
9 12 58018
20 28 40759
5 41 16346
13 40 10698
33 49 26864
21 43 50244
24 39 57952
16 27 39175
31 47 60078
6 39 42804
28 32 61003
2 44 65111
25 45 58773
32 43 43937
0 4 40278
30 38 18013
36 45 14144
14 35 46484
27 30 43050
16 36 64622
25 42 56050
17 36 34219
3 45 19999
34 39 14281
36 48 47605
1 33 69163
16 29 63300
9 32 11103
24 35 13008
26 28 17144
32 35 32365
12 22 13168
1 15 47903
3 30 38711
4 35 13867
35 42 16909
2 39 31097
20 36 61819
16 30 46084
16 42 33317
16 41 46766
8 47 37086
2 15 28427
15 23 35538
21 49 23165
12 40 10847
0 28 55694
1 9 39452
27 49 59475
36 41 40887
13 15 34073
35 47 45524
7 17 65106
26 43 56215
11 49 61949
11 48 54853
28 35 55378
2 5 55248
37 48 55956
2 18 10528
13 24 62392
21 36 30463
39 40 25839
0 20 52437
36 42 59174
0 21 29706
34 35 11489
15 27 32413
11 38 33668
14 27 47573
13 45 55730
11 42 10433
5 18 26802
25 27 26300
10 40 48114
20 34 52110
32 39 27147
14 26 45950
3 48 21562
10 19 16621
5 8 16836
0 26 45635
10 31 64289
20 38 11941
21 42 43993
4 20 56237
23 35 68937
15 20 41513
16 25 53627
1 39 67036
20 39 54184
8 29 58161
2 40 27498
43 48 10022
24 25 40597
8 41 28815
14 17 29729
14 30 42086
2 9 51228
8 13 65540
6 23 31802
7 32 36958
10 27 18115
19 33 60747
10 33 53258
20 31 56229
7 8 42856
42 49 22547
16 48 44321
35 36 54418
6 28 29169
26 36 51158
4 14 42196
20 30 35600
15 35 65242
22 38 28331
19 32 33979
14 42 64179
16 21 59844
10 48 17605
21 34 61214
41 47 44027
9 47 65766
18 22 30854
14 48 56192
4 29 48505
6 33 49669
26 47 28063
18 47 20591
11 30 30897
34 42 23602
3 12 54536
34 40 57855
2 25 31717
4 24 57425
11 24 41112
0 35 30088
17 37 30280
1 11 53659
44 45 16552
21 25 26841
33 43 24970
18 36 69853
5 36 11179
24 48 62713
14 16 65094
9 19 29510
18 29 26691
22 32 11414
30 41 19353
4 15 34296
25 26 14770
17 41 65523
16 40 30061
7 22 35625
39 44 63857
13 41 68567
3 10 15293
25 29 21920
1 10 31300
30 40 36190
17 32 35522
38 47 27978
5 44 36187
2 37 69383
6 35 15402
2 32 19441
11 27 41613
5 38 47825
7 25 15243
27 34 60308
18 48 64666
5 34 30213
10 43 60160
15 17 65845
12 48 35069
0 48 67397
33 46 37497
27 29 51760
12 41 68811
31 48 58993
9 11 28199
37 38 25724
31 33 54515
9 18 60403
4 38 51349
11 44 48372
40 43 11111
11 29 68785
39 42 12434
3 34 32411
22 26 47118
38 45 50099
8 37 62532
11 41 13304
18 24 49481
1 27 20076
2 4 22746
1 38 33237
24 30 57902
19 29 27989
0 16 23544
0 11 64710
6 10 60345
7 18 25847
20 37 12697
14 46 37556
43 47 23243
31 43 40194
35 38 19316
3 15 34196
5 26 29187
0 22 49658
22 25 49920
24 43 25844
35 48 40060
11 46 43411
10 17 16358
16 38 41172
26 39 42196
29 40 18792
16 20 15725
1 18 31456
10 18 58892
6 40 20400
10 42 46903
23 33 50515
46 47 30476
9 37 59649
9 21 25894
7 47 18377
0 8 29780
8 23 39439
17 25 13087
7 23 32268
6 19 55286
42 47 27927
3 5 11966
12 35 20671
39 49 58121
0 38 33425
28 48 44867
13 27 29450
10 45 13082
10 39 24787
0 18 45295
36 44 43143
11 36 58198
32 48 63796
21 23 26457
21 28 42536
21 38 12588
19 46 32182
2 33 63992
29 39 13622
41 45 42582
9 25 40895
20 45 54137
20 32 15201
22 24 42686
14 49 10031
24 36 23578
3 31 14609
31 35 51613
0 14 38808
19 49 49020
32 44 49041
1 7 56735
14 15 50986
16 47 59712
7 40 56999
20 33 14411
18 39 34578
19 27 16448
17 43 29636
37 43 61508
22 29 63886
47 49 62779
23 27 61849
11 25 57682
23 38 31378
11 20 34384
42 45 12412
0 41 65704
2 36 40519
9 16 16034
20 22 50428
9 20 23556
18 27 12313
12 29 55629
3 13 68385
18 30 24487
13 14 69208
4 30 12993
2 23 18242
31 38 50158
4 39 64156
37 40 57283
14 38 49036
33 34 57285
28 46 59137
13 31 48177
30 31 13838
23 44 35858
2 17 66768
14 40 33474
2 34 27365
17 33 60654
8 12 38396
3 29 19213
5 48 60478
29 47 59774
0 5 55741
7 46 62890
7 30 55477
31 42 26259
34 46 21066
5 15 35905
4 13 39815
7 38 35522
11 16 21533
1 45 38199
7 31 50010
5 29 32883
16 37 53336
6 49 58252
0 49 25184
26 46 59634
11 21 57678
38 42 64220
16 23 46918
34 38 46814
3 22 54539
1 34 50756
2 13 24814
26 37 51306
37 45 14230
0 45 42180
26 30 54102
36 39 54769
16 39 63536
29 36 44579
10 44 44542
17 24 49276
40 48 49611
15 48 30019
3 9 17677
8 44 12819
2 11 68067
22 49 47492
6 29 38342
25 46 19599
14 43 27834
11 35 18351
11 33 54626
5 49 23312
17 31 18745
5 23 69810
32 33 12945
25 33 66423
35 43 16171
10 25 62007
5 25 55380
20 41 60710
11 15 54905
29 38 10193
36 47 42015
3 35 59135
25 40 54516
11 13 26117
28 33 56046
4 48 60195
28 43 12838
14 33 30588
18 42 39470
22 47 52450
31 44 62750
12 43 47148
44 48 55269
39 45 60816
1 16 36782
11 40 35753
27 33 22557
6 22 66759
20 42 44104
33 41 67183
7 27 20070
6 7 64993
29 46 19134
33 45 35159
10 16 61415
12 24 25305
2 3 27165
5 6 58937
18 45 28157
21 40 12069
29 42 11273
16 24 60173
27 38 13347
13 26 67932
16 35 28432
7 35 59393
19 39 58126
36 38 43413
25 37 32123
2 8 27596
7 19 38005
2 35 24872
9 39 16886
23 37 35417
24 47 15687
13 44 43668
18 32 61170
16 49 28245
1 24 52570
7 42 47417
30 45 37570
26 44 62640
3 16 42409
34 36 46705
1 14 39941
17 20 45966
34 44 62010
30 39 69249
1 37 34903
0 36 20167
31 37 11318
18 44 48319
6 11 22482
1 6 26808
2 48 46250
20 35 53057
18 33 28343
37 41 46519
20 47 26469
10 41 50467
8 27 16257
14 29 66618
4 23 65339
3 43 23143
11 28 32034
7 49 23169
36 37 68954
3 49 23203
2 46 41414
16 31 63666
0 9 60620
10 28 68984
4 19 56306
29 41 33028
2 49 45688
14 45 38389
23 25 68995
23 40 49841
9 49 37638
5 37 46040
11 18 12150
20 24 51099
21 41 36501
20 43 24632
5 35 67907
7 10 24893
4 49 19831
10 46 38392
19 23 61412
13 21 48443
12 16 18858
0 25 67669
34 43 45060
21 35 26340
26 38 32954
13 42 67094
22 31 39509
11 22 44051
14 23 20297
24 46 10922
5 19 37716
0 27 23059
27 36 22048
19 40 36164
21 39 46088
12 17 69880
23 31 64554
23 34 57225
9 14 49720
16 32 44334
17 39 45407
1 40 51870
2 29 25432
35 40 11907
8 30 18644
9 41 23338
4 11 26800
5 45 40618
6 14 51730
9 33 30355
17 38 19060
35 39 12731
4 27 40166
7 11 54121
23 26 29071
37 47 15263
10 37 51214
27 46 58580
29 31 61457
43 45 13653
10 20 11644
1 49 41315
23 49 26713
17 23 23692
9 13 67480
12 46 14943
3 14 35714
10 13 14175
18 31 62168
17 29 15433
13 32 60652
4 46 37574
1 17 69446
18 20 16083
0 47 51624
39 41 30232
26 27 41564
29 48 68424
13 43 60850
10 22 35436
4 16 40921
1 26 69911
5 22 38167
8 17 11087
16 44 66174
6 31 69381
17 27 16350
42 43 47387
32 42 57960
20 40 67807
5 14 51041
11 19 11746
38 46 39121
12 45 19896
13 38 25439
6 47 48743
2 38 24839
2 21 63296
25 32 65061
30 44 17006
5 21 68730
5 16 55712
5 9 56723
32 37 20317
30 42 61795
34 41 38346
33 40 52693
27 43 45501
9 48 48912
43 49 43542
13 37 10937
7 37 19833
26 32 55595
30 37 39104
13 47 33063
20 23 51768
0 2 38485
0 17 39413
1 19 41298
33 38 38587
22 42 49362
10 47 34481
8 43 40334
16 33 18482
19 30 44377
1 30 67916
11 26 69369
33 39 59216
1 44 61211
44 47 16571
4 22 18364
20 27 12082
8 45 62284
44 46 65087
9 17 22400
4 9 66221
9 45 45575
0 42 17235
14 18 41722
38 49 24486
9 46 50777
8 33 42659
9 44 46462
27 35 48515
16 45 23905
46 49 69525
43 44 42425
9 28 52390
27 28 51080
10 38 13722
13 22 33120
0 33 30441
35 44 38203
15 38 63454
32 49 51067
12 36 12579
18 46 13511
10 30 62578
7 28 13937
14 28 16864
40 45 69149
13 34 22301
11 32 18947
19 45 61432
14 34 17387
34 49 43490
12 39 69796
14 19 65105
12 18 50725
25 44 41517
15 22 31734
7 48 43644
3 4 26318
41 46 68196
40 41 34301
18 38 40223
17 49 19863
38 40 66727
42 46 34756
12 20 13085
3 20 22591
13 19 57876
17 28 33527
19 20 50795
16 19 63472
18 34 26736
31 40 65517
8 18 66983
17 48 19313
9 22 21597
38 43 13846
1 36 30604
4 32 33898
7 20 34936
14 31 22036
13 49 53429
3 17 68426
34 48 33974
1 43 48533
8 19 61293
17 47 65491
3 38 10266
5 10 47080
16 22 21808
2 28 20605
1 2 11380
3 8 52031
23 30 42611
2 10 68107
42 44 16786
18 21 45696
21 46 20698
22 36 16804
15 29 69223
5 28 13635
2 24 10275
2 12 38101
21 33 21294
27 45 19400
3 47 59557
23 24 32891
12 23 35390
8 42 20161
18 49 68933
15 41 60326
31 32 44340
13 23 52361
6 24 10894
28 38 68314
40 44 43036
23 29 14329
4 37 63804
3 24 43303
17 19 51409
11 45 27754
8 16 66051
14 25 52790
19 25 21927
7 24 38661
12 49 63039
13 33 28714
30 47 14356
18 41 25879
32 40 47661
12 44 25722
28 45 29514
3 39 47937
35 45 53823
0 40 52952
30 49 57337
6 43 55523
19 47 15842
13 20 22726
5 33 65684
48 49 26917
7 45 25195
18 28 40023
31 34 69278
8 21 38232
25 28 38336
6 36 42314
24 32 42561
19 36 44282
