50 50 723
25000 25000 25000 25000 25000 25000 25000 25000 25000 25000 25000 25000 25000 25000 25000 25000 25000 25000 25000 25000 25000 25000 0 25000 25000 25000 25000 25000 25000 25000 25000 25000 25000 25000 25000 25000 25000 25000 25000 25000 25000 25000 25000 25000 25000 25000 25000 25000 25000 25000
2609 3292 6739 8933 6803 5984 10355 7650 8084 4246 5219 5776 6641 7816 4374 3847 5033 6429 6719 3660 7358 5396 5219 8345 4182 6387 7391 5542 5038 10349 6400 5558 6051 9568 3792 4898 9064 7159 11178 8697 4781 6033 6661 5299 8845 11656 9977 5301 8663 3947

2368 1148 3204 4509 4028 2752 5457 3845 4791 2504 2396 2628 3220 3859 1838 2266 2285 3117 3299 2596 3680 2582 2296 4205 1779 2994 5115 2491 2189 5399 3046 2499 2838 4940 1446 2351 4642 3507 6634 4369 2035 2890 3943 2607 5984 6919 5919 3574 4385 1538

38119 28711 4914 17161 44553 7030 26409 19622 50450 35490 13876 9147 14977 9987 21848 35330 20546 15111 25670 37312 29954 23679 9828 13734 19303 6568 57472 8895 11180 22957 12390 7341 15489 21294 21806 22713 18992 16657 67393 15523 12297 23856 48568 27686 66066 66973 59161 44864 16203 22621

94158 75406 32372 11548 94124 35112 29982 21024 105322 79267 29681 21275 20071 28595 64292 80186 47630 25921 53179 95094 61702 69206 23096 42165 48700 24701 135170 25118 40527 60515 47246 30416 52911 19804 61669 53847 15191 17163 141838 16712 34762 49569 105288 76944 142841 137025 121516 110118 12183 58878

1432 1277 1715 1883 566 1580 2152 1577 838 876 1061 1250 1363 1923 1524 955 1016 1318 949 1655 814 1789 1133 2087 1015 1583 2005 1269 1379 2512 1815 1381 1823 2008 1383 947 1901 1497 1685 1925 1108 908 1169 1798 2040 1600 1240 2003 1836 1237

29389 21549 6421 15994 35203 3514 23701 16197 40108 27663 10383 7483 12332 10627 15840 27251 15232 12444 20193 28704 23757 17769 7029 12654 13919 6260 45474 6253 6966 20326 9090 4947 10956 19446 15805 17035 17517 13730 54202 15093 8371 18684 38375 21102 52622 53852 47354 34986 15197 16483

181956 151443 81972 45118 179349 86890 28499 43134 199791 153664 65767 58805 48555 75277 138615 155294 97584 53176 107361 187467 122469 147325 56998 99391 102384 68433 259515 65619 96429 131920 108338 78565 118381 37594 126439 108605 40319 50569 262507 54213 78328 100962 199791 160389 266358 256048 228497 214099 46244 120958

70158 56137 33391 20160 68960 32030 26544 6370 78353 57158 16770 13571 8861 34044 51550 57907 31390 10985 35882 72690 42824 57376 12741 45125 33595 25346 105796 16702 32220 60071 42892 24339 46527 21820 44649 36454 21085 12128 107171 24366 22542 32942 78353 60248 108940 104203 91544 84928 20704 42130

1719 1555 2020 2186 797 1877 2480 1869 697 1127 1324 1525 1646 2242 1817 1211 1359 1593 1205 1956 1061 2099 1395 2416 1275 1880 1940 1538 1663 2869 2127 1665 2135 2327 1668 1203 2218 1789 1599 2239 1374 1156 1050 2109 1977 1509 1125 2149 2144 1511

1038 879 1459 1709 1024 1320 1995 1402 1305 464 869 1050 1181 1674 1133 546 738 1134 1066 1268 1206 1406 928 1875 768 1323 1950 999 1145 2314 1562 1115 1500 1846 988 667 1736 1318 1983 1748 832 916 1087 1416 1986 2088 1720 1628 1668 837

282030 211282 141015 156813 275986 123980 205925 104130 324205 216434 12638 46089 66146 165880 198300 220212 86408 58178 109075 294806 144106 241573 25277 212999 97536 105504 461992 48149 106122 288418 178793 81738 185456 180442 162789 111960 161484 89774 468792 165811 55499 94239 323380 245901 477721 453818 389938 356556 149807 140603

50691 38013 17684 20961 51754 16554 32069 15322 59686 41572 8429 1231 9073 20938 32781 41335 20566 9254 24295 52228 30058 37595 2463 29549 19775 11074 79235 3830 16712 41956 25571 10170 28589 26227 28724 24385 23131 11333 83247 20927 10350 21854 59166 41335 84557 81009 70500 62387 19673 26656

87703 68425 38207 29484 86090 36375 42477 15319 98955 70203 15832 11526 5185 43485 62653 71210 35513 11563 41561 91111 50906 70496 10371 57448 38482 27377 135275 15741 36631 77569 50998 26021 55891 35788 53362 42330 30731 11599 137529 32581 23565 37602 98735 74362 139911 133534 116492 107586 27615 49972

8994 7014 1953 3076 10270 2400 5044 4089 11525 8342 3428 2289 3530 1217 5553 8308 5162 3558 5938 8844 6878 5947 2434 2672 4897 1741 13134 2275 3283 4634 3544 2352 4204 3955 5544 5623 3465 3423 15131 2520 3406 5551 11125 6799 14963 15041 13379 10451 2868 5718

22109 13806 17181 27575 34163 13983 36054 25399 39559 23393 16297 15828 21148 21809 7310 21709 15513 20779 22678 21463 25368 12569 14621 24038 11931 16866 39913 14091 11169 32479 15843 13360 14375 31372 9640 15974 29250 22701 52897 26598 12776 19787 33563 13114 48346 54681 47531 28374 26698 11815

16807 14001 25640 30561 19556 22905 35602 25154 24505 9679 15763 18421 21255 29433 18478 8135 13451 20437 19232 20868 21699 23300 16271 32126 12619 23236 35094 17533 19253 39867 26303 19556 24957 32986 15933 12196 31041 23680 36455 30709 14579 16581 19881 23476 36497 38302 31816 27205 29842 13261

10299 7390 7031 8472 10011 6048 10492 6305 12559 6963 2542 3918 4743 8551 6856 7119 1531 4415 4164 10825 5152 8788 3062 9992 2712 6068 17458 3782 5031 13093 7754 4593 8294 9443 5401 2666 8664 5714 17692 8842 2599 3101 11362 8989 17709 17551 14924 13365 8184 4483

175305 136474 78453 73100 171987 74683 92515 36644 198000 139301 27445 23562 23034 89311 126332 141375 67935 11423 80376 182317 99603 144881 22846 118038 74042 56173 274079 32233 75211 159433 104768 53383 114834 79433 107218 81959 75663 36305 280374 79396 45918 72233 198000 150423 282712 269592 234531 216209 69254 97680

14104 10872 9452 10186 10309 8668 12441 7754 12529 10040 3542 5082 6005 10597 10274 10214 4313 5638 2061 14718 4237 12438 4123 12767 5635 7817 21789 5177 8073 16239 11122 6723 11726 11267 8646 5230 10401 7099 19186 10594 5350 2795 14964 12662 22071 18497 15556 17561 9863 7618

4719 4738 8597 11897 10320 7583 14113 10500 12031 6905 7254 7875 9152 10064 5467 6371 7005 8870 9277 3656 10130 6729 7312 10878 5869 8497 9506 7622 6695 13554 8172 7390 7707 13238 5406 7151 12428 9845 15675 11583 6547 8360 10130 5845 12180 16314 14559 5847 11614 5613

2204 1718 1581 1691 1302 1463 2030 1326 1635 1593 693 924 1063 1760 1628 1619 733 1008 555 2296 390 1953 780 2079 931 1335 3066 939 1298 2600 1756 1171 1846 1853 1384 871 1722 1227 2673 1752 889 505 2041 1987 3108 2532 2090 2723 1643 1229

33087 23443 23170 37575 50155 19559 48702 36072 57236 36022 26166 23493 30494 29263 14919 33813 25682 30655 35084 31815 38614 11166 22333 29102 20982 23524 56025 21214 17380 40178 17905 20255 15978 42538 17975 26288 39775 32512 74738 35911 21002 31291 49368 15978 67091 77038 67697 40884 36405 20830

29547 21819 12087 14277 30208 10393 19877 9670 34960 23989 3801 2252 5847 14071 19650 23844 11199 6260 13471 30993 16984 22873 0 19319 10703 8017 46945 2293 10145 26881 15889 6157 17728 16757 16158 13513 14856 7665 50147 14257 4959 11984 34713 24051 50189 48040 41634 36675 13492 14897

19258 15154 4883 8660 22473 5240 12851 10822 25140 18677 8930 6798 9435 4715 11943 18148 11947 9496 14265 19106 16203 11616 7106 3553 10898 5631 28226 6684 7117 7725 6509 5973 7911 10537 11924 12593 9496 9405 33421 7486 7881 13444 24198 13429 31946 32615 29081 22522 8227 12293

32600 22120 24063 31410 36263 20115 39682 24603 43406 26098 11050 13644 18976 29538 20197 24684 10012 17796 19495 34493 23056 27157 10541 33424 5270 20594 59259 12362 14845 44597 26668 15282 26495 35297 14936 10622 32488 21866 64743 31379 8099 15669 41636 27879 64804 63420 53958 43640 30250 11650

19133 14415 4124 7502 21736 4258 12148 8180 24693 17191 5611 2952 5851 5337 11613 17111 9697 5918 11525 19369 13673 12852 3268 8547 9073 1634 29479 2801 5623 13172 7620 3075 8745 9583 10952 10784 8420 6693 33190 6967 5560 10615 23935 14794 33148 32667 28750 23156 7022 11361

175156 190444 281463 355282 238383 258749 406770 325852 225170 205569 253234 264755 294457 314332 211356 210756 242970 289434 287742 170788 273327 239639 248102 332568 222222 279224 124051 257875 238875 392519 271962 254436 261534 380835 205405 233251 365874 308872 262243 348348 234998 267212 177231 219819 183947 276549 279934 151733 352989 210046

31417 23339 11056 15023 33379 9282 22113 11424 38298 25597 5582 2430 7436 13292 19279 25460 12766 7551 15708 32571 19387 22351 1601 18629 11698 6794 49650 800 9022 26549 15038 4846 16963 18384 18146 14626 16408 8878 52990 15002 5683 14150 36827 24738 53033 52629 45921 39055 14201 16091

22292 15532 8585 15815 27305 6079 22449 14122 31534 21286 7458 6609 10790 12212 11525 20448 11037 10887 16351 22629 18460 14092 5916 13959 8953 7422 37089 5247 2958 20575 9380 4675 9917 18779 10579 12122 17129 11995 44699 15038 5121 14086 30040 16086 42325 43386 37782 28046 15128 11164

35887 29205 12480 18630 41122 13061 25455 22151 45465 34940 19069 15598 19892 12207 23976 34080 23982 19991 27757 35640 30912 23444 16099 10314 22275 13699 50490 15413 16118 8049 15128 14256 17411 21687 23945 25034 19991 19843 58502 16718 17362 26420 43931 26395 56547 57636 51882 41202 17925 24545

12035 8916 3727 7937 15528 2988 11116 8229 17556 12413 5826 4628 6632 5471 6476 11884 7270 6678 9817 11792 10828 6101 4440 5425 6843 4123 18722 4120 3693 8596 2220 3580 3285 9358 7288 8021 8567 7210 23593 7374 4435 8731 16331 7478 21757 23235 20550 14388 7608 8162

16816 12300 4673 8907 19038 3674 13346 7880 21863 14695 4330 2861 5655 6838 9623 14610 7526 5719 9982 17041 12034 11338 2398 8891 6931 3300 26701 1952 3900 13310 6886 1199 7961 10895 8991 8573 9784 6460 29982 8388 3574 9112 21992 12670 30199 29780 26037 20660 8448 9382

33291 24043 13451 25678 45466 10386 35106 25927 51477 34720 17347 15249 21192 18623 16808 32845 22433 21329 29985 32571 32982 15695 14693 18486 19385 13751 53121 13742 10951 27888 8982 12141 7346 30148 19402 23889 27802 22904 67566 24266 14025 26766 46032 19779 62514 69570 61607 40269 24685 21808

946126 772783 372672 171891 941607 399465 229188 203364 1052973 801673 322800 261306 229995 336196 681269 810550 496143 258078 549405 987768 631719 728398 261790 467575 512606 298912 1361570 298428 451435 644793 516318 354111 575875 130895 640112 556184 145421 201588 1394657 221440 377998 514543 1052973 803126 1415639 1359472 1209370 1121245 178024 610899

11074 6516 9745 14620 17265 8055 18070 12049 20125 11582 7198 7592 9802 12191 5780 10692 6792 9607 10578 11927 12000 8559 6353 13369 4891 8961 21336 7495 5951 17830 10200 7109 9514 16229 3176 7028 15116 10875 27174 14096 5378 9051 16956 8848 24582 28075 24330 15579 14222 4326

15829 11730 12055 14909 14887 10463 18181 11400 18098 9950 5307 7379 8870 14516 10865 10202 3806 8340 7557 17293 9159 13994 5984 16447 4154 10495 26946 6793 8459 21470 13235 8116 13697 16483 8500 2992 15221 10444 27326 15353 4886 5837 17073 14319 27353 27097 22842 21406 14443 7022

260549 211357 97602 40426 259264 105128 73603 59561 291477 219479 83331 65940 56946 87232 185247 222003 132614 73007 147849 269818 171160 198738 65986 124584 137295 76540 378755 76494 119995 174969 138442 92233 155375 45566 173638 149685 32993 48961 388070 54606 99025 137846 290926 219984 394035 378067 335391 310337 42170 165240

137814 108160 60774 37261 137095 58008 63568 27330 156514 113056 30982 20497 15076 61549 97731 114578 60691 24757 69875 142959 83983 109515 20525 84066 63513 44425 209073 26860 58395 114439 80082 42378 87468 46721 85421 70981 39142 10262 214743 41936 40442 63900 156127 117123 218284 208713 182987 167828 34439 80359

45190 41683 54470 59493 29821 51403 65177 52117 27688 32544 40378 44494 47243 59211 47631 34351 38581 46820 37823 48504 35461 53659 42775 64357 39250 51465 40960 44335 48318 73399 57395 46882 55712 61907 44450 37012 59475 50292 21387 60630 40660 36889 30385 54285 34060 23696 24243 45428 59070 41092

22574 17974 7146 4104 23542 8089 8618 6428 26371 19848 7822 5211 5621 5744 15256 19762 12226 7047 13579 22804 15670 16305 5658 9081 11939 5543 32644 6154 9417 13583 10795 6937 12308 6121 14604 13612 4997 4907 35329 2829 8519 12693 26231 18261 35444 34157 30344 26490 3636 14436

80057 56481 38011 53182 85773 30699 70728 39587 100523 63100 15801 16494 27925 49316 49862 62659 25677 26917 44210 82915 51564 61965 10086 58183 22567 30846 133135 13847 23134 81255 43390 19877 47404 61209 39209 31140 55409 33472 142906 53119 5043 36309 95817 63289 143032 141855 122313 103360 50787 35364

58028 43758 39723 42962 45043 36260 52917 32225 54677 40086 13627 20427 24504 44777 41119 40854 14800 22884 13348 60736 18235 50669 16196 54356 20636 32504 91957 20846 31401 69686 44861 27673 47528 47737 33928 18849 43884 29335 84235 44763 19379 8098 61825 51661 93199 81191 68206 73289 41538 29391

11687 10319 16111 18256 9625 14832 20714 15620 8793 7559 11041 12598 13719 17960 12502 7885 9913 13320 12732 13667 11825 14853 11550 19329 10071 15090 13193 12158 13052 23103 16310 14031 15654 19439 11261 9301 18490 14901 14420 18590 10725 11440 5775 15097 13994 15320 12357 14935 17905 9951

19812 14312 16981 25818 30875 14743 32575 23312 35262 22118 16250 16268 19856 20756 9331 20750 16000 19556 21825 17087 24012 9543 14550 20656 13087 17100 32087 14856 12481 27518 13718 14262 12525 28893 11225 16375 27181 21506 46393 24875 13050 19475 30675 7275 38943 47856 42043 22706 25093 12993

107792 115691 168663 190737 120397 157010 210766 169251 113618 103562 131938 144628 153760 185526 134768 109304 122750 150511 145721 113954 138325 149278 136084 193650 124879 163256 89976 141042 142499 224408 164573 150483 160511 200373 123367 117764 192641 163396 108212 193454 129361 135188 93057 139110 68042 115551 117288 104178 187935 125748

50320 46673 57109 60151 29943 53921 66703 53124 27725 37172 40919 45381 48057 62039 52583 39050 40589 46994 38262 53765 35074 58814 42605 65905 40553 53307 45922 46572 49175 75966 59473 49220 61003 63303 49184 38958 60774 51227 25572 61352 42752 37291 34927 59519 38748 21302 24143 50567 59235 45803

13547 12443 15576 16502 7348 14610 18481 14368 6676 9565 10672 12024 12834 17069 14205 10134 10572 12512 9867 15145 8902 16103 11183 18240 10561 14424 14940 12384 13172 21287 16292 13186 16755 17451 13197 10078 16686 13794 8777 16860 11227 9573 9046 16305 12767 8172 5591 17640 16219 12151

1568 1572 2542 3371 2975 2287 3928 3020 3140 2117 2205 2361 2682 2911 1756 1983 2142 2611 2713 1300 2927 2073 2174 3115 1857 2517 2006 2297 2064 3788 2435 2239 2318 3664 1740 2179 3495 2856 3556 3292 2072 2483 2603 1850 2678 3717 4040 1087 3300 1792

101089 81178 34056 14036 101528 37057 34221 24448 114155 85625 31329 21905 20807 29883 69009 86632 50983 27212 57059 102699 66392 74352 23899 44780 51935 25656 147937 26114 42986 64873 50343 31915 56510 23076 66429 57791 18025 17622 155129 16909 36673 53106 114118 82825 155275 148907 131888 119151 11949 63080

7969 4856 7095 9693 10916 5941 11999 7886 12864 7029 4190 4847 6351 8766 4903 6421 3907 6030 6493 8552 7464 6801 4001 9570 2614 6560 14979 4498 4503 12617 7978 5294 7448 10753 3124 4073 9987 7090 17673 9684 3335 5450 10694 6998 17196 18323 15742 11047 9376 2000

0 2 52274
0 3 35363
0 4 30025
0 6 41385
0 7 13954
0 8 47964
0 10 12902
0 11 65401
0 12 21717
0 13 53968
0 15 28718
0 16 23882
0 17 40820
0 19 64904
0 20 26699
0 21 48794
0 25 45879
0 30 63098
0 36 54821
0 37 66286
0 38 35754
0 42 53572
0 45 65139
0 46 45526
0 49 17090
1 2 11602
1 3 14438
1 6 58299
1 8 35867
1 10 68505
1 12 23863
1 13 58500
1 15 14846
1 16 25439
1 20 68206
1 21 40741
1 23 11714
1 24 21378
1 25 29626
1 26 51852
1 27 11896
1 28 50716
1 29 40020
1 30 24264
1 31 45980
1 32 66944
1 36 50825
1 39 28426
1 40 26438
1 41 23270
1 42 56482
1 43 27909
1 44 22986
1 45 58056
1 46 21036
1 47 32723
1 48 25426
1 49 20848
2 5 48577
2 8 56154
2 9 21138
2 10 47559
2 11 26036
2 12 35859
2 13 68316
2 14 58678
2 18 11478
2 20 46346
2 21 57501
2 22 28662
2 27 39347
2 28 25469
2 29 48757
2 32 30210
2 35 64042
2 38 21780
2 39 32314
2 40 23267
2 44 24363
2 45 36482
2 46 27656
2 49 65065
3 4 64237
3 5 28554
3 7 62475
3 8 25887
3 9 31389
3 10 17354
3 12 39668
3 13 44578
3 14 17601
3 18 16072
3 19 45340
3 21 60821
3 22 24067
3 25 20441
3 26 11448
3 27 64778
3 29 63198
3 30 50398
3 31 47692
3 32 59086
3 33 33548
3 35 31865
3 36 14386
3 38 36406
3 41 48484
3 43 21105
3 44 50264
3 46 45042
3 47 43201
3 49 23599
4 5 45293
4 7 64017
4 8 55324
4 11 66718
4 12 67603
4 13 10219
4 15 48703
4 16 54340
4 18 10956
4 19 66138
4 20 61938
4 22 59538
4 23 58746
4 24 35189
4 28 57533
4 29 68755
4 30 44455
4 31 30080
4 32 37649
4 33 23378
4 34 10091
4 37 64605
4 38 59749
4 40 53043
4 41 29917
4 43 31458
4 44 42466
4 46 66351
4 47 21495
4 48 59203
4 49 23386
5 8 23609
5 9 62876
5 17 13067
5 21 62568
5 22 31868
5 25 46115
5 26 45174
5 31 51346
5 33 20574
5 34 31753
5 35 31819
5 36 34522
5 37 53512
5 38 54604
5 39 25151
5 40 53541
5 41 65875
5 43 24095
5 44 40035
5 45 29046
5 48 66750
6 10 34624
6 12 66944
6 14 26808
6 16 17781
6 17 46124
6 19 18352
6 22 59959
6 23 34420
6 24 64427
6 25 16304
6 26 56833
6 28 15639
6 29 65025
6 30 59274
6 36 62911
6 37 31381
6 39 39733
6 40 24258
6 42 11219
6 43 51189
6 45 57493
6 46 41090
6 47 63577
6 48 69890
6 49 28376
7 12 44500
7 13 54020
7 14 12589
7 16 18674
7 17 62363
7 18 16312
7 19 52862
7 23 35109
7 24 27954
7 29 53361
7 31 25664
7 32 27426
7 34 68199
7 35 39357
7 36 54487
7 37 38668
7 40 27259
7 44 11998
7 45 25657
7 47 19854
8 9 40299
8 11 44677
8 13 69428
8 15 38786
8 16 48757
8 18 23154
8 20 40414
8 21 16086
8 22 25185
8 23 56438
8 25 52078
8 26 32151
8 28 62450
8 30 13480
8 31 36655
8 33 30924
8 34 31531
8 35 63022
8 36 35540
8 38 65954
8 39 37407
8 40 43166
8 41 56241
8 42 26965
8 43 67409
8 45 30376
8 47 38575
8 48 58834
8 49 37012
9 10 62507
9 11 65379
9 12 38080
9 13 64080
9 14 18825
9 15 56561
9 16 59837
9 18 22430
9 19 27746
9 22 15512
9 23 51134
9 25 15238
9 26 40735
9 27 43986
9 28 17308
9 29 61782
9 31 32215
9 33 58601
9 35 24791
9 36 49059
9 40 43249
9 45 49330
9 48 34994
10 12 50983
10 13 30396
10 18 61247
10 19 49753
10 20 39939
10 21 23608
10 26 37035
10 27 64979
10 28 12423
10 33 22425
10 36 69414
10 37 43538
10 38 38856
10 39 36545
10 40 25345
10 41 61937
10 44 62163
10 46 65550
10 47 31109
10 49 63719
11 13 24298
11 14 60051
11 15 60084
11 17 40330
11 18 37292
11 19 43899
11 24 64549
11 26 33064
11 27 31803
11 28 18496
11 29 19587
11 31 26991
11 32 13633
11 33 56381
11 34 39626
11 35 57474
11 36 28367
11 37 45495
11 40 27862
11 43 13291
11 44 58180
11 45 12261
11 48 62735
12 18 33044
12 22 53297
12 27 39778
12 28 57831
12 30 61937
12 31 53625
12 34 62075
12 38 55679
12 40 35003
12 42 23581
12 44 66878
12 48 33781
13 15 43465
13 16 13550
13 18 44101
13 19 46682
13 20 60775
13 21 15464
13 22 14155
13 23 38227
13 24 15126
13 25 29091
13 27 62321
13 28 62198
13 29 43242
13 30 62390
13 31 37592
13 33 17495
13 34 23577
13 35 47862
13 36 54124
13 39 23503
13 40 11537
13 41 28400
13 42 60325
13 43 50892
13 46 13042
13 49 46023
14 15 56614
14 16 52673
14 17 43331
14 20 45566
14 22 30653
14 23 16037
14 24 33660
14 26 53027
14 27 28491
14 28 11642
14 30 14684
14 31 37123
14 33 57721
14 36 27134
14 38 15544
14 40 48078
14 41 21920
14 42 41047
14 44 41519
14 46 68668
14 47 17160
14 48 55963
14 49 14995
15 16 65007
15 18 52728
15 19 25572
15 20 31565
15 21 51528
15 22 42978
15 24 67988
15 25 51739
15 27 51952
15 28 32048
15 29 45574
15 30 18704
15 31 15669
15 32 63584
15 33 41596
15 37 18523
15 38 34633
15 42 53530
15 43 26345
15 44 14076
15 45 10183
15 46 68638
15 48 20564
15 49 42628
16 18 19217
16 22 63185
16 25 47049
16 33 34968
16 34 29873
16 36 64863
16 38 15427
16 39 55221
16 40 39634
16 41 67318
16 42 57955
16 45 29488
16 47 61268
16 48 56038
16 49 52701
17 18 59705
17 19 65025
17 20 47067
17 22 41930
17 24 23709
17 27 18278
17 29 24499
17 31 23904
17 32 46495
17 33 14325
17 34 14979
17 37 30420
17 42 21975
17 43 23871
17 44 45575
17 45 57237
17 46 68575
17 47 34018
17 49 31589
18 20 14013
18 23 10857
18 25 42467
18 26 18179
18 28 69977
18 29 53821
18 30 12117
18 33 47978
18 35 46553
18 36 62463
18 37 36016
18 38 57337
18 40 17727
18 43 49958
18 47 33891
18 49 54038
19 20 69680
19 21 43062
19 22 10199
19 23 63416
19 26 67460
19 27 45435
19 29 48074
19 31 55059
19 32 53740
19 34 47496
19 37 63528
19 39 62545
19 40 17933
19 42 18132
19 43 48823
19 47 14332
20 21 24455
20 23 69515
20 24 11600
20 27 25569
20 28 50483
20 29 54483
20 30 47995
20 32 49955
20 33 64678
20 37 32137
20 38 44232
20 39 15909
20 41 22057
20 42 58840
20 43 59102
20 44 45272
20 46 53311
20 48 37795
20 49 51444
21 22 43841
21 24 38519
21 25 63722
21 30 24377
21 32 13702
21 33 58331
21 34 29458
21 35 28620
21 36 51984
21 40 28541
21 42 29648
21 43 52910
21 44 52081
21 45 19549
21 46 40572
21 47 61246
21 49 63641
22 23 66192
22 24 37275
22 25 13903
22 26 17355
22 28 53973
22 32 52487
22 33 26625
22 35 42453
22 36 35725
22 37 19244
22 41 22604
22 45 26981
22 46 52481
22 49 20142
23 24 65903
23 25 59252
23 26 18100
23 27 43153
23 29 51958
23 30 62638
23 33 66780
23 34 69699
23 35 45203
23 36 40885
23 40 27133
23 43 33923
23 47 23693
23 48 58369
23 49 37597
24 26 30235
24 27 27057
24 29 31776
24 30 35861
24 31 20980
24 32 57113
24 35 57204
24 36 32512
24 38 31200
24 39 12732
24 42 11137
24 43 41013
24 44 63492
24 45 24810
24 49 21050
25 26 52009
25 27 40247
25 28 38453
25 29 11553
25 30 31044
25 31 52841
25 32 67969
25 33 46982
25 34 35734
25 35 21875
25 36 57763
25 38 25363
25 43 62242
25 44 23830
25 45 55891
25 46 29078
25 47 67210
25 48 14106
25 49 63928
26 27 41949
26 29 52686
26 30 18439
26 32 66202
26 34 57918
26 35 51062
26 36 66307
26 37 31351
26 38 13065
26 39 44194
26 40 17406
26 42 28493
26 44 22422
26 45 48212
26 46 61406
27 29 42400
27 32 42935
27 33 35780
27 34 13493
27 35 51193
27 36 21811
27 37 51632
27 39 23915
27 40 40356
27 42 40073
27 43 34804
27 44 41993
27 45 44030
27 47 16430
27 48 33228
28 30 15233
28 31 27332
28 32 25002
28 33 50528
28 34 28226
28 35 25736
28 36 60160
28 38 62997
28 39 49767
28 40 60350
28 41 62557
28 42 21917
28 44 17196
28 46 69058
28 47 61849
28 49 66917
29 30 59934
29 32 18161
29 33 56698
29 38 11662
29 39 13559
29 42 62745
29 43 48706
29 45 18171
29 46 54081
29 47 24725
29 49 57994
30 32 35440
30 33 25615
30 34 32477
30 35 41742
30 36 16653
30 37 43282
30 38 31058
30 41 40744
30 42 42233
30 43 43213
30 44 39880
30 45 30936
30 48 42599
31 32 44391
31 33 47876
31 34 36371
31 36 67991
31 38 17626
31 39 59083
31 40 34318
31 41 26369
31 42 61195
31 43 55722
31 45 49369
31 46 60562
31 47 53695
31 48 64431
31 49 20257
32 33 53833
32 34 34696
32 35 33212
32 37 61237
32 39 26672
32 40 24462
32 42 36970
32 43 67441
32 45 37046
32 46 62724
32 47 41081
32 49 35513
33 34 37378
33 39 49630
33 41 40867
33 42 58279
33 45 45877
33 48 29801
34 35 33199
34 36 41971
34 38 31094
34 39 30116
34 40 11659
34 44 63386
34 46 61521
34 48 49800
34 49 28821
35 36 51048
35 38 66458
35 41 46885
35 42 17676
35 44 38770
35 45 68305
35 47 64964
36 37 19768
36 38 24686
36 40 18863
36 41 54922
36 42 69983
36 43 55218
36 45 68905
36 47 45790
36 48 64866
36 49 27725
37 38 68160
37 44 13856
37 46 64894
37 48 13758
38 40 65206
38 41 63013
38 42 28565
38 43 38800
38 46 10622
38 47 12413
38 48 18408
39 40 59256
39 43 32352
39 45 27246
39 46 40791
39 47 42705
39 48 15151
39 49 65335
40 41 34409
40 43 63209
41 42 11856
41 44 37464
41 45 65052
41 46 38659
42 43 26431
42 44 51294
42 45 11117
43 44 24774
43 45 19931
43 47 40209
44 46 68252
44 47 30744
44 48 27993
44 49 55922
45 47 18179
45 49 14145
46 48 51615
47 48 63601
47 49 49779
48 49 11330
