50 50 613
25000 25000 25000 25000 25000 25000 25000 25000 25000 25000 25000 25000 25000 25000 25000 25000 25000 25000 25000 25000 25000 25000 0 25000 25000 25000 25000 25000 25000 25000 25000 25000 25000 25000 25000 25000 25000 25000 25000 25000 25000 25000 25000 25000 25000 25000 25000 25000 25000 25000
2609 3292 6739 8933 6803 5984 10355 7650 8084 4246 5219 5776 6641 7816 4374 3847 5033 6429 6719 3660 7358 5396 5219 8345 4182 6387 7391 5542 5038 10349 6400 5558 6051 9568 3792 4898 9064 7159 11178 8697 4781 6033 6661 5299 8845 11656 9977 5301 8663 3947

2368 1148 3204 4509 4028 2752 5457 3845 4791 2504 2396 2628 3220 3859 1838 2266 2285 3117 3299 2596 3680 2582 2296 4205 1779 2994 5115 2491 2189 5399 3046 2499 2838 4940 1446 2351 4642 3507 6634 4369 2035 2890 3943 2607 5984 6919 5919 3574 4385 1538

38119 28711 4914 17161 44553 7030 26409 19622 50450 35490 13876 9147 14977 9987 21848 35330 20546 15111 25670 37312 29954 23679 9828 13734 19303 6568 57472 8895 11180 22957 12390 7341 15489 21294 21806 22713 18992 16657 67393 15523 12297 23856 48568 27686 66066 66973 59161 44864 16203 22621

94158 75406 32372 11548 94124 35112 29982 21024 105322 79267 29681 21275 20071 28595 64292 80186 47630 25921 53179 95094 61702 69206 23096 42165 48700 24701 135170 25118 40527 60515 47246 30416 52911 19804 61669 53847 15191 17163 141838 16712 34762 49569 105288 76944 142841 137025 121516 110118 12183 58878

1432 1277 1715 1883 566 1580 2152 1577 838 876 1061 1250 1363 1923 1524 955 1016 1318 949 1655 814 1789 1133 2087 1015 1583 2005 1269 1379 2512 1815 1381 1823 2008 1383 947 1901 1497 1685 1925 1108 908 1169 1798 2040 1600 1240 2003 1836 1237

29389 21549 6421 15994 35203 3514 23701 16197 40108 27663 10383 7483 12332 10627 15840 27251 15232 12444 20193 28704 23757 17769 7029 12654 13919 6260 45474 6253 6966 20326 9090 4947 10956 19446 15805 17035 17517 13730 54202 15093 8371 18684 38375 21102 52622 53852 47354 34986 15197 16483

181956 151443 81972 45118 179349 86890 28499 43134 199791 153664 65767 58805 48555 75277 138615 155294 97584 53176 107361 187467 122469 147325 56998 99391 102384 68433 259515 65619 96429 131920 108338 78565 118381 37594 126439 108605 40319 50569 262507 54213 78328 100962 199791 160389 266358 256048 228497 214099 46244 120958

70158 56137 33391 20160 68960 32030 26544 6370 78353 57158 16770 13571 8861 34044 51550 57907 31390 10985 35882 72690 42824 57376 12741 45125 33595 25346 105796 16702 32220 60071 42892 24339 46527 21820 44649 36454 21085 12128 107171 24366 22542 32942 78353 60248 108940 104203 91544 84928 20704 42130

1719 1555 2020 2186 797 1877 2480 1869 697 1127 1324 1525 1646 2242 1817 1211 1359 1593 1205 1956 1061 2099 1395 2416 1275 1880 1940 1538 1663 2869 2127 1665 2135 2327 1668 1203 2218 1789 1599 2239 1374 1156 1050 2109 1977 1509 1125 2149 2144 1511

1038 879 1459 1709 1024 1320 1995 1402 1305 464 869 1050 1181 1674 1133 546 738 1134 1066 1268 1206 1406 928 1875 768 1323 1950 999 1145 2314 1562 1115 1500 1846 988 667 1736 1318 1983 1748 832 916 1087 1416 1986 2088 1720 1628 1668 837

282030 211282 141015 156813 275986 123980 205925 104130 324205 216434 12638 46089 66146 165880 198300 220212 86408 58178 109075 294806 144106 241573 25277 212999 97536 105504 461992 48149 106122 288418 178793 81738 185456 180442 162789 111960 161484 89774 468792 165811 55499 94239 323380 245901 477721 453818 389938 356556 149807 140603

50691 38013 17684 20961 51754 16554 32069 15322 59686 41572 8429 1231 9073 20938 32781 41335 20566 9254 24295 52228 30058 37595 2463 29549 19775 11074 79235 3830 16712 41956 25571 10170 28589 26227 28724 24385 23131 11333 83247 20927 10350 21854 59166 41335 84557 81009 70500 62387 19673 26656

87703 68425 38207 29484 86090 36375 42477 15319 98955 70203 15832 11526 5185 43485 62653 71210 35513 11563 41561 91111 50906 70496 10371 57448 38482 27377 135275 15741 36631 77569 50998 26021 55891 35788 53362 42330 30731 11599 137529 32581 23565 37602 98735 74362 139911 133534 116492 107586 27615 49972

8994 7014 1953 3076 10270 2400 5044 4089 11525 8342 3428 2289 3530 1217 5553 8308 5162 3558 5938 8844 6878 5947 2434 2672 4897 1741 13134 2275 3283 4634 3544 2352 4204 3955 5544 5623 3465 3423 15131 2520 3406 5551 11125 6799 14963 15041 13379 10451 2868 5718

22109 13806 17181 27575 34163 13983 36054 25399 39559 23393 16297 15828 21148 21809 7310 21709 15513 20779 22678 21463 25368 12569 14621 24038 11931 16866 39913 14091 11169 32479 15843 13360 14375 31372 9640 15974 29250 22701 52897 26598 12776 19787 33563 13114 48346 54681 47531 28374 26698 11815

16807 14001 25640 30561 19556 22905 35602 25154 24505 9679 15763 18421 21255 29433 18478 8135 13451 20437 19232 20868 21699 23300 16271 32126 12619 23236 35094 17533 19253 39867 26303 19556 24957 32986 15933 12196 31041 23680 36455 30709 14579 16581 19881 23476 36497 38302 31816 27205 29842 13261

10299 7390 7031 8472 10011 6048 10492 6305 12559 6963 2542 3918 4743 8551 6856 7119 1531 4415 4164 10825 5152 8788 3062 9992 2712 6068 17458 3782 5031 13093 7754 4593 8294 9443 5401 2666 8664 5714 17692 8842 2599 3101 11362 8989 17709 17551 14924 13365 8184 4483

175305 136474 78453 73100 171987 74683 92515 36644 198000 139301 27445 23562 23034 89311 126332 141375 67935 11423 80376 182317 99603 144881 22846 118038 74042 56173 274079 32233 75211 159433 104768 53383 114834 79433 107218 81959 75663 36305 280374 79396 45918 72233 198000 150423 282712 269592 234531 216209 69254 97680

14104 10872 9452 10186 10309 8668 12441 7754 12529 10040 3542 5082 6005 10597 10274 10214 4313 5638 2061 14718 4237 12438 4123 12767 5635 7817 21789 5177 8073 16239 11122 6723 11726 11267 8646 5230 10401 7099 19186 10594 5350 2795 14964 12662 22071 18497 15556 17561 9863 7618

4719 4738 8597 11897 10320 7583 14113 10500 12031 6905 7254 7875 9152 10064 5467 6371 7005 8870 9277 3656 10130 6729 7312 10878 5869 8497 9506 7622 6695 13554 8172 7390 7707 13238 5406 7151 12428 9845 15675 11583 6547 8360 10130 5845 12180 16314 14559 5847 11614 5613

2204 1718 1581 1691 1302 1463 2030 1326 1635 1593 693 924 1063 1760 1628 1619 733 1008 555 2296 390 1953 780 2079 931 1335 3066 939 1298 2600 1756 1171 1846 1853 1384 871 1722 1227 2673 1752 889 505 2041 1987 3108 2532 2090 2723 1643 1229

33087 23443 23170 37575 50155 19559 48702 36072 57236 36022 26166 23493 30494 29263 14919 33813 25682 30655 35084 31815 38614 11166 22333 29102 20982 23524 56025 21214 17380 40178 17905 20255 15978 42538 17975 26288 39775 32512 74738 35911 21002 31291 49368 15978 67091 77038 67697 40884 36405 20830

29547 21819 12087 14277 30208 10393 19877 9670 34960 23989 3801 2252 5847 14071 19650 23844 11199 6260 13471 30993 16984 22873 0 19319 10703 8017 46945 2293 10145 26881 15889 6157 17728 16757 16158 13513 14856 7665 50147 14257 4959 11984 34713 24051 50189 48040 41634 36675 13492 14897

19258 15154 4883 8660 22473 5240 12851 10822 25140 18677 8930 6798 9435 4715 11943 18148 11947 9496 14265 19106 16203 11616 7106 3553 10898 5631 28226 6684 7117 7725 6509 5973 7911 10537 11924 12593 9496 9405 33421 7486 7881 13444 24198 13429 31946 32615 29081 22522 8227 12293

32600 22120 24063 31410 36263 20115 39682 24603 43406 26098 11050 13644 18976 29538 20197 24684 10012 17796 19495 34493 23056 27157 10541 33424 5270 20594 59259 12362 14845 44597 26668 15282 26495 35297 14936 10622 32488 21866 64743 31379 8099 15669 41636 27879 64804 63420 53958 43640 30250 11650

19133 14415 4124 7502 21736 4258 12148 8180 24693 17191 5611 2952 5851 5337 11613 17111 9697 5918 11525 19369 13673 12852 3268 8547 9073 1634 29479 2801 5623 13172 7620 3075 8745 9583 10952 10784 8420 6693 33190 6967 5560 10615 23935 14794 33148 32667 28750 23156 7022 11361

175156 190444 281463 355282 238383 258749 406770 325852 225170 205569 253234 264755 294457 314332 211356 210756 242970 289434 287742 170788 273327 239639 248102 332568 222222 279224 124051 257875 238875 392519 271962 254436 261534 380835 205405 233251 365874 308872 262243 348348 234998 267212 177231 219819 183947 276549 279934 151733 352989 210046

31417 23339 11056 15023 33379 9282 22113 11424 38298 25597 5582 2430 7436 13292 19279 25460 12766 7551 15708 32571 19387 22351 1601 18629 11698 6794 49650 800 9022 26549 15038 4846 16963 18384 18146 14626 16408 8878 52990 15002 5683 14150 36827 24738 53033 52629 45921 39055 14201 16091

22292 15532 8585 15815 27305 6079 22449 14122 31534 21286 7458 6609 10790 12212 11525 20448 11037 10887 16351 22629 18460 14092 5916 13959 8953 7422 37089 5247 2958 20575 9380 4675 9917 18779 10579 12122 17129 11995 44699 15038 5121 14086 30040 16086 42325 43386 37782 28046 15128 11164

35887 29205 12480 18630 41122 13061 25455 22151 45465 34940 19069 15598 19892 12207 23976 34080 23982 19991 27757 35640 30912 23444 16099 10314 22275 13699 50490 15413 16118 8049 15128 14256 17411 21687 23945 25034 19991 19843 58502 16718 17362 26420 43931 26395 56547 57636 51882 41202 17925 24545

12035 8916 3727 7937 15528 2988 11116 8229 17556 12413 5826 4628 6632 5471 6476 11884 7270 6678 9817 11792 10828 6101 4440 5425 6843 4123 18722 4120 3693 8596 2220 3580 3285 9358 7288 8021 8567 7210 23593 7374 4435 8731 16331 7478 21757 23235 20550 14388 7608 8162

16816 12300 4673 8907 19038 3674 13346 7880 21863 14695 4330 2861 5655 6838 9623 14610 7526 5719 9982 17041 12034 11338 2398 8891 6931 3300 26701 1952 3900 13310 6886 1199 7961 10895 8991 8573 9784 6460 29982 8388 3574 9112 21992 12670 30199 29780 26037 20660 8448 9382

33291 24043 13451 25678 45466 10386 35106 25927 51477 34720 17347 15249 21192 18623 16808 32845 22433 21329 29985 32571 32982 15695 14693 18486 19385 13751 53121 13742 10951 27888 8982 12141 7346 30148 19402 23889 27802 22904 67566 24266 14025 26766 46032 19779 62514 69570 61607 40269 24685 21808

946126 772783 372672 171891 941607 399465 229188 203364 1052973 801673 322800 261306 229995 336196 681269 810550 496143 258078 549405 987768 631719 728398 261790 467575 512606 298912 1361570 298428 451435 644793 516318 354111 575875 130895 640112 556184 145421 201588 1394657 221440 377998 514543 1052973 803126 1415639 1359472 1209370 1121245 178024 610899

11074 6516 9745 14620 17265 8055 18070 12049 20125 11582 7198 7592 9802 12191 5780 10692 6792 9607 10578 11927 12000 8559 6353 13369 4891 8961 21336 7495 5951 17830 10200 7109 9514 16229 3176 7028 15116 10875 27174 14096 5378 9051 16956 8848 24582 28075 24330 15579 14222 4326

15829 11730 12055 14909 14887 10463 18181 11400 18098 9950 5307 7379 8870 14516 10865 10202 3806 8340 7557 17293 9159 13994 5984 16447 4154 10495 26946 6793 8459 21470 13235 8116 13697 16483 8500 2992 15221 10444 27326 15353 4886 5837 17073 14319 27353 27097 22842 21406 14443 7022

260549 211357 97602 40426 259264 105128 73603 59561 291477 219479 83331 65940 56946 87232 185247 222003 132614 73007 147849 269818 171160 198738 65986 124584 137295 76540 378755 76494 119995 174969 138442 92233 155375 45566 173638 149685 32993 48961 388070 54606 99025 137846 290926 219984 394035 378067 335391 310337 42170 165240

137814 108160 60774 37261 137095 58008 63568 27330 156514 113056 30982 20497 15076 61549 97731 114578 60691 24757 69875 142959 83983 109515 20525 84066 63513 44425 209073 26860 58395 114439 80082 42378 87468 46721 85421 70981 39142 10262 214743 41936 40442 63900 156127 117123 218284 208713 182987 167828 34439 80359

45190 41683 54470 59493 29821 51403 65177 52117 27688 32544 40378 44494 47243 59211 47631 34351 38581 46820 37823 48504 35461 53659 42775 64357 39250 51465 40960 44335 48318 73399 57395 46882 55712 61907 44450 37012 59475 50292 21387 60630 40660 36889 30385 54285 34060 23696 24243 45428 59070 41092

22574 17974 7146 4104 23542 8089 8618 6428 26371 19848 7822 5211 5621 5744 15256 19762 12226 7047 13579 22804 15670 16305 5658 9081 11939 5543 32644 6154 9417 13583 10795 6937 12308 6121 14604 13612 4997 4907 35329 2829 8519 12693 26231 18261 35444 34157 30344 26490 3636 14436

80057 56481 38011 53182 85773 30699 70728 39587 100523 63100 15801 16494 27925 49316 49862 62659 25677 26917 44210 82915 51564 61965 10086 58183 22567 30846 133135 13847 23134 81255 43390 19877 47404 61209 39209 31140 55409 33472 142906 53119 5043 36309 95817 63289 143032 141855 122313 103360 50787 35364

58028 43758 39723 42962 45043 36260 52917 32225 54677 40086 13627 20427 24504 44777 41119 40854 14800 22884 13348 60736 18235 50669 16196 54356 20636 32504 91957 20846 31401 69686 44861 27673 47528 47737 33928 18849 43884 29335 84235 44763 19379 8098 61825 51661 93199 81191 68206 73289 41538 29391

11687 10319 16111 18256 9625 14832 20714 15620 8793 7559 11041 12598 13719 17960 12502 7885 9913 13320 12732 13667 11825 14853 11550 19329 10071 15090 13193 12158 13052 23103 16310 14031 15654 19439 11261 9301 18490 14901 14420 18590 10725 11440 5775 15097 13994 15320 12357 14935 17905 9951

19812 14312 16981 25818 30875 14743 32575 23312 35262 22118 16250 16268 19856 20756 9331 20750 16000 19556 21825 17087 24012 9543 14550 20656 13087 17100 32087 14856 12481 27518 13718 14262 12525 28893 11225 16375 27181 21506 46393 24875 13050 19475 30675 7275 38943 47856 42043 22706 25093 12993

107792 115691 168663 190737 120397 157010 210766 169251 113618 103562 131938 144628 153760 185526 134768 109304 122750 150511 145721 113954 138325 149278 136084 193650 124879 163256 89976 141042 142499 224408 164573 150483 160511 200373 123367 117764 192641 163396 108212 193454 129361 135188 93057 139110 68042 115551 117288 104178 187935 125748

50320 46673 57109 60151 29943 53921 66703 53124 27725 37172 40919 45381 48057 62039 52583 39050 40589 46994 38262 53765 35074 58814 42605 65905 40553 53307 45922 46572 49175 75966 59473 49220 61003 63303 49184 38958 60774 51227 25572 61352 42752 37291 34927 59519 38748 21302 24143 50567 59235 45803

13547 12443 15576 16502 7348 14610 18481 14368 6676 9565 10672 12024 12834 17069 14205 10134 10572 12512 9867 15145 8902 16103 11183 18240 10561 14424 14940 12384 13172 21287 16292 13186 16755 17451 13197 10078 16686 13794 8777 16860 11227 9573 9046 16305 12767 8172 5591 17640 16219 12151

1568 1572 2542 3371 2975 2287 3928 3020 3140 2117 2205 2361 2682 2911 1756 1983 2142 2611 2713 1300 2927 2073 2174 3115 1857 2517 2006 2297 2064 3788 2435 2239 2318 3664 1740 2179 3495 2856 3556 3292 2072 2483 2603 1850 2678 3717 4040 1087 3300 1792

101089 81178 34056 14036 101528 37057 34221 24448 114155 85625 31329 21905 20807 29883 69009 86632 50983 27212 57059 102699 66392 74352 23899 44780 51935 25656 147937 26114 42986 64873 50343 31915 56510 23076 66429 57791 18025 17622 155129 16909 36673 53106 114118 82825 155275 148907 131888 119151 11949 63080

7969 4856 7095 9693 10916 5941 11999 7886 12864 7029 4190 4847 6351 8766 4903 6421 3907 6030 6493 8552 7464 6801 4001 9570 2614 6560 14979 4498 4503 12617 7978 5294 7448 10753 3124 4073 9987 7090 17673 9684 3335 5450 10694 6998 17196 18323 15742 11047 9376 2000

13 19 13438
11 46 40406
7 14 30931
25 48 46428
1 27 23836
18 25 37734
14 38 23401
10 28 43522
23 42 49536
29 45 31168
12 42 49516
32 34 25467
24 42 30330
3 8 58271
14 46 14470
13 38 26440
40 47 22866
32 43 63111
10 21 30443
0 18 32770
13 23 44419
20 49 69739
1 2 52237
7 30 56925
3 21 55842
1 19 30501
2 9 55459
9 44 10872
1 4 41859
14 31 43019
3 19 32052
26 29 45297
24 45 13424
26 40 65126
20 46 21724
9 25 39404
14 49 45003
21 49 47268
23 38 12925
2 10 24538
18 48 68436
3 28 64584
8 39 52148
5 34 40908
7 47 64997
18 23 68761
7 8 69492
5 14 17863
2 25 14013
28 33 29934
34 35 52776
1 24 48432
5 37 41815
36 43 35013
20 44 35357
6 9 27656
37 46 67657
36 44 32958
30 32 40671
3 39 39515
25 26 18119
0 30 14865
43 44 14811
35 36 33686
9 11 69992
11 18 38678
3 10 63090
19 47 57137
33 40 15945
2 42 18157
29 44 23817
34 42 26524
24 30 12741
21 43 18107
21 47 69575
3 13 19880
40 42 16867
16 19 69066
44 45 27743
21 31 20881
4 25 41142
2 15 22662
17 44 11455
27 32 12956
19 29 47675
20 36 48955
20 38 42756
4 30 45331
20 24 24055
15 40 13426
33 45 14845
20 27 32174
3 22 18292
3 26 31799
38 39 55861
31 36 30426
20 37 60477
18 27 61093
8 12 29705
15 29 66422
7 24 69251
9 41 43522
17 30 35088
5 31 24134
7 17 51629
11 37 34663
7 19 46157
6 24 10638
9 34 45871
27 40 16043
5 24 21519
46 48 17013
0 46 28705
1 31 35118
13 44 32112
19 42 18522
8 17 14072
1 5 64868
12 18 65996
5 43 28128
2 35 20437
22 47 10840
29 31 62445
0 40 40872
40 49 44782
12 45 48305
22 30 61298
1 22 35258
36 41 39398
14 33 21002
11 16 43822
34 46 50791
37 48 66667
10 43 68911
0 12 17067
19 24 48295
10 17 45716
19 27 53224
7 20 61076
13 14 21586
8 13 11409
12 40 24738
1 43 40742
10 41 30114
14 45 49856
0 20 62855
14 35 50779
17 32 66071
15 35 69865
26 27 46774
20 29 24198
27 44 20301
0 21 59757
15 26 16643
0 8 51173
4 42 34538
17 48 67091
14 22 54613
21 34 59796
16 45 48631
24 47 17757
0 39 33618
1 45 41564
4 41 26566
16 32 44671
16 30 60774
1 10 17003
30 33 32529
0 22 56141
29 35 68080
29 36 44115
35 39 57550
30 41 22817
5 38 27000
15 33 29807
34 47 62673
34 44 19854
5 30 10585
5 9 10885
10 40 19718
21 28 47360
18 28 25084
4 19 42163
22 23 37116
15 19 43870
12 14 23335
2 36 13797
35 48 53103
12 24 20091
21 44 15735
2 13 43877
18 24 39991
10 36 51496
14 17 15440
5 39 56558
6 23 26166
6 29 66215
11 19 63561
0 27 60838
4 27 52355
35 37 61640
8 35 47096
25 46 39904
21 37 26599
9 16 64096
45 49 59711
40 44 19271
3 9 26092
43 45 12439
24 38 20157
6 16 35810
0 45 49799
13 37 47384
38 45 67973
0 25 29057
4 24 33396
46 49 33451
13 24 44997
28 31 28641
25 38 55685
19 35 50733
34 38 62518
13 25 25675
10 14 32228
16 25 67959
12 16 24375
27 29 60538
38 46 16315
8 15 17936
9 23 51375
3 40 58670
23 41 21718
13 41 40613
32 47 40716
1 21 38318
40 45 34708
11 34 42570
7 18 59732
4 16 50800
1 20 45009
18 39 22031
26 28 28753
8 25 36950
21 46 11557
9 36 26725
13 39 56007
17 29 47096
11 39 62319
44 48 43147
2 32 65738
31 41 60146
4 17 23879
0 24 58255
27 33 15821
5 33 58250
10 42 68356
44 49 42339
7 15 48787
20 31 14670
27 41 62418
20 33 42305
11 27 15482
19 22 14136
3 33 12917
8 40 46199
10 46 54597
6 36 49769
12 36 18768
6 7 56471
36 40 30568
3 24 53777
13 49 68503
10 26 49321
39 41 32869
20 25 22202
24 37 18189
3 11 18875
35 45 59299
23 30 22650
6 45 64165
29 40 55036
11 44 12796
1 38 18043
15 23 55433
13 31 30760
38 40 66294
2 11 65932
42 48 63099
28 39 57223
26 35 10601
16 34 55517
12 48 29527
2 17 16084
5 10 11795
17 24 44588
0 37 64426
35 47 56392
23 24 24356
33 47 25336
32 35 42862
10 48 57067
13 36 21255
8 42 53507
26 34 36388
9 31 44124
3 38 65710
9 12 56720
0 7 65142
3 20 55008
16 43 69370
34 41 59307
13 20 52186
43 49 12165
16 17 67350
38 48 49761
46 47 32925
0 28 15785
33 34 45692
17 42 38167
8 47 63009
2 33 58437
11 43 23683
15 46 34678
16 20 16663
18 43 37621
1 6 21408
30 31 11088
20 41 24012
17 40 35764
17 37 26424
4 10 69017
8 26 22831
30 38 37679
15 49 64667
12 20 61362
27 34 23945
2 22 60376
14 24 60224
26 36 19086
27 35 57526
12 46 59593
14 28 68393
0 11 51854
9 24 13901
23 36 17885
2 7 31614
23 48 48969
21 30 23670
14 26 19449
19 33 29278
33 44 28821
25 41 67886
6 35 42961
31 32 65643
3 30 14548
6 28 10581
1 34 17050
20 48 15636
34 49 36736
2 38 54958
30 49 44203
22 45 47896
4 13 19931
30 37 24024
5 17 54705
10 27 23435
29 46 37969
9 15 57223
20 26 13658
37 41 59198
47 48 44748
40 48 15393
30 45 57591
17 23 38744
7 35 19294
30 47 17618
13 16 12500
4 46 10406
19 49 31288
9 27 21949
11 15 29684
3 49 62253
4 38 19834
4 45 14788
39 44 57895
1 46 24382
27 46 27512
12 43 17087
27 43 42161
28 38 66392
15 18 62045
11 36 28506
0 10 56430
0 4 11975
26 33 54673
22 27 41134
6 14 25410
2 40 34784
18 47 28356
1 18 41211
6 48 23982
3 31 63104
6 49 46605
11 17 23715
3 44 43990
20 32 68042
23 39 31333
2 41 46490
12 47 20590
35 46 64764
40 41 58440
14 47 40275
1 37 69159
4 40 20416
17 43 57206
10 12 57053
6 38 46942
14 21 26860
11 42 16283
2 14 31245
2 5 23251
8 31 20470
13 15 61895
11 25 69681
14 36 34589
14 25 46567
2 43 40814
1 30 49999
7 40 11351
4 48 59170
24 33 33353
4 39 37476
15 34 64416
5 36 69958
18 41 51191
2 37 38405
16 38 20141
1 16 24666
34 39 27038
26 37 30732
26 42 19429
36 49 27620
0 2 13149
11 28 18588
4 11 38036
1 40 60355
0 5 17783
20 35 27120
29 43 29357
29 33 24066
6 40 48366
11 30 42609
6 17 34537
32 49 52403
33 42 42289
36 39 59126
15 39 28969
37 42 25246
0 48 51267
19 20 42463
26 41 14415
16 40 26762
8 37 69939
24 40 20974
1 44 26719
6 22 63272
12 15 61522
16 26 36861
18 34 17937
15 22 18559
25 45 69736
34 48 27367
3 32 48322
22 28 12884
18 29 48098
21 48 28501
9 48 15381
27 42 55881
6 46 45621
18 33 34738
23 27 22090
14 29 36129
33 46 19489
10 35 58770
33 36 18531
25 30 63922
11 14 60038
38 41 49644
16 29 19167
37 38 41304
6 47 22106
2 12 35725
2 8 58067
14 16 34188
34 43 46699
2 3 26928
7 37 27459
21 25 50364
32 37 65932
4 9 35397
3 12 58923
10 19 17809
5 32 64907
14 44 49388
28 32 20693
11 47 43004
2 39 67889
23 43 38217
18 37 41027
17 35 55652
41 44 15098
5 27 65260
5 18 21781
35 40 24587
22 44 54029
42 43 42455
16 21 18508
5 29 44066
13 32 34241
11 48 27675
12 35 27513
5 47 46348
23 35 65544
20 43 27722
38 43 22678
22 42 42242
20 45 56793
23 28 52280
9 17 22605
37 49 52725
43 48 17676
43 46 23671
9 35 60534
25 29 24725
3 23 63059
23 25 23370
12 23 69872
21 29 13089
22 33 63730
27 48 53042
28 43 58741
25 44 68828
16 47 48301
29 37 22664
33 37 23415
15 43 32330
8 45 55120
14 39 44066
10 13 18538
6 34 19360
17 49 61742
45 46 36051
0 47 67851
15 25 69428
7 28 65916
2 16 20528
3 46 41669
15 45 52709
1 26 62809
0 15 66418
20 28 47576
28 30 22627
12 32 32231
2 48 50252
32 41 49496
41 42 37432
4 15 63622
0 34 61510
21 24 52664
12 39 69495
28 48 44551
23 49 41404
4 43 68322
16 37 34995
9 14 54069
6 8 33879
11 40 57325
7 34 51331
11 45 67946
27 38 18005
18 42 60691
0 26 11829
22 34 56200
22 38 10684
3 37 11256
2 23 52115
18 35 33355
19 38 55068
34 40 34823
13 26 38306
8 11 63628
7 48 12398
16 23 63077
18 45 25858
28 34 64794
3 17 42572
26 46 65433
39 42 58415
32 38 46224
38 42 48096
43 47 57909
14 43 20775
32 39 31643
5 13 68374
22 41 45770
27 39 15711
0 49 32252
31 44 45237
23 40 57042
5 35 30197
35 49 65385
17 38 59875
22 43 32026
