50 50 858
25000 25000 25000 25000 25000 25000 25000 25000 25000 25000 25000 25000 25000 25000 25000 25000 25000 25000 25000 25000 25000 25000 0 25000 25000 25000 25000 25000 25000 25000 25000 25000 25000 25000 25000 25000 25000 25000 25000 25000 25000 25000 25000 25000 25000 25000 25000 25000 25000 25000
2609 3292 6739 8933 6803 5984 10355 7650 8084 4246 5219 5776 6641 7816 4374 3847 5033 6429 6719 3660 7358 5396 5219 8345 4182 6387 7391 5542 5038 10349 6400 5558 6051 9568 3792 4898 9064 7159 11178 8697 4781 6033 6661 5299 8845 11656 9977 5301 8663 3947

2368 1148 3204 4509 4028 2752 5457 3845 4791 2504 2396 2628 3220 3859 1838 2266 2285 3117 3299 2596 3680 2582 2296 4205 1779 2994 5115 2491 2189 5399 3046 2499 2838 4940 1446 2351 4642 3507 6634 4369 2035 2890 3943 2607 5984 6919 5919 3574 4385 1538

38119 28711 4914 17161 44553 7030 26409 19622 50450 35490 13876 9147 14977 9987 21848 35330 20546 15111 25670 37312 29954 23679 9828 13734 19303 6568 57472 8895 11180 22957 12390 7341 15489 21294 21806 22713 18992 16657 67393 15523 12297 23856 48568 27686 66066 66973 59161 44864 16203 22621

94158 75406 32372 11548 94124 35112 29982 21024 105322 79267 29681 21275 20071 28595 64292 80186 47630 25921 53179 95094 61702 69206 23096 42165 48700 24701 135170 25118 40527 60515 47246 30416 52911 19804 61669 53847 15191 17163 141838 16712 34762 49569 105288 76944 142841 137025 121516 110118 12183 58878

1432 1277 1715 1883 566 1580 2152 1577 838 876 1061 1250 1363 1923 1524 955 1016 1318 949 1655 814 1789 1133 2087 1015 1583 2005 1269 1379 2512 1815 1381 1823 2008 1383 947 1901 1497 1685 1925 1108 908 1169 1798 2040 1600 1240 2003 1836 1237

29389 21549 6421 15994 35203 3514 23701 16197 40108 27663 10383 7483 12332 10627 15840 27251 15232 12444 20193 28704 23757 17769 7029 12654 13919 6260 45474 6253 6966 20326 9090 4947 10956 19446 15805 17035 17517 13730 54202 15093 8371 18684 38375 21102 52622 53852 47354 34986 15197 16483

181956 151443 81972 45118 179349 86890 28499 43134 199791 153664 65767 58805 48555 75277 138615 155294 97584 53176 107361 187467 122469 147325 56998 99391 102384 68433 259515 65619 96429 131920 108338 78565 118381 37594 126439 108605 40319 50569 262507 54213 78328 100962 199791 160389 266358 256048 228497 214099 46244 120958

70158 56137 33391 20160 68960 32030 26544 6370 78353 57158 16770 13571 8861 34044 51550 57907 31390 10985 35882 72690 42824 57376 12741 45125 33595 25346 105796 16702 32220 60071 42892 24339 46527 21820 44649 36454 21085 12128 107171 24366 22542 32942 78353 60248 108940 104203 91544 84928 20704 42130

1719 1555 2020 2186 797 1877 2480 1869 697 1127 1324 1525 1646 2242 1817 1211 1359 1593 1205 1956 1061 2099 1395 2416 1275 1880 1940 1538 1663 2869 2127 1665 2135 2327 1668 1203 2218 1789 1599 2239 1374 1156 1050 2109 1977 1509 1125 2149 2144 1511

1038 879 1459 1709 1024 1320 1995 1402 1305 464 869 1050 1181 1674 1133 546 738 1134 1066 1268 1206 1406 928 1875 768 1323 1950 999 1145 2314 1562 1115 1500 1846 988 667 1736 1318 1983 1748 832 916 1087 1416 1986 2088 1720 1628 1668 837

282030 211282 141015 156813 275986 123980 205925 104130 324205 216434 12638 46089 66146 165880 198300 220212 86408 58178 109075 294806 144106 241573 25277 212999 97536 105504 461992 48149 106122 288418 178793 81738 185456 180442 162789 111960 161484 89774 468792 165811 55499 94239 323380 245901 477721 453818 389938 356556 149807 140603

50691 38013 17684 20961 51754 16554 32069 15322 59686 41572 8429 1231 9073 20938 32781 41335 20566 9254 24295 52228 30058 37595 2463 29549 19775 11074 79235 3830 16712 41956 25571 10170 28589 26227 28724 24385 23131 11333 83247 20927 10350 21854 59166 41335 84557 81009 70500 62387 19673 26656

87703 68425 38207 29484 86090 36375 42477 15319 98955 70203 15832 11526 5185 43485 62653 71210 35513 11563 41561 91111 50906 70496 10371 57448 38482 27377 135275 15741 36631 77569 50998 26021 55891 35788 53362 42330 30731 11599 137529 32581 23565 37602 98735 74362 139911 133534 116492 107586 27615 49972

8994 7014 1953 3076 10270 2400 5044 4089 11525 8342 3428 2289 3530 1217 5553 8308 5162 3558 5938 8844 6878 5947 2434 2672 4897 1741 13134 2275 3283 4634 3544 2352 4204 3955 5544 5623 3465 3423 15131 2520 3406 5551 11125 6799 14963 15041 13379 10451 2868 5718

22109 13806 17181 27575 34163 13983 36054 25399 39559 23393 16297 15828 21148 21809 7310 21709 15513 20779 22678 21463 25368 12569 14621 24038 11931 16866 39913 14091 11169 32479 15843 13360 14375 31372 9640 15974 29250 22701 52897 26598 12776 19787 33563 13114 48346 54681 47531 28374 26698 11815

16807 14001 25640 30561 19556 22905 35602 25154 24505 9679 15763 18421 21255 29433 18478 8135 13451 20437 19232 20868 21699 23300 16271 32126 12619 23236 35094 17533 19253 39867 26303 19556 24957 32986 15933 12196 31041 23680 36455 30709 14579 16581 19881 23476 36497 38302 31816 27205 29842 13261

10299 7390 7031 8472 10011 6048 10492 6305 12559 6963 2542 3918 4743 8551 6856 7119 1531 4415 4164 10825 5152 8788 3062 9992 2712 6068 17458 3782 5031 13093 7754 4593 8294 9443 5401 2666 8664 5714 17692 8842 2599 3101 11362 8989 17709 17551 14924 13365 8184 4483

175305 136474 78453 73100 171987 74683 92515 36644 198000 139301 27445 23562 23034 89311 126332 141375 67935 11423 80376 182317 99603 144881 22846 118038 74042 56173 274079 32233 75211 159433 104768 53383 114834 79433 107218 81959 75663 36305 280374 79396 45918 72233 198000 150423 282712 269592 234531 216209 69254 97680

14104 10872 9452 10186 10309 8668 12441 7754 12529 10040 3542 5082 6005 10597 10274 10214 4313 5638 2061 14718 4237 12438 4123 12767 5635 7817 21789 5177 8073 16239 11122 6723 11726 11267 8646 5230 10401 7099 19186 10594 5350 2795 14964 12662 22071 18497 15556 17561 9863 7618

4719 4738 8597 11897 10320 7583 14113 10500 12031 6905 7254 7875 9152 10064 5467 6371 7005 8870 9277 3656 10130 6729 7312 10878 5869 8497 9506 7622 6695 13554 8172 7390 7707 13238 5406 7151 12428 9845 15675 11583 6547 8360 10130 5845 12180 16314 14559 5847 11614 5613

2204 1718 1581 1691 1302 1463 2030 1326 1635 1593 693 924 1063 1760 1628 1619 733 1008 555 2296 390 1953 780 2079 931 1335 3066 939 1298 2600 1756 1171 1846 1853 1384 871 1722 1227 2673 1752 889 505 2041 1987 3108 2532 2090 2723 1643 1229

33087 23443 23170 37575 50155 19559 48702 36072 57236 36022 26166 23493 30494 29263 14919 33813 25682 30655 35084 31815 38614 11166 22333 29102 20982 23524 56025 21214 17380 40178 17905 20255 15978 42538 17975 26288 39775 32512 74738 35911 21002 31291 49368 15978 67091 77038 67697 40884 36405 20830

29547 21819 12087 14277 30208 10393 19877 9670 34960 23989 3801 2252 5847 14071 19650 23844 11199 6260 13471 30993 16984 22873 0 19319 10703 8017 46945 2293 10145 26881 15889 6157 17728 16757 16158 13513 14856 7665 50147 14257 4959 11984 34713 24051 50189 48040 41634 36675 13492 14897

19258 15154 4883 8660 22473 5240 12851 10822 25140 18677 8930 6798 9435 4715 11943 18148 11947 9496 14265 19106 16203 11616 7106 3553 10898 5631 28226 6684 7117 7725 6509 5973 7911 10537 11924 12593 9496 9405 33421 7486 7881 13444 24198 13429 31946 32615 29081 22522 8227 12293

32600 22120 24063 31410 36263 20115 39682 24603 43406 26098 11050 13644 18976 29538 20197 24684 10012 17796 19495 34493 23056 27157 10541 33424 5270 20594 59259 12362 14845 44597 26668 15282 26495 35297 14936 10622 32488 21866 64743 31379 8099 15669 41636 27879 64804 63420 53958 43640 30250 11650

19133 14415 4124 7502 21736 4258 12148 8180 24693 17191 5611 2952 5851 5337 11613 17111 9697 5918 11525 19369 13673 12852 3268 8547 9073 1634 29479 2801 5623 13172 7620 3075 8745 9583 10952 10784 8420 6693 33190 6967 5560 10615 23935 14794 33148 32667 28750 23156 7022 11361

175156 190444 281463 355282 238383 258749 406770 325852 225170 205569 253234 264755 294457 314332 211356 210756 242970 289434 287742 170788 273327 239639 248102 332568 222222 279224 124051 257875 238875 392519 271962 254436 261534 380835 205405 233251 365874 308872 262243 348348 234998 267212 177231 219819 183947 276549 279934 151733 352989 210046

31417 23339 11056 15023 33379 9282 22113 11424 38298 25597 5582 2430 7436 13292 19279 25460 12766 7551 15708 32571 19387 22351 1601 18629 11698 6794 49650 800 9022 26549 15038 4846 16963 18384 18146 14626 16408 8878 52990 15002 5683 14150 36827 24738 53033 52629 45921 39055 14201 16091

22292 15532 8585 15815 27305 6079 22449 14122 31534 21286 7458 6609 10790 12212 11525 20448 11037 10887 16351 22629 18460 14092 5916 13959 8953 7422 37089 5247 2958 20575 9380 4675 9917 18779 10579 12122 17129 11995 44699 15038 5121 14086 30040 16086 42325 43386 37782 28046 15128 11164

35887 29205 12480 18630 41122 13061 25455 22151 45465 34940 19069 15598 19892 12207 23976 34080 23982 19991 27757 35640 30912 23444 16099 10314 22275 13699 50490 15413 16118 8049 15128 14256 17411 21687 23945 25034 19991 19843 58502 16718 17362 26420 43931 26395 56547 57636 51882 41202 17925 24545

12035 8916 3727 7937 15528 2988 11116 8229 17556 12413 5826 4628 6632 5471 6476 11884 7270 6678 9817 11792 10828 6101 4440 5425 6843 4123 18722 4120 3693 8596 2220 3580 3285 9358 7288 8021 8567 7210 23593 7374 4435 8731 16331 7478 21757 23235 20550 14388 7608 8162

16816 12300 4673 8907 19038 3674 13346 7880 21863 14695 4330 2861 5655 6838 9623 14610 7526 5719 9982 17041 12034 11338 2398 8891 6931 3300 26701 1952 3900 13310 6886 1199 7961 10895 8991 8573 9784 6460 29982 8388 3574 9112 21992 12670 30199 29780 26037 20660 8448 9382

33291 24043 13451 25678 45466 10386 35106 25927 51477 34720 17347 15249 21192 18623 16808 32845 22433 21329 29985 32571 32982 15695 14693 18486 19385 13751 53121 13742 10951 27888 8982 12141 7346 30148 19402 23889 27802 22904 67566 24266 14025 26766 46032 19779 62514 69570 61607 40269 24685 21808

946126 772783 372672 171891 941607 399465 229188 203364 1052973 801673 322800 261306 229995 336196 681269 810550 496143 258078 549405 987768 631719 728398 261790 467575 512606 298912 1361570 298428 451435 644793 516318 354111 575875 130895 640112 556184 145421 201588 1394657 221440 377998 514543 1052973 803126 1415639 1359472 1209370 1121245 178024 610899

11074 6516 9745 14620 17265 8055 18070 12049 20125 11582 7198 7592 9802 12191 5780 10692 6792 9607 10578 11927 12000 8559 6353 13369 4891 8961 21336 7495 5951 17830 10200 7109 9514 16229 3176 7028 15116 10875 27174 14096 5378 9051 16956 8848 24582 28075 24330 15579 14222 4326

15829 11730 12055 14909 14887 10463 18181 11400 18098 9950 5307 7379 8870 14516 10865 10202 3806 8340 7557 17293 9159 13994 5984 16447 4154 10495 26946 6793 8459 21470 13235 8116 13697 16483 8500 2992 15221 10444 27326 15353 4886 5837 17073 14319 27353 27097 22842 21406 14443 7022

260549 211357 97602 40426 259264 105128 73603 59561 291477 219479 83331 65940 56946 87232 185247 222003 132614 73007 147849 269818 171160 198738 65986 124584 137295 76540 378755 76494 119995 174969 138442 92233 155375 45566 173638 149685 32993 48961 388070 54606 99025 137846 290926 219984 394035 378067 335391 310337 42170 165240

137814 108160 60774 37261 137095 58008 63568 27330 156514 113056 30982 20497 15076 61549 97731 114578 60691 24757 69875 142959 83983 109515 20525 84066 63513 44425 209073 26860 58395 114439 80082 42378 87468 46721 85421 70981 39142 10262 214743 41936 40442 63900 156127 117123 218284 208713 182987 167828 34439 80359

45190 41683 54470 59493 29821 51403 65177 52117 27688 32544 40378 44494 47243 59211 47631 34351 38581 46820 37823 48504 35461 53659 42775 64357 39250 51465 40960 44335 48318 73399 57395 46882 55712 61907 44450 37012 59475 50292 21387 60630 40660 36889 30385 54285 34060 23696 24243 45428 59070 41092

22574 17974 7146 4104 23542 8089 8618 6428 26371 19848 7822 5211 5621 5744 15256 19762 12226 7047 13579 22804 15670 16305 5658 9081 11939 5543 32644 6154 9417 13583 10795 6937 12308 6121 14604 13612 4997 4907 35329 2829 8519 12693 26231 18261 35444 34157 30344 26490 3636 14436

80057 56481 38011 53182 85773 30699 70728 39587 100523 63100 15801 16494 27925 49316 49862 62659 25677 26917 44210 82915 51564 61965 10086 58183 22567 30846 133135 13847 23134 81255 43390 19877 47404 61209 39209 31140 55409 33472 142906 53119 5043 36309 95817 63289 143032 141855 122313 103360 50787 35364

58028 43758 39723 42962 45043 36260 52917 32225 54677 40086 13627 20427 24504 44777 41119 40854 14800 22884 13348 60736 18235 50669 16196 54356 20636 32504 91957 20846 31401 69686 44861 27673 47528 47737 33928 18849 43884 29335 84235 44763 19379 8098 61825 51661 93199 81191 68206 73289 41538 29391

11687 10319 16111 18256 9625 14832 20714 15620 8793 7559 11041 12598 13719 17960 12502 7885 9913 13320 12732 13667 11825 14853 11550 19329 10071 15090 13193 12158 13052 23103 16310 14031 15654 19439 11261 9301 18490 14901 14420 18590 10725 11440 5775 15097 13994 15320 12357 14935 17905 9951

19812 14312 16981 25818 30875 14743 32575 23312 35262 22118 16250 16268 19856 20756 9331 20750 16000 19556 21825 17087 24012 9543 14550 20656 13087 17100 32087 14856 12481 27518 13718 14262 12525 28893 11225 16375 27181 21506 46393 24875 13050 19475 30675 7275 38943 47856 42043 22706 25093 12993

107792 115691 168663 190737 120397 157010 210766 169251 113618 103562 131938 144628 153760 185526 134768 109304 122750 150511 145721 113954 138325 149278 136084 193650 124879 163256 89976 141042 142499 224408 164573 150483 160511 200373 123367 117764 192641 163396 108212 193454 129361 135188 93057 139110 68042 115551 117288 104178 187935 125748

50320 46673 57109 60151 29943 53921 66703 53124 27725 37172 40919 45381 48057 62039 52583 39050 40589 46994 38262 53765 35074 58814 42605 65905 40553 53307 45922 46572 49175 75966 59473 49220 61003 63303 49184 38958 60774 51227 25572 61352 42752 37291 34927 59519 38748 21302 24143 50567 59235 45803

13547 12443 15576 16502 7348 14610 18481 14368 6676 9565 10672 12024 12834 17069 14205 10134 10572 12512 9867 15145 8902 16103 11183 18240 10561 14424 14940 12384 13172 21287 16292 13186 16755 17451 13197 10078 16686 13794 8777 16860 11227 9573 9046 16305 12767 8172 5591 17640 16219 12151

1568 1572 2542 3371 2975 2287 3928 3020 3140 2117 2205 2361 2682 2911 1756 1983 2142 2611 2713 1300 2927 2073 2174 3115 1857 2517 2006 2297 2064 3788 2435 2239 2318 3664 1740 2179 3495 2856 3556 3292 2072 2483 2603 1850 2678 3717 4040 1087 3300 1792

101089 81178 34056 14036 101528 37057 34221 24448 114155 85625 31329 21905 20807 29883 69009 86632 50983 27212 57059 102699 66392 74352 23899 44780 51935 25656 147937 26114 42986 64873 50343 31915 56510 23076 66429 57791 18025 17622 155129 16909 36673 53106 114118 82825 155275 148907 131888 119151 11949 63080

7969 4856 7095 9693 10916 5941 11999 7886 12864 7029 4190 4847 6351 8766 4903 6421 3907 6030 6493 8552 7464 6801 4001 9570 2614 6560 14979 4498 4503 12617 7978 5294 7448 10753 3124 4073 9987 7090 17673 9684 3335 5450 10694 6998 17196 18323 15742 11047 9376 2000

13 19 22106
11 46 35725
7 14 58067
25 48 34188
1 27 46699
18 25 26928
14 38 27459
10 28 50364
23 42 65932
29 45 35397
12 42 58923
32 34 17809
24 42 64907
3 8 49388
14 46 20693
13 38 43004
40 47 67889
32 43 38217
10 21 41027
0 18 55652
13 23 15098
20 49 65260
1 2 21781
7 30 24587
3 21 54029
1 19 42455
2 9 18508
9 44 44066
1 4 34241
14 31 27675
3 19 27513
26 29 46348
24 45 65544
26 40 27722
20 46 22678
9 25 42242
14 49 56793
21 49 52280
23 38 22605
2 10 52725
18 48 17676
3 28 23671
8 39 60534
5 34 24725
7 47 63059
18 23 23370
7 8 69872
5 14 13089
2 25 63730
28 33 53042
34 35 58741
1 24 68828
5 37 48301
36 43 22664
20 44 23415
6 9 32330
37 46 55120
36 44 44066
30 32 18538
3 39 19360
25 26 61742
0 30 36051
43 44 67851
35 36 69428
9 11 65916
11 18 20528
3 10 41669
19 47 52709
33 40 62809
2 42 66418
29 44 47576
34 42 22627
24 30 32231
21 43 50252
21 47 49496
3 13 37432
40 42 63622
16 19 61510
44 45 52664
21 31 69495
4 25 44551
2 15 41404
17 44 68322
27 32 34995
19 29 54069
20 36 33879
20 38 57325
4 30 51331
20 24 67946
15 40 18005
33 45 60691
20 27 11829
3 22 56200
3 26 10684
38 39 11256
31 36 52115
20 37 33355
18 27 55068
8 12 34823
15 29 38306
7 24 63628
9 41 12398
17 30 63077
5 31 25858
7 17 64794
11 37 42572
7 19 65433
6 24 58415
9 34 46224
27 40 48096
5 24 57909
46 48 20775
0 46 31643
1 31 68374
13 44 45770
19 42 15711
8 17 32252
1 5 45237
12 18 57042
5 43 30197
2 35 65385
22 47 59875
29 31 32026
0 40 51584
40 49 12701
12 45 45425
22 30 33699
1 22 36057
36 41 30493
14 33 10664
11 16 16505
34 46 24120
37 48 25206
10 43 69582
0 12 52122
19 24 19999
10 17 54296
19 27 59697
7 20 68414
13 14 42663
8 13 37793
12 40 68466
1 43 53438
10 41 59436
14 45 66839
0 20 41350
14 35 17289
17 32 41233
15 35 28729
26 27 16473
20 29 61431
27 44 24113
0 21 18490
15 26 35599
0 8 65698
4 42 21192
17 48 11024
14 22 41539
21 34 59392
16 45 43660
24 47 42203
0 39 65897
1 45 57780
4 41 57409
16 32 17621
16 30 52044
1 10 67408
30 33 14059
0 22 41741
29 35 17964
29 36 46722
35 39 69534
30 41 28572
5 38 42302
15 33 11111
34 47 37553
34 44 25794
5 30 30543
5 9 68786
10 40 44523
21 28 37016
18 28 12358
4 19 10779
22 23 45506
15 19 50101
12 14 18619
2 36 68841
35 48 63268
12 24 50158
21 44 58232
2 13 36927
18 24 22360
10 36 66272
14 17 36849
5 39 21912
6 23 26035
6 29 18893
11 19 31462
0 27 42237
4 27 50634
35 37 39426
8 35 31102
25 46 62310
21 37 57998
9 16 63404
45 49 15563
40 44 37693
3 9 31341
43 45 36106
24 38 36479
6 16 18006
0 45 15264
13 37 50980
38 45 18785
0 25 50770
4 24 31080
46 49 27404
13 24 61754
28 31 24347
25 38 19704
19 35 49985
34 38 63417
13 25 44208
10 14 58399
16 25 30266
12 16 68263
27 29 26576
38 46 51302
8 15 29724
9 23 58814
3 40 31935
23 41 59151
13 41 19915
32 47 36387
1 21 59291
40 45 25461
11 34 54093
7 18 26984
4 16 46802
1 20 20198
18 39 65606
26 28 54809
8 25 37605
21 46 46585
9 36 15736
13 39 30517
17 29 67666
11 39 45284
44 48 22270
2 32 34155
31 41 54988
4 17 14398
0 24 27572
27 33 41338
5 33 62797
10 42 59981
44 49 39600
7 15 19373
20 31 41282
27 41 59325
20 33 20329
11 27 15359
19 22 60618
3 33 42387
8 40 53889
10 46 49908
6 36 57848
12 36 37981
6 7 19034
36 40 34650
3 24 60322
13 49 14639
10 26 31601
39 41 27926
20 25 63368
24 37 37337
3 11 48443
35 45 61033
23 30 12620
6 45 60714
29 40 37330
11 44 69752
1 38 65112
15 23 67045
13 31 41089
38 40 10050
2 11 57025
42 48 22832
28 39 31566
26 35 28306
16 34 12156
12 48 41895
2 17 45808
5 10 62774
17 24 14281
0 37 29696
35 47 54824
23 24 14272
33 47 69820
32 35 16001
10 48 51065
13 36 60141
8 42 20640
26 34 12665
9 31 18066
3 38 14007
9 12 52145
0 7 68653
3 20 17182
16 43 66909
34 41 11508
13 20 56656
43 49 18802
16 17 66620
38 48 53700
46 47 62034
0 28 18812
33 34 40725
17 42 14865
8 47 40379
2 33 11173
11 43 29164
15 46 24416
16 20 46982
18 43 21937
1 6 40841
30 31 18820
20 41 18904
17 40 45113
17 37 18640
4 10 24905
8 26 26177
30 38 68781
15 49 47688
12 20 40985
27 34 28990
2 22 63839
14 24 35272
26 36 39785
27 35 23163
12 46 32180
14 28 41293
0 11 69819
9 24 40982
23 36 37912
2 7 53519
23 48 45159
21 30 58867
14 26 24243
19 33 50024
33 44 29245
25 41 37559
6 35 69189
31 32 43662
3 30 26683
6 28 33268
1 34 26645
20 48 35504
34 49 42172
2 38 61758
30 49 56287
22 45 69220
4 13 30077
30 37 67210
5 17 59051
10 27 13204
29 46 26199
9 15 52889
20 26 38476
37 41 68127
47 48 66052
40 48 12799
30 45 39419
17 23 18013
7 35 55924
30 47 19473
13 16 61532
4 46 31082
19 49 68341
9 27 27917
11 15 11106
3 49 27585
4 38 55476
4 45 22437
39 44 13389
1 46 12159
27 46 45705
12 43 30034
27 43 49806
28 38 30020
15 18 33934
11 36 36092
0 10 41382
0 4 66154
26 33 33301
22 27 30432
6 14 69358
2 40 61644
18 47 13320
1 18 49977
6 48 59770
3 31 21515
6 49 64919
11 17 41332
3 44 29528
20 32 50842
23 39 50805
2 41 33202
12 47 11924
35 46 61288
40 41 51119
14 47 25173
1 37 18873
4 40 48737
17 43 49753
10 12 34405
6 38 63039
14 21 25457
11 42 66583
2 14 42844
2 5 57620
8 31 30516
13 15 21078
11 25 29002
14 36 38813
14 25 56523
2 43 49434
1 30 50313
7 40 48166
4 48 64898
24 33 30289
4 39 50078
15 34 28555
5 36 25207
18 41 33552
2 37 48083
16 38 18192
1 16 14357
34 39 23427
26 37 20116
26 42 65645
36 49 64546
0 2 47432
11 28 26660
4 11 55425
1 40 27184
0 5 63209
20 35 48464
29 43 54784
29 33 59791
6 40 33450
11 30 42404
6 17 32449
32 49 44529
33 42 13548
36 39 61262
15 39 31051
37 42 52982
0 48 41575
19 20 21359
26 41 60022
16 40 14006
8 37 13579
24 40 18576
1 44 29214
6 22 37132
12 15 68802
16 26 49549
18 34 53632
15 22 22228
25 45 59665
34 48 49276
3 32 16773
22 28 49239
18 29 18079
21 48 62199
9 48 18565
27 42 11287
6 46 52805
18 33 63349
23 27 13220
14 29 16254
33 46 47895
10 35 35669
33 36 50783
25 30 51443
11 14 39074
38 41 23976
16 29 46568
37 38 22791
6 47 35335
2 12 36589
2 8 26797
14 16 38915
34 43 45166
2 3 58154
7 37 66047
21 25 43967
32 37 37702
4 9 49678
3 12 68339
10 19 39509
5 32 41096
14 44 15111
28 32 18747
11 47 61318
2 39 19452
23 43 27312
18 37 14747
17 35 14399
41 44 32804
5 27 17967
5 18 20654
35 40 10698
22 44 55780
42 43 13579
16 21 52142
5 29 36996
13 32 27556
11 48 28709
12 35 49787
5 47 52891
23 35 55298
20 43 66584
38 43 21805
22 42 42606
20 45 54738
23 28 29994
9 17 28716
37 49 22439
43 48 21814
43 46 27054
9 35 64092
25 29 52911
3 23 44308
23 25 12838
12 23 56371
21 29 65904
22 33 42294
27 48 61119
28 43 10302
25 44 65098
16 47 21228
29 37 20956
33 37 17938
15 43 67008
8 45 36679
14 39 60080
10 13 34003
6 34 54235
17 49 30931
45 46 25932
0 47 37125
15 25 28372
7 28 22516
2 16 61074
3 46 13120
15 45 19396
1 26 33210
0 15 31836
20 28 43978
28 30 45025
12 32 61033
2 48 38069
32 41 40078
41 42 35341
4 15 53051
0 34 26448
21 24 43387
12 39 25344
28 48 29709
23 49 43689
4 43 32584
16 37 40938
9 14 66789
6 8 52665
11 40 50088
7 34 33467
11 45 42745
27 38 26234
18 42 17701
0 26 15818
22 34 42166
22 38 56969
3 37 34190
2 23 54682
18 35 60185
19 38 37311
34 40 16220
13 26 23395
8 11 11289
7 48 50199
16 23 58420
18 45 62323
28 34 18267
3 17 40640
26 46 39806
39 42 61318
32 38 57088
38 42 13192
43 47 28804
14 43 28940
32 39 46881
5 13 63531
22 41 59878
27 39 55812
0 49 46196
31 44 39965
23 40 19278
5 35 31083
35 49 68342
17 38 26979
22 43 36901
20 42 40508
8 29 26091
0 32 61092
9 43 37332
4 31 16275
24 36 40545
16 39 43553
37 47 29670
1 32 41834
23 44 23751
8 43 30232
18 49 46299
1 15 44161
11 13 13014
7 49 16104
26 43 35479
31 45 12245
27 45 19296
24 48 66426
31 40 31185
0 35 68321
31 37 59957
6 18 21062
8 22 54132
2 6 36152
6 27 63170
28 42 63411
23 32 57235
15 48 61512
4 37 32532
6 19 36278
9 42 44162
7 41 48623
0 42 39512
12 13 23636
11 35 67042
1 14 10056
4 6 69332
7 10 38854
9 18 54034
8 20 35225
24 28 59087
5 6 30332
19 39 69387
31 42 62101
15 20 36437
26 45 34865
24 27 64346
16 46 57876
29 30 43433
39 40 25530
0 1 56196
36 47 33389
20 39 48735
16 49 40328
13 40 11683
1 11 54048
14 30 45881
4 34 11060
21 26 57702
36 45 68413
18 20 37339
1 8 44006
31 33 59179
15 41 66851
22 39 57642
1 25 56220
18 21 19050
5 26 56974
30 36 25073
37 43 63084
29 49 22198
3 41 26302
14 48 23415
18 22 21584
10 18 30546
38 44 61995
2 28 58592
36 38 37034
6 44 49871
12 27 32025
17 21 64708
12 21 36066
29 42 67557
1 7 43442
7 42 18536
10 22 69241
0 9 39632
0 17 54417
31 34 10300
29 48 27333
5 48 52830
44 46 37639
22 36 61339
25 35 54151
18 31 46633
5 22 48981
8 30 40370
7 23 55683
18 40 48097
8 46 67586
20 40 60909
7 29 12437
9 29 23888
21 41 14323
12 37 36165
27 47 56577
5 42 18461
20 22 36899
41 46 23610
11 20 58332
12 44 58924
9 26 18317
19 45 36540
19 36 68624
10 33 51760
5 16 45077
18 30 67864
25 33 21391
11 22 29493
26 49 68164
27 28 50868
36 46 24465
5 49 47946
16 22 42206
40 46 68616
28 36 24578
19 28 33329
4 18 51128
7 36 22403
13 35 23568
3 6 48714
0 29 13311
9 33 26006
7 32 14744
34 36 29777
23 29 52171
2 4 61321
38 49 38238
5 19 19069
27 37 14930
20 30 38712
1 12 20136
47 49 23248
8 34 65253
6 41 18759
7 33 17150
42 45 52472
2 34 28765
3 14 40684
24 44 11964
17 19 39071
17 25 21551
5 12 38573
6 13 17016
5 25 65901
16 42 37188
16 28 43737
22 29 29229
18 44 30459
13 47 68283
41 45 42798
8 36 69173
17 26 11593
19 21 10946
15 30 26059
28 35 43514
9 45 53117
24 29 29522
15 16 23894
15 36 14328
8 19 34452
25 36 64750
14 40 24464
41 47 59843
13 42 12144
1 33 45366
6 42 19135
17 33 54616
11 41 64131
2 26 49820
19 40 68723
6 37 33202
7 44 13513
19 31 37295
19 48 40218
9 22 21556
11 32 16626
37 45 26098
3 45 40786
12 29 37085
19 43 24380
28 44 25726
2 47 48400
10 45 38117
8 33 26672
31 38 16601
0 14 23773
6 10 21931
8 27 36123
34 45 37667
12 34 26259
23 31 12717
23 33 32416
33 41 52867
34 37 14703
9 37 34560
14 42 28232
14 41 23838
10 31 31318
6 43 22363
20 23 15800
7 38 42184
8 44 57708
41 49 31457
9 49 21621
16 41 40068
16 44 43013
10 15 28247
0 33 56166
15 17 25941
18 32 67475
13 45 22689
13 21 53810
23 26 58017
24 25 50806
17 47 22624
22 24 64618
30 42 64579
5 46 34555
28 40 42883
30 43 44388
17 39 62958
15 21 57744
6 31 18947
32 33 45824
24 34 62447
31 46 55650
10 44 16198
0 13 28427
9 30 16968
4 44 40704
1 42 34228
32 45 61295
10 49 28411
