50 50 859
25000 25000 25000 25000 25000 25000 25000 25000 25000 25000 25000 25000 25000 25000 25000 25000 25000 25000 25000 25000 25000 25000 0 25000 25000 25000 25000 25000 25000 25000 25000 25000 25000 25000 25000 25000 25000 25000 25000 25000 25000 25000 25000 25000 25000 25000 25000 25000 25000 25000
2609 3292 6739 8933 6803 5984 10355 7650 8084 4246 5219 5776 6641 7816 4374 3847 5033 6429 6719 3660 7358 5396 5219 8345 4182 6387 7391 5542 5038 10349 6400 5558 6051 9568 3792 4898 9064 7159 11178 8697 4781 6033 6661 5299 8845 11656 9977 5301 8663 3947

2368 1148 3204 4509 4028 2752 5457 3845 4791 2504 2396 2628 3220 3859 1838 2266 2285 3117 3299 2596 3680 2582 2296 4205 1779 2994 5115 2491 2189 5399 3046 2499 2838 4940 1446 2351 4642 3507 6634 4369 2035 2890 3943 2607 5984 6919 5919 3574 4385 1538

38119 28711 4914 17161 44553 7030 26409 19622 50450 35490 13876 9147 14977 9987 21848 35330 20546 15111 25670 37312 29954 23679 9828 13734 19303 6568 57472 8895 11180 22957 12390 7341 15489 21294 21806 22713 18992 16657 67393 15523 12297 23856 48568 27686 66066 66973 59161 44864 16203 22621

94158 75406 32372 11548 94124 35112 29982 21024 105322 79267 29681 21275 20071 28595 64292 80186 47630 25921 53179 95094 61702 69206 23096 42165 48700 24701 135170 25118 40527 60515 47246 30416 52911 19804 61669 53847 15191 17163 141838 16712 34762 49569 105288 76944 142841 137025 121516 110118 12183 58878

1432 1277 1715 1883 566 1580 2152 1577 838 876 1061 1250 1363 1923 1524 955 1016 1318 949 1655 814 1789 1133 2087 1015 1583 2005 1269 1379 2512 1815 1381 1823 2008 1383 947 1901 1497 1685 1925 1108 908 1169 1798 2040 1600 1240 2003 1836 1237

29389 21549 6421 15994 35203 3514 23701 16197 40108 27663 10383 7483 12332 10627 15840 27251 15232 12444 20193 28704 23757 17769 7029 12654 13919 6260 45474 6253 6966 20326 9090 4947 10956 19446 15805 17035 17517 13730 54202 15093 8371 18684 38375 21102 52622 53852 47354 34986 15197 16483

181956 151443 81972 45118 179349 86890 28499 43134 199791 153664 65767 58805 48555 75277 138615 155294 97584 53176 107361 187467 122469 147325 56998 99391 102384 68433 259515 65619 96429 131920 108338 78565 118381 37594 126439 108605 40319 50569 262507 54213 78328 100962 199791 160389 266358 256048 228497 214099 46244 120958

70158 56137 33391 20160 68960 32030 26544 6370 78353 57158 16770 13571 8861 34044 51550 57907 31390 10985 35882 72690 42824 57376 12741 45125 33595 25346 105796 16702 32220 60071 42892 24339 46527 21820 44649 36454 21085 12128 107171 24366 22542 32942 78353 60248 108940 104203 91544 84928 20704 42130

1719 1555 2020 2186 797 1877 2480 1869 697 1127 1324 1525 1646 2242 1817 1211 1359 1593 1205 1956 1061 2099 1395 2416 1275 1880 1940 1538 1663 2869 2127 1665 2135 2327 1668 1203 2218 1789 1599 2239 1374 1156 1050 2109 1977 1509 1125 2149 2144 1511

1038 879 1459 1709 1024 1320 1995 1402 1305 464 869 1050 1181 1674 1133 546 738 1134 1066 1268 1206 1406 928 1875 768 1323 1950 999 1145 2314 1562 1115 1500 1846 988 667 1736 1318 1983 1748 832 916 1087 1416 1986 2088 1720 1628 1668 837

282030 211282 141015 156813 275986 123980 205925 104130 324205 216434 12638 46089 66146 165880 198300 220212 86408 58178 109075 294806 144106 241573 25277 212999 97536 105504 461992 48149 106122 288418 178793 81738 185456 180442 162789 111960 161484 89774 468792 165811 55499 94239 323380 245901 477721 453818 389938 356556 149807 140603

50691 38013 17684 20961 51754 16554 32069 15322 59686 41572 8429 1231 9073 20938 32781 41335 20566 9254 24295 52228 30058 37595 2463 29549 19775 11074 79235 3830 16712 41956 25571 10170 28589 26227 28724 24385 23131 11333 83247 20927 10350 21854 59166 41335 84557 81009 70500 62387 19673 26656

87703 68425 38207 29484 86090 36375 42477 15319 98955 70203 15832 11526 5185 43485 62653 71210 35513 11563 41561 91111 50906 70496 10371 57448 38482 27377 135275 15741 36631 77569 50998 26021 55891 35788 53362 42330 30731 11599 137529 32581 23565 37602 98735 74362 139911 133534 116492 107586 27615 49972

8994 7014 1953 3076 10270 2400 5044 4089 11525 8342 3428 2289 3530 1217 5553 8308 5162 3558 5938 8844 6878 5947 2434 2672 4897 1741 13134 2275 3283 4634 3544 2352 4204 3955 5544 5623 3465 3423 15131 2520 3406 5551 11125 6799 14963 15041 13379 10451 2868 5718

22109 13806 17181 27575 34163 13983 36054 25399 39559 23393 16297 15828 21148 21809 7310 21709 15513 20779 22678 21463 25368 12569 14621 24038 11931 16866 39913 14091 11169 32479 15843 13360 14375 31372 9640 15974 29250 22701 52897 26598 12776 19787 33563 13114 48346 54681 47531 28374 26698 11815

16807 14001 25640 30561 19556 22905 35602 25154 24505 9679 15763 18421 21255 29433 18478 8135 13451 20437 19232 20868 21699 23300 16271 32126 12619 23236 35094 17533 19253 39867 26303 19556 24957 32986 15933 12196 31041 23680 36455 30709 14579 16581 19881 23476 36497 38302 31816 27205 29842 13261

10299 7390 7031 8472 10011 6048 10492 6305 12559 6963 2542 3918 4743 8551 6856 7119 1531 4415 4164 10825 5152 8788 3062 9992 2712 6068 17458 3782 5031 13093 7754 4593 8294 9443 5401 2666 8664 5714 17692 8842 2599 3101 11362 8989 17709 17551 14924 13365 8184 4483

175305 136474 78453 73100 171987 74683 92515 36644 198000 139301 27445 23562 23034 89311 126332 141375 67935 11423 80376 182317 99603 144881 22846 118038 74042 56173 274079 32233 75211 159433 104768 53383 114834 79433 107218 81959 75663 36305 280374 79396 45918 72233 198000 150423 282712 269592 234531 216209 69254 97680

14104 10872 9452 10186 10309 8668 12441 7754 12529 10040 3542 5082 6005 10597 10274 10214 4313 5638 2061 14718 4237 12438 4123 12767 5635 7817 21789 5177 8073 16239 11122 6723 11726 11267 8646 5230 10401 7099 19186 10594 5350 2795 14964 12662 22071 18497 15556 17561 9863 7618

4719 4738 8597 11897 10320 7583 14113 10500 12031 6905 7254 7875 9152 10064 5467 6371 7005 8870 9277 3656 10130 6729 7312 10878 5869 8497 9506 7622 6695 13554 8172 7390 7707 13238 5406 7151 12428 9845 15675 11583 6547 8360 10130 5845 12180 16314 14559 5847 11614 5613

2204 1718 1581 1691 1302 1463 2030 1326 1635 1593 693 924 1063 1760 1628 1619 733 1008 555 2296 390 1953 780 2079 931 1335 3066 939 1298 2600 1756 1171 1846 1853 1384 871 1722 1227 2673 1752 889 505 2041 1987 3108 2532 2090 2723 1643 1229

33087 23443 23170 37575 50155 19559 48702 36072 57236 36022 26166 23493 30494 29263 14919 33813 25682 30655 35084 31815 38614 11166 22333 29102 20982 23524 56025 21214 17380 40178 17905 20255 15978 42538 17975 26288 39775 32512 74738 35911 21002 31291 49368 15978 67091 77038 67697 40884 36405 20830

29547 21819 12087 14277 30208 10393 19877 9670 34960 23989 3801 2252 5847 14071 19650 23844 11199 6260 13471 30993 16984 22873 0 19319 10703 8017 46945 2293 10145 26881 15889 6157 17728 16757 16158 13513 14856 7665 50147 14257 4959 11984 34713 24051 50189 48040 41634 36675 13492 14897

19258 15154 4883 8660 22473 5240 12851 10822 25140 18677 8930 6798 9435 4715 11943 18148 11947 9496 14265 19106 16203 11616 7106 3553 10898 5631 28226 6684 7117 7725 6509 5973 7911 10537 11924 12593 9496 9405 33421 7486 7881 13444 24198 13429 31946 32615 29081 22522 8227 12293

32600 22120 24063 31410 36263 20115 39682 24603 43406 26098 11050 13644 18976 29538 20197 24684 10012 17796 19495 34493 23056 27157 10541 33424 5270 20594 59259 12362 14845 44597 26668 15282 26495 35297 14936 10622 32488 21866 64743 31379 8099 15669 41636 27879 64804 63420 53958 43640 30250 11650

19133 14415 4124 7502 21736 4258 12148 8180 24693 17191 5611 2952 5851 5337 11613 17111 9697 5918 11525 19369 13673 12852 3268 8547 9073 1634 29479 2801 5623 13172 7620 3075 8745 9583 10952 10784 8420 6693 33190 6967 5560 10615 23935 14794 33148 32667 28750 23156 7022 11361

175156 190444 281463 355282 238383 258749 406770 325852 225170 205569 253234 264755 294457 314332 211356 210756 242970 289434 287742 170788 273327 239639 248102 332568 222222 279224 124051 257875 238875 392519 271962 254436 261534 380835 205405 233251 365874 308872 262243 348348 234998 267212 177231 219819 183947 276549 279934 151733 352989 210046

31417 23339 11056 15023 33379 9282 22113 11424 38298 25597 5582 2430 7436 13292 19279 25460 12766 7551 15708 32571 19387 22351 1601 18629 11698 6794 49650 800 9022 26549 15038 4846 16963 18384 18146 14626 16408 8878 52990 15002 5683 14150 36827 24738 53033 52629 45921 39055 14201 16091

22292 15532 8585 15815 27305 6079 22449 14122 31534 21286 7458 6609 10790 12212 11525 20448 11037 10887 16351 22629 18460 14092 5916 13959 8953 7422 37089 5247 2958 20575 9380 4675 9917 18779 10579 12122 17129 11995 44699 15038 5121 14086 30040 16086 42325 43386 37782 28046 15128 11164

35887 29205 12480 18630 41122 13061 25455 22151 45465 34940 19069 15598 19892 12207 23976 34080 23982 19991 27757 35640 30912 23444 16099 10314 22275 13699 50490 15413 16118 8049 15128 14256 17411 21687 23945 25034 19991 19843 58502 16718 17362 26420 43931 26395 56547 57636 51882 41202 17925 24545

12035 8916 3727 7937 15528 2988 11116 8229 17556 12413 5826 4628 6632 5471 6476 11884 7270 6678 9817 11792 10828 6101 4440 5425 6843 4123 18722 4120 3693 8596 2220 3580 3285 9358 7288 8021 8567 7210 23593 7374 4435 8731 16331 7478 21757 23235 20550 14388 7608 8162

16816 12300 4673 8907 19038 3674 13346 7880 21863 14695 4330 2861 5655 6838 9623 14610 7526 5719 9982 17041 12034 11338 2398 8891 6931 3300 26701 1952 3900 13310 6886 1199 7961 10895 8991 8573 9784 6460 29982 8388 3574 9112 21992 12670 30199 29780 26037 20660 8448 9382

33291 24043 13451 25678 45466 10386 35106 25927 51477 34720 17347 15249 21192 18623 16808 32845 22433 21329 29985 32571 32982 15695 14693 18486 19385 13751 53121 13742 10951 27888 8982 12141 7346 30148 19402 23889 27802 22904 67566 24266 14025 26766 46032 19779 62514 69570 61607 40269 24685 21808

946126 772783 372672 171891 941607 399465 229188 203364 1052973 801673 322800 261306 229995 336196 681269 810550 496143 258078 549405 987768 631719 728398 261790 467575 512606 298912 1361570 298428 451435 644793 516318 354111 575875 130895 640112 556184 145421 201588 1394657 221440 377998 514543 1052973 803126 1415639 1359472 1209370 1121245 178024 610899

11074 6516 9745 14620 17265 8055 18070 12049 20125 11582 7198 7592 9802 12191 5780 10692 6792 9607 10578 11927 12000 8559 6353 13369 4891 8961 21336 7495 5951 17830 10200 7109 9514 16229 3176 7028 15116 10875 27174 14096 5378 9051 16956 8848 24582 28075 24330 15579 14222 4326

15829 11730 12055 14909 14887 10463 18181 11400 18098 9950 5307 7379 8870 14516 10865 10202 3806 8340 7557 17293 9159 13994 5984 16447 4154 10495 26946 6793 8459 21470 13235 8116 13697 16483 8500 2992 15221 10444 27326 15353 4886 5837 17073 14319 27353 27097 22842 21406 14443 7022

260549 211357 97602 40426 259264 105128 73603 59561 291477 219479 83331 65940 56946 87232 185247 222003 132614 73007 147849 269818 171160 198738 65986 124584 137295 76540 378755 76494 119995 174969 138442 92233 155375 45566 173638 149685 32993 48961 388070 54606 99025 137846 290926 219984 394035 378067 335391 310337 42170 165240

137814 108160 60774 37261 137095 58008 63568 27330 156514 113056 30982 20497 15076 61549 97731 114578 60691 24757 69875 142959 83983 109515 20525 84066 63513 44425 209073 26860 58395 114439 80082 42378 87468 46721 85421 70981 39142 10262 214743 41936 40442 63900 156127 117123 218284 208713 182987 167828 34439 80359

45190 41683 54470 59493 29821 51403 65177 52117 27688 32544 40378 44494 47243 59211 47631 34351 38581 46820 37823 48504 35461 53659 42775 64357 39250 51465 40960 44335 48318 73399 57395 46882 55712 61907 44450 37012 59475 50292 21387 60630 40660 36889 30385 54285 34060 23696 24243 45428 59070 41092

22574 17974 7146 4104 23542 8089 8618 6428 26371 19848 7822 5211 5621 5744 15256 19762 12226 7047 13579 22804 15670 16305 5658 9081 11939 5543 32644 6154 9417 13583 10795 6937 12308 6121 14604 13612 4997 4907 35329 2829 8519 12693 26231 18261 35444 34157 30344 26490 3636 14436

80057 56481 38011 53182 85773 30699 70728 39587 100523 63100 15801 16494 27925 49316 49862 62659 25677 26917 44210 82915 51564 61965 10086 58183 22567 30846 133135 13847 23134 81255 43390 19877 47404 61209 39209 31140 55409 33472 142906 53119 5043 36309 95817 63289 143032 141855 122313 103360 50787 35364

58028 43758 39723 42962 45043 36260 52917 32225 54677 40086 13627 20427 24504 44777 41119 40854 14800 22884 13348 60736 18235 50669 16196 54356 20636 32504 91957 20846 31401 69686 44861 27673 47528 47737 33928 18849 43884 29335 84235 44763 19379 8098 61825 51661 93199 81191 68206 73289 41538 29391

11687 10319 16111 18256 9625 14832 20714 15620 8793 7559 11041 12598 13719 17960 12502 7885 9913 13320 12732 13667 11825 14853 11550 19329 10071 15090 13193 12158 13052 23103 16310 14031 15654 19439 11261 9301 18490 14901 14420 18590 10725 11440 5775 15097 13994 15320 12357 14935 17905 9951

19812 14312 16981 25818 30875 14743 32575 23312 35262 22118 16250 16268 19856 20756 9331 20750 16000 19556 21825 17087 24012 9543 14550 20656 13087 17100 32087 14856 12481 27518 13718 14262 12525 28893 11225 16375 27181 21506 46393 24875 13050 19475 30675 7275 38943 47856 42043 22706 25093 12993

107792 115691 168663 190737 120397 157010 210766 169251 113618 103562 131938 144628 153760 185526 134768 109304 122750 150511 145721 113954 138325 149278 136084 193650 124879 163256 89976 141042 142499 224408 164573 150483 160511 200373 123367 117764 192641 163396 108212 193454 129361 135188 93057 139110 68042 115551 117288 104178 187935 125748

50320 46673 57109 60151 29943 53921 66703 53124 27725 37172 40919 45381 48057 62039 52583 39050 40589 46994 38262 53765 35074 58814 42605 65905 40553 53307 45922 46572 49175 75966 59473 49220 61003 63303 49184 38958 60774 51227 25572 61352 42752 37291 34927 59519 38748 21302 24143 50567 59235 45803

13547 12443 15576 16502 7348 14610 18481 14368 6676 9565 10672 12024 12834 17069 14205 10134 10572 12512 9867 15145 8902 16103 11183 18240 10561 14424 14940 12384 13172 21287 16292 13186 16755 17451 13197 10078 16686 13794 8777 16860 11227 9573 9046 16305 12767 8172 5591 17640 16219 12151

1568 1572 2542 3371 2975 2287 3928 3020 3140 2117 2205 2361 2682 2911 1756 1983 2142 2611 2713 1300 2927 2073 2174 3115 1857 2517 2006 2297 2064 3788 2435 2239 2318 3664 1740 2179 3495 2856 3556 3292 2072 2483 2603 1850 2678 3717 4040 1087 3300 1792

101089 81178 34056 14036 101528 37057 34221 24448 114155 85625 31329 21905 20807 29883 69009 86632 50983 27212 57059 102699 66392 74352 23899 44780 51935 25656 147937 26114 42986 64873 50343 31915 56510 23076 66429 57791 18025 17622 155129 16909 36673 53106 114118 82825 155275 148907 131888 119151 11949 63080

7969 4856 7095 9693 10916 5941 11999 7886 12864 7029 4190 4847 6351 8766 4903 6421 3907 6030 6493 8552 7464 6801 4001 9570 2614 6560 14979 4498 4503 12617 7978 5294 7448 10753 3124 4073 9987 7090 17673 9684 3335 5450 10694 6998 17196 18323 15742 11047 9376 2000

0 1 18765
0 3 69276
0 4 61920
0 5 69073
0 7 16848
0 9 66410
0 10 27020
0 11 11828
0 12 36414
0 13 63679
0 14 57331
0 17 38052
0 19 69727
0 20 33308
0 22 68940
0 23 43010
0 24 36453
0 25 51213
0 29 28607
0 30 46865
0 31 37615
0 32 39773
0 33 39553
0 35 38427
0 36 35042
0 39 19433
0 40 60488
0 42 69850
0 43 31744
0 45 36761
0 47 11798
0 48 25479
1 2 53094
1 4 29434
1 5 21589
1 6 65218
1 7 21552
1 8 51646
1 9 60776
1 10 56519
1 12 56370
1 14 66609
1 15 62312
1 16 55524
1 17 48869
1 18 55478
1 21 44400
1 23 55989
1 24 14726
1 26 32421
1 28 23198
1 29 54145
1 31 16867
1 36 58265
1 37 29563
1 40 58883
1 41 57757
1 42 60455
1 44 50497
1 45 56544
1 46 10764
1 47 26069
1 48 30191
2 3 25077
2 4 34065
2 5 33263
2 7 21528
2 8 66883
2 9 53250
2 10 13898
2 11 36034
2 12 54276
2 15 24346
2 16 29568
2 17 27517
2 18 15425
2 20 43495
2 22 67560
2 23 65255
2 24 64676
2 25 51995
2 26 68150
2 27 16187
2 28 65418
2 29 28286
2 31 30148
2 32 68922
2 33 23091
2 36 65810
2 38 39305
2 39 68334
2 40 12980
2 42 44008
2 45 21227
2 46 54458
2 47 17445
2 48 17913
2 49 47608
3 4 27014
3 5 22969
3 6 36916
3 7 41539
3 9 67882
3 10 27503
3 11 17952
3 12 59805
3 13 40843
3 15 19114
3 17 63573
3 18 28995
3 19 34353
3 20 10565
3 21 45853
3 23 15959
3 27 15363
3 29 69219
3 30 27537
3 32 40277
3 35 58716
3 39 46695
3 40 54593
3 41 52164
3 42 17739
3 44 60050
3 45 27637
3 46 63531
3 47 38337
3 48 68571
3 49 54302
4 5 33095
4 7 46434
4 8 69296
4 9 48431
4 12 69536
4 13 33364
4 14 57482
4 16 41636
4 17 61402
4 18 47758
4 19 58625
4 21 57197
4 24 28179
4 27 30367
4 28 57551
4 29 45045
4 30 60276
4 31 44850
4 33 32332
4 35 63968
4 36 69461
4 37 42712
4 38 18219
4 39 18797
4 41 27502
4 42 38423
4 43 54106
4 44 47506
4 46 46304
4 47 10371
4 48 57193
4 49 26573
5 9 37874
5 11 33820
5 12 54447
5 17 57099
5 18 58217
5 19 13264
5 20 51744
5 22 64400
5 23 57621
5 24 37929
5 25 60258
5 26 66748
5 27 54700
5 28 35960
5 29 34795
5 30 62848
5 31 63551
5 32 59697
5 33 19544
5 34 47915
5 35 22119
5 36 18231
5 37 59123
5 38 67333
5 40 35262
5 41 36575
5 42 42687
5 44 20014
5 47 63521
5 48 17995
5 49 16821
6 7 46770
6 8 52899
6 9 52852
6 11 61084
6 12 15682
6 13 55299
6 14 16385
6 15 41069
6 17 50108
6 18 25765
6 19 36041
6 23 19278
6 24 44842
6 26 13911
6 27 44443
6 31 31909
6 32 54268
6 33 38167
6 35 69236
6 36 49464
6 37 62838
6 38 39466
6 39 25226
6 40 24793
6 41 26379
6 42 64441
6 44 68353
6 45 38331
6 46 22569
6 49 15075
7 8 51688
7 10 22163
7 11 33259
7 12 58175
7 15 21328
7 16 34743
7 17 44387
7 18 10253
7 20 64141
7 21 42155
7 22 35002
7 23 64511
7 25 45938
7 26 47243
7 28 59406
7 29 42570
7 30 52539
7 31 63299
7 32 46348
7 33 23980
7 34 65177
7 35 49074
7 36 34984
7 37 50243
7 38 42041
7 39 51863
7 40 28621
7 41 48842
7 42 24662
7 43 47596
7 45 20166
7 46 47629
7 49 57886
8 9 14494
8 10 29778
8 12 66488
8 14 46731
8 15 57391
8 16 26288
8 17 23303
8 18 15489
8 19 54722
8 20 41889
8 21 34953
8 22 69302
8 23 39946
8 24 39448
8 25 37712
8 26 54539
8 28 36673
8 29 69883
8 31 44308
8 32 61743
8 33 42413
8 35 24254
8 36 51730
8 39 31775
8 45 23767
8 48 10842
8 49 11332
9 11 29707
9 12 59945
9 13 56330
9 14 44239
9 15 60254
9 16 37068
9 17 31668
9 18 25209
9 20 67736
9 22 53375
9 23 20340
9 24 66525
9 25 43920
9 26 32682
9 28 28742
9 29 64215
9 30 22361
9 31 41159
9 32 24067
9 33 53510
9 34 64025
9 35 23964
9 36 65149
9 37 20678
9 38 41427
9 39 24766
9 40 20572
9 41 48426
9 43 19871
9 44 63893
9 45 31336
9 46 34616
9 49 32864
10 12 31619
10 13 41783
10 14 48528
10 17 41358
10 18 13253
10 19 45920
10 20 32240
10 21 23029
10 22 10569
10 23 37636
10 24 47839
10 25 23791
10 26 26774
10 28 57456
10 29 53825
10 30 13904
10 32 17188
10 34 48546
10 35 65856
10 37 56034
10 38 40132
10 39 30654
10 40 61918
10 41 66229
10 42 53092
10 43 39099
10 44 14870
10 45 33674
10 46 45129
10 47 27248
10 49 34436
11 12 41837
11 13 40152
11 14 50357
11 15 60079
11 16 26071
11 17 10627
11 20 29354
11 21 54714
11 22 15326
11 24 42983
11 25 10292
11 26 19501
11 28 58735
11 29 28344
11 30 67663
11 31 34618
11 33 24697
11 34 60507
11 35 28620
11 38 19338
11 39 14957
11 40 14568
11 41 48365
11 42 69553
11 43 68367
11 44 42549
11 45 44142
11 46 54770
11 47 11245
12 13 17703
12 15 68211
12 19 22475
12 22 35303
12 23 66026
12 24 66709
12 25 28678
12 27 37579
12 28 25129
12 30 56196
12 32 28233
12 33 33596
12 34 31637
12 36 60222
12 37 69947
12 38 42945
12 39 42833
12 40 30992
12 41 24620
12 42 47142
12 43 35483
12 45 56986
12 46 18391
12 49 19152
13 14 38824
13 15 41710
13 17 39013
13 18 52671
13 19 66084
13 20 53498
13 22 50843
13 23 14837
13 25 60839
13 26 52104
13 27 33718
13 28 46461
13 30 63611
13 31 60615
13 32 34287
13 33 59249
13 36 60571
13 38 52539
13 39 17638
13 41 28119
13 42 31297
13 45 10550
13 46 68099
13 47 32019
13 49 25630
14 15 42159
14 16 40902
14 17 13667
14 18 44879
14 20 54234
14 21 34616
14 24 57136
14 25 57669
14 27 38805
14 28 56130
14 29 50914
14 31 18695
14 32 62013
14 33 14801
14 36 56450
14 37 56868
14 38 66146
14 40 67114
14 41 64089
14 43 54871
14 45 40451
14 46 45630
14 48 62897
15 18 29128
15 20 11911
15 22 58361
15 23 43036
15 25 50490
15 26 22206
15 27 22981
15 28 19414
15 29 60608
15 30 14655
15 34 53461
15 36 55054
15 37 37601
15 38 31526
15 39 53184
15 40 40577
15 42 38043
15 43 67572
15 44 39428
15 47 54723
15 48 25786
15 49 61481
16 18 35422
16 19 67331
16 21 28737
16 23 19750
16 26 46314
16 28 63396
16 30 60969
16 31 28067
16 32 26941
16 35 45383
16 36 28897
16 37 34529
16 40 14064
16 41 63302
16 43 13052
16 44 58285
16 47 37404
16 48 17714
17 20 49441
17 22 36794
17 23 39091
17 25 69941
17 27 41265
17 28 39079
17 29 16201
17 31 19253
17 32 39343
17 33 35166
17 34 18997
17 35 37387
17 36 34171
17 37 69152
17 39 62860
17 40 52900
17 42 57244
17 43 45251
17 44 15862
17 45 64042
17 46 64351
17 48 49956
17 49 50503
18 20 10177
18 23 18292
18 24 66042
18 25 46368
18 26 46656
18 27 59099
18 29 22695
18 30 48943
18 31 38121
18 32 65348
18 33 44148
18 34 43031
18 35 12038
18 36 22006
18 38 65257
18 39 63980
18 40 25547
18 42 61915
18 43 10353
18 44 55320
18 45 61439
18 47 40382
18 48 24749
18 49 41022
19 20 54327
19 21 32356
19 24 56789
19 25 12307
19 26 44151
19 27 31947
19 28 69014
19 31 55997
19 32 26908
19 34 61275
19 35 13885
19 36 45390
19 37 44323
19 38 68391
19 39 57070
19 40 49423
19 41 29964
19 42 47972
19 44 20612
19 46 19626
19 48 51213
19 49 64662
20 21 52318
20 22 35749
20 23 65699
20 24 24701
20 25 37021
20 26 18155
20 27 36486
20 28 40474
20 29 47647
20 31 26010
20 32 60736
20 33 34473
20 34 12275
20 35 27927
20 36 18085
20 38 46251
20 39 29505
20 40 20848
20 41 28067
20 42 59973
20 43 15272
20 44 30257
20 46 44256
20 49 29549
21 24 48889
21 26 43168
21 27 51882
21 28 45988
21 29 53719
21 30 12789
21 31 52403
21 32 55140
21 33 69782
21 34 11540
21 35 25215
21 37 14923
21 39 34472
21 40 13852
21 42 59066
21 45 10526
21 46 30848
21 47 30519
21 48 44153
21 49 21448
22 23 22931
22 25 49696
22 26 13887
22 28 20886
22 30 18152
22 31 11686
22 32 19153
22 33 23774
22 34 60979
22 36 37779
22 37 46039
22 38 34879
22 39 26089
22 40 27905
22 42 35400
22 43 17276
22 47 26166
23 24 41455
23 25 12331
23 26 25864
23 27 48535
23 28 57507
23 29 56684
23 30 17316
23 31 20090
23 32 10594
23 33 15131
23 35 60200
23 36 21739
23 37 17981
23 38 69050
23 40 62228
23 43 43113
23 44 47391
23 46 34898
23 47 23839
23 48 24335
24 25 24093
24 26 25585
24 27 34853
24 28 55776
24 29 19775
24 30 36264
24 31 61358
24 32 19095
24 33 59571
24 35 32685
24 36 14592
24 37 19348
24 38 51352
24 39 16990
24 42 56132
24 43 43813
24 48 51625
24 49 12098
25 27 52464
25 29 42035
25 32 15899
25 33 51758
25 34 55077
25 35 61139
25 37 38785
25 38 27633
25 39 30462
25 40 12681
25 41 36825
25 43 56617
25 44 52659
25 46 46829
25 47 54169
25 49 25241
26 27 41790
26 30 42813
26 32 14314
26 33 18288
26 36 67640
26 37 31062
26 38 43342
26 39 57434
26 40 24011
26 42 60840
26 43 56610
26 44 18373
26 47 45203
26 48 43383
26 49 33130
27 28 58683
27 29 49662
27 30 55938
27 32 50765
27 33 19089
27 34 47178
27 35 27120
27 36 64429
27 37 28381
27 38 28876
27 40 67080
27 42 42283
27 43 18520
27 44 63707
27 46 33852
27 47 38671
28 30 56500
28 31 27368
28 32 65259
28 33 37571
28 34 16754
28 35 46288
28 37 41262
28 39 16399
28 41 24919
28 43 41165
28 44 28579
28 48 10707
28 49 40600
29 31 40630
29 34 67094
29 35 66857
29 36 31279
29 38 53989
29 39 57396
29 40 46729
29 41 62389
29 44 36387
29 46 17461
29 47 69251
29 48 37959
29 49 27146
30 31 52452
30 32 19494
30 34 52703
30 35 20267
30 36 16631
30 37 22738
30 38 68647
30 40 61036
30 42 12167
30 44 34359
30 45 52200
30 46 69271
30 47 45009
30 48 31452
30 49 32460
31 32 43361
31 33 60001
31 35 60677
31 36 38675
31 39 39236
31 40 64711
31 43 49231
31 45 69411
31 46 43905
31 48 55266
31 49 50695
32 33 60264
32 34 46089
32 38 15025
32 39 51157
32 40 28475
32 41 60381
32 42 25895
32 43 55568
32 44 18828
32 45 33067
32 47 43324
32 49 28591
33 35 31319
33 36 54059
33 38 68406
33 39 61889
33 40 61316
33 41 34576
33 42 27878
33 44 43773
33 47 39734
33 48 68670
33 49 30167
34 35 43951
34 38 17954
34 39 69075
34 40 68370
34 43 16723
34 45 26121
34 46 20083
34 48 22457
34 49 29699
35 38 10792
35 39 50111
35 40 60394
35 41 19201
35 42 21795
35 43 15589
35 44 55520
35 45 48409
35 47 31484
35 49 47605
36 37 20607
36 38 24179
36 39 42083
36 40 22520
36 42 59665
36 44 56977
36 45 16542
36 47 64690
36 48 46230
36 49 21557
37 39 46552
37 40 51806
37 42 29411
37 45 24020
37 46 25804
37 47 15251
38 39 40530
38 40 28245
38 42 60775
38 43 27627
38 44 60709
38 45 38369
38 46 66214
38 47 23081
38 48 59376
38 49 20136
39 40 22748
39 41 13237
39 43 37488
39 46 28350
39 47 54150
39 49 53439
40 41 68828
40 43 35889
40 44 11607
40 45 19526
40 46 32573
40 47 65905
40 49 31474
41 42 14243
41 46 10021
41 47 42659
41 49 26809
42 43 40504
42 46 47667
42 47 41573
42 48 68941
42 49 46857
43 44 49990
43 45 24079
43 46 33846
43 47 39459
43 48 46617
43 49 64698
44 46 37639
45 46 43870
45 47 17590
45 48 59983
45 49 41653
46 47 58940
46 48 48974
46 49 58768
47 49 12847
