50 50 1225
25000 25000 25000 25000 25000 25000 25000 25000 25000 25000 25000 25000 25000 25000 25000 25000 25000 25000 25000 25000 25000 25000 0 25000 25000 25000 25000 25000 25000 25000 25000 25000 25000 25000 25000 25000 25000 25000 25000 25000 25000 25000 25000 25000 25000 25000 25000 25000 25000 25000
2609 3292 6739 8933 6803 5984 10355 7650 8084 4246 5219 5776 6641 7816 4374 3847 5033 6429 6719 3660 7358 5396 5219 8345 4182 6387 7391 5542 5038 10349 6400 5558 6051 9568 3792 4898 9064 7159 11178 8697 4781 6033 6661 5299 8845 11656 9977 5301 8663 3947

2368 1148 3204 4509 4028 2752 5457 3845 4791 2504 2396 2628 3220 3859 1838 2266 2285 3117 3299 2596 3680 2582 2296 4205 1779 2994 5115 2491 2189 5399 3046 2499 2838 4940 1446 2351 4642 3507 6634 4369 2035 2890 3943 2607 5984 6919 5919 3574 4385 1538

38119 28711 4914 17161 44553 7030 26409 19622 50450 35490 13876 9147 14977 9987 21848 35330 20546 15111 25670 37312 29954 23679 9828 13734 19303 6568 57472 8895 11180 22957 12390 7341 15489 21294 21806 22713 18992 16657 67393 15523 12297 23856 48568 27686 66066 66973 59161 44864 16203 22621

94158 75406 32372 11548 94124 35112 29982 21024 105322 79267 29681 21275 20071 28595 64292 80186 47630 25921 53179 95094 61702 69206 23096 42165 48700 24701 135170 25118 40527 60515 47246 30416 52911 19804 61669 53847 15191 17163 141838 16712 34762 49569 105288 76944 142841 137025 121516 110118 12183 58878

1432 1277 1715 1883 566 1580 2152 1577 838 876 1061 1250 1363 1923 1524 955 1016 1318 949 1655 814 1789 1133 2087 1015 1583 2005 1269 1379 2512 1815 1381 1823 2008 1383 947 1901 1497 1685 1925 1108 908 1169 1798 2040 1600 1240 2003 1836 1237

29389 21549 6421 15994 35203 3514 23701 16197 40108 27663 10383 7483 12332 10627 15840 27251 15232 12444 20193 28704 23757 17769 7029 12654 13919 6260 45474 6253 6966 20326 9090 4947 10956 19446 15805 17035 17517 13730 54202 15093 8371 18684 38375 21102 52622 53852 47354 34986 15197 16483

181956 151443 81972 45118 179349 86890 28499 43134 199791 153664 65767 58805 48555 75277 138615 155294 97584 53176 107361 187467 122469 147325 56998 99391 102384 68433 259515 65619 96429 131920 108338 78565 118381 37594 126439 108605 40319 50569 262507 54213 78328 100962 199791 160389 266358 256048 228497 214099 46244 120958

70158 56137 33391 20160 68960 32030 26544 6370 78353 57158 16770 13571 8861 34044 51550 57907 31390 10985 35882 72690 42824 57376 12741 45125 33595 25346 105796 16702 32220 60071 42892 24339 46527 21820 44649 36454 21085 12128 107171 24366 22542 32942 78353 60248 108940 104203 91544 84928 20704 42130

1719 1555 2020 2186 797 1877 2480 1869 697 1127 1324 1525 1646 2242 1817 1211 1359 1593 1205 1956 1061 2099 1395 2416 1275 1880 1940 1538 1663 2869 2127 1665 2135 2327 1668 1203 2218 1789 1599 2239 1374 1156 1050 2109 1977 1509 1125 2149 2144 1511

1038 879 1459 1709 1024 1320 1995 1402 1305 464 869 1050 1181 1674 1133 546 738 1134 1066 1268 1206 1406 928 1875 768 1323 1950 999 1145 2314 1562 1115 1500 1846 988 667 1736 1318 1983 1748 832 916 1087 1416 1986 2088 1720 1628 1668 837

282030 211282 141015 156813 275986 123980 205925 104130 324205 216434 12638 46089 66146 165880 198300 220212 86408 58178 109075 294806 144106 241573 25277 212999 97536 105504 461992 48149 106122 288418 178793 81738 185456 180442 162789 111960 161484 89774 468792 165811 55499 94239 323380 245901 477721 453818 389938 356556 149807 140603

50691 38013 17684 20961 51754 16554 32069 15322 59686 41572 8429 1231 9073 20938 32781 41335 20566 9254 24295 52228 30058 37595 2463 29549 19775 11074 79235 3830 16712 41956 25571 10170 28589 26227 28724 24385 23131 11333 83247 20927 10350 21854 59166 41335 84557 81009 70500 62387 19673 26656

87703 68425 38207 29484 86090 36375 42477 15319 98955 70203 15832 11526 5185 43485 62653 71210 35513 11563 41561 91111 50906 70496 10371 57448 38482 27377 135275 15741 36631 77569 50998 26021 55891 35788 53362 42330 30731 11599 137529 32581 23565 37602 98735 74362 139911 133534 116492 107586 27615 49972

8994 7014 1953 3076 10270 2400 5044 4089 11525 8342 3428 2289 3530 1217 5553 8308 5162 3558 5938 8844 6878 5947 2434 2672 4897 1741 13134 2275 3283 4634 3544 2352 4204 3955 5544 5623 3465 3423 15131 2520 3406 5551 11125 6799 14963 15041 13379 10451 2868 5718

22109 13806 17181 27575 34163 13983 36054 25399 39559 23393 16297 15828 21148 21809 7310 21709 15513 20779 22678 21463 25368 12569 14621 24038 11931 16866 39913 14091 11169 32479 15843 13360 14375 31372 9640 15974 29250 22701 52897 26598 12776 19787 33563 13114 48346 54681 47531 28374 26698 11815

16807 14001 25640 30561 19556 22905 35602 25154 24505 9679 15763 18421 21255 29433 18478 8135 13451 20437 19232 20868 21699 23300 16271 32126 12619 23236 35094 17533 19253 39867 26303 19556 24957 32986 15933 12196 31041 23680 36455 30709 14579 16581 19881 23476 36497 38302 31816 27205 29842 13261

10299 7390 7031 8472 10011 6048 10492 6305 12559 6963 2542 3918 4743 8551 6856 7119 1531 4415 4164 10825 5152 8788 3062 9992 2712 6068 17458 3782 5031 13093 7754 4593 8294 9443 5401 2666 8664 5714 17692 8842 2599 3101 11362 8989 17709 17551 14924 13365 8184 4483

175305 136474 78453 73100 171987 74683 92515 36644 198000 139301 27445 23562 23034 89311 126332 141375 67935 11423 80376 182317 99603 144881 22846 118038 74042 56173 274079 32233 75211 159433 104768 53383 114834 79433 107218 81959 75663 36305 280374 79396 45918 72233 198000 150423 282712 269592 234531 216209 69254 97680

14104 10872 9452 10186 10309 8668 12441 7754 12529 10040 3542 5082 6005 10597 10274 10214 4313 5638 2061 14718 4237 12438 4123 12767 5635 7817 21789 5177 8073 16239 11122 6723 11726 11267 8646 5230 10401 7099 19186 10594 5350 2795 14964 12662 22071 18497 15556 17561 9863 7618

4719 4738 8597 11897 10320 7583 14113 10500 12031 6905 7254 7875 9152 10064 5467 6371 7005 8870 9277 3656 10130 6729 7312 10878 5869 8497 9506 7622 6695 13554 8172 7390 7707 13238 5406 7151 12428 9845 15675 11583 6547 8360 10130 5845 12180 16314 14559 5847 11614 5613

2204 1718 1581 1691 1302 1463 2030 1326 1635 1593 693 924 1063 1760 1628 1619 733 1008 555 2296 390 1953 780 2079 931 1335 3066 939 1298 2600 1756 1171 1846 1853 1384 871 1722 1227 2673 1752 889 505 2041 1987 3108 2532 2090 2723 1643 1229

33087 23443 23170 37575 50155 19559 48702 36072 57236 36022 26166 23493 30494 29263 14919 33813 25682 30655 35084 31815 38614 11166 22333 29102 20982 23524 56025 21214 17380 40178 17905 20255 15978 42538 17975 26288 39775 32512 74738 35911 21002 31291 49368 15978 67091 77038 67697 40884 36405 20830

29547 21819 12087 14277 30208 10393 19877 9670 34960 23989 3801 2252 5847 14071 19650 23844 11199 6260 13471 30993 16984 22873 0 19319 10703 8017 46945 2293 10145 26881 15889 6157 17728 16757 16158 13513 14856 7665 50147 14257 4959 11984 34713 24051 50189 48040 41634 36675 13492 14897

19258 15154 4883 8660 22473 5240 12851 10822 25140 18677 8930 6798 9435 4715 11943 18148 11947 9496 14265 19106 16203 11616 7106 3553 10898 5631 28226 6684 7117 7725 6509 5973 7911 10537 11924 12593 9496 9405 33421 7486 7881 13444 24198 13429 31946 32615 29081 22522 8227 12293

32600 22120 24063 31410 36263 20115 39682 24603 43406 26098 11050 13644 18976 29538 20197 24684 10012 17796 19495 34493 23056 27157 10541 33424 5270 20594 59259 12362 14845 44597 26668 15282 26495 35297 14936 10622 32488 21866 64743 31379 8099 15669 41636 27879 64804 63420 53958 43640 30250 11650

19133 14415 4124 7502 21736 4258 12148 8180 24693 17191 5611 2952 5851 5337 11613 17111 9697 5918 11525 19369 13673 12852 3268 8547 9073 1634 29479 2801 5623 13172 7620 3075 8745 9583 10952 10784 8420 6693 33190 6967 5560 10615 23935 14794 33148 32667 28750 23156 7022 11361

175156 190444 281463 355282 238383 258749 406770 325852 225170 205569 253234 264755 294457 314332 211356 210756 242970 289434 287742 170788 273327 239639 248102 332568 222222 279224 124051 257875 238875 392519 271962 254436 261534 380835 205405 233251 365874 308872 262243 348348 234998 267212 177231 219819 183947 276549 279934 151733 352989 210046

31417 23339 11056 15023 33379 9282 22113 11424 38298 25597 5582 2430 7436 13292 19279 25460 12766 7551 15708 32571 19387 22351 1601 18629 11698 6794 49650 800 9022 26549 15038 4846 16963 18384 18146 14626 16408 8878 52990 15002 5683 14150 36827 24738 53033 52629 45921 39055 14201 16091

22292 15532 8585 15815 27305 6079 22449 14122 31534 21286 7458 6609 10790 12212 11525 20448 11037 10887 16351 22629 18460 14092 5916 13959 8953 7422 37089 5247 2958 20575 9380 4675 9917 18779 10579 12122 17129 11995 44699 15038 5121 14086 30040 16086 42325 43386 37782 28046 15128 11164

35887 29205 12480 18630 41122 13061 25455 22151 45465 34940 19069 15598 19892 12207 23976 34080 23982 19991 27757 35640 30912 23444 16099 10314 22275 13699 50490 15413 16118 8049 15128 14256 17411 21687 23945 25034 19991 19843 58502 16718 17362 26420 43931 26395 56547 57636 51882 41202 17925 24545

12035 8916 3727 7937 15528 2988 11116 8229 17556 12413 5826 4628 6632 5471 6476 11884 7270 6678 9817 11792 10828 6101 4440 5425 6843 4123 18722 4120 3693 8596 2220 3580 3285 9358 7288 8021 8567 7210 23593 7374 4435 8731 16331 7478 21757 23235 20550 14388 7608 8162

16816 12300 4673 8907 19038 3674 13346 7880 21863 14695 4330 2861 5655 6838 9623 14610 7526 5719 9982 17041 12034 11338 2398 8891 6931 3300 26701 1952 3900 13310 6886 1199 7961 10895 8991 8573 9784 6460 29982 8388 3574 9112 21992 12670 30199 29780 26037 20660 8448 9382

33291 24043 13451 25678 45466 10386 35106 25927 51477 34720 17347 15249 21192 18623 16808 32845 22433 21329 29985 32571 32982 15695 14693 18486 19385 13751 53121 13742 10951 27888 8982 12141 7346 30148 19402 23889 27802 22904 67566 24266 14025 26766 46032 19779 62514 69570 61607 40269 24685 21808

946126 772783 372672 171891 941607 399465 229188 203364 1052973 801673 322800 261306 229995 336196 681269 810550 496143 258078 549405 987768 631719 728398 261790 467575 512606 298912 1361570 298428 451435 644793 516318 354111 575875 130895 640112 556184 145421 201588 1394657 221440 377998 514543 1052973 803126 1415639 1359472 1209370 1121245 178024 610899

11074 6516 9745 14620 17265 8055 18070 12049 20125 11582 7198 7592 9802 12191 5780 10692 6792 9607 10578 11927 12000 8559 6353 13369 4891 8961 21336 7495 5951 17830 10200 7109 9514 16229 3176 7028 15116 10875 27174 14096 5378 9051 16956 8848 24582 28075 24330 15579 14222 4326

15829 11730 12055 14909 14887 10463 18181 11400 18098 9950 5307 7379 8870 14516 10865 10202 3806 8340 7557 17293 9159 13994 5984 16447 4154 10495 26946 6793 8459 21470 13235 8116 13697 16483 8500 2992 15221 10444 27326 15353 4886 5837 17073 14319 27353 27097 22842 21406 14443 7022

260549 211357 97602 40426 259264 105128 73603 59561 291477 219479 83331 65940 56946 87232 185247 222003 132614 73007 147849 269818 171160 198738 65986 124584 137295 76540 378755 76494 119995 174969 138442 92233 155375 45566 173638 149685 32993 48961 388070 54606 99025 137846 290926 219984 394035 378067 335391 310337 42170 165240

137814 108160 60774 37261 137095 58008 63568 27330 156514 113056 30982 20497 15076 61549 97731 114578 60691 24757 69875 142959 83983 109515 20525 84066 63513 44425 209073 26860 58395 114439 80082 42378 87468 46721 85421 70981 39142 10262 214743 41936 40442 63900 156127 117123 218284 208713 182987 167828 34439 80359

45190 41683 54470 59493 29821 51403 65177 52117 27688 32544 40378 44494 47243 59211 47631 34351 38581 46820 37823 48504 35461 53659 42775 64357 39250 51465 40960 44335 48318 73399 57395 46882 55712 61907 44450 37012 59475 50292 21387 60630 40660 36889 30385 54285 34060 23696 24243 45428 59070 41092

22574 17974 7146 4104 23542 8089 8618 6428 26371 19848 7822 5211 5621 5744 15256 19762 12226 7047 13579 22804 15670 16305 5658 9081 11939 5543 32644 6154 9417 13583 10795 6937 12308 6121 14604 13612 4997 4907 35329 2829 8519 12693 26231 18261 35444 34157 30344 26490 3636 14436

80057 56481 38011 53182 85773 30699 70728 39587 100523 63100 15801 16494 27925 49316 49862 62659 25677 26917 44210 82915 51564 61965 10086 58183 22567 30846 133135 13847 23134 81255 43390 19877 47404 61209 39209 31140 55409 33472 142906 53119 5043 36309 95817 63289 143032 141855 122313 103360 50787 35364

58028 43758 39723 42962 45043 36260 52917 32225 54677 40086 13627 20427 24504 44777 41119 40854 14800 22884 13348 60736 18235 50669 16196 54356 20636 32504 91957 20846 31401 69686 44861 27673 47528 47737 33928 18849 43884 29335 84235 44763 19379 8098 61825 51661 93199 81191 68206 73289 41538 29391

11687 10319 16111 18256 9625 14832 20714 15620 8793 7559 11041 12598 13719 17960 12502 7885 9913 13320 12732 13667 11825 14853 11550 19329 10071 15090 13193 12158 13052 23103 16310 14031 15654 19439 11261 9301 18490 14901 14420 18590 10725 11440 5775 15097 13994 15320 12357 14935 17905 9951

19812 14312 16981 25818 30875 14743 32575 23312 35262 22118 16250 16268 19856 20756 9331 20750 16000 19556 21825 17087 24012 9543 14550 20656 13087 17100 32087 14856 12481 27518 13718 14262 12525 28893 11225 16375 27181 21506 46393 24875 13050 19475 30675 7275 38943 47856 42043 22706 25093 12993

107792 115691 168663 190737 120397 157010 210766 169251 113618 103562 131938 144628 153760 185526 134768 109304 122750 150511 145721 113954 138325 149278 136084 193650 124879 163256 89976 141042 142499 224408 164573 150483 160511 200373 123367 117764 192641 163396 108212 193454 129361 135188 93057 139110 68042 115551 117288 104178 187935 125748

50320 46673 57109 60151 29943 53921 66703 53124 27725 37172 40919 45381 48057 62039 52583 39050 40589 46994 38262 53765 35074 58814 42605 65905 40553 53307 45922 46572 49175 75966 59473 49220 61003 63303 49184 38958 60774 51227 25572 61352 42752 37291 34927 59519 38748 21302 24143 50567 59235 45803

13547 12443 15576 16502 7348 14610 18481 14368 6676 9565 10672 12024 12834 17069 14205 10134 10572 12512 9867 15145 8902 16103 11183 18240 10561 14424 14940 12384 13172 21287 16292 13186 16755 17451 13197 10078 16686 13794 8777 16860 11227 9573 9046 16305 12767 8172 5591 17640 16219 12151

1568 1572 2542 3371 2975 2287 3928 3020 3140 2117 2205 2361 2682 2911 1756 1983 2142 2611 2713 1300 2927 2073 2174 3115 1857 2517 2006 2297 2064 3788 2435 2239 2318 3664 1740 2179 3495 2856 3556 3292 2072 2483 2603 1850 2678 3717 4040 1087 3300 1792

101089 81178 34056 14036 101528 37057 34221 24448 114155 85625 31329 21905 20807 29883 69009 86632 50983 27212 57059 102699 66392 74352 23899 44780 51935 25656 147937 26114 42986 64873 50343 31915 56510 23076 66429 57791 18025 17622 155129 16909 36673 53106 114118 82825 155275 148907 131888 119151 11949 63080

7969 4856 7095 9693 10916 5941 11999 7886 12864 7029 4190 4847 6351 8766 4903 6421 3907 6030 6493 8552 7464 6801 4001 9570 2614 6560 14979 4498 4503 12617 7978 5294 7448 10753 3124 4073 9987 7090 17673 9684 3335 5450 10694 6998 17196 18323 15742 11047 9376 2000

23 47 43600
1 22 13312
44 46 26125
45 47 32013
13 27 60593
23 42 54865
21 35 57635
9 33 66169
10 34 15120
15 42 36070
21 24 38360
42 48 19642
3 18 16113
35 36 19573
3 23 41750
17 18 47903
16 39 31933
4 5 10671
5 26 18780
1 25 16947
3 14 16740
11 34 41472
24 38 59174
30 33 46343
6 9 23194
21 30 65677
5 38 56733
29 36 23269
2 44 67559
3 44 33899
9 12 55902
20 23 53302
11 35 37211
8 20 12026
5 25 27457
35 40 39946
2 29 69034
4 21 15091
24 44 48258
22 35 14153
5 34 41161
27 39 16617
12 16 23796
41 49 59417
11 20 38334
40 43 67689
18 29 49462
1 18 60267
2 12 68361
36 44 58242
3 32 67214
18 41 27243
6 7 41857
4 34 68530
29 40 63587
2 5 67194
13 47 64206
25 40 62462
8 13 20463
30 39 13907
24 42 26360
8 37 18507
34 35 69352
21 40 65714
37 43 32676
43 45 26808
27 28 47803
7 37 43853
7 33 31899
8 14 26060
16 22 48006
8 48 15202
7 43 44820
0 34 13944
31 40 16761
15 22 13153
17 23 23776
11 21 56224
4 27 63420
6 27 34279
11 14 56608
21 31 12775
35 47 51522
3 41 28464
9 25 11305
12 41 57251
13 18 25658
8 44 17653
2 39 49713
0 28 48264
17 41 21560
3 37 18215
1 3 68914
25 30 33054
31 39 13929
20 25 31589
19 25 49862
37 46 51732
4 47 65442
1 14 23903
20 40 19934
37 49 55591
32 45 41248
1 2 54754
10 43 11677
27 49 48010
28 29 10050
41 48 37596
1 40 34233
11 24 63470
42 44 61875
17 36 20840
9 23 18388
6 12 43397
28 46 51448
15 48 31836
11 46 42790
23 25 19248
26 31 39489
13 38 22502
9 38 69655
5 7 63193
42 49 30718
20 38 68568
7 25 26246
20 26 46790
12 43 42299
34 41 18251
41 47 40664
21 47 49884
28 31 32154
41 43 50598
20 27 47617
14 32 63403
14 43 47494
33 41 61437
20 35 53555
3 30 47544
0 1 29033
9 10 17787
0 41 53157
19 27 20907
35 43 40770
20 45 61545
0 10 66447
14 29 34360
7 18 23380
5 18 39237
15 27 43608
0 42 65012
24 37 63882
21 49 55405
5 46 58204
5 6 36742
16 20 53972
22 37 26593
17 22 13531
6 19 38414
10 48 34844
43 46 56338
21 23 18297
24 30 56998
14 36 36935
12 20 68057
14 16 62543
6 8 14429
43 47 59493
6 18 46097
27 31 51973
2 34 18525
4 20 66027
14 20 35129
47 48 41576
12 42 48940
14 27 38816
11 38 38022
26 36 13299
32 37 64339
15 25 19401
14 46 59051
25 45 59351
20 42 13283
3 10 44455
2 36 47554
1 31 40025
19 22 40570
5 21 64147
44 45 55700
10 44 68984
20 48 28990
8 36 42037
18 19 29423
0 3 28131
37 41 21115
34 49 27479
11 26 32816
22 26 37687
1 24 29114
20 46 21056
3 7 31802
23 29 37640
46 49 29225
18 24 69075
4 45 21358
14 18 20307
8 19 37890
16 33 61523
4 14 35750
7 46 32229
6 23 10924
7 28 24800
30 44 33722
40 46 26350
18 43 11397
14 22 11275
40 45 68518
7 13 41967
19 36 17565
7 8 54217
1 17 53093
20 47 48698
32 38 38397
5 39 12515
3 16 18971
1 4 61655
33 37 42137
29 42 53931
14 45 29341
37 47 61252
25 32 64987
21 36 51143
29 49 41034
10 12 36354
16 32 50217
23 37 52392
20 29 46662
23 34 30250
0 44 43914
4 41 12411
38 40 64622
8 49 56981
7 9 39354
8 15 28343
7 32 25473
2 7 40751
28 43 41761
2 26 23991
23 49 24861
15 24 49326
9 14 20350
32 42 67954
17 26 40167
15 47 48747
1 15 22612
6 45 49138
45 46 52544
1 27 66892
9 41 33068
9 35 11884
29 46 58143
1 36 40197
34 38 65171
7 19 29176
5 36 66552
46 47 45387
3 28 23710
9 20 55356
18 31 17779
13 43 69768
14 26 57767
6 11 12400
25 43 68891
14 30 27120
33 36 42886
1 41 24364
20 43 10013
6 41 14647
15 29 38355
25 44 24874
7 16 53973
8 10 48705
13 20 34971
16 42 24139
18 48 39595
4 25 59726
2 20 15420
34 40 22138
8 21 56617
0 26 38488
7 35 36166
19 26 44760
14 23 20828
29 31 31336
19 47 16078
10 17 17379
17 19 66723
12 40 29789
0 14 62735
7 12 26645
12 24 41699
24 46 62644
7 27 29045
3 27 40589
12 25 31906
5 23 14074
8 32 54953
5 9 31919
8 9 18721
2 21 23307
24 29 58937
4 28 62694
31 49 14155
36 48 23907
13 45 28976
32 41 43750
1 23 25775
20 24 46539
22 45 68031
9 40 12391
1 47 27169
19 21 34196
5 37 59294
22 43 37997
2 22 55532
13 41 17515
27 29 57519
8 35 64398
14 42 37304
3 26 62396
4 49 21042
4 42 69003
5 35 55039
1 9 52230
18 37 39591
22 31 16944
19 33 56304
19 31 36687
6 22 38864
12 23 65025
12 37 49994
4 39 27800
23 30 69862
24 27 54149
28 44 53850
26 40 40980
6 46 40041
7 47 69625
0 17 29661
2 14 50215
40 47 24158
4 44 46830
30 36 14410
18 25 25595
7 49 14827
9 47 12085
18 26 33110
8 28 14488
11 32 18625
19 49 60414
30 35 66885
15 32 29667
29 41 11558
8 23 51923
46 48 24039
15 34 53292
1 8 11010
30 42 22486
19 20 19978
2 33 39874
27 32 29653
36 49 12115
0 22 69817
42 46 41657
17 49 68407
2 9 65809
33 47 24779
0 12 50591
39 43 17575
19 44 44440
22 39 30805
6 17 31733
4 32 21270
18 36 47358
2 43 47328
21 34 38240
24 48 61586
23 48 10437
1 34 42728
9 19 10210
13 28 12993
27 40 39612
30 40 42020
9 15 26694
21 22 33678
24 33 56060
12 34 22129
9 46 34688
10 47 20688
27 37 32107
21 25 16704
13 39 52484
13 24 46365
23 32 28663
8 31 24141
12 27 44772
10 49 24471
13 49 38920
10 39 25362
8 47 32046
18 49 25503
7 30 58310
4 33 65922
2 15 36773
18 42 35667
31 48 55393
4 48 17155
4 10 39396
15 35 67973
18 20 62026
14 19 39606
5 13 10966
9 26 43781
6 49 11626
13 37 39803
19 30 67459
12 15 69829
26 32 51932
36 41 44289
32 33 20516
4 29 26182
24 43 50993
34 48 63000
14 25 62547
7 42 21798
11 36 29283
30 47 49461
10 21 36269
9 34 10346
8 41 16965
11 22 10457
4 38 25849
8 30 65275
11 49 18521
7 21 64765
28 30 43085
31 45 63914
1 12 11919
18 40 12480
16 19 61887
8 26 16087
26 45 42086
10 19 14995
7 22 49868
19 46 55855
19 39 56941
16 25 47326
15 19 55683
33 38 38873
6 33 33757
31 43 18341
26 33 67198
1 16 14749
28 38 11341
16 45 11886
16 49 38690
3 4 42767
1 35 51348
9 39 17101
25 34 43113
39 44 58313
35 42 17558
3 20 58962
23 28 65731
13 17 26080
2 10 65869
22 30 50958
20 36 32136
12 17 67788
7 31 53438
24 26 24022
14 38 13875
27 30 37666
0 27 41160
13 44 53743
4 46 23521
11 17 28101
19 43 43212
7 39 21346
8 34 69117
39 47 66969
22 23 29688
13 14 66314
1 6 23861
8 45 43172
42 43 68200
20 32 52551
12 31 15938
45 48 61690
5 47 59653
19 42 49052
25 31 50003
7 40 19353
10 15 50156
1 48 57876
23 26 47576
31 37 46025
21 27 38833
16 28 69713
2 48 55955
17 29 34413
14 31 35877
26 35 11972
22 48 62079
44 49 19180
15 49 67859
3 45 27742
29 30 37281
24 36 53213
42 45 39089
5 14 48540
29 43 50181
11 39 58777
17 24 44853
11 15 16184
3 25 44091
3 42 55195
11 16 10878
22 33 50029
4 16 46885
4 8 60531
31 34 41223
28 37 39030
31 41 22026
2 41 33522
7 17 26905
40 44 11745
33 43 21689
41 46 67881
17 31 11457
7 14 67644
25 26 32293
5 30 49477
8 33 21759
32 47 36514
27 44 10799
6 32 31760
39 46 54257
0 49 50223
17 43 14972
15 41 23345
5 49 28762
12 35 67296
8 29 24264
5 28 15757
5 20 13480
17 30 10497
11 12 60953
11 33 14358
33 48 50526
36 42 37837
24 40 17031
3 5 33892
6 38 19009
20 39 41200
2 3 69557
22 32 48057
23 46 42945
35 38 21245
18 28 45937
1 21 56545
28 35 31031
22 40 20372
5 41 48165
43 48 42790
0 18 46886
26 30 48964
29 32 64550
30 32 31142
11 48 29187
16 30 69522
13 36 56630
16 44 60092
34 46 18960
0 6 23036
27 48 65850
28 41 22440
33 39 23533
29 33 56802
7 24 38941
18 23 16202
8 12 36781
22 27 45972
1 7 52237
5 11 45790
0 32 17171
6 29 51793
26 43 35989
13 21 62260
1 44 63038
34 39 11925
35 39 48804
12 48 24068
0 20 34440
17 48 26968
10 45 69002
4 15 11325
31 32 18075
4 19 15693
6 43 44611
26 41 37262
2 17 27358
19 48 31240
13 15 27353
1 29 36318
35 48 56420
24 45 35345
10 23 48758
35 41 22095
4 37 22146
0 35 17698
19 38 28297
20 37 61070
3 31 65813
22 29 10533
6 35 36859
17 25 25126
13 48 52326
0 48 62848
9 45 17385
34 37 45363
2 30 16915
47 49 68333
6 30 11574
17 37 41355
1 30 25300
40 48 10575
39 41 54824
24 32 33375
28 40 16268
1 43 29434
31 42 12779
23 38 33626
20 34 62817
2 25 42276
22 41 12086
15 30 49236
13 32 67621
8 38 50844
16 36 61332
5 22 31910
15 36 10684
9 31 31771
18 34 22979
10 36 66497
4 12 32305
40 49 49839
16 41 33766
21 43 26773
9 37 54829
18 35 41151
25 36 14279
16 34 13887
34 47 39483
4 22 15853
26 48 57385
38 45 66927
25 27 28571
3 38 42208
0 5 30301
1 49 46982
27 47 61642
38 43 45224
4 6 22751
23 35 54459
3 49 17499
40 42 24837
14 44 45837
17 33 27262
39 48 17824
12 46 49311
18 44 49172
10 27 18508
0 31 11082
16 24 62152
2 27 27148
24 31 45530
27 34 54133
2 32 50914
37 44 62303
7 45 38961
10 46 34207
36 38 66582
5 48 54991
25 49 63691
1 28 24577
3 15 42376
23 27 12759
38 44 43148
44 47 14583
24 34 45203
16 43 32273
35 44 18368
12 38 20426
21 29 57167
17 40 14969
30 41 40068
26 37 12003
7 38 50806
11 29 57331
6 26 31970
7 29 42260
39 42 36502
1 5 40479
28 32 43342
3 39 28653
22 34 57627
38 41 18871
35 49 12785
2 37 50683
25 33 11173
23 33 53890
10 11 14889
32 40 19898
37 40 51023
0 29 68580
26 28 34475
5 33 23398
1 26 23481
4 13 19766
6 40 40125
9 27 58685
10 38 54182
38 39 60636
32 39 69111
15 38 41348
15 45 65605
11 37 51322
15 28 55494
34 44 58553
11 44 38652
10 22 17464
17 46 30812
9 22 65154
28 45 60086
25 35 16296
2 4 35950
0 40 59855
7 48 25167
15 33 50878
30 43 40537
41 45 38484
25 38 46910
24 47 45426
13 34 48382
32 35 27933
14 39 56149
4 40 24999
1 13 41331
7 36 69630
38 47 46908
39 40 23598
17 34 58314
44 48 31089
22 44 14233
19 29 69568
20 41 14579
26 46 21980
19 40 50889
6 14 60074
2 23 22676
10 24 31683
36 46 19680
23 40 43488
2 38 38979
7 41 69766
6 10 61928
31 33 64929
15 26 59620
23 24 29237
8 18 57950
29 45 42299
36 45 57721
13 22 34859
8 17 17724
13 31 48245
8 46 64935
34 36 16015
3 48 15387
27 45 48409
10 28 15645
10 41 52295
13 46 62007
16 48 16101
33 49 13384
7 23 18383
15 20 27811
16 21 30106
18 46 30363
25 41 20842
11 40 20179
0 30 55182
22 28 42525
1 19 42002
15 23 40813
3 21 11504
12 29 41767
11 18 32740
45 49 18575
10 32 43529
33 34 51977
19 41 66525
27 35 15827
26 39 51841
25 37 43527
18 22 35695
30 46 30085
20 30 38461
13 33 41710
10 26 47615
11 28 16869
32 34 59498
3 17 29910
6 16 21019
41 44 17742
9 32 45437
27 33 29402
15 43 35553
20 44 65543
35 46 61908
16 46 46396
38 49 27865
28 36 59233
41 42 18920
26 49 59867
31 35 30045
4 9 32567
12 13 43777
30 38 52785
23 45 41143
3 29 17305
29 44 46904
12 33 49810
1 37 35276
10 18 28744
27 41 35479
9 11 60971
27 36 60973
20 22 16083
6 44 44823
26 42 38587
34 45 22952
29 48 34321
6 13 58497
17 35 46114
2 19 42063
32 44 46076
31 36 17658
6 48 19758
1 45 53762
10 37 21709
20 49 56154
13 35 11626
21 37 10941
10 16 17217
2 49 61493
9 44 30986
21 38 39784
8 27 35269
18 45 25913
3 12 23069
3 47 54718
8 22 62817
0 19 62880
9 30 19993
43 49 33704
8 43 40501
14 49 23106
7 11 24676
13 16 46584
15 21 10071
0 45 53263
13 30 11679
36 37 46535
9 36 53903
0 47 47793
7 15 30740
0 16 29978
12 39 55452
29 34 40499
0 8 25882
11 27 19303
25 29 38795
0 25 27508
1 42 32387
9 13 46012
34 42 31144
3 33 53373
21 26 27939
24 25 68556
0 36 21428
36 40 41008
19 37 53273
17 38 26387
4 43 46030
3 6 15408
18 47 50091
12 28 16531
37 38 40657
3 24 64767
12 21 53115
9 49 52872
10 20 60173
11 43 54794
15 16 29406
5 24 56218
19 24 32587
1 38 50147
10 35 28338
19 34 30181
17 20 20645
6 20 44221
0 2 51627
6 28 49440
11 47 61729
26 29 14013
4 24 37595
5 43 35015
21 45 69529
12 18 55534
13 40 33571
0 43 20956
18 39 38684
30 34 28986
3 34 49486
8 16 14714
9 28 46538
30 31 29577
12 32 33388
29 35 29337
19 23 36486
24 39 16502
3 46 12208
16 18 38801
4 35 61297
8 40 31615
10 40 25018
21 42 36026
28 33 11761
33 44 43357
29 38 68350
21 39 34549
35 45 17577
14 15 49976
33 45 26131
4 31 21448
6 25 53989
37 45 65869
15 39 46464
2 46 65660
7 20 63545
1 33 22177
34 43 16615
1 11 32229
17 27 41163
26 47 68244
0 9 49086
11 23 29843
3 8 27820
2 16 12473
32 36 49181
18 27 66450
19 45 18975
36 39 63532
32 46 35250
32 48 22414
28 49 25146
0 13 62412
7 44 60583
31 47 39050
0 23 35768
8 11 58932
3 13 15741
2 31 55488
0 39 51050
13 29 44016
22 46 66936
26 34 47181
6 31 39884
5 10 55542
15 46 42840
22 25 33429
19 32 67719
13 19 61598
19 28 67801
6 21 51025
38 42 59842
9 21 59029
14 28 23010
27 38 29804
21 46 61502
25 47 62191
16 17 38396
16 23 22619
6 39 55723
0 21 15789
2 35 47177
35 37 23011
8 25 68201
33 40 37759
26 44 64205
14 47 46111
16 31 38834
0 38 69946
12 30 31598
3 22 32026
5 32 56104
0 33 40676
2 24 69208
4 7 25988
30 48 26218
17 39 54190
10 33 61560
31 46 36079
21 33 57931
39 49 11502
18 21 17103
2 47 59915
21 28 60531
22 47 30114
18 33 19718
13 42 52032
14 24 34447
2 42 60258
2 45 16793
37 39 32312
25 48 66047
14 41 53970
5 45 57467
17 45 16389
27 46 33872
11 42 51671
15 44 52500
14 17 62706
2 18 63759
10 42 14097
10 30 24731
23 41 49863
10 31 56916
28 39 36081
7 34 17993
28 47 13133
4 11 32414
5 27 21695
5 44 51356
6 47 20344
14 48 23197
40 41 58459
21 48 10258
27 43 13727
8 39 30715
17 32 32119
4 26 67902
3 40 67306
0 37 22376
29 37 14694
31 44 41760
8 42 30565
2 8 58665
12 45 41369
18 32 36954
33 42 22536
2 28 35182
33 46 19453
12 47 27384
30 49 28941
12 44 35693
6 37 54258
12 36 20946
0 4 34752
11 25 20339
25 39 41082
48 49 37885
6 36 54896
32 43 52777
16 35 19240
20 31 65240
16 37 65974
16 40 19842
5 16 17640
29 39 69701
21 41 52700
5 17 51902
14 34 67602
13 26 62148
3 36 16421
5 15 24438
22 42 46051
4 23 36986
15 17 25245
6 24 17419
30 45 16083
38 46 49924
17 47 42602
1 20 37679
25 46 67308
15 37 13685
28 42 15515
20 28 51566
36 43 36774
16 27 40267
38 48 14047
3 43 67856
14 33 20294
9 17 11085
4 18 50632
6 15 29535
11 45 66325
9 43 58748
0 46 51520
30 37 26107
4 30 58448
23 43 46362
23 39 68009
11 31 68192
5 42 50653
36 47 14429
16 29 34772
5 29 26703
22 36 53559
2 6 50018
15 18 46265
12 14 59642
37 42 29941
6 42 18866
0 7 27320
3 11 27249
25 42 34694
19 35 32835
37 48 20957
23 31 61468
6 34 63102
9 18 37147
21 32 59323
1 39 13396
27 42 38232
5 31 52097
5 19 45074
11 41 46699
21 44 40844
3 19 38736
28 48 62806
32 49 41434
18 30 27240
22 38 12956
23 44 51768
7 10 20035
0 11 17386
4 17 16540
1 32 36738
7 26 60945
22 24 56558
20 21 25146
42 47 62729
28 34 16498
14 37 34012
17 21 20048
33 35 45890
16 47 10849
43 44 55027
24 35 56847
31 38 62317
14 40 60271
9 16 36136
0 15 63783
9 24 63667
26 27 64368
3 35 45879
11 13 50883
22 49 53209
29 47 16723
1 46 31761
10 29 46014
10 14 60300
12 49 49002
17 28 61114
9 48 42068
18 38 59037
10 25 68500
39 45 48608
5 8 37918
24 28 11586
23 36 35165
12 22 53064
14 35 64315
11 19 53806
2 40 29218
0 24 26505
16 38 29696
9 42 30067
13 23 11531
17 42 16542
15 40 34527
3 9 61803
5 12 54822
15 31 28309
11 30 67612
20 33 49189
1 10 64188
12 26 60638
13 25 44541
5 40 23053
2 11 22398
16 26 20554
8 24 13353
24 49 13542
26 38 11667
25 28 57564
12 19 62580
10 13 22309
2 13 36171
17 44 42640
24 41 36038
14 21 13478
4 36 37846
9 29 42495
