50 50 1101
25000 25000 25000 25000 25000 25000 25000 25000 25000 25000 25000 25000 25000 25000 25000 25000 25000 25000 25000 25000 25000 25000 0 25000 25000 25000 25000 25000 25000 25000 25000 25000 25000 25000 25000 25000 25000 25000 25000 25000 25000 25000 25000 25000 25000 25000 25000 25000 25000 25000
2609 3292 6739 8933 6803 5984 10355 7650 8084 4246 5219 5776 6641 7816 4374 3847 5033 6429 6719 3660 7358 5396 5219 8345 4182 6387 7391 5542 5038 10349 6400 5558 6051 9568 3792 4898 9064 7159 11178 8697 4781 6033 6661 5299 8845 11656 9977 5301 8663 3947

2368 1148 3204 4509 4028 2752 5457 3845 4791 2504 2396 2628 3220 3859 1838 2266 2285 3117 3299 2596 3680 2582 2296 4205 1779 2994 5115 2491 2189 5399 3046 2499 2838 4940 1446 2351 4642 3507 6634 4369 2035 2890 3943 2607 5984 6919 5919 3574 4385 1538

38119 28711 4914 17161 44553 7030 26409 19622 50450 35490 13876 9147 14977 9987 21848 35330 20546 15111 25670 37312 29954 23679 9828 13734 19303 6568 57472 8895 11180 22957 12390 7341 15489 21294 21806 22713 18992 16657 67393 15523 12297 23856 48568 27686 66066 66973 59161 44864 16203 22621

94158 75406 32372 11548 94124 35112 29982 21024 105322 79267 29681 21275 20071 28595 64292 80186 47630 25921 53179 95094 61702 69206 23096 42165 48700 24701 135170 25118 40527 60515 47246 30416 52911 19804 61669 53847 15191 17163 141838 16712 34762 49569 105288 76944 142841 137025 121516 110118 12183 58878

1432 1277 1715 1883 566 1580 2152 1577 838 876 1061 1250 1363 1923 1524 955 1016 1318 949 1655 814 1789 1133 2087 1015 1583 2005 1269 1379 2512 1815 1381 1823 2008 1383 947 1901 1497 1685 1925 1108 908 1169 1798 2040 1600 1240 2003 1836 1237

29389 21549 6421 15994 35203 3514 23701 16197 40108 27663 10383 7483 12332 10627 15840 27251 15232 12444 20193 28704 23757 17769 7029 12654 13919 6260 45474 6253 6966 20326 9090 4947 10956 19446 15805 17035 17517 13730 54202 15093 8371 18684 38375 21102 52622 53852 47354 34986 15197 16483

181956 151443 81972 45118 179349 86890 28499 43134 199791 153664 65767 58805 48555 75277 138615 155294 97584 53176 107361 187467 122469 147325 56998 99391 102384 68433 259515 65619 96429 131920 108338 78565 118381 37594 126439 108605 40319 50569 262507 54213 78328 100962 199791 160389 266358 256048 228497 214099 46244 120958

70158 56137 33391 20160 68960 32030 26544 6370 78353 57158 16770 13571 8861 34044 51550 57907 31390 10985 35882 72690 42824 57376 12741 45125 33595 25346 105796 16702 32220 60071 42892 24339 46527 21820 44649 36454 21085 12128 107171 24366 22542 32942 78353 60248 108940 104203 91544 84928 20704 42130

1719 1555 2020 2186 797 1877 2480 1869 697 1127 1324 1525 1646 2242 1817 1211 1359 1593 1205 1956 1061 2099 1395 2416 1275 1880 1940 1538 1663 2869 2127 1665 2135 2327 1668 1203 2218 1789 1599 2239 1374 1156 1050 2109 1977 1509 1125 2149 2144 1511

1038 879 1459 1709 1024 1320 1995 1402 1305 464 869 1050 1181 1674 1133 546 738 1134 1066 1268 1206 1406 928 1875 768 1323 1950 999 1145 2314 1562 1115 1500 1846 988 667 1736 1318 1983 1748 832 916 1087 1416 1986 2088 1720 1628 1668 837

282030 211282 141015 156813 275986 123980 205925 104130 324205 216434 12638 46089 66146 165880 198300 220212 86408 58178 109075 294806 144106 241573 25277 212999 97536 105504 461992 48149 106122 288418 178793 81738 185456 180442 162789 111960 161484 89774 468792 165811 55499 94239 323380 245901 477721 453818 389938 356556 149807 140603

50691 38013 17684 20961 51754 16554 32069 15322 59686 41572 8429 1231 9073 20938 32781 41335 20566 9254 24295 52228 30058 37595 2463 29549 19775 11074 79235 3830 16712 41956 25571 10170 28589 26227 28724 24385 23131 11333 83247 20927 10350 21854 59166 41335 84557 81009 70500 62387 19673 26656

87703 68425 38207 29484 86090 36375 42477 15319 98955 70203 15832 11526 5185 43485 62653 71210 35513 11563 41561 91111 50906 70496 10371 57448 38482 27377 135275 15741 36631 77569 50998 26021 55891 35788 53362 42330 30731 11599 137529 32581 23565 37602 98735 74362 139911 133534 116492 107586 27615 49972

8994 7014 1953 3076 10270 2400 5044 4089 11525 8342 3428 2289 3530 1217 5553 8308 5162 3558 5938 8844 6878 5947 2434 2672 4897 1741 13134 2275 3283 4634 3544 2352 4204 3955 5544 5623 3465 3423 15131 2520 3406 5551 11125 6799 14963 15041 13379 10451 2868 5718

22109 13806 17181 27575 34163 13983 36054 25399 39559 23393 16297 15828 21148 21809 7310 21709 15513 20779 22678 21463 25368 12569 14621 24038 11931 16866 39913 14091 11169 32479 15843 13360 14375 31372 9640 15974 29250 22701 52897 26598 12776 19787 33563 13114 48346 54681 47531 28374 26698 11815

16807 14001 25640 30561 19556 22905 35602 25154 24505 9679 15763 18421 21255 29433 18478 8135 13451 20437 19232 20868 21699 23300 16271 32126 12619 23236 35094 17533 19253 39867 26303 19556 24957 32986 15933 12196 31041 23680 36455 30709 14579 16581 19881 23476 36497 38302 31816 27205 29842 13261

10299 7390 7031 8472 10011 6048 10492 6305 12559 6963 2542 3918 4743 8551 6856 7119 1531 4415 4164 10825 5152 8788 3062 9992 2712 6068 17458 3782 5031 13093 7754 4593 8294 9443 5401 2666 8664 5714 17692 8842 2599 3101 11362 8989 17709 17551 14924 13365 8184 4483

175305 136474 78453 73100 171987 74683 92515 36644 198000 139301 27445 23562 23034 89311 126332 141375 67935 11423 80376 182317 99603 144881 22846 118038 74042 56173 274079 32233 75211 159433 104768 53383 114834 79433 107218 81959 75663 36305 280374 79396 45918 72233 198000 150423 282712 269592 234531 216209 69254 97680

14104 10872 9452 10186 10309 8668 12441 7754 12529 10040 3542 5082 6005 10597 10274 10214 4313 5638 2061 14718 4237 12438 4123 12767 5635 7817 21789 5177 8073 16239 11122 6723 11726 11267 8646 5230 10401 7099 19186 10594 5350 2795 14964 12662 22071 18497 15556 17561 9863 7618

4719 4738 8597 11897 10320 7583 14113 10500 12031 6905 7254 7875 9152 10064 5467 6371 7005 8870 9277 3656 10130 6729 7312 10878 5869 8497 9506 7622 6695 13554 8172 7390 7707 13238 5406 7151 12428 9845 15675 11583 6547 8360 10130 5845 12180 16314 14559 5847 11614 5613

2204 1718 1581 1691 1302 1463 2030 1326 1635 1593 693 924 1063 1760 1628 1619 733 1008 555 2296 390 1953 780 2079 931 1335 3066 939 1298 2600 1756 1171 1846 1853 1384 871 1722 1227 2673 1752 889 505 2041 1987 3108 2532 2090 2723 1643 1229

33087 23443 23170 37575 50155 19559 48702 36072 57236 36022 26166 23493 30494 29263 14919 33813 25682 30655 35084 31815 38614 11166 22333 29102 20982 23524 56025 21214 17380 40178 17905 20255 15978 42538 17975 26288 39775 32512 74738 35911 21002 31291 49368 15978 67091 77038 67697 40884 36405 20830

29547 21819 12087 14277 30208 10393 19877 9670 34960 23989 3801 2252 5847 14071 19650 23844 11199 6260 13471 30993 16984 22873 0 19319 10703 8017 46945 2293 10145 26881 15889 6157 17728 16757 16158 13513 14856 7665 50147 14257 4959 11984 34713 24051 50189 48040 41634 36675 13492 14897

19258 15154 4883 8660 22473 5240 12851 10822 25140 18677 8930 6798 9435 4715 11943 18148 11947 9496 14265 19106 16203 11616 7106 3553 10898 5631 28226 6684 7117 7725 6509 5973 7911 10537 11924 12593 9496 9405 33421 7486 7881 13444 24198 13429 31946 32615 29081 22522 8227 12293

32600 22120 24063 31410 36263 20115 39682 24603 43406 26098 11050 13644 18976 29538 20197 24684 10012 17796 19495 34493 23056 27157 10541 33424 5270 20594 59259 12362 14845 44597 26668 15282 26495 35297 14936 10622 32488 21866 64743 31379 8099 15669 41636 27879 64804 63420 53958 43640 30250 11650

19133 14415 4124 7502 21736 4258 12148 8180 24693 17191 5611 2952 5851 5337 11613 17111 9697 5918 11525 19369 13673 12852 3268 8547 9073 1634 29479 2801 5623 13172 7620 3075 8745 9583 10952 10784 8420 6693 33190 6967 5560 10615 23935 14794 33148 32667 28750 23156 7022 11361

175156 190444 281463 355282 238383 258749 406770 325852 225170 205569 253234 264755 294457 314332 211356 210756 242970 289434 287742 170788 273327 239639 248102 332568 222222 279224 124051 257875 238875 392519 271962 254436 261534 380835 205405 233251 365874 308872 262243 348348 234998 267212 177231 219819 183947 276549 279934 151733 352989 210046

31417 23339 11056 15023 33379 9282 22113 11424 38298 25597 5582 2430 7436 13292 19279 25460 12766 7551 15708 32571 19387 22351 1601 18629 11698 6794 49650 800 9022 26549 15038 4846 16963 18384 18146 14626 16408 8878 52990 15002 5683 14150 36827 24738 53033 52629 45921 39055 14201 16091

22292 15532 8585 15815 27305 6079 22449 14122 31534 21286 7458 6609 10790 12212 11525 20448 11037 10887 16351 22629 18460 14092 5916 13959 8953 7422 37089 5247 2958 20575 9380 4675 9917 18779 10579 12122 17129 11995 44699 15038 5121 14086 30040 16086 42325 43386 37782 28046 15128 11164

35887 29205 12480 18630 41122 13061 25455 22151 45465 34940 19069 15598 19892 12207 23976 34080 23982 19991 27757 35640 30912 23444 16099 10314 22275 13699 50490 15413 16118 8049 15128 14256 17411 21687 23945 25034 19991 19843 58502 16718 17362 26420 43931 26395 56547 57636 51882 41202 17925 24545

12035 8916 3727 7937 15528 2988 11116 8229 17556 12413 5826 4628 6632 5471 6476 11884 7270 6678 9817 11792 10828 6101 4440 5425 6843 4123 18722 4120 3693 8596 2220 3580 3285 9358 7288 8021 8567 7210 23593 7374 4435 8731 16331 7478 21757 23235 20550 14388 7608 8162

16816 12300 4673 8907 19038 3674 13346 7880 21863 14695 4330 2861 5655 6838 9623 14610 7526 5719 9982 17041 12034 11338 2398 8891 6931 3300 26701 1952 3900 13310 6886 1199 7961 10895 8991 8573 9784 6460 29982 8388 3574 9112 21992 12670 30199 29780 26037 20660 8448 9382

33291 24043 13451 25678 45466 10386 35106 25927 51477 34720 17347 15249 21192 18623 16808 32845 22433 21329 29985 32571 32982 15695 14693 18486 19385 13751 53121 13742 10951 27888 8982 12141 7346 30148 19402 23889 27802 22904 67566 24266 14025 26766 46032 19779 62514 69570 61607 40269 24685 21808

946126 772783 372672 171891 941607 399465 229188 203364 1052973 801673 322800 261306 229995 336196 681269 810550 496143 258078 549405 987768 631719 728398 261790 467575 512606 298912 1361570 298428 451435 644793 516318 354111 575875 130895 640112 556184 145421 201588 1394657 221440 377998 514543 1052973 803126 1415639 1359472 1209370 1121245 178024 610899

11074 6516 9745 14620 17265 8055 18070 12049 20125 11582 7198 7592 9802 12191 5780 10692 6792 9607 10578 11927 12000 8559 6353 13369 4891 8961 21336 7495 5951 17830 10200 7109 9514 16229 3176 7028 15116 10875 27174 14096 5378 9051 16956 8848 24582 28075 24330 15579 14222 4326

15829 11730 12055 14909 14887 10463 18181 11400 18098 9950 5307 7379 8870 14516 10865 10202 3806 8340 7557 17293 9159 13994 5984 16447 4154 10495 26946 6793 8459 21470 13235 8116 13697 16483 8500 2992 15221 10444 27326 15353 4886 5837 17073 14319 27353 27097 22842 21406 14443 7022

260549 211357 97602 40426 259264 105128 73603 59561 291477 219479 83331 65940 56946 87232 185247 222003 132614 73007 147849 269818 171160 198738 65986 124584 137295 76540 378755 76494 119995 174969 138442 92233 155375 45566 173638 149685 32993 48961 388070 54606 99025 137846 290926 219984 394035 378067 335391 310337 42170 165240

137814 108160 60774 37261 137095 58008 63568 27330 156514 113056 30982 20497 15076 61549 97731 114578 60691 24757 69875 142959 83983 109515 20525 84066 63513 44425 209073 26860 58395 114439 80082 42378 87468 46721 85421 70981 39142 10262 214743 41936 40442 63900 156127 117123 218284 208713 182987 167828 34439 80359

45190 41683 54470 59493 29821 51403 65177 52117 27688 32544 40378 44494 47243 59211 47631 34351 38581 46820 37823 48504 35461 53659 42775 64357 39250 51465 40960 44335 48318 73399 57395 46882 55712 61907 44450 37012 59475 50292 21387 60630 40660 36889 30385 54285 34060 23696 24243 45428 59070 41092

22574 17974 7146 4104 23542 8089 8618 6428 26371 19848 7822 5211 5621 5744 15256 19762 12226 7047 13579 22804 15670 16305 5658 9081 11939 5543 32644 6154 9417 13583 10795 6937 12308 6121 14604 13612 4997 4907 35329 2829 8519 12693 26231 18261 35444 34157 30344 26490 3636 14436

80057 56481 38011 53182 85773 30699 70728 39587 100523 63100 15801 16494 27925 49316 49862 62659 25677 26917 44210 82915 51564 61965 10086 58183 22567 30846 133135 13847 23134 81255 43390 19877 47404 61209 39209 31140 55409 33472 142906 53119 5043 36309 95817 63289 143032 141855 122313 103360 50787 35364

58028 43758 39723 42962 45043 36260 52917 32225 54677 40086 13627 20427 24504 44777 41119 40854 14800 22884 13348 60736 18235 50669 16196 54356 20636 32504 91957 20846 31401 69686 44861 27673 47528 47737 33928 18849 43884 29335 84235 44763 19379 8098 61825 51661 93199 81191 68206 73289 41538 29391

11687 10319 16111 18256 9625 14832 20714 15620 8793 7559 11041 12598 13719 17960 12502 7885 9913 13320 12732 13667 11825 14853 11550 19329 10071 15090 13193 12158 13052 23103 16310 14031 15654 19439 11261 9301 18490 14901 14420 18590 10725 11440 5775 15097 13994 15320 12357 14935 17905 9951

19812 14312 16981 25818 30875 14743 32575 23312 35262 22118 16250 16268 19856 20756 9331 20750 16000 19556 21825 17087 24012 9543 14550 20656 13087 17100 32087 14856 12481 27518 13718 14262 12525 28893 11225 16375 27181 21506 46393 24875 13050 19475 30675 7275 38943 47856 42043 22706 25093 12993

107792 115691 168663 190737 120397 157010 210766 169251 113618 103562 131938 144628 153760 185526 134768 109304 122750 150511 145721 113954 138325 149278 136084 193650 124879 163256 89976 141042 142499 224408 164573 150483 160511 200373 123367 117764 192641 163396 108212 193454 129361 135188 93057 139110 68042 115551 117288 104178 187935 125748

50320 46673 57109 60151 29943 53921 66703 53124 27725 37172 40919 45381 48057 62039 52583 39050 40589 46994 38262 53765 35074 58814 42605 65905 40553 53307 45922 46572 49175 75966 59473 49220 61003 63303 49184 38958 60774 51227 25572 61352 42752 37291 34927 59519 38748 21302 24143 50567 59235 45803

13547 12443 15576 16502 7348 14610 18481 14368 6676 9565 10672 12024 12834 17069 14205 10134 10572 12512 9867 15145 8902 16103 11183 18240 10561 14424 14940 12384 13172 21287 16292 13186 16755 17451 13197 10078 16686 13794 8777 16860 11227 9573 9046 16305 12767 8172 5591 17640 16219 12151

1568 1572 2542 3371 2975 2287 3928 3020 3140 2117 2205 2361 2682 2911 1756 1983 2142 2611 2713 1300 2927 2073 2174 3115 1857 2517 2006 2297 2064 3788 2435 2239 2318 3664 1740 2179 3495 2856 3556 3292 2072 2483 2603 1850 2678 3717 4040 1087 3300 1792

101089 81178 34056 14036 101528 37057 34221 24448 114155 85625 31329 21905 20807 29883 69009 86632 50983 27212 57059 102699 66392 74352 23899 44780 51935 25656 147937 26114 42986 64873 50343 31915 56510 23076 66429 57791 18025 17622 155129 16909 36673 53106 114118 82825 155275 148907 131888 119151 11949 63080

7969 4856 7095 9693 10916 5941 11999 7886 12864 7029 4190 4847 6351 8766 4903 6421 3907 6030 6493 8552 7464 6801 4001 9570 2614 6560 14979 4498 4503 12617 7978 5294 7448 10753 3124 4073 9987 7090 17673 9684 3335 5450 10694 6998 17196 18323 15742 11047 9376 2000

0 1 18765
0 3 69276
0 4 61920
0 5 69073
0 6 11026
0 7 35860
0 8 66410
0 9 27020
0 10 11828
0 11 36414
0 12 63679
0 13 57331
0 14 24383
0 15 38052
0 17 69727
0 18 33308
0 19 52361
0 20 62071
0 21 44365
0 23 51213
0 24 35235
0 25 45037
0 26 11201
0 27 46093
0 28 52222
0 30 39553
0 31 60723
0 32 36989
0 33 19773
0 34 18127
0 35 36868
0 36 18373
0 37 69850
0 38 31744
0 40 36761
0 41 24278
0 42 40433
0 43 48663
0 44 53094
0 46 29434
0 47 21589
0 48 65218
0 49 21552
1 2 51646
1 3 60776
1 4 56519
1 5 13806
1 6 64591
1 7 66609
1 8 62312
1 9 55524
1 10 48869
1 11 55478
1 13 52716
1 14 13532
1 15 55989
1 16 14726
1 17 11594
1 18 16214
1 19 23198
1 20 54145
1 21 64886
1 22 65995
1 23 13477
1 25 58265
1 26 29563
1 27 60121
1 28 58883
1 29 57757
1 30 60455
1 31 55625
1 32 48343
1 33 28443
1 34 39110
1 35 60314
1 36 10215
1 37 25077
1 38 34065
1 39 33263
1 41 21528
1 42 66883
1 43 53250
1 44 13898
1 45 36034
1 46 54276
1 47 35510
1 48 24346
1 49 29568
2 3 27517
2 4 15425
2 6 43495
2 7 41991
2 8 27356
2 9 35218
2 10 53135
2 11 37911
2 12 35245
2 13 48400
2 14 18573
2 15 49694
2 16 30148
2 17 68922
2 18 23091
2 19 36073
2 20 65810
2 21 59990
2 23 68334
2 24 12980
2 25 38435
2 26 46724
2 27 11919
2 28 22027
2 29 59627
2 30 63032
2 32 47608
2 33 27014
2 34 22969
2 35 36916
2 36 41539
2 37 41880
2 38 14735
2 39 66216
2 40 66835
2 42 40843
2 43 69522
2 44 24108
2 45 63573
2 46 28995
2 47 34353
2 48 10565
2 49 45853
3 5 15959
3 6 43483
3 7 62146
3 8 21732
3 9 69219
3 10 27537
3 12 40277
3 13 23339
3 14 58716
3 15 51348
3 17 46695
3 18 54593
3 19 52164
3 20 17739
3 21 17801
3 22 35033
3 23 50252
3 24 69352
3 25 36765
3 26 22637
3 27 40978
3 28 24579
3 29 46434
3 30 69296
3 31 48431
3 32 46825
3 33 69536
3 34 33364
3 35 57482
3 36 36369
3 37 67505
3 39 47758
3 40 58625
3 41 58050
3 45 28179
3 46 15107
3 47 30367
3 48 57551
3 49 45045
4 5 60276
4 6 44850
4 7 38986
4 8 31096
4 9 63968
4 10 69461
4 11 42712
4 12 18219
4 13 18797
4 14 20243
4 15 12647
4 16 27139
4 17 69388
4 18 34861
4 19 46304
4 20 10371
4 21 57193
4 22 26573
4 24 24022
4 25 37874
4 26 33700
4 27 28040
4 28 42039
4 29 63245
4 30 29794
4 31 29158
4 32 14238
4 33 33958
4 34 38125
4 35 64400
4 36 57621
4 37 37929
4 38 60258
4 39 66748
4 40 54700
4 41 35960
4 42 34795
4 43 62848
4 44 63551
4 45 59697
4 46 19544
4 47 47915
4 48 22119
4 49 18231
5 6 59123
5 7 67333
5 9 35262
5 10 36575
5 11 42687
5 12 16775
5 13 43168
5 14 44809
5 15 54376
5 17 16821
5 18 46770
5 19 52899
5 20 52852
5 21 26559
5 22 57966
5 23 40068
5 24 28778
5 25 56914
5 26 42960
5 27 50108
5 28 25765
5 29 36041
5 30 34931
5 31 38021
5 32 52986
5 33 53322
5 34 13911
5 35 44443
5 36 67591
5 38 31909
5 39 54268
5 40 38167
5 41 40475
5 42 69965
5 43 49344
5 44 41581
5 45 28879
5 46 40749
5 47 53247
5 48 67779
5 49 69701
6 7 68353
6 8 38331
6 9 22569
6 10 45669
6 11 15075
6 12 51688
6 13 33294
6 14 18831
6 15 37979
6 16 26097
6 17 63994
6 18 61139
6 19 36121
6 20 27475
6 21 38828
6 22 64141
6 23 42155
6 24 35002
6 25 64511
6 26 29203
6 27 19664
6 28 19180
6 29 59406
6 30 42570
6 31 52539
6 32 63299
6 33 46348
6 34 23980
6 35 65177
6 36 49074
6 37 34984
6 38 50243
6 39 42041
6 40 51863
6 41 28621
6 42 48842
6 43 24662
6 44 47596
6 46 20166
6 47 47629
7 8 57886
7 9 14494
7 10 29778
7 11 15782
7 12 10934
7 13 46731
7 14 57391
7 15 26288
7 16 23303
7 17 15489
7 18 54722
7 19 41889
7 20 34953
7 21 69302
7 22 39946
7 23 39448
7 24 37712
7 25 54539
7 26 32597
7 27 30330
7 28 52023
7 29 44308
7 30 61743
7 31 42413
7 32 67008
7 33 69339
7 34 30470
7 35 16873
7 36 59637
7 37 10710
7 39 16510
7 40 46999
7 41 44658
7 42 25754
7 43 31172
7 44 29707
7 45 59945
7 46 56330
7 47 44239
7 48 60254
7 49 37068
8 9 31668
8 10 25209
8 12 67736
8 13 66573
8 14 13368
8 15 66726
8 16 31350
8 17 22280
8 20 28742
8 21 64215
8 22 22361
8 23 41159
8 24 24067
8 25 53510
8 26 64025
8 27 23964
8 28 65149
8 29 20678
8 30 41427
8 31 24766
8 32 20572
8 33 48426
8 34 45151
8 35 37121
8 36 45902
8 37 60813
8 38 18797
8 39 51058
8 40 64330
8 41 31619
8 42 41783
8 43 48528
8 45 59207
8 46 41414
8 47 56124
8 49 32240
9 10 23029
9 11 10569
9 12 37636
9 13 47839
9 14 23791
9 15 26774
9 16 32205
9 17 42121
9 18 22163
9 19 29408
9 20 17188
9 21 26251
9 22 37162
9 23 34670
9 24 56034
9 25 40132
9 26 30654
9 27 61918
9 28 66229
9 29 53092
9 30 39099
9 31 14870
9 32 33674
9 33 45129
9 34 27248
9 35 49234
9 36 36638
9 37 49335
9 38 37693
9 39 19587
9 40 13620
9 41 11847
9 42 33125
9 43 35270
9 45 54714
9 46 15326
9 47 56948
9 48 30959
9 49 54464
10 11 27540
10 12 58735
10 13 28344
10 14 67663
10 15 34618
10 16 44436
10 18 60507
10 19 28620
10 21 30242
10 22 69241
10 23 61417
10 24 12242
10 25 23903
10 26 48657
10 27 19055
10 28 60074
10 29 37230
10 30 41067
10 31 43267
10 32 25618
10 33 56734
10 34 68211
10 35 62232
10 36 12645
10 38 11886
10 39 35303
10 40 66026
10 41 66709
10 42 28678
10 43 50986
10 44 31503
10 45 64809
10 46 56196
10 48 28233
10 49 33596
11 12 31637
11 13 67302
11 14 32707
11 15 49049
11 16 48186
11 17 44600
11 18 15211
11 19 64054
11 20 19650
11 21 28129
11 22 56986
11 23 18391
11 24 65806
11 25 19152
11 26 38824
11 27 41710
11 28 53612
11 29 27035
11 30 15312
11 31 25616
11 32 38917
11 33 50843
11 34 14837
11 36 60839
11 37 52104
11 38 33718
11 39 46461
11 40 10224
11 41 48834
11 42 32435
11 43 68677
11 44 17899
11 45 16284
11 46 43003
11 47 52539
11 48 17638
11 49 20048
12 13 23945
12 14 52094
12 15 68029
12 17 68099
12 18 32019
12 20 25630
12 21 42159
12 22 40902
12 23 13667
12 24 44879
12 25 52076
12 26 58672
12 27 47087
12 28 43724
12 30 57669
12 32 38805
12 33 56130
12 34 50914
12 35 46382
12 36 42642
12 37 61662
12 38 16431
12 40 56450
12 41 56868
12 42 66146
12 43 31426
12 44 54542
12 45 40838
12 46 54871
12 47 62815
12 48 10017
12 49 26581
13 14 62897
13 15 60763
13 16 63025
13 17 63255
13 18 11911
13 19 56167
13 20 52593
13 21 31114
13 22 50490
13 23 22206
13 24 22981
13 25 19414
13 26 60608
13 27 14655
13 28 24212
13 30 53461
13 31 18473
13 33 37601
13 34 31526
13 35 53184
13 36 40577
13 37 27082
13 38 27222
13 39 56936
13 41 69917
13 42 54723
13 43 25786
13 44 61481
13 45 23870
13 46 10473
13 47 53393
13 48 28737
14 15 19750
14 17 62935
14 18 59340
14 19 63396
14 21 60969
14 22 28067
14 23 26941
14 26 45383
14 27 28897
14 28 34529
14 30 68212
14 31 50270
14 32 21158
14 33 13052
14 34 58285
14 35 26093
14 36 37404
14 37 17714
14 38 46811
14 39 44111
14 40 15327
14 41 36794
14 42 39091
14 44 69941
14 45 35015
14 46 22899
14 48 16201
14 49 51058
15 16 42721
15 17 51593
15 18 29673
15 19 21008
15 20 35041
15 21 62125
15 22 13612
15 23 62860
15 24 52900
15 25 30564
15 27 45251
15 28 15862
15 29 64042
15 30 64351
15 31 44808
15 32 29705
15 33 31549
15 34 10177
15 35 65880
15 36 18292
15 37 66042
15 38 46368
15 39 46656
15 40 59099
15 41 13692
15 42 32259
15 43 11306
15 44 13445
15 45 68223
15 46 52333
15 47 24104
15 48 59887
15 49 56910
16 17 65257
16 18 63980
16 19 25547
16 21 61915
16 22 10353
16 23 55320
16 24 61439
16 26 40382
16 27 24749
16 28 41022
16 29 54327
16 30 32356
16 31 25393
16 32 56789
16 33 12307
16 34 44151
16 35 31947
16 36 69014
16 37 27965
16 38 55997
16 39 26908
16 40 67151
16 41 30641
16 42 36949
16 43 24064
16 44 34714
16 45 57678
16 46 43175
16 47 69313
16 48 64431
16 49 12011
17 18 20612
17 20 19626
17 21 58950
17 22 41952
17 23 68121
17 24 61814
17 25 12959
17 26 62698
17 27 19764
17 28 49415
17 30 36486
17 31 40474
17 32 47647
17 34 26010
17 35 60736
17 36 34473
17 37 12275
17 38 27927
17 39 18085
17 41 46251
17 42 29505
17 43 20848
17 44 28067
17 45 59973
17 46 15272
17 47 30257
17 48 64963
17 49 23356
18 20 29549
18 21 16586
18 22 48889
18 24 43168
18 25 51882
18 26 45988
18 27 53719
18 28 12789
18 29 52403
18 30 55140
18 31 69782
18 32 11540
18 33 25215
18 35 14923
18 37 34472
18 38 13852
18 39 11710
18 41 44878
18 42 10526
18 43 30848
18 44 30519
18 45 44153
18 46 21448
18 47 22931
18 48 17495
18 49 68068
19 20 64911
19 21 20886
19 23 18152
19 24 11686
19 25 19153
19 26 23774
19 27 60979
19 28 14675
19 29 65834
19 30 34650
19 31 56544
19 32 22679
19 33 39021
19 34 35400
19 35 17276
19 36 49980
19 37 62878
19 41 41455
19 42 12331
19 43 25864
19 44 48535
19 45 57507
19 46 56684
19 47 17316
19 48 20090
19 49 10594
20 21 15131
20 22 16099
20 23 63429
20 25 17981
20 26 69050
20 28 62228
20 29 54089
20 30 43113
20 31 47391
20 33 34898
20 34 23839
20 35 24335
20 36 21238
20 37 48700
20 38 29224
20 39 31684
20 40 28283
20 41 62308
20 42 60744
20 43 14014
20 45 59571
20 46 60849
20 47 52193
20 48 20685
20 49 15842
21 22 69539
21 23 65687
21 25 56132
21 26 43813
21 28 65498
21 30 51625
21 31 12098
21 32 57502
21 33 27817
21 34 42035
21 35 68290
21 36 15899
21 37 51758
21 38 55077
21 39 61139
21 41 38785
21 42 27633
21 43 30462
21 44 12681
21 45 36825
21 46 43937
21 47 26965
21 48 44119
21 49 46829
22 23 54169
22 24 62555
22 25 52786
22 26 66999
22 27 63219
22 28 35526
22 29 14314
22 30 18288
22 31 25793
22 32 67640
22 33 31062
22 34 43342
22 35 57434
22 36 24011
22 37 12441
22 38 25818
22 39 37727
22 40 11852
22 41 50163
22 42 31252
22 43 54369
22 44 41374
22 45 63793
22 46 56983
22 47 18412
22 48 50765
22 49 19089
23 24 47178
23 25 27120
23 26 64429
23 27 28381
23 28 28876
23 30 67080
23 31 45137
23 33 18520
23 34 63707
23 35 51688
23 36 65909
23 37 19791
23 39 36908
23 40 68735
23 41 10030
23 42 20840
23 43 36040
23 44 32304
23 45 35630
23 46 41262
23 47 64089
23 48 41345
23 49 24919
24 25 64726
24 26 52390
24 27 37074
24 28 14722
24 29 10707
24 30 40600
24 32 40630
24 33 46191
24 34 67094
24 35 66857
24 36 31279
24 38 53989
24 39 57396
24 40 46729
24 41 62389
24 44 36387
24 45 32192
24 46 67359
24 47 25443
24 48 45046
24 49 44941
25 26 39690
25 27 49547
25 28 52703
25 29 20267
25 30 16631
25 31 22738
25 32 68647
25 34 61036
25 36 12167
25 37 54841
25 39 52200
25 40 69271
25 41 45009
25 42 31452
25 43 32460
25 44 43361
25 45 60001
25 46 68066
25 47 51978
26 27 13674
26 29 64711
26 30 62985
26 31 49231
26 33 69411
26 34 43905
26 36 55266
26 37 50695
26 38 60264
26 39 46089
26 40 47995
26 41 46130
26 42 39766
26 43 54793
26 44 54832
26 45 26230
26 46 39597
26 47 59125
26 48 69747
26 49 18239
27 28 43324
27 29 25369
27 30 21078
27 31 31319
27 32 54059
27 33 25758
27 34 31549
27 35 49783
27 37 34576
27 38 27878
27 39 12374
27 40 54554
27 41 69251
27 42 34041
27 43 24325
27 44 41995
27 45 45537
27 46 31381
27 47 58257
27 48 38365
27 49 24834
28 29 66272
28 32 26121
28 33 20083
28 34 68793
28 35 54125
28 36 46751
28 38 10792
28 39 50111
28 40 60394
28 41 19201
28 42 21795
28 43 15589
28 44 55520
28 45 48409
28 46 46584
28 47 41550
28 48 47605
28 49 20607
29 30 24179
29 31 42083
29 32 22520
29 33 69664
29 34 20210
29 35 56977
29 36 16542
29 37 64288
29 38 59685
29 39 51913
29 40 26542
29 41 46552
29 42 51806
29 43 16354
29 44 33489
29 45 53721
29 46 62730
29 48 15251
29 49 33915
30 31 40530
30 32 28245
30 34 60775
30 35 27627
30 36 60709
30 37 38369
30 38 66214
30 39 23081
30 40 59376
30 41 20136
30 42 22748
30 43 13237
30 44 56013
30 45 57082
30 46 37755
30 48 54150
30 49 30701
31 32 50074
31 35 35889
31 36 11607
31 37 19526
31 38 32573
31 39 65905
31 41 31474
31 42 14243
31 45 38552
31 46 66589
31 47 64723
31 48 26809
31 49 40504
32 33 34096
32 34 47667
32 35 41573
32 36 68941
32 37 46857
32 38 49990
32 39 24079
32 40 33846
32 41 39459
32 42 46617
32 43 64698
32 44 28772
32 45 47828
32 46 47442
32 47 43870
32 48 17590
32 49 59983
33 34 41653
33 35 58940
33 36 48974
33 37 58768
33 39 12847
33 41 48401
33 42 30248
33 44 61298
33 45 34297
33 46 20720
33 47 42732
33 48 58014
34 35 32333
34 36 33613
34 37 51275
34 38 47284
34 39 24703
34 40 61919
34 41 38900
34 42 32471
34 43 18713
34 44 45024
34 45 20370
34 46 24887
34 47 28636
34 49 23050
35 36 41775
35 37 62083
35 38 48668
35 39 19121
35 40 69705
35 41 52277
35 42 43994
35 43 41011
35 44 21413
35 45 14645
35 46 36040
35 47 50856
35 48 56474
35 49 62593
36 37 11260
36 38 55256
36 39 67050
36 41 45718
36 42 20001
36 43 45817
36 44 19217
36 45 12422
36 46 18939
36 47 55925
36 48 13000
37 38 44588
37 39 69952
37 40 30134
37 41 59272
37 42 20893
37 43 17133
37 44 34571
37 45 30013
37 46 40719
37 47 46501
37 49 24429
38 40 69720
38 41 39311
38 42 12926
38 43 35671
38 44 65692
38 46 62178
38 47 34201
38 48 51766
38 49 43410
39 40 69653
39 42 46688
39 43 19379
39 45 51902
39 46 35566
39 47 13690
39 48 64599
39 49 38418
40 41 15389
40 42 58716
40 43 50860
40 44 48239
40 45 17172
40 46 26495
40 47 68771
40 48 44711
40 49 15540
41 42 40577
41 43 69907
41 44 69052
41 45 24119
41 46 60965
41 47 28813
41 48 11742
41 49 35315
42 43 54272
42 44 17706
42 45 33941
42 46 41572
42 47 41812
42 48 55640
42 49 61541
43 44 28786
43 45 56263
43 46 57301
43 47 30519
44 45 32842
44 46 40868
44 48 42535
44 49 27106
45 46 45453
46 47 42145
46 48 64237
46 49 27723
47 48 18967
47 49 30600
48 49 17907
