50 50 1103
25000 25000 25000 25000 25000 25000 25000 25000 25000 25000 25000 25000 25000 25000 25000 25000 25000 25000 25000 25000 25000 25000 0 25000 25000 25000 25000 25000 25000 25000 25000 25000 25000 25000 25000 25000 25000 25000 25000 25000 25000 25000 25000 25000 25000 25000 25000 25000 25000 25000
2609 3292 6739 8933 6803 5984 10355 7650 8084 4246 5219 5776 6641 7816 4374 3847 5033 6429 6719 3660 7358 5396 5219 8345 4182 6387 7391 5542 5038 10349 6400 5558 6051 9568 3792 4898 9064 7159 11178 8697 4781 6033 6661 5299 8845 11656 9977 5301 8663 3947

2368 1148 3204 4509 4028 2752 5457 3845 4791 2504 2396 2628 3220 3859 1838 2266 2285 3117 3299 2596 3680 2582 2296 4205 1779 2994 5115 2491 2189 5399 3046 2499 2838 4940 1446 2351 4642 3507 6634 4369 2035 2890 3943 2607 5984 6919 5919 3574 4385 1538

38119 28711 4914 17161 44553 7030 26409 19622 50450 35490 13876 9147 14977 9987 21848 35330 20546 15111 25670 37312 29954 23679 9828 13734 19303 6568 57472 8895 11180 22957 12390 7341 15489 21294 21806 22713 18992 16657 67393 15523 12297 23856 48568 27686 66066 66973 59161 44864 16203 22621

94158 75406 32372 11548 94124 35112 29982 21024 105322 79267 29681 21275 20071 28595 64292 80186 47630 25921 53179 95094 61702 69206 23096 42165 48700 24701 135170 25118 40527 60515 47246 30416 52911 19804 61669 53847 15191 17163 141838 16712 34762 49569 105288 76944 142841 137025 121516 110118 12183 58878

1432 1277 1715 1883 566 1580 2152 1577 838 876 1061 1250 1363 1923 1524 955 1016 1318 949 1655 814 1789 1133 2087 1015 1583 2005 1269 1379 2512 1815 1381 1823 2008 1383 947 1901 1497 1685 1925 1108 908 1169 1798 2040 1600 1240 2003 1836 1237

29389 21549 6421 15994 35203 3514 23701 16197 40108 27663 10383 7483 12332 10627 15840 27251 15232 12444 20193 28704 23757 17769 7029 12654 13919 6260 45474 6253 6966 20326 9090 4947 10956 19446 15805 17035 17517 13730 54202 15093 8371 18684 38375 21102 52622 53852 47354 34986 15197 16483

181956 151443 81972 45118 179349 86890 28499 43134 199791 153664 65767 58805 48555 75277 138615 155294 97584 53176 107361 187467 122469 147325 56998 99391 102384 68433 259515 65619 96429 131920 108338 78565 118381 37594 126439 108605 40319 50569 262507 54213 78328 100962 199791 160389 266358 256048 228497 214099 46244 120958

70158 56137 33391 20160 68960 32030 26544 6370 78353 57158 16770 13571 8861 34044 51550 57907 31390 10985 35882 72690 42824 57376 12741 45125 33595 25346 105796 16702 32220 60071 42892 24339 46527 21820 44649 36454 21085 12128 107171 24366 22542 32942 78353 60248 108940 104203 91544 84928 20704 42130

1719 1555 2020 2186 797 1877 2480 1869 697 1127 1324 1525 1646 2242 1817 1211 1359 1593 1205 1956 1061 2099 1395 2416 1275 1880 1940 1538 1663 2869 2127 1665 2135 2327 1668 1203 2218 1789 1599 2239 1374 1156 1050 2109 1977 1509 1125 2149 2144 1511

1038 879 1459 1709 1024 1320 1995 1402 1305 464 869 1050 1181 1674 1133 546 738 1134 1066 1268 1206 1406 928 1875 768 1323 1950 999 1145 2314 1562 1115 1500 1846 988 667 1736 1318 1983 1748 832 916 1087 1416 1986 2088 1720 1628 1668 837

282030 211282 141015 156813 275986 123980 205925 104130 324205 216434 12638 46089 66146 165880 198300 220212 86408 58178 109075 294806 144106 241573 25277 212999 97536 105504 461992 48149 106122 288418 178793 81738 185456 180442 162789 111960 161484 89774 468792 165811 55499 94239 323380 245901 477721 453818 389938 356556 149807 140603

50691 38013 17684 20961 51754 16554 32069 15322 59686 41572 8429 1231 9073 20938 32781 41335 20566 9254 24295 52228 30058 37595 2463 29549 19775 11074 79235 3830 16712 41956 25571 10170 28589 26227 28724 24385 23131 11333 83247 20927 10350 21854 59166 41335 84557 81009 70500 62387 19673 26656

87703 68425 38207 29484 86090 36375 42477 15319 98955 70203 15832 11526 5185 43485 62653 71210 35513 11563 41561 91111 50906 70496 10371 57448 38482 27377 135275 15741 36631 77569 50998 26021 55891 35788 53362 42330 30731 11599 137529 32581 23565 37602 98735 74362 139911 133534 116492 107586 27615 49972

8994 7014 1953 3076 10270 2400 5044 4089 11525 8342 3428 2289 3530 1217 5553 8308 5162 3558 5938 8844 6878 5947 2434 2672 4897 1741 13134 2275 3283 4634 3544 2352 4204 3955 5544 5623 3465 3423 15131 2520 3406 5551 11125 6799 14963 15041 13379 10451 2868 5718

22109 13806 17181 27575 34163 13983 36054 25399 39559 23393 16297 15828 21148 21809 7310 21709 15513 20779 22678 21463 25368 12569 14621 24038 11931 16866 39913 14091 11169 32479 15843 13360 14375 31372 9640 15974 29250 22701 52897 26598 12776 19787 33563 13114 48346 54681 47531 28374 26698 11815

16807 14001 25640 30561 19556 22905 35602 25154 24505 9679 15763 18421 21255 29433 18478 8135 13451 20437 19232 20868 21699 23300 16271 32126 12619 23236 35094 17533 19253 39867 26303 19556 24957 32986 15933 12196 31041 23680 36455 30709 14579 16581 19881 23476 36497 38302 31816 27205 29842 13261

10299 7390 7031 8472 10011 6048 10492 6305 12559 6963 2542 3918 4743 8551 6856 7119 1531 4415 4164 10825 5152 8788 3062 9992 2712 6068 17458 3782 5031 13093 7754 4593 8294 9443 5401 2666 8664 5714 17692 8842 2599 3101 11362 8989 17709 17551 14924 13365 8184 4483

175305 136474 78453 73100 171987 74683 92515 36644 198000 139301 27445 23562 23034 89311 126332 141375 67935 11423 80376 182317 99603 144881 22846 118038 74042 56173 274079 32233 75211 159433 104768 53383 114834 79433 107218 81959 75663 36305 280374 79396 45918 72233 198000 150423 282712 269592 234531 216209 69254 97680

14104 10872 9452 10186 10309 8668 12441 7754 12529 10040 3542 5082 6005 10597 10274 10214 4313 5638 2061 14718 4237 12438 4123 12767 5635 7817 21789 5177 8073 16239 11122 6723 11726 11267 8646 5230 10401 7099 19186 10594 5350 2795 14964 12662 22071 18497 15556 17561 9863 7618

4719 4738 8597 11897 10320 7583 14113 10500 12031 6905 7254 7875 9152 10064 5467 6371 7005 8870 9277 3656 10130 6729 7312 10878 5869 8497 9506 7622 6695 13554 8172 7390 7707 13238 5406 7151 12428 9845 15675 11583 6547 8360 10130 5845 12180 16314 14559 5847 11614 5613

2204 1718 1581 1691 1302 1463 2030 1326 1635 1593 693 924 1063 1760 1628 1619 733 1008 555 2296 390 1953 780 2079 931 1335 3066 939 1298 2600 1756 1171 1846 1853 1384 871 1722 1227 2673 1752 889 505 2041 1987 3108 2532 2090 2723 1643 1229

33087 23443 23170 37575 50155 19559 48702 36072 57236 36022 26166 23493 30494 29263 14919 33813 25682 30655 35084 31815 38614 11166 22333 29102 20982 23524 56025 21214 17380 40178 17905 20255 15978 42538 17975 26288 39775 32512 74738 35911 21002 31291 49368 15978 67091 77038 67697 40884 36405 20830

29547 21819 12087 14277 30208 10393 19877 9670 34960 23989 3801 2252 5847 14071 19650 23844 11199 6260 13471 30993 16984 22873 0 19319 10703 8017 46945 2293 10145 26881 15889 6157 17728 16757 16158 13513 14856 7665 50147 14257 4959 11984 34713 24051 50189 48040 41634 36675 13492 14897

19258 15154 4883 8660 22473 5240 12851 10822 25140 18677 8930 6798 9435 4715 11943 18148 11947 9496 14265 19106 16203 11616 7106 3553 10898 5631 28226 6684 7117 7725 6509 5973 7911 10537 11924 12593 9496 9405 33421 7486 7881 13444 24198 13429 31946 32615 29081 22522 8227 12293

32600 22120 24063 31410 36263 20115 39682 24603 43406 26098 11050 13644 18976 29538 20197 24684 10012 17796 19495 34493 23056 27157 10541 33424 5270 20594 59259 12362 14845 44597 26668 15282 26495 35297 14936 10622 32488 21866 64743 31379 8099 15669 41636 27879 64804 63420 53958 43640 30250 11650

19133 14415 4124 7502 21736 4258 12148 8180 24693 17191 5611 2952 5851 5337 11613 17111 9697 5918 11525 19369 13673 12852 3268 8547 9073 1634 29479 2801 5623 13172 7620 3075 8745 9583 10952 10784 8420 6693 33190 6967 5560 10615 23935 14794 33148 32667 28750 23156 7022 11361

175156 190444 281463 355282 238383 258749 406770 325852 225170 205569 253234 264755 294457 314332 211356 210756 242970 289434 287742 170788 273327 239639 248102 332568 222222 279224 124051 257875 238875 392519 271962 254436 261534 380835 205405 233251 365874 308872 262243 348348 234998 267212 177231 219819 183947 276549 279934 151733 352989 210046

31417 23339 11056 15023 33379 9282 22113 11424 38298 25597 5582 2430 7436 13292 19279 25460 12766 7551 15708 32571 19387 22351 1601 18629 11698 6794 49650 800 9022 26549 15038 4846 16963 18384 18146 14626 16408 8878 52990 15002 5683 14150 36827 24738 53033 52629 45921 39055 14201 16091

22292 15532 8585 15815 27305 6079 22449 14122 31534 21286 7458 6609 10790 12212 11525 20448 11037 10887 16351 22629 18460 14092 5916 13959 8953 7422 37089 5247 2958 20575 9380 4675 9917 18779 10579 12122 17129 11995 44699 15038 5121 14086 30040 16086 42325 43386 37782 28046 15128 11164

35887 29205 12480 18630 41122 13061 25455 22151 45465 34940 19069 15598 19892 12207 23976 34080 23982 19991 27757 35640 30912 23444 16099 10314 22275 13699 50490 15413 16118 8049 15128 14256 17411 21687 23945 25034 19991 19843 58502 16718 17362 26420 43931 26395 56547 57636 51882 41202 17925 24545

12035 8916 3727 7937 15528 2988 11116 8229 17556 12413 5826 4628 6632 5471 6476 11884 7270 6678 9817 11792 10828 6101 4440 5425 6843 4123 18722 4120 3693 8596 2220 3580 3285 9358 7288 8021 8567 7210 23593 7374 4435 8731 16331 7478 21757 23235 20550 14388 7608 8162

16816 12300 4673 8907 19038 3674 13346 7880 21863 14695 4330 2861 5655 6838 9623 14610 7526 5719 9982 17041 12034 11338 2398 8891 6931 3300 26701 1952 3900 13310 6886 1199 7961 10895 8991 8573 9784 6460 29982 8388 3574 9112 21992 12670 30199 29780 26037 20660 8448 9382

33291 24043 13451 25678 45466 10386 35106 25927 51477 34720 17347 15249 21192 18623 16808 32845 22433 21329 29985 32571 32982 15695 14693 18486 19385 13751 53121 13742 10951 27888 8982 12141 7346 30148 19402 23889 27802 22904 67566 24266 14025 26766 46032 19779 62514 69570 61607 40269 24685 21808

946126 772783 372672 171891 941607 399465 229188 203364 1052973 801673 322800 261306 229995 336196 681269 810550 496143 258078 549405 987768 631719 728398 261790 467575 512606 298912 1361570 298428 451435 644793 516318 354111 575875 130895 640112 556184 145421 201588 1394657 221440 377998 514543 1052973 803126 1415639 1359472 1209370 1121245 178024 610899

11074 6516 9745 14620 17265 8055 18070 12049 20125 11582 7198 7592 9802 12191 5780 10692 6792 9607 10578 11927 12000 8559 6353 13369 4891 8961 21336 7495 5951 17830 10200 7109 9514 16229 3176 7028 15116 10875 27174 14096 5378 9051 16956 8848 24582 28075 24330 15579 14222 4326

15829 11730 12055 14909 14887 10463 18181 11400 18098 9950 5307 7379 8870 14516 10865 10202 3806 8340 7557 17293 9159 13994 5984 16447 4154 10495 26946 6793 8459 21470 13235 8116 13697 16483 8500 2992 15221 10444 27326 15353 4886 5837 17073 14319 27353 27097 22842 21406 14443 7022

260549 211357 97602 40426 259264 105128 73603 59561 291477 219479 83331 65940 56946 87232 185247 222003 132614 73007 147849 269818 171160 198738 65986 124584 137295 76540 378755 76494 119995 174969 138442 92233 155375 45566 173638 149685 32993 48961 388070 54606 99025 137846 290926 219984 394035 378067 335391 310337 42170 165240

137814 108160 60774 37261 137095 58008 63568 27330 156514 113056 30982 20497 15076 61549 97731 114578 60691 24757 69875 142959 83983 109515 20525 84066 63513 44425 209073 26860 58395 114439 80082 42378 87468 46721 85421 70981 39142 10262 214743 41936 40442 63900 156127 117123 218284 208713 182987 167828 34439 80359

45190 41683 54470 59493 29821 51403 65177 52117 27688 32544 40378 44494 47243 59211 47631 34351 38581 46820 37823 48504 35461 53659 42775 64357 39250 51465 40960 44335 48318 73399 57395 46882 55712 61907 44450 37012 59475 50292 21387 60630 40660 36889 30385 54285 34060 23696 24243 45428 59070 41092

22574 17974 7146 4104 23542 8089 8618 6428 26371 19848 7822 5211 5621 5744 15256 19762 12226 7047 13579 22804 15670 16305 5658 9081 11939 5543 32644 6154 9417 13583 10795 6937 12308 6121 14604 13612 4997 4907 35329 2829 8519 12693 26231 18261 35444 34157 30344 26490 3636 14436

80057 56481 38011 53182 85773 30699 70728 39587 100523 63100 15801 16494 27925 49316 49862 62659 25677 26917 44210 82915 51564 61965 10086 58183 22567 30846 133135 13847 23134 81255 43390 19877 47404 61209 39209 31140 55409 33472 142906 53119 5043 36309 95817 63289 143032 141855 122313 103360 50787 35364

58028 43758 39723 42962 45043 36260 52917 32225 54677 40086 13627 20427 24504 44777 41119 40854 14800 22884 13348 60736 18235 50669 16196 54356 20636 32504 91957 20846 31401 69686 44861 27673 47528 47737 33928 18849 43884 29335 84235 44763 19379 8098 61825 51661 93199 81191 68206 73289 41538 29391

11687 10319 16111 18256 9625 14832 20714 15620 8793 7559 11041 12598 13719 17960 12502 7885 9913 13320 12732 13667 11825 14853 11550 19329 10071 15090 13193 12158 13052 23103 16310 14031 15654 19439 11261 9301 18490 14901 14420 18590 10725 11440 5775 15097 13994 15320 12357 14935 17905 9951

19812 14312 16981 25818 30875 14743 32575 23312 35262 22118 16250 16268 19856 20756 9331 20750 16000 19556 21825 17087 24012 9543 14550 20656 13087 17100 32087 14856 12481 27518 13718 14262 12525 28893 11225 16375 27181 21506 46393 24875 13050 19475 30675 7275 38943 47856 42043 22706 25093 12993

107792 115691 168663 190737 120397 157010 210766 169251 113618 103562 131938 144628 153760 185526 134768 109304 122750 150511 145721 113954 138325 149278 136084 193650 124879 163256 89976 141042 142499 224408 164573 150483 160511 200373 123367 117764 192641 163396 108212 193454 129361 135188 93057 139110 68042 115551 117288 104178 187935 125748

50320 46673 57109 60151 29943 53921 66703 53124 27725 37172 40919 45381 48057 62039 52583 39050 40589 46994 38262 53765 35074 58814 42605 65905 40553 53307 45922 46572 49175 75966 59473 49220 61003 63303 49184 38958 60774 51227 25572 61352 42752 37291 34927 59519 38748 21302 24143 50567 59235 45803

13547 12443 15576 16502 7348 14610 18481 14368 6676 9565 10672 12024 12834 17069 14205 10134 10572 12512 9867 15145 8902 16103 11183 18240 10561 14424 14940 12384 13172 21287 16292 13186 16755 17451 13197 10078 16686 13794 8777 16860 11227 9573 9046 16305 12767 8172 5591 17640 16219 12151

1568 1572 2542 3371 2975 2287 3928 3020 3140 2117 2205 2361 2682 2911 1756 1983 2142 2611 2713 1300 2927 2073 2174 3115 1857 2517 2006 2297 2064 3788 2435 2239 2318 3664 1740 2179 3495 2856 3556 3292 2072 2483 2603 1850 2678 3717 4040 1087 3300 1792

101089 81178 34056 14036 101528 37057 34221 24448 114155 85625 31329 21905 20807 29883 69009 86632 50983 27212 57059 102699 66392 74352 23899 44780 51935 25656 147937 26114 42986 64873 50343 31915 56510 23076 66429 57791 18025 17622 155129 16909 36673 53106 114118 82825 155275 148907 131888 119151 11949 63080

7969 4856 7095 9693 10916 5941 11999 7886 12864 7029 4190 4847 6351 8766 4903 6421 3907 6030 6493 8552 7464 6801 4001 9570 2614 6560 14979 4498 4503 12617 7978 5294 7448 10753 3124 4073 9987 7090 17673 9684 3335 5450 10694 6998 17196 18323 15742 11047 9376 2000

13 19 35335
11 46 36589
7 14 26797
25 48 38915
1 27 45166
18 25 58154
14 38 66047
10 28 43967
23 42 37702
29 45 49678
12 42 68339
32 34 39509
24 42 41096
3 8 15111
14 46 18747
13 38 61318
40 47 19452
32 43 27312
10 21 14747
0 18 14399
13 23 32804
20 49 17967
1 2 20654
7 30 10698
3 21 55780
1 19 13579
2 9 52142
9 44 36996
1 4 27556
14 31 28709
3 19 49787
26 29 52891
24 45 55298
26 40 66584
20 46 21805
9 25 42606
14 49 54738
21 49 29994
23 38 28716
2 10 22439
18 48 21814
3 28 27054
8 39 64092
5 34 52911
7 47 44308
18 23 12838
7 8 56371
5 14 65904
2 25 42294
28 33 61119
34 35 10302
1 24 65098
5 37 21228
36 43 20956
20 44 17938
6 9 67008
37 46 36679
36 44 60080
30 32 34003
3 39 54235
25 26 30931
0 30 25932
43 44 37125
35 36 28372
9 11 22516
11 18 61074
3 10 13120
19 47 19396
33 40 33210
2 42 31836
29 44 43978
34 42 45025
24 30 61033
21 43 38069
21 47 40078
3 13 35341
40 42 53051
16 19 26448
44 45 43387
21 31 25344
4 25 29709
2 15 43689
17 44 32584
27 32 40938
19 29 66789
20 36 52665
20 38 50088
4 30 33467
20 24 42745
15 40 26234
33 45 17701
20 27 15818
3 22 42166
3 26 56969
38 39 34190
31 36 54682
20 37 60185
18 27 37311
8 12 16220
15 29 23395
7 24 11289
9 41 50199
17 30 58420
5 31 62323
7 17 18267
11 37 40640
7 19 39806
6 24 61318
9 34 57088
27 40 13192
5 24 28804
46 48 28940
0 46 46881
1 31 63531
13 44 59878
19 42 55812
8 17 46196
1 5 39965
12 18 19278
5 43 31083
2 35 68342
22 47 26979
29 31 36901
0 40 40508
40 49 26091
12 45 61092
22 30 37332
1 22 16275
36 41 40545
14 33 43553
11 16 29670
34 46 41834
37 48 23751
10 43 30232
0 12 46299
19 24 44161
10 17 13014
19 27 16104
7 20 35479
13 14 12245
8 13 19296
12 40 66426
1 43 31185
10 41 68321
14 45 59957
0 20 21062
14 35 54132
17 32 36152
15 35 63170
26 27 63411
20 29 57235
27 44 61512
0 21 32532
15 26 36278
0 8 44162
4 42 48623
17 48 39512
14 22 23636
21 34 67042
16 45 10056
24 47 69332
0 39 38854
1 45 54034
4 41 35225
16 32 59087
16 30 30332
1 10 69387
30 33 62101
0 22 36437
29 35 34865
29 36 64346
35 39 57876
30 41 43433
5 38 25530
15 33 56196
34 47 33389
34 44 48735
5 30 40328
5 9 11683
10 40 54048
21 28 45881
18 28 11060
4 19 57702
22 23 68413
15 19 37339
12 14 44006
2 36 59179
35 48 66851
12 24 57642
21 44 56220
2 13 19050
18 24 56974
10 36 25073
14 17 63084
5 39 22198
6 23 26302
6 29 23415
11 19 21584
0 27 30546
4 27 61995
35 37 58592
8 35 37034
25 46 49871
21 37 32025
9 16 64708
45 49 36066
40 44 67557
3 9 43442
43 45 18536
24 38 69241
6 16 39632
0 45 54417
13 37 10300
38 45 27333
0 25 52830
4 24 37639
46 49 61339
13 24 54151
28 31 46633
25 38 48981
19 35 40370
34 38 55683
13 25 48097
10 14 67586
16 25 60909
12 16 12437
27 29 23888
38 46 14323
8 15 36165
9 23 56577
3 40 18461
23 41 36899
13 41 23610
32 47 58332
1 21 58924
40 45 18317
11 34 36540
7 18 68624
4 16 51760
1 20 45077
18 39 67864
26 28 21391
8 25 29493
21 46 68164
9 36 50868
13 39 24465
17 29 47946
11 39 42206
44 48 68616
2 32 24578
31 41 33329
4 17 51128
0 24 22403
27 33 23568
5 33 48714
10 42 13311
44 49 26006
7 15 14744
20 31 29777
27 41 52171
20 33 61321
11 27 38238
19 22 19069
3 33 14930
8 40 38712
10 46 20136
6 36 23248
12 36 65253
6 7 18759
36 40 17150
3 24 52472
13 49 28765
10 26 40684
39 41 11964
20 25 39071
24 37 21551
3 11 38573
35 45 17016
23 30 65901
6 45 37188
29 40 43737
11 44 29229
1 38 30459
15 23 68283
13 31 42798
38 40 69173
2 11 11593
42 48 10946
28 39 26059
26 35 43514
16 34 53117
12 48 29522
2 17 23894
5 10 14328
17 24 34452
0 37 64750
35 47 24464
23 24 59843
33 47 12144
32 35 45366
10 48 19135
13 36 54616
8 42 64131
26 34 49820
9 31 68723
3 38 33202
9 12 13513
0 7 37295
3 20 40218
16 43 21556
34 41 16626
13 20 26098
43 49 40786
16 17 37085
38 48 24380
46 47 25726
0 28 48400
33 34 38117
17 42 26672
8 47 16601
2 33 23773
11 43 21931
15 46 36123
16 20 37667
18 43 26259
1 6 12717
30 31 32416
20 41 52867
17 40 14703
17 37 34560
4 10 28232
8 26 23838
30 38 31318
15 49 22363
12 20 15800
27 34 42184
2 22 57708
14 24 31457
26 36 21621
27 35 40068
12 46 43013
14 28 28247
0 11 56166
9 24 25941
23 36 67475
2 7 22689
23 48 53810
21 30 58017
14 26 50806
19 33 22624
33 44 64618
25 41 64579
6 35 34555
31 32 42883
3 30 44388
6 28 62958
1 34 57744
20 48 18947
34 49 45824
2 38 62447
30 49 55650
22 45 16198
4 13 28427
30 37 16968
5 17 40704
10 27 34228
29 46 61295
9 15 28411
20 26 67828
37 41 12915
47 48 58480
40 48 40840
30 45 31163
17 23 56788
7 35 56782
30 47 40780
13 16 69477
4 46 40591
19 49 28797
9 27 62425
11 15 53216
3 49 35557
4 38 69146
4 45 29913
39 44 20583
1 46 55677
27 46 22870
12 43 68327
27 43 64624
28 38 10836
15 18 60773
11 36 50273
0 10 29178
0 4 19199
26 33 69384
22 27 59882
6 14 55570
2 40 60678
18 47 30436
1 18 53397
6 48 63594
3 31 31058
6 49 36380
11 17 36899
3 44 17845
20 32 23161
23 39 67679
2 41 29465
12 47 65895
35 46 38618
40 41 34032
14 47 61253
1 37 16318
4 40 33178
17 43 21166
10 12 26901
6 38 18854
14 21 46179
11 42 37370
2 14 25620
2 5 59159
8 31 28142
13 15 65893
11 25 18336
14 36 49484
14 25 17419
2 43 20360
1 30 47197
7 40 68097
4 48 40796
24 33 42736
4 39 13832
15 34 61854
5 36 69116
18 41 40731
2 37 21842
16 38 34419
1 16 50553
34 39 53450
26 37 30314
26 42 31313
36 49 17481
0 2 21566
11 28 49774
4 11 52802
1 40 32732
0 5 18817
20 35 13798
29 43 21054
29 33 46187
6 40 29418
11 30 10212
6 17 16471
32 49 37454
33 42 18548
36 39 68099
15 39 44873
37 42 28908
0 48 45295
19 20 55112
26 41 11847
16 40 18030
8 37 58945
24 40 63701
1 44 29289
6 22 41818
12 15 27685
16 26 53708
18 34 34513
15 22 11134
25 45 14021
34 48 67970
3 32 30759
22 28 37731
18 29 47743
21 48 13560
9 48 12605
27 42 56561
6 46 29502
18 33 23659
23 27 32747
14 29 48920
33 46 23871
10 35 39219
33 36 28516
25 30 44562
11 14 49460
38 41 15531
16 29 63471
37 38 24754
6 47 60644
2 12 65318
2 8 44927
14 16 61731
34 43 11160
2 3 64216
7 37 45691
21 25 40989
32 37 60067
4 9 10204
3 12 42123
10 19 64088
5 32 20316
14 44 15024
28 32 43961
11 47 58059
2 39 18585
23 43 46567
18 37 44619
17 35 38087
41 44 60226
5 27 19509
5 18 29149
35 40 26240
22 44 60871
42 43 47666
16 21 60802
5 29 40330
13 32 53197
11 48 66415
12 35 67227
5 47 55983
23 35 13874
20 43 54296
38 43 59856
22 42 27178
20 45 48512
23 28 35547
9 17 58167
37 49 50721
43 48 47894
43 46 42432
9 35 44808
25 29 58210
3 23 47457
23 25 30912
12 23 58411
21 29 68185
22 33 67479
27 48 33030
28 43 48414
25 44 69847
16 47 54682
29 37 67563
33 37 26086
15 43 45552
8 45 57371
14 39 16888
10 13 28024
6 34 52711
17 49 25445
45 46 25250
0 47 38693
15 25 29320
7 28 69546
2 16 40692
3 46 46498
15 45 60200
1 26 66239
0 15 46807
20 28 40920
28 30 56275
12 32 19238
2 48 27871
32 41 44484
41 42 68838
4 15 48783
0 34 32894
21 24 67022
12 39 46261
28 48 68067
23 49 45435
4 43 58250
16 37 52748
9 14 55141
6 8 14336
11 40 40442
7 34 54654
11 45 33367
27 38 58466
18 42 37364
0 26 48812
22 34 25858
22 38 18200
3 37 20274
2 23 37547
18 35 48892
19 38 56772
34 40 27746
13 26 57273
8 11 45721
7 48 10809
16 23 43547
18 45 54960
28 34 28680
3 17 30173
26 46 53797
39 42 19605
32 38 65210
38 42 62962
43 47 68009
14 43 15419
32 39 50539
5 13 56258
22 41 10309
27 39 35679
0 49 60594
31 44 40752
23 40 32476
5 35 23960
35 49 41360
17 38 11982
22 43 14915
20 42 57219
8 29 20182
0 32 25189
9 43 24765
4 31 11216
24 36 24104
16 39 54654
37 47 10631
1 32 59825
23 44 55463
8 43 44178
18 49 56927
1 15 14142
11 13 16493
7 49 40724
26 43 35890
31 45 23846
27 45 45828
24 48 33898
31 40 29265
0 35 26366
31 37 20156
6 18 29574
8 22 64189
2 6 10749
6 27 12468
28 42 26664
23 32 36853
15 48 43829
4 37 28646
6 19 53911
9 42 43190
7 41 50972
0 42 69100
12 13 10097
11 35 64331
1 14 35346
4 6 54751
7 10 64963
9 18 25171
8 20 52357
24 28 51283
5 6 12097
19 39 68642
31 42 69920
15 20 54964
26 45 34532
24 27 23765
16 46 42934
29 30 58430
39 40 43030
0 1 59301
36 47 68586
20 39 14746
16 49 65632
13 40 21478
1 11 17215
14 30 22295
4 34 60474
21 26 63187
36 45 53084
18 20 44384
1 8 36376
31 33 46198
15 41 55626
22 39 48616
1 25 40529
18 21 33115
5 26 33366
30 36 35491
37 43 60429
29 49 15722
3 41 28916
14 48 62526
18 22 26507
10 18 28835
38 44 59633
2 28 51039
36 38 42600
6 44 32566
12 27 39468
17 21 27772
12 21 34009
29 42 50197
1 7 32519
7 42 29640
10 22 13817
0 9 39734
0 17 54078
31 34 64291
29 48 45063
5 48 37162
44 46 50817
22 36 11438
25 35 13359
18 31 48585
5 22 50054
8 30 56031
7 23 11699
18 40 25562
8 46 33664
20 40 62128
7 29 43428
9 29 52581
21 41 66797
12 37 59935
27 47 23558
5 42 68572
20 22 40973
41 46 56159
11 20 31137
12 44 22583
9 26 13930
19 45 67290
19 36 62780
10 33 48592
5 16 26929
18 30 66597
25 33 30468
11 22 11007
26 49 13029
27 28 65531
36 46 50312
5 49 53846
16 22 19111
40 46 65814
28 36 44574
19 28 11307
4 18 51845
7 36 46273
13 35 26870
3 6 15508
0 29 38401
9 33 12440
7 32 10231
34 36 47340
23 29 62375
2 4 23790
38 49 45911
5 19 45490
27 37 22091
20 30 67048
1 12 58073
47 49 38164
8 34 16479
6 41 62996
7 33 16756
42 45 33409
2 34 11734
3 14 49367
24 44 34416
17 19 14764
17 25 44898
5 12 26870
6 13 10752
5 25 66152
16 42 22683
16 28 45326
22 29 67460
18 44 64528
13 47 33742
41 45 24329
8 36 22179
17 26 62143
19 21 38912
15 30 34553
28 35 51625
9 45 31286
24 29 48343
15 16 27535
15 36 66776
8 19 12576
25 36 36725
14 40 66991
41 47 40741
13 42 43205
1 33 12128
6 42 59640
17 33 66614
11 41 13863
2 26 39006
19 40 43172
6 37 30770
7 44 26046
19 31 60042
19 48 43665
9 22 22198
11 32 12724
37 45 18991
3 45 31800
12 29 19395
19 43 54876
28 44 58272
2 47 31574
10 45 47018
8 33 27183
31 38 56127
0 14 40785
6 10 48469
8 27 46613
34 45 58320
12 34 57387
23 31 49189
23 33 25044
33 41 66520
34 37 32072
9 37 10391
14 42 68649
14 41 21711
10 31 19147
6 43 12511
20 23 62861
7 38 52319
8 44 45424
41 49 18906
9 49 54503
16 41 19088
16 44 43247
10 15 69371
0 33 40222
15 17 65047
18 32 18765
13 45 25097
13 21 65461
23 26 52482
24 25 14257
17 47 22643
22 24 50751
30 42 45042
5 46 13254
28 40 39506
30 43 33361
17 39 12783
15 21 18695
6 31 60549
32 33 69304
24 34 52910
31 46 60940
10 44 67952
0 13 64622
9 30 10087
4 44 22605
1 42 69625
32 45 64549
10 49 58029
26 48 18530
0 44 61195
8 38 67117
26 39 63921
6 30 60565
8 10 37339
10 37 11109
6 15 69330
0 36 52436
1 36 66571
36 37 63954
24 41 56694
12 30 19213
32 48 44704
3 16 31735
30 34 34611
8 24 14210
17 31 67240
2 49 37394
1 23 35048
28 46 69931
27 30 36697
1 48 17957
12 49 13012
25 49 34648
13 18 24721
13 34 25242
1 41 59396
5 40 24345
25 43 19791
21 35 47424
29 39 45019
16 24 10985
25 40 56684
19 44 38939
1 9 61550
8 41 24022
7 39 52191
39 47 13021
12 38 18600
5 41 48761
3 7 66975
45 48 17436
30 39 10117
2 31 53821
4 8 51315
22 35 34728
39 43 58031
2 18 48554
10 38 14264
19 37 35221
26 38 48484
12 19 40962
39 48 43179
2 45 63639
1 17 17752
14 34 10042
21 40 18881
39 46 67149
25 27 24388
3 29 28672
8 9 56715
20 34 11549
12 25 41800
25 31 43398
16 35 40488
24 43 45492
30 35 69563
16 36 34821
25 37 60656
32 46 18163
6 21 13582
10 16 57630
7 31 25599
13 22 25842
15 47 53593
42 44 66914
2 44 50570
8 18 41624
0 43 57610
17 18 66977
25 47 66845
16 27 48236
22 46 37938
13 17 52166
23 34 41875
6 20 57834
11 12 64352
21 23 50756
0 41 67125
1 28 30882
14 23 21570
4 20 53839
39 49 32431
1 3 53370
1 47 27237
1 39 15061
10 47 41004
2 19 38942
7 21 39882
22 26 31659
7 12 47105
6 26 43464
26 30 31431
29 32 14847
35 41 59306
1 49 15023
11 38 11760
11 24 52018
10 25 58790
8 23 59371
30 40 48995
14 32 67778
10 20 49749
7 16 29075
7 27 49943
2 20 21623
19 34 29051
2 21 44294
15 24 62379
16 18 26175
24 49 65176
21 27 13948
15 42 10014
12 33 39749
26 31 69461
21 32 39394
13 27 44810
3 25 40464
33 49 68336
5 28 14692
3 47 14265
23 47 57584
5 15 60299
0 19 47839
42 49 62431
35 38 61748
5 44 52863
19 46 64191
10 24 43765
9 40 41652
24 31 65704
24 35 34902
18 36 51572
10 29 57596
3 48 66121
40 43 43658
29 47 69219
1 29 25171
4 23 17951
14 20 13740
17 28 41347
27 49 25270
19 32 29831
16 33 53504
14 19 67162
23 37 29292
12 41 35040
2 29 41972
3 35 11898
31 39 45518
17 45 58807
35 42 28307
39 45 33101
4 5 49105
21 42 66146
14 37 37674
15 38 40852
7 11 61151
41 48 44008
10 39 26760
18 19 44946
16 48 51854
3 15 63805
4 35 26517
48 49 39449
33 43 12067
1 13 60175
12 31 38668
4 14 27239
3 4 20269
0 23 42408
4 7 10728
0 3 47682
15 32 14381
9 32 66375
11 23 44843
8 21 33673
36 42 43557
37 40 16814
11 21 47715
13 29 19074
20 47 65621
27 36 18164
29 41 54319
25 34 56869
2 27 14309
22 40 34135
22 25 39863
24 32 65461
5 45 68143
28 45 56623
19 41 40406
14 18 49997
9 47 62571
4 28 56923
35 44 19445
15 44 64638
19 25 59241
9 39 60256
31 49 21876
3 5 69510
5 23 44806
32 42 34747
30 46 47191
23 46 49188
7 26 43264
3 27 22033
15 31 25003
38 47 16820
13 46 40991
11 33 14860
5 20 38038
42 47 48754
9 20 23024
37 39 34499
2 30 35622
17 36 27334
8 28 58634
26 47 65486
31 48 34937
8 48 56777
17 34 64251
10 34 65343
12 22 48916
13 33 56821
10 11 64408
17 41 10503
15 37 51459
7 45 53648
22 37 60760
30 44 15477
29 38 65300
19 26 47708
20 21 52368
