50 50 1225
25000 25000 25000 25000 25000 25000 25000 25000 25000 25000 25000 25000 25000 25000 25000 25000 25000 25000 25000 25000 25000 25000 0 25000 25000 25000 25000 25000 25000 25000 25000 25000 25000 25000 25000 25000 25000 25000 25000 25000 25000 25000 25000 25000 25000 25000 25000 25000 25000 25000
2609 3292 6739 8933 6803 5984 10355 7650 8084 4246 5219 5776 6641 7816 4374 3847 5033 6429 6719 3660 7358 5396 5219 8345 4182 6387 7391 5542 5038 10349 6400 5558 6051 9568 3792 4898 9064 7159 11178 8697 4781 6033 6661 5299 8845 11656 9977 5301 8663 3947

2368 1148 3204 4509 4028 2752 5457 3845 4791 2504 2396 2628 3220 3859 1838 2266 2285 3117 3299 2596 3680 2582 2296 4205 1779 2994 5115 2491 2189 5399 3046 2499 2838 4940 1446 2351 4642 3507 6634 4369 2035 2890 3943 2607 5984 6919 5919 3574 4385 1538

38119 28711 4914 17161 44553 7030 26409 19622 50450 35490 13876 9147 14977 9987 21848 35330 20546 15111 25670 37312 29954 23679 9828 13734 19303 6568 57472 8895 11180 22957 12390 7341 15489 21294 21806 22713 18992 16657 67393 15523 12297 23856 48568 27686 66066 66973 59161 44864 16203 22621

94158 75406 32372 11548 94124 35112 29982 21024 105322 79267 29681 21275 20071 28595 64292 80186 47630 25921 53179 95094 61702 69206 23096 42165 48700 24701 135170 25118 40527 60515 47246 30416 52911 19804 61669 53847 15191 17163 141838 16712 34762 49569 105288 76944 142841 137025 121516 110118 12183 58878

1432 1277 1715 1883 566 1580 2152 1577 838 876 1061 1250 1363 1923 1524 955 1016 1318 949 1655 814 1789 1133 2087 1015 1583 2005 1269 1379 2512 1815 1381 1823 2008 1383 947 1901 1497 1685 1925 1108 908 1169 1798 2040 1600 1240 2003 1836 1237

29389 21549 6421 15994 35203 3514 23701 16197 40108 27663 10383 7483 12332 10627 15840 27251 15232 12444 20193 28704 23757 17769 7029 12654 13919 6260 45474 6253 6966 20326 9090 4947 10956 19446 15805 17035 17517 13730 54202 15093 8371 18684 38375 21102 52622 53852 47354 34986 15197 16483

181956 151443 81972 45118 179349 86890 28499 43134 199791 153664 65767 58805 48555 75277 138615 155294 97584 53176 107361 187467 122469 147325 56998 99391 102384 68433 259515 65619 96429 131920 108338 78565 118381 37594 126439 108605 40319 50569 262507 54213 78328 100962 199791 160389 266358 256048 228497 214099 46244 120958

70158 56137 33391 20160 68960 32030 26544 6370 78353 57158 16770 13571 8861 34044 51550 57907 31390 10985 35882 72690 42824 57376 12741 45125 33595 25346 105796 16702 32220 60071 42892 24339 46527 21820 44649 36454 21085 12128 107171 24366 22542 32942 78353 60248 108940 104203 91544 84928 20704 42130

1719 1555 2020 2186 797 1877 2480 1869 697 1127 1324 1525 1646 2242 1817 1211 1359 1593 1205 1956 1061 2099 1395 2416 1275 1880 1940 1538 1663 2869 2127 1665 2135 2327 1668 1203 2218 1789 1599 2239 1374 1156 1050 2109 1977 1509 1125 2149 2144 1511

1038 879 1459 1709 1024 1320 1995 1402 1305 464 869 1050 1181 1674 1133 546 738 1134 1066 1268 1206 1406 928 1875 768 1323 1950 999 1145 2314 1562 1115 1500 1846 988 667 1736 1318 1983 1748 832 916 1087 1416 1986 2088 1720 1628 1668 837

282030 211282 141015 156813 275986 123980 205925 104130 324205 216434 12638 46089 66146 165880 198300 220212 86408 58178 109075 294806 144106 241573 25277 212999 97536 105504 461992 48149 106122 288418 178793 81738 185456 180442 162789 111960 161484 89774 468792 165811 55499 94239 323380 245901 477721 453818 389938 356556 149807 140603

50691 38013 17684 20961 51754 16554 32069 15322 59686 41572 8429 1231 9073 20938 32781 41335 20566 9254 24295 52228 30058 37595 2463 29549 19775 11074 79235 3830 16712 41956 25571 10170 28589 26227 28724 24385 23131 11333 83247 20927 10350 21854 59166 41335 84557 81009 70500 62387 19673 26656

87703 68425 38207 29484 86090 36375 42477 15319 98955 70203 15832 11526 5185 43485 62653 71210 35513 11563 41561 91111 50906 70496 10371 57448 38482 27377 135275 15741 36631 77569 50998 26021 55891 35788 53362 42330 30731 11599 137529 32581 23565 37602 98735 74362 139911 133534 116492 107586 27615 49972

8994 7014 1953 3076 10270 2400 5044 4089 11525 8342 3428 2289 3530 1217 5553 8308 5162 3558 5938 8844 6878 5947 2434 2672 4897 1741 13134 2275 3283 4634 3544 2352 4204 3955 5544 5623 3465 3423 15131 2520 3406 5551 11125 6799 14963 15041 13379 10451 2868 5718

22109 13806 17181 27575 34163 13983 36054 25399 39559 23393 16297 15828 21148 21809 7310 21709 15513 20779 22678 21463 25368 12569 14621 24038 11931 16866 39913 14091 11169 32479 15843 13360 14375 31372 9640 15974 29250 22701 52897 26598 12776 19787 33563 13114 48346 54681 47531 28374 26698 11815

16807 14001 25640 30561 19556 22905 35602 25154 24505 9679 15763 18421 21255 29433 18478 8135 13451 20437 19232 20868 21699 23300 16271 32126 12619 23236 35094 17533 19253 39867 26303 19556 24957 32986 15933 12196 31041 23680 36455 30709 14579 16581 19881 23476 36497 38302 31816 27205 29842 13261

10299 7390 7031 8472 10011 6048 10492 6305 12559 6963 2542 3918 4743 8551 6856 7119 1531 4415 4164 10825 5152 8788 3062 9992 2712 6068 17458 3782 5031 13093 7754 4593 8294 9443 5401 2666 8664 5714 17692 8842 2599 3101 11362 8989 17709 17551 14924 13365 8184 4483

175305 136474 78453 73100 171987 74683 92515 36644 198000 139301 27445 23562 23034 89311 126332 141375 67935 11423 80376 182317 99603 144881 22846 118038 74042 56173 274079 32233 75211 159433 104768 53383 114834 79433 107218 81959 75663 36305 280374 79396 45918 72233 198000 150423 282712 269592 234531 216209 69254 97680

14104 10872 9452 10186 10309 8668 12441 7754 12529 10040 3542 5082 6005 10597 10274 10214 4313 5638 2061 14718 4237 12438 4123 12767 5635 7817 21789 5177 8073 16239 11122 6723 11726 11267 8646 5230 10401 7099 19186 10594 5350 2795 14964 12662 22071 18497 15556 17561 9863 7618

4719 4738 8597 11897 10320 7583 14113 10500 12031 6905 7254 7875 9152 10064 5467 6371 7005 8870 9277 3656 10130 6729 7312 10878 5869 8497 9506 7622 6695 13554 8172 7390 7707 13238 5406 7151 12428 9845 15675 11583 6547 8360 10130 5845 12180 16314 14559 5847 11614 5613

2204 1718 1581 1691 1302 1463 2030 1326 1635 1593 693 924 1063 1760 1628 1619 733 1008 555 2296 390 1953 780 2079 931 1335 3066 939 1298 2600 1756 1171 1846 1853 1384 871 1722 1227 2673 1752 889 505 2041 1987 3108 2532 2090 2723 1643 1229

33087 23443 23170 37575 50155 19559 48702 36072 57236 36022 26166 23493 30494 29263 14919 33813 25682 30655 35084 31815 38614 11166 22333 29102 20982 23524 56025 21214 17380 40178 17905 20255 15978 42538 17975 26288 39775 32512 74738 35911 21002 31291 49368 15978 67091 77038 67697 40884 36405 20830

29547 21819 12087 14277 30208 10393 19877 9670 34960 23989 3801 2252 5847 14071 19650 23844 11199 6260 13471 30993 16984 22873 0 19319 10703 8017 46945 2293 10145 26881 15889 6157 17728 16757 16158 13513 14856 7665 50147 14257 4959 11984 34713 24051 50189 48040 41634 36675 13492 14897

19258 15154 4883 8660 22473 5240 12851 10822 25140 18677 8930 6798 9435 4715 11943 18148 11947 9496 14265 19106 16203 11616 7106 3553 10898 5631 28226 6684 7117 7725 6509 5973 7911 10537 11924 12593 9496 9405 33421 7486 7881 13444 24198 13429 31946 32615 29081 22522 8227 12293

32600 22120 24063 31410 36263 20115 39682 24603 43406 26098 11050 13644 18976 29538 20197 24684 10012 17796 19495 34493 23056 27157 10541 33424 5270 20594 59259 12362 14845 44597 26668 15282 26495 35297 14936 10622 32488 21866 64743 31379 8099 15669 41636 27879 64804 63420 53958 43640 30250 11650

19133 14415 4124 7502 21736 4258 12148 8180 24693 17191 5611 2952 5851 5337 11613 17111 9697 5918 11525 19369 13673 12852 3268 8547 9073 1634 29479 2801 5623 13172 7620 3075 8745 9583 10952 10784 8420 6693 33190 6967 5560 10615 23935 14794 33148 32667 28750 23156 7022 11361

175156 190444 281463 355282 238383 258749 406770 325852 225170 205569 253234 264755 294457 314332 211356 210756 242970 289434 287742 170788 273327 239639 248102 332568 222222 279224 124051 257875 238875 392519 271962 254436 261534 380835 205405 233251 365874 308872 262243 348348 234998 267212 177231 219819 183947 276549 279934 151733 352989 210046

31417 23339 11056 15023 33379 9282 22113 11424 38298 25597 5582 2430 7436 13292 19279 25460 12766 7551 15708 32571 19387 22351 1601 18629 11698 6794 49650 800 9022 26549 15038 4846 16963 18384 18146 14626 16408 8878 52990 15002 5683 14150 36827 24738 53033 52629 45921 39055 14201 16091

22292 15532 8585 15815 27305 6079 22449 14122 31534 21286 7458 6609 10790 12212 11525 20448 11037 10887 16351 22629 18460 14092 5916 13959 8953 7422 37089 5247 2958 20575 9380 4675 9917 18779 10579 12122 17129 11995 44699 15038 5121 14086 30040 16086 42325 43386 37782 28046 15128 11164

35887 29205 12480 18630 41122 13061 25455 22151 45465 34940 19069 15598 19892 12207 23976 34080 23982 19991 27757 35640 30912 23444 16099 10314 22275 13699 50490 15413 16118 8049 15128 14256 17411 21687 23945 25034 19991 19843 58502 16718 17362 26420 43931 26395 56547 57636 51882 41202 17925 24545

12035 8916 3727 7937 15528 2988 11116 8229 17556 12413 5826 4628 6632 5471 6476 11884 7270 6678 9817 11792 10828 6101 4440 5425 6843 4123 18722 4120 3693 8596 2220 3580 3285 9358 7288 8021 8567 7210 23593 7374 4435 8731 16331 7478 21757 23235 20550 14388 7608 8162

16816 12300 4673 8907 19038 3674 13346 7880 21863 14695 4330 2861 5655 6838 9623 14610 7526 5719 9982 17041 12034 11338 2398 8891 6931 3300 26701 1952 3900 13310 6886 1199 7961 10895 8991 8573 9784 6460 29982 8388 3574 9112 21992 12670 30199 29780 26037 20660 8448 9382

33291 24043 13451 25678 45466 10386 35106 25927 51477 34720 17347 15249 21192 18623 16808 32845 22433 21329 29985 32571 32982 15695 14693 18486 19385 13751 53121 13742 10951 27888 8982 12141 7346 30148 19402 23889 27802 22904 67566 24266 14025 26766 46032 19779 62514 69570 61607 40269 24685 21808

946126 772783 372672 171891 941607 399465 229188 203364 1052973 801673 322800 261306 229995 336196 681269 810550 496143 258078 549405 987768 631719 728398 261790 467575 512606 298912 1361570 298428 451435 644793 516318 354111 575875 130895 640112 556184 145421 201588 1394657 221440 377998 514543 1052973 803126 1415639 1359472 1209370 1121245 178024 610899

11074 6516 9745 14620 17265 8055 18070 12049 20125 11582 7198 7592 9802 12191 5780 10692 6792 9607 10578 11927 12000 8559 6353 13369 4891 8961 21336 7495 5951 17830 10200 7109 9514 16229 3176 7028 15116 10875 27174 14096 5378 9051 16956 8848 24582 28075 24330 15579 14222 4326

15829 11730 12055 14909 14887 10463 18181 11400 18098 9950 5307 7379 8870 14516 10865 10202 3806 8340 7557 17293 9159 13994 5984 16447 4154 10495 26946 6793 8459 21470 13235 8116 13697 16483 8500 2992 15221 10444 27326 15353 4886 5837 17073 14319 27353 27097 22842 21406 14443 7022

260549 211357 97602 40426 259264 105128 73603 59561 291477 219479 83331 65940 56946 87232 185247 222003 132614 73007 147849 269818 171160 198738 65986 124584 137295 76540 378755 76494 119995 174969 138442 92233 155375 45566 173638 149685 32993 48961 388070 54606 99025 137846 290926 219984 394035 378067 335391 310337 42170 165240

137814 108160 60774 37261 137095 58008 63568 27330 156514 113056 30982 20497 15076 61549 97731 114578 60691 24757 69875 142959 83983 109515 20525 84066 63513 44425 209073 26860 58395 114439 80082 42378 87468 46721 85421 70981 39142 10262 214743 41936 40442 63900 156127 117123 218284 208713 182987 167828 34439 80359

45190 41683 54470 59493 29821 51403 65177 52117 27688 32544 40378 44494 47243 59211 47631 34351 38581 46820 37823 48504 35461 53659 42775 64357 39250 51465 40960 44335 48318 73399 57395 46882 55712 61907 44450 37012 59475 50292 21387 60630 40660 36889 30385 54285 34060 23696 24243 45428 59070 41092

22574 17974 7146 4104 23542 8089 8618 6428 26371 19848 7822 5211 5621 5744 15256 19762 12226 7047 13579 22804 15670 16305 5658 9081 11939 5543 32644 6154 9417 13583 10795 6937 12308 6121 14604 13612 4997 4907 35329 2829 8519 12693 26231 18261 35444 34157 30344 26490 3636 14436

80057 56481 38011 53182 85773 30699 70728 39587 100523 63100 15801 16494 27925 49316 49862 62659 25677 26917 44210 82915 51564 61965 10086 58183 22567 30846 133135 13847 23134 81255 43390 19877 47404 61209 39209 31140 55409 33472 142906 53119 5043 36309 95817 63289 143032 141855 122313 103360 50787 35364

58028 43758 39723 42962 45043 36260 52917 32225 54677 40086 13627 20427 24504 44777 41119 40854 14800 22884 13348 60736 18235 50669 16196 54356 20636 32504 91957 20846 31401 69686 44861 27673 47528 47737 33928 18849 43884 29335 84235 44763 19379 8098 61825 51661 93199 81191 68206 73289 41538 29391

11687 10319 16111 18256 9625 14832 20714 15620 8793 7559 11041 12598 13719 17960 12502 7885 9913 13320 12732 13667 11825 14853 11550 19329 10071 15090 13193 12158 13052 23103 16310 14031 15654 19439 11261 9301 18490 14901 14420 18590 10725 11440 5775 15097 13994 15320 12357 14935 17905 9951

19812 14312 16981 25818 30875 14743 32575 23312 35262 22118 16250 16268 19856 20756 9331 20750 16000 19556 21825 17087 24012 9543 14550 20656 13087 17100 32087 14856 12481 27518 13718 14262 12525 28893 11225 16375 27181 21506 46393 24875 13050 19475 30675 7275 38943 47856 42043 22706 25093 12993

107792 115691 168663 190737 120397 157010 210766 169251 113618 103562 131938 144628 153760 185526 134768 109304 122750 150511 145721 113954 138325 149278 136084 193650 124879 163256 89976 141042 142499 224408 164573 150483 160511 200373 123367 117764 192641 163396 108212 193454 129361 135188 93057 139110 68042 115551 117288 104178 187935 125748

50320 46673 57109 60151 29943 53921 66703 53124 27725 37172 40919 45381 48057 62039 52583 39050 40589 46994 38262 53765 35074 58814 42605 65905 40553 53307 45922 46572 49175 75966 59473 49220 61003 63303 49184 38958 60774 51227 25572 61352 42752 37291 34927 59519 38748 21302 24143 50567 59235 45803

13547 12443 15576 16502 7348 14610 18481 14368 6676 9565 10672 12024 12834 17069 14205 10134 10572 12512 9867 15145 8902 16103 11183 18240 10561 14424 14940 12384 13172 21287 16292 13186 16755 17451 13197 10078 16686 13794 8777 16860 11227 9573 9046 16305 12767 8172 5591 17640 16219 12151

1568 1572 2542 3371 2975 2287 3928 3020 3140 2117 2205 2361 2682 2911 1756 1983 2142 2611 2713 1300 2927 2073 2174 3115 1857 2517 2006 2297 2064 3788 2435 2239 2318 3664 1740 2179 3495 2856 3556 3292 2072 2483 2603 1850 2678 3717 4040 1087 3300 1792

101089 81178 34056 14036 101528 37057 34221 24448 114155 85625 31329 21905 20807 29883 69009 86632 50983 27212 57059 102699 66392 74352 23899 44780 51935 25656 147937 26114 42986 64873 50343 31915 56510 23076 66429 57791 18025 17622 155129 16909 36673 53106 114118 82825 155275 148907 131888 119151 11949 63080

7969 4856 7095 9693 10916 5941 11999 7886 12864 7029 4190 4847 6351 8766 4903 6421 3907 6030 6493 8552 7464 6801 4001 9570 2614 6560 14979 4498 4503 12617 7978 5294 7448 10753 3124 4073 9987 7090 17673 9684 3335 5450 10694 6998 17196 18323 15742 11047 9376 2000

0 1 12008
0 2 58725
0 3 52377
0 4 43271
0 5 32307
0 6 26373
0 7 14173
0 8 51581
0 9 64838
0 10 26668
0 11 18344
0 12 10181
0 13 27228
0 14 64523
0 15 21766
0 16 26583
0 17 17588
0 18 20545
0 19 24335
0 20 44712
0 21 39792
0 22 65523
0 23 19781
0 24 48638
0 25 17527
0 26 19888
0 27 24965
0 28 57137
0 29 55933
0 30 49482
0 31 50570
0 32 57827
0 33 24078
0 34 48123
0 35 41245
0 36 27760
0 37 50272
0 38 57707
0 39 13092
0 40 41026
0 41 68003
0 42 25547
0 43 13687
0 44 31513
0 45 30697
0 46 57321
0 47 56117
0 48 35777
0 49 32576
1 2 51312
1 3 39439
1 4 41211
1 5 58708
1 6 46117
1 7 31615
1 8 25124
1 9 34409
1 10 55290
1 11 43355
1 12 27718
1 13 30503
1 14 41671
1 15 39243
1 16 53167
1 17 47700
1 18 31993
1 19 69905
1 20 63203
1 21 58475
1 22 63118
1 23 22816
1 24 16061
1 25 25265
1 26 51674
1 27 44508
1 28 65377
1 29 27135
1 30 47984
1 31 10849
1 32 24550
1 33 55631
1 34 68393
1 35 16100
1 36 20502
1 37 43620
1 38 51019
1 39 58214
1 40 10014
1 41 24784
1 42 14803
1 43 27433
1 44 30656
1 45 13581
1 46 43651
1 47 66143
1 48 65683
1 49 11096
2 3 50015
2 4 68376
2 5 24477
2 6 16841
2 7 41137
2 8 65280
2 9 21238
2 10 35544
2 11 45709
2 12 62574
2 13 40249
2 14 17709
2 15 46937
2 16 38453
2 17 44684
2 18 49401
2 19 59451
2 20 27921
2 21 32479
2 22 58480
2 23 18874
2 24 47472
2 25 63825
2 26 58858
2 27 32345
2 28 48604
2 29 23940
2 30 42847
2 31 12871
2 32 46203
2 33 53554
2 34 38606
2 35 39734
2 36 59637
2 37 33994
2 38 32182
2 39 31878
2 40 39332
2 41 49022
2 42 44294
2 43 22328
2 44 16665
2 45 21917
2 46 39850
2 47 63517
2 48 15047
2 49 44362
3 4 56429
3 5 19237
3 6 42662
3 7 60536
3 8 52451
3 9 17202
3 10 50821
3 11 52678
3 12 33943
3 13 14367
3 14 43979
3 15 32825
3 16 53776
3 17 32587
3 18 39765
3 19 45180
3 20 47397
3 21 38613
3 22 64000
3 23 27607
3 24 54267
3 25 47291
3 26 33737
3 27 62908
3 28 61328
3 29 40993
3 30 36263
3 31 15488
3 32 56512
3 33 21566
3 34 35024
3 35 42472
3 36 53868
3 37 35185
3 38 42938
3 39 37024
3 40 53954
3 41 28645
3 42 10637
3 43 41724
3 44 31533
3 45 39976
3 46 42887
3 47 44188
3 48 49892
3 49 45677
4 5 55206
4 6 30042
4 7 68290
4 8 53295
4 9 14373
4 10 34785
4 11 37339
4 12 18723
4 13 17688
4 14 42645
4 15 29517
4 16 63371
4 17 60790
4 18 58156
4 19 36018
4 20 58302
4 21 31038
4 22 26651
4 23 63573
4 24 36908
4 25 32970
4 26 68977
4 27 21476
4 28 64638
4 29 34501
4 30 34738
4 31 52609
4 32 59127
4 33 32021
4 34 14081
4 35 60173
4 36 45616
4 37 47081
4 38 16892
4 39 38565
4 40 51304
4 41 11846
4 42 28198
4 43 34334
4 44 18839
4 45 26472
4 46 55558
4 47 38039
4 48 18833
4 49 34673
5 6 24451
5 7 51651
5 8 12411
5 9 52334
5 10 35738
5 11 53104
5 12 48788
5 13 33675
5 14 44625
5 15 32526
5 16 23197
5 17 63394
5 18 60785
5 19 19793
5 20 34197
5 21 22533
5 22 35665
5 23 38716
5 24 59268
5 25 23732
5 26 44654
5 27 44752
5 28 28139
5 29 33132
5 30 32790
5 31 58933
5 32 11010
5 33 21095
5 34 26464
5 35 61413
5 36 18058
5 37 29310
5 38 20835
5 39 24504
5 40 21780
5 41 37814
5 42 11425
5 43 46229
5 44 47347
5 45 11385
5 46 31373
5 47 22476
5 48 55350
5 49 24178
6 7 43515
6 8 28828
6 9 32242
6 10 38002
6 11 25220
6 12 19534
6 13 33447
6 14 59788
6 15 26267
6 16 43492
6 17 11731
6 18 40103
6 19 35197
6 20 31839
6 21 28855
6 22 58714
6 23 64313
6 24 56649
6 25 68385
6 26 35985
6 27 19861
6 28 26959
6 29 35572
6 30 20884
6 31 55468
6 32 45454
6 33 29255
6 34 33008
6 35 10841
6 36 17703
6 37 67217
6 38 58420
6 39 26665
6 40 30790
6 41 12424
6 42 51360
6 43 44999
6 44 68298
6 45 27770
6 46 52410
6 47 63559
6 48 36791
6 49 46126
7 8 56322
7 9 20999
7 10 43016
7 11 13148
7 12 58803
7 13 19209
7 14 33919
7 15 42721
7 16 10271
7 17 26303
7 18 54643
7 19 17751
7 20 23665
7 21 67622
7 22 13181
7 23 52959
7 24 57067
7 25 29882
7 26 61232
7 27 64224
7 28 65547
7 29 35981
7 30 61419
7 31 47450
7 32 29126
7 33 36611
7 34 14180
7 35 40822
7 36 34730
7 37 21005
7 38 48544
7 39 40119
7 40 10627
7 41 44752
7 42 35735
7 43 54599
7 44 55114
7 45 63453
7 46 55634
7 47 14576
7 48 11009
7 49 18529
8 9 28255
8 10 45738
8 11 30500
8 12 33600
8 13 27060
8 14 23712
8 15 30073
8 16 68603
8 17 63793
8 18 29795
8 19 63782
8 20 61793
8 21 30504
8 22 66880
8 23 50262
8 24 49407
8 25 43816
8 26 40558
8 27 48241
8 28 16065
8 29 34230
8 30 35692
8 31 30946
8 32 16465
8 33 53849
8 34 39998
8 35 62213
8 36 39751
8 37 40866
8 38 56934
8 39 54744
8 40 32349
8 41 27839
8 42 59229
8 43 33417
8 44 37733
8 45 37776
8 46 18304
8 47 40425
8 48 49813
8 49 63733
9 10 14610
9 11 17955
9 12 21367
9 13 23697
9 14 36301
9 15 47347
9 16 63354
9 17 27909
9 18 37618
9 19 60582
9 20 15327
9 21 11481
9 22 29784
9 23 14752
9 24 45236
9 25 55761
9 26 30784
9 27 36912
9 28 55242
9 29 16805
9 30 61754
9 31 22898
9 32 49339
9 33 50397
9 34 34838
9 35 25013
9 36 48394
9 37 30148
9 38 11104
9 39 44128
9 40 33386
9 41 38891
9 42 12661
9 43 62673
9 44 59116
9 45 22151
9 46 53632
9 47 48684
9 48 18560
9 49 52633
10 11 49116
10 12 26268
10 13 60493
10 14 62041
10 15 47669
10 16 14291
10 17 68762
10 18 31577
10 19 15338
10 20 35679
10 21 23730
10 22 58029
10 23 25583
10 24 43037
10 25 68498
10 26 20246
10 27 59670
10 28 41477
10 29 25636
10 30 18113
10 31 36039
10 32 64361
10 33 68291
10 34 12577
10 35 16541
10 36 20787
10 37 52438
10 38 16689
10 39 11882
10 40 44868
10 41 41750
10 42 60700
10 43 34334
10 44 11583
10 45 68400
10 46 43275
10 47 44805
10 48 11945
10 49 66279
11 12 23077
11 13 19130
11 14 22148
11 15 69034
11 16 12293
11 17 68564
11 18 47649
11 19 68628
11 20 38086
11 21 13231
11 22 49284
11 23 25719
11 24 48774
11 25 26548
11 26 69973
11 27 67945
11 28 38352
11 29 23267
11 30 21347
11 31 69337
11 32 59570
11 33 37154
11 34 50920
11 35 41921
11 36 35097
11 37 25029
11 38 35839
11 39 63293
11 40 43976
11 41 68037
11 42 45373
11 43 33352
11 44 49410
11 45 54225
11 46 35273
11 47 14398
11 48 64169
11 49 28414
12 13 20038
12 14 30448
12 15 24543
12 16 62221
12 17 52577
12 18 31348
12 19 18060
12 20 36855
12 21 61719
12 22 57159
12 23 13179
12 24 31887
12 25 37652
12 26 65999
12 27 56893
12 28 43262
12 29 27453
12 30 54771
12 31 39188
12 32 22379
12 33 68858
12 34 51024
12 35 15816
12 36 36705
12 37 44439
12 38 15017
12 39 67953
12 40 28774
12 41 52245
12 42 10130
12 43 15538
12 44 12421
12 45 13456
12 46 41340
12 47 10536
12 48 67114
12 49 40150
13 14 29018
13 15 32370
13 16 56205
13 17 45939
13 18 20779
13 19 17182
13 20 22202
13 21 67030
13 22 41269
13 23 32078
13 24 48264
13 25 43587
13 26 44530
13 27 39675
13 28 56223
13 29 56135
13 30 58495
13 31 37316
13 32 51666
13 33 48627
13 34 36204
13 35 44702
13 36 57941
13 37 37092
13 38 57005
13 39 39253
13 40 24704
13 41 21225
13 42 23317
13 43 67231
13 44 63429
13 45 27485
13 46 14576
13 47 15680
13 48 47112
13 49 61392
14 15 16469
14 16 28076
14 17 44179
14 18 23620
14 19 20690
14 20 32805
14 21 68419
14 22 37332
14 23 37634
14 24 33980
14 25 30635
14 26 25691
14 27 48970
14 28 34158
14 29 52031
14 30 65751
14 31 27998
14 32 65614
14 33 21699
14 34 36066
14 35 14813
14 36 46839
14 37 45606
14 38 61320
14 39 15088
14 40 10656
14 41 19469
14 42 49990
14 43 60423
14 44 50873
14 45 66052
14 46 43659
14 47 13156
14 48 28931
14 49 61213
15 16 59949
15 17 32925
15 18 45610
15 19 40961
15 20 48123
15 21 28582
15 22 60828
15 23 17831
15 24 62842
15 25 44967
15 26 29765
15 27 56692
15 28 67773
15 29 45403
15 30 51057
15 31 60758
15 32 32642
15 33 67795
15 34 22214
15 35 11534
15 36 63861
15 37 51821
15 38 10871
15 39 61860
15 40 46963
15 41 13780
15 42 20551
15 43 36505
15 44 50322
15 45 47733
15 46 14876
15 47 38737
15 48 52175
15 49 12122
16 17 54345
16 18 67432
16 19 46476
16 20 69248
16 21 15258
16 22 53764
16 23 40640
16 24 25301
16 25 24370
16 26 35867
16 27 30067
16 28 38775
16 29 18445
16 30 38814
16 31 46749
16 32 67714
16 33 57297
16 34 45654
16 35 20752
16 36 60177
16 37 12363
16 38 20935
16 39 67839
16 40 60546
16 41 18043
16 42 29605
16 43 66366
16 44 15759
16 45 32244
16 46 18136
16 47 28214
16 48 42793
16 49 47349
17 18 28342
17 19 29701
17 20 50463
17 21 28813
17 22 17771
17 23 27634
17 24 51565
17 25 37435
17 26 52845
17 27 35902
17 28 51317
17 29 45881
17 30 46197
17 31 41655
17 32 22312
17 33 63789
17 34 43457
17 35 61877
17 36 58259
17 37 51670
17 38 50047
17 39 53404
17 40 47687
17 41 69135
17 42 57344
17 43 31840
17 44 12241
17 45 64466
17 46 38169
17 47 57428
17 48 21478
17 49 33839
18 19 41059
18 20 45208
18 21 36408
18 22 14405
18 23 38888
18 24 50772
18 25 45000
18 26 49811
18 27 27650
18 28 37358
18 29 45724
18 30 68329
18 31 47002
18 32 30727
18 33 13326
18 34 56121
18 35 46636
18 36 16408
18 37 24560
18 38 32203
18 39 21326
18 40 12727
18 41 29236
18 42 55022
18 43 66893
18 44 43129
18 45 33261
18 46 22864
18 47 63567
18 48 35096
18 49 40862
19 20 53982
19 21 18899
19 22 33246
19 23 23907
19 24 29612
19 25 34778
19 26 57911
19 27 51230
19 28 67252
19 29 31666
19 30 57093
19 31 48191
19 32 31543
19 33 32605
19 34 15003
19 35 67857
19 36 23670
19 37 62080
19 38 16567
19 39 32366
19 40 41221
19 41 34871
19 42 17510
19 43 38418
19 44 30576
19 45 21495
19 46 21364
19 47 66683
19 48 67796
19 49 65899
20 21 35460
20 22 14489
20 23 46864
20 24 26046
20 25 48908
20 26 55963
20 27 48261
20 28 15614
20 29 63287
20 30 36886
20 31 10469
20 32 20589
20 33 14420
20 34 67445
20 35 12913
20 36 64072
20 37 33452
20 38 53855
20 39 41482
20 40 30100
20 41 24667
20 42 66872
20 43 39601
20 44 25052
20 45 22871
20 46 59455
20 47 66673
20 48 47878
20 49 53670
21 22 26014
21 23 15020
21 24 37661
21 25 31352
21 26 51493
21 27 57770
21 28 25930
21 29 66712
21 30 41718
21 31 37993
21 32 35553
21 33 15061
21 34 40556
21 35 61406
21 36 25532
21 37 66463
21 38 20715
21 39 64337
21 40 52660
21 41 36245
21 42 54877
21 43 24803
21 44 62805
21 45 36313
21 46 47829
21 47 33997
21 48 21522
21 49 64744
22 23 53497
22 24 13218
22 25 43930
22 26 53280
22 27 23868
22 28 69374
22 29 39659
22 30 19739
22 31 25986
22 32 38047
22 33 46058
22 34 56018
22 35 35019
22 36 63623
22 37 25427
22 38 41325
22 39 20869
22 40 44306
22 41 33280
22 42 15796
22 43 41555
22 44 56381
22 45 29845
22 46 14807
22 47 30663
22 48 67327
22 49 49920
23 24 56961
23 25 63362
23 26 40537
23 27 15303
23 28 54065
23 29 59109
23 30 47323
23 31 58661
23 32 35890
23 33 47346
23 34 20488
23 35 54744
23 36 19376
23 37 10854
23 38 61184
23 39 60049
23 40 68418
23 41 41434
23 42 14904
23 43 17170
23 44 39262
23 45 66397
23 46 31373
23 47 48762
23 48 51628
23 49 58590
24 25 59652
24 26 30115
24 27 61445
24 28 15732
24 29 48096
24 30 67128
24 31 61897
24 32 51822
24 33 51652
24 34 44827
24 35 44327
24 36 40205
24 37 26284
24 38 65667
24 39 11427
24 40 49084
24 41 63944
24 42 60108
24 43 30169
24 44 50724
24 45 14326
24 46 21132
24 47 29118
24 48 52080
24 49 41002
25 26 10742
25 27 58133
25 28 23734
25 29 26266
25 30 61385
25 31 40012
25 32 55125
25 33 16020
25 34 68402
25 35 30130
25 36 10808
25 37 39682
25 38 43383
25 39 63951
25 40 12276
25 41 18724
25 42 16635
25 43 20317
25 44 23978
25 45 16124
25 46 43332
25 47 58536
25 48 22796
25 49 16396
26 27 30746
26 28 13029
26 29 37335
26 30 56199
26 31 44217
26 32 38886
26 33 51455
26 34 62215
26 35 20819
26 36 54813
26 37 28171
26 38 52864
26 39 49777
26 40 56313
26 41 35957
26 42 26476
26 43 41940
26 44 30962
26 45 14922
26 46 22697
26 47 10015
26 48 14688
26 49 65546
27 28 52265
27 29 22139
27 30 53867
27 31 40719
27 32 68165
27 33 68132
27 34 25774
27 35 59892
27 36 33497
27 37 50812
27 38 43811
27 39 14324
27 40 47577
27 41 50797
27 42 68513
27 43 25520
27 44 65413
27 45 54209
27 46 20673
27 47 16013
27 48 24481
27 49 16022
28 29 50939
28 30 25210
28 31 40451
28 32 11599
28 33 28109
28 34 13475
28 35 32966
28 36 24304
28 37 43320
28 38 48610
28 39 20188
28 40 54366
28 41 60453
28 42 52404
28 43 17229
28 44 57894
28 45 67045
28 46 15308
28 47 45478
28 48 18110
28 49 35534
29 30 48330
29 31 42210
29 32 56331
29 33 45162
29 34 20616
29 35 34114
29 36 28916
29 37 31714
29 38 42205
29 39 36099
29 40 63463
29 41 69555
29 42 13344
29 43 28382
29 44 27677
29 45 69392
29 46 55120
29 47 34993
29 48 59837
29 49 42745
30 31 68210
30 32 41788
30 33 34130
30 34 41151
30 35 45149
30 36 39139
30 37 43098
30 38 50087
30 39 26433
30 40 34248
30 41 65089
30 42 16470
30 43 54300
30 44 58012
30 45 54323
30 46 57295
30 47 40321
30 48 22364
30 49 35289
31 32 13492
31 33 63469
31 34 51754
31 35 47678
31 36 25713
31 37 66662
31 38 14574
31 39 26307
31 40 18312
31 41 28859
31 42 57448
31 43 63434
31 44 32069
31 45 16530
31 46 64560
31 47 40653
31 48 54961
31 49 53387
32 33 13394
32 34 34908
32 35 61529
32 36 21773
32 37 36025
32 38 53499
32 39 51391
32 40 53366
32 41 51894
32 42 49935
32 43 46908
32 44 24748
32 45 40989
32 46 52224
32 47 32228
32 48 65370
32 49 33030
33 34 67433
33 35 40905
33 36 57015
33 37 59991
33 38 53972
33 39 31929
33 40 22927
33 41 50491
33 42 54138
33 43 62032
33 44 35220
33 45 66992
33 46 38029
33 47 19408
33 48 67546
33 49 66382
34 35 33350
34 36 26891
34 37 10571
34 38 63583
34 39 60969
34 40 34586
34 41 65688
34 42 19463
34 43 68828
34 44 61418
34 45 10869
34 46 54197
34 47 30335
34 48 38650
34 49 36044
35 36 59213
35 37 15024
35 38 46111
35 39 35691
35 40 12843
35 41 67911
35 42 43261
35 43 42506
35 44 56131
35 45 30571
35 46 18087
35 47 12311
35 48 13043
35 49 55889
36 37 26880
36 38 19430
36 39 47679
36 40 11254
36 41 42754
36 42 42541
36 43 66309
36 44 49378
36 45 46756
36 46 58646
36 47 65922
36 48 46788
36 49 53363
37 38 66293
37 39 24450
37 40 64452
37 41 16820
37 42 60128
37 43 64688
37 44 57346
37 45 64679
37 46 49391
37 47 36692
37 48 43263
37 49 53357
38 39 12688
38 40 53831
38 41 29641
38 42 41280
38 43 23601
38 44 20822
38 45 63413
38 46 34639
38 47 48494
38 48 57627
38 49 69474
39 40 68432
39 41 55999
39 42 43987
39 43 51277
39 44 63875
39 45 42976
39 46 46145
39 47 51253
39 48 54905
39 49 15861
40 41 25611
40 42 23369
40 43 65520
40 44 22282
40 45 16761
40 46 11806
40 47 36973
40 48 16670
40 49 53419
41 42 41009
41 43 18264
41 44 25001
41 45 42955
41 46 14539
41 47 13813
41 48 23587
41 49 56027
42 43 22379
42 44 17877
42 45 11046
42 46 46417
42 47 29831
42 48 37009
42 49 50703
43 44 24448
43 45 57723
43 46 62050
43 47 29826
43 48 21683
43 49 29218
44 45 21118
44 46 57626
44 47 22466
44 48 25044
44 49 11019
45 46 21333
45 47 41647
45 48 27179
45 49 44018
46 47 55437
46 48 32299
46 49 33883
47 48 34940
47 49 25707
48 49 54427
