50 50 1225
25000 25000 25000 25000 25000 25000 25000 25000 25000 25000 25000 25000 25000 25000 25000 25000 25000 25000 25000 25000 25000 25000 0 25000 25000 25000 25000 25000 25000 25000 25000 25000 25000 25000 25000 25000 25000 25000 25000 25000 25000 25000 25000 25000 25000 25000 25000 25000 25000 25000
2609 3292 6739 8933 6803 5984 10355 7650 8084 4246 5219 5776 6641 7816 4374 3847 5033 6429 6719 3660 7358 5396 5219 8345 4182 6387 7391 5542 5038 10349 6400 5558 6051 9568 3792 4898 9064 7159 11178 8697 4781 6033 6661 5299 8845 11656 9977 5301 8663 3947

2368 1148 3204 4509 4028 2752 5457 3845 4791 2504 2396 2628 3220 3859 1838 2266 2285 3117 3299 2596 3680 2582 2296 4205 1779 2994 5115 2491 2189 5399 3046 2499 2838 4940 1446 2351 4642 3507 6634 4369 2035 2890 3943 2607 5984 6919 5919 3574 4385 1538

38119 28711 4914 17161 44553 7030 26409 19622 50450 35490 13876 9147 14977 9987 21848 35330 20546 15111 25670 37312 29954 23679 9828 13734 19303 6568 57472 8895 11180 22957 12390 7341 15489 21294 21806 22713 18992 16657 67393 15523 12297 23856 48568 27686 66066 66973 59161 44864 16203 22621

94158 75406 32372 11548 94124 35112 29982 21024 105322 79267 29681 21275 20071 28595 64292 80186 47630 25921 53179 95094 61702 69206 23096 42165 48700 24701 135170 25118 40527 60515 47246 30416 52911 19804 61669 53847 15191 17163 141838 16712 34762 49569 105288 76944 142841 137025 121516 110118 12183 58878

1432 1277 1715 1883 566 1580 2152 1577 838 876 1061 1250 1363 1923 1524 955 1016 1318 949 1655 814 1789 1133 2087 1015 1583 2005 1269 1379 2512 1815 1381 1823 2008 1383 947 1901 1497 1685 1925 1108 908 1169 1798 2040 1600 1240 2003 1836 1237

29389 21549 6421 15994 35203 3514 23701 16197 40108 27663 10383 7483 12332 10627 15840 27251 15232 12444 20193 28704 23757 17769 7029 12654 13919 6260 45474 6253 6966 20326 9090 4947 10956 19446 15805 17035 17517 13730 54202 15093 8371 18684 38375 21102 52622 53852 47354 34986 15197 16483

181956 151443 81972 45118 179349 86890 28499 43134 199791 153664 65767 58805 48555 75277 138615 155294 97584 53176 107361 187467 122469 147325 56998 99391 102384 68433 259515 65619 96429 131920 108338 78565 118381 37594 126439 108605 40319 50569 262507 54213 78328 100962 199791 160389 266358 256048 228497 214099 46244 120958

70158 56137 33391 20160 68960 32030 26544 6370 78353 57158 16770 13571 8861 34044 51550 57907 31390 10985 35882 72690 42824 57376 12741 45125 33595 25346 105796 16702 32220 60071 42892 24339 46527 21820 44649 36454 21085 12128 107171 24366 22542 32942 78353 60248 108940 104203 91544 84928 20704 42130

1719 1555 2020 2186 797 1877 2480 1869 697 1127 1324 1525 1646 2242 1817 1211 1359 1593 1205 1956 1061 2099 1395 2416 1275 1880 1940 1538 1663 2869 2127 1665 2135 2327 1668 1203 2218 1789 1599 2239 1374 1156 1050 2109 1977 1509 1125 2149 2144 1511

1038 879 1459 1709 1024 1320 1995 1402 1305 464 869 1050 1181 1674 1133 546 738 1134 1066 1268 1206 1406 928 1875 768 1323 1950 999 1145 2314 1562 1115 1500 1846 988 667 1736 1318 1983 1748 832 916 1087 1416 1986 2088 1720 1628 1668 837

282030 211282 141015 156813 275986 123980 205925 104130 324205 216434 12638 46089 66146 165880 198300 220212 86408 58178 109075 294806 144106 241573 25277 212999 97536 105504 461992 48149 106122 288418 178793 81738 185456 180442 162789 111960 161484 89774 468792 165811 55499 94239 323380 245901 477721 453818 389938 356556 149807 140603

50691 38013 17684 20961 51754 16554 32069 15322 59686 41572 8429 1231 9073 20938 32781 41335 20566 9254 24295 52228 30058 37595 2463 29549 19775 11074 79235 3830 16712 41956 25571 10170 28589 26227 28724 24385 23131 11333 83247 20927 10350 21854 59166 41335 84557 81009 70500 62387 19673 26656

87703 68425 38207 29484 86090 36375 42477 15319 98955 70203 15832 11526 5185 43485 62653 71210 35513 11563 41561 91111 50906 70496 10371 57448 38482 27377 135275 15741 36631 77569 50998 26021 55891 35788 53362 42330 30731 11599 137529 32581 23565 37602 98735 74362 139911 133534 116492 107586 27615 49972

8994 7014 1953 3076 10270 2400 5044 4089 11525 8342 3428 2289 3530 1217 5553 8308 5162 3558 5938 8844 6878 5947 2434 2672 4897 1741 13134 2275 3283 4634 3544 2352 4204 3955 5544 5623 3465 3423 15131 2520 3406 5551 11125 6799 14963 15041 13379 10451 2868 5718

22109 13806 17181 27575 34163 13983 36054 25399 39559 23393 16297 15828 21148 21809 7310 21709 15513 20779 22678 21463 25368 12569 14621 24038 11931 16866 39913 14091 11169 32479 15843 13360 14375 31372 9640 15974 29250 22701 52897 26598 12776 19787 33563 13114 48346 54681 47531 28374 26698 11815

16807 14001 25640 30561 19556 22905 35602 25154 24505 9679 15763 18421 21255 29433 18478 8135 13451 20437 19232 20868 21699 23300 16271 32126 12619 23236 35094 17533 19253 39867 26303 19556 24957 32986 15933 12196 31041 23680 36455 30709 14579 16581 19881 23476 36497 38302 31816 27205 29842 13261

10299 7390 7031 8472 10011 6048 10492 6305 12559 6963 2542 3918 4743 8551 6856 7119 1531 4415 4164 10825 5152 8788 3062 9992 2712 6068 17458 3782 5031 13093 7754 4593 8294 9443 5401 2666 8664 5714 17692 8842 2599 3101 11362 8989 17709 17551 14924 13365 8184 4483

175305 136474 78453 73100 171987 74683 92515 36644 198000 139301 27445 23562 23034 89311 126332 141375 67935 11423 80376 182317 99603 144881 22846 118038 74042 56173 274079 32233 75211 159433 104768 53383 114834 79433 107218 81959 75663 36305 280374 79396 45918 72233 198000 150423 282712 269592 234531 216209 69254 97680

14104 10872 9452 10186 10309 8668 12441 7754 12529 10040 3542 5082 6005 10597 10274 10214 4313 5638 2061 14718 4237 12438 4123 12767 5635 7817 21789 5177 8073 16239 11122 6723 11726 11267 8646 5230 10401 7099 19186 10594 5350 2795 14964 12662 22071 18497 15556 17561 9863 7618

4719 4738 8597 11897 10320 7583 14113 10500 12031 6905 7254 7875 9152 10064 5467 6371 7005 8870 9277 3656 10130 6729 7312 10878 5869 8497 9506 7622 6695 13554 8172 7390 7707 13238 5406 7151 12428 9845 15675 11583 6547 8360 10130 5845 12180 16314 14559 5847 11614 5613

2204 1718 1581 1691 1302 1463 2030 1326 1635 1593 693 924 1063 1760 1628 1619 733 1008 555 2296 390 1953 780 2079 931 1335 3066 939 1298 2600 1756 1171 1846 1853 1384 871 1722 1227 2673 1752 889 505 2041 1987 3108 2532 2090 2723 1643 1229

33087 23443 23170 37575 50155 19559 48702 36072 57236 36022 26166 23493 30494 29263 14919 33813 25682 30655 35084 31815 38614 11166 22333 29102 20982 23524 56025 21214 17380 40178 17905 20255 15978 42538 17975 26288 39775 32512 74738 35911 21002 31291 49368 15978 67091 77038 67697 40884 36405 20830

29547 21819 12087 14277 30208 10393 19877 9670 34960 23989 3801 2252 5847 14071 19650 23844 11199 6260 13471 30993 16984 22873 0 19319 10703 8017 46945 2293 10145 26881 15889 6157 17728 16757 16158 13513 14856 7665 50147 14257 4959 11984 34713 24051 50189 48040 41634 36675 13492 14897

19258 15154 4883 8660 22473 5240 12851 10822 25140 18677 8930 6798 9435 4715 11943 18148 11947 9496 14265 19106 16203 11616 7106 3553 10898 5631 28226 6684 7117 7725 6509 5973 7911 10537 11924 12593 9496 9405 33421 7486 7881 13444 24198 13429 31946 32615 29081 22522 8227 12293

32600 22120 24063 31410 36263 20115 39682 24603 43406 26098 11050 13644 18976 29538 20197 24684 10012 17796 19495 34493 23056 27157 10541 33424 5270 20594 59259 12362 14845 44597 26668 15282 26495 35297 14936 10622 32488 21866 64743 31379 8099 15669 41636 27879 64804 63420 53958 43640 30250 11650

19133 14415 4124 7502 21736 4258 12148 8180 24693 17191 5611 2952 5851 5337 11613 17111 9697 5918 11525 19369 13673 12852 3268 8547 9073 1634 29479 2801 5623 13172 7620 3075 8745 9583 10952 10784 8420 6693 33190 6967 5560 10615 23935 14794 33148 32667 28750 23156 7022 11361

175156 190444 281463 355282 238383 258749 406770 325852 225170 205569 253234 264755 294457 314332 211356 210756 242970 289434 287742 170788 273327 239639 248102 332568 222222 279224 124051 257875 238875 392519 271962 254436 261534 380835 205405 233251 365874 308872 262243 348348 234998 267212 177231 219819 183947 276549 279934 151733 352989 210046

31417 23339 11056 15023 33379 9282 22113 11424 38298 25597 5582 2430 7436 13292 19279 25460 12766 7551 15708 32571 19387 22351 1601 18629 11698 6794 49650 800 9022 26549 15038 4846 16963 18384 18146 14626 16408 8878 52990 15002 5683 14150 36827 24738 53033 52629 45921 39055 14201 16091

22292 15532 8585 15815 27305 6079 22449 14122 31534 21286 7458 6609 10790 12212 11525 20448 11037 10887 16351 22629 18460 14092 5916 13959 8953 7422 37089 5247 2958 20575 9380 4675 9917 18779 10579 12122 17129 11995 44699 15038 5121 14086 30040 16086 42325 43386 37782 28046 15128 11164

35887 29205 12480 18630 41122 13061 25455 22151 45465 34940 19069 15598 19892 12207 23976 34080 23982 19991 27757 35640 30912 23444 16099 10314 22275 13699 50490 15413 16118 8049 15128 14256 17411 21687 23945 25034 19991 19843 58502 16718 17362 26420 43931 26395 56547 57636 51882 41202 17925 24545

12035 8916 3727 7937 15528 2988 11116 8229 17556 12413 5826 4628 6632 5471 6476 11884 7270 6678 9817 11792 10828 6101 4440 5425 6843 4123 18722 4120 3693 8596 2220 3580 3285 9358 7288 8021 8567 7210 23593 7374 4435 8731 16331 7478 21757 23235 20550 14388 7608 8162

16816 12300 4673 8907 19038 3674 13346 7880 21863 14695 4330 2861 5655 6838 9623 14610 7526 5719 9982 17041 12034 11338 2398 8891 6931 3300 26701 1952 3900 13310 6886 1199 7961 10895 8991 8573 9784 6460 29982 8388 3574 9112 21992 12670 30199 29780 26037 20660 8448 9382

33291 24043 13451 25678 45466 10386 35106 25927 51477 34720 17347 15249 21192 18623 16808 32845 22433 21329 29985 32571 32982 15695 14693 18486 19385 13751 53121 13742 10951 27888 8982 12141 7346 30148 19402 23889 27802 22904 67566 24266 14025 26766 46032 19779 62514 69570 61607 40269 24685 21808

946126 772783 372672 171891 941607 399465 229188 203364 1052973 801673 322800 261306 229995 336196 681269 810550 496143 258078 549405 987768 631719 728398 261790 467575 512606 298912 1361570 298428 451435 644793 516318 354111 575875 130895 640112 556184 145421 201588 1394657 221440 377998 514543 1052973 803126 1415639 1359472 1209370 1121245 178024 610899

11074 6516 9745 14620 17265 8055 18070 12049 20125 11582 7198 7592 9802 12191 5780 10692 6792 9607 10578 11927 12000 8559 6353 13369 4891 8961 21336 7495 5951 17830 10200 7109 9514 16229 3176 7028 15116 10875 27174 14096 5378 9051 16956 8848 24582 28075 24330 15579 14222 4326

15829 11730 12055 14909 14887 10463 18181 11400 18098 9950 5307 7379 8870 14516 10865 10202 3806 8340 7557 17293 9159 13994 5984 16447 4154 10495 26946 6793 8459 21470 13235 8116 13697 16483 8500 2992 15221 10444 27326 15353 4886 5837 17073 14319 27353 27097 22842 21406 14443 7022

260549 211357 97602 40426 259264 105128 73603 59561 291477 219479 83331 65940 56946 87232 185247 222003 132614 73007 147849 269818 171160 198738 65986 124584 137295 76540 378755 76494 119995 174969 138442 92233 155375 45566 173638 149685 32993 48961 388070 54606 99025 137846 290926 219984 394035 378067 335391 310337 42170 165240

137814 108160 60774 37261 137095 58008 63568 27330 156514 113056 30982 20497 15076 61549 97731 114578 60691 24757 69875 142959 83983 109515 20525 84066 63513 44425 209073 26860 58395 114439 80082 42378 87468 46721 85421 70981 39142 10262 214743 41936 40442 63900 156127 117123 218284 208713 182987 167828 34439 80359

45190 41683 54470 59493 29821 51403 65177 52117 27688 32544 40378 44494 47243 59211 47631 34351 38581 46820 37823 48504 35461 53659 42775 64357 39250 51465 40960 44335 48318 73399 57395 46882 55712 61907 44450 37012 59475 50292 21387 60630 40660 36889 30385 54285 34060 23696 24243 45428 59070 41092

22574 17974 7146 4104 23542 8089 8618 6428 26371 19848 7822 5211 5621 5744 15256 19762 12226 7047 13579 22804 15670 16305 5658 9081 11939 5543 32644 6154 9417 13583 10795 6937 12308 6121 14604 13612 4997 4907 35329 2829 8519 12693 26231 18261 35444 34157 30344 26490 3636 14436

80057 56481 38011 53182 85773 30699 70728 39587 100523 63100 15801 16494 27925 49316 49862 62659 25677 26917 44210 82915 51564 61965 10086 58183 22567 30846 133135 13847 23134 81255 43390 19877 47404 61209 39209 31140 55409 33472 142906 53119 5043 36309 95817 63289 143032 141855 122313 103360 50787 35364

58028 43758 39723 42962 45043 36260 52917 32225 54677 40086 13627 20427 24504 44777 41119 40854 14800 22884 13348 60736 18235 50669 16196 54356 20636 32504 91957 20846 31401 69686 44861 27673 47528 47737 33928 18849 43884 29335 84235 44763 19379 8098 61825 51661 93199 81191 68206 73289 41538 29391

11687 10319 16111 18256 9625 14832 20714 15620 8793 7559 11041 12598 13719 17960 12502 7885 9913 13320 12732 13667 11825 14853 11550 19329 10071 15090 13193 12158 13052 23103 16310 14031 15654 19439 11261 9301 18490 14901 14420 18590 10725 11440 5775 15097 13994 15320 12357 14935 17905 9951

19812 14312 16981 25818 30875 14743 32575 23312 35262 22118 16250 16268 19856 20756 9331 20750 16000 19556 21825 17087 24012 9543 14550 20656 13087 17100 32087 14856 12481 27518 13718 14262 12525 28893 11225 16375 27181 21506 46393 24875 13050 19475 30675 7275 38943 47856 42043 22706 25093 12993

107792 115691 168663 190737 120397 157010 210766 169251 113618 103562 131938 144628 153760 185526 134768 109304 122750 150511 145721 113954 138325 149278 136084 193650 124879 163256 89976 141042 142499 224408 164573 150483 160511 200373 123367 117764 192641 163396 108212 193454 129361 135188 93057 139110 68042 115551 117288 104178 187935 125748

50320 46673 57109 60151 29943 53921 66703 53124 27725 37172 40919 45381 48057 62039 52583 39050 40589 46994 38262 53765 35074 58814 42605 65905 40553 53307 45922 46572 49175 75966 59473 49220 61003 63303 49184 38958 60774 51227 25572 61352 42752 37291 34927 59519 38748 21302 24143 50567 59235 45803

13547 12443 15576 16502 7348 14610 18481 14368 6676 9565 10672 12024 12834 17069 14205 10134 10572 12512 9867 15145 8902 16103 11183 18240 10561 14424 14940 12384 13172 21287 16292 13186 16755 17451 13197 10078 16686 13794 8777 16860 11227 9573 9046 16305 12767 8172 5591 17640 16219 12151

1568 1572 2542 3371 2975 2287 3928 3020 3140 2117 2205 2361 2682 2911 1756 1983 2142 2611 2713 1300 2927 2073 2174 3115 1857 2517 2006 2297 2064 3788 2435 2239 2318 3664 1740 2179 3495 2856 3556 3292 2072 2483 2603 1850 2678 3717 4040 1087 3300 1792

101089 81178 34056 14036 101528 37057 34221 24448 114155 85625 31329 21905 20807 29883 69009 86632 50983 27212 57059 102699 66392 74352 23899 44780 51935 25656 147937 26114 42986 64873 50343 31915 56510 23076 66429 57791 18025 17622 155129 16909 36673 53106 114118 82825 155275 148907 131888 119151 11949 63080

7969 4856 7095 9693 10916 5941 11999 7886 12864 7029 4190 4847 6351 8766 4903 6421 3907 6030 6493 8552 7464 6801 4001 9570 2614 6560 14979 4498 4503 12617 7978 5294 7448 10753 3124 4073 9987 7090 17673 9684 3335 5450 10694 6998 17196 18323 15742 11047 9376 2000

0 1 58985
0 2 25665
0 3 57285
0 4 57043
0 5 19778
0 6 15323
0 7 69093
0 8 20616
0 9 32092
0 10 27944
0 11 48270
0 12 48622
0 13 19011
0 14 61028
0 15 26575
0 16 16450
0 17 45919
0 18 43221
0 19 11754
0 20 26559
0 21 28552
0 22 47842
0 23 20076
0 24 30398
0 25 50482
0 26 28472
0 27 47587
0 28 31293
0 29 18066
0 30 30508
0 31 37128
0 32 52906
0 33 59074
0 34 48956
0 35 59095
0 36 25066
0 37 40101
0 38 47997
0 39 51367
0 40 35050
0 41 35793
0 42 39658
0 43 50616
0 44 59979
0 45 25977
0 46 36028
0 47 23797
0 48 32505
0 49 47765
1 2 16405
1 3 43328
1 4 57212
1 5 24379
1 6 66311
1 7 46308
1 8 40301
1 9 51236
1 10 51834
1 11 37263
1 12 33239
1 13 28652
1 14 12699
1 15 44554
1 16 21674
1 17 49370
1 18 25533
1 19 25902
1 20 38832
1 21 50659
1 22 25084
1 23 32856
1 24 41773
1 25 31697
1 26 48649
1 27 55421
1 28 54905
1 29 61156
1 30 22876
1 31 35513
1 32 24383
1 33 65333
1 34 40285
1 35 55365
1 36 40572
1 37 23316
1 38 29344
1 39 17394
1 40 62969
1 41 51077
1 42 40756
1 43 43507
1 44 29629
1 45 25970
1 46 36726
1 47 19759
1 48 69070
1 49 57377
2 3 15383
2 4 27529
2 5 68767
2 6 31612
2 7 53370
2 8 31933
2 9 20802
2 10 54310
2 11 28565
2 12 19924
2 13 28833
2 14 57051
2 15 53729
2 16 36669
2 17 24606
2 18 11210
2 19 33141
2 20 42297
2 21 35937
2 22 62724
2 23 45620
2 24 68351
2 25 16724
2 26 14333
2 27 46831
2 28 13484
2 29 50151
2 30 51224
2 31 33698
2 32 65735
2 33 44643
2 34 20998
2 35 62037
2 36 66046
2 37 23556
2 38 49986
2 39 26132
2 40 45600
2 41 43703
2 42 34497
2 43 64191
2 44 52551
2 45 64869
2 46 57279
2 47 54372
2 48 55927
2 49 26312
3 4 63153
3 5 50220
3 6 49028
3 7 60673
3 8 29306
3 9 20056
3 10 16013
3 11 57543
3 12 64294
3 13 44844
3 14 38781
3 15 46973
3 16 10984
3 17 45426
3 18 63066
3 19 30189
3 20 22793
3 21 58122
3 22 16891
3 23 57188
3 24 31953
3 25 43807
3 26 27355
3 27 44829
3 28 49437
3 29 34848
3 30 62091
3 31 46982
3 32 22223
3 33 26340
3 34 26851
3 35 14212
3 36 59643
3 37 67818
3 38 53834
3 39 69083
3 40 28602
3 41 56457
3 42 40593
3 43 33959
3 44 53665
3 45 40952
3 46 49685
3 47 15184
3 48 43046
3 49 43550
4 5 20758
4 6 42246
4 7 29153
4 8 43288
4 9 61422
4 10 55126
4 11 27966
4 12 32334
4 13 15574
4 14 21293
4 15 57805
4 16 34996
4 17 49235
4 18 42102
4 19 14409
4 20 24883
4 21 66119
4 22 61920
4 23 39898
4 24 64611
4 25 56636
4 26 54049
4 27 34024
4 28 15865
4 29 15381
4 30 65190
4 31 58459
4 32 43380
4 33 13071
4 34 26327
4 35 57487
4 36 68999
4 37 64693
4 38 21582
4 39 15184
4 40 32264
4 41 32282
4 42 42774
4 43 59049
4 44 38609
4 45 18501
4 46 33968
4 47 43042
4 48 34654
4 49 25535
5 6 66297
5 7 58544
5 8 32980
5 9 68920
5 10 54181
5 11 27107
5 12 65924
5 13 22759
5 14 48399
5 15 53689
5 16 42591
5 17 53513
5 18 35502
5 19 52964
5 20 39021
5 21 17489
5 22 11521
5 23 30615
5 24 25623
5 25 21767
5 26 69991
5 27 16250
5 28 54615
5 29 47317
5 30 43522
5 31 16376
5 32 35900
5 33 61730
5 34 52796
5 35 64262
5 36 19546
5 37 47136
5 38 44137
5 39 34625
5 40 39990
5 41 35917
5 42 27971
5 43 48600
5 44 13881
5 45 11953
5 46 59627
5 47 42573
5 48 20922
5 49 29633
6 7 21702
6 8 51888
6 9 61998
6 10 55019
6 11 39479
6 12 38601
6 13 68741
6 14 52154
6 15 13038
6 16 65650
6 17 59375
6 18 67026
6 19 64989
6 20 40881
6 21 16607
6 22 45983
6 23 50761
6 24 62261
6 25 23248
6 26 21600
6 27 69629
6 28 28549
6 29 44719
6 30 61434
6 31 44162
6 32 31028
6 33 67393
6 34 48892
6 35 10359
6 36 44646
6 37 22992
6 38 11628
6 39 14853
6 40 49217
6 41 53874
6 42 47180
6 43 41018
6 44 28226
6 45 42785
6 46 66199
6 47 19450
6 48 16836
6 49 21635
7 8 45577
7 9 41854
7 10 65312
7 11 67205
7 12 48599
7 13 13534
7 14 66511
7 15 54986
7 16 17264
7 17 39421
7 18 44447
7 19 57856
7 20 55505
7 21 34226
7 22 26853
7 23 48070
7 24 10559
7 25 49006
7 26 41122
7 27 15516
7 28 24622
7 29 50243
7 30 42811
7 31 54826
7 32 27586
7 33 51918
7 34 39158
7 35 45384
7 36 26136
7 37 53357
7 38 58176
7 39 11772
7 40 54056
7 41 30959
7 42 63342
7 43 11253
7 44 21878
7 45 65451
7 46 53077
7 47 11117
7 48 40876
7 49 15401
8 9 35514
8 10 61050
8 11 26748
8 12 60992
8 13 18539
8 14 16363
8 15 56246
8 16 54127
8 17 16503
8 18 33906
8 19 13228
8 20 25775
8 21 45986
8 22 69673
8 23 46279
8 24 53249
8 25 68564
8 26 66148
8 27 55058
8 28 19292
8 29 62608
8 30 56194
8 31 29331
8 32 64795
8 33 62053
8 34 66919
8 35 24410
8 36 40642
8 37 15938
8 38 43611
8 39 58095
8 40 66715
8 41 61159
8 42 61028
8 43 62707
8 44 16167
8 45 62328
8 46 10522
8 47 45386
8 48 23845
8 49 60371
9 10 45424
9 11 69811
9 12 41530
9 13 22735
9 14 34320
9 15 68353
9 16 46545
9 17 36603
9 18 48433
9 19 50598
9 20 50978
9 21 59666
9 22 30938
9 23 23169
9 24 38844
9 25 31900
9 26 31026
9 27 33040
9 28 13814
9 29 20401
9 30 35661
9 31 11873
9 32 20970
9 33 52484
9 34 34139
9 35 20356
9 36 66008
9 37 69321
9 38 11428
9 39 38082
9 40 38735
9 41 33597
9 42 58046
9 43 65021
9 44 45116
9 45 42698
9 46 36880
9 47 49336
9 48 49400
9 49 37253
10 11 54902
10 12 31360
10 13 60337
10 14 20561
10 15 19524
10 16 44741
10 17 51329
10 18 14372
10 19 31328
10 20 43940
10 21 63871
10 22 67222
10 23 63915
10 24 68601
10 25 44730
10 26 59559
10 27 62520
10 28 23247
10 29 17953
10 30 44622
10 31 48803
10 32 42088
10 33 54055
10 34 12212
10 35 34909
10 36 48180
10 37 65496
10 38 49531
10 39 34665
10 40 45430
10 41 63042
10 42 29028
10 43 34965
10 44 38420
10 45 42435
10 46 36747
10 47 35111
10 48 54075
10 49 57999
11 12 37253
11 13 45144
11 14 18040
11 15 63541
11 16 42755
11 17 48407
11 18 27602
11 19 55879
11 20 63364
11 21 31610
11 22 30114
11 23 47532
11 24 64340
11 25 68400
11 26 34513
11 27 47407
11 28 22011
11 29 43552
11 30 29544
11 31 53974
11 32 31652
11 33 46837
11 34 16535
11 35 38589
11 36 56265
11 37 44388
11 38 43302
11 39 52297
11 40 60915
11 41 52410
11 42 49801
11 43 53547
11 44 18720
11 45 58216
11 46 30545
11 47 43268
11 48 17276
11 49 44155
12 13 55526
12 14 36415
12 15 52001
12 16 37228
12 17 22724
12 18 29297
12 19 60223
12 20 65420
12 21 44228
12 22 68190
12 23 42418
12 24 10269
12 25 41301
12 26 34216
12 27 29995
12 28 51445
12 29 23821
12 30 60017
12 31 55016
12 32 57477
12 33 36771
12 34 24083
12 35 31186
12 36 69723
12 37 11174
12 38 37419
12 39 67024
12 40 49260
12 41 47578
12 42 65959
12 43 48201
12 44 25799
12 45 31617
12 46 10548
12 47 69414
12 48 50725
12 49 41151
13 14 42235
13 15 63368
13 16 46808
13 17 52576
13 18 14488
13 19 18268
13 20 30630
13 21 69929
13 22 29772
13 23 40346
13 24 52856
13 25 27740
13 26 44949
13 27 17781
13 28 42395
13 29 33188
13 30 30326
13 31 22941
13 32 21099
13 33 47714
13 34 57822
13 35 22040
13 36 18181
13 37 47746
13 38 12804
13 39 26229
13 40 46408
13 41 51769
13 42 50179
13 43 13385
13 44 27539
13 45 27205
13 46 29481
13 47 57704
13 48 48368
13 49 45224
14 15 57753
14 16 57347
14 17 21938
14 18 22944
14 19 55890
14 20 59458
14 21 25847
14 22 43656
14 23 19834
14 24 18601
14 25 26318
14 26 27943
14 27 55009
14 28 29085
14 29 17418
14 30 35920
14 31 27926
14 32 50162
14 33 61065
14 34 67310
14 35 68632
14 36 45606
14 37 40700
14 38 56859
14 39 32656
14 40 54259
14 41 20323
14 42 61126
14 43 30555
14 44 65061
14 45 50873
14 46 22201
14 47 56954
14 48 51367
14 49 31821
15 16 61327
15 17 11797
15 18 57638
15 19 22547
15 20 59383
15 21 29013
15 22 36882
15 23 58550
15 24 11020
15 25 50924
15 26 59782
15 27 63416
15 28 43300
15 29 17050
15 30 41093
15 31 39696
15 32 12030
15 33 35705
15 34 50343
15 35 23221
15 36 36160
15 37 26073
15 38 47923
15 39 33755
15 40 36432
15 41 57729
15 42 12828
15 43 40902
15 44 44219
15 45 37147
15 46 53177
15 47 14085
15 48 38336
15 49 57579
16 17 54396
16 18 61110
16 19 19386
16 20 26303
16 21 34511
16 22 48957
16 23 31089
16 24 29862
16 25 54184
16 26 46397
16 27 51422
16 28 10068
16 29 46739
16 30 56158
16 31 20297
16 32 36459
16 33 20889
16 34 27953
16 35 47456
16 36 30289
16 37 60666
16 38 15615
16 39 12284
16 40 58376
16 41 38946
16 42 51224
16 43 51021
16 44 21319
16 45 68150
16 46 69188
16 47 30270
16 48 62196
16 49 42272
17 18 14139
17 19 67110
17 20 34400
17 21 33674
17 22 22236
17 23 41844
17 24 58779
17 25 11738
17 26 57511
17 27 10351
17 28 23224
17 29 55364
17 30 29653
17 31 60763
17 32 23146
17 33 68352
17 34 55468
17 35 28065
17 36 29591
17 37 26235
17 38 54050
17 39 18793
17 40 35222
17 41 61888
17 42 52347
17 43 10621
17 44 13445
17 45 54336
17 46 37972
17 47 21301
17 48 20839
17 49 44756
18 19 51467
18 20 52527
18 21 20913
18 22 55591
18 23 33194
18 24 26848
18 25 27619
18 26 23854
18 27 23680
18 28 41891
18 29 46813
18 30 26576
18 31 14031
18 32 68608
18 33 23882
18 34 33882
18 35 12539
18 36 42761
18 37 51524
18 38 31120
18 39 35440
18 40 39487
18 41 69409
18 42 65730
18 43 20521
18 44 16566
18 45 30201
18 46 14823
18 47 37372
18 48 61807
18 49 23149
19 20 22957
19 21 44804
19 22 15492
19 23 26774
19 24 67399
19 25 27285
19 26 11625
19 27 32931
19 28 16135
19 29 34977
19 30 67138
19 31 58548
19 32 32115
19 33 51746
19 34 19880
19 35 28668
19 36 56935
19 37 54907
19 38 56153
19 39 18096
19 40 30247
19 41 69494
19 42 28427
19 43 29228
19 44 42230
19 45 59967
19 46 52088
19 47 30386
19 48 17141
19 49 17182
20 21 43379
20 22 49858
20 23 65675
20 24 11798
20 25 49150
20 26 24436
20 27 57979
20 28 67621
20 29 22707
20 30 53672
20 31 23760
20 32 37010
20 33 34859
20 34 22756
20 35 35881
20 36 59021
20 37 32140
20 38 18631
20 39 52700
20 40 45995
20 41 43027
20 42 43951
20 43 50713
20 44 37412
20 45 34775
20 46 24710
20 47 67427
20 48 20735
20 49 15469
21 22 40639
21 23 29781
21 24 29666
21 25 47596
21 26 22441
21 27 25078
21 28 64851
21 29 25220
21 30 19111
21 31 46728
21 32 35707
21 33 10311
21 34 26390
21 35 44842
21 36 42730
21 37 36969
21 38 34365
21 39 45734
21 40 51376
21 41 58681
21 42 56332
21 43 28607
21 44 38217
21 45 56338
21 46 28817
21 47 36556
21 48 10921
21 49 11294
22 23 47310
22 24 54437
22 25 39151
22 26 36114
22 27 20860
22 28 60251
22 29 61531
22 30 68759
22 31 65396
22 32 65399
22 33 13897
22 34 47293
22 35 51156
22 36 53591
22 37 53421
22 38 69389
22 39 20077
22 40 53476
22 41 17936
22 42 55448
22 43 57790
22 44 10089
22 45 37336
22 46 63537
22 47 62566
22 48 56345
22 49 17026
23 24 41883
23 25 13840
23 26 52963
23 27 23064
23 28 54345
23 29 48882
23 30 48722
23 31 23763
23 32 64671
23 33 22574
23 34 27227
23 35 63609
23 36 48995
23 37 46053
23 38 65343
23 39 11684
23 40 53965
23 41 65405
23 42 39138
23 43 55633
23 44 54314
23 45 64008
23 46 10390
23 47 69911
23 48 55676
23 49 36174
24 25 38748
24 26 60021
24 27 28662
24 28 19437
24 29 31858
24 30 63936
24 31 62997
24 32 55456
24 33 44162
24 34 58322
24 35 18310
24 36 27865
24 37 12805
24 38 50114
24 39 16614
24 40 37738
24 41 12423
24 42 53106
24 43 30185
24 44 57795
24 45 50016
24 46 10571
24 47 17425
24 48 41501
24 49 39821
25 26 22769
25 27 61210
25 28 45888
25 29 34763
25 30 28850
25 31 68642
25 32 53091
25 33 27051
25 34 44854
25 35 65093
25 36 41984
25 37 50734
25 38 54476
25 39 41286
25 40 16099
25 41 58505
25 42 38295
25 43 35855
25 44 43732
25 45 66537
25 46 44699
25 47 38226
25 48 18948
25 49 30340
26 27 68865
26 28 29157
26 29 13248
26 30 26108
26 31 58050
26 32 50053
26 33 47559
26 34 35722
26 35 18275
26 36 32742
26 37 28547
26 38 33645
26 39 37163
26 40 57389
26 41 23500
26 42 42618
26 43 45867
26 44 65919
26 45 38018
26 46 13191
26 47 22126
26 48 69275
26 49 58156
27 28 18244
27 29 26575
27 30 61142
27 31 36617
27 32 51073
27 33 53010
27 34 16244
27 35 58895
27 36 31579
27 37 53342
27 38 50230
27 39 15878
27 40 50133
27 41 13019
27 42 54042
27 43 14406
27 44 33958
27 45 45976
27 46 18807
27 47 52591
27 48 66374
27 49 41046
28 29 44815
28 30 64184
28 31 31057
28 32 23893
28 33 35239
28 34 67413
28 35 24127
28 36 31133
28 37 61607
28 38 13159
28 39 32872
28 40 53369
28 41 28081
28 42 20616
28 43 14265
28 44 39777
28 45 47956
28 46 21827
28 47 24192
28 48 59357
28 49 31843
29 30 67507
29 31 57203
29 32 56844
29 33 30531
29 34 17080
29 35 51843
29 36 37787
29 37 39114
29 38 60731
29 39 66417
29 40 58812
29 41 43525
29 42 32443
29 43 49063
29 44 13500
29 45 68571
29 46 59580
29 47 66000
29 48 47288
29 49 12780
30 31 46287
30 32 57522
30 33 30899
30 34 28829
30 35 12719
30 36 31194
30 37 12325
30 38 14874
30 39 28789
30 40 22921
30 41 31195
30 42 46001
30 43 43618
30 44 57200
30 45 34886
30 46 41627
30 47 57307
30 48 51600
30 49 58489
31 32 18892
31 33 38380
31 34 29092
31 35 11158
31 36 41826
31 37 54256
31 38 64940
31 39 42591
31 40 62579
31 41 49296
31 42 63467
31 43 52464
31 44 51707
31 45 66947
31 46 60682
31 47 46441
31 48 59349
31 49 52365
32 33 21879
32 34 18759
32 35 49822
32 36 14804
32 37 44819
32 38 52057
32 39 29956
32 40 53530
32 41 48239
32 42 61222
32 43 18471
32 44 65958
32 45 56310
32 46 21432
32 47 23572
32 48 30452
32 49 23673
33 34 31860
33 35 44931
33 36 50963
33 37 26763
33 38 23500
33 39 67077
33 40 36495
33 41 45730
33 42 17966
33 43 28590
33 44 66058
33 45 59027
33 46 26911
33 47 23993
33 48 50755
33 49 52927
34 35 67514
34 36 15632
34 37 13960
34 38 47849
34 39 45467
34 40 13547
34 41 56594
34 42 18735
34 43 46182
34 44 21189
34 45 18578
34 46 38788
34 47 49169
34 48 12853
34 49 20447
35 36 68892
35 37 49990
35 38 56439
35 39 49625
35 40 24115
35 41 45567
35 42 16111
35 43 19644
35 44 39427
35 45 52172
35 46 40771
35 47 27185
35 48 62593
35 49 28692
36 37 38983
36 38 27579
36 39 23454
36 40 55104
36 41 64224
36 42 46886
36 43 62526
36 44 48705
36 45 57320
36 46 59835
36 47 56880
36 48 56419
36 49 45463
37 38 39915
37 39 22663
37 40 69854
37 41 27747
37 42 55874
37 43 37707
37 44 53799
37 45 18412
37 46 52974
37 47 19491
37 48 22279
37 49 32733
38 39 12614
38 40 56826
38 41 13616
38 42 38991
38 43 60345
38 44 68491
38 45 33301
38 46 30337
38 47 10144
38 48 62857
38 49 56327
39 40 50980
39 41 24911
39 42 13685
39 43 69987
39 44 15657
39 45 46031
39 46 61636
39 47 24773
39 48 35883
39 49 48633
40 41 18022
40 42 39668
40 43 33813
40 44 39108
40 45 36459
40 46 40644
40 47 31089
40 48 67912
40 49 59098
41 42 61192
41 43 46853
41 44 57239
41 45 65927
41 46 11820
41 47 29834
41 48 45240
41 49 28740
42 43 18921
42 44 21073
42 45 21929
42 46 39817
42 47 54972
42 48 14481
42 49 38385
43 44 63488
43 45 58335
43 46 69505
43 47 21535
43 48 60290
43 49 39946
44 45 63809
44 46 60686
44 47 20095
44 48 17808
44 49 23988
45 46 21404
45 47 48662
45 48 57417
45 49 38317
46 47 23076
46 48 21732
46 49 14851
47 48 59690
47 49 53022
48 49 39741
