50 50 1103
25000 25000 25000 25000 25000 25000 25000 25000 25000 25000 25000 25000 25000 25000 25000 25000 25000 25000 25000 25000 25000 25000 0 25000 25000 25000 25000 25000 25000 25000 25000 25000 25000 25000 25000 25000 25000 25000 25000 25000 25000 25000 25000 25000 25000 25000 25000 25000 25000 25000
2609 3292 6739 8933 6803 5984 10355 7650 8084 4246 5219 5776 6641 7816 4374 3847 5033 6429 6719 3660 7358 5396 5219 8345 4182 6387 7391 5542 5038 10349 6400 5558 6051 9568 3792 4898 9064 7159 11178 8697 4781 6033 6661 5299 8845 11656 9977 5301 8663 3947

2368 1148 3204 4509 4028 2752 5457 3845 4791 2504 2396 2628 3220 3859 1838 2266 2285 3117 3299 2596 3680 2582 2296 4205 1779 2994 5115 2491 2189 5399 3046 2499 2838 4940 1446 2351 4642 3507 6634 4369 2035 2890 3943 2607 5984 6919 5919 3574 4385 1538

38119 28711 4914 17161 44553 7030 26409 19622 50450 35490 13876 9147 14977 9987 21848 35330 20546 15111 25670 37312 29954 23679 9828 13734 19303 6568 57472 8895 11180 22957 12390 7341 15489 21294 21806 22713 18992 16657 67393 15523 12297 23856 48568 27686 66066 66973 59161 44864 16203 22621

94158 75406 32372 11548 94124 35112 29982 21024 105322 79267 29681 21275 20071 28595 64292 80186 47630 25921 53179 95094 61702 69206 23096 42165 48700 24701 135170 25118 40527 60515 47246 30416 52911 19804 61669 53847 15191 17163 141838 16712 34762 49569 105288 76944 142841 137025 121516 110118 12183 58878

1432 1277 1715 1883 566 1580 2152 1577 838 876 1061 1250 1363 1923 1524 955 1016 1318 949 1655 814 1789 1133 2087 1015 1583 2005 1269 1379 2512 1815 1381 1823 2008 1383 947 1901 1497 1685 1925 1108 908 1169 1798 2040 1600 1240 2003 1836 1237

29389 21549 6421 15994 35203 3514 23701 16197 40108 27663 10383 7483 12332 10627 15840 27251 15232 12444 20193 28704 23757 17769 7029 12654 13919 6260 45474 6253 6966 20326 9090 4947 10956 19446 15805 17035 17517 13730 54202 15093 8371 18684 38375 21102 52622 53852 47354 34986 15197 16483

181956 151443 81972 45118 179349 86890 28499 43134 199791 153664 65767 58805 48555 75277 138615 155294 97584 53176 107361 187467 122469 147325 56998 99391 102384 68433 259515 65619 96429 131920 108338 78565 118381 37594 126439 108605 40319 50569 262507 54213 78328 100962 199791 160389 266358 256048 228497 214099 46244 120958

70158 56137 33391 20160 68960 32030 26544 6370 78353 57158 16770 13571 8861 34044 51550 57907 31390 10985 35882 72690 42824 57376 12741 45125 33595 25346 105796 16702 32220 60071 42892 24339 46527 21820 44649 36454 21085 12128 107171 24366 22542 32942 78353 60248 108940 104203 91544 84928 20704 42130

1719 1555 2020 2186 797 1877 2480 1869 697 1127 1324 1525 1646 2242 1817 1211 1359 1593 1205 1956 1061 2099 1395 2416 1275 1880 1940 1538 1663 2869 2127 1665 2135 2327 1668 1203 2218 1789 1599 2239 1374 1156 1050 2109 1977 1509 1125 2149 2144 1511

1038 879 1459 1709 1024 1320 1995 1402 1305 464 869 1050 1181 1674 1133 546 738 1134 1066 1268 1206 1406 928 1875 768 1323 1950 999 1145 2314 1562 1115 1500 1846 988 667 1736 1318 1983 1748 832 916 1087 1416 1986 2088 1720 1628 1668 837

282030 211282 141015 156813 275986 123980 205925 104130 324205 216434 12638 46089 66146 165880 198300 220212 86408 58178 109075 294806 144106 241573 25277 212999 97536 105504 461992 48149 106122 288418 178793 81738 185456 180442 162789 111960 161484 89774 468792 165811 55499 94239 323380 245901 477721 453818 389938 356556 149807 140603

50691 38013 17684 20961 51754 16554 32069 15322 59686 41572 8429 1231 9073 20938 32781 41335 20566 9254 24295 52228 30058 37595 2463 29549 19775 11074 79235 3830 16712 41956 25571 10170 28589 26227 28724 24385 23131 11333 83247 20927 10350 21854 59166 41335 84557 81009 70500 62387 19673 26656

87703 68425 38207 29484 86090 36375 42477 15319 98955 70203 15832 11526 5185 43485 62653 71210 35513 11563 41561 91111 50906 70496 10371 57448 38482 27377 135275 15741 36631 77569 50998 26021 55891 35788 53362 42330 30731 11599 137529 32581 23565 37602 98735 74362 139911 133534 116492 107586 27615 49972

8994 7014 1953 3076 10270 2400 5044 4089 11525 8342 3428 2289 3530 1217 5553 8308 5162 3558 5938 8844 6878 5947 2434 2672 4897 1741 13134 2275 3283 4634 3544 2352 4204 3955 5544 5623 3465 3423 15131 2520 3406 5551 11125 6799 14963 15041 13379 10451 2868 5718

22109 13806 17181 27575 34163 13983 36054 25399 39559 23393 16297 15828 21148 21809 7310 21709 15513 20779 22678 21463 25368 12569 14621 24038 11931 16866 39913 14091 11169 32479 15843 13360 14375 31372 9640 15974 29250 22701 52897 26598 12776 19787 33563 13114 48346 54681 47531 28374 26698 11815

16807 14001 25640 30561 19556 22905 35602 25154 24505 9679 15763 18421 21255 29433 18478 8135 13451 20437 19232 20868 21699 23300 16271 32126 12619 23236 35094 17533 19253 39867 26303 19556 24957 32986 15933 12196 31041 23680 36455 30709 14579 16581 19881 23476 36497 38302 31816 27205 29842 13261

10299 7390 7031 8472 10011 6048 10492 6305 12559 6963 2542 3918 4743 8551 6856 7119 1531 4415 4164 10825 5152 8788 3062 9992 2712 6068 17458 3782 5031 13093 7754 4593 8294 9443 5401 2666 8664 5714 17692 8842 2599 3101 11362 8989 17709 17551 14924 13365 8184 4483

175305 136474 78453 73100 171987 74683 92515 36644 198000 139301 27445 23562 23034 89311 126332 141375 67935 11423 80376 182317 99603 144881 22846 118038 74042 56173 274079 32233 75211 159433 104768 53383 114834 79433 107218 81959 75663 36305 280374 79396 45918 72233 198000 150423 282712 269592 234531 216209 69254 97680

14104 10872 9452 10186 10309 8668 12441 7754 12529 10040 3542 5082 6005 10597 10274 10214 4313 5638 2061 14718 4237 12438 4123 12767 5635 7817 21789 5177 8073 16239 11122 6723 11726 11267 8646 5230 10401 7099 19186 10594 5350 2795 14964 12662 22071 18497 15556 17561 9863 7618

4719 4738 8597 11897 10320 7583 14113 10500 12031 6905 7254 7875 9152 10064 5467 6371 7005 8870 9277 3656 10130 6729 7312 10878 5869 8497 9506 7622 6695 13554 8172 7390 7707 13238 5406 7151 12428 9845 15675 11583 6547 8360 10130 5845 12180 16314 14559 5847 11614 5613

2204 1718 1581 1691 1302 1463 2030 1326 1635 1593 693 924 1063 1760 1628 1619 733 1008 555 2296 390 1953 780 2079 931 1335 3066 939 1298 2600 1756 1171 1846 1853 1384 871 1722 1227 2673 1752 889 505 2041 1987 3108 2532 2090 2723 1643 1229

33087 23443 23170 37575 50155 19559 48702 36072 57236 36022 26166 23493 30494 29263 14919 33813 25682 30655 35084 31815 38614 11166 22333 29102 20982 23524 56025 21214 17380 40178 17905 20255 15978 42538 17975 26288 39775 32512 74738 35911 21002 31291 49368 15978 67091 77038 67697 40884 36405 20830

29547 21819 12087 14277 30208 10393 19877 9670 34960 23989 3801 2252 5847 14071 19650 23844 11199 6260 13471 30993 16984 22873 0 19319 10703 8017 46945 2293 10145 26881 15889 6157 17728 16757 16158 13513 14856 7665 50147 14257 4959 11984 34713 24051 50189 48040 41634 36675 13492 14897

19258 15154 4883 8660 22473 5240 12851 10822 25140 18677 8930 6798 9435 4715 11943 18148 11947 9496 14265 19106 16203 11616 7106 3553 10898 5631 28226 6684 7117 7725 6509 5973 7911 10537 11924 12593 9496 9405 33421 7486 7881 13444 24198 13429 31946 32615 29081 22522 8227 12293

32600 22120 24063 31410 36263 20115 39682 24603 43406 26098 11050 13644 18976 29538 20197 24684 10012 17796 19495 34493 23056 27157 10541 33424 5270 20594 59259 12362 14845 44597 26668 15282 26495 35297 14936 10622 32488 21866 64743 31379 8099 15669 41636 27879 64804 63420 53958 43640 30250 11650

19133 14415 4124 7502 21736 4258 12148 8180 24693 17191 5611 2952 5851 5337 11613 17111 9697 5918 11525 19369 13673 12852 3268 8547 9073 1634 29479 2801 5623 13172 7620 3075 8745 9583 10952 10784 8420 6693 33190 6967 5560 10615 23935 14794 33148 32667 28750 23156 7022 11361

175156 190444 281463 355282 238383 258749 406770 325852 225170 205569 253234 264755 294457 314332 211356 210756 242970 289434 287742 170788 273327 239639 248102 332568 222222 279224 124051 257875 238875 392519 271962 254436 261534 380835 205405 233251 365874 308872 262243 348348 234998 267212 177231 219819 183947 276549 279934 151733 352989 210046

31417 23339 11056 15023 33379 9282 22113 11424 38298 25597 5582 2430 7436 13292 19279 25460 12766 7551 15708 32571 19387 22351 1601 18629 11698 6794 49650 800 9022 26549 15038 4846 16963 18384 18146 14626 16408 8878 52990 15002 5683 14150 36827 24738 53033 52629 45921 39055 14201 16091

22292 15532 8585 15815 27305 6079 22449 14122 31534 21286 7458 6609 10790 12212 11525 20448 11037 10887 16351 22629 18460 14092 5916 13959 8953 7422 37089 5247 2958 20575 9380 4675 9917 18779 10579 12122 17129 11995 44699 15038 5121 14086 30040 16086 42325 43386 37782 28046 15128 11164

35887 29205 12480 18630 41122 13061 25455 22151 45465 34940 19069 15598 19892 12207 23976 34080 23982 19991 27757 35640 30912 23444 16099 10314 22275 13699 50490 15413 16118 8049 15128 14256 17411 21687 23945 25034 19991 19843 58502 16718 17362 26420 43931 26395 56547 57636 51882 41202 17925 24545

12035 8916 3727 7937 15528 2988 11116 8229 17556 12413 5826 4628 6632 5471 6476 11884 7270 6678 9817 11792 10828 6101 4440 5425 6843 4123 18722 4120 3693 8596 2220 3580 3285 9358 7288 8021 8567 7210 23593 7374 4435 8731 16331 7478 21757 23235 20550 14388 7608 8162

16816 12300 4673 8907 19038 3674 13346 7880 21863 14695 4330 2861 5655 6838 9623 14610 7526 5719 9982 17041 12034 11338 2398 8891 6931 3300 26701 1952 3900 13310 6886 1199 7961 10895 8991 8573 9784 6460 29982 8388 3574 9112 21992 12670 30199 29780 26037 20660 8448 9382

33291 24043 13451 25678 45466 10386 35106 25927 51477 34720 17347 15249 21192 18623 16808 32845 22433 21329 29985 32571 32982 15695 14693 18486 19385 13751 53121 13742 10951 27888 8982 12141 7346 30148 19402 23889 27802 22904 67566 24266 14025 26766 46032 19779 62514 69570 61607 40269 24685 21808

946126 772783 372672 171891 941607 399465 229188 203364 1052973 801673 322800 261306 229995 336196 681269 810550 496143 258078 549405 987768 631719 728398 261790 467575 512606 298912 1361570 298428 451435 644793 516318 354111 575875 130895 640112 556184 145421 201588 1394657 221440 377998 514543 1052973 803126 1415639 1359472 1209370 1121245 178024 610899

11074 6516 9745 14620 17265 8055 18070 12049 20125 11582 7198 7592 9802 12191 5780 10692 6792 9607 10578 11927 12000 8559 6353 13369 4891 8961 21336 7495 5951 17830 10200 7109 9514 16229 3176 7028 15116 10875 27174 14096 5378 9051 16956 8848 24582 28075 24330 15579 14222 4326

15829 11730 12055 14909 14887 10463 18181 11400 18098 9950 5307 7379 8870 14516 10865 10202 3806 8340 7557 17293 9159 13994 5984 16447 4154 10495 26946 6793 8459 21470 13235 8116 13697 16483 8500 2992 15221 10444 27326 15353 4886 5837 17073 14319 27353 27097 22842 21406 14443 7022

260549 211357 97602 40426 259264 105128 73603 59561 291477 219479 83331 65940 56946 87232 185247 222003 132614 73007 147849 269818 171160 198738 65986 124584 137295 76540 378755 76494 119995 174969 138442 92233 155375 45566 173638 149685 32993 48961 388070 54606 99025 137846 290926 219984 394035 378067 335391 310337 42170 165240

137814 108160 60774 37261 137095 58008 63568 27330 156514 113056 30982 20497 15076 61549 97731 114578 60691 24757 69875 142959 83983 109515 20525 84066 63513 44425 209073 26860 58395 114439 80082 42378 87468 46721 85421 70981 39142 10262 214743 41936 40442 63900 156127 117123 218284 208713 182987 167828 34439 80359

45190 41683 54470 59493 29821 51403 65177 52117 27688 32544 40378 44494 47243 59211 47631 34351 38581 46820 37823 48504 35461 53659 42775 64357 39250 51465 40960 44335 48318 73399 57395 46882 55712 61907 44450 37012 59475 50292 21387 60630 40660 36889 30385 54285 34060 23696 24243 45428 59070 41092

22574 17974 7146 4104 23542 8089 8618 6428 26371 19848 7822 5211 5621 5744 15256 19762 12226 7047 13579 22804 15670 16305 5658 9081 11939 5543 32644 6154 9417 13583 10795 6937 12308 6121 14604 13612 4997 4907 35329 2829 8519 12693 26231 18261 35444 34157 30344 26490 3636 14436

80057 56481 38011 53182 85773 30699 70728 39587 100523 63100 15801 16494 27925 49316 49862 62659 25677 26917 44210 82915 51564 61965 10086 58183 22567 30846 133135 13847 23134 81255 43390 19877 47404 61209 39209 31140 55409 33472 142906 53119 5043 36309 95817 63289 143032 141855 122313 103360 50787 35364

58028 43758 39723 42962 45043 36260 52917 32225 54677 40086 13627 20427 24504 44777 41119 40854 14800 22884 13348 60736 18235 50669 16196 54356 20636 32504 91957 20846 31401 69686 44861 27673 47528 47737 33928 18849 43884 29335 84235 44763 19379 8098 61825 51661 93199 81191 68206 73289 41538 29391

11687 10319 16111 18256 9625 14832 20714 15620 8793 7559 11041 12598 13719 17960 12502 7885 9913 13320 12732 13667 11825 14853 11550 19329 10071 15090 13193 12158 13052 23103 16310 14031 15654 19439 11261 9301 18490 14901 14420 18590 10725 11440 5775 15097 13994 15320 12357 14935 17905 9951

19812 14312 16981 25818 30875 14743 32575 23312 35262 22118 16250 16268 19856 20756 9331 20750 16000 19556 21825 17087 24012 9543 14550 20656 13087 17100 32087 14856 12481 27518 13718 14262 12525 28893 11225 16375 27181 21506 46393 24875 13050 19475 30675 7275 38943 47856 42043 22706 25093 12993

107792 115691 168663 190737 120397 157010 210766 169251 113618 103562 131938 144628 153760 185526 134768 109304 122750 150511 145721 113954 138325 149278 136084 193650 124879 163256 89976 141042 142499 224408 164573 150483 160511 200373 123367 117764 192641 163396 108212 193454 129361 135188 93057 139110 68042 115551 117288 104178 187935 125748

50320 46673 57109 60151 29943 53921 66703 53124 27725 37172 40919 45381 48057 62039 52583 39050 40589 46994 38262 53765 35074 58814 42605 65905 40553 53307 45922 46572 49175 75966 59473 49220 61003 63303 49184 38958 60774 51227 25572 61352 42752 37291 34927 59519 38748 21302 24143 50567 59235 45803

13547 12443 15576 16502 7348 14610 18481 14368 6676 9565 10672 12024 12834 17069 14205 10134 10572 12512 9867 15145 8902 16103 11183 18240 10561 14424 14940 12384 13172 21287 16292 13186 16755 17451 13197 10078 16686 13794 8777 16860 11227 9573 9046 16305 12767 8172 5591 17640 16219 12151

1568 1572 2542 3371 2975 2287 3928 3020 3140 2117 2205 2361 2682 2911 1756 1983 2142 2611 2713 1300 2927 2073 2174 3115 1857 2517 2006 2297 2064 3788 2435 2239 2318 3664 1740 2179 3495 2856 3556 3292 2072 2483 2603 1850 2678 3717 4040 1087 3300 1792

101089 81178 34056 14036 101528 37057 34221 24448 114155 85625 31329 21905 20807 29883 69009 86632 50983 27212 57059 102699 66392 74352 23899 44780 51935 25656 147937 26114 42986 64873 50343 31915 56510 23076 66429 57791 18025 17622 155129 16909 36673 53106 114118 82825 155275 148907 131888 119151 11949 63080

7969 4856 7095 9693 10916 5941 11999 7886 12864 7029 4190 4847 6351 8766 4903 6421 3907 6030 6493 8552 7464 6801 4001 9570 2614 6560 14979 4498 4503 12617 7978 5294 7448 10753 3124 4073 9987 7090 17673 9684 3335 5450 10694 6998 17196 18323 15742 11047 9376 2000

5 35 61024
40 42 44009
24 35 49544
11 23 14230
30 33 40790
5 40 22835
13 49 61093
20 39 59846
17 49 66764
2 34 66448
19 28 29635
2 47 59740
10 14 24684
16 18 20004
19 44 57050
27 40 60721
26 33 44943
14 42 53664
16 45 57707
15 38 12353
30 34 25138
28 38 66763
2 29 50212
12 41 31297
5 12 68853
6 40 59851
23 48 46369
17 29 66531
0 12 44436
0 43 46919
8 15 48179
15 24 35459
43 47 33070
42 44 39865
33 49 51832
32 38 16003
27 35 52701
46 47 55067
24 28 65849
18 45 61607
12 42 51514
8 49 37626
0 24 63489
2 22 18341
21 31 47630
2 35 62681
20 42 69062
6 42 22573
15 18 58487
11 27 68912
13 22 37069
20 27 13625
2 42 17816
1 43 17280
14 43 47065
35 45 16669
3 15 67132
14 48 35576
8 46 13199
3 22 53710
17 42 12494
21 35 63521
7 17 19168
16 26 47708
12 15 45528
11 13 13142
40 41 53711
13 20 40371
16 22 58209
19 30 61702
29 46 44120
19 22 51865
3 8 29327
9 28 37609
20 48 60206
0 44 66957
25 28 42432
3 39 59268
8 37 31672
16 24 30919
39 42 10321
11 48 58742
33 45 46687
9 34 18137
15 30 66022
21 48 23751
26 27 24806
20 44 63153
18 44 49328
8 23 40148
1 21 59005
13 31 63965
3 7 33668
2 41 20315
15 28 41672
19 35 21339
22 41 23457
13 35 37525
25 40 63853
25 37 23808
7 44 29226
9 46 37973
3 19 65674
16 47 48553
36 39 17724
2 8 68022
9 45 45510
19 42 50156
23 33 69432
6 24 67182
34 43 23217
23 41 69753
3 36 55923
44 47 59904
7 13 17890
2 48 64088
6 47 25798
0 28 32696
0 25 69383
27 46 17268
12 45 62845
12 13 58388
24 48 23375
18 37 38655
9 17 68703
9 10 67191
0 46 62137
35 41 34303
19 24 34715
13 24 55990
38 49 60254
27 41 53942
16 34 23962
30 32 68070
20 25 44637
6 26 43829
33 48 66092
0 35 20146
41 48 23984
11 44 65523
2 31 29471
40 44 37202
18 19 65276
3 13 27536
6 23 39248
25 32 13165
11 35 33766
29 43 67189
26 38 48004
20 40 33149
29 32 26599
21 40 52991
24 46 21536
29 33 39975
18 28 21646
22 39 32381
15 48 37165
2 24 25925
7 21 68827
14 21 14022
20 22 11914
3 35 59081
26 45 57964
18 48 38019
11 36 57150
10 48 32601
9 25 11847
24 34 65384
21 28 54890
43 46 37975
15 49 60907
3 23 26503
36 38 65177
38 40 56182
20 33 44040
13 48 46567
23 47 11489
29 39 67806
4 23 55899
4 12 49493
16 30 43097
0 31 12497
23 24 32484
9 33 66776
19 43 42472
1 33 56273
7 26 29157
16 19 21779
17 21 24340
2 17 40126
8 34 25802
8 47 26255
33 41 29206
28 34 25908
17 33 66417
26 32 28499
14 19 60652
0 19 68265
21 41 23882
6 33 45542
24 25 36239
9 36 26931
7 8 62045
29 34 43558
32 36 25255
23 37 48227
19 21 32267
29 45 26744
19 31 58176
23 45 18165
12 19 18380
20 36 31272
7 29 20663
23 32 53007
11 16 28048
8 39 65278
18 47 51422
9 23 59348
1 32 17057
26 30 65762
14 38 29473
35 49 32859
3 37 34159
32 42 60823
24 45 60910
2 26 30576
29 37 19321
30 41 51562
23 28 40983
25 41 45346
0 32 27103
11 17 67222
0 18 14420
1 48 31290
15 42 52922
5 20 29675
11 22 21660
0 10 27331
17 35 58563
33 42 69836
17 36 35497
2 30 66943
2 44 43250
21 32 46160
26 40 62092
23 29 61298
6 19 41437
5 21 43513
9 43 62788
10 25 60637
44 45 39274
24 37 22261
10 37 35638
16 28 15576
11 37 25226
31 39 26548
42 43 36152
24 47 46690
4 26 68110
19 23 67135
15 27 22035
13 42 37355
0 36 16498
17 18 38598
1 25 10787
6 13 11562
8 11 58274
10 23 22447
6 10 28893
25 26 46836
17 41 34425
1 40 54390
9 47 55921
7 12 67676
17 22 42692
1 27 60155
16 27 11115
5 47 26272
30 45 33667
18 23 63904
7 9 16908
38 41 15083
1 29 28307
26 39 42547
11 42 20659
11 34 43533
16 49 59095
1 30 46811
8 30 20222
3 17 69347
36 37 56088
3 48 44400
22 44 36701
12 22 14728
25 27 12998
15 46 49631
43 49 16290
29 49 13414
20 34 62079
7 42 35184
10 19 62393
27 37 38646
19 27 31716
12 17 60456
5 19 36321
5 17 64409
4 40 50610
26 42 49580
37 39 20680
15 23 14276
12 25 55626
22 38 39731
28 31 31502
28 29 13932
41 47 12277
6 12 54305
24 30 59608
10 41 13514
14 18 43258
24 27 21972
39 41 12860
28 45 29346
19 40 68515
24 42 51704
2 43 34074
3 41 23655
2 19 31335
26 49 52508
31 36 27069
10 34 35556
1 42 17691
17 30 19461
11 28 16344
17 27 39407
10 30 22059
27 30 42666
22 32 45958
22 40 62669
45 47 34388
15 22 68781
0 29 19087
3 42 20013
7 19 38512
20 21 40590
16 17 23945
23 49 52932
35 48 24894
27 33 25695
0 3 56447
41 49 58152
6 29 37667
26 46 11449
15 17 29640
41 43 36181
19 25 65297
6 11 65858
34 45 49837
0 16 38774
11 19 48365
2 27 19048
31 44 16472
4 9 56056
12 43 40653
28 33 22816
12 49 37605
5 13 52712
20 43 67625
23 39 25706
30 31 45381
16 21 32012
26 41 24486
0 9 66611
8 12 42025
2 28 65141
2 37 37200
10 28 68113
6 22 48073
37 46 64237
13 36 23807
22 43 46662
18 38 64532
30 43 63617
33 35 60254
9 22 24171
31 34 41941
41 44 67693
4 49 32171
1 13 33920
0 7 36466
26 47 10535
7 33 42968
18 24 55081
18 42 56591
9 26 25763
1 36 67898
12 32 36339
9 24 68476
8 13 17664
32 35 52045
21 27 55999
16 25 39677
2 12 18673
6 7 52609
11 43 23844
27 49 13814
10 46 31952
7 45 21957
30 48 64030
4 14 38331
24 26 47907
15 29 52834
8 18 32862
36 42 53667
5 23 43087
13 14 59177
39 43 25607
19 26 40780
28 39 21347
32 47 61670
23 46 19388
13 37 21883
22 30 34637
14 40 64470
9 27 20616
28 30 50401
35 37 14509
41 42 59098
7 15 61019
17 20 22173
3 27 53285
1 22 47017
2 6 51850
31 33 61959
21 24 41768
38 42 17837
9 48 17915
10 13 63720
8 27 41937
22 36 24087
2 39 32051
23 42 19843
0 1 66921
1 23 67056
22 34 15652
13 28 40007
5 18 56232
17 46 43402
20 46 22929
3 29 19722
6 17 35071
28 46 44461
29 38 43748
46 49 59709
13 30 38930
11 26 66507
14 45 52252
31 49 43439
5 31 55605
1 12 55413
1 41 67755
8 14 38889
19 45 44572
3 31 61748
37 45 42990
32 44 16339
15 36 69585
14 41 63048
20 23 10059
23 35 41521
24 43 17134
39 45 44253
2 11 63507
4 47 14054
11 33 41308
13 26 69160
2 10 56205
4 7 39683
25 46 42561
22 45 21276
12 24 49405
8 41 67633
2 9 55737
23 34 35295
18 32 69484
6 37 24666
19 36 31801
42 48 63878
5 16 10247
2 21 17405
8 16 49290
12 40 20145
21 22 58438
5 28 23861
1 7 11892
16 29 31427
1 38 42343
39 44 11476
37 49 24475
36 46 42402
24 33 42997
14 39 43752
7 46 16654
16 41 48646
5 26 47807
7 31 60106
23 25 47805
21 37 46154
21 25 29788
6 15 32509
39 48 57430
9 40 21335
6 39 30141
26 35 43167
12 47 46630
17 19 41767
28 35 69976
13 47 68431
7 10 35644
19 38 22366
34 38 27979
18 36 27076
7 22 32511
13 17 16416
31 43 53080
1 26 34403
47 48 49986
26 36 25422
5 38 48022
11 41 16603
20 31 69968
25 49 33161
7 14 50356
5 14 28764
35 39 11806
34 46 28162
14 29 18869
17 38 49612
6 41 64316
29 47 50800
21 44 24263
23 40 63888
0 8 62135
32 34 44404
4 46 49197
16 42 50907
9 14 28313
5 46 49173
18 30 61481
3 43 66100
10 22 13681
36 47 19459
7 43 23175
40 45 36192
38 39 38018
10 24 18397
12 28 12737
26 29 18003
11 45 45962
19 32 50759
19 49 24607
3 10 45929
1 44 13919
36 44 17105
14 31 16836
5 44 15725
25 47 35267
34 44 37848
22 35 67480
15 26 41725
11 18 18648
1 9 21742
12 29 47755
11 25 22925
8 45 68289
23 26 26952
5 42 63833
25 31 26601
16 37 18267
28 49 67456
27 31 22700
12 31 21948
2 32 16914
12 48 48018
34 36 48140
19 33 44932
24 44 68558
5 48 50877
17 32 65078
28 42 44520
6 14 31635
1 6 31827
13 25 32591
3 44 47697
12 44 38932
1 39 39427
11 38 53422
28 43 16341
18 22 19418
11 31 63045
33 43 60209
28 40 28066
5 30 14786
27 43 37964
26 31 53134
1 24 13075
1 49 67059
4 24 59109
30 47 41819
3 28 15325
12 27 56564
6 34 54520
9 32 27273
3 14 63478
4 28 44680
15 31 17555
14 20 50552
15 40 43238
4 6 58432
41 46 57773
42 49 29900
9 35 32209
25 38 31742
4 36 52491
10 18 69906
32 37 60675
39 47 34061
34 35 65470
7 11 19158
38 44 43479
39 40 58514
2 25 21510
6 49 13687
35 43 63301
27 39 61617
29 36 56821
9 42 18518
4 38 58675
9 12 45930
8 20 50337
40 46 64000
18 33 32493
8 28 46999
5 25 33415
3 26 38114
22 46 21679
7 18 40970
0 33 30808
35 47 67060
20 29 41544
14 30 30723
16 40 26959
24 41 63753
25 39 52466
17 40 21592
7 32 15800
18 29 43140
15 34 45653
17 24 23412
9 16 64441
0 41 19131
0 21 11926
3 21 15950
13 16 34961
35 36 17369
4 15 67567
6 28 21782
36 49 38030
11 39 56241
17 23 69855
7 20 18366
15 47 62383
4 10 44490
23 36 67509
2 5 37940
39 49 12603
19 41 19187
19 34 68910
28 37 45555
13 19 28389
4 41 52596
7 40 66278
6 36 45348
44 46 58491
0 14 48743
21 23 56940
3 25 64291
29 42 34025
33 39 44736
32 39 29846
32 40 28466
24 49 66010
12 36 31772
22 49 34416
25 30 30971
3 38 51284
14 49 44126
15 19 42753
1 35 19313
1 16 42509
25 29 54750
11 32 39822
5 29 34892
3 20 29239
0 13 37330
4 8 14974
1 37 43986
24 29 58660
17 34 13884
1 20 19540
9 44 29191
33 36 56480
5 33 27960
40 43 64539
30 35 57114
13 15 18846
13 23 63622
10 27 51404
5 34 42871
27 28 38357
5 39 23392
16 38 13479
35 42 34366
7 24 45164
10 42 50039
5 15 55337
1 14 38590
14 16 24164
6 9 40232
18 39 60046
26 34 56673
5 36 24981
28 36 29868
13 34 33707
0 4 56364
31 46 69341
0 49 38682
9 18 30349
23 31 10143
25 43 54709
4 32 52032
17 47 29334
6 38 53331
3 40 69992
14 27 36016
13 27 40444
13 39 18837
17 28 41780
37 48 33991
12 18 63852
38 45 10136
1 34 47383
14 37 67331
36 43 46645
6 46 34690
1 8 47369
22 47 44125
12 14 63280
37 40 61533
20 30 26499
14 32 53326
1 19 60349
24 32 53624
1 28 25336
16 39 24055
4 30 39987
26 44 36819
21 30 64880
18 35 12478
42 46 49105
15 44 49588
17 25 54510
21 36 20582
4 22 45062
7 27 66644
11 14 46598
3 16 15505
27 44 15481
27 29 30520
38 46 39496
15 16 21475
3 9 30656
27 34 29022
2 4 18805
30 38 19443
2 20 53712
12 20 68318
1 4 53568
3 11 59134
23 38 59850
10 44 10067
0 34 54602
0 38 62341
31 47 65834
16 32 69938
24 38 16396
4 27 35820
14 22 48900
7 23 23418
6 25 38298
44 49 28004
9 15 63007
10 16 22807
25 35 38586
9 19 38068
47 49 31593
10 45 27326
3 5 55716
16 20 49217
22 23 47846
23 30 37355
22 24 60692
29 48 20644
14 33 56377
4 21 69498
2 3 30088
9 29 52231
17 31 67815
34 49 25798
13 41 53507
21 42 69807
4 17 25865
14 36 38109
7 41 62148
28 44 33841
14 17 50189
4 37 20686
15 32 59661
17 43 29088
25 33 46247
25 48 40101
16 46 59236
10 39 39253
21 33 65051
37 42 27821
6 35 19463
0 27 26644
23 44 45148
8 35 17322
13 38 65861
0 39 35136
11 24 44677
18 21 56553
10 47 45781
8 25 43196
8 17 68193
20 49 65869
39 46 37569
11 46 18149
42 45 21666
12 37 21075
21 38 30098
12 21 49675
22 27 49184
37 43 34388
10 31 13515
29 30 41516
27 38 57217
13 45 15319
19 47 12746
8 48 33464
20 32 45420
20 41 61982
10 20 14859
28 32 40471
1 46 31946
12 26 24323
8 22 57115
18 20 19236
27 32 43788
7 38 65118
0 20 44372
9 37 18464
12 33 51670
10 17 20152
6 16 63803
14 24 62005
23 27 28163
5 37 31371
2 13 22296
18 25 51973
27 45 54589
20 45 42395
17 26 43790
20 28 33773
7 16 18925
4 48 59448
14 28 17431
10 32 66143
25 34 64767
33 44 20177
31 45 29606
43 48 52330
6 20 12159
30 40 34465
10 35 22800
2 14 34105
4 29 60931
1 3 22057
7 47 43341
8 19 34718
1 5 29317
3 49 29855
4 18 55325
9 30 23130
12 23 40008
6 44 61270
18 46 15134
8 31 10313
16 43 34783
37 47 27431
8 43 52286
3 46 19372
14 34 11968
32 46 26075
31 41 43145
8 42 20893
16 35 15523
7 28 62719
10 21 17035
16 23 22432
38 48 12895
11 20 48784
33 34 64762
25 36 27197
3 18 13249
11 49 29704
29 44 63445
4 16 16322
30 49 41761
45 46 48928
7 37 53184
15 41 13221
40 47 68784
2 23 50651
18 31 26351
1 45 50934
15 37 41921
21 46 31485
18 49 51247
0 11 66704
13 43 61059
4 33 33533
13 33 16075
0 17 15169
2 38 61751
40 48 61363
15 25 26063
9 38 19416
0 40 66224
0 37 45241
7 25 31849
6 48 69120
15 45 24025
35 44 26610
19 37 38459
10 11 39417
27 48 46315
21 47 31904
0 5 57882
21 29 30218
3 30 10831
4 19 41065
18 34 33439
22 25 21757
10 33 33859
8 9 61933
35 40 62691
36 40 65780
2 40 23418
0 30 43938
22 29 14625
27 36 26619
30 37 19613
31 42 32844
22 37 31789
6 21 11363
9 49 36349
7 34 47852
2 15 32923
20 37 32573
19 29 35235
25 42 54772
0 45 43835
11 30 61403
30 42 23524
10 49 12293
10 40 42962
3 34 11981
24 31 34197
13 29 30844
3 33 32200
5 41 47172
16 31 14051
5 24 67782
11 21 58929
33 47 37910
18 26 59715
45 48 63763
9 13 45832
8 33 25275
34 42 37700
3 12 62601
13 40 41894
4 44 59456
2 18 25444
34 37 63683
6 30 60819
13 44 63936
14 35 53677
11 29 35884
3 6 26508
32 43 31055
22 33 20655
38 47 60343
14 26 22457
9 21 34180
10 29 62637
9 11 55420
43 45 36161
1 15 38976
10 15 28406
22 26 10503
27 47 28290
5 27 44600
4 39 20428
37 41 29362
11 47 24653
0 47 22285
14 44 23124
9 39 60485
40 49 37560
29 40 62967
32 33 65228
31 40 21596
17 48 52422
24 36 20671
33 37 27422
12 35 55383
20 24 26750
34 40 23241
8 44 21267
0 6 43258
29 41 44296
34 39 31922
21 49 45744
22 48 68897
27 42 68245
5 8 50523
13 18 66459
45 49 46549
32 41 31641
10 43 37007
31 32 47052
18 27 49932
20 26 11606
0 42 69623
2 16 21436
20 47 26259
7 49 21907
19 46 34560
22 31 28887
30 39 61610
6 43 27526
33 46 24114
46 48 25349
3 32 69948
33 38 46929
5 49 42771
5 22 55330
21 26 63679
24 40 68155
7 35 18739
29 31 49079
12 38 42451
25 44 52805
34 47 24822
6 8 53490
2 45 51049
4 13 65345
15 21 49948
9 20 27597
0 23 26986
5 32 16954
4 11 16792
1 10 19060
17 44 30703
48 49 28557
8 40 30496
41 45 46963
12 16 52608
4 25 67199
28 47 17992
42 47 44217
11 40 24724
10 26 32106
15 20 59566
8 26 36814
1 2 21177
24 39 44479
16 36 34286
28 41 26998
10 12 42634
11 12 43026
