50 50 980
25000 25000 25000 25000 25000 25000 25000 25000 25000 25000 25000 25000 25000 25000 25000 25000 25000 25000 25000 25000 25000 25000 0 25000 25000 25000 25000 25000 25000 25000 25000 25000 25000 25000 25000 25000 25000 25000 25000 25000 25000 25000 25000 25000 25000 25000 25000 25000 25000 25000
2609 3292 6739 8933 6803 5984 10355 7650 8084 4246 5219 5776 6641 7816 4374 3847 5033 6429 6719 3660 7358 5396 5219 8345 4182 6387 7391 5542 5038 10349 6400 5558 6051 9568 3792 4898 9064 7159 11178 8697 4781 6033 6661 5299 8845 11656 9977 5301 8663 3947

2368 1148 3204 4509 4028 2752 5457 3845 4791 2504 2396 2628 3220 3859 1838 2266 2285 3117 3299 2596 3680 2582 2296 4205 1779 2994 5115 2491 2189 5399 3046 2499 2838 4940 1446 2351 4642 3507 6634 4369 2035 2890 3943 2607 5984 6919 5919 3574 4385 1538

38119 28711 4914 17161 44553 7030 26409 19622 50450 35490 13876 9147 14977 9987 21848 35330 20546 15111 25670 37312 29954 23679 9828 13734 19303 6568 57472 8895 11180 22957 12390 7341 15489 21294 21806 22713 18992 16657 67393 15523 12297 23856 48568 27686 66066 66973 59161 44864 16203 22621

94158 75406 32372 11548 94124 35112 29982 21024 105322 79267 29681 21275 20071 28595 64292 80186 47630 25921 53179 95094 61702 69206 23096 42165 48700 24701 135170 25118 40527 60515 47246 30416 52911 19804 61669 53847 15191 17163 141838 16712 34762 49569 105288 76944 142841 137025 121516 110118 12183 58878

1432 1277 1715 1883 566 1580 2152 1577 838 876 1061 1250 1363 1923 1524 955 1016 1318 949 1655 814 1789 1133 2087 1015 1583 2005 1269 1379 2512 1815 1381 1823 2008 1383 947 1901 1497 1685 1925 1108 908 1169 1798 2040 1600 1240 2003 1836 1237

29389 21549 6421 15994 35203 3514 23701 16197 40108 27663 10383 7483 12332 10627 15840 27251 15232 12444 20193 28704 23757 17769 7029 12654 13919 6260 45474 6253 6966 20326 9090 4947 10956 19446 15805 17035 17517 13730 54202 15093 8371 18684 38375 21102 52622 53852 47354 34986 15197 16483

181956 151443 81972 45118 179349 86890 28499 43134 199791 153664 65767 58805 48555 75277 138615 155294 97584 53176 107361 187467 122469 147325 56998 99391 102384 68433 259515 65619 96429 131920 108338 78565 118381 37594 126439 108605 40319 50569 262507 54213 78328 100962 199791 160389 266358 256048 228497 214099 46244 120958

70158 56137 33391 20160 68960 32030 26544 6370 78353 57158 16770 13571 8861 34044 51550 57907 31390 10985 35882 72690 42824 57376 12741 45125 33595 25346 105796 16702 32220 60071 42892 24339 46527 21820 44649 36454 21085 12128 107171 24366 22542 32942 78353 60248 108940 104203 91544 84928 20704 42130

1719 1555 2020 2186 797 1877 2480 1869 697 1127 1324 1525 1646 2242 1817 1211 1359 1593 1205 1956 1061 2099 1395 2416 1275 1880 1940 1538 1663 2869 2127 1665 2135 2327 1668 1203 2218 1789 1599 2239 1374 1156 1050 2109 1977 1509 1125 2149 2144 1511

1038 879 1459 1709 1024 1320 1995 1402 1305 464 869 1050 1181 1674 1133 546 738 1134 1066 1268 1206 1406 928 1875 768 1323 1950 999 1145 2314 1562 1115 1500 1846 988 667 1736 1318 1983 1748 832 916 1087 1416 1986 2088 1720 1628 1668 837

282030 211282 141015 156813 275986 123980 205925 104130 324205 216434 12638 46089 66146 165880 198300 220212 86408 58178 109075 294806 144106 241573 25277 212999 97536 105504 461992 48149 106122 288418 178793 81738 185456 180442 162789 111960 161484 89774 468792 165811 55499 94239 323380 245901 477721 453818 389938 356556 149807 140603

50691 38013 17684 20961 51754 16554 32069 15322 59686 41572 8429 1231 9073 20938 32781 41335 20566 9254 24295 52228 30058 37595 2463 29549 19775 11074 79235 3830 16712 41956 25571 10170 28589 26227 28724 24385 23131 11333 83247 20927 10350 21854 59166 41335 84557 81009 70500 62387 19673 26656

87703 68425 38207 29484 86090 36375 42477 15319 98955 70203 15832 11526 5185 43485 62653 71210 35513 11563 41561 91111 50906 70496 10371 57448 38482 27377 135275 15741 36631 77569 50998 26021 55891 35788 53362 42330 30731 11599 137529 32581 23565 37602 98735 74362 139911 133534 116492 107586 27615 49972

8994 7014 1953 3076 10270 2400 5044 4089 11525 8342 3428 2289 3530 1217 5553 8308 5162 3558 5938 8844 6878 5947 2434 2672 4897 1741 13134 2275 3283 4634 3544 2352 4204 3955 5544 5623 3465 3423 15131 2520 3406 5551 11125 6799 14963 15041 13379 10451 2868 5718

22109 13806 17181 27575 34163 13983 36054 25399 39559 23393 16297 15828 21148 21809 7310 21709 15513 20779 22678 21463 25368 12569 14621 24038 11931 16866 39913 14091 11169 32479 15843 13360 14375 31372 9640 15974 29250 22701 52897 26598 12776 19787 33563 13114 48346 54681 47531 28374 26698 11815

16807 14001 25640 30561 19556 22905 35602 25154 24505 9679 15763 18421 21255 29433 18478 8135 13451 20437 19232 20868 21699 23300 16271 32126 12619 23236 35094 17533 19253 39867 26303 19556 24957 32986 15933 12196 31041 23680 36455 30709 14579 16581 19881 23476 36497 38302 31816 27205 29842 13261

10299 7390 7031 8472 10011 6048 10492 6305 12559 6963 2542 3918 4743 8551 6856 7119 1531 4415 4164 10825 5152 8788 3062 9992 2712 6068 17458 3782 5031 13093 7754 4593 8294 9443 5401 2666 8664 5714 17692 8842 2599 3101 11362 8989 17709 17551 14924 13365 8184 4483

175305 136474 78453 73100 171987 74683 92515 36644 198000 139301 27445 23562 23034 89311 126332 141375 67935 11423 80376 182317 99603 144881 22846 118038 74042 56173 274079 32233 75211 159433 104768 53383 114834 79433 107218 81959 75663 36305 280374 79396 45918 72233 198000 150423 282712 269592 234531 216209 69254 97680

14104 10872 9452 10186 10309 8668 12441 7754 12529 10040 3542 5082 6005 10597 10274 10214 4313 5638 2061 14718 4237 12438 4123 12767 5635 7817 21789 5177 8073 16239 11122 6723 11726 11267 8646 5230 10401 7099 19186 10594 5350 2795 14964 12662 22071 18497 15556 17561 9863 7618

4719 4738 8597 11897 10320 7583 14113 10500 12031 6905 7254 7875 9152 10064 5467 6371 7005 8870 9277 3656 10130 6729 7312 10878 5869 8497 9506 7622 6695 13554 8172 7390 7707 13238 5406 7151 12428 9845 15675 11583 6547 8360 10130 5845 12180 16314 14559 5847 11614 5613

2204 1718 1581 1691 1302 1463 2030 1326 1635 1593 693 924 1063 1760 1628 1619 733 1008 555 2296 390 1953 780 2079 931 1335 3066 939 1298 2600 1756 1171 1846 1853 1384 871 1722 1227 2673 1752 889 505 2041 1987 3108 2532 2090 2723 1643 1229

33087 23443 23170 37575 50155 19559 48702 36072 57236 36022 26166 23493 30494 29263 14919 33813 25682 30655 35084 31815 38614 11166 22333 29102 20982 23524 56025 21214 17380 40178 17905 20255 15978 42538 17975 26288 39775 32512 74738 35911 21002 31291 49368 15978 67091 77038 67697 40884 36405 20830

29547 21819 12087 14277 30208 10393 19877 9670 34960 23989 3801 2252 5847 14071 19650 23844 11199 6260 13471 30993 16984 22873 0 19319 10703 8017 46945 2293 10145 26881 15889 6157 17728 16757 16158 13513 14856 7665 50147 14257 4959 11984 34713 24051 50189 48040 41634 36675 13492 14897

19258 15154 4883 8660 22473 5240 12851 10822 25140 18677 8930 6798 9435 4715 11943 18148 11947 9496 14265 19106 16203 11616 7106 3553 10898 5631 28226 6684 7117 7725 6509 5973 7911 10537 11924 12593 9496 9405 33421 7486 7881 13444 24198 13429 31946 32615 29081 22522 8227 12293

32600 22120 24063 31410 36263 20115 39682 24603 43406 26098 11050 13644 18976 29538 20197 24684 10012 17796 19495 34493 23056 27157 10541 33424 5270 20594 59259 12362 14845 44597 26668 15282 26495 35297 14936 10622 32488 21866 64743 31379 8099 15669 41636 27879 64804 63420 53958 43640 30250 11650

19133 14415 4124 7502 21736 4258 12148 8180 24693 17191 5611 2952 5851 5337 11613 17111 9697 5918 11525 19369 13673 12852 3268 8547 9073 1634 29479 2801 5623 13172 7620 3075 8745 9583 10952 10784 8420 6693 33190 6967 5560 10615 23935 14794 33148 32667 28750 23156 7022 11361

175156 190444 281463 355282 238383 258749 406770 325852 225170 205569 253234 264755 294457 314332 211356 210756 242970 289434 287742 170788 273327 239639 248102 332568 222222 279224 124051 257875 238875 392519 271962 254436 261534 380835 205405 233251 365874 308872 262243 348348 234998 267212 177231 219819 183947 276549 279934 151733 352989 210046

31417 23339 11056 15023 33379 9282 22113 11424 38298 25597 5582 2430 7436 13292 19279 25460 12766 7551 15708 32571 19387 22351 1601 18629 11698 6794 49650 800 9022 26549 15038 4846 16963 18384 18146 14626 16408 8878 52990 15002 5683 14150 36827 24738 53033 52629 45921 39055 14201 16091

22292 15532 8585 15815 27305 6079 22449 14122 31534 21286 7458 6609 10790 12212 11525 20448 11037 10887 16351 22629 18460 14092 5916 13959 8953 7422 37089 5247 2958 20575 9380 4675 9917 18779 10579 12122 17129 11995 44699 15038 5121 14086 30040 16086 42325 43386 37782 28046 15128 11164

35887 29205 12480 18630 41122 13061 25455 22151 45465 34940 19069 15598 19892 12207 23976 34080 23982 19991 27757 35640 30912 23444 16099 10314 22275 13699 50490 15413 16118 8049 15128 14256 17411 21687 23945 25034 19991 19843 58502 16718 17362 26420 43931 26395 56547 57636 51882 41202 17925 24545

12035 8916 3727 7937 15528 2988 11116 8229 17556 12413 5826 4628 6632 5471 6476 11884 7270 6678 9817 11792 10828 6101 4440 5425 6843 4123 18722 4120 3693 8596 2220 3580 3285 9358 7288 8021 8567 7210 23593 7374 4435 8731 16331 7478 21757 23235 20550 14388 7608 8162

16816 12300 4673 8907 19038 3674 13346 7880 21863 14695 4330 2861 5655 6838 9623 14610 7526 5719 9982 17041 12034 11338 2398 8891 6931 3300 26701 1952 3900 13310 6886 1199 7961 10895 8991 8573 9784 6460 29982 8388 3574 9112 21992 12670 30199 29780 26037 20660 8448 9382

33291 24043 13451 25678 45466 10386 35106 25927 51477 34720 17347 15249 21192 18623 16808 32845 22433 21329 29985 32571 32982 15695 14693 18486 19385 13751 53121 13742 10951 27888 8982 12141 7346 30148 19402 23889 27802 22904 67566 24266 14025 26766 46032 19779 62514 69570 61607 40269 24685 21808

946126 772783 372672 171891 941607 399465 229188 203364 1052973 801673 322800 261306 229995 336196 681269 810550 496143 258078 549405 987768 631719 728398 261790 467575 512606 298912 1361570 298428 451435 644793 516318 354111 575875 130895 640112 556184 145421 201588 1394657 221440 377998 514543 1052973 803126 1415639 1359472 1209370 1121245 178024 610899

11074 6516 9745 14620 17265 8055 18070 12049 20125 11582 7198 7592 9802 12191 5780 10692 6792 9607 10578 11927 12000 8559 6353 13369 4891 8961 21336 7495 5951 17830 10200 7109 9514 16229 3176 7028 15116 10875 27174 14096 5378 9051 16956 8848 24582 28075 24330 15579 14222 4326

15829 11730 12055 14909 14887 10463 18181 11400 18098 9950 5307 7379 8870 14516 10865 10202 3806 8340 7557 17293 9159 13994 5984 16447 4154 10495 26946 6793 8459 21470 13235 8116 13697 16483 8500 2992 15221 10444 27326 15353 4886 5837 17073 14319 27353 27097 22842 21406 14443 7022

260549 211357 97602 40426 259264 105128 73603 59561 291477 219479 83331 65940 56946 87232 185247 222003 132614 73007 147849 269818 171160 198738 65986 124584 137295 76540 378755 76494 119995 174969 138442 92233 155375 45566 173638 149685 32993 48961 388070 54606 99025 137846 290926 219984 394035 378067 335391 310337 42170 165240

137814 108160 60774 37261 137095 58008 63568 27330 156514 113056 30982 20497 15076 61549 97731 114578 60691 24757 69875 142959 83983 109515 20525 84066 63513 44425 209073 26860 58395 114439 80082 42378 87468 46721 85421 70981 39142 10262 214743 41936 40442 63900 156127 117123 218284 208713 182987 167828 34439 80359

45190 41683 54470 59493 29821 51403 65177 52117 27688 32544 40378 44494 47243 59211 47631 34351 38581 46820 37823 48504 35461 53659 42775 64357 39250 51465 40960 44335 48318 73399 57395 46882 55712 61907 44450 37012 59475 50292 21387 60630 40660 36889 30385 54285 34060 23696 24243 45428 59070 41092

22574 17974 7146 4104 23542 8089 8618 6428 26371 19848 7822 5211 5621 5744 15256 19762 12226 7047 13579 22804 15670 16305 5658 9081 11939 5543 32644 6154 9417 13583 10795 6937 12308 6121 14604 13612 4997 4907 35329 2829 8519 12693 26231 18261 35444 34157 30344 26490 3636 14436

80057 56481 38011 53182 85773 30699 70728 39587 100523 63100 15801 16494 27925 49316 49862 62659 25677 26917 44210 82915 51564 61965 10086 58183 22567 30846 133135 13847 23134 81255 43390 19877 47404 61209 39209 31140 55409 33472 142906 53119 5043 36309 95817 63289 143032 141855 122313 103360 50787 35364

58028 43758 39723 42962 45043 36260 52917 32225 54677 40086 13627 20427 24504 44777 41119 40854 14800 22884 13348 60736 18235 50669 16196 54356 20636 32504 91957 20846 31401 69686 44861 27673 47528 47737 33928 18849 43884 29335 84235 44763 19379 8098 61825 51661 93199 81191 68206 73289 41538 29391

11687 10319 16111 18256 9625 14832 20714 15620 8793 7559 11041 12598 13719 17960 12502 7885 9913 13320 12732 13667 11825 14853 11550 19329 10071 15090 13193 12158 13052 23103 16310 14031 15654 19439 11261 9301 18490 14901 14420 18590 10725 11440 5775 15097 13994 15320 12357 14935 17905 9951

19812 14312 16981 25818 30875 14743 32575 23312 35262 22118 16250 16268 19856 20756 9331 20750 16000 19556 21825 17087 24012 9543 14550 20656 13087 17100 32087 14856 12481 27518 13718 14262 12525 28893 11225 16375 27181 21506 46393 24875 13050 19475 30675 7275 38943 47856 42043 22706 25093 12993

107792 115691 168663 190737 120397 157010 210766 169251 113618 103562 131938 144628 153760 185526 134768 109304 122750 150511 145721 113954 138325 149278 136084 193650 124879 163256 89976 141042 142499 224408 164573 150483 160511 200373 123367 117764 192641 163396 108212 193454 129361 135188 93057 139110 68042 115551 117288 104178 187935 125748

50320 46673 57109 60151 29943 53921 66703 53124 27725 37172 40919 45381 48057 62039 52583 39050 40589 46994 38262 53765 35074 58814 42605 65905 40553 53307 45922 46572 49175 75966 59473 49220 61003 63303 49184 38958 60774 51227 25572 61352 42752 37291 34927 59519 38748 21302 24143 50567 59235 45803

13547 12443 15576 16502 7348 14610 18481 14368 6676 9565 10672 12024 12834 17069 14205 10134 10572 12512 9867 15145 8902 16103 11183 18240 10561 14424 14940 12384 13172 21287 16292 13186 16755 17451 13197 10078 16686 13794 8777 16860 11227 9573 9046 16305 12767 8172 5591 17640 16219 12151

1568 1572 2542 3371 2975 2287 3928 3020 3140 2117 2205 2361 2682 2911 1756 1983 2142 2611 2713 1300 2927 2073 2174 3115 1857 2517 2006 2297 2064 3788 2435 2239 2318 3664 1740 2179 3495 2856 3556 3292 2072 2483 2603 1850 2678 3717 4040 1087 3300 1792

101089 81178 34056 14036 101528 37057 34221 24448 114155 85625 31329 21905 20807 29883 69009 86632 50983 27212 57059 102699 66392 74352 23899 44780 51935 25656 147937 26114 42986 64873 50343 31915 56510 23076 66429 57791 18025 17622 155129 16909 36673 53106 114118 82825 155275 148907 131888 119151 11949 63080

7969 4856 7095 9693 10916 5941 11999 7886 12864 7029 4190 4847 6351 8766 4903 6421 3907 6030 6493 8552 7464 6801 4001 9570 2614 6560 14979 4498 4503 12617 7978 5294 7448 10753 3124 4073 9987 7090 17673 9684 3335 5450 10694 6998 17196 18323 15742 11047 9376 2000

3 31 16567
18 31 25219
8 28 47093
20 49 12901
19 25 43510
2 32 23661
38 39 62721
37 39 28729
22 33 69879
19 32 53783
23 26 38773
4 25 61774
12 42 48443
6 47 66481
38 45 34930
10 17 41453
20 39 35391
14 40 13661
11 47 28629
15 29 66821
29 43 13184
8 40 44228
14 28 68333
26 38 45563
30 40 68093
24 43 55302
18 26 51981
0 21 47713
0 22 44528
20 24 36685
6 26 44726
4 32 51095
20 38 51905
14 26 33961
26 45 53997
29 49 25414
14 16 59765
1 28 46717
18 27 44144
0 20 59643
2 21 42642
24 35 12916
20 37 63560
41 49 21084
22 36 21539
8 27 28489
32 44 64680
1 30 46930
0 14 44293
14 46 35451
19 20 55893
4 47 59620
35 39 69680
9 20 66368
26 33 47325
38 47 67772
9 32 51670
26 47 29305
7 19 57628
34 49 26197
6 33 55991
30 31 32353
6 18 19435
4 18 37895
17 43 68457
14 25 63432
17 19 65452
0 49 58222
17 33 52291
14 32 51738
3 22 47864
5 48 24933
11 32 66797
1 48 41423
11 34 48160
21 36 18335
35 45 12055
38 49 42840
20 47 67408
10 37 58491
5 38 20433
12 38 65443
11 29 48111
13 15 20112
11 43 61811
25 26 25435
33 45 30027
0 38 55623
45 47 44741
5 30 17654
22 35 23962
38 44 42874
25 28 52150
15 32 33397
4 31 22911
10 49 50606
35 36 38971
0 37 18362
3 17 50970
10 18 21262
10 19 12243
3 19 40977
33 48 36195
35 47 69040
6 16 12399
5 36 14354
29 33 29518
4 42 26597
21 40 59337
16 36 39068
21 27 15088
0 26 69771
24 46 34511
0 23 65342
5 46 32025
28 30 38464
9 43 32919
34 37 64195
44 46 24086
6 49 19802
20 40 23991
0 36 50191
24 39 52676
10 35 18283
3 24 13588
7 11 17729
17 35 58890
7 44 42559
23 33 38235
9 21 52002
3 47 53821
42 47 40478
18 35 22978
6 17 32158
7 23 51660
36 42 37521
6 23 36513
14 22 23320
15 31 54118
6 28 37992
26 46 52389
0 27 11348
13 42 37762
0 18 29042
31 49 66690
2 17 11930
18 28 57506
12 31 41752
4 40 18267
23 30 23734
6 29 51554
41 43 32259
21 28 63925
1 44 46373
2 37 40542
21 30 19655
13 47 66245
7 17 41574
0 17 64358
41 45 34479
1 43 23576
31 48 60321
0 9 64957
9 10 36554
44 48 22479
34 41 58760
1 23 16217
27 42 61135
31 40 12079
20 44 60336
28 40 29126
7 47 54468
17 46 61684
5 37 69032
3 6 25652
31 41 10516
11 41 23104
4 13 25300
5 9 42268
47 48 31371
25 29 39034
22 26 35964
12 48 53630
9 42 45102
22 30 24479
21 45 24172
29 48 66900
0 48 20724
4 12 67889
13 26 61257
9 30 45203
1 14 21464
25 46 51578
15 16 52303
4 5 60162
12 30 64057
10 46 41062
26 48 66379
11 33 67334
33 37 55284
3 40 68857
17 48 38602
10 28 51895
14 17 60541
1 13 37633
21 38 67547
9 47 13199
6 35 62880
4 30 22847
7 40 45467
20 32 24251
13 45 64024
39 40 23573
7 30 20023
16 28 39125
31 39 38053
15 24 46338
20 28 36025
8 49 48777
21 24 44227
8 12 39424
35 41 36122
19 31 67834
7 46 21001
7 35 18424
22 37 57995
2 14 27200
48 49 61629
20 35 66517
7 33 36676
25 45 59056
8 45 17515
33 49 65279
7 10 40950
31 35 20198
7 24 32911
18 22 50639
7 20 23397
12 17 25791
15 20 63486
27 45 11006
11 49 52185
10 21 57510
16 49 24580
7 48 62208
36 46 38777
3 45 64776
11 48 38546
13 23 16944
23 46 43552
28 31 12772
14 49 46369
27 32 21816
3 8 10605
30 35 69513
21 34 42384
4 14 10743
27 36 38856
3 34 34012
23 45 19402
9 45 65532
1 37 35210
25 34 26917
16 48 60810
17 36 66160
0 2 49259
18 24 35864
24 27 46799
1 29 62656
12 29 63798
23 39 52427
36 43 15805
37 44 45982
41 47 52079
38 41 30385
17 47 38189
26 27 20856
2 24 37303
32 35 18877
18 32 27800
17 21 10854
11 39 21649
23 47 16311
18 29 34813
2 16 34398
2 47 15824
12 44 67197
15 23 47284
25 33 44680
40 41 43352
33 42 68829
12 46 40211
7 45 68562
11 12 37888
12 19 43164
8 43 16864
6 43 17146
1 46 69028
5 6 65806
9 33 69803
16 17 62825
34 35 48232
19 41 27750
0 29 38806
21 49 30311
15 36 48135
34 39 19137
37 41 53310
8 20 27580
3 9 28015
19 40 23252
1 15 40577
0 10 51807
0 41 29564
31 33 65390
5 24 28347
26 41 47531
7 18 62587
32 42 65631
25 35 34353
13 20 35938
1 34 64459
14 36 16706
2 5 34499
6 27 32347
13 44 49870
17 44 53506
12 37 39493
9 25 48897
1 49 49311
2 15 51438
22 25 53864
29 39 39686
29 34 69188
5 15 22669
27 48 12139
28 49 59465
17 30 43950
9 12 55449
29 46 17044
13 30 61965
24 38 68701
7 27 47621
12 28 55914
8 35 40407
30 46 55154
16 25 14261
12 36 17937
19 33 47740
6 32 69892
16 18 42290
1 42 13677
5 33 16493
18 42 48997
0 46 50319
5 17 50983
13 49 41009
23 40 45968
28 44 20475
16 24 19906
5 7 37421
6 10 14056
2 46 15912
45 46 67107
6 39 25386
28 46 28582
10 25 69246
18 21 26994
1 3 14674
11 38 66837
26 30 46181
6 36 18781
12 33 17680
28 42 23802
30 48 64695
14 35 48087
7 26 21098
17 41 68956
28 36 68168
8 25 58838
22 31 20990
13 25 40457
38 46 14657
10 13 27483
8 22 31596
24 40 67119
20 27 68466
35 48 62606
15 30 43086
6 19 31083
13 14 24654
33 36 10507
18 38 47282
22 27 30566
3 37 67614
17 37 14811
16 37 61291
6 41 19002
2 43 31805
13 37 65965
2 35 27981
8 17 67986
0 6 14745
18 39 35661
10 22 33930
22 24 69441
7 41 25891
36 49 45028
27 28 20538
6 44 24058
19 28 33865
19 38 31528
5 27 54515
3 13 38522
12 47 61154
46 49 28254
28 45 47784
14 42 11761
12 25 33002
11 23 20869
6 40 44988
17 45 47656
4 26 21376
44 45 34412
30 43 20364
11 20 31133
16 31 39223
2 41 11655
0 42 52278
23 43 61028
10 12 19762
9 24 22401
6 15 59014
25 48 24508
12 23 48063
24 29 35086
10 45 36091
23 27 63954
16 26 10114
5 10 58772
30 37 18011
15 42 46122
12 43 20300
10 40 14668
32 34 26787
42 48 23596
6 45 45065
13 21 64571
36 48 37501
1 12 68067
2 19 15439
8 18 12488
12 49 45722
6 22 38959
6 42 36900
2 34 68230
39 41 12234
1 9 18266
8 30 69885
1 39 66655
15 47 69294
23 49 19646
0 13 19055
19 27 10449
8 44 46297
2 26 69261
9 39 35536
12 32 24530
18 46 15356
19 42 35650
10 43 13302
12 45 23367
4 33 23914
8 9 35745
9 37 40179
41 44 40701
0 40 49341
20 34 27386
40 47 35271
36 45 28984
8 26 25453
11 37 52854
9 38 31472
18 33 13317
13 19 33955
2 28 10515
4 22 11546
35 38 36189
9 15 18781
7 16 23573
3 4 44986
25 47 30217
4 38 45363
5 19 66184
7 22 30667
43 46 21659
5 13 65445
4 44 68346
26 39 36190
20 33 10800
23 35 46138
18 44 39492
6 38 36311
3 20 60052
12 39 17379
5 49 18632
9 44 30753
39 42 68863
15 48 36018
3 49 68167
7 31 27847
2 7 63614
25 44 51020
11 44 49319
19 43 66932
24 30 14974
28 33 61977
41 42 20620
18 34 53306
5 29 22900
31 36 34194
21 22 40434
28 37 43118
10 42 69557
5 18 36618
3 46 15927
6 25 33358
26 28 32062
10 36 14272
4 20 59548
14 31 32862
16 42 62553
2 3 41182
3 33 11315
2 20 52604
26 37 60704
10 30 19947
16 19 13356
16 47 59567
14 45 45966
12 14 11523
25 39 17413
37 46 51722
17 25 64686
3 18 68875
13 34 48653
37 45 21803
13 33 60852
27 31 11416
15 26 65109
14 30 25894
31 32 47753
25 43 35543
8 29 11154
36 39 47309
28 39 14303
21 41 17081
3 5 22809
10 29 36365
3 39 33496
19 26 24500
20 31 11369
7 28 26048
9 14 67825
23 36 12685
22 29 68653
29 31 58529
14 41 34775
24 28 24151
34 38 48095
31 42 22883
11 26 37817
32 40 55508
29 32 64606
45 48 44646
1 36 54382
33 44 55401
36 38 56449
23 28 57376
13 38 56817
9 22 51557
14 20 13270
15 40 34569
31 38 29242
5 42 14424
4 34 24020
17 28 33545
5 47 33649
27 39 48973
19 36 12052
22 49 57145
22 39 63473
46 47 13422
3 36 25336
3 38 61297
4 37 28250
14 38 23988
19 30 49825
29 47 53025
11 25 50282
13 31 27919
6 9 18051
28 35 30242
3 41 25569
5 39 12656
10 20 64888
0 25 69952
11 14 58057
13 36 51336
14 27 69470
8 31 57017
2 23 45035
40 46 12739
28 48 33728
10 34 64278
18 40 29307
32 33 59892
34 40 39965
47 49 52956
26 44 38864
1 41 42018
7 15 40100
10 41 32336
1 24 57583
24 42 55436
15 46 23632
28 29 15832
21 26 21566
44 47 15600
34 48 10999
16 35 13991
30 49 45662
38 40 19050
39 45 34233
11 22 61232
13 22 21706
8 13 41263
29 36 13325
12 27 21906
4 8 22598
30 33 12794
11 17 21065
4 29 69776
0 32 27677
9 16 44793
9 49 64053
17 24 46984
11 18 34684
8 33 46161
4 17 29939
22 32 63548
22 41 18178
11 31 12181
7 36 38026
22 40 65761
10 48 69761
13 29 63802
1 38 23735
30 42 21326
10 44 69402
4 46 24734
30 41 37460
29 42 57206
16 23 45928
10 47 13835
0 15 48437
9 34 69777
5 34 45098
20 46 63905
40 45 33825
36 41 69839
4 43 66700
32 41 44890
12 24 69615
2 25 24376
0 39 19683
4 16 15809
8 10 13502
35 42 56510
18 25 51970
19 37 33441
14 29 62201
11 36 12290
23 31 47765
5 16 42369
0 19 20193
26 35 47525
16 22 36170
13 27 33928
15 34 10994
23 34 47714
23 29 60806
3 43 38454
8 14 34920
6 31 36733
29 41 54433
7 25 25499
7 38 48652
3 15 29530
33 41 19404
30 32 12477
1 26 29369
26 34 28246
45 49 47367
2 27 41126
27 41 54765
7 42 69193
5 26 46935
26 43 58267
29 40 67846
3 7 41048
15 21 33850
20 21 60046
2 8 43338
5 8 11614
1 35 32414
0 7 53532
0 8 49140
2 30 10727
9 31 29602
1 8 62277
27 49 48441
35 49 20407
40 48 42873
8 48 25503
13 32 59283
24 33 27305
4 35 53146
14 37 37935
17 22 46836
19 24 14692
32 46 52555
26 49 18347
14 24 45081
23 37 29921
28 38 61616
25 27 29845
0 4 41257
17 26 38550
27 38 30254
39 47 39102
9 19 21740
31 34 54104
15 39 29147
4 24 55079
16 40 67861
3 35 63704
15 27 50753
1 25 59143
5 11 64431
1 2 10354
0 16 51419
14 48 55015
33 38 32905
16 32 24292
30 44 22660
3 48 22187
1 32 41597
11 24 65806
22 23 62265
20 26 30575
4 9 22640
30 38 44819
3 11 51065
1 27 57721
21 23 16883
5 31 42680
4 36 17565
11 35 48140
4 48 23373
21 37 49962
24 48 17241
24 36 35113
16 20 34065
13 16 48531
10 27 32334
35 37 44069
2 29 54377
8 41 13086
14 19 33211
31 44 48808
33 34 25584
16 34 26773
1 6 45965
11 27 48489
9 13 41065
5 40 58625
32 43 12818
0 3 24804
19 47 66574
11 28 65084
17 42 57523
17 49 31356
2 13 52045
17 38 38587
7 29 19077
24 41 58928
16 29 23410
7 43 38785
13 35 49210
1 21 48926
33 40 18747
20 42 68594
8 21 14038
11 16 54955
0 31 47124
31 46 48516
32 39 29023
37 48 43644
15 49 63745
9 36 64378
8 42 34594
9 27 19328
28 47 21150
5 25 10558
22 45 57817
8 39 64358
1 5 11325
34 44 12778
19 35 19161
24 44 20041
36 47 67862
20 23 18826
1 33 41398
21 39 49906
8 34 47414
11 15 62618
7 49 50977
24 25 12966
15 19 31402
31 45 30186
16 39 51892
13 48 40149
9 35 28780
20 22 68073
33 47 25104
6 46 18046
5 23 46588
35 46 56270
43 45 51690
14 44 40333
21 43 50647
4 28 16283
37 43 61804
22 48 61797
8 47 28984
10 11 61764
23 44 56154
18 43 42453
28 43 64542
8 36 17458
16 38 52494
26 29 14545
18 41 26284
22 34 36034
21 48 66594
33 43 15840
29 35 28651
40 43 47570
7 13 18806
4 45 50054
4 21 19899
8 38 60698
32 45 32345
15 25 50822
5 41 10913
43 47 59592
12 41 58868
19 34 47501
2 49 58005
5 43 52701
7 32 29976
9 28 38651
20 48 11126
21 47 33923
24 45 42591
37 38 42254
5 45 25686
2 18 28744
9 26 14706
29 37 20227
17 31 48345
3 25 69343
23 42 36915
7 12 64630
21 42 35377
17 34 33508
2 31 10469
1 40 66171
33 35 11078
29 30 31419
8 15 46224
15 18 20977
3 42 34259
3 26 20712
31 47 61799
10 39 35172
24 34 22446
42 43 62809
24 49 24816
19 29 10450
12 34 57652
7 21 56935
6 13 39102
15 33 10921
19 44 20857
8 19 11692
7 14 43175
15 45 36543
5 35 42579
29 38 60024
5 12 58913
16 30 20924
0 11 59366
13 24 25827
10 38 27696
2 11 24742
13 40 61479
16 21 40308
12 26 33056
19 46 62557
6 30 61727
8 23 69280
16 45 25676
4 39 38129
7 34 32134
0 24 29617
1 47 63301
4 27 44581
12 21 34568
38 42 30259
25 31 57174
43 44 34363
35 44 17194
38 48 26275
10 16 35284
9 48 28051
4 49 40110
34 43 68459
9 29 66738
17 23 24832
4 19 58482
23 38 67793
1 19 35756
9 23 59990
2 4 23620
20 36 53452
4 41 14732
35 40 27241
30 45 35902
24 47 37788
30 36 19797
27 34 27629
31 37 49210
4 23 47616
26 32 55758
32 49 23487
18 19 19375
2 36 61201
22 46 10210
12 22 43943
2 38 33603
10 33 57384
0 35 68306
27 30 40797
39 44 25802
8 11 45732
24 26 10990
28 32 55912
0 30 44190
26 36 67728
33 46 10743
6 48 44814
21 31 65521
40 44 48642
22 47 34804
10 23 31283
27 47 44236
27 44 51679
9 17 48524
