50 50 1103
25000 25000 25000 25000 25000 25000 25000 25000 25000 25000 25000 25000 25000 25000 25000 25000 25000 25000 25000 25000 25000 25000 0 25000 25000 25000 25000 25000 25000 25000 25000 25000 25000 25000 25000 25000 25000 25000 25000 25000 25000 25000 25000 25000 25000 25000 25000 25000 25000 25000
2609 3292 6739 8933 6803 5984 10355 7650 8084 4246 5219 5776 6641 7816 4374 3847 5033 6429 6719 3660 7358 5396 5219 8345 4182 6387 7391 5542 5038 10349 6400 5558 6051 9568 3792 4898 9064 7159 11178 8697 4781 6033 6661 5299 8845 11656 9977 5301 8663 3947

2368 1148 3204 4509 4028 2752 5457 3845 4791 2504 2396 2628 3220 3859 1838 2266 2285 3117 3299 2596 3680 2582 2296 4205 1779 2994 5115 2491 2189 5399 3046 2499 2838 4940 1446 2351 4642 3507 6634 4369 2035 2890 3943 2607 5984 6919 5919 3574 4385 1538

38119 28711 4914 17161 44553 7030 26409 19622 50450 35490 13876 9147 14977 9987 21848 35330 20546 15111 25670 37312 29954 23679 9828 13734 19303 6568 57472 8895 11180 22957 12390 7341 15489 21294 21806 22713 18992 16657 67393 15523 12297 23856 48568 27686 66066 66973 59161 44864 16203 22621

94158 75406 32372 11548 94124 35112 29982 21024 105322 79267 29681 21275 20071 28595 64292 80186 47630 25921 53179 95094 61702 69206 23096 42165 48700 24701 135170 25118 40527 60515 47246 30416 52911 19804 61669 53847 15191 17163 141838 16712 34762 49569 105288 76944 142841 137025 121516 110118 12183 58878

1432 1277 1715 1883 566 1580 2152 1577 838 876 1061 1250 1363 1923 1524 955 1016 1318 949 1655 814 1789 1133 2087 1015 1583 2005 1269 1379 2512 1815 1381 1823 2008 1383 947 1901 1497 1685 1925 1108 908 1169 1798 2040 1600 1240 2003 1836 1237

29389 21549 6421 15994 35203 3514 23701 16197 40108 27663 10383 7483 12332 10627 15840 27251 15232 12444 20193 28704 23757 17769 7029 12654 13919 6260 45474 6253 6966 20326 9090 4947 10956 19446 15805 17035 17517 13730 54202 15093 8371 18684 38375 21102 52622 53852 47354 34986 15197 16483

181956 151443 81972 45118 179349 86890 28499 43134 199791 153664 65767 58805 48555 75277 138615 155294 97584 53176 107361 187467 122469 147325 56998 99391 102384 68433 259515 65619 96429 131920 108338 78565 118381 37594 126439 108605 40319 50569 262507 54213 78328 100962 199791 160389 266358 256048 228497 214099 46244 120958

70158 56137 33391 20160 68960 32030 26544 6370 78353 57158 16770 13571 8861 34044 51550 57907 31390 10985 35882 72690 42824 57376 12741 45125 33595 25346 105796 16702 32220 60071 42892 24339 46527 21820 44649 36454 21085 12128 107171 24366 22542 32942 78353 60248 108940 104203 91544 84928 20704 42130

1719 1555 2020 2186 797 1877 2480 1869 697 1127 1324 1525 1646 2242 1817 1211 1359 1593 1205 1956 1061 2099 1395 2416 1275 1880 1940 1538 1663 2869 2127 1665 2135 2327 1668 1203 2218 1789 1599 2239 1374 1156 1050 2109 1977 1509 1125 2149 2144 1511

1038 879 1459 1709 1024 1320 1995 1402 1305 464 869 1050 1181 1674 1133 546 738 1134 1066 1268 1206 1406 928 1875 768 1323 1950 999 1145 2314 1562 1115 1500 1846 988 667 1736 1318 1983 1748 832 916 1087 1416 1986 2088 1720 1628 1668 837

282030 211282 141015 156813 275986 123980 205925 104130 324205 216434 12638 46089 66146 165880 198300 220212 86408 58178 109075 294806 144106 241573 25277 212999 97536 105504 461992 48149 106122 288418 178793 81738 185456 180442 162789 111960 161484 89774 468792 165811 55499 94239 323380 245901 477721 453818 389938 356556 149807 140603

50691 38013 17684 20961 51754 16554 32069 15322 59686 41572 8429 1231 9073 20938 32781 41335 20566 9254 24295 52228 30058 37595 2463 29549 19775 11074 79235 3830 16712 41956 25571 10170 28589 26227 28724 24385 23131 11333 83247 20927 10350 21854 59166 41335 84557 81009 70500 62387 19673 26656

87703 68425 38207 29484 86090 36375 42477 15319 98955 70203 15832 11526 5185 43485 62653 71210 35513 11563 41561 91111 50906 70496 10371 57448 38482 27377 135275 15741 36631 77569 50998 26021 55891 35788 53362 42330 30731 11599 137529 32581 23565 37602 98735 74362 139911 133534 116492 107586 27615 49972

8994 7014 1953 3076 10270 2400 5044 4089 11525 8342 3428 2289 3530 1217 5553 8308 5162 3558 5938 8844 6878 5947 2434 2672 4897 1741 13134 2275 3283 4634 3544 2352 4204 3955 5544 5623 3465 3423 15131 2520 3406 5551 11125 6799 14963 15041 13379 10451 2868 5718

22109 13806 17181 27575 34163 13983 36054 25399 39559 23393 16297 15828 21148 21809 7310 21709 15513 20779 22678 21463 25368 12569 14621 24038 11931 16866 39913 14091 11169 32479 15843 13360 14375 31372 9640 15974 29250 22701 52897 26598 12776 19787 33563 13114 48346 54681 47531 28374 26698 11815

16807 14001 25640 30561 19556 22905 35602 25154 24505 9679 15763 18421 21255 29433 18478 8135 13451 20437 19232 20868 21699 23300 16271 32126 12619 23236 35094 17533 19253 39867 26303 19556 24957 32986 15933 12196 31041 23680 36455 30709 14579 16581 19881 23476 36497 38302 31816 27205 29842 13261

10299 7390 7031 8472 10011 6048 10492 6305 12559 6963 2542 3918 4743 8551 6856 7119 1531 4415 4164 10825 5152 8788 3062 9992 2712 6068 17458 3782 5031 13093 7754 4593 8294 9443 5401 2666 8664 5714 17692 8842 2599 3101 11362 8989 17709 17551 14924 13365 8184 4483

175305 136474 78453 73100 171987 74683 92515 36644 198000 139301 27445 23562 23034 89311 126332 141375 67935 11423 80376 182317 99603 144881 22846 118038 74042 56173 274079 32233 75211 159433 104768 53383 114834 79433 107218 81959 75663 36305 280374 79396 45918 72233 198000 150423 282712 269592 234531 216209 69254 97680

14104 10872 9452 10186 10309 8668 12441 7754 12529 10040 3542 5082 6005 10597 10274 10214 4313 5638 2061 14718 4237 12438 4123 12767 5635 7817 21789 5177 8073 16239 11122 6723 11726 11267 8646 5230 10401 7099 19186 10594 5350 2795 14964 12662 22071 18497 15556 17561 9863 7618

4719 4738 8597 11897 10320 7583 14113 10500 12031 6905 7254 7875 9152 10064 5467 6371 7005 8870 9277 3656 10130 6729 7312 10878 5869 8497 9506 7622 6695 13554 8172 7390 7707 13238 5406 7151 12428 9845 15675 11583 6547 8360 10130 5845 12180 16314 14559 5847 11614 5613

2204 1718 1581 1691 1302 1463 2030 1326 1635 1593 693 924 1063 1760 1628 1619 733 1008 555 2296 390 1953 780 2079 931 1335 3066 939 1298 2600 1756 1171 1846 1853 1384 871 1722 1227 2673 1752 889 505 2041 1987 3108 2532 2090 2723 1643 1229

33087 23443 23170 37575 50155 19559 48702 36072 57236 36022 26166 23493 30494 29263 14919 33813 25682 30655 35084 31815 38614 11166 22333 29102 20982 23524 56025 21214 17380 40178 17905 20255 15978 42538 17975 26288 39775 32512 74738 35911 21002 31291 49368 15978 67091 77038 67697 40884 36405 20830

29547 21819 12087 14277 30208 10393 19877 9670 34960 23989 3801 2252 5847 14071 19650 23844 11199 6260 13471 30993 16984 22873 0 19319 10703 8017 46945 2293 10145 26881 15889 6157 17728 16757 16158 13513 14856 7665 50147 14257 4959 11984 34713 24051 50189 48040 41634 36675 13492 14897

19258 15154 4883 8660 22473 5240 12851 10822 25140 18677 8930 6798 9435 4715 11943 18148 11947 9496 14265 19106 16203 11616 7106 3553 10898 5631 28226 6684 7117 7725 6509 5973 7911 10537 11924 12593 9496 9405 33421 7486 7881 13444 24198 13429 31946 32615 29081 22522 8227 12293

32600 22120 24063 31410 36263 20115 39682 24603 43406 26098 11050 13644 18976 29538 20197 24684 10012 17796 19495 34493 23056 27157 10541 33424 5270 20594 59259 12362 14845 44597 26668 15282 26495 35297 14936 10622 32488 21866 64743 31379 8099 15669 41636 27879 64804 63420 53958 43640 30250 11650

19133 14415 4124 7502 21736 4258 12148 8180 24693 17191 5611 2952 5851 5337 11613 17111 9697 5918 11525 19369 13673 12852 3268 8547 9073 1634 29479 2801 5623 13172 7620 3075 8745 9583 10952 10784 8420 6693 33190 6967 5560 10615 23935 14794 33148 32667 28750 23156 7022 11361

175156 190444 281463 355282 238383 258749 406770 325852 225170 205569 253234 264755 294457 314332 211356 210756 242970 289434 287742 170788 273327 239639 248102 332568 222222 279224 124051 257875 238875 392519 271962 254436 261534 380835 205405 233251 365874 308872 262243 348348 234998 267212 177231 219819 183947 276549 279934 151733 352989 210046

31417 23339 11056 15023 33379 9282 22113 11424 38298 25597 5582 2430 7436 13292 19279 25460 12766 7551 15708 32571 19387 22351 1601 18629 11698 6794 49650 800 9022 26549 15038 4846 16963 18384 18146 14626 16408 8878 52990 15002 5683 14150 36827 24738 53033 52629 45921 39055 14201 16091

22292 15532 8585 15815 27305 6079 22449 14122 31534 21286 7458 6609 10790 12212 11525 20448 11037 10887 16351 22629 18460 14092 5916 13959 8953 7422 37089 5247 2958 20575 9380 4675 9917 18779 10579 12122 17129 11995 44699 15038 5121 14086 30040 16086 42325 43386 37782 28046 15128 11164

35887 29205 12480 18630 41122 13061 25455 22151 45465 34940 19069 15598 19892 12207 23976 34080 23982 19991 27757 35640 30912 23444 16099 10314 22275 13699 50490 15413 16118 8049 15128 14256 17411 21687 23945 25034 19991 19843 58502 16718 17362 26420 43931 26395 56547 57636 51882 41202 17925 24545

12035 8916 3727 7937 15528 2988 11116 8229 17556 12413 5826 4628 6632 5471 6476 11884 7270 6678 9817 11792 10828 6101 4440 5425 6843 4123 18722 4120 3693 8596 2220 3580 3285 9358 7288 8021 8567 7210 23593 7374 4435 8731 16331 7478 21757 23235 20550 14388 7608 8162

16816 12300 4673 8907 19038 3674 13346 7880 21863 14695 4330 2861 5655 6838 9623 14610 7526 5719 9982 17041 12034 11338 2398 8891 6931 3300 26701 1952 3900 13310 6886 1199 7961 10895 8991 8573 9784 6460 29982 8388 3574 9112 21992 12670 30199 29780 26037 20660 8448 9382

33291 24043 13451 25678 45466 10386 35106 25927 51477 34720 17347 15249 21192 18623 16808 32845 22433 21329 29985 32571 32982 15695 14693 18486 19385 13751 53121 13742 10951 27888 8982 12141 7346 30148 19402 23889 27802 22904 67566 24266 14025 26766 46032 19779 62514 69570 61607 40269 24685 21808

946126 772783 372672 171891 941607 399465 229188 203364 1052973 801673 322800 261306 229995 336196 681269 810550 496143 258078 549405 987768 631719 728398 261790 467575 512606 298912 1361570 298428 451435 644793 516318 354111 575875 130895 640112 556184 145421 201588 1394657 221440 377998 514543 1052973 803126 1415639 1359472 1209370 1121245 178024 610899

11074 6516 9745 14620 17265 8055 18070 12049 20125 11582 7198 7592 9802 12191 5780 10692 6792 9607 10578 11927 12000 8559 6353 13369 4891 8961 21336 7495 5951 17830 10200 7109 9514 16229 3176 7028 15116 10875 27174 14096 5378 9051 16956 8848 24582 28075 24330 15579 14222 4326

15829 11730 12055 14909 14887 10463 18181 11400 18098 9950 5307 7379 8870 14516 10865 10202 3806 8340 7557 17293 9159 13994 5984 16447 4154 10495 26946 6793 8459 21470 13235 8116 13697 16483 8500 2992 15221 10444 27326 15353 4886 5837 17073 14319 27353 27097 22842 21406 14443 7022

260549 211357 97602 40426 259264 105128 73603 59561 291477 219479 83331 65940 56946 87232 185247 222003 132614 73007 147849 269818 171160 198738 65986 124584 137295 76540 378755 76494 119995 174969 138442 92233 155375 45566 173638 149685 32993 48961 388070 54606 99025 137846 290926 219984 394035 378067 335391 310337 42170 165240

137814 108160 60774 37261 137095 58008 63568 27330 156514 113056 30982 20497 15076 61549 97731 114578 60691 24757 69875 142959 83983 109515 20525 84066 63513 44425 209073 26860 58395 114439 80082 42378 87468 46721 85421 70981 39142 10262 214743 41936 40442 63900 156127 117123 218284 208713 182987 167828 34439 80359

45190 41683 54470 59493 29821 51403 65177 52117 27688 32544 40378 44494 47243 59211 47631 34351 38581 46820 37823 48504 35461 53659 42775 64357 39250 51465 40960 44335 48318 73399 57395 46882 55712 61907 44450 37012 59475 50292 21387 60630 40660 36889 30385 54285 34060 23696 24243 45428 59070 41092

22574 17974 7146 4104 23542 8089 8618 6428 26371 19848 7822 5211 5621 5744 15256 19762 12226 7047 13579 22804 15670 16305 5658 9081 11939 5543 32644 6154 9417 13583 10795 6937 12308 6121 14604 13612 4997 4907 35329 2829 8519 12693 26231 18261 35444 34157 30344 26490 3636 14436

80057 56481 38011 53182 85773 30699 70728 39587 100523 63100 15801 16494 27925 49316 49862 62659 25677 26917 44210 82915 51564 61965 10086 58183 22567 30846 133135 13847 23134 81255 43390 19877 47404 61209 39209 31140 55409 33472 142906 53119 5043 36309 95817 63289 143032 141855 122313 103360 50787 35364

58028 43758 39723 42962 45043 36260 52917 32225 54677 40086 13627 20427 24504 44777 41119 40854 14800 22884 13348 60736 18235 50669 16196 54356 20636 32504 91957 20846 31401 69686 44861 27673 47528 47737 33928 18849 43884 29335 84235 44763 19379 8098 61825 51661 93199 81191 68206 73289 41538 29391

11687 10319 16111 18256 9625 14832 20714 15620 8793 7559 11041 12598 13719 17960 12502 7885 9913 13320 12732 13667 11825 14853 11550 19329 10071 15090 13193 12158 13052 23103 16310 14031 15654 19439 11261 9301 18490 14901 14420 18590 10725 11440 5775 15097 13994 15320 12357 14935 17905 9951

19812 14312 16981 25818 30875 14743 32575 23312 35262 22118 16250 16268 19856 20756 9331 20750 16000 19556 21825 17087 24012 9543 14550 20656 13087 17100 32087 14856 12481 27518 13718 14262 12525 28893 11225 16375 27181 21506 46393 24875 13050 19475 30675 7275 38943 47856 42043 22706 25093 12993

107792 115691 168663 190737 120397 157010 210766 169251 113618 103562 131938 144628 153760 185526 134768 109304 122750 150511 145721 113954 138325 149278 136084 193650 124879 163256 89976 141042 142499 224408 164573 150483 160511 200373 123367 117764 192641 163396 108212 193454 129361 135188 93057 139110 68042 115551 117288 104178 187935 125748

50320 46673 57109 60151 29943 53921 66703 53124 27725 37172 40919 45381 48057 62039 52583 39050 40589 46994 38262 53765 35074 58814 42605 65905 40553 53307 45922 46572 49175 75966 59473 49220 61003 63303 49184 38958 60774 51227 25572 61352 42752 37291 34927 59519 38748 21302 24143 50567 59235 45803

13547 12443 15576 16502 7348 14610 18481 14368 6676 9565 10672 12024 12834 17069 14205 10134 10572 12512 9867 15145 8902 16103 11183 18240 10561 14424 14940 12384 13172 21287 16292 13186 16755 17451 13197 10078 16686 13794 8777 16860 11227 9573 9046 16305 12767 8172 5591 17640 16219 12151

1568 1572 2542 3371 2975 2287 3928 3020 3140 2117 2205 2361 2682 2911 1756 1983 2142 2611 2713 1300 2927 2073 2174 3115 1857 2517 2006 2297 2064 3788 2435 2239 2318 3664 1740 2179 3495 2856 3556 3292 2072 2483 2603 1850 2678 3717 4040 1087 3300 1792

101089 81178 34056 14036 101528 37057 34221 24448 114155 85625 31329 21905 20807 29883 69009 86632 50983 27212 57059 102699 66392 74352 23899 44780 51935 25656 147937 26114 42986 64873 50343 31915 56510 23076 66429 57791 18025 17622 155129 16909 36673 53106 114118 82825 155275 148907 131888 119151 11949 63080

7969 4856 7095 9693 10916 5941 11999 7886 12864 7029 4190 4847 6351 8766 4903 6421 3907 6030 6493 8552 7464 6801 4001 9570 2614 6560 14979 4498 4503 12617 7978 5294 7448 10753 3124 4073 9987 7090 17673 9684 3335 5450 10694 6998 17196 18323 15742 11047 9376 2000

22 47 64766
1 41 64629
22 46 34130
8 33 58395
28 36 64701
5 17 28939
29 33 15916
38 39 31800
2 43 48596
45 48 62140
6 29 38428
22 26 45857
42 46 29918
1 45 17897
26 39 28061
12 36 20826
18 36 19479
13 30 22594
25 34 13973
44 49 35190
22 32 54268
6 48 33316
29 47 36000
44 46 28956
32 41 66798
11 34 47542
4 11 30995
4 45 21714
25 42 48124
6 15 34413
40 48 22149
18 22 42889
31 39 29042
8 48 46279
36 40 43427
6 44 35885
6 41 65218
29 49 49343
21 33 57685
4 16 55956
10 36 53625
3 41 26112
11 23 31813
17 34 13543
5 20 46152
5 21 62017
42 45 36512
35 45 55632
16 49 26753
24 47 52629
16 29 32964
16 18 11021
23 35 28087
34 49 11106
6 22 42120
24 43 24885
13 48 60792
26 34 63115
0 19 48742
46 48 38915
0 6 27527
32 47 60891
35 48 23947
18 44 58712
23 42 49312
2 42 57374
16 22 24596
4 15 44529
3 22 48859
15 19 12280
2 16 30485
15 30 44627
24 49 40536
0 49 64441
31 47 60313
7 36 16687
7 20 56457
6 12 38967
18 23 14461
25 28 13209
32 33 21595
37 40 49568
8 22 26373
45 46 39683
21 49 50675
27 41 58493
7 35 66711
5 45 41466
38 48 63750
11 18 45452
16 24 22523
19 24 21277
16 32 36342
4 9 36470
10 35 69989
12 40 27796
25 30 35986
0 15 24585
6 11 62325
21 34 26988
25 27 39008
33 42 34952
11 38 61615
16 30 69544
17 38 41535
3 20 51927
17 23 16231
1 20 27991
3 30 33036
10 21 32835
19 45 43344
6 25 44632
6 31 12403
8 27 11859
10 44 26457
39 47 53078
16 21 12495
4 23 23167
25 40 36686
11 36 66245
2 46 58619
22 27 49209
4 38 17521
0 28 37103
8 20 27822
19 47 17510
10 22 54899
47 49 65951
5 30 44238
3 40 59366
14 39 22938
18 27 13245
16 43 36461
22 39 26695
1 35 12789
0 3 67996
28 45 20764
15 20 31163
20 49 38130
15 25 43801
6 17 66141
23 29 23616
5 27 18432
7 33 68544
13 33 25475
0 13 47032
31 41 63764
12 17 27970
10 11 60199
1 30 30449
36 38 36358
6 23 48817
3 4 69659
17 19 43879
10 46 28062
27 45 39623
10 23 63532
5 49 12960
4 13 35573
8 36 37769
29 35 14468
2 49 48512
29 31 53158
25 46 40929
0 22 17349
22 35 68090
8 12 51068
10 13 28114
32 38 41395
31 38 19197
1 6 61915
20 31 37535
10 38 32813
15 40 22489
11 33 36079
5 43 60431
32 34 59521
16 20 29842
2 18 18401
31 44 49719
10 39 62435
23 28 44759
18 33 40678
0 11 62093
8 17 30780
22 49 10882
4 18 43858
16 26 36455
31 37 13842
12 33 69431
28 34 64224
25 44 30453
13 45 60085
29 40 59524
33 38 13525
4 48 67435
16 25 57613
5 18 54593
12 39 37691
3 7 29007
10 15 15932
12 23 29605
7 8 56543
0 5 38745
16 28 54237
3 21 34764
17 49 29175
15 37 55900
3 11 66749
26 33 49719
43 49 47761
3 17 59183
13 38 36620
19 27 30581
10 41 63418
2 39 57401
5 41 31463
23 48 37275
33 47 23855
25 32 47448
21 31 48849
14 29 30221
13 32 67901
32 40 38933
7 43 31888
30 44 23568
18 47 36367
31 45 19500
18 29 68161
19 34 64058
25 38 50651
7 44 14092
0 43 35805
0 7 49336
1 36 54980
0 23 32184
36 41 14099
29 36 14155
2 17 30226
15 41 22990
0 9 66017
1 9 67987
37 49 12173
39 43 32637
21 23 28567
1 31 17733
5 37 32180
38 49 62173
34 42 57152
14 15 46035
10 43 39620
39 46 36000
6 14 18398
41 46 49664
3 48 64933
16 31 40286
10 48 63232
9 30 43443
17 48 61930
27 35 61393
3 15 49643
28 46 42580
1 28 17627
21 47 27591
4 46 34058
1 38 62608
14 41 61918
7 39 50300
19 31 18905
41 49 22144
19 46 63290
13 46 14921
20 25 20130
40 44 17605
15 33 49701
9 45 50841
26 38 25339
2 14 11880
13 23 43013
38 41 12490
17 46 60058
1 25 12633
11 22 50633
26 43 20599
4 30 52297
7 48 45565
6 32 63028
5 9 57671
28 47 31150
24 29 54957
1 48 49063
22 48 10793
10 31 39679
19 37 68834
6 8 28384
4 20 63737
20 48 13583
29 30 20301
3 12 56179
22 44 22488
2 32 44588
8 30 49469
29 41 39552
12 43 54719
3 37 57074
14 35 31396
12 26 47702
0 42 24555
24 36 33276
14 16 20714
34 41 39188
19 25 35477
37 44 35490
4 44 19820
4 6 46076
15 45 29929
25 35 55386
8 31 39103
14 23 17600
8 37 16535
30 43 36203
0 10 68806
2 24 29471
35 42 18024
31 48 67639
13 14 59998
9 28 23904
20 29 11221
16 38 10299
30 46 10082
17 26 35852
33 46 57030
14 49 49551
2 15 17547
9 47 41748
6 39 48768
25 47 38943
19 26 31592
7 30 63323
0 33 14361
8 42 42307
0 20 32511
4 17 39838
34 43 19939
30 41 42331
3 27 28056
11 21 52012
1 11 39859
2 10 69303
4 39 11754
5 31 58538
36 37 35505
2 27 10559
28 41 18008
26 29 55672
20 47 20341
3 47 20149
24 39 69576
32 44 33705
21 40 32591
6 47 69659
12 38 11700
24 35 19620
22 25 49209
6 46 19247
3 9 51369
19 29 40119
7 32 48190
30 47 12960
11 17 33442
18 42 64694
9 20 57410
5 23 68096
32 42 34532
3 34 19492
11 46 52569
14 43 64731
20 45 61504
19 41 34571
14 19 64033
13 35 15400
13 19 23108
9 14 41680
30 49 15959
4 22 43259
36 45 27352
18 48 38443
8 39 53408
6 35 26927
10 27 14291
17 35 28141
20 35 38728
17 20 15991
1 12 37762
0 1 30080
37 47 37381
5 15 19130
6 10 60199
20 30 27713
32 36 34233
12 32 35783
1 47 22406
2 41 33786
11 27 33878
37 43 59081
21 43 55421
10 26 28590
13 43 53812
39 41 46924
33 45 53161
25 36 59987
20 38 64467
2 4 18411
4 26 31667
8 49 22568
5 14 63813
36 42 61162
11 39 51012
11 43 59364
39 49 18088
24 45 67446
35 38 17504
9 34 58960
26 46 13436
15 34 45266
12 47 19039
43 44 52960
27 46 66539
28 44 69238
8 16 10672
4 31 30772
8 35 35021
15 42 23078
10 12 66701
29 34 11041
42 48 24302
9 33 52121
6 45 29631
21 45 68114
5 11 41187
23 34 24934
33 34 58100
39 45 35653
26 32 33345
18 25 31909
11 28 48221
15 18 27158
24 26 23070
17 21 41375
12 34 28664
9 12 43302
24 32 38820
25 31 36168
5 36 32261
25 41 54399
8 43 11434
27 49 53443
1 19 37358
19 35 20115
11 16 64823
13 17 38030
7 22 40887
28 49 41986
7 13 63252
2 23 49730
16 39 43028
6 21 17553
21 32 31850
17 42 14801
8 38 27809
28 31 15179
0 16 29736
24 27 28051
27 29 52975
20 21 65224
20 43 49961
33 36 31196
20 33 34524
30 36 15173
19 28 14713
9 25 53188
8 29 60618
19 21 43534
33 35 31499
9 48 35021
8 24 27932
36 43 45076
5 46 18463
10 28 55291
19 43 55191
33 44 13286
4 43 35463
8 46 38221
33 48 45272
20 32 40857
1 29 17950
5 33 30442
37 38 60553
3 39 51944
5 16 35244
7 17 18361
9 26 57123
15 47 67123
38 43 48556
9 35 40098
2 47 14488
6 26 40659
23 43 13436
11 19 39013
0 26 57975
20 40 18149
1 44 34343
18 40 48593
12 22 63826
0 4 55842
24 37 13613
2 45 33901
24 30 30917
21 29 22077
35 41 31334
0 36 16108
3 28 25363
2 21 56797
35 36 44329
39 40 12777
41 43 39797
7 15 64422
3 24 33220
9 15 30349
26 30 46365
20 39 10606
10 16 50854
40 47 45631
13 24 67729
10 49 29409
47 48 27871
0 8 12216
23 45 12210
10 20 43450
21 35 53372
4 24 60185
12 49 63742
27 43 17715
12 16 38777
27 40 57568
3 14 63557
20 24 42391
8 10 21468
0 29 36617
16 33 66611
6 40 42802
6 13 54868
36 49 34116
15 22 41741
26 41 29196
23 38 36893
34 38 11537
0 18 35760
18 34 12255
10 47 31887
22 33 12125
1 4 12861
12 13 12740
14 40 59899
14 46 22732
4 41 44292
27 34 17769
8 32 24949
31 46 46502
18 21 51219
1 5 68321
0 25 48829
7 29 44960
30 34 28178
2 7 29749
22 45 44670
3 29 33878
35 37 14282
8 19 56138
15 24 60495
14 33 10892
20 26 41082
16 47 45362
7 40 47151
29 38 12823
9 44 16700
5 48 14043
10 29 14360
23 47 54603
15 39 28442
23 26 36247
9 49 56728
25 39 31303
7 34 51130
17 22 46626
25 33 44036
12 19 37564
12 44 66538
21 44 11127
10 33 26208
0 35 59899
3 10 21590
6 49 65038
7 26 47002
21 37 39769
22 40 24786
11 24 21671
30 40 63647
37 39 29068
15 32 67810
2 37 66284
31 36 42103
19 36 51034
26 45 53788
8 23 19253
32 39 53857
5 6 12630
11 49 35439
14 21 58218
21 27 57233
40 42 53881
13 18 36607
22 28 56104
0 39 15184
13 47 29880
30 42 44872
6 34 61363
8 45 57444
2 9 41410
43 48 62490
16 17 25795
15 21 43451
21 46 14079
19 44 20832
21 26 20452
6 36 55991
44 48 47761
4 7 32124
26 42 49637
2 26 18971
21 39 42076
46 47 58063
21 25 63217
40 45 23109
22 23 41850
14 26 12469
46 49 66967
15 29 56623
1 27 50051
29 48 67327
6 27 43856
20 44 33932
6 42 46076
23 33 29959
20 28 51259
2 31 65956
28 35 64831
43 47 42621
16 35 65543
13 34 48383
1 17 47253
17 37 21337
1 18 21834
38 45 63475
5 22 32169
11 29 44429
9 43 49466
32 43 22072
1 7 66553
30 38 41245
6 20 43186
12 20 50771
13 27 29308
19 33 36402
0 27 16023
19 20 13300
14 34 38871
14 45 25132
0 30 59924
4 32 18921
32 37 22458
41 45 33779
30 35 54996
2 40 58534
7 24 65881
5 10 48397
13 37 66633
23 41 12853
9 29 21017
10 24 62175
35 46 63380
31 34 10412
7 12 13511
32 46 27356
24 38 63888
22 31 47823
27 31 61785
6 19 55496
31 40 59895
11 45 10480
15 23 26740
27 47 33080
22 34 51251
2 29 58191
3 36 59482
19 32 69417
14 24 61492
25 29 40495
22 30 24548
21 36 51415
40 46 61559
13 36 37006
13 40 27336
3 31 58698
14 18 37683
7 9 23216
6 37 37094
31 49 34315
0 41 38212
13 28 60255
9 36 26489
7 42 31591
45 49 60667
22 42 42143
33 39 48947
6 9 66697
7 25 19965
7 11 40732
18 26 52192
44 45 22002
14 22 53355
3 49 68933
23 36 45082
27 38 46748
3 42 57123
7 38 46706
4 27 46165
1 16 60757
24 48 29343
1 21 60713
23 25 54314
9 13 33044
25 49 39862
8 11 11649
1 37 21741
3 45 67545
17 45 37008
9 22 60979
5 47 44002
7 27 65221
3 44 51233
26 48 12633
13 22 38954
35 40 54042
28 39 44776
1 8 17901
5 26 50739
0 34 54741
17 24 60776
14 25 45073
2 34 18885
33 37 44130
27 33 56148
6 33 66110
36 44 20877
39 44 43271
18 19 54958
21 28 57042
12 14 46170
13 49 14300
1 24 59898
7 21 30484
38 40 49487
32 35 29759
18 38 32133
14 37 13371
11 47 27303
21 38 11284
4 5 64350
5 40 13447
6 18 66505
30 33 57725
16 19 16080
42 43 35458
7 49 41766
9 17 62999
26 27 55502
18 49 34647
10 32 59882
12 46 58420
34 47 69721
23 44 68767
14 17 44692
12 48 55868
28 33 64876
27 36 55570
17 44 41281
25 48 49833
44 47 54754
29 43 29594
26 36 66276
36 48 44651
28 30 50078
17 32 45762
4 10 64410
35 43 24353
12 31 49133
18 35 33855
4 35 25637
8 15 55625
21 22 37302
11 13 34284
31 42 55492
0 40 55525
2 19 11885
13 16 39401
8 40 48523
9 18 69530
15 44 64048
3 8 38404
31 33 57950
12 27 15910
5 34 37170
11 42 32641
19 38 13921
36 47 32045
5 7 30353
3 43 57345
45 47 11877
16 40 15107
0 46 16938
11 35 20295
18 46 61901
5 42 57016
22 29 56058
2 25 68454
13 31 23512
15 49 47333
37 41 32308
7 18 39149
9 24 45101
10 45 11753
20 27 15576
24 46 30592
31 32 57278
26 35 17461
18 28 12135
35 44 35801
29 37 29133
1 34 66184
6 16 16347
8 9 17082
17 47 24236
19 39 43518
5 32 39724
10 19 28157
0 2 17705
1 23 60077
10 34 27645
38 42 31726
27 44 17326
25 26 34583
3 19 42021
8 47 21370
26 49 33742
23 49 28078
4 28 19823
8 28 47254
5 35 17554
42 44 42131
3 38 28545
41 44 52655
15 46 56027
4 14 34121
8 25 25389
9 40 43305
20 41 53725
9 39 27525
4 42 21248
2 8 12858
0 31 35851
23 30 27595
1 22 32083
27 30 62230
17 36 13255
32 49 13949
21 48 32530
20 34 20961
17 29 64027
33 40 50175
19 30 42687
24 34 23495
0 12 14757
11 30 14707
7 41 34865
30 32 50642
5 8 44929
11 32 44688
16 36 27895
7 31 64626
15 36 28962
12 37 58584
9 19 59423
5 39 14988
4 21 34847
42 47 26954
28 48 60436
3 32 30715
0 21 44479
29 39 11683
12 29 45716
9 10 22472
11 37 41422
34 39 67799
18 20 14702
24 42 44677
28 37 11748
33 49 49375
11 44 55638
30 31 17917
25 43 29549
14 20 40467
11 40 43555
7 28 46449
0 17 57318
10 14 68421
12 35 27091
1 33 44389
20 22 55251
12 45 57129
0 45 39014
8 26 26355
14 36 57855
22 41 28436
6 43 43487
6 28 22702
0 24 45390
16 27 33922
4 8 55560
25 37 32012
41 42 47749
26 40 31275
15 28 56627
16 41 19170
3 26 41216
12 30 13471
28 42 65990
2 22 42964
7 23 52846
7 47 63771
2 6 63024
26 28 12394
1 13 34237
23 24 36579
8 21 60987
9 11 33697
11 20 47142
12 18 18077
5 29 68086
38 46 32392
24 44 17348
3 23 49242
43 46 60891
15 31 65204
13 39 67678
28 32 34377
10 42 30048
34 40 55211
39 42 58299
1 3 15607
35 39 29365
4 36 36047
26 44 36882
8 13 28134
43 45 57360
4 40 68098
13 15 31606
0 44 65493
27 37 53205
24 33 14451
9 38 59263
2 38 46228
7 16 28989
18 45 23499
12 42 24949
11 31 19975
2 11 47197
8 18 62091
34 48 40195
29 44 57425
7 19 36626
23 31 47543
2 5 36667
15 35 27516
34 46 54889
15 17 46487
24 31 64036
27 42 14936
9 16 43840
22 37 52334
11 12 32686
30 37 15347
1 10 30524
18 43 59568
26 47 33482
20 37 30026
22 43 69809
11 14 55088
14 30 25518
23 40 65156
20 42 11681
18 41 14780
24 25 41383
14 47 30670
17 31 40423
17 18 68476
4 37 40645
29 42 29762
14 42 12708
6 7 22982
2 36 17186
4 47 39334
18 24 60526
14 27 55996
4 49 68993
2 35 57557
40 41 32483
22 24 63028
19 40 62494
5 12 66323
3 6 57505
1 26 25179
21 24 23813
29 45 30171
42 49 26890
4 19 47295
15 26 50197
1 42 38841
15 16 32382
13 26 65716
40 43 33996
22 38 46206
14 48 22638
7 37 17521
36 46 66877
1 49 53061
25 45 15996
9 37 49664
6 38 24965
10 17 18705
24 41 62647
9 31 44295
11 26 60182
9 41 53172
9 46 30290
10 18 11317
2 3 40728
19 49 52773
17 30 64345
12 28 45364
3 35 61239
3 18 63992
7 46 12686
19 42 15051
26 37 24162
3 46 41719
37 42 64489
1 2 64360
0 32 10559
16 34 39013
9 32 12217
4 33 34555
5 24 15218
17 43 36998
6 30 54219
13 20 12094
24 40 32202
37 45 12358
18 30 51759
16 42 47167
2 48 21063
0 47 44405
3 5 21461
19 22 23387
38 44 39719
7 10 41752
28 43 24704
16 45 22589
2 30 36667
4 25 31192
16 46 10096
30 45 40048
14 31 37326
28 40 12782
2 20 45099
33 43 51489
10 25 56644
33 41 51730
26 31 57991
1 15 57203
37 48 20742
8 41 12350
8 14 33900
