50 50 1103
25000 25000 25000 25000 25000 25000 25000 25000 25000 25000 25000 25000 25000 25000 25000 25000 25000 25000 25000 25000 25000 25000 0 25000 25000 25000 25000 25000 25000 25000 25000 25000 25000 25000 25000 25000 25000 25000 25000 25000 25000 25000 25000 25000 25000 25000 25000 25000 25000 25000
2609 3292 6739 8933 6803 5984 10355 7650 8084 4246 5219 5776 6641 7816 4374 3847 5033 6429 6719 3660 7358 5396 5219 8345 4182 6387 7391 5542 5038 10349 6400 5558 6051 9568 3792 4898 9064 7159 11178 8697 4781 6033 6661 5299 8845 11656 9977 5301 8663 3947

2368 1148 3204 4509 4028 2752 5457 3845 4791 2504 2396 2628 3220 3859 1838 2266 2285 3117 3299 2596 3680 2582 2296 4205 1779 2994 5115 2491 2189 5399 3046 2499 2838 4940 1446 2351 4642 3507 6634 4369 2035 2890 3943 2607 5984 6919 5919 3574 4385 1538

38119 28711 4914 17161 44553 7030 26409 19622 50450 35490 13876 9147 14977 9987 21848 35330 20546 15111 25670 37312 29954 23679 9828 13734 19303 6568 57472 8895 11180 22957 12390 7341 15489 21294 21806 22713 18992 16657 67393 15523 12297 23856 48568 27686 66066 66973 59161 44864 16203 22621

94158 75406 32372 11548 94124 35112 29982 21024 105322 79267 29681 21275 20071 28595 64292 80186 47630 25921 53179 95094 61702 69206 23096 42165 48700 24701 135170 25118 40527 60515 47246 30416 52911 19804 61669 53847 15191 17163 141838 16712 34762 49569 105288 76944 142841 137025 121516 110118 12183 58878

1432 1277 1715 1883 566 1580 2152 1577 838 876 1061 1250 1363 1923 1524 955 1016 1318 949 1655 814 1789 1133 2087 1015 1583 2005 1269 1379 2512 1815 1381 1823 2008 1383 947 1901 1497 1685 1925 1108 908 1169 1798 2040 1600 1240 2003 1836 1237

29389 21549 6421 15994 35203 3514 23701 16197 40108 27663 10383 7483 12332 10627 15840 27251 15232 12444 20193 28704 23757 17769 7029 12654 13919 6260 45474 6253 6966 20326 9090 4947 10956 19446 15805 17035 17517 13730 54202 15093 8371 18684 38375 21102 52622 53852 47354 34986 15197 16483

181956 151443 81972 45118 179349 86890 28499 43134 199791 153664 65767 58805 48555 75277 138615 155294 97584 53176 107361 187467 122469 147325 56998 99391 102384 68433 259515 65619 96429 131920 108338 78565 118381 37594 126439 108605 40319 50569 262507 54213 78328 100962 199791 160389 266358 256048 228497 214099 46244 120958

70158 56137 33391 20160 68960 32030 26544 6370 78353 57158 16770 13571 8861 34044 51550 57907 31390 10985 35882 72690 42824 57376 12741 45125 33595 25346 105796 16702 32220 60071 42892 24339 46527 21820 44649 36454 21085 12128 107171 24366 22542 32942 78353 60248 108940 104203 91544 84928 20704 42130

1719 1555 2020 2186 797 1877 2480 1869 697 1127 1324 1525 1646 2242 1817 1211 1359 1593 1205 1956 1061 2099 1395 2416 1275 1880 1940 1538 1663 2869 2127 1665 2135 2327 1668 1203 2218 1789 1599 2239 1374 1156 1050 2109 1977 1509 1125 2149 2144 1511

1038 879 1459 1709 1024 1320 1995 1402 1305 464 869 1050 1181 1674 1133 546 738 1134 1066 1268 1206 1406 928 1875 768 1323 1950 999 1145 2314 1562 1115 1500 1846 988 667 1736 1318 1983 1748 832 916 1087 1416 1986 2088 1720 1628 1668 837

282030 211282 141015 156813 275986 123980 205925 104130 324205 216434 12638 46089 66146 165880 198300 220212 86408 58178 109075 294806 144106 241573 25277 212999 97536 105504 461992 48149 106122 288418 178793 81738 185456 180442 162789 111960 161484 89774 468792 165811 55499 94239 323380 245901 477721 453818 389938 356556 149807 140603

50691 38013 17684 20961 51754 16554 32069 15322 59686 41572 8429 1231 9073 20938 32781 41335 20566 9254 24295 52228 30058 37595 2463 29549 19775 11074 79235 3830 16712 41956 25571 10170 28589 26227 28724 24385 23131 11333 83247 20927 10350 21854 59166 41335 84557 81009 70500 62387 19673 26656

87703 68425 38207 29484 86090 36375 42477 15319 98955 70203 15832 11526 5185 43485 62653 71210 35513 11563 41561 91111 50906 70496 10371 57448 38482 27377 135275 15741 36631 77569 50998 26021 55891 35788 53362 42330 30731 11599 137529 32581 23565 37602 98735 74362 139911 133534 116492 107586 27615 49972

8994 7014 1953 3076 10270 2400 5044 4089 11525 8342 3428 2289 3530 1217 5553 8308 5162 3558 5938 8844 6878 5947 2434 2672 4897 1741 13134 2275 3283 4634 3544 2352 4204 3955 5544 5623 3465 3423 15131 2520 3406 5551 11125 6799 14963 15041 13379 10451 2868 5718

22109 13806 17181 27575 34163 13983 36054 25399 39559 23393 16297 15828 21148 21809 7310 21709 15513 20779 22678 21463 25368 12569 14621 24038 11931 16866 39913 14091 11169 32479 15843 13360 14375 31372 9640 15974 29250 22701 52897 26598 12776 19787 33563 13114 48346 54681 47531 28374 26698 11815

16807 14001 25640 30561 19556 22905 35602 25154 24505 9679 15763 18421 21255 29433 18478 8135 13451 20437 19232 20868 21699 23300 16271 32126 12619 23236 35094 17533 19253 39867 26303 19556 24957 32986 15933 12196 31041 23680 36455 30709 14579 16581 19881 23476 36497 38302 31816 27205 29842 13261

10299 7390 7031 8472 10011 6048 10492 6305 12559 6963 2542 3918 4743 8551 6856 7119 1531 4415 4164 10825 5152 8788 3062 9992 2712 6068 17458 3782 5031 13093 7754 4593 8294 9443 5401 2666 8664 5714 17692 8842 2599 3101 11362 8989 17709 17551 14924 13365 8184 4483

175305 136474 78453 73100 171987 74683 92515 36644 198000 139301 27445 23562 23034 89311 126332 141375 67935 11423 80376 182317 99603 144881 22846 118038 74042 56173 274079 32233 75211 159433 104768 53383 114834 79433 107218 81959 75663 36305 280374 79396 45918 72233 198000 150423 282712 269592 234531 216209 69254 97680

14104 10872 9452 10186 10309 8668 12441 7754 12529 10040 3542 5082 6005 10597 10274 10214 4313 5638 2061 14718 4237 12438 4123 12767 5635 7817 21789 5177 8073 16239 11122 6723 11726 11267 8646 5230 10401 7099 19186 10594 5350 2795 14964 12662 22071 18497 15556 17561 9863 7618

4719 4738 8597 11897 10320 7583 14113 10500 12031 6905 7254 7875 9152 10064 5467 6371 7005 8870 9277 3656 10130 6729 7312 10878 5869 8497 9506 7622 6695 13554 8172 7390 7707 13238 5406 7151 12428 9845 15675 11583 6547 8360 10130 5845 12180 16314 14559 5847 11614 5613

2204 1718 1581 1691 1302 1463 2030 1326 1635 1593 693 924 1063 1760 1628 1619 733 1008 555 2296 390 1953 780 2079 931 1335 3066 939 1298 2600 1756 1171 1846 1853 1384 871 1722 1227 2673 1752 889 505 2041 1987 3108 2532 2090 2723 1643 1229

33087 23443 23170 37575 50155 19559 48702 36072 57236 36022 26166 23493 30494 29263 14919 33813 25682 30655 35084 31815 38614 11166 22333 29102 20982 23524 56025 21214 17380 40178 17905 20255 15978 42538 17975 26288 39775 32512 74738 35911 21002 31291 49368 15978 67091 77038 67697 40884 36405 20830

29547 21819 12087 14277 30208 10393 19877 9670 34960 23989 3801 2252 5847 14071 19650 23844 11199 6260 13471 30993 16984 22873 0 19319 10703 8017 46945 2293 10145 26881 15889 6157 17728 16757 16158 13513 14856 7665 50147 14257 4959 11984 34713 24051 50189 48040 41634 36675 13492 14897

19258 15154 4883 8660 22473 5240 12851 10822 25140 18677 8930 6798 9435 4715 11943 18148 11947 9496 14265 19106 16203 11616 7106 3553 10898 5631 28226 6684 7117 7725 6509 5973 7911 10537 11924 12593 9496 9405 33421 7486 7881 13444 24198 13429 31946 32615 29081 22522 8227 12293

32600 22120 24063 31410 36263 20115 39682 24603 43406 26098 11050 13644 18976 29538 20197 24684 10012 17796 19495 34493 23056 27157 10541 33424 5270 20594 59259 12362 14845 44597 26668 15282 26495 35297 14936 10622 32488 21866 64743 31379 8099 15669 41636 27879 64804 63420 53958 43640 30250 11650

19133 14415 4124 7502 21736 4258 12148 8180 24693 17191 5611 2952 5851 5337 11613 17111 9697 5918 11525 19369 13673 12852 3268 8547 9073 1634 29479 2801 5623 13172 7620 3075 8745 9583 10952 10784 8420 6693 33190 6967 5560 10615 23935 14794 33148 32667 28750 23156 7022 11361

175156 190444 281463 355282 238383 258749 406770 325852 225170 205569 253234 264755 294457 314332 211356 210756 242970 289434 287742 170788 273327 239639 248102 332568 222222 279224 124051 257875 238875 392519 271962 254436 261534 380835 205405 233251 365874 308872 262243 348348 234998 267212 177231 219819 183947 276549 279934 151733 352989 210046

31417 23339 11056 15023 33379 9282 22113 11424 38298 25597 5582 2430 7436 13292 19279 25460 12766 7551 15708 32571 19387 22351 1601 18629 11698 6794 49650 800 9022 26549 15038 4846 16963 18384 18146 14626 16408 8878 52990 15002 5683 14150 36827 24738 53033 52629 45921 39055 14201 16091

22292 15532 8585 15815 27305 6079 22449 14122 31534 21286 7458 6609 10790 12212 11525 20448 11037 10887 16351 22629 18460 14092 5916 13959 8953 7422 37089 5247 2958 20575 9380 4675 9917 18779 10579 12122 17129 11995 44699 15038 5121 14086 30040 16086 42325 43386 37782 28046 15128 11164

35887 29205 12480 18630 41122 13061 25455 22151 45465 34940 19069 15598 19892 12207 23976 34080 23982 19991 27757 35640 30912 23444 16099 10314 22275 13699 50490 15413 16118 8049 15128 14256 17411 21687 23945 25034 19991 19843 58502 16718 17362 26420 43931 26395 56547 57636 51882 41202 17925 24545

12035 8916 3727 7937 15528 2988 11116 8229 17556 12413 5826 4628 6632 5471 6476 11884 7270 6678 9817 11792 10828 6101 4440 5425 6843 4123 18722 4120 3693 8596 2220 3580 3285 9358 7288 8021 8567 7210 23593 7374 4435 8731 16331 7478 21757 23235 20550 14388 7608 8162

16816 12300 4673 8907 19038 3674 13346 7880 21863 14695 4330 2861 5655 6838 9623 14610 7526 5719 9982 17041 12034 11338 2398 8891 6931 3300 26701 1952 3900 13310 6886 1199 7961 10895 8991 8573 9784 6460 29982 8388 3574 9112 21992 12670 30199 29780 26037 20660 8448 9382

33291 24043 13451 25678 45466 10386 35106 25927 51477 34720 17347 15249 21192 18623 16808 32845 22433 21329 29985 32571 32982 15695 14693 18486 19385 13751 53121 13742 10951 27888 8982 12141 7346 30148 19402 23889 27802 22904 67566 24266 14025 26766 46032 19779 62514 69570 61607 40269 24685 21808

946126 772783 372672 171891 941607 399465 229188 203364 1052973 801673 322800 261306 229995 336196 681269 810550 496143 258078 549405 987768 631719 728398 261790 467575 512606 298912 1361570 298428 451435 644793 516318 354111 575875 130895 640112 556184 145421 201588 1394657 221440 377998 514543 1052973 803126 1415639 1359472 1209370 1121245 178024 610899

11074 6516 9745 14620 17265 8055 18070 12049 20125 11582 7198 7592 9802 12191 5780 10692 6792 9607 10578 11927 12000 8559 6353 13369 4891 8961 21336 7495 5951 17830 10200 7109 9514 16229 3176 7028 15116 10875 27174 14096 5378 9051 16956 8848 24582 28075 24330 15579 14222 4326

15829 11730 12055 14909 14887 10463 18181 11400 18098 9950 5307 7379 8870 14516 10865 10202 3806 8340 7557 17293 9159 13994 5984 16447 4154 10495 26946 6793 8459 21470 13235 8116 13697 16483 8500 2992 15221 10444 27326 15353 4886 5837 17073 14319 27353 27097 22842 21406 14443 7022

260549 211357 97602 40426 259264 105128 73603 59561 291477 219479 83331 65940 56946 87232 185247 222003 132614 73007 147849 269818 171160 198738 65986 124584 137295 76540 378755 76494 119995 174969 138442 92233 155375 45566 173638 149685 32993 48961 388070 54606 99025 137846 290926 219984 394035 378067 335391 310337 42170 165240

137814 108160 60774 37261 137095 58008 63568 27330 156514 113056 30982 20497 15076 61549 97731 114578 60691 24757 69875 142959 83983 109515 20525 84066 63513 44425 209073 26860 58395 114439 80082 42378 87468 46721 85421 70981 39142 10262 214743 41936 40442 63900 156127 117123 218284 208713 182987 167828 34439 80359

45190 41683 54470 59493 29821 51403 65177 52117 27688 32544 40378 44494 47243 59211 47631 34351 38581 46820 37823 48504 35461 53659 42775 64357 39250 51465 40960 44335 48318 73399 57395 46882 55712 61907 44450 37012 59475 50292 21387 60630 40660 36889 30385 54285 34060 23696 24243 45428 59070 41092

22574 17974 7146 4104 23542 8089 8618 6428 26371 19848 7822 5211 5621 5744 15256 19762 12226 7047 13579 22804 15670 16305 5658 9081 11939 5543 32644 6154 9417 13583 10795 6937 12308 6121 14604 13612 4997 4907 35329 2829 8519 12693 26231 18261 35444 34157 30344 26490 3636 14436

80057 56481 38011 53182 85773 30699 70728 39587 100523 63100 15801 16494 27925 49316 49862 62659 25677 26917 44210 82915 51564 61965 10086 58183 22567 30846 133135 13847 23134 81255 43390 19877 47404 61209 39209 31140 55409 33472 142906 53119 5043 36309 95817 63289 143032 141855 122313 103360 50787 35364

58028 43758 39723 42962 45043 36260 52917 32225 54677 40086 13627 20427 24504 44777 41119 40854 14800 22884 13348 60736 18235 50669 16196 54356 20636 32504 91957 20846 31401 69686 44861 27673 47528 47737 33928 18849 43884 29335 84235 44763 19379 8098 61825 51661 93199 81191 68206 73289 41538 29391

11687 10319 16111 18256 9625 14832 20714 15620 8793 7559 11041 12598 13719 17960 12502 7885 9913 13320 12732 13667 11825 14853 11550 19329 10071 15090 13193 12158 13052 23103 16310 14031 15654 19439 11261 9301 18490 14901 14420 18590 10725 11440 5775 15097 13994 15320 12357 14935 17905 9951

19812 14312 16981 25818 30875 14743 32575 23312 35262 22118 16250 16268 19856 20756 9331 20750 16000 19556 21825 17087 24012 9543 14550 20656 13087 17100 32087 14856 12481 27518 13718 14262 12525 28893 11225 16375 27181 21506 46393 24875 13050 19475 30675 7275 38943 47856 42043 22706 25093 12993

107792 115691 168663 190737 120397 157010 210766 169251 113618 103562 131938 144628 153760 185526 134768 109304 122750 150511 145721 113954 138325 149278 136084 193650 124879 163256 89976 141042 142499 224408 164573 150483 160511 200373 123367 117764 192641 163396 108212 193454 129361 135188 93057 139110 68042 115551 117288 104178 187935 125748

50320 46673 57109 60151 29943 53921 66703 53124 27725 37172 40919 45381 48057 62039 52583 39050 40589 46994 38262 53765 35074 58814 42605 65905 40553 53307 45922 46572 49175 75966 59473 49220 61003 63303 49184 38958 60774 51227 25572 61352 42752 37291 34927 59519 38748 21302 24143 50567 59235 45803

13547 12443 15576 16502 7348 14610 18481 14368 6676 9565 10672 12024 12834 17069 14205 10134 10572 12512 9867 15145 8902 16103 11183 18240 10561 14424 14940 12384 13172 21287 16292 13186 16755 17451 13197 10078 16686 13794 8777 16860 11227 9573 9046 16305 12767 8172 5591 17640 16219 12151

1568 1572 2542 3371 2975 2287 3928 3020 3140 2117 2205 2361 2682 2911 1756 1983 2142 2611 2713 1300 2927 2073 2174 3115 1857 2517 2006 2297 2064 3788 2435 2239 2318 3664 1740 2179 3495 2856 3556 3292 2072 2483 2603 1850 2678 3717 4040 1087 3300 1792

101089 81178 34056 14036 101528 37057 34221 24448 114155 85625 31329 21905 20807 29883 69009 86632 50983 27212 57059 102699 66392 74352 23899 44780 51935 25656 147937 26114 42986 64873 50343 31915 56510 23076 66429 57791 18025 17622 155129 16909 36673 53106 114118 82825 155275 148907 131888 119151 11949 63080

7969 4856 7095 9693 10916 5941 11999 7886 12864 7029 4190 4847 6351 8766 4903 6421 3907 6030 6493 8552 7464 6801 4001 9570 2614 6560 14979 4498 4503 12617 7978 5294 7448 10753 3124 4073 9987 7090 17673 9684 3335 5450 10694 6998 17196 18323 15742 11047 9376 2000

9 34 46234
8 24 48187
3 26 56018
24 34 62955
6 9 60173
40 49 56123
12 44 16339
8 31 13854
5 45 57555
11 40 28351
23 35 41053
1 39 42257
8 35 48530
18 28 32212
4 17 40639
27 33 34222
15 18 25405
36 49 17832
8 27 11492
28 29 53636
40 43 15391
5 13 61779
24 40 53950
26 32 38339
1 15 25117
36 44 10812
13 17 10275
24 48 28346
24 32 43013
10 42 43920
2 19 59417
4 29 32667
4 22 22693
16 37 40530
15 40 65573
27 43 40136
41 45 18209
18 36 46979
1 30 39690
24 45 57948
14 29 14149
8 42 53120
12 49 43971
8 14 29658
10 19 16310
34 40 44920
16 23 13861
34 43 34834
3 24 14515
29 42 52883
10 47 43815
13 45 35336
22 25 57076
11 42 56325
1 26 41918
1 46 23714
2 29 57317
29 40 26920
22 36 20443
21 45 14698
8 17 40155
15 32 34622
4 48 11491
5 34 12713
0 5 66964
34 46 40379
1 12 32900
22 46 34945
25 29 44457
16 36 48883
3 46 31970
1 10 16727
23 46 11574
10 24 64860
20 31 34510
16 24 63056
44 46 61319
40 45 62966
4 11 41419
38 40 33101
13 22 15561
1 31 21303
1 34 23479
16 27 60580
32 42 21802
26 47 16453
8 29 44202
6 38 65202
30 39 11112
31 38 22078
24 29 23903
19 37 42429
9 30 57097
12 34 32317
26 30 43217
27 49 21183
11 23 61041
4 14 29381
18 48 33019
3 32 14599
3 45 49423
2 41 30736
34 47 46376
18 47 23686
41 44 40283
11 27 37396
44 45 65184
23 41 11550
9 45 59505
15 34 35080
10 45 31429
8 33 35784
45 47 45177
2 3 39132
23 26 17268
10 11 55160
11 38 66927
41 47 34601
26 35 56118
24 27 45075
22 43 26193
39 44 34871
8 37 24438
21 46 27941
19 43 12432
7 23 60950
21 31 65713
18 35 46330
1 28 24041
0 43 39085
2 21 61336
1 3 30143
9 33 66568
28 44 43706
15 47 45173
25 45 33370
2 33 33394
25 27 37028
2 34 36806
22 26 16060
2 18 14419
18 30 63099
20 39 35885
9 36 41021
18 24 57033
31 44 11236
13 34 60779
17 41 48773
19 25 28266
1 21 64317
27 32 31260
22 42 19090
23 38 28071
1 13 56772
8 9 55374
1 36 36257
7 32 11983
22 32 59924
2 15 23068
15 17 29937
6 48 55337
4 8 12755
11 49 16838
4 31 45604
31 45 64007
17 18 40685
32 36 69751
17 42 34206
21 29 38037
11 35 36983
1 14 25951
3 34 13202
9 20 34737
35 45 67945
42 48 36213
23 48 12191
27 36 13340
17 24 69808
6 31 68618
26 45 69568
2 44 27474
18 26 54319
6 41 32171
8 25 57188
15 39 41644
22 33 37903
18 39 17409
37 45 27671
0 45 58516
10 38 56380
30 33 67783
1 7 60564
45 48 27803
32 35 45587
34 35 60068
16 29 43329
44 47 27550
18 40 34766
27 37 60457
9 32 64214
5 16 48267
36 45 31837
28 38 27506
27 40 52108
26 40 29409
19 26 55036
29 47 39200
30 47 52600
5 10 60256
17 39 25565
31 34 15484
6 8 57865
13 27 40827
40 41 24897
32 33 58869
30 35 65527
18 29 17654
27 31 47097
23 30 31157
14 27 53324
33 38 21976
20 32 19900
23 42 26102
6 22 62465
11 15 44972
1 8 68824
1 49 31209
3 8 25632
29 43 33603
27 35 35463
11 32 13924
16 21 13892
28 45 60496
9 23 58881
3 23 34478
27 45 14361
34 37 34850
7 29 39772
14 22 41047
15 37 69452
0 17 64552
24 25 68618
19 22 19247
7 40 42082
20 45 66922
24 35 31750
8 22 40677
29 44 46710
15 22 40916
29 36 54968
14 17 44223
16 32 53990
0 15 37876
17 32 62167
36 47 10283
27 38 39227
4 15 24178
23 37 44880
15 23 16378
8 40 30561
23 39 14506
3 14 50574
9 44 30095
32 47 30641
1 5 17158
0 34 68547
5 37 41366
6 12 50454
6 29 18440
33 35 32450
0 1 10667
18 34 37843
1 29 53806
6 45 60414
31 39 19684
21 22 27769
14 30 15428
13 23 35802
7 33 37768
11 31 50820
19 36 26337
27 30 38451
18 38 44045
32 43 69088
13 46 27953
2 14 37636
10 32 35357
23 32 55609
3 33 68202
9 29 45776
18 21 21282
0 41 56362
23 25 26173
18 49 16520
32 46 20749
16 43 53153
6 10 48849
11 22 36932
17 34 66937
11 17 41807
28 35 69700
6 32 43510
42 43 64922
14 34 20648
19 28 17282
8 45 35294
0 18 62111
2 23 57419
4 21 58105
14 24 14367
14 43 15563
14 28 60226
5 7 33409
22 44 31592
40 46 17462
14 15 45234
29 31 62842
25 26 66504
7 22 62147
32 44 27314
2 10 63575
32 37 52280
7 28 28549
20 38 16111
22 29 57922
22 37 51936
29 48 32284
23 33 60040
22 24 23604
29 30 28180
5 27 27173
8 19 62514
16 49 36443
34 49 44206
19 23 18311
27 47 40161
14 18 56271
21 27 21856
13 24 16423
6 16 45759
18 45 62732
5 32 57830
5 38 24141
15 25 22850
17 20 23786
16 28 35240
38 42 46587
10 26 27401
17 49 28913
22 34 43761
27 41 53128
20 35 63395
0 29 50648
4 37 68504
19 32 57505
8 44 51416
8 26 26241
13 49 29537
22 45 41400
5 23 44557
10 34 37703
1 47 50430
5 31 27550
36 46 29461
1 24 11580
17 36 37972
9 15 31429
38 46 48392
5 40 13045
22 40 11291
8 43 45442
27 44 65072
12 43 46238
25 49 56351
11 39 21280
8 49 27108
20 23 30704
27 46 65415
30 37 29653
8 41 61145
5 48 54526
24 38 28084
10 49 14767
6 47 42317
4 32 55513
12 17 20505
15 19 50601
6 18 46923
19 24 54470
8 47 10903
12 18 66324
31 49 56876
34 42 49834
34 48 29566
9 18 43594
14 45 42863
19 31 51969
15 43 46217
8 16 69566
11 25 28834
32 48 64285
21 42 28175
7 27 69202
16 38 13865
18 37 40514
17 27 61565
20 42 44922
4 24 18149
1 40 55016
14 48 36384
17 37 60568
19 44 58872
0 27 12337
13 44 65700
42 45 43622
21 34 69124
27 28 18159
2 48 12790
18 42 34539
32 39 13174
6 28 45709
14 31 44032
5 49 55322
3 18 59671
21 37 32038
5 44 11089
39 46 37444
9 25 19426
5 36 37192
2 36 53827
16 45 41803
11 29 50862
8 10 22391
7 34 57322
12 22 36735
22 30 54126
5 20 67378
0 9 35216
0 32 34624
23 31 47322
28 43 53084
17 47 33553
2 39 62658
7 26 14594
19 27 60249
7 31 54949
12 26 65656
42 46 24155
1 2 43748
23 40 67121
1 17 26258
2 27 25069
1 16 45832
22 41 30620
14 21 65172
35 39 21404
1 6 10638
32 41 23068
22 27 30079
7 15 47431
0 3 28225
2 31 66664
36 39 10333
0 49 44070
24 42 34438
15 38 68850
10 28 58865
21 30 16474
5 6 16347
4 35 47295
0 48 47179
9 12 14059
5 11 57942
19 41 65399
25 32 56932
10 27 40491
41 42 17351
3 19 53322
43 49 60116
30 45 16051
17 22 22867
26 48 17391
23 44 53105
2 25 48571
9 16 15246
26 27 25256
11 47 38850
33 47 54528
23 45 58585
13 32 46954
13 48 47040
5 8 14957
32 34 56742
16 35 26361
17 19 27813
9 22 25695
33 34 61599
0 26 54555
1 33 59095
32 38 46298
2 47 61134
12 27 11051
7 20 45154
1 42 58917
42 44 59790
8 21 33539
0 13 55458
29 41 21220
8 12 51060
14 41 43341
12 38 12136
7 25 51697
9 26 34264
28 37 62724
25 40 11519
15 45 41985
2 16 54860
2 45 34778
22 39 40757
27 42 65894
30 49 49564
23 43 69519
1 20 22213
9 49 19362
0 39 12605
1 11 14288
6 17 53881
9 48 32762
12 31 46522
43 48 55790
17 40 18791
37 47 52836
34 36 12953
26 49 35806
15 16 55593
16 42 16399
20 27 15416
16 31 24463
27 48 50941
10 14 33045
11 48 40814
19 29 10431
33 41 47604
24 30 44982
29 39 12964
33 37 14308
29 45 60689
29 37 27549
3 16 29042
16 47 49494
6 27 39340
17 23 51933
12 48 13952
17 21 26671
39 41 42364
0 22 50583
7 24 41334
34 41 52157
29 33 38492
19 34 45205
7 9 12195
14 39 53212
0 23 48799
19 35 68668
1 41 18400
3 9 24617
33 49 46197
30 38 46782
26 31 27231
22 47 47186
14 44 67454
31 48 27057
2 8 33067
4 49 12010
14 42 38496
47 49 33015
23 47 38871
31 32 45718
4 27 41272
17 45 27653
6 11 22546
7 19 39555
7 43 50963
6 30 63179
18 22 21931
23 49 69932
8 18 22417
14 37 12456
27 34 38346
33 46 49185
11 16 63825
2 17 61818
16 44 42711
26 28 40364
0 44 24063
0 42 17940
20 48 42430
27 29 49638
3 38 18116
23 24 45872
1 48 25322
11 24 63717
1 32 27078
1 35 25365
6 44 22782
4 34 16550
13 28 18892
38 45 39301
1 45 48046
11 34 19871
9 10 21967
30 41 53003
25 33 29591
8 13 32074
2 9 29742
22 23 34182
20 34 68036
2 13 37089
3 6 36214
8 48 22679
28 30 11290
7 18 67745
3 17 39739
0 2 38214
4 30 13137
39 42 34178
14 23 30182
10 29 33786
28 34 16250
12 16 53909
40 47 18092
3 43 35342
0 10 35989
29 34 55526
21 43 69172
3 7 65484
6 23 39576
29 32 57072
39 40 54558
14 32 41385
41 49 15514
0 37 24942
25 41 37029
5 14 39755
1 25 58875
14 49 69272
1 4 31755
17 38 37379
7 12 51330
24 28 14232
32 45 21108
26 33 15247
12 20 27229
13 20 26426
5 30 41891
11 30 23767
37 48 65517
4 45 37386
9 35 41724
4 20 17967
3 44 32948
19 45 39707
33 45 66137
4 18 66732
12 36 19989
26 34 40110
16 18 47108
40 42 48209
36 40 61963
15 36 30408
43 45 64589
0 20 35543
8 46 49314
28 32 46935
21 24 60070
2 22 53778
9 24 14282
20 26 32005
15 29 32712
29 38 60029
22 28 53986
0 8 28083
0 25 29781
4 12 49715
9 19 13068
13 29 69882
16 40 68585
12 29 22046
29 46 28353
35 38 11077
10 15 56026
17 29 67869
11 44 68339
24 36 25013
13 30 60753
8 15 15893
9 42 59465
6 25 30117
33 39 54553
24 26 55275
18 32 22098
32 49 19563
20 22 44866
11 18 10722
22 35 57019
10 22 48070
28 33 68797
7 49 57639
42 49 17953
3 27 52470
2 40 41978
20 47 67731
21 23 46624
5 9 52831
14 38 39822
10 16 43082
24 39 59691
1 18 26887
6 20 50683
10 44 39918
19 49 53694
20 40 22888
4 6 66068
43 47 61767
10 18 25320
37 44 24869
7 10 44741
16 48 30883
14 20 64733
7 8 66826
17 48 66105
4 16 52903
5 12 46838
1 9 20351
24 31 51685
21 40 67365
20 41 22541
25 35 30011
13 25 32922
5 39 22628
45 49 56014
7 42 47683
18 44 26525
2 7 66405
16 20 24421
5 19 10097
14 36 45280
16 25 66321
34 44 64932
3 22 51781
36 41 21225
5 35 24137
29 35 11540
35 49 54517
0 19 68068
33 42 36989
5 46 58929
9 43 39121
23 28 37522
3 15 38854
35 48 40897
1 22 14612
29 49 46236
7 30 40438
34 38 41890
30 44 42069
23 36 25649
11 19 29024
35 42 54639
8 32 15936
20 25 22828
3 25 48930
2 30 11882
5 29 41496
15 44 67861
32 40 21347
6 39 63586
4 41 57077
5 15 39035
15 20 35273
17 43 16161
8 11 66182
1 23 17832
24 49 61142
27 39 53032
20 21 57320
1 44 52145
19 42 31902
17 31 68585
16 17 23431
18 27 15889
4 38 47344
22 48 15023
3 36 63581
25 38 28363
20 36 69268
2 20 38338
6 13 56334
20 24 44940
18 23 50784
12 37 56695
20 49 35973
37 46 16494
3 49 35009
3 37 63415
8 30 23665
19 30 37504
18 41 20920
30 32 49715
38 47 40870
16 34 33354
1 43 44745
26 29 59871
16 22 50004
3 5 32839
26 36 17066
4 23 58890
37 49 12659
23 27 55200
15 24 22604
40 44 40394
26 37 47918
14 26 39421
36 38 16852
10 43 27624
39 45 41499
19 40 30001
12 32 66955
6 19 61609
13 18 21110
15 42 19888
19 33 46124
13 35 13358
23 29 28447
0 21 52880
6 34 49316
18 20 31606
20 33 45456
13 14 40357
18 19 34448
16 30 42172
10 36 51102
12 41 36476
8 38 36329
5 47 37158
5 33 54675
8 36 17758
12 35 22252
0 12 46010
3 28 33960
17 44 48180
6 42 54305
22 49 54795
34 45 12955
9 14 24210
20 29 25275
7 35 69778
3 10 12839
44 49 56577
9 37 66481
21 32 40893
4 36 37208
0 14 48382
8 34 36195
4 19 56589
7 44 55423
15 33 27716
18 31 46696
2 26 11629
2 42 39805
16 46 41339
21 35 24363
33 44 63600
10 37 31656
10 48 20655
6 40 28195
7 14 33577
0 40 54484
2 49 47007
8 23 50635
26 41 22977
21 49 10505
0 38 65784
25 34 55347
8 20 38995
13 37 35394
4 42 10230
4 44 65736
3 29 31244
2 11 56149
2 28 69814
37 39 47733
25 36 11890
4 46 59634
16 41 55038
0 4 36777
33 40 18467
46 49 50851
25 39 26625
6 15 23805
11 13 63491
20 28 20239
31 42 65384
24 47 69694
16 39 45509
2 35 22811
5 18 12329
7 11 32997
13 43 47046
3 20 17401
2 32 65041
22 38 42241
13 15 23602
9 31 29900
12 45 13573
16 26 37990
6 33 59332
9 40 12926
11 41 66346
22 31 35627
12 39 10605
8 28 41461
10 25 63268
5 22 41439
24 46 29230
26 39 14538
3 31 23017
10 46 39920
33 36 36298
11 26 18988
8 39 69953
14 19 61220
4 5 25206
15 27 56141
0 35 31052
21 48 17691
20 43 24491
25 30 58877
11 43 43610
23 34 60214
9 28 69155
5 24 41396
28 49 53674
30 40 13075
12 33 25421
17 30 14128
14 25 59042
5 25 26800
35 47 59494
0 30 37942
13 26 36851
1 38 66488
6 43 36929
21 38 11242
24 41 27821
30 42 27664
11 45 68351
11 20 15574
2 43 12519
3 48 26280
12 30 42856
5 28 43314
47 48 25756
5 21 48287
4 47 27341
30 36 50081
1 19 16148
37 42 59820
40 48 44075
3 40 67901
10 23 64661
15 46 43157
17 28 26768
31 37 57177
14 40 57381
12 23 59370
30 34 33865
39 49 64276
10 17 47084
35 43 67013
6 46 25219
48 49 12901
33 43 23661
20 30 28729
15 30 53783
15 41 61774
16 19 66481
4 7 41453
24 43 13661
35 40 66821
36 42 44228
1 27 45563
2 12 55302
9 39 47713
5 42 36685
18 25 51095
21 26 33961
12 40 25414
19 48 46717
2 5 59643
6 14 12916
21 41 21084
10 35 28489
31 41 46930
13 39 35451
24 33 59620
7 21 66368
25 43 67772
7 16 29305
38 43 26197
35 46 32353
26 38 37895
3 21 63432
9 21 58222
3 42 51738
45 46 24933
11 36 41423
33 48 18335
9 17 42840
0 28 58491
12 24 65443
11 37 20112
13 36 25435
7 36 55623
14 33 17654
14 46 42874
25 46 33397
7 38 50606
15 28 18362
11 33 21262
14 35 40977
12 13 69040
5 17 14354
3 13 26597
25 42 39068
18 46 69771
28 31 65342
7 46 38464
11 14 64195
11 46 19802
7 48 50191
12 21 18283
19 39 17729
35 41 42559
46 47 52002
37 43 40478
2 24 32158
3 35 37521
13 40 23320
9 27 37992
13 42 11348
35 36 29042
30 46 11930
4 40 41752
26 46 23734
3 47 32259
35 44 46373
25 28 19655
3 11 41574
25 44 34479
5 43 60321
15 26 36554
30 43 58760
38 49 61135
34 39 60336
5 41 54468
0 16 69032
10 33 10516
41 48 25300
17 26 31371
28 36 35964
21 25 45102
12 28 24172
13 31 20724
3 4 61257
26 43 21464
19 47 52303
31 46 64057
38 39 66379
11 12 55284
2 38 38602
0 47 60541
10 31 67547
0 7 62880
12 14 45467
19 38 64024
43 46 20023
9 46 38053
28 48 36025
7 45 44227
0 11 36122
0 24 21001
9 13 57995
12 15 61629
9 38 36676
0 46 17515
3 39 40950
17 33 32911
2 37 23397
13 33 63486
0 6 52185
31 33 24580
9 47 38777
