50 50 613
25000 25000 25000 25000 25000 25000 25000 25000 25000 25000 25000 25000 25000 25000 25000 25000 25000 25000 25000 25000 25000 25000 0 25000 25000 25000 25000 25000 25000 25000 25000 25000 25000 25000 25000 25000 25000 25000 25000 25000 25000 25000 25000 25000 25000 25000 25000 25000 25000 25000
2609 3292 6739 8933 6803 5984 10355 7650 8084 4246 5219 5776 6641 7816 4374 3847 5033 6429 6719 3660 7358 5396 5219 8345 4182 6387 7391 5542 5038 10349 6400 5558 6051 9568 3792 4898 9064 7159 11178 8697 4781 6033 6661 5299 8845 11656 9977 5301 8663 3947

2368 1148 3204 4509 4028 2752 5457 3845 4791 2504 2396 2628 3220 3859 1838 2266 2285 3117 3299 2596 3680 2582 2296 4205 1779 2994 5115 2491 2189 5399 3046 2499 2838 4940 1446 2351 4642 3507 6634 4369 2035 2890 3943 2607 5984 6919 5919 3574 4385 1538

38119 28711 4914 17161 44553 7030 26409 19622 50450 35490 13876 9147 14977 9987 21848 35330 20546 15111 25670 37312 29954 23679 9828 13734 19303 6568 57472 8895 11180 22957 12390 7341 15489 21294 21806 22713 18992 16657 67393 15523 12297 23856 48568 27686 66066 66973 59161 44864 16203 22621

94158 75406 32372 11548 94124 35112 29982 21024 105322 79267 29681 21275 20071 28595 64292 80186 47630 25921 53179 95094 61702 69206 23096 42165 48700 24701 135170 25118 40527 60515 47246 30416 52911 19804 61669 53847 15191 17163 141838 16712 34762 49569 105288 76944 142841 137025 121516 110118 12183 58878

1432 1277 1715 1883 566 1580 2152 1577 838 876 1061 1250 1363 1923 1524 955 1016 1318 949 1655 814 1789 1133 2087 1015 1583 2005 1269 1379 2512 1815 1381 1823 2008 1383 947 1901 1497 1685 1925 1108 908 1169 1798 2040 1600 1240 2003 1836 1237

29389 21549 6421 15994 35203 3514 23701 16197 40108 27663 10383 7483 12332 10627 15840 27251 15232 12444 20193 28704 23757 17769 7029 12654 13919 6260 45474 6253 6966 20326 9090 4947 10956 19446 15805 17035 17517 13730 54202 15093 8371 18684 38375 21102 52622 53852 47354 34986 15197 16483

181956 151443 81972 45118 179349 86890 28499 43134 199791 153664 65767 58805 48555 75277 138615 155294 97584 53176 107361 187467 122469 147325 56998 99391 102384 68433 259515 65619 96429 131920 108338 78565 118381 37594 126439 108605 40319 50569 262507 54213 78328 100962 199791 160389 266358 256048 228497 214099 46244 120958

70158 56137 33391 20160 68960 32030 26544 6370 78353 57158 16770 13571 8861 34044 51550 57907 31390 10985 35882 72690 42824 57376 12741 45125 33595 25346 105796 16702 32220 60071 42892 24339 46527 21820 44649 36454 21085 12128 107171 24366 22542 32942 78353 60248 108940 104203 91544 84928 20704 42130

1719 1555 2020 2186 797 1877 2480 1869 697 1127 1324 1525 1646 2242 1817 1211 1359 1593 1205 1956 1061 2099 1395 2416 1275 1880 1940 1538 1663 2869 2127 1665 2135 2327 1668 1203 2218 1789 1599 2239 1374 1156 1050 2109 1977 1509 1125 2149 2144 1511

1038 879 1459 1709 1024 1320 1995 1402 1305 464 869 1050 1181 1674 1133 546 738 1134 1066 1268 1206 1406 928 1875 768 1323 1950 999 1145 2314 1562 1115 1500 1846 988 667 1736 1318 1983 1748 832 916 1087 1416 1986 2088 1720 1628 1668 837

282030 211282 141015 156813 275986 123980 205925 104130 324205 216434 12638 46089 66146 165880 198300 220212 86408 58178 109075 294806 144106 241573 25277 212999 97536 105504 461992 48149 106122 288418 178793 81738 185456 180442 162789 111960 161484 89774 468792 165811 55499 94239 323380 245901 477721 453818 389938 356556 149807 140603

50691 38013 17684 20961 51754 16554 32069 15322 59686 41572 8429 1231 9073 20938 32781 41335 20566 9254 24295 52228 30058 37595 2463 29549 19775 11074 79235 3830 16712 41956 25571 10170 28589 26227 28724 24385 23131 11333 83247 20927 10350 21854 59166 41335 84557 81009 70500 62387 19673 26656

87703 68425 38207 29484 86090 36375 42477 15319 98955 70203 15832 11526 5185 43485 62653 71210 35513 11563 41561 91111 50906 70496 10371 57448 38482 27377 135275 15741 36631 77569 50998 26021 55891 35788 53362 42330 30731 11599 137529 32581 23565 37602 98735 74362 139911 133534 116492 107586 27615 49972

8994 7014 1953 3076 10270 2400 5044 4089 11525 8342 3428 2289 3530 1217 5553 8308 5162 3558 5938 8844 6878 5947 2434 2672 4897 1741 13134 2275 3283 4634 3544 2352 4204 3955 5544 5623 3465 3423 15131 2520 3406 5551 11125 6799 14963 15041 13379 10451 2868 5718

22109 13806 17181 27575 34163 13983 36054 25399 39559 23393 16297 15828 21148 21809 7310 21709 15513 20779 22678 21463 25368 12569 14621 24038 11931 16866 39913 14091 11169 32479 15843 13360 14375 31372 9640 15974 29250 22701 52897 26598 12776 19787 33563 13114 48346 54681 47531 28374 26698 11815

16807 14001 25640 30561 19556 22905 35602 25154 24505 9679 15763 18421 21255 29433 18478 8135 13451 20437 19232 20868 21699 23300 16271 32126 12619 23236 35094 17533 19253 39867 26303 19556 24957 32986 15933 12196 31041 23680 36455 30709 14579 16581 19881 23476 36497 38302 31816 27205 29842 13261

10299 7390 7031 8472 10011 6048 10492 6305 12559 6963 2542 3918 4743 8551 6856 7119 1531 4415 4164 10825 5152 8788 3062 9992 2712 6068 17458 3782 5031 13093 7754 4593 8294 9443 5401 2666 8664 5714 17692 8842 2599 3101 11362 8989 17709 17551 14924 13365 8184 4483

175305 136474 78453 73100 171987 74683 92515 36644 198000 139301 27445 23562 23034 89311 126332 141375 67935 11423 80376 182317 99603 144881 22846 118038 74042 56173 274079 32233 75211 159433 104768 53383 114834 79433 107218 81959 75663 36305 280374 79396 45918 72233 198000 150423 282712 269592 234531 216209 69254 97680

14104 10872 9452 10186 10309 8668 12441 7754 12529 10040 3542 5082 6005 10597 10274 10214 4313 5638 2061 14718 4237 12438 4123 12767 5635 7817 21789 5177 8073 16239 11122 6723 11726 11267 8646 5230 10401 7099 19186 10594 5350 2795 14964 12662 22071 18497 15556 17561 9863 7618

4719 4738 8597 11897 10320 7583 14113 10500 12031 6905 7254 7875 9152 10064 5467 6371 7005 8870 9277 3656 10130 6729 7312 10878 5869 8497 9506 7622 6695 13554 8172 7390 7707 13238 5406 7151 12428 9845 15675 11583 6547 8360 10130 5845 12180 16314 14559 5847 11614 5613

2204 1718 1581 1691 1302 1463 2030 1326 1635 1593 693 924 1063 1760 1628 1619 733 1008 555 2296 390 1953 780 2079 931 1335 3066 939 1298 2600 1756 1171 1846 1853 1384 871 1722 1227 2673 1752 889 505 2041 1987 3108 2532 2090 2723 1643 1229

33087 23443 23170 37575 50155 19559 48702 36072 57236 36022 26166 23493 30494 29263 14919 33813 25682 30655 35084 31815 38614 11166 22333 29102 20982 23524 56025 21214 17380 40178 17905 20255 15978 42538 17975 26288 39775 32512 74738 35911 21002 31291 49368 15978 67091 77038 67697 40884 36405 20830

29547 21819 12087 14277 30208 10393 19877 9670 34960 23989 3801 2252 5847 14071 19650 23844 11199 6260 13471 30993 16984 22873 0 19319 10703 8017 46945 2293 10145 26881 15889 6157 17728 16757 16158 13513 14856 7665 50147 14257 4959 11984 34713 24051 50189 48040 41634 36675 13492 14897

19258 15154 4883 8660 22473 5240 12851 10822 25140 18677 8930 6798 9435 4715 11943 18148 11947 9496 14265 19106 16203 11616 7106 3553 10898 5631 28226 6684 7117 7725 6509 5973 7911 10537 11924 12593 9496 9405 33421 7486 7881 13444 24198 13429 31946 32615 29081 22522 8227 12293

32600 22120 24063 31410 36263 20115 39682 24603 43406 26098 11050 13644 18976 29538 20197 24684 10012 17796 19495 34493 23056 27157 10541 33424 5270 20594 59259 12362 14845 44597 26668 15282 26495 35297 14936 10622 32488 21866 64743 31379 8099 15669 41636 27879 64804 63420 53958 43640 30250 11650

19133 14415 4124 7502 21736 4258 12148 8180 24693 17191 5611 2952 5851 5337 11613 17111 9697 5918 11525 19369 13673 12852 3268 8547 9073 1634 29479 2801 5623 13172 7620 3075 8745 9583 10952 10784 8420 6693 33190 6967 5560 10615 23935 14794 33148 32667 28750 23156 7022 11361

175156 190444 281463 355282 238383 258749 406770 325852 225170 205569 253234 264755 294457 314332 211356 210756 242970 289434 287742 170788 273327 239639 248102 332568 222222 279224 124051 257875 238875 392519 271962 254436 261534 380835 205405 233251 365874 308872 262243 348348 234998 267212 177231 219819 183947 276549 279934 151733 352989 210046

31417 23339 11056 15023 33379 9282 22113 11424 38298 25597 5582 2430 7436 13292 19279 25460 12766 7551 15708 32571 19387 22351 1601 18629 11698 6794 49650 800 9022 26549 15038 4846 16963 18384 18146 14626 16408 8878 52990 15002 5683 14150 36827 24738 53033 52629 45921 39055 14201 16091

22292 15532 8585 15815 27305 6079 22449 14122 31534 21286 7458 6609 10790 12212 11525 20448 11037 10887 16351 22629 18460 14092 5916 13959 8953 7422 37089 5247 2958 20575 9380 4675 9917 18779 10579 12122 17129 11995 44699 15038 5121 14086 30040 16086 42325 43386 37782 28046 15128 11164

35887 29205 12480 18630 41122 13061 25455 22151 45465 34940 19069 15598 19892 12207 23976 34080 23982 19991 27757 35640 30912 23444 16099 10314 22275 13699 50490 15413 16118 8049 15128 14256 17411 21687 23945 25034 19991 19843 58502 16718 17362 26420 43931 26395 56547 57636 51882 41202 17925 24545

12035 8916 3727 7937 15528 2988 11116 8229 17556 12413 5826 4628 6632 5471 6476 11884 7270 6678 9817 11792 10828 6101 4440 5425 6843 4123 18722 4120 3693 8596 2220 3580 3285 9358 7288 8021 8567 7210 23593 7374 4435 8731 16331 7478 21757 23235 20550 14388 7608 8162

16816 12300 4673 8907 19038 3674 13346 7880 21863 14695 4330 2861 5655 6838 9623 14610 7526 5719 9982 17041 12034 11338 2398 8891 6931 3300 26701 1952 3900 13310 6886 1199 7961 10895 8991 8573 9784 6460 29982 8388 3574 9112 21992 12670 30199 29780 26037 20660 8448 9382

33291 24043 13451 25678 45466 10386 35106 25927 51477 34720 17347 15249 21192 18623 16808 32845 22433 21329 29985 32571 32982 15695 14693 18486 19385 13751 53121 13742 10951 27888 8982 12141 7346 30148 19402 23889 27802 22904 67566 24266 14025 26766 46032 19779 62514 69570 61607 40269 24685 21808

946126 772783 372672 171891 941607 399465 229188 203364 1052973 801673 322800 261306 229995 336196 681269 810550 496143 258078 549405 987768 631719 728398 261790 467575 512606 298912 1361570 298428 451435 644793 516318 354111 575875 130895 640112 556184 145421 201588 1394657 221440 377998 514543 1052973 803126 1415639 1359472 1209370 1121245 178024 610899

11074 6516 9745 14620 17265 8055 18070 12049 20125 11582 7198 7592 9802 12191 5780 10692 6792 9607 10578 11927 12000 8559 6353 13369 4891 8961 21336 7495 5951 17830 10200 7109 9514 16229 3176 7028 15116 10875 27174 14096 5378 9051 16956 8848 24582 28075 24330 15579 14222 4326

15829 11730 12055 14909 14887 10463 18181 11400 18098 9950 5307 7379 8870 14516 10865 10202 3806 8340 7557 17293 9159 13994 5984 16447 4154 10495 26946 6793 8459 21470 13235 8116 13697 16483 8500 2992 15221 10444 27326 15353 4886 5837 17073 14319 27353 27097 22842 21406 14443 7022

260549 211357 97602 40426 259264 105128 73603 59561 291477 219479 83331 65940 56946 87232 185247 222003 132614 73007 147849 269818 171160 198738 65986 124584 137295 76540 378755 76494 119995 174969 138442 92233 155375 45566 173638 149685 32993 48961 388070 54606 99025 137846 290926 219984 394035 378067 335391 310337 42170 165240

137814 108160 60774 37261 137095 58008 63568 27330 156514 113056 30982 20497 15076 61549 97731 114578 60691 24757 69875 142959 83983 109515 20525 84066 63513 44425 209073 26860 58395 114439 80082 42378 87468 46721 85421 70981 39142 10262 214743 41936 40442 63900 156127 117123 218284 208713 182987 167828 34439 80359

45190 41683 54470 59493 29821 51403 65177 52117 27688 32544 40378 44494 47243 59211 47631 34351 38581 46820 37823 48504 35461 53659 42775 64357 39250 51465 40960 44335 48318 73399 57395 46882 55712 61907 44450 37012 59475 50292 21387 60630 40660 36889 30385 54285 34060 23696 24243 45428 59070 41092

22574 17974 7146 4104 23542 8089 8618 6428 26371 19848 7822 5211 5621 5744 15256 19762 12226 7047 13579 22804 15670 16305 5658 9081 11939 5543 32644 6154 9417 13583 10795 6937 12308 6121 14604 13612 4997 4907 35329 2829 8519 12693 26231 18261 35444 34157 30344 26490 3636 14436

80057 56481 38011 53182 85773 30699 70728 39587 100523 63100 15801 16494 27925 49316 49862 62659 25677 26917 44210 82915 51564 61965 10086 58183 22567 30846 133135 13847 23134 81255 43390 19877 47404 61209 39209 31140 55409 33472 142906 53119 5043 36309 95817 63289 143032 141855 122313 103360 50787 35364

58028 43758 39723 42962 45043 36260 52917 32225 54677 40086 13627 20427 24504 44777 41119 40854 14800 22884 13348 60736 18235 50669 16196 54356 20636 32504 91957 20846 31401 69686 44861 27673 47528 47737 33928 18849 43884 29335 84235 44763 19379 8098 61825 51661 93199 81191 68206 73289 41538 29391

11687 10319 16111 18256 9625 14832 20714 15620 8793 7559 11041 12598 13719 17960 12502 7885 9913 13320 12732 13667 11825 14853 11550 19329 10071 15090 13193 12158 13052 23103 16310 14031 15654 19439 11261 9301 18490 14901 14420 18590 10725 11440 5775 15097 13994 15320 12357 14935 17905 9951

19812 14312 16981 25818 30875 14743 32575 23312 35262 22118 16250 16268 19856 20756 9331 20750 16000 19556 21825 17087 24012 9543 14550 20656 13087 17100 32087 14856 12481 27518 13718 14262 12525 28893 11225 16375 27181 21506 46393 24875 13050 19475 30675 7275 38943 47856 42043 22706 25093 12993

107792 115691 168663 190737 120397 157010 210766 169251 113618 103562 131938 144628 153760 185526 134768 109304 122750 150511 145721 113954 138325 149278 136084 193650 124879 163256 89976 141042 142499 224408 164573 150483 160511 200373 123367 117764 192641 163396 108212 193454 129361 135188 93057 139110 68042 115551 117288 104178 187935 125748

50320 46673 57109 60151 29943 53921 66703 53124 27725 37172 40919 45381 48057 62039 52583 39050 40589 46994 38262 53765 35074 58814 42605 65905 40553 53307 45922 46572 49175 75966 59473 49220 61003 63303 49184 38958 60774 51227 25572 61352 42752 37291 34927 59519 38748 21302 24143 50567 59235 45803

13547 12443 15576 16502 7348 14610 18481 14368 6676 9565 10672 12024 12834 17069 14205 10134 10572 12512 9867 15145 8902 16103 11183 18240 10561 14424 14940 12384 13172 21287 16292 13186 16755 17451 13197 10078 16686 13794 8777 16860 11227 9573 9046 16305 12767 8172 5591 17640 16219 12151

1568 1572 2542 3371 2975 2287 3928 3020 3140 2117 2205 2361 2682 2911 1756 1983 2142 2611 2713 1300 2927 2073 2174 3115 1857 2517 2006 2297 2064 3788 2435 2239 2318 3664 1740 2179 3495 2856 3556 3292 2072 2483 2603 1850 2678 3717 4040 1087 3300 1792

101089 81178 34056 14036 101528 37057 34221 24448 114155 85625 31329 21905 20807 29883 69009 86632 50983 27212 57059 102699 66392 74352 23899 44780 51935 25656 147937 26114 42986 64873 50343 31915 56510 23076 66429 57791 18025 17622 155129 16909 36673 53106 114118 82825 155275 148907 131888 119151 11949 63080

7969 4856 7095 9693 10916 5941 11999 7886 12864 7029 4190 4847 6351 8766 4903 6421 3907 6030 6493 8552 7464 6801 4001 9570 2614 6560 14979 4498 4503 12617 7978 5294 7448 10753 3124 4073 9987 7090 17673 9684 3335 5450 10694 6998 17196 18323 15742 11047 9376 2000

23 47 34832
1 22 33822
44 46 20522
45 47 68774
13 27 40011
23 42 30463
21 35 31526
9 33 23355
10 34 47686
15 42 50463
21 24 55327
42 48 42840
3 18 29136
35 36 69975
3 23 24122
17 18 60478
16 39 31894
4 5 38252
5 26 35796
1 25 20814
3 14 32946
11 34 54626
24 38 44341
30 33 56437
6 9 56792
21 30 35742
5 38 33743
29 36 18471
2 44 15496
3 44 24307
9 12 23277
20 23 40328
11 35 60272
8 20 33799
5 25 51245
35 40 30282
2 29 66405
4 21 24913
24 44 55780
22 35 44091
5 34 65376
27 39 53249
12 16 29073
41 49 24511
11 20 65366
40 43 43195
18 29 14989
1 18 27260
2 12 23589
36 44 52928
3 32 38074
18 41 46535
6 7 37553
4 34 12414
29 40 45115
2 5 24345
13 47 38157
25 40 68858
8 13 32816
30 39 55796
24 42 23164
8 37 58236
34 35 38266
21 40 25578
37 43 22035
43 45 19510
27 28 45860
7 37 30582
7 33 34423
8 14 43782
16 22 16815
8 48 29799
7 43 27031
0 34 35889
31 40 56453
15 22 22396
17 23 69084
11 21 13584
4 27 39656
6 27 34816
11 14 68655
21 31 67730
35 47 23493
3 41 36208
9 25 22287
12 41 58608
13 18 62696
8 44 62587
2 39 57465
0 28 37654
17 41 60525
3 37 22771
1 3 25889
25 30 28790
31 39 38349
20 25 50067
19 25 50444
37 46 26351
4 47 10649
1 14 14866
20 40 60134
37 49 17464
32 45 46808
1 2 29307
10 43 43353
27 49 45404
28 29 41703
41 48 54580
1 40 48988
11 24 11359
42 44 19395
17 36 59786
9 23 21231
6 12 32888
28 46 25993
15 48 45661
11 46 21496
23 25 30831
26 31 50390
13 38 21103
9 38 58485
5 7 40914
42 49 46018
20 38 14373
7 25 11847
20 26 14366
12 43 66584
34 41 52291
41 47 42861
21 47 67233
28 31 57157
41 43 45137
20 27 14696
14 32 46108
14 43 64444
33 41 60193
20 35 33654
3 30 36146
0 1 44772
9 10 24784
0 41 49648
19 27 54167
35 43 14569
20 45 13022
0 10 29197
14 29 30562
7 18 60826
5 18 52836
15 27 63536
0 42 41216
24 37 63940
21 49 52020
5 46 24272
5 6 39957
16 20 68537
22 37 26119
17 22 56466
6 19 65120
10 48 68410
43 46 41469
21 23 14494
24 30 67710
14 36 16605
12 20 19190
14 16 43817
6 8 11048
43 47 69383
6 18 67471
27 31 49338
2 34 56297
4 20 22254
14 20 28985
47 48 52606
12 42 38967
14 27 44150
11 38 11803
26 36 59529
32 37 34976
15 25 66782
14 46 65208
25 45 66192
20 42 12863
3 10 47227
2 36 32606
1 31 54963
19 22 57906
5 21 48726
44 45 41429
10 44 65168
20 48 47135
8 36 25040
18 19 69662
0 3 44844
37 41 31646
34 49 30995
11 26 30803
22 26 44837
1 24 42520
20 46 40416
3 7 24174
23 29 28817
46 49 64814
18 24 55303
4 45 11422
14 18 33780
8 19 29452
16 33 25368
4 14 35451
7 46 54428
6 23 22150
7 28 30658
30 44 62762
40 46 25013
18 43 20028
14 22 25368
40 45 22119
7 13 67934
19 36 16236
7 8 65691
1 17 15244
20 47 65514
32 38 20730
5 39 14905
3 16 40358
1 4 42376
33 37 35900
29 42 13303
14 45 17213
37 47 68421
25 32 55863
21 36 43530
29 49 27237
10 12 50676
16 32 28832
23 37 40802
20 29 26598
23 34 48285
0 44 68314
4 41 52049
38 40 44855
8 49 20463
7 9 24850
8 15 49760
7 32 47619
2 7 34878
28 43 17270
2 26 59738
23 49 44954
15 24 23506
9 14 55428
32 42 50198
17 26 31162
15 47 66159
1 15 67247
6 45 13662
45 46 50677
1 27 33146
9 41 16966
9 35 10032
29 46 43709
1 36 14971
34 38 43563
7 19 13088
5 36 55647
46 47 62395
3 28 43891
9 20 24387
18 31 52822
13 43 42204
14 26 66436
6 11 39820
25 43 64810
14 30 33428
33 36 31722
1 41 42428
20 43 10448
6 41 38992
15 29 44309
25 44 45403
7 16 64641
8 10 29736
13 20 37743
16 42 25802
18 48 38037
4 25 34989
2 20 29465
34 40 30857
8 21 10278
0 26 48574
7 35 30889
19 26 43987
14 23 53545
29 31 64452
19 47 47076
10 17 51334
17 19 68990
12 40 33109
0 14 65721
7 12 51811
12 24 17455
24 46 14298
7 27 33773
3 27 24407
12 25 37727
5 23 55495
8 32 68978
5 9 38175
8 9 36629
2 21 43286
24 29 25720
4 28 31269
31 49 15165
36 48 65607
13 45 59215
32 41 55345
1 23 30595
20 24 30822
22 45 16201
9 40 43016
1 47 69396
19 21 37091
5 37 17003
22 43 65083
2 22 43685
13 41 66222
27 29 46416
8 35 42674
14 42 41473
3 26 42136
4 49 36628
4 42 61071
5 35 58577
1 9 60401
18 37 15477
22 31 26303
19 33 58039
19 31 14454
6 22 66622
12 23 24667
12 37 59884
4 39 22341
23 30 58080
24 27 65049
28 44 30090
26 40 47294
6 46 50393
7 47 50686
0 17 68116
2 14 68738
40 47 35844
4 44 19653
30 36 35828
18 25 42847
7 49 26878
9 47 69513
18 26 51211
8 28 63294
11 32 42187
19 49 34826
30 35 47572
15 32 20957
29 41 25896
8 23 36148
46 48 23500
15 34 31373
1 8 64595
30 42 11538
19 20 47971
2 33 61216
27 32 26206
36 49 37854
0 22 25699
42 46 14285
17 49 32902
2 9 45790
33 47 63722
0 12 25437
39 43 38618
19 44 13979
22 39 24174
6 17 64462
4 32 35775
18 36 62145
2 43 49452
21 34 52653
24 48 61658
23 48 30662
1 34 45946
9 19 45987
13 28 67632
27 40 35660
30 40 56944
9 15 23527
21 22 61808
24 33 10443
12 34 57044
9 46 68545
10 47 24125
27 37 35014
21 25 59760
13 39 40331
13 24 62868
23 32 27602
8 31 56759
12 27 37912
10 49 63392
13 49 62623
10 39 53349
8 47 44152
18 49 18744
7 30 19666
4 33 50756
2 15 44519
18 42 11810
31 48 30207
4 48 39314
4 10 15610
15 35 63013
18 20 15259
14 19 51597
5 13 60644
9 26 53062
6 49 50683
13 37 26313
19 30 57012
12 15 63270
26 32 13356
36 41 55557
32 33 17394
4 29 38370
24 43 45316
34 48 59868
14 25 43380
7 42 15060
11 36 58769
30 47 11291
10 21 68452
9 34 51391
8 41 66784
11 22 54746
4 38 12277
8 30 16449
11 49 35502
7 21 46796
28 30 30402
31 45 55709
1 12 16109
18 40 36013
16 19 60864
8 26 33511
26 45 17609
10 19 51507
7 22 28715
19 46 10435
19 39 67821
16 25 15726
15 19 63705
33 38 23319
6 33 61283
31 43 23241
26 33 51690
1 16 48742
28 38 13108
16 45 25069
16 49 53802
3 4 14019
1 35 38504
9 39 64397
25 34 67553
39 44 35287
35 42 49142
3 20 69830
23 28 41736
13 17 26786
2 10 58768
22 30 62138
20 36 24638
12 17 17019
7 31 28150
24 26 15501
14 38 40530
27 30 47903
0 27 69152
13 44 11387
4 46 48338
11 17 19114
19 43 17113
7 39 54185
8 34 32433
39 47 20539
22 23 67426
13 14 26265
1 6 59281
8 45 22676
42 43 53478
20 32 55225
12 31 26695
45 48 21981
5 47 49621
19 42 24247
25 31 47268
7 40 40906
10 15 36219
1 48 31146
23 26 69835
31 37 24986
21 27 23283
16 28 24472
2 48 32005
17 29 53577
14 31 42117
26 35 14677
22 48 43622
44 49 41268
15 49 16064
3 45 34102
29 30 62525
24 36 35320
42 45 18286
5 14 24957
29 43 45859
11 39 27854
17 24 41223
11 15 47282
3 25 52673
3 42 24700
11 16 32507
22 33 69368
4 16 36681
4 8 24270
31 34 35757
28 37 26091
31 41 55176
2 41 14118
7 17 47237
40 44 67154
33 43 29104
41 46 12662
17 31 21625
7 14 63252
25 26 56239
5 30 53742
8 33 67929
32 47 42003
27 44 37152
6 32 26135
39 46 66105
0 49 29676
17 43 63598
15 41 26533
5 49 56777
12 35 39457
8 29 56530
5 28 40142
5 20 28881
17 30 39202
11 12 54842
11 33 51388
33 48 50712
36 42 33665
24 40 65659
3 5 28611
6 38 61899
20 39 62977
2 3 32729
22 32 39135
23 46 60130
35 38 51833
18 28 41797
1 21 23898
28 35 57227
22 40 40179
5 41 19782
43 48 67298
0 18 24324
26 30 59078
29 32 23432
30 32 20429
11 48 18753
16 30 29173
13 36 49105
16 44 65530
34 46 10772
0 6 35635
27 48 35671
28 41 29653
33 39 16979
29 33 32655
7 24 11041
18 23 57692
8 12 68463
22 27 18842
1 7 16302
5 11 60361
0 32 23961
6 29 39032
26 43 29495
13 21 14091
1 44 33007
34 39 13435
35 39 40132
12 48 20234
0 20 55757
17 48 49914
10 45 17531
4 15 10080
31 32 51134
4 19 30964
6 43 32652
26 41 59888
2 17 62280
19 48 11757
13 15 67560
