50 50 858
25000 25000 25000 25000 25000 25000 25000 25000 25000 25000 25000 25000 25000 25000 25000 25000 25000 25000 25000 25000 25000 25000 0 25000 25000 25000 25000 25000 25000 25000 25000 25000 25000 25000 25000 25000 25000 25000 25000 25000 25000 25000 25000 25000 25000 25000 25000 25000 25000 25000
2609 3292 6739 8933 6803 5984 10355 7650 8084 4246 5219 5776 6641 7816 4374 3847 5033 6429 6719 3660 7358 5396 5219 8345 4182 6387 7391 5542 5038 10349 6400 5558 6051 9568 3792 4898 9064 7159 11178 8697 4781 6033 6661 5299 8845 11656 9977 5301 8663 3947

2368 1148 3204 4509 4028 2752 5457 3845 4791 2504 2396 2628 3220 3859 1838 2266 2285 3117 3299 2596 3680 2582 2296 4205 1779 2994 5115 2491 2189 5399 3046 2499 2838 4940 1446 2351 4642 3507 6634 4369 2035 2890 3943 2607 5984 6919 5919 3574 4385 1538

38119 28711 4914 17161 44553 7030 26409 19622 50450 35490 13876 9147 14977 9987 21848 35330 20546 15111 25670 37312 29954 23679 9828 13734 19303 6568 57472 8895 11180 22957 12390 7341 15489 21294 21806 22713 18992 16657 67393 15523 12297 23856 48568 27686 66066 66973 59161 44864 16203 22621

94158 75406 32372 11548 94124 35112 29982 21024 105322 79267 29681 21275 20071 28595 64292 80186 47630 25921 53179 95094 61702 69206 23096 42165 48700 24701 135170 25118 40527 60515 47246 30416 52911 19804 61669 53847 15191 17163 141838 16712 34762 49569 105288 76944 142841 137025 121516 110118 12183 58878

1432 1277 1715 1883 566 1580 2152 1577 838 876 1061 1250 1363 1923 1524 955 1016 1318 949 1655 814 1789 1133 2087 1015 1583 2005 1269 1379 2512 1815 1381 1823 2008 1383 947 1901 1497 1685 1925 1108 908 1169 1798 2040 1600 1240 2003 1836 1237

29389 21549 6421 15994 35203 3514 23701 16197 40108 27663 10383 7483 12332 10627 15840 27251 15232 12444 20193 28704 23757 17769 7029 12654 13919 6260 45474 6253 6966 20326 9090 4947 10956 19446 15805 17035 17517 13730 54202 15093 8371 18684 38375 21102 52622 53852 47354 34986 15197 16483

181956 151443 81972 45118 179349 86890 28499 43134 199791 153664 65767 58805 48555 75277 138615 155294 97584 53176 107361 187467 122469 147325 56998 99391 102384 68433 259515 65619 96429 131920 108338 78565 118381 37594 126439 108605 40319 50569 262507 54213 78328 100962 199791 160389 266358 256048 228497 214099 46244 120958

70158 56137 33391 20160 68960 32030 26544 6370 78353 57158 16770 13571 8861 34044 51550 57907 31390 10985 35882 72690 42824 57376 12741 45125 33595 25346 105796 16702 32220 60071 42892 24339 46527 21820 44649 36454 21085 12128 107171 24366 22542 32942 78353 60248 108940 104203 91544 84928 20704 42130

1719 1555 2020 2186 797 1877 2480 1869 697 1127 1324 1525 1646 2242 1817 1211 1359 1593 1205 1956 1061 2099 1395 2416 1275 1880 1940 1538 1663 2869 2127 1665 2135 2327 1668 1203 2218 1789 1599 2239 1374 1156 1050 2109 1977 1509 1125 2149 2144 1511

1038 879 1459 1709 1024 1320 1995 1402 1305 464 869 1050 1181 1674 1133 546 738 1134 1066 1268 1206 1406 928 1875 768 1323 1950 999 1145 2314 1562 1115 1500 1846 988 667 1736 1318 1983 1748 832 916 1087 1416 1986 2088 1720 1628 1668 837

282030 211282 141015 156813 275986 123980 205925 104130 324205 216434 12638 46089 66146 165880 198300 220212 86408 58178 109075 294806 144106 241573 25277 212999 97536 105504 461992 48149 106122 288418 178793 81738 185456 180442 162789 111960 161484 89774 468792 165811 55499 94239 323380 245901 477721 453818 389938 356556 149807 140603

50691 38013 17684 20961 51754 16554 32069 15322 59686 41572 8429 1231 9073 20938 32781 41335 20566 9254 24295 52228 30058 37595 2463 29549 19775 11074 79235 3830 16712 41956 25571 10170 28589 26227 28724 24385 23131 11333 83247 20927 10350 21854 59166 41335 84557 81009 70500 62387 19673 26656

87703 68425 38207 29484 86090 36375 42477 15319 98955 70203 15832 11526 5185 43485 62653 71210 35513 11563 41561 91111 50906 70496 10371 57448 38482 27377 135275 15741 36631 77569 50998 26021 55891 35788 53362 42330 30731 11599 137529 32581 23565 37602 98735 74362 139911 133534 116492 107586 27615 49972

8994 7014 1953 3076 10270 2400 5044 4089 11525 8342 3428 2289 3530 1217 5553 8308 5162 3558 5938 8844 6878 5947 2434 2672 4897 1741 13134 2275 3283 4634 3544 2352 4204 3955 5544 5623 3465 3423 15131 2520 3406 5551 11125 6799 14963 15041 13379 10451 2868 5718

22109 13806 17181 27575 34163 13983 36054 25399 39559 23393 16297 15828 21148 21809 7310 21709 15513 20779 22678 21463 25368 12569 14621 24038 11931 16866 39913 14091 11169 32479 15843 13360 14375 31372 9640 15974 29250 22701 52897 26598 12776 19787 33563 13114 48346 54681 47531 28374 26698 11815

16807 14001 25640 30561 19556 22905 35602 25154 24505 9679 15763 18421 21255 29433 18478 8135 13451 20437 19232 20868 21699 23300 16271 32126 12619 23236 35094 17533 19253 39867 26303 19556 24957 32986 15933 12196 31041 23680 36455 30709 14579 16581 19881 23476 36497 38302 31816 27205 29842 13261

10299 7390 7031 8472 10011 6048 10492 6305 12559 6963 2542 3918 4743 8551 6856 7119 1531 4415 4164 10825 5152 8788 3062 9992 2712 6068 17458 3782 5031 13093 7754 4593 8294 9443 5401 2666 8664 5714 17692 8842 2599 3101 11362 8989 17709 17551 14924 13365 8184 4483

175305 136474 78453 73100 171987 74683 92515 36644 198000 139301 27445 23562 23034 89311 126332 141375 67935 11423 80376 182317 99603 144881 22846 118038 74042 56173 274079 32233 75211 159433 104768 53383 114834 79433 107218 81959 75663 36305 280374 79396 45918 72233 198000 150423 282712 269592 234531 216209 69254 97680

14104 10872 9452 10186 10309 8668 12441 7754 12529 10040 3542 5082 6005 10597 10274 10214 4313 5638 2061 14718 4237 12438 4123 12767 5635 7817 21789 5177 8073 16239 11122 6723 11726 11267 8646 5230 10401 7099 19186 10594 5350 2795 14964 12662 22071 18497 15556 17561 9863 7618

4719 4738 8597 11897 10320 7583 14113 10500 12031 6905 7254 7875 9152 10064 5467 6371 7005 8870 9277 3656 10130 6729 7312 10878 5869 8497 9506 7622 6695 13554 8172 7390 7707 13238 5406 7151 12428 9845 15675 11583 6547 8360 10130 5845 12180 16314 14559 5847 11614 5613

2204 1718 1581 1691 1302 1463 2030 1326 1635 1593 693 924 1063 1760 1628 1619 733 1008 555 2296 390 1953 780 2079 931 1335 3066 939 1298 2600 1756 1171 1846 1853 1384 871 1722 1227 2673 1752 889 505 2041 1987 3108 2532 2090 2723 1643 1229

33087 23443 23170 37575 50155 19559 48702 36072 57236 36022 26166 23493 30494 29263 14919 33813 25682 30655 35084 31815 38614 11166 22333 29102 20982 23524 56025 21214 17380 40178 17905 20255 15978 42538 17975 26288 39775 32512 74738 35911 21002 31291 49368 15978 67091 77038 67697 40884 36405 20830

29547 21819 12087 14277 30208 10393 19877 9670 34960 23989 3801 2252 5847 14071 19650 23844 11199 6260 13471 30993 16984 22873 0 19319 10703 8017 46945 2293 10145 26881 15889 6157 17728 16757 16158 13513 14856 7665 50147 14257 4959 11984 34713 24051 50189 48040 41634 36675 13492 14897

19258 15154 4883 8660 22473 5240 12851 10822 25140 18677 8930 6798 9435 4715 11943 18148 11947 9496 14265 19106 16203 11616 7106 3553 10898 5631 28226 6684 7117 7725 6509 5973 7911 10537 11924 12593 9496 9405 33421 7486 7881 13444 24198 13429 31946 32615 29081 22522 8227 12293

32600 22120 24063 31410 36263 20115 39682 24603 43406 26098 11050 13644 18976 29538 20197 24684 10012 17796 19495 34493 23056 27157 10541 33424 5270 20594 59259 12362 14845 44597 26668 15282 26495 35297 14936 10622 32488 21866 64743 31379 8099 15669 41636 27879 64804 63420 53958 43640 30250 11650

19133 14415 4124 7502 21736 4258 12148 8180 24693 17191 5611 2952 5851 5337 11613 17111 9697 5918 11525 19369 13673 12852 3268 8547 9073 1634 29479 2801 5623 13172 7620 3075 8745 9583 10952 10784 8420 6693 33190 6967 5560 10615 23935 14794 33148 32667 28750 23156 7022 11361

175156 190444 281463 355282 238383 258749 406770 325852 225170 205569 253234 264755 294457 314332 211356 210756 242970 289434 287742 170788 273327 239639 248102 332568 222222 279224 124051 257875 238875 392519 271962 254436 261534 380835 205405 233251 365874 308872 262243 348348 234998 267212 177231 219819 183947 276549 279934 151733 352989 210046

31417 23339 11056 15023 33379 9282 22113 11424 38298 25597 5582 2430 7436 13292 19279 25460 12766 7551 15708 32571 19387 22351 1601 18629 11698 6794 49650 800 9022 26549 15038 4846 16963 18384 18146 14626 16408 8878 52990 15002 5683 14150 36827 24738 53033 52629 45921 39055 14201 16091

22292 15532 8585 15815 27305 6079 22449 14122 31534 21286 7458 6609 10790 12212 11525 20448 11037 10887 16351 22629 18460 14092 5916 13959 8953 7422 37089 5247 2958 20575 9380 4675 9917 18779 10579 12122 17129 11995 44699 15038 5121 14086 30040 16086 42325 43386 37782 28046 15128 11164

35887 29205 12480 18630 41122 13061 25455 22151 45465 34940 19069 15598 19892 12207 23976 34080 23982 19991 27757 35640 30912 23444 16099 10314 22275 13699 50490 15413 16118 8049 15128 14256 17411 21687 23945 25034 19991 19843 58502 16718 17362 26420 43931 26395 56547 57636 51882 41202 17925 24545

12035 8916 3727 7937 15528 2988 11116 8229 17556 12413 5826 4628 6632 5471 6476 11884 7270 6678 9817 11792 10828 6101 4440 5425 6843 4123 18722 4120 3693 8596 2220 3580 3285 9358 7288 8021 8567 7210 23593 7374 4435 8731 16331 7478 21757 23235 20550 14388 7608 8162

16816 12300 4673 8907 19038 3674 13346 7880 21863 14695 4330 2861 5655 6838 9623 14610 7526 5719 9982 17041 12034 11338 2398 8891 6931 3300 26701 1952 3900 13310 6886 1199 7961 10895 8991 8573 9784 6460 29982 8388 3574 9112 21992 12670 30199 29780 26037 20660 8448 9382

33291 24043 13451 25678 45466 10386 35106 25927 51477 34720 17347 15249 21192 18623 16808 32845 22433 21329 29985 32571 32982 15695 14693 18486 19385 13751 53121 13742 10951 27888 8982 12141 7346 30148 19402 23889 27802 22904 67566 24266 14025 26766 46032 19779 62514 69570 61607 40269 24685 21808

946126 772783 372672 171891 941607 399465 229188 203364 1052973 801673 322800 261306 229995 336196 681269 810550 496143 258078 549405 987768 631719 728398 261790 467575 512606 298912 1361570 298428 451435 644793 516318 354111 575875 130895 640112 556184 145421 201588 1394657 221440 377998 514543 1052973 803126 1415639 1359472 1209370 1121245 178024 610899

11074 6516 9745 14620 17265 8055 18070 12049 20125 11582 7198 7592 9802 12191 5780 10692 6792 9607 10578 11927 12000 8559 6353 13369 4891 8961 21336 7495 5951 17830 10200 7109 9514 16229 3176 7028 15116 10875 27174 14096 5378 9051 16956 8848 24582 28075 24330 15579 14222 4326

15829 11730 12055 14909 14887 10463 18181 11400 18098 9950 5307 7379 8870 14516 10865 10202 3806 8340 7557 17293 9159 13994 5984 16447 4154 10495 26946 6793 8459 21470 13235 8116 13697 16483 8500 2992 15221 10444 27326 15353 4886 5837 17073 14319 27353 27097 22842 21406 14443 7022

260549 211357 97602 40426 259264 105128 73603 59561 291477 219479 83331 65940 56946 87232 185247 222003 132614 73007 147849 269818 171160 198738 65986 124584 137295 76540 378755 76494 119995 174969 138442 92233 155375 45566 173638 149685 32993 48961 388070 54606 99025 137846 290926 219984 394035 378067 335391 310337 42170 165240

137814 108160 60774 37261 137095 58008 63568 27330 156514 113056 30982 20497 15076 61549 97731 114578 60691 24757 69875 142959 83983 109515 20525 84066 63513 44425 209073 26860 58395 114439 80082 42378 87468 46721 85421 70981 39142 10262 214743 41936 40442 63900 156127 117123 218284 208713 182987 167828 34439 80359

45190 41683 54470 59493 29821 51403 65177 52117 27688 32544 40378 44494 47243 59211 47631 34351 38581 46820 37823 48504 35461 53659 42775 64357 39250 51465 40960 44335 48318 73399 57395 46882 55712 61907 44450 37012 59475 50292 21387 60630 40660 36889 30385 54285 34060 23696 24243 45428 59070 41092

22574 17974 7146 4104 23542 8089 8618 6428 26371 19848 7822 5211 5621 5744 15256 19762 12226 7047 13579 22804 15670 16305 5658 9081 11939 5543 32644 6154 9417 13583 10795 6937 12308 6121 14604 13612 4997 4907 35329 2829 8519 12693 26231 18261 35444 34157 30344 26490 3636 14436

80057 56481 38011 53182 85773 30699 70728 39587 100523 63100 15801 16494 27925 49316 49862 62659 25677 26917 44210 82915 51564 61965 10086 58183 22567 30846 133135 13847 23134 81255 43390 19877 47404 61209 39209 31140 55409 33472 142906 53119 5043 36309 95817 63289 143032 141855 122313 103360 50787 35364

58028 43758 39723 42962 45043 36260 52917 32225 54677 40086 13627 20427 24504 44777 41119 40854 14800 22884 13348 60736 18235 50669 16196 54356 20636 32504 91957 20846 31401 69686 44861 27673 47528 47737 33928 18849 43884 29335 84235 44763 19379 8098 61825 51661 93199 81191 68206 73289 41538 29391

11687 10319 16111 18256 9625 14832 20714 15620 8793 7559 11041 12598 13719 17960 12502 7885 9913 13320 12732 13667 11825 14853 11550 19329 10071 15090 13193 12158 13052 23103 16310 14031 15654 19439 11261 9301 18490 14901 14420 18590 10725 11440 5775 15097 13994 15320 12357 14935 17905 9951

19812 14312 16981 25818 30875 14743 32575 23312 35262 22118 16250 16268 19856 20756 9331 20750 16000 19556 21825 17087 24012 9543 14550 20656 13087 17100 32087 14856 12481 27518 13718 14262 12525 28893 11225 16375 27181 21506 46393 24875 13050 19475 30675 7275 38943 47856 42043 22706 25093 12993

107792 115691 168663 190737 120397 157010 210766 169251 113618 103562 131938 144628 153760 185526 134768 109304 122750 150511 145721 113954 138325 149278 136084 193650 124879 163256 89976 141042 142499 224408 164573 150483 160511 200373 123367 117764 192641 163396 108212 193454 129361 135188 93057 139110 68042 115551 117288 104178 187935 125748

50320 46673 57109 60151 29943 53921 66703 53124 27725 37172 40919 45381 48057 62039 52583 39050 40589 46994 38262 53765 35074 58814 42605 65905 40553 53307 45922 46572 49175 75966 59473 49220 61003 63303 49184 38958 60774 51227 25572 61352 42752 37291 34927 59519 38748 21302 24143 50567 59235 45803

13547 12443 15576 16502 7348 14610 18481 14368 6676 9565 10672 12024 12834 17069 14205 10134 10572 12512 9867 15145 8902 16103 11183 18240 10561 14424 14940 12384 13172 21287 16292 13186 16755 17451 13197 10078 16686 13794 8777 16860 11227 9573 9046 16305 12767 8172 5591 17640 16219 12151

1568 1572 2542 3371 2975 2287 3928 3020 3140 2117 2205 2361 2682 2911 1756 1983 2142 2611 2713 1300 2927 2073 2174 3115 1857 2517 2006 2297 2064 3788 2435 2239 2318 3664 1740 2179 3495 2856 3556 3292 2072 2483 2603 1850 2678 3717 4040 1087 3300 1792

101089 81178 34056 14036 101528 37057 34221 24448 114155 85625 31329 21905 20807 29883 69009 86632 50983 27212 57059 102699 66392 74352 23899 44780 51935 25656 147937 26114 42986 64873 50343 31915 56510 23076 66429 57791 18025 17622 155129 16909 36673 53106 114118 82825 155275 148907 131888 119151 11949 63080

7969 4856 7095 9693 10916 5941 11999 7886 12864 7029 4190 4847 6351 8766 4903 6421 3907 6030 6493 8552 7464 6801 4001 9570 2614 6560 14979 4498 4503 12617 7978 5294 7448 10753 3124 4073 9987 7090 17673 9684 3335 5450 10694 6998 17196 18323 15742 11047 9376 2000

5 35 20649
40 42 37137
24 35 45607
11 23 34585
30 33 28153
5 40 56343
13 49 60351
20 39 65537
17 49 17631
2 34 12857
19 28 62619
2 47 22407
10 14 55435
16 18 61879
19 44 50480
27 40 41025
26 33 24709
14 42 18579
16 45 32480
15 38 11065
30 34 35617
28 38 57372
2 29 67556
12 41 17940
5 12 60043
6 40 16565
23 48 62509
17 29 20835
0 12 21854
0 43 66776
8 15 30891
15 24 44646
43 47 46055
42 44 66498
33 49 69231
32 38 16350
27 35 52841
46 47 11723
24 28 11886
18 45 60472
12 42 26723
8 49 64505
0 24 12878
2 22 24300
21 31 56383
2 35 65502
20 42 55326
6 42 23234
15 18 26223
11 27 29948
13 22 24299
20 27 51841
2 42 29462
1 43 33997
14 43 59781
35 45 19504
3 15 40563
14 48 64432
8 46 30340
3 22 64560
17 42 13349
21 35 63374
7 17 39205
16 26 61547
12 15 59871
11 13 50579
40 41 67897
13 20 42711
16 22 64445
19 30 21925
29 46 33182
19 22 21168
3 8 16429
9 28 48204
20 48 35468
0 44 14954
25 28 43705
3 39 32936
8 37 40331
16 24 12070
39 42 52884
11 48 54630
33 45 53911
9 34 12345
15 30 30770
21 48 55834
26 27 21850
20 44 13475
18 44 62409
8 23 54333
1 21 68035
13 31 65758
3 7 47706
2 41 49382
15 28 57305
19 35 37576
22 41 42103
13 35 67344
25 40 22430
25 37 36548
7 44 19269
9 46 45612
3 19 59859
16 47 37841
36 39 23815
2 8 37469
9 45 54939
19 42 69663
23 33 60406
6 24 25269
34 43 23876
23 41 55432
3 36 22042
44 47 67787
7 13 69921
2 48 42812
6 47 53621
0 28 21770
0 25 46287
27 46 46029
12 45 18245
12 13 56464
24 48 53929
18 37 68094
9 17 47988
9 10 53376
0 46 47812
35 41 20091
19 24 50720
13 24 60242
38 49 46639
27 41 12131
16 34 47997
30 32 48640
20 25 39972
6 26 13954
33 48 16108
0 35 37053
41 48 25760
11 44 66514
2 31 52323
40 44 39636
18 19 64089
3 13 16507
6 23 37422
25 32 64009
11 35 49319
29 43 33185
26 38 27921
20 40 37748
29 32 21356
21 40 36166
24 46 36354
29 33 17428
18 28 46402
22 39 14341
15 48 60804
2 24 36356
7 21 24432
14 21 53666
20 22 38741
3 35 13213
26 45 55797
18 48 16737
11 36 51853
10 48 37912
9 25 32834
24 34 57962
21 28 64965
43 46 48594
15 49 66618
3 23 47287
36 38 18229
38 40 60706
20 33 53794
13 48 57795
23 47 66857
29 39 45255
4 23 33122
4 12 24777
16 30 25145
0 31 56622
23 24 63086
9 33 51499
19 43 64050
1 33 39487
7 26 55841
16 19 66996
17 21 17986
2 17 22415
8 34 62805
8 47 46727
33 41 25629
28 34 48601
17 33 53464
26 32 67482
14 19 16512
0 19 16297
21 41 67586
6 33 23620
24 25 67035
9 36 16346
7 8 60907
29 34 27406
32 36 67052
23 37 56844
19 21 15200
29 45 63909
19 31 44241
23 45 50466
12 19 30828
20 36 59387
7 29 49230
23 32 23914
11 16 53028
8 39 55422
18 47 53401
9 23 51011
1 32 52417
26 30 61387
14 38 63427
35 49 45221
3 37 38113
32 42 19055
24 45 35965
2 26 33719
29 37 28679
30 41 54620
23 28 52160
25 41 26265
0 32 68240
11 17 49194
0 18 32611
1 48 11289
15 42 66600
5 20 41805
11 22 58133
0 10 23943
17 35 47856
33 42 44516
17 36 64409
2 30 68685
2 44 46045
21 32 43638
26 40 22598
23 29 29073
6 19 29059
5 21 18141
9 43 10083
10 25 23618
44 45 21671
24 37 63510
10 37 10982
16 28 61927
11 37 24707
31 39 36947
42 43 37789
24 47 43387
4 26 33709
19 23 19948
15 27 11794
13 42 31949
0 36 11284
17 18 34405
1 25 33238
6 13 67884
8 11 18352
10 23 33513
6 10 33969
25 26 68352
17 41 20171
1 40 40520
9 47 67036
7 12 56217
17 22 26300
1 27 31776
16 27 27432
5 47 57502
30 45 52060
18 23 27515
7 9 11120
38 41 63731
1 29 33168
26 39 24245
11 42 67801
11 34 47875
16 49 63335
1 30 35589
8 30 33404
3 17 27043
36 37 45537
3 48 35198
22 44 48992
12 22 46821
25 27 11745
15 46 24372
43 49 56847
29 49 20098
20 34 60028
7 42 20816
10 19 30592
27 37 10199
19 27 63479
12 17 27627
5 19 56416
5 17 19779
4 40 61546
26 42 13847
37 39 67281
15 23 43605
12 25 43505
22 38 20543
28 31 49479
28 29 66673
41 47 34788
6 12 47279
24 30 56691
10 41 28122
14 18 12867
24 27 20094
39 41 57309
28 45 60547
19 40 57436
24 42 36300
2 43 49510
3 41 59181
2 19 62816
26 49 48499
31 36 21421
10 34 52843
1 42 11457
17 30 42013
11 28 53042
17 27 64937
10 30 11782
27 30 51600
22 32 14715
22 40 63328
45 47 55447
15 22 11995
0 29 49076
3 42 41095
7 19 22539
20 21 40697
16 17 37767
23 49 59470
35 48 17975
27 33 36600
0 3 17592
41 49 32985
6 29 58838
26 46 64901
15 17 35674
41 43 46273
19 25 43343
6 11 27326
34 45 47596
0 16 48301
11 19 65825
2 27 59018
31 44 43287
4 9 19425
12 43 31030
28 33 26328
12 49 14361
5 13 44956
20 43 20071
23 39 31219
30 31 38283
16 21 17660
26 41 33214
0 9 29501
8 12 48755
2 28 57896
2 37 60198
10 28 28665
6 22 59509
37 46 20315
13 36 55265
22 43 67101
18 38 55443
30 43 44102
33 35 14143
9 22 33259
31 34 32517
41 44 59629
4 49 50585
1 13 10113
0 7 50073
26 47 58553
7 33 59131
18 24 23359
18 42 67978
9 26 32303
1 36 51830
12 32 12338
9 24 67259
8 13 61901
32 35 33557
21 27 47685
16 25 69562
2 12 68914
6 7 67186
11 43 60459
27 49 68953
10 46 69527
7 45 19123
30 48 58461
4 14 31984
24 26 64389
15 29 67704
8 18 17427
36 42 50633
5 23 23989
13 14 52829
39 43 13150
19 26 25760
28 39 33414
32 47 13263
23 46 65833
13 37 21966
22 30 14536
14 40 31334
9 27 19943
28 30 36839
35 37 13164
41 42 34424
7 15 34098
17 20 17207
3 27 10123
1 22 23925
2 6 28911
31 33 21179
21 24 21110
38 42 19370
9 48 20131
10 13 32779
8 27 28493
22 36 20734
2 39 54764
23 42 22881
0 1 18437
1 23 14333
22 34 15657
13 28 44569
5 18 57162
17 46 18807
20 46 60330
3 29 32718
6 17 34213
28 46 68305
29 38 44684
46 49 38749
13 30 41782
11 26 66770
14 45 17730
31 49 44946
5 31 43336
1 12 53971
1 41 64296
8 14 43459
19 45 67896
3 31 23207
37 45 66782
32 44 31149
15 36 44720
14 41 16912
20 23 53928
23 35 63213
24 43 27647
39 45 50834
2 11 28237
4 47 48227
11 33 67310
13 26 33894
2 10 34939
4 7 66615
25 46 54844
22 45 37411
12 24 29332
8 41 19056
2 9 35715
23 34 16159
18 32 59948
6 37 67497
19 36 25071
42 48 67678
5 16 54585
2 21 58408
8 16 51649
12 40 61024
21 22 44009
5 28 49544
1 7 14230
16 29 40790
1 38 22835
39 44 61093
37 49 59846
36 46 66764
24 33 66448
14 39 29635
7 46 59740
16 41 24684
5 26 20004
7 31 57050
23 25 60721
21 37 44943
21 25 53664
6 15 57707
39 48 12353
9 40 25138
6 39 66763
26 35 50212
12 47 31297
17 19 68853
28 35 59851
13 47 46369
7 10 66531
19 38 44436
34 38 46919
18 36 48179
7 22 35459
13 17 33070
31 43 39865
1 26 51832
47 48 16003
26 36 52701
5 38 55067
11 41 65849
20 31 61607
25 49 51514
7 14 37626
5 14 63489
35 39 18341
34 46 47630
14 29 62681
17 38 69062
6 41 22573
29 47 58487
21 44 68912
23 40 37069
0 8 13625
32 34 17816
4 46 17280
16 42 47065
9 14 16669
5 46 67132
18 30 35576
3 43 13199
10 22 53710
36 47 12494
7 43 63521
40 45 19168
38 39 47708
10 24 45528
12 28 13142
26 29 53711
11 45 40371
19 32 58209
19 49 61702
3 10 44120
1 44 51865
36 44 29327
14 31 37609
5 44 60206
25 47 66957
34 44 42432
22 35 59268
15 26 31672
11 18 30919
1 9 10321
12 29 58742
11 25 46687
8 45 18137
23 26 66022
5 42 23751
25 31 24806
16 37 63153
28 49 49328
27 31 40148
12 31 59005
2 32 63965
12 48 33668
34 36 20315
19 33 41672
24 44 21339
5 48 23457
17 32 37525
28 42 63853
6 14 23808
1 6 29226
13 25 37973
3 44 65674
12 44 48553
1 39 17724
11 38 68022
28 43 45510
18 22 50156
11 31 69432
33 43 67182
28 40 23217
5 30 69753
27 43 55923
26 31 59904
1 24 17890
1 49 64088
4 24 25798
30 47 32696
3 28 69383
12 27 17268
6 34 62845
9 32 58388
3 14 23375
4 28 38655
15 31 68703
14 20 67191
15 40 62137
4 6 34303
41 46 34715
42 49 55990
9 35 60254
25 38 53942
4 36 23962
10 18 68070
32 37 44637
39 47 43829
34 35 66092
7 11 20146
38 44 23984
39 40 65523
2 25 29471
6 49 37202
35 43 65276
27 39 27536
29 36 39248
9 42 13165
4 38 33766
9 12 67189
8 20 48004
40 46 33149
18 33 26599
8 28 52991
5 25 21536
3 26 39975
22 46 21646
7 18 32381
0 33 37165
35 47 25925
20 29 68827
14 30 14022
16 40 11914
24 41 59081
25 39 57964
17 40 38019
7 32 57150
18 29 32601
15 34 11847
17 24 65384
9 16 54890
0 41 37975
0 21 60907
3 21 26503
13 16 65177
35 36 56182
4 15 44040
6 28 46567
36 49 11489
11 39 67806
17 23 55899
7 20 49493
15 47 43097
4 10 12497
23 36 32484
2 5 66776
39 49 42472
19 41 56273
19 34 29157
28 37 21779
13 19 24340
4 41 40126
7 40 25802
6 36 26255
44 46 29206
0 14 25908
21 23 66417
3 25 28499
29 42 60652
33 39 68265
32 39 23882
32 40 45542
24 49 36239
12 36 26931
22 49 62045
25 30 43558
3 38 25255
14 49 48227
15 19 32267
1 35 26744
1 16 58176
25 29 18165
11 32 18380
5 29 31272
3 20 20663
0 13 53007
4 8 28048
1 37 65278
24 29 51422
17 34 59348
1 20 17057
9 44 65762
33 36 29473
5 33 32859
40 43 34159
30 35 60823
13 15 60910
13 23 30576
10 27 19321
5 34 51562
27 28 40983
5 39 45346
16 38 27103
35 42 67222
7 24 14420
10 42 31290
5 15 52922
1 14 29675
14 16 21660
6 9 27331
18 39 58563
26 34 69836
5 36 35497
28 36 66943
13 34 43250
0 4 46160
31 46 62092
0 49 61298
9 18 41437
23 31 43513
25 43 62788
4 32 60637
17 47 39274
6 38 22261
3 40 35638
14 27 15576
13 27 25226
13 39 26548
17 28 36152
37 48 46690
12 18 68110
38 45 67135
1 34 22035
14 37 37355
36 43 16498
6 46 38598
1 8 10787
22 47 11562
12 14 58274
37 40 22447
20 30 28893
14 32 46836
1 19 34425
24 32 54390
1 28 55921
16 39 67676
4 30 42692
26 44 60155
21 30 11115
18 35 26272
42 46 33667
15 44 63904
17 25 16908
21 36 15083
4 22 28307
7 27 42547
11 14 20659
3 16 43533
27 44 59095
27 29 46811
38 46 20222
15 16 69347
3 9 56088
27 34 44400
2 4 36701
30 38 14728
2 20 12998
12 20 49631
1 4 16290
3 11 13414
23 38 62079
10 44 35184
0 34 62393
0 38 38646
31 47 31716
16 32 60456
24 38 36321
4 27 64409
14 22 50610
7 23 49580
6 25 20680
44 49 14276
9 15 55626
10 16 39731
25 35 31502
9 19 13932
47 49 12277
10 45 54305
3 5 59608
16 20 13514
22 23 43258
23 30 21972
22 24 12860
29 48 29346
14 33 68515
4 21 51704
2 3 34074
9 29 23655
17 31 31335
34 49 52508
13 41 27069
21 42 35556
4 17 17691
14 36 19461
7 41 16344
28 44 39407
14 17 22059
4 37 42666
15 32 45958
17 43 62669
25 33 34388
25 48 68781
16 46 19087
10 39 20013
21 33 38512
37 42 40590
6 35 23945
0 27 52932
23 44 24894
8 35 25695
13 38 56447
0 39 58152
11 24 37667
18 21 11449
10 47 29640
8 25 36181
8 17 65297
20 49 65858
39 46 49837
11 46 38774
42 45 48365
12 37 19048
21 38 16472
12 21 56056
22 27 40653
37 43 22816
10 31 37605
29 30 52712
27 38 67625
13 45 25706
