50 50 841
25000 25000 25000 25000 25000 25000 25000 25000 25000 25000 25000 25000 25000 25000 25000 25000 25000 25000 25000 25000 25000 25000 0 25000 25000 25000 25000 25000 25000 25000 25000 25000 25000 25000 25000 25000 25000 25000 25000 25000 25000 25000 25000 25000 25000 25000 25000 25000 25000 25000
2609 3292 6739 8933 6803 5984 10355 7650 8084 4246 5219 5776 6641 7816 4374 3847 5033 6429 6719 3660 7358 5396 5219 8345 4182 6387 7391 5542 5038 10349 6400 5558 6051 9568 3792 4898 9064 7159 11178 8697 4781 6033 6661 5299 8845 11656 9977 5301 8663 3947

2368 1148 3204 4509 4028 2752 5457 3845 4791 2504 2396 2628 3220 3859 1838 2266 2285 3117 3299 2596 3680 2582 2296 4205 1779 2994 5115 2491 2189 5399 3046 2499 2838 4940 1446 2351 4642 3507 6634 4369 2035 2890 3943 2607 5984 6919 5919 3574 4385 1538

38119 28711 4914 17161 44553 7030 26409 19622 50450 35490 13876 9147 14977 9987 21848 35330 20546 15111 25670 37312 29954 23679 9828 13734 19303 6568 57472 8895 11180 22957 12390 7341 15489 21294 21806 22713 18992 16657 67393 15523 12297 23856 48568 27686 66066 66973 59161 44864 16203 22621

94158 75406 32372 11548 94124 35112 29982 21024 105322 79267 29681 21275 20071 28595 64292 80186 47630 25921 53179 95094 61702 69206 23096 42165 48700 24701 135170 25118 40527 60515 47246 30416 52911 19804 61669 53847 15191 17163 141838 16712 34762 49569 105288 76944 142841 137025 121516 110118 12183 58878

1432 1277 1715 1883 566 1580 2152 1577 838 876 1061 1250 1363 1923 1524 955 1016 1318 949 1655 814 1789 1133 2087 1015 1583 2005 1269 1379 2512 1815 1381 1823 2008 1383 947 1901 1497 1685 1925 1108 908 1169 1798 2040 1600 1240 2003 1836 1237

29389 21549 6421 15994 35203 3514 23701 16197 40108 27663 10383 7483 12332 10627 15840 27251 15232 12444 20193 28704 23757 17769 7029 12654 13919 6260 45474 6253 6966 20326 9090 4947 10956 19446 15805 17035 17517 13730 54202 15093 8371 18684 38375 21102 52622 53852 47354 34986 15197 16483

181956 151443 81972 45118 179349 86890 28499 43134 199791 153664 65767 58805 48555 75277 138615 155294 97584 53176 107361 187467 122469 147325 56998 99391 102384 68433 259515 65619 96429 131920 108338 78565 118381 37594 126439 108605 40319 50569 262507 54213 78328 100962 199791 160389 266358 256048 228497 214099 46244 120958

70158 56137 33391 20160 68960 32030 26544 6370 78353 57158 16770 13571 8861 34044 51550 57907 31390 10985 35882 72690 42824 57376 12741 45125 33595 25346 105796 16702 32220 60071 42892 24339 46527 21820 44649 36454 21085 12128 107171 24366 22542 32942 78353 60248 108940 104203 91544 84928 20704 42130

1719 1555 2020 2186 797 1877 2480 1869 697 1127 1324 1525 1646 2242 1817 1211 1359 1593 1205 1956 1061 2099 1395 2416 1275 1880 1940 1538 1663 2869 2127 1665 2135 2327 1668 1203 2218 1789 1599 2239 1374 1156 1050 2109 1977 1509 1125 2149 2144 1511

1038 879 1459 1709 1024 1320 1995 1402 1305 464 869 1050 1181 1674 1133 546 738 1134 1066 1268 1206 1406 928 1875 768 1323 1950 999 1145 2314 1562 1115 1500 1846 988 667 1736 1318 1983 1748 832 916 1087 1416 1986 2088 1720 1628 1668 837

282030 211282 141015 156813 275986 123980 205925 104130 324205 216434 12638 46089 66146 165880 198300 220212 86408 58178 109075 294806 144106 241573 25277 212999 97536 105504 461992 48149 106122 288418 178793 81738 185456 180442 162789 111960 161484 89774 468792 165811 55499 94239 323380 245901 477721 453818 389938 356556 149807 140603

50691 38013 17684 20961 51754 16554 32069 15322 59686 41572 8429 1231 9073 20938 32781 41335 20566 9254 24295 52228 30058 37595 2463 29549 19775 11074 79235 3830 16712 41956 25571 10170 28589 26227 28724 24385 23131 11333 83247 20927 10350 21854 59166 41335 84557 81009 70500 62387 19673 26656

87703 68425 38207 29484 86090 36375 42477 15319 98955 70203 15832 11526 5185 43485 62653 71210 35513 11563 41561 91111 50906 70496 10371 57448 38482 27377 135275 15741 36631 77569 50998 26021 55891 35788 53362 42330 30731 11599 137529 32581 23565 37602 98735 74362 139911 133534 116492 107586 27615 49972

8994 7014 1953 3076 10270 2400 5044 4089 11525 8342 3428 2289 3530 1217 5553 8308 5162 3558 5938 8844 6878 5947 2434 2672 4897 1741 13134 2275 3283 4634 3544 2352 4204 3955 5544 5623 3465 3423 15131 2520 3406 5551 11125 6799 14963 15041 13379 10451 2868 5718

22109 13806 17181 27575 34163 13983 36054 25399 39559 23393 16297 15828 21148 21809 7310 21709 15513 20779 22678 21463 25368 12569 14621 24038 11931 16866 39913 14091 11169 32479 15843 13360 14375 31372 9640 15974 29250 22701 52897 26598 12776 19787 33563 13114 48346 54681 47531 28374 26698 11815

16807 14001 25640 30561 19556 22905 35602 25154 24505 9679 15763 18421 21255 29433 18478 8135 13451 20437 19232 20868 21699 23300 16271 32126 12619 23236 35094 17533 19253 39867 26303 19556 24957 32986 15933 12196 31041 23680 36455 30709 14579 16581 19881 23476 36497 38302 31816 27205 29842 13261

10299 7390 7031 8472 10011 6048 10492 6305 12559 6963 2542 3918 4743 8551 6856 7119 1531 4415 4164 10825 5152 8788 3062 9992 2712 6068 17458 3782 5031 13093 7754 4593 8294 9443 5401 2666 8664 5714 17692 8842 2599 3101 11362 8989 17709 17551 14924 13365 8184 4483

175305 136474 78453 73100 171987 74683 92515 36644 198000 139301 27445 23562 23034 89311 126332 141375 67935 11423 80376 182317 99603 144881 22846 118038 74042 56173 274079 32233 75211 159433 104768 53383 114834 79433 107218 81959 75663 36305 280374 79396 45918 72233 198000 150423 282712 269592 234531 216209 69254 97680

14104 10872 9452 10186 10309 8668 12441 7754 12529 10040 3542 5082 6005 10597 10274 10214 4313 5638 2061 14718 4237 12438 4123 12767 5635 7817 21789 5177 8073 16239 11122 6723 11726 11267 8646 5230 10401 7099 19186 10594 5350 2795 14964 12662 22071 18497 15556 17561 9863 7618

4719 4738 8597 11897 10320 7583 14113 10500 12031 6905 7254 7875 9152 10064 5467 6371 7005 8870 9277 3656 10130 6729 7312 10878 5869 8497 9506 7622 6695 13554 8172 7390 7707 13238 5406 7151 12428 9845 15675 11583 6547 8360 10130 5845 12180 16314 14559 5847 11614 5613

2204 1718 1581 1691 1302 1463 2030 1326 1635 1593 693 924 1063 1760 1628 1619 733 1008 555 2296 390 1953 780 2079 931 1335 3066 939 1298 2600 1756 1171 1846 1853 1384 871 1722 1227 2673 1752 889 505 2041 1987 3108 2532 2090 2723 1643 1229

33087 23443 23170 37575 50155 19559 48702 36072 57236 36022 26166 23493 30494 29263 14919 33813 25682 30655 35084 31815 38614 11166 22333 29102 20982 23524 56025 21214 17380 40178 17905 20255 15978 42538 17975 26288 39775 32512 74738 35911 21002 31291 49368 15978 67091 77038 67697 40884 36405 20830

29547 21819 12087 14277 30208 10393 19877 9670 34960 23989 3801 2252 5847 14071 19650 23844 11199 6260 13471 30993 16984 22873 0 19319 10703 8017 46945 2293 10145 26881 15889 6157 17728 16757 16158 13513 14856 7665 50147 14257 4959 11984 34713 24051 50189 48040 41634 36675 13492 14897

19258 15154 4883 8660 22473 5240 12851 10822 25140 18677 8930 6798 9435 4715 11943 18148 11947 9496 14265 19106 16203 11616 7106 3553 10898 5631 28226 6684 7117 7725 6509 5973 7911 10537 11924 12593 9496 9405 33421 7486 7881 13444 24198 13429 31946 32615 29081 22522 8227 12293

32600 22120 24063 31410 36263 20115 39682 24603 43406 26098 11050 13644 18976 29538 20197 24684 10012 17796 19495 34493 23056 27157 10541 33424 5270 20594 59259 12362 14845 44597 26668 15282 26495 35297 14936 10622 32488 21866 64743 31379 8099 15669 41636 27879 64804 63420 53958 43640 30250 11650

19133 14415 4124 7502 21736 4258 12148 8180 24693 17191 5611 2952 5851 5337 11613 17111 9697 5918 11525 19369 13673 12852 3268 8547 9073 1634 29479 2801 5623 13172 7620 3075 8745 9583 10952 10784 8420 6693 33190 6967 5560 10615 23935 14794 33148 32667 28750 23156 7022 11361

175156 190444 281463 355282 238383 258749 406770 325852 225170 205569 253234 264755 294457 314332 211356 210756 242970 289434 287742 170788 273327 239639 248102 332568 222222 279224 124051 257875 238875 392519 271962 254436 261534 380835 205405 233251 365874 308872 262243 348348 234998 267212 177231 219819 183947 276549 279934 151733 352989 210046

31417 23339 11056 15023 33379 9282 22113 11424 38298 25597 5582 2430 7436 13292 19279 25460 12766 7551 15708 32571 19387 22351 1601 18629 11698 6794 49650 800 9022 26549 15038 4846 16963 18384 18146 14626 16408 8878 52990 15002 5683 14150 36827 24738 53033 52629 45921 39055 14201 16091

22292 15532 8585 15815 27305 6079 22449 14122 31534 21286 7458 6609 10790 12212 11525 20448 11037 10887 16351 22629 18460 14092 5916 13959 8953 7422 37089 5247 2958 20575 9380 4675 9917 18779 10579 12122 17129 11995 44699 15038 5121 14086 30040 16086 42325 43386 37782 28046 15128 11164

35887 29205 12480 18630 41122 13061 25455 22151 45465 34940 19069 15598 19892 12207 23976 34080 23982 19991 27757 35640 30912 23444 16099 10314 22275 13699 50490 15413 16118 8049 15128 14256 17411 21687 23945 25034 19991 19843 58502 16718 17362 26420 43931 26395 56547 57636 51882 41202 17925 24545

12035 8916 3727 7937 15528 2988 11116 8229 17556 12413 5826 4628 6632 5471 6476 11884 7270 6678 9817 11792 10828 6101 4440 5425 6843 4123 18722 4120 3693 8596 2220 3580 3285 9358 7288 8021 8567 7210 23593 7374 4435 8731 16331 7478 21757 23235 20550 14388 7608 8162

16816 12300 4673 8907 19038 3674 13346 7880 21863 14695 4330 2861 5655 6838 9623 14610 7526 5719 9982 17041 12034 11338 2398 8891 6931 3300 26701 1952 3900 13310 6886 1199 7961 10895 8991 8573 9784 6460 29982 8388 3574 9112 21992 12670 30199 29780 26037 20660 8448 9382

33291 24043 13451 25678 45466 10386 35106 25927 51477 34720 17347 15249 21192 18623 16808 32845 22433 21329 29985 32571 32982 15695 14693 18486 19385 13751 53121 13742 10951 27888 8982 12141 7346 30148 19402 23889 27802 22904 67566 24266 14025 26766 46032 19779 62514 69570 61607 40269 24685 21808

946126 772783 372672 171891 941607 399465 229188 203364 1052973 801673 322800 261306 229995 336196 681269 810550 496143 258078 549405 987768 631719 728398 261790 467575 512606 298912 1361570 298428 451435 644793 516318 354111 575875 130895 640112 556184 145421 201588 1394657 221440 377998 514543 1052973 803126 1415639 1359472 1209370 1121245 178024 610899

11074 6516 9745 14620 17265 8055 18070 12049 20125 11582 7198 7592 9802 12191 5780 10692 6792 9607 10578 11927 12000 8559 6353 13369 4891 8961 21336 7495 5951 17830 10200 7109 9514 16229 3176 7028 15116 10875 27174 14096 5378 9051 16956 8848 24582 28075 24330 15579 14222 4326

15829 11730 12055 14909 14887 10463 18181 11400 18098 9950 5307 7379 8870 14516 10865 10202 3806 8340 7557 17293 9159 13994 5984 16447 4154 10495 26946 6793 8459 21470 13235 8116 13697 16483 8500 2992 15221 10444 27326 15353 4886 5837 17073 14319 27353 27097 22842 21406 14443 7022

260549 211357 97602 40426 259264 105128 73603 59561 291477 219479 83331 65940 56946 87232 185247 222003 132614 73007 147849 269818 171160 198738 65986 124584 137295 76540 378755 76494 119995 174969 138442 92233 155375 45566 173638 149685 32993 48961 388070 54606 99025 137846 290926 219984 394035 378067 335391 310337 42170 165240

137814 108160 60774 37261 137095 58008 63568 27330 156514 113056 30982 20497 15076 61549 97731 114578 60691 24757 69875 142959 83983 109515 20525 84066 63513 44425 209073 26860 58395 114439 80082 42378 87468 46721 85421 70981 39142 10262 214743 41936 40442 63900 156127 117123 218284 208713 182987 167828 34439 80359

45190 41683 54470 59493 29821 51403 65177 52117 27688 32544 40378 44494 47243 59211 47631 34351 38581 46820 37823 48504 35461 53659 42775 64357 39250 51465 40960 44335 48318 73399 57395 46882 55712 61907 44450 37012 59475 50292 21387 60630 40660 36889 30385 54285 34060 23696 24243 45428 59070 41092

22574 17974 7146 4104 23542 8089 8618 6428 26371 19848 7822 5211 5621 5744 15256 19762 12226 7047 13579 22804 15670 16305 5658 9081 11939 5543 32644 6154 9417 13583 10795 6937 12308 6121 14604 13612 4997 4907 35329 2829 8519 12693 26231 18261 35444 34157 30344 26490 3636 14436

80057 56481 38011 53182 85773 30699 70728 39587 100523 63100 15801 16494 27925 49316 49862 62659 25677 26917 44210 82915 51564 61965 10086 58183 22567 30846 133135 13847 23134 81255 43390 19877 47404 61209 39209 31140 55409 33472 142906 53119 5043 36309 95817 63289 143032 141855 122313 103360 50787 35364

58028 43758 39723 42962 45043 36260 52917 32225 54677 40086 13627 20427 24504 44777 41119 40854 14800 22884 13348 60736 18235 50669 16196 54356 20636 32504 91957 20846 31401 69686 44861 27673 47528 47737 33928 18849 43884 29335 84235 44763 19379 8098 61825 51661 93199 81191 68206 73289 41538 29391

11687 10319 16111 18256 9625 14832 20714 15620 8793 7559 11041 12598 13719 17960 12502 7885 9913 13320 12732 13667 11825 14853 11550 19329 10071 15090 13193 12158 13052 23103 16310 14031 15654 19439 11261 9301 18490 14901 14420 18590 10725 11440 5775 15097 13994 15320 12357 14935 17905 9951

19812 14312 16981 25818 30875 14743 32575 23312 35262 22118 16250 16268 19856 20756 9331 20750 16000 19556 21825 17087 24012 9543 14550 20656 13087 17100 32087 14856 12481 27518 13718 14262 12525 28893 11225 16375 27181 21506 46393 24875 13050 19475 30675 7275 38943 47856 42043 22706 25093 12993

107792 115691 168663 190737 120397 157010 210766 169251 113618 103562 131938 144628 153760 185526 134768 109304 122750 150511 145721 113954 138325 149278 136084 193650 124879 163256 89976 141042 142499 224408 164573 150483 160511 200373 123367 117764 192641 163396 108212 193454 129361 135188 93057 139110 68042 115551 117288 104178 187935 125748

50320 46673 57109 60151 29943 53921 66703 53124 27725 37172 40919 45381 48057 62039 52583 39050 40589 46994 38262 53765 35074 58814 42605 65905 40553 53307 45922 46572 49175 75966 59473 49220 61003 63303 49184 38958 60774 51227 25572 61352 42752 37291 34927 59519 38748 21302 24143 50567 59235 45803

13547 12443 15576 16502 7348 14610 18481 14368 6676 9565 10672 12024 12834 17069 14205 10134 10572 12512 9867 15145 8902 16103 11183 18240 10561 14424 14940 12384 13172 21287 16292 13186 16755 17451 13197 10078 16686 13794 8777 16860 11227 9573 9046 16305 12767 8172 5591 17640 16219 12151

1568 1572 2542 3371 2975 2287 3928 3020 3140 2117 2205 2361 2682 2911 1756 1983 2142 2611 2713 1300 2927 2073 2174 3115 1857 2517 2006 2297 2064 3788 2435 2239 2318 3664 1740 2179 3495 2856 3556 3292 2072 2483 2603 1850 2678 3717 4040 1087 3300 1792

101089 81178 34056 14036 101528 37057 34221 24448 114155 85625 31329 21905 20807 29883 69009 86632 50983 27212 57059 102699 66392 74352 23899 44780 51935 25656 147937 26114 42986 64873 50343 31915 56510 23076 66429 57791 18025 17622 155129 16909 36673 53106 114118 82825 155275 148907 131888 119151 11949 63080

7969 4856 7095 9693 10916 5941 11999 7886 12864 7029 4190 4847 6351 8766 4903 6421 3907 6030 6493 8552 7464 6801 4001 9570 2614 6560 14979 4498 4503 12617 7978 5294 7448 10753 3124 4073 9987 7090 17673 9684 3335 5450 10694 6998 17196 18323 15742 11047 9376 2000

0 2 52274
0 3 35363
0 4 30025
0 5 47028
0 6 50544
0 7 68714
0 8 61403
0 9 12902
0 10 65401
0 11 21717
0 12 53968
0 14 28718
0 15 23882
0 16 40820
0 18 64904
0 19 26699
0 20 48794
0 22 25822
0 23 45879
0 27 47942
0 28 42472
0 30 54189
0 32 54821
0 33 66286
0 34 35754
0 38 53572
0 40 50191
0 41 32507
0 42 20961
0 44 17090
0 45 11602
0 46 14438
0 49 58299
1 3 35867
1 4 38305
1 5 36656
1 6 23863
1 7 58500
1 8 45248
1 9 62377
1 10 69985
1 13 68206
1 14 40741
1 16 11714
1 17 21378
1 18 29626
1 19 51852
1 20 11896
1 21 50716
1 22 40020
1 23 24264
1 24 45980
1 25 66944
1 29 50825
1 30 14462
1 31 28426
1 32 26438
1 33 23270
1 34 56482
1 35 27909
1 36 22986
1 37 58056
1 38 21036
1 39 32723
1 40 25426
1 41 20848
1 44 48577
1 46 65755
1 47 36004
1 48 50932
1 49 37576
2 3 37181
2 4 12518
2 5 53769
2 10 11478
2 12 46346
2 13 57501
2 14 28662
2 18 23113
2 19 67824
2 20 50485
2 21 63029
2 23 30210
2 26 64042
2 29 21780
2 30 32314
2 31 23267
2 34 68558
2 36 36482
2 37 27656
2 38 27302
2 39 65065
2 40 64237
2 41 28554
2 43 62475
2 44 25887
2 45 31389
2 46 17354
2 48 39668
2 49 44578
3 4 17601
3 5 13238
3 7 16072
3 8 45340
3 10 60821
3 11 24067
3 14 20441
3 15 11448
3 16 64778
3 17 40877
3 19 50398
3 20 47692
3 21 59086
3 22 33548
3 24 31865
3 25 14386
3 27 36406
3 30 48484
3 31 11373
3 32 62835
3 33 22553
3 34 45042
3 35 43201
3 37 23599
3 38 45293
3 40 64017
3 41 55324
3 42 61312
3 43 66718
3 44 67603
3 45 10219
3 46 52967
3 47 10980
4 5 10956
4 6 66138
4 7 61938
4 9 59538
4 10 58746
4 11 35189
4 15 57533
4 16 68755
4 17 44455
4 18 30080
4 19 37649
4 20 23378
4 21 10091
4 24 64605
4 25 59749
4 27 53043
4 28 29917
4 29 47265
4 30 51427
4 31 26095
4 32 66351
4 33 21495
4 34 59203
4 35 23386
4 37 62785
4 39 62876
4 40 49280
4 46 13067
5 6 62568
5 7 31868
5 10 46115
5 11 45174
5 13 58560
5 15 51346
5 17 20574
5 18 31753
5 19 31819
5 20 34522
5 21 53512
5 22 54604
5 23 25151
5 24 53541
5 25 65875
5 27 24095
5 28 40035
5 29 29046
5 32 66750
5 33 46457
5 34 52454
5 35 34624
5 37 66944
5 39 26808
5 41 17781
5 42 46124
5 44 18352
5 47 59959
5 48 34420
5 49 64427
6 7 16304
6 8 56833
6 10 15639
6 11 65025
6 12 59274
6 13 39473
6 15 43946
6 16 62911
6 17 31381
6 18 67332
6 20 24258
6 22 11219
6 23 51189
6 25 57493
6 26 41090
6 27 63577
6 28 69890
6 29 28376
6 32 65951
6 33 44500
6 34 54020
6 35 12589
6 37 18674
6 38 62363
6 39 16312
6 40 52862
6 43 21347
6 44 44562
6 45 28686
6 49 53361
7 9 25664
7 10 27426
7 11 58399
7 12 45813
7 13 46305
7 14 49837
7 18 27259
7 22 11998
7 23 25657
7 25 19854
7 28 40299
7 30 44677
7 31 28456
7 32 46564
7 33 38786
7 34 48757
7 36 23154
7 37 39197
7 39 16086
7 40 25185
7 41 56438
7 43 52078
7 44 32151
7 46 62450
7 48 13480
7 49 36655
8 10 30924
8 11 31531
8 12 63022
8 13 35540
8 14 31321
8 16 37407
8 17 43166
8 18 56241
8 19 26965
8 20 67409
8 22 30376
8 23 39440
8 24 57751
8 26 37012
8 27 62507
8 28 65379
8 29 38080
8 30 64080
8 31 18825
8 32 56561
8 33 59837
8 34 34428
8 35 46439
8 36 50750
8 38 15512
8 39 51134
8 40 69152
8 41 10138
8 42 42250
8 43 33242
8 44 39365
8 47 32215
8 49 58601
9 11 24791
9 12 49059
9 16 43249
9 20 11140
9 21 62744
9 23 34994
9 25 18655
9 26 11442
9 27 67852
9 31 61247
9 32 49753
9 33 39939
9 34 23608
9 36 56857
9 38 37035
9 39 64979
9 40 12423
9 44 12443
9 45 35210
9 47 69414
9 48 43538
9 49 38856
10 11 36545
10 12 25345
10 13 61937
10 16 62163
10 17 59778
10 18 41432
10 19 48268
10 20 63719
10 21 47626
10 22 56199
10 23 25861
10 26 40330
10 27 37292
10 28 43899
10 33 64549
10 35 33064
10 36 31803
10 37 18496
10 38 19587
10 40 26991
10 41 13633
10 42 56381
10 43 39626
10 44 57474
10 45 28367
10 46 45495
10 47 54955
10 48 27862
11 13 13291
11 14 58180
11 15 12261
11 16 35203
11 17 62735
11 24 33044
11 28 53297
11 31 32943
11 32 39778
11 33 57831
11 35 61937
11 36 53625
11 37 36222
11 38 62075
11 39 39089
11 41 55679
11 42 29712
11 43 63177
11 44 23581
11 45 21924
11 47 41679
11 48 27330
11 49 48571
12 14 43465
12 15 13550
12 17 44101
12 18 46682
12 19 60775
12 20 15464
12 21 14155
12 22 38227
12 23 15126
12 24 29091
12 25 54167
12 26 25912
12 27 47467
12 28 25979
12 29 24199
12 30 35856
12 31 17495
12 32 23577
12 33 47862
12 34 54124
12 37 23503
12 38 11537
12 39 28400
12 40 60325
12 41 50892
12 43 66804
12 44 53632
12 46 46023
12 47 56614
12 48 52673
12 49 43331
13 16 45566
13 18 30653
13 19 16037
13 20 33660
13 22 53027
13 23 28491
13 24 11642
13 26 14684
13 27 37123
13 29 57721
13 32 27134
13 34 15544
13 36 48078
13 37 21920
13 38 41047
13 40 41519
13 42 68668
13 43 17160
13 44 55963
13 45 14995
13 46 65007
13 48 52728
13 49 25572
14 15 31565
14 16 51528
14 17 42978
14 19 67988
14 20 51739
14 22 51952
14 23 32048
14 24 45574
14 25 18704
14 26 15669
14 27 63584
14 28 41596
14 32 18523
14 33 34633
14 37 53530
14 38 26345
14 39 14076
14 40 10183
14 41 68638
14 43 20564
14 44 42628
14 45 57608
15 16 63185
15 17 64443
15 18 47049
15 22 15444
15 25 34968
15 26 29873
15 28 64863
15 30 15427
15 31 55221
15 32 39634
15 33 67318
15 34 57955
15 37 29488
15 39 61268
15 40 56038
15 41 52701
15 42 59705
15 43 65025
15 44 47067
15 46 41930
15 47 27253
15 48 12292
16 17 18278
16 19 24499
16 20 27006
16 22 46495
16 23 14325
16 24 14979
16 26 57680
16 32 21975
16 33 23871
16 34 45575
16 35 57237
16 36 68575
16 37 34018
16 38 20014
16 41 14013
16 44 10857
16 46 42467
16 47 18179
16 48 11880
16 49 53795
17 18 58304
17 19 67693
17 20 24044
17 21 54134
17 22 46553
17 23 62463
17 24 36016
17 25 57337
17 27 17727
17 28 25461
17 29 49958
17 33 33891
17 35 54038
17 36 69680
17 37 43062
17 38 10199
17 39 63416
17 42 67460
17 43 45435
17 45 48074
17 47 55059
17 48 53740
18 19 47496
18 20 35068
18 21 63528
18 23 62545
18 24 17933
18 26 18132
18 27 48823
18 28 10593
18 30 14332
18 31 44807
18 32 24455
18 34 69515
18 35 11600
18 38 25569
18 39 50483
18 40 54483
18 41 47995
18 43 49955
18 44 64678
18 45 67543
18 47 32137
18 48 44232
18 49 15909
19 21 22057
19 22 58840
19 23 59102
19 24 45272
19 26 53311
19 28 37795
19 29 51444
19 30 43841
19 31 29827
19 33 63722
19 36 53781
19 37 24377
19 39 13702
19 40 58331
19 41 29458
19 42 28620
19 43 51984
19 46 13715
19 47 37017
19 48 29648
19 49 52910
20 21 52081
20 22 19549
20 23 40572
20 24 61246
20 26 63641
20 27 66192
20 28 37275
20 29 13903
20 30 17355
20 32 53973
20 33 49118
20 34 30625
20 35 19199
20 36 29697
20 37 42453
20 38 35725
20 39 19244
20 40 30115
20 42 22604
20 46 26981
20 47 52481
20 48 51238
20 49 20142
21 22 65903
21 23 59252
21 24 18100
21 25 43153
21 27 51958
21 28 62638
21 31 66780
21 32 69699
21 33 45203
21 34 40885
21 38 27133
21 39 36433
21 40 33923
21 42 59527
21 43 23693
21 44 58369
21 45 37597
21 47 30235
21 48 27057
22 23 31776
22 24 35861
22 25 20980
22 26 57113
22 29 57204
22 30 32512
22 32 31200
22 33 12732
22 36 11137
22 37 41013
22 38 63492
22 39 24810
22 43 21050
22 44 52009
22 45 40247
22 46 38453
22 47 11553
22 48 31044
22 49 52841
23 24 67969
23 25 46982
23 26 35734
23 27 21875
23 28 57763
23 30 25363
23 34 41820
23 35 25643
23 37 55891
23 38 29078
23 39 67210
23 40 14106
23 41 63928
23 42 41949
23 44 52686
23 45 18439
23 47 66202
23 49 57918
24 25 51062
24 26 66307
24 27 31351
24 28 13065
24 29 44194
24 30 17406
24 32 28493
24 34 22422
24 35 48212
24 36 61406
24 38 69846
24 40 42400
24 41 43196
24 42 42935
24 43 35780
24 44 13493
24 45 51193
24 46 21811
24 47 51632
24 48 18995
24 49 24063
25 26 30178
25 27 40073
25 28 34804
25 29 41993
25 30 44030
25 32 16430
25 33 33228
25 36 15233
25 37 27332
25 38 25002
25 39 50528
25 40 28226
25 41 25736
25 42 60160
25 44 62997
25 45 49767
25 46 60350
25 47 62557
25 48 21917
25 49 17163
26 27 39465
26 28 69058
26 29 61849
26 31 66917
26 32 59934
26 34 18161
26 35 56698
26 40 11662
26 41 13559
26 43 66116
26 44 47827
26 45 69908
26 46 18171
26 47 54081
26 48 24725
27 28 57994
27 30 35440
27 31 25615
27 32 32477
27 33 41742
27 34 16653
27 35 43282
27 36 31058
27 39 40744
27 40 42233
27 41 43213
27 42 39880
27 43 30936
27 46 42599
27 48 44391
27 49 47876
28 29 36371
28 30 20525
28 33 17626
28 34 59083
28 35 34318
28 36 26369
28 37 61195
28 38 55722
28 40 49369
28 41 60562
28 42 53695
28 43 64431
28 44 20257
28 45 53833
28 46 34696
28 47 33212
28 49 61237
29 30 60143
29 32 24462
29 34 36970
29 35 67441
29 37 37046
29 38 62724
29 39 41081
29 41 35513
29 42 37378
29 47 49630
29 48 68135
30 31 58279
30 32 34644
30 33 45877
30 36 29801
30 37 12895
30 38 33521
30 39 50807
30 40 31094
30 41 30116
30 42 11659
30 45 31545
30 46 67707
30 47 61521
30 48 27825
30 49 15170
31 32 52541
31 35 66458
31 38 46885
31 39 17676
31 41 38770
31 42 68305
31 44 64964
31 47 19768
31 48 24686
32 33 18863
32 34 54922
32 35 69983
32 36 55218
32 38 68905
32 40 45790
32 41 64866
32 42 27725
32 43 68160
32 49 13856
33 35 64894
33 36 29837
33 37 28870
33 39 65206
33 40 63013
33 41 28565
33 42 38800
33 44 54688
33 45 20248
33 47 18408
33 49 59256
34 37 32352
34 38 20954
34 40 40791
34 41 42705
34 42 15151
34 43 65335
34 44 34409
34 46 63209
34 47 16848
35 38 11856
35 39 29137
35 40 16307
35 41 68333
35 44 32257
35 45 26431
35 46 51294
35 47 11117
36 39 24774
36 40 19931
36 42 40209
36 46 68252
36 47 30744
36 48 27993
36 49 55922
37 39 18179
37 41 14145
37 43 51615
37 44 35856
37 45 68154
37 46 18375
37 47 59710
37 48 28755
37 49 31421
38 39 10074
38 40 37448
38 41 58148
38 44 64281
38 45 34647
38 47 32148
38 48 16778
38 49 10925
39 40 60192
39 41 39472
39 42 49254
39 43 66033
39 44 35909
39 45 53377
39 46 15083
39 47 45257
39 49 29968
40 41 28860
40 42 61917
40 46 35076
40 47 16343
40 48 44162
40 49 43231
41 43 22485
41 45 44441
41 48 54507
41 49 14952
42 43 59785
42 44 26085
42 45 32742
42 46 13512
42 47 22452
42 48 34609
42 49 12422
43 44 49881
43 47 26570
43 48 11950
43 49 17350
44 45 63111
44 46 16914
44 47 55641
44 49 21778
45 46 36172
46 47 43796
46 49 68405
47 48 51590
47 49 49073
