50 50 980
25000 25000 25000 25000 25000 25000 25000 25000 25000 25000 25000 25000 25000 25000 25000 25000 25000 25000 25000 25000 25000 25000 0 25000 25000 25000 25000 25000 25000 25000 25000 25000 25000 25000 25000 25000 25000 25000 25000 25000 25000 25000 25000 25000 25000 25000 25000 25000 25000 25000
2609 3292 6739 8933 6803 5984 10355 7650 8084 4246 5219 5776 6641 7816 4374 3847 5033 6429 6719 3660 7358 5396 5219 8345 4182 6387 7391 5542 5038 10349 6400 5558 6051 9568 3792 4898 9064 7159 11178 8697 4781 6033 6661 5299 8845 11656 9977 5301 8663 3947

2368 1148 3204 4509 4028 2752 5457 3845 4791 2504 2396 2628 3220 3859 1838 2266 2285 3117 3299 2596 3680 2582 2296 4205 1779 2994 5115 2491 2189 5399 3046 2499 2838 4940 1446 2351 4642 3507 6634 4369 2035 2890 3943 2607 5984 6919 5919 3574 4385 1538

38119 28711 4914 17161 44553 7030 26409 19622 50450 35490 13876 9147 14977 9987 21848 35330 20546 15111 25670 37312 29954 23679 9828 13734 19303 6568 57472 8895 11180 22957 12390 7341 15489 21294 21806 22713 18992 16657 67393 15523 12297 23856 48568 27686 66066 66973 59161 44864 16203 22621

94158 75406 32372 11548 94124 35112 29982 21024 105322 79267 29681 21275 20071 28595 64292 80186 47630 25921 53179 95094 61702 69206 23096 42165 48700 24701 135170 25118 40527 60515 47246 30416 52911 19804 61669 53847 15191 17163 141838 16712 34762 49569 105288 76944 142841 137025 121516 110118 12183 58878

1432 1277 1715 1883 566 1580 2152 1577 838 876 1061 1250 1363 1923 1524 955 1016 1318 949 1655 814 1789 1133 2087 1015 1583 2005 1269 1379 2512 1815 1381 1823 2008 1383 947 1901 1497 1685 1925 1108 908 1169 1798 2040 1600 1240 2003 1836 1237

29389 21549 6421 15994 35203 3514 23701 16197 40108 27663 10383 7483 12332 10627 15840 27251 15232 12444 20193 28704 23757 17769 7029 12654 13919 6260 45474 6253 6966 20326 9090 4947 10956 19446 15805 17035 17517 13730 54202 15093 8371 18684 38375 21102 52622 53852 47354 34986 15197 16483

181956 151443 81972 45118 179349 86890 28499 43134 199791 153664 65767 58805 48555 75277 138615 155294 97584 53176 107361 187467 122469 147325 56998 99391 102384 68433 259515 65619 96429 131920 108338 78565 118381 37594 126439 108605 40319 50569 262507 54213 78328 100962 199791 160389 266358 256048 228497 214099 46244 120958

70158 56137 33391 20160 68960 32030 26544 6370 78353 57158 16770 13571 8861 34044 51550 57907 31390 10985 35882 72690 42824 57376 12741 45125 33595 25346 105796 16702 32220 60071 42892 24339 46527 21820 44649 36454 21085 12128 107171 24366 22542 32942 78353 60248 108940 104203 91544 84928 20704 42130

1719 1555 2020 2186 797 1877 2480 1869 697 1127 1324 1525 1646 2242 1817 1211 1359 1593 1205 1956 1061 2099 1395 2416 1275 1880 1940 1538 1663 2869 2127 1665 2135 2327 1668 1203 2218 1789 1599 2239 1374 1156 1050 2109 1977 1509 1125 2149 2144 1511

1038 879 1459 1709 1024 1320 1995 1402 1305 464 869 1050 1181 1674 1133 546 738 1134 1066 1268 1206 1406 928 1875 768 1323 1950 999 1145 2314 1562 1115 1500 1846 988 667 1736 1318 1983 1748 832 916 1087 1416 1986 2088 1720 1628 1668 837

282030 211282 141015 156813 275986 123980 205925 104130 324205 216434 12638 46089 66146 165880 198300 220212 86408 58178 109075 294806 144106 241573 25277 212999 97536 105504 461992 48149 106122 288418 178793 81738 185456 180442 162789 111960 161484 89774 468792 165811 55499 94239 323380 245901 477721 453818 389938 356556 149807 140603

50691 38013 17684 20961 51754 16554 32069 15322 59686 41572 8429 1231 9073 20938 32781 41335 20566 9254 24295 52228 30058 37595 2463 29549 19775 11074 79235 3830 16712 41956 25571 10170 28589 26227 28724 24385 23131 11333 83247 20927 10350 21854 59166 41335 84557 81009 70500 62387 19673 26656

87703 68425 38207 29484 86090 36375 42477 15319 98955 70203 15832 11526 5185 43485 62653 71210 35513 11563 41561 91111 50906 70496 10371 57448 38482 27377 135275 15741 36631 77569 50998 26021 55891 35788 53362 42330 30731 11599 137529 32581 23565 37602 98735 74362 139911 133534 116492 107586 27615 49972

8994 7014 1953 3076 10270 2400 5044 4089 11525 8342 3428 2289 3530 1217 5553 8308 5162 3558 5938 8844 6878 5947 2434 2672 4897 1741 13134 2275 3283 4634 3544 2352 4204 3955 5544 5623 3465 3423 15131 2520 3406 5551 11125 6799 14963 15041 13379 10451 2868 5718

22109 13806 17181 27575 34163 13983 36054 25399 39559 23393 16297 15828 21148 21809 7310 21709 15513 20779 22678 21463 25368 12569 14621 24038 11931 16866 39913 14091 11169 32479 15843 13360 14375 31372 9640 15974 29250 22701 52897 26598 12776 19787 33563 13114 48346 54681 47531 28374 26698 11815

16807 14001 25640 30561 19556 22905 35602 25154 24505 9679 15763 18421 21255 29433 18478 8135 13451 20437 19232 20868 21699 23300 16271 32126 12619 23236 35094 17533 19253 39867 26303 19556 24957 32986 15933 12196 31041 23680 36455 30709 14579 16581 19881 23476 36497 38302 31816 27205 29842 13261

10299 7390 7031 8472 10011 6048 10492 6305 12559 6963 2542 3918 4743 8551 6856 7119 1531 4415 4164 10825 5152 8788 3062 9992 2712 6068 17458 3782 5031 13093 7754 4593 8294 9443 5401 2666 8664 5714 17692 8842 2599 3101 11362 8989 17709 17551 14924 13365 8184 4483

175305 136474 78453 73100 171987 74683 92515 36644 198000 139301 27445 23562 23034 89311 126332 141375 67935 11423 80376 182317 99603 144881 22846 118038 74042 56173 274079 32233 75211 159433 104768 53383 114834 79433 107218 81959 75663 36305 280374 79396 45918 72233 198000 150423 282712 269592 234531 216209 69254 97680

14104 10872 9452 10186 10309 8668 12441 7754 12529 10040 3542 5082 6005 10597 10274 10214 4313 5638 2061 14718 4237 12438 4123 12767 5635 7817 21789 5177 8073 16239 11122 6723 11726 11267 8646 5230 10401 7099 19186 10594 5350 2795 14964 12662 22071 18497 15556 17561 9863 7618

4719 4738 8597 11897 10320 7583 14113 10500 12031 6905 7254 7875 9152 10064 5467 6371 7005 8870 9277 3656 10130 6729 7312 10878 5869 8497 9506 7622 6695 13554 8172 7390 7707 13238 5406 7151 12428 9845 15675 11583 6547 8360 10130 5845 12180 16314 14559 5847 11614 5613

2204 1718 1581 1691 1302 1463 2030 1326 1635 1593 693 924 1063 1760 1628 1619 733 1008 555 2296 390 1953 780 2079 931 1335 3066 939 1298 2600 1756 1171 1846 1853 1384 871 1722 1227 2673 1752 889 505 2041 1987 3108 2532 2090 2723 1643 1229

33087 23443 23170 37575 50155 19559 48702 36072 57236 36022 26166 23493 30494 29263 14919 33813 25682 30655 35084 31815 38614 11166 22333 29102 20982 23524 56025 21214 17380 40178 17905 20255 15978 42538 17975 26288 39775 32512 74738 35911 21002 31291 49368 15978 67091 77038 67697 40884 36405 20830

29547 21819 12087 14277 30208 10393 19877 9670 34960 23989 3801 2252 5847 14071 19650 23844 11199 6260 13471 30993 16984 22873 0 19319 10703 8017 46945 2293 10145 26881 15889 6157 17728 16757 16158 13513 14856 7665 50147 14257 4959 11984 34713 24051 50189 48040 41634 36675 13492 14897

19258 15154 4883 8660 22473 5240 12851 10822 25140 18677 8930 6798 9435 4715 11943 18148 11947 9496 14265 19106 16203 11616 7106 3553 10898 5631 28226 6684 7117 7725 6509 5973 7911 10537 11924 12593 9496 9405 33421 7486 7881 13444 24198 13429 31946 32615 29081 22522 8227 12293

32600 22120 24063 31410 36263 20115 39682 24603 43406 26098 11050 13644 18976 29538 20197 24684 10012 17796 19495 34493 23056 27157 10541 33424 5270 20594 59259 12362 14845 44597 26668 15282 26495 35297 14936 10622 32488 21866 64743 31379 8099 15669 41636 27879 64804 63420 53958 43640 30250 11650

19133 14415 4124 7502 21736 4258 12148 8180 24693 17191 5611 2952 5851 5337 11613 17111 9697 5918 11525 19369 13673 12852 3268 8547 9073 1634 29479 2801 5623 13172 7620 3075 8745 9583 10952 10784 8420 6693 33190 6967 5560 10615 23935 14794 33148 32667 28750 23156 7022 11361

175156 190444 281463 355282 238383 258749 406770 325852 225170 205569 253234 264755 294457 314332 211356 210756 242970 289434 287742 170788 273327 239639 248102 332568 222222 279224 124051 257875 238875 392519 271962 254436 261534 380835 205405 233251 365874 308872 262243 348348 234998 267212 177231 219819 183947 276549 279934 151733 352989 210046

31417 23339 11056 15023 33379 9282 22113 11424 38298 25597 5582 2430 7436 13292 19279 25460 12766 7551 15708 32571 19387 22351 1601 18629 11698 6794 49650 800 9022 26549 15038 4846 16963 18384 18146 14626 16408 8878 52990 15002 5683 14150 36827 24738 53033 52629 45921 39055 14201 16091

22292 15532 8585 15815 27305 6079 22449 14122 31534 21286 7458 6609 10790 12212 11525 20448 11037 10887 16351 22629 18460 14092 5916 13959 8953 7422 37089 5247 2958 20575 9380 4675 9917 18779 10579 12122 17129 11995 44699 15038 5121 14086 30040 16086 42325 43386 37782 28046 15128 11164

35887 29205 12480 18630 41122 13061 25455 22151 45465 34940 19069 15598 19892 12207 23976 34080 23982 19991 27757 35640 30912 23444 16099 10314 22275 13699 50490 15413 16118 8049 15128 14256 17411 21687 23945 25034 19991 19843 58502 16718 17362 26420 43931 26395 56547 57636 51882 41202 17925 24545

12035 8916 3727 7937 15528 2988 11116 8229 17556 12413 5826 4628 6632 5471 6476 11884 7270 6678 9817 11792 10828 6101 4440 5425 6843 4123 18722 4120 3693 8596 2220 3580 3285 9358 7288 8021 8567 7210 23593 7374 4435 8731 16331 7478 21757 23235 20550 14388 7608 8162

16816 12300 4673 8907 19038 3674 13346 7880 21863 14695 4330 2861 5655 6838 9623 14610 7526 5719 9982 17041 12034 11338 2398 8891 6931 3300 26701 1952 3900 13310 6886 1199 7961 10895 8991 8573 9784 6460 29982 8388 3574 9112 21992 12670 30199 29780 26037 20660 8448 9382

33291 24043 13451 25678 45466 10386 35106 25927 51477 34720 17347 15249 21192 18623 16808 32845 22433 21329 29985 32571 32982 15695 14693 18486 19385 13751 53121 13742 10951 27888 8982 12141 7346 30148 19402 23889 27802 22904 67566 24266 14025 26766 46032 19779 62514 69570 61607 40269 24685 21808

946126 772783 372672 171891 941607 399465 229188 203364 1052973 801673 322800 261306 229995 336196 681269 810550 496143 258078 549405 987768 631719 728398 261790 467575 512606 298912 1361570 298428 451435 644793 516318 354111 575875 130895 640112 556184 145421 201588 1394657 221440 377998 514543 1052973 803126 1415639 1359472 1209370 1121245 178024 610899

11074 6516 9745 14620 17265 8055 18070 12049 20125 11582 7198 7592 9802 12191 5780 10692 6792 9607 10578 11927 12000 8559 6353 13369 4891 8961 21336 7495 5951 17830 10200 7109 9514 16229 3176 7028 15116 10875 27174 14096 5378 9051 16956 8848 24582 28075 24330 15579 14222 4326

15829 11730 12055 14909 14887 10463 18181 11400 18098 9950 5307 7379 8870 14516 10865 10202 3806 8340 7557 17293 9159 13994 5984 16447 4154 10495 26946 6793 8459 21470 13235 8116 13697 16483 8500 2992 15221 10444 27326 15353 4886 5837 17073 14319 27353 27097 22842 21406 14443 7022

260549 211357 97602 40426 259264 105128 73603 59561 291477 219479 83331 65940 56946 87232 185247 222003 132614 73007 147849 269818 171160 198738 65986 124584 137295 76540 378755 76494 119995 174969 138442 92233 155375 45566 173638 149685 32993 48961 388070 54606 99025 137846 290926 219984 394035 378067 335391 310337 42170 165240

137814 108160 60774 37261 137095 58008 63568 27330 156514 113056 30982 20497 15076 61549 97731 114578 60691 24757 69875 142959 83983 109515 20525 84066 63513 44425 209073 26860 58395 114439 80082 42378 87468 46721 85421 70981 39142 10262 214743 41936 40442 63900 156127 117123 218284 208713 182987 167828 34439 80359

45190 41683 54470 59493 29821 51403 65177 52117 27688 32544 40378 44494 47243 59211 47631 34351 38581 46820 37823 48504 35461 53659 42775 64357 39250 51465 40960 44335 48318 73399 57395 46882 55712 61907 44450 37012 59475 50292 21387 60630 40660 36889 30385 54285 34060 23696 24243 45428 59070 41092

22574 17974 7146 4104 23542 8089 8618 6428 26371 19848 7822 5211 5621 5744 15256 19762 12226 7047 13579 22804 15670 16305 5658 9081 11939 5543 32644 6154 9417 13583 10795 6937 12308 6121 14604 13612 4997 4907 35329 2829 8519 12693 26231 18261 35444 34157 30344 26490 3636 14436

80057 56481 38011 53182 85773 30699 70728 39587 100523 63100 15801 16494 27925 49316 49862 62659 25677 26917 44210 82915 51564 61965 10086 58183 22567 30846 133135 13847 23134 81255 43390 19877 47404 61209 39209 31140 55409 33472 142906 53119 5043 36309 95817 63289 143032 141855 122313 103360 50787 35364

58028 43758 39723 42962 45043 36260 52917 32225 54677 40086 13627 20427 24504 44777 41119 40854 14800 22884 13348 60736 18235 50669 16196 54356 20636 32504 91957 20846 31401 69686 44861 27673 47528 47737 33928 18849 43884 29335 84235 44763 19379 8098 61825 51661 93199 81191 68206 73289 41538 29391

11687 10319 16111 18256 9625 14832 20714 15620 8793 7559 11041 12598 13719 17960 12502 7885 9913 13320 12732 13667 11825 14853 11550 19329 10071 15090 13193 12158 13052 23103 16310 14031 15654 19439 11261 9301 18490 14901 14420 18590 10725 11440 5775 15097 13994 15320 12357 14935 17905 9951

19812 14312 16981 25818 30875 14743 32575 23312 35262 22118 16250 16268 19856 20756 9331 20750 16000 19556 21825 17087 24012 9543 14550 20656 13087 17100 32087 14856 12481 27518 13718 14262 12525 28893 11225 16375 27181 21506 46393 24875 13050 19475 30675 7275 38943 47856 42043 22706 25093 12993

107792 115691 168663 190737 120397 157010 210766 169251 113618 103562 131938 144628 153760 185526 134768 109304 122750 150511 145721 113954 138325 149278 136084 193650 124879 163256 89976 141042 142499 224408 164573 150483 160511 200373 123367 117764 192641 163396 108212 193454 129361 135188 93057 139110 68042 115551 117288 104178 187935 125748

50320 46673 57109 60151 29943 53921 66703 53124 27725 37172 40919 45381 48057 62039 52583 39050 40589 46994 38262 53765 35074 58814 42605 65905 40553 53307 45922 46572 49175 75966 59473 49220 61003 63303 49184 38958 60774 51227 25572 61352 42752 37291 34927 59519 38748 21302 24143 50567 59235 45803

13547 12443 15576 16502 7348 14610 18481 14368 6676 9565 10672 12024 12834 17069 14205 10134 10572 12512 9867 15145 8902 16103 11183 18240 10561 14424 14940 12384 13172 21287 16292 13186 16755 17451 13197 10078 16686 13794 8777 16860 11227 9573 9046 16305 12767 8172 5591 17640 16219 12151

1568 1572 2542 3371 2975 2287 3928 3020 3140 2117 2205 2361 2682 2911 1756 1983 2142 2611 2713 1300 2927 2073 2174 3115 1857 2517 2006 2297 2064 3788 2435 2239 2318 3664 1740 2179 3495 2856 3556 3292 2072 2483 2603 1850 2678 3717 4040 1087 3300 1792

101089 81178 34056 14036 101528 37057 34221 24448 114155 85625 31329 21905 20807 29883 69009 86632 50983 27212 57059 102699 66392 74352 23899 44780 51935 25656 147937 26114 42986 64873 50343 31915 56510 23076 66429 57791 18025 17622 155129 16909 36673 53106 114118 82825 155275 148907 131888 119151 11949 63080

7969 4856 7095 9693 10916 5941 11999 7886 12864 7029 4190 4847 6351 8766 4903 6421 3907 6030 6493 8552 7464 6801 4001 9570 2614 6560 14979 4498 4503 12617 7978 5294 7448 10753 3124 4073 9987 7090 17673 9684 3335 5450 10694 6998 17196 18323 15742 11047 9376 2000

22 47 58365
1 41 59526
22 46 57366
8 33 51207
28 36 10247
5 17 43930
29 33 52707
38 39 32440
2 43 40382
45 48 27878
6 29 67436
22 26 34341
42 46 19422
1 45 22757
26 39 59697
12 36 43724
18 36 10349
13 30 36986
25 34 27942
44 49 59465
22 32 21285
6 48 57396
29 47 37287
44 46 20806
32 41 53113
11 34 39625
4 11 54936
4 45 67595
25 42 14305
6 15 47408
40 48 13826
18 22 14813
31 39 49076
8 48 13334
36 40 56020
6 44 49323
6 41 47265
29 49 50869
21 33 11763
4 16 29789
10 36 68747
3 41 21341
11 23 54130
17 34 30311
5 20 34098
5 21 55969
42 45 16178
35 45 46590
16 49 35097
24 47 34120
16 29 36055
16 18 46382
23 35 33658
34 49 15484
6 22 69331
24 43 16770
13 48 45110
26 34 54266
0 19 14364
46 48 61558
0 6 31674
32 47 18190
35 48 66371
18 44 22892
23 42 33667
2 42 52390
16 22 62216
4 15 10931
3 22 33258
15 19 16121
2 16 42863
15 30 44148
24 49 39605
0 49 39135
31 47 16601
7 36 63703
7 20 37246
6 12 22779
18 23 40292
25 28 62343
32 33 59042
37 40 18489
8 22 50867
45 46 22699
21 49 36117
27 41 50197
7 35 29469
5 45 11226
38 48 46606
11 18 45976
16 24 14926
19 24 20422
16 32 66309
4 9 11297
10 35 33314
12 40 29976
25 30 65830
0 15 37672
6 11 43050
21 34 29088
25 27 43793
33 42 28056
11 38 15378
16 30 13397
17 38 57191
3 20 21979
17 23 19242
1 20 36580
3 30 46902
10 21 61678
19 45 41065
6 25 35943
6 31 22309
8 27 21932
10 44 60786
39 47 48426
16 21 14271
4 23 20254
25 40 61795
11 36 50877
2 46 56231
22 27 66722
4 38 61299
0 28 52539
8 20 20161
19 47 24613
10 22 24657
47 49 15990
5 30 52285
3 40 57708
14 39 47221
18 27 38221
16 43 15763
22 39 64742
1 35 53761
0 3 15096
28 45 16721
15 20 15146
20 49 41676
15 25 53623
6 17 66824
23 29 12741
5 27 31708
7 33 31275
13 33 36816
0 13 22493
31 41 69702
12 17 41087
10 11 44891
1 30 61496
36 38 21964
6 23 43264
3 4 10359
17 19 13262
10 46 37945
27 45 20520
10 23 40018
5 49 52603
4 13 26511
8 36 34446
29 35 52453
2 49 15874
29 31 14809
25 46 58216
0 22 10616
22 35 58570
8 12 63312
10 13 17337
32 38 15858
31 38 47131
1 6 13102
20 31 24824
10 38 62015
15 40 46953
11 33 46100
5 43 28830
32 34 11589
16 20 45801
2 18 59917
31 44 46480
10 39 49439
23 28 11880
18 33 31886
0 11 49799
8 17 27286
22 49 59831
4 18 60319
16 26 57304
31 37 54576
12 33 28972
28 34 33892
25 44 37028
13 45 34847
29 40 38701
33 38 37386
4 48 35463
16 25 27271
5 18 42841
12 39 54943
3 7 45272
10 15 19971
12 23 10187
7 8 60097
0 5 11985
16 28 47140
3 21 36196
17 49 42958
15 37 48729
3 11 11996
26 33 32874
43 49 37351
3 17 51435
13 38 46898
19 27 11379
10 41 43376
2 39 64184
5 41 61211
23 48 33695
33 47 63630
25 32 57929
21 31 52667
14 29 27522
13 32 37100
32 40 29656
7 43 56223
30 44 64486
18 47 55119
31 45 25636
18 29 49469
19 34 52204
25 38 60909
7 44 11582
0 43 52391
0 7 51005
1 36 25710
0 23 41674
36 41 29343
29 36 58668
2 17 32545
15 41 31339
0 9 21542
1 9 59897
37 49 24916
39 43 58440
21 23 61276
1 31 58293
5 37 64766
38 49 64629
34 42 34130
14 15 58395
10 43 64701
39 46 28939
6 14 15916
41 46 31800
3 48 48596
16 31 62140
10 48 38428
9 30 45857
17 48 29918
27 35 17897
3 15 28061
28 46 20826
1 28 19479
21 47 22594
4 46 13973
1 38 35190
14 41 54268
7 39 33316
19 31 36000
41 49 28956
19 46 66798
13 46 47542
20 25 30995
40 44 21714
15 33 48124
9 45 34413
26 38 22149
2 14 42889
13 23 29042
38 41 46279
17 46 43427
1 25 35885
11 22 65218
26 43 49343
4 30 57685
7 48 55956
6 32 53625
5 9 26112
28 47 31813
24 29 13543
1 48 46152
22 48 62017
10 31 36512
19 37 55632
6 8 26753
4 20 52629
20 48 32964
29 30 11021
3 12 28087
22 44 11106
2 32 42120
8 30 24885
29 41 60792
12 43 63115
3 37 48742
14 35 38915
12 26 27527
0 42 60891
24 36 23947
14 16 58712
34 41 49312
19 25 57374
37 44 24596
4 44 44529
4 6 48859
15 45 12280
25 35 30485
8 31 44627
14 23 40536
8 37 64441
30 43 60313
0 10 16687
2 24 56457
35 42 38967
31 48 14461
13 14 13209
9 28 21595
20 29 49568
16 38 26373
30 46 39683
17 26 50675
33 46 58493
14 49 66711
2 15 41466
9 47 63750
6 39 45452
25 47 22523
19 26 21277
7 30 36342
0 33 36470
8 42 69989
0 20 27796
4 17 35986
34 43 24585
30 41 62325
3 27 26988
11 21 39008
1 11 34952
2 10 61615
4 39 69544
5 31 41535
36 37 51927
2 27 16231
28 41 27991
26 29 33036
20 47 32835
3 47 43344
24 39 44632
32 44 12403
21 40 11859
6 47 26457
12 38 53078
24 35 12495
22 25 23167
6 46 36686
3 9 66245
19 29 58619
7 32 49209
30 47 17521
11 17 37103
18 42 27822
9 20 17510
5 23 54899
32 42 65951
3 34 44238
11 46 59366
14 43 22938
20 45 13245
19 41 36461
14 19 26695
13 35 12789
13 19 67996
9 14 20764
30 49 31163
4 22 38130
36 45 43801
18 48 66141
8 39 23616
6 35 18432
10 27 68544
17 35 25475
20 35 47032
17 20 63764
1 12 27970
0 1 60199
37 47 30449
5 15 36358
6 10 48817
20 30 69659
32 36 43879
12 32 28062
1 47 39623
2 41 63532
11 27 12960
37 43 35573
21 43 37769
10 26 14468
13 43 48512
39 41 53158
33 45 40929
25 36 17349
20 38 68090
2 4 51068
4 26 28114
8 49 41395
5 14 19197
36 42 61915
11 39 37535
11 43 32813
39 49 22489
24 45 36079
35 38 60431
9 34 59521
26 46 29842
15 34 18401
12 47 49719
43 44 62435
27 46 44759
28 44 40678
8 16 62093
4 31 30780
8 35 10882
15 42 43858
10 12 36455
29 34 13842
42 48 69431
9 33 64224
6 45 30453
21 45 60085
5 11 59524
23 34 13525
33 34 67435
39 45 57613
26 32 54593
18 25 37691
11 28 29007
15 18 15932
24 26 29605
17 21 56543
12 34 38745
9 12 54237
24 32 34764
25 31 29175
5 36 55900
25 41 66749
8 43 49719
27 49 47761
1 19 59183
19 35 36620
11 16 30581
13 17 63418
7 22 57401
28 49 31463
7 13 37275
2 23 23855
16 39 47448
6 21 48849
21 32 30221
17 42 67901
8 38 38933
28 31 31888
0 16 23568
24 27 36367
27 29 19500
20 21 68161
20 43 64058
33 36 50651
20 33 14092
30 36 35805
19 28 49336
9 25 54980
8 29 32184
19 21 14099
33 35 14155
9 48 30226
8 24 22990
36 43 66017
5 46 67987
10 28 12173
19 43 32637
33 44 28567
4 43 17733
8 46 32180
33 48 62173
20 32 57152
1 29 46035
5 33 39620
37 38 36000
3 39 18398
5 16 49664
7 17 64933
9 26 40286
15 47 63232
38 43 43443
9 35 61930
2 47 61393
6 26 49643
23 43 42580
11 19 17627
0 26 27591
20 40 34058
1 44 62608
18 40 61918
12 22 50300
0 4 18905
24 37 22144
2 45 63290
24 30 14921
21 29 20130
35 41 17605
0 36 49701
3 28 50841
2 21 25339
35 36 11880
39 40 43013
41 43 12490
7 15 60058
3 24 12633
9 15 50633
26 30 20599
20 39 52297
10 16 45565
40 47 63028
13 24 57671
10 49 31150
47 48 54957
0 8 49063
23 45 10793
10 20 39679
21 35 68834
4 24 28384
12 49 63737
27 43 13583
12 16 20301
27 40 56179
3 14 22488
20 24 44588
8 10 49469
0 29 39552
16 33 54719
6 40 57074
6 13 31396
36 49 47702
15 22 24555
26 41 33276
23 38 20714
34 38 39188
0 18 35477
18 34 35490
10 47 19820
22 33 46076
1 4 29929
12 13 55386
14 40 39103
14 46 17600
4 41 16535
27 34 36203
8 32 68806
31 46 29471
18 21 18024
1 5 67639
0 25 59998
7 29 23904
30 34 11221
2 7 10299
22 45 10082
3 29 35852
35 37 57030
8 19 49551
15 24 17547
14 33 41748
20 26 48768
16 47 38943
7 40 31592
29 38 63323
9 44 14361
5 48 42307
10 29 32511
23 47 39838
15 39 19939
23 26 42331
9 49 28056
25 39 52012
7 34 39859
17 22 69303
25 33 11754
12 19 58538
12 44 35505
21 44 10559
10 33 18008
0 35 55672
3 10 20341
6 49 20149
7 26 69576
21 37 33705
22 40 32591
11 24 69659
30 40 11700
37 39 19620
15 32 49209
2 37 19247
31 36 51369
19 36 40119
26 45 48190
8 23 12960
32 39 33442
5 6 64694
11 49 57410
14 21 68096
21 27 34532
40 42 19492
13 18 52569
22 28 64731
0 39 61504
13 47 34571
30 42 64033
6 34 15400
8 45 23108
2 9 41680
43 48 15959
16 17 43259
15 21 27352
21 46 38443
19 44 53408
21 26 26927
6 36 14291
44 48 28141
4 7 38728
26 42 15991
2 26 37762
21 39 30080
46 47 37381
21 25 19130
40 45 60199
22 23 27713
14 26 34233
46 49 35783
15 29 22406
1 27 33786
29 48 33878
6 27 59081
20 44 55421
6 42 28590
23 33 53812
20 28 46924
2 31 53161
28 35 59987
43 47 64467
16 35 18411
13 34 31667
1 17 22568
17 37 63813
1 18 61162
38 45 51012
5 22 59364
11 29 18088
9 43 67446
32 43 17504
1 7 58960
30 38 13436
6 20 45266
12 20 19039
13 27 52960
19 33 66539
0 27 69238
19 20 10672
14 34 30772
14 45 35021
0 30 23078
4 32 66701
32 37 11041
41 45 24302
30 35 52121
2 40 29631
7 24 68114
5 10 41187
13 37 24934
23 41 58100
9 29 35653
10 24 33345
35 46 31909
31 34 48221
7 12 27158
32 46 23070
24 38 41375
22 31 28664
27 31 43302
6 19 38820
31 40 36168
11 45 32261
15 23 54399
27 47 11434
22 34 53443
2 29 37358
3 36 20115
19 32 64823
14 24 38030
25 29 40887
22 30 41986
21 36 63252
40 46 49730
13 36 43028
13 40 17553
3 31 31850
14 18 14801
7 9 27809
6 37 15179
31 49 29736
0 41 28051
13 28 52975
9 36 65224
7 42 49961
45 49 31196
22 42 34524
33 39 15173
6 9 14713
7 25 53188
7 11 60618
18 26 43534
44 45 31499
14 22 35021
3 49 27932
23 36 45076
27 38 18463
3 42 55291
7 38 55191
4 27 13286
1 16 35463
24 48 38221
1 21 45272
23 25 40857
9 13 17950
25 49 30442
8 11 60553
1 37 51944
3 45 35244
17 45 18361
9 22 57123
5 47 67123
7 27 48556
3 44 40098
26 48 14488
13 22 40659
35 40 13436
28 39 39013
1 8 57975
5 26 18149
0 34 34343
17 24 48593
14 25 63826
2 34 55842
33 37 13613
27 33 33901
6 33 30917
36 44 22077
39 44 31334
18 19 16108
21 28 25363
12 14 56797
13 49 44329
1 24 12777
7 21 39797
38 40 64422
32 35 33220
18 38 30349
14 37 46365
11 47 10606
21 38 50854
4 5 45631
5 40 67729
6 18 29409
30 33 27871
16 19 12216
42 43 12210
7 49 43450
9 17 53372
26 27 60185
18 49 63742
10 32 17715
12 46 38777
34 47 57568
23 44 63557
14 17 42391
12 48 21468
28 33 36617
27 36 66611
17 44 42802
25 48 54868
44 47 34116
29 43 41741
26 36 29196
36 48 36893
28 30 11537
17 32 35760
4 10 12255
35 43 31887
12 31 12125
18 35 12861
4 35 12740
8 15 59899
21 22 22732
11 13 44292
31 42 17769
0 40 24949
2 19 46502
13 16 51219
8 40 68321
9 18 48829
15 44 44960
3 8 28178
31 33 29749
12 27 44670
5 34 33878
11 42 14282
19 38 56138
36 47 60495
5 7 10892
3 43 41082
45 47 45362
16 40 47151
0 46 12823
11 35 16700
18 46 14043
5 42 14360
22 29 54603
2 25 28442
13 31 36247
15 49 56728
37 41 31303
7 18 51130
9 24 46626
10 45 44036
20 27 37564
24 46 66538
31 32 11127
26 35 26208
18 28 59899
35 44 21590
29 37 65038
1 34 47002
6 16 39769
8 9 24786
17 47 21671
19 39 63647
5 32 29068
10 19 67810
0 2 66284
1 23 42103
10 34 51034
38 42 53788
27 44 19253
25 26 53857
3 19 12630
8 47 35439
26 49 58218
23 49 57233
4 28 53881
8 28 36607
5 35 56104
42 44 15184
3 38 29880
41 44 44872
15 46 61363
4 14 57444
8 25 41410
9 40 62490
20 41 25795
9 39 43451
4 42 14079
2 8 20832
0 31 20452
23 30 55991
1 22 47761
27 30 32124
17 36 49637
32 49 18971
21 48 42076
20 34 58063
17 29 63217
33 40 23109
19 30 41850
24 34 12469
0 12 66967
11 30 56623
7 41 50051
30 32 67327
5 8 43856
11 32 33932
16 36 46076
7 31 29959
15 36 51259
12 37 65956
9 19 64831
5 39 42621
4 21 65543
42 47 48383
28 48 47253
3 32 21337
0 21 21834
29 39 63475
12 29 32169
9 10 44429
11 37 49466
34 39 22072
18 20 66553
24 42 41245
28 37 43186
33 49 50771
11 44 29308
30 31 36402
25 43 16023
14 20 13300
11 40 38871
7 28 25132
0 17 59924
10 14 18921
12 35 22458
1 33 33779
20 22 54996
12 45 58534
0 45 65881
8 26 48397
14 36 66633
22 41 12853
6 43 21017
6 28 62175
0 24 63380
16 27 10412
4 8 13511
25 37 27356
41 42 63888
26 40 47823
15 28 61785
16 41 55496
3 26 59895
12 30 10480
28 42 26740
2 22 33080
7 23 51251
7 47 58191
2 6 59482
26 28 69417
1 13 61492
23 24 40495
8 21 24548
9 11 51415
11 20 61559
12 18 37006
5 29 27336
38 46 58698
24 44 37683
3 23 23216
43 46 37094
15 31 34315
13 39 38212
28 32 60255
10 42 26489
34 40 31591
39 42 60667
1 3 42143
35 39 48947
4 36 66697
26 44 19965
8 13 40732
43 45 52192
4 40 22002
13 15 53355
0 44 68933
27 37 45082
24 33 46748
