50 50 996
25000 25000 25000 25000 25000 25000 25000 25000 25000 25000 25000 25000 25000 25000 25000 25000 25000 25000 25000 25000 25000 25000 0 25000 25000 25000 25000 25000 25000 25000 25000 25000 25000 25000 25000 25000 25000 25000 25000 25000 25000 25000 25000 25000 25000 25000 25000 25000 25000 25000
2609 3292 6739 8933 6803 5984 10355 7650 8084 4246 5219 5776 6641 7816 4374 3847 5033 6429 6719 3660 7358 5396 5219 8345 4182 6387 7391 5542 5038 10349 6400 5558 6051 9568 3792 4898 9064 7159 11178 8697 4781 6033 6661 5299 8845 11656 9977 5301 8663 3947

2368 1148 3204 4509 4028 2752 5457 3845 4791 2504 2396 2628 3220 3859 1838 2266 2285 3117 3299 2596 3680 2582 2296 4205 1779 2994 5115 2491 2189 5399 3046 2499 2838 4940 1446 2351 4642 3507 6634 4369 2035 2890 3943 2607 5984 6919 5919 3574 4385 1538

38119 28711 4914 17161 44553 7030 26409 19622 50450 35490 13876 9147 14977 9987 21848 35330 20546 15111 25670 37312 29954 23679 9828 13734 19303 6568 57472 8895 11180 22957 12390 7341 15489 21294 21806 22713 18992 16657 67393 15523 12297 23856 48568 27686 66066 66973 59161 44864 16203 22621

94158 75406 32372 11548 94124 35112 29982 21024 105322 79267 29681 21275 20071 28595 64292 80186 47630 25921 53179 95094 61702 69206 23096 42165 48700 24701 135170 25118 40527 60515 47246 30416 52911 19804 61669 53847 15191 17163 141838 16712 34762 49569 105288 76944 142841 137025 121516 110118 12183 58878

1432 1277 1715 1883 566 1580 2152 1577 838 876 1061 1250 1363 1923 1524 955 1016 1318 949 1655 814 1789 1133 2087 1015 1583 2005 1269 1379 2512 1815 1381 1823 2008 1383 947 1901 1497 1685 1925 1108 908 1169 1798 2040 1600 1240 2003 1836 1237

29389 21549 6421 15994 35203 3514 23701 16197 40108 27663 10383 7483 12332 10627 15840 27251 15232 12444 20193 28704 23757 17769 7029 12654 13919 6260 45474 6253 6966 20326 9090 4947 10956 19446 15805 17035 17517 13730 54202 15093 8371 18684 38375 21102 52622 53852 47354 34986 15197 16483

181956 151443 81972 45118 179349 86890 28499 43134 199791 153664 65767 58805 48555 75277 138615 155294 97584 53176 107361 187467 122469 147325 56998 99391 102384 68433 259515 65619 96429 131920 108338 78565 118381 37594 126439 108605 40319 50569 262507 54213 78328 100962 199791 160389 266358 256048 228497 214099 46244 120958

70158 56137 33391 20160 68960 32030 26544 6370 78353 57158 16770 13571 8861 34044 51550 57907 31390 10985 35882 72690 42824 57376 12741 45125 33595 25346 105796 16702 32220 60071 42892 24339 46527 21820 44649 36454 21085 12128 107171 24366 22542 32942 78353 60248 108940 104203 91544 84928 20704 42130

1719 1555 2020 2186 797 1877 2480 1869 697 1127 1324 1525 1646 2242 1817 1211 1359 1593 1205 1956 1061 2099 1395 2416 1275 1880 1940 1538 1663 2869 2127 1665 2135 2327 1668 1203 2218 1789 1599 2239 1374 1156 1050 2109 1977 1509 1125 2149 2144 1511

1038 879 1459 1709 1024 1320 1995 1402 1305 464 869 1050 1181 1674 1133 546 738 1134 1066 1268 1206 1406 928 1875 768 1323 1950 999 1145 2314 1562 1115 1500 1846 988 667 1736 1318 1983 1748 832 916 1087 1416 1986 2088 1720 1628 1668 837

282030 211282 141015 156813 275986 123980 205925 104130 324205 216434 12638 46089 66146 165880 198300 220212 86408 58178 109075 294806 144106 241573 25277 212999 97536 105504 461992 48149 106122 288418 178793 81738 185456 180442 162789 111960 161484 89774 468792 165811 55499 94239 323380 245901 477721 453818 389938 356556 149807 140603

50691 38013 17684 20961 51754 16554 32069 15322 59686 41572 8429 1231 9073 20938 32781 41335 20566 9254 24295 52228 30058 37595 2463 29549 19775 11074 79235 3830 16712 41956 25571 10170 28589 26227 28724 24385 23131 11333 83247 20927 10350 21854 59166 41335 84557 81009 70500 62387 19673 26656

87703 68425 38207 29484 86090 36375 42477 15319 98955 70203 15832 11526 5185 43485 62653 71210 35513 11563 41561 91111 50906 70496 10371 57448 38482 27377 135275 15741 36631 77569 50998 26021 55891 35788 53362 42330 30731 11599 137529 32581 23565 37602 98735 74362 139911 133534 116492 107586 27615 49972

8994 7014 1953 3076 10270 2400 5044 4089 11525 8342 3428 2289 3530 1217 5553 8308 5162 3558 5938 8844 6878 5947 2434 2672 4897 1741 13134 2275 3283 4634 3544 2352 4204 3955 5544 5623 3465 3423 15131 2520 3406 5551 11125 6799 14963 15041 13379 10451 2868 5718

22109 13806 17181 27575 34163 13983 36054 25399 39559 23393 16297 15828 21148 21809 7310 21709 15513 20779 22678 21463 25368 12569 14621 24038 11931 16866 39913 14091 11169 32479 15843 13360 14375 31372 9640 15974 29250 22701 52897 26598 12776 19787 33563 13114 48346 54681 47531 28374 26698 11815

16807 14001 25640 30561 19556 22905 35602 25154 24505 9679 15763 18421 21255 29433 18478 8135 13451 20437 19232 20868 21699 23300 16271 32126 12619 23236 35094 17533 19253 39867 26303 19556 24957 32986 15933 12196 31041 23680 36455 30709 14579 16581 19881 23476 36497 38302 31816 27205 29842 13261

10299 7390 7031 8472 10011 6048 10492 6305 12559 6963 2542 3918 4743 8551 6856 7119 1531 4415 4164 10825 5152 8788 3062 9992 2712 6068 17458 3782 5031 13093 7754 4593 8294 9443 5401 2666 8664 5714 17692 8842 2599 3101 11362 8989 17709 17551 14924 13365 8184 4483

175305 136474 78453 73100 171987 74683 92515 36644 198000 139301 27445 23562 23034 89311 126332 141375 67935 11423 80376 182317 99603 144881 22846 118038 74042 56173 274079 32233 75211 159433 104768 53383 114834 79433 107218 81959 75663 36305 280374 79396 45918 72233 198000 150423 282712 269592 234531 216209 69254 97680

14104 10872 9452 10186 10309 8668 12441 7754 12529 10040 3542 5082 6005 10597 10274 10214 4313 5638 2061 14718 4237 12438 4123 12767 5635 7817 21789 5177 8073 16239 11122 6723 11726 11267 8646 5230 10401 7099 19186 10594 5350 2795 14964 12662 22071 18497 15556 17561 9863 7618

4719 4738 8597 11897 10320 7583 14113 10500 12031 6905 7254 7875 9152 10064 5467 6371 7005 8870 9277 3656 10130 6729 7312 10878 5869 8497 9506 7622 6695 13554 8172 7390 7707 13238 5406 7151 12428 9845 15675 11583 6547 8360 10130 5845 12180 16314 14559 5847 11614 5613

2204 1718 1581 1691 1302 1463 2030 1326 1635 1593 693 924 1063 1760 1628 1619 733 1008 555 2296 390 1953 780 2079 931 1335 3066 939 1298 2600 1756 1171 1846 1853 1384 871 1722 1227 2673 1752 889 505 2041 1987 3108 2532 2090 2723 1643 1229

33087 23443 23170 37575 50155 19559 48702 36072 57236 36022 26166 23493 30494 29263 14919 33813 25682 30655 35084 31815 38614 11166 22333 29102 20982 23524 56025 21214 17380 40178 17905 20255 15978 42538 17975 26288 39775 32512 74738 35911 21002 31291 49368 15978 67091 77038 67697 40884 36405 20830

29547 21819 12087 14277 30208 10393 19877 9670 34960 23989 3801 2252 5847 14071 19650 23844 11199 6260 13471 30993 16984 22873 0 19319 10703 8017 46945 2293 10145 26881 15889 6157 17728 16757 16158 13513 14856 7665 50147 14257 4959 11984 34713 24051 50189 48040 41634 36675 13492 14897

19258 15154 4883 8660 22473 5240 12851 10822 25140 18677 8930 6798 9435 4715 11943 18148 11947 9496 14265 19106 16203 11616 7106 3553 10898 5631 28226 6684 7117 7725 6509 5973 7911 10537 11924 12593 9496 9405 33421 7486 7881 13444 24198 13429 31946 32615 29081 22522 8227 12293

32600 22120 24063 31410 36263 20115 39682 24603 43406 26098 11050 13644 18976 29538 20197 24684 10012 17796 19495 34493 23056 27157 10541 33424 5270 20594 59259 12362 14845 44597 26668 15282 26495 35297 14936 10622 32488 21866 64743 31379 8099 15669 41636 27879 64804 63420 53958 43640 30250 11650

19133 14415 4124 7502 21736 4258 12148 8180 24693 17191 5611 2952 5851 5337 11613 17111 9697 5918 11525 19369 13673 12852 3268 8547 9073 1634 29479 2801 5623 13172 7620 3075 8745 9583 10952 10784 8420 6693 33190 6967 5560 10615 23935 14794 33148 32667 28750 23156 7022 11361

175156 190444 281463 355282 238383 258749 406770 325852 225170 205569 253234 264755 294457 314332 211356 210756 242970 289434 287742 170788 273327 239639 248102 332568 222222 279224 124051 257875 238875 392519 271962 254436 261534 380835 205405 233251 365874 308872 262243 348348 234998 267212 177231 219819 183947 276549 279934 151733 352989 210046

31417 23339 11056 15023 33379 9282 22113 11424 38298 25597 5582 2430 7436 13292 19279 25460 12766 7551 15708 32571 19387 22351 1601 18629 11698 6794 49650 800 9022 26549 15038 4846 16963 18384 18146 14626 16408 8878 52990 15002 5683 14150 36827 24738 53033 52629 45921 39055 14201 16091

22292 15532 8585 15815 27305 6079 22449 14122 31534 21286 7458 6609 10790 12212 11525 20448 11037 10887 16351 22629 18460 14092 5916 13959 8953 7422 37089 5247 2958 20575 9380 4675 9917 18779 10579 12122 17129 11995 44699 15038 5121 14086 30040 16086 42325 43386 37782 28046 15128 11164

35887 29205 12480 18630 41122 13061 25455 22151 45465 34940 19069 15598 19892 12207 23976 34080 23982 19991 27757 35640 30912 23444 16099 10314 22275 13699 50490 15413 16118 8049 15128 14256 17411 21687 23945 25034 19991 19843 58502 16718 17362 26420 43931 26395 56547 57636 51882 41202 17925 24545

12035 8916 3727 7937 15528 2988 11116 8229 17556 12413 5826 4628 6632 5471 6476 11884 7270 6678 9817 11792 10828 6101 4440 5425 6843 4123 18722 4120 3693 8596 2220 3580 3285 9358 7288 8021 8567 7210 23593 7374 4435 8731 16331 7478 21757 23235 20550 14388 7608 8162

16816 12300 4673 8907 19038 3674 13346 7880 21863 14695 4330 2861 5655 6838 9623 14610 7526 5719 9982 17041 12034 11338 2398 8891 6931 3300 26701 1952 3900 13310 6886 1199 7961 10895 8991 8573 9784 6460 29982 8388 3574 9112 21992 12670 30199 29780 26037 20660 8448 9382

33291 24043 13451 25678 45466 10386 35106 25927 51477 34720 17347 15249 21192 18623 16808 32845 22433 21329 29985 32571 32982 15695 14693 18486 19385 13751 53121 13742 10951 27888 8982 12141 7346 30148 19402 23889 27802 22904 67566 24266 14025 26766 46032 19779 62514 69570 61607 40269 24685 21808

946126 772783 372672 171891 941607 399465 229188 203364 1052973 801673 322800 261306 229995 336196 681269 810550 496143 258078 549405 987768 631719 728398 261790 467575 512606 298912 1361570 298428 451435 644793 516318 354111 575875 130895 640112 556184 145421 201588 1394657 221440 377998 514543 1052973 803126 1415639 1359472 1209370 1121245 178024 610899

11074 6516 9745 14620 17265 8055 18070 12049 20125 11582 7198 7592 9802 12191 5780 10692 6792 9607 10578 11927 12000 8559 6353 13369 4891 8961 21336 7495 5951 17830 10200 7109 9514 16229 3176 7028 15116 10875 27174 14096 5378 9051 16956 8848 24582 28075 24330 15579 14222 4326

15829 11730 12055 14909 14887 10463 18181 11400 18098 9950 5307 7379 8870 14516 10865 10202 3806 8340 7557 17293 9159 13994 5984 16447 4154 10495 26946 6793 8459 21470 13235 8116 13697 16483 8500 2992 15221 10444 27326 15353 4886 5837 17073 14319 27353 27097 22842 21406 14443 7022

260549 211357 97602 40426 259264 105128 73603 59561 291477 219479 83331 65940 56946 87232 185247 222003 132614 73007 147849 269818 171160 198738 65986 124584 137295 76540 378755 76494 119995 174969 138442 92233 155375 45566 173638 149685 32993 48961 388070 54606 99025 137846 290926 219984 394035 378067 335391 310337 42170 165240

137814 108160 60774 37261 137095 58008 63568 27330 156514 113056 30982 20497 15076 61549 97731 114578 60691 24757 69875 142959 83983 109515 20525 84066 63513 44425 209073 26860 58395 114439 80082 42378 87468 46721 85421 70981 39142 10262 214743 41936 40442 63900 156127 117123 218284 208713 182987 167828 34439 80359

45190 41683 54470 59493 29821 51403 65177 52117 27688 32544 40378 44494 47243 59211 47631 34351 38581 46820 37823 48504 35461 53659 42775 64357 39250 51465 40960 44335 48318 73399 57395 46882 55712 61907 44450 37012 59475 50292 21387 60630 40660 36889 30385 54285 34060 23696 24243 45428 59070 41092

22574 17974 7146 4104 23542 8089 8618 6428 26371 19848 7822 5211 5621 5744 15256 19762 12226 7047 13579 22804 15670 16305 5658 9081 11939 5543 32644 6154 9417 13583 10795 6937 12308 6121 14604 13612 4997 4907 35329 2829 8519 12693 26231 18261 35444 34157 30344 26490 3636 14436

80057 56481 38011 53182 85773 30699 70728 39587 100523 63100 15801 16494 27925 49316 49862 62659 25677 26917 44210 82915 51564 61965 10086 58183 22567 30846 133135 13847 23134 81255 43390 19877 47404 61209 39209 31140 55409 33472 142906 53119 5043 36309 95817 63289 143032 141855 122313 103360 50787 35364

58028 43758 39723 42962 45043 36260 52917 32225 54677 40086 13627 20427 24504 44777 41119 40854 14800 22884 13348 60736 18235 50669 16196 54356 20636 32504 91957 20846 31401 69686 44861 27673 47528 47737 33928 18849 43884 29335 84235 44763 19379 8098 61825 51661 93199 81191 68206 73289 41538 29391

11687 10319 16111 18256 9625 14832 20714 15620 8793 7559 11041 12598 13719 17960 12502 7885 9913 13320 12732 13667 11825 14853 11550 19329 10071 15090 13193 12158 13052 23103 16310 14031 15654 19439 11261 9301 18490 14901 14420 18590 10725 11440 5775 15097 13994 15320 12357 14935 17905 9951

19812 14312 16981 25818 30875 14743 32575 23312 35262 22118 16250 16268 19856 20756 9331 20750 16000 19556 21825 17087 24012 9543 14550 20656 13087 17100 32087 14856 12481 27518 13718 14262 12525 28893 11225 16375 27181 21506 46393 24875 13050 19475 30675 7275 38943 47856 42043 22706 25093 12993

107792 115691 168663 190737 120397 157010 210766 169251 113618 103562 131938 144628 153760 185526 134768 109304 122750 150511 145721 113954 138325 149278 136084 193650 124879 163256 89976 141042 142499 224408 164573 150483 160511 200373 123367 117764 192641 163396 108212 193454 129361 135188 93057 139110 68042 115551 117288 104178 187935 125748

50320 46673 57109 60151 29943 53921 66703 53124 27725 37172 40919 45381 48057 62039 52583 39050 40589 46994 38262 53765 35074 58814 42605 65905 40553 53307 45922 46572 49175 75966 59473 49220 61003 63303 49184 38958 60774 51227 25572 61352 42752 37291 34927 59519 38748 21302 24143 50567 59235 45803

13547 12443 15576 16502 7348 14610 18481 14368 6676 9565 10672 12024 12834 17069 14205 10134 10572 12512 9867 15145 8902 16103 11183 18240 10561 14424 14940 12384 13172 21287 16292 13186 16755 17451 13197 10078 16686 13794 8777 16860 11227 9573 9046 16305 12767 8172 5591 17640 16219 12151

1568 1572 2542 3371 2975 2287 3928 3020 3140 2117 2205 2361 2682 2911 1756 1983 2142 2611 2713 1300 2927 2073 2174 3115 1857 2517 2006 2297 2064 3788 2435 2239 2318 3664 1740 2179 3495 2856 3556 3292 2072 2483 2603 1850 2678 3717 4040 1087 3300 1792

101089 81178 34056 14036 101528 37057 34221 24448 114155 85625 31329 21905 20807 29883 69009 86632 50983 27212 57059 102699 66392 74352 23899 44780 51935 25656 147937 26114 42986 64873 50343 31915 56510 23076 66429 57791 18025 17622 155129 16909 36673 53106 114118 82825 155275 148907 131888 119151 11949 63080

7969 4856 7095 9693 10916 5941 11999 7886 12864 7029 4190 4847 6351 8766 4903 6421 3907 6030 6493 8552 7464 6801 4001 9570 2614 6560 14979 4498 4503 12617 7978 5294 7448 10753 3124 4073 9987 7090 17673 9684 3335 5450 10694 6998 17196 18323 15742 11047 9376 2000

0 2 52274
0 3 35363
0 4 30025
0 5 47028
0 6 50544
0 7 68714
0 8 61403
0 9 12902
0 10 65401
0 11 21717
0 12 53968
0 14 28718
0 15 23882
0 16 40820
0 18 64904
0 19 26699
0 20 48794
0 22 25822
0 23 45879
0 24 53175
0 26 47942
0 27 42472
0 28 27247
0 31 54821
0 32 66286
0 33 35754
0 35 51737
0 36 53572
0 38 50191
0 39 32507
0 40 20961
0 41 21406
0 42 36496
0 43 40973
0 44 64700
0 46 58299
0 48 35867
0 49 38305
1 2 36656
1 3 23863
1 4 58500
1 5 45248
1 6 62377
1 7 69985
1 8 60966
1 9 68206
1 10 40741
1 12 11714
1 13 21378
1 14 29626
1 15 51852
1 16 11896
1 17 50716
1 18 40020
1 19 24264
1 20 45980
1 21 66944
1 22 59588
1 24 50825
1 25 14462
1 26 28426
1 27 26438
1 28 23270
1 29 56482
1 30 27909
1 31 22986
1 32 58056
1 33 21036
1 34 32723
1 35 25426
1 36 20848
1 39 48577
1 40 55189
1 41 56154
1 42 21138
1 43 47559
1 44 26036
1 45 35859
1 46 68316
1 47 58678
1 48 24089
1 49 14005
2 5 46346
2 6 57501
2 7 28662
2 9 67240
2 10 23113
2 11 67824
2 12 50485
2 13 63029
2 15 30210
2 17 64878
2 18 32342
2 20 21780
2 21 32314
2 22 23267
2 24 10768
2 25 24363
2 26 36482
2 27 27656
2 28 27302
2 29 65065
2 30 64237
2 31 28554
2 32 31008
2 34 25887
2 35 31389
2 36 17354
2 38 39668
2 39 44578
2 40 17601
2 41 13238
2 43 16072
2 44 45340
2 45 49927
2 46 27084
2 47 55058
2 49 20441
3 4 11448
3 5 64778
3 6 40877
3 8 50398
3 9 47692
3 10 59086
3 11 33548
3 13 31865
3 14 14386
3 15 63810
3 16 58065
3 18 48484
3 19 11373
3 20 62835
3 21 22553
3 22 45042
3 23 43201
3 25 23599
3 26 45293
3 28 64017
3 29 55324
3 30 61312
3 31 66718
3 32 67603
3 33 10219
3 34 52967
3 35 10980
3 38 10956
3 39 66138
3 40 61938
3 42 59538
3 43 58746
3 44 35189
3 45 28849
3 47 57533
3 48 68755
3 49 44455
4 5 30080
4 6 37649
4 7 23378
4 8 10091
4 9 32444
4 10 64605
4 11 59749
4 13 53043
4 14 29917
4 15 47265
4 16 51427
4 17 26095
4 18 66351
4 19 21495
4 20 59203
4 21 23386
4 23 62785
4 25 62876
4 26 49280
4 31 21192
4 32 69433
4 35 62568
4 36 31868
4 39 46115
4 40 45174
4 42 58560
4 44 51346
4 45 16121
4 46 31362
4 47 50850
4 48 42319
5 6 53512
5 7 54604
5 8 25151
5 9 53541
5 10 65875
5 11 23163
5 12 27375
5 13 35621
5 14 41113
5 16 66750
5 17 46457
5 18 52454
5 19 34624
5 20 65990
5 21 34178
5 22 26808
5 24 17781
5 25 46124
5 27 18352
5 28 50574
5 29 59959
5 30 34420
5 31 64427
5 32 16304
5 33 56833
5 35 15639
5 36 65025
5 37 59274
5 38 39473
5 40 43946
5 41 62911
5 42 31381
5 43 67332
5 45 24258
5 47 11219
5 48 51189
6 7 57493
6 8 41090
6 9 63577
6 10 69890
6 11 28376
6 14 65951
6 15 44500
6 16 54020
6 17 12589
6 18 48105
6 19 20480
6 20 23558
6 21 39935
6 22 57502
6 24 21347
6 25 44562
6 26 28686
6 30 53361
6 31 52926
6 32 14378
6 33 66872
6 34 68199
6 35 39357
6 36 54487
6 37 38668
6 38 56150
6 39 27259
6 40 10537
6 41 67703
6 42 65293
6 43 30685
6 44 19854
6 45 11660
6 46 40299
6 48 44677
6 49 28456
7 8 46564
7 9 38786
7 10 48757
7 11 64241
7 12 41125
7 13 40414
7 14 16086
7 15 25185
7 16 56438
7 18 52078
7 19 32151
7 21 62450
7 23 13480
7 24 36655
7 26 30924
7 27 31531
7 28 63022
7 29 35540
7 30 31321
7 32 37407
7 33 43166
7 34 56241
7 35 26965
7 36 67409
7 38 30376
7 39 39440
7 40 57751
7 42 37012
7 43 62507
7 44 65379
7 45 38080
7 46 64080
7 47 18825
7 48 56561
7 49 59837
8 9 34428
8 10 46439
8 11 50750
8 13 15512
8 14 51134
8 15 69152
8 16 10138
8 17 42250
8 18 33242
8 19 39365
8 20 45389
8 21 32215
8 23 58601
8 25 24791
8 26 49059
8 28 66805
8 29 43249
8 31 13826
8 32 11140
8 33 62744
8 35 34994
8 37 18655
8 38 11442
8 39 67852
8 40 34365
8 41 58610
8 43 49753
8 44 39939
8 45 23608
8 46 37650
8 48 63838
9 10 64979
9 11 12423
9 12 62783
9 14 12443
9 15 35210
9 16 42821
9 17 13894
9 18 45664
9 19 11137
9 20 18610
9 21 42836
9 22 38953
9 24 62163
9 25 59778
9 26 41432
9 27 48268
9 28 63719
9 29 47626
9 30 56199
9 31 25861
9 33 61627
9 34 42762
9 35 69186
9 36 63837
9 40 64549
9 42 33064
9 43 31803
9 44 18496
9 45 19587
9 47 26991
9 48 13633
9 49 56381
10 11 39626
10 12 57474
10 13 28367
10 14 45495
10 15 54955
10 16 27862
10 17 65729
10 18 13291
10 19 58180
10 20 12261
10 21 35203
10 22 62735
10 23 20860
10 26 35621
10 27 33044
10 28 58577
10 30 53297
10 32 45563
10 33 25750
10 34 57275
10 35 28542
10 36 61937
10 37 53625
10 38 36222
10 39 62075
10 40 39089
10 42 55679
10 43 29712
10 44 63177
10 45 23581
10 46 21924
10 48 41679
10 49 27330
11 12 48571
11 14 43465
11 15 13550
11 16 61501
11 17 29114
11 18 36176
11 19 52123
11 20 18514
11 21 21949
11 23 15126
11 24 29091
11 25 54167
11 26 25912
11 27 47467
11 28 25979
11 29 24199
11 30 35856
11 31 17495
11 32 23577
11 33 47862
11 34 54124
11 37 23503
11 38 11537
11 39 28400
11 40 60325
11 41 50892
11 43 66804
11 44 53632
11 46 46023
11 47 56614
11 48 52673
11 49 43331
12 14 57545
12 15 66182
12 16 30653
12 17 16037
12 18 33660
12 20 53027
12 21 28491
12 22 11642
12 23 30724
12 24 54641
12 25 33706
12 26 57721
12 27 45247
12 28 27134
12 30 15544
12 32 48078
12 33 21920
12 34 41047
12 36 41519
12 38 68668
12 39 17160
12 40 55963
12 41 14995
12 42 65007
12 43 13973
12 45 25572
12 46 31565
12 47 51528
12 48 42978
13 14 67988
13 15 51739
13 17 51952
13 18 32048
13 19 45574
13 20 18704
13 21 15669
13 22 63584
13 23 41596
13 27 18523
13 28 34633
13 29 44383
13 31 53530
13 32 26345
13 33 14076
13 34 10183
13 35 68638
13 37 20564
13 38 42628
13 39 57608
13 40 26385
13 41 27165
13 42 63185
13 43 64443
13 44 47049
13 45 57087
13 47 15444
13 48 55859
13 49 34968
14 15 29873
14 17 64863
14 18 22592
14 20 55221
14 21 39634
14 22 67318
14 23 57955
14 25 18500
14 26 47466
14 27 61268
14 28 56038
14 29 52701
14 30 59705
14 31 65025
14 32 47067
14 34 41930
14 35 27253
14 36 12292
14 37 64642
14 38 43264
14 39 24499
14 40 27006
14 42 46495
14 43 14325
14 44 14979
14 46 57680
14 48 38522
15 17 21975
15 18 23871
15 19 45575
15 20 57237
15 21 68575
15 22 34018
15 23 20014
15 24 17543
15 25 14013
15 26 37993
15 27 10857
15 29 42467
15 30 18179
15 31 11880
15 32 53795
15 33 58304
15 34 67693
15 35 24044
15 36 54134
15 37 46553
15 38 62463
15 39 36016
15 40 57337
15 42 17727
15 43 25461
15 44 49958
15 47 21399
15 48 48843
15 49 54038
16 17 69680
16 18 43062
16 19 10199
16 20 63416
16 23 67460
16 24 45435
16 25 24724
16 26 28636
16 27 55059
16 28 53740
16 30 47496
16 31 35068
16 32 63528
16 34 62545
16 35 17933
16 37 18132
16 38 48823
16 39 10593
16 40 56942
16 41 10029
16 43 24455
16 44 27860
16 46 11600
16 47 40266
16 48 25569
16 49 50483
17 18 54483
17 19 47995
17 20 20194
17 21 28719
17 22 62954
17 23 17808
17 24 32137
17 25 44232
17 26 15909
17 28 22057
17 29 58840
17 30 59102
17 31 45272
17 33 53311
17 34 37096
17 35 33647
17 36 11107
17 37 31399
17 38 38519
17 39 63722
17 42 53781
17 43 24377
17 45 13702
17 46 58331
17 47 29458
17 48 28620
17 49 51984
18 19 24394
18 20 13715
18 21 37017
18 22 29648
18 23 52910
18 24 52081
18 25 19549
18 26 40572
18 27 61246
18 28 62489
18 29 48943
18 30 18093
18 32 13903
18 33 17355
18 34 45748
18 35 35732
18 36 57688
18 37 52487
18 38 26625
18 40 42453
18 41 35725
18 42 19244
18 43 30115
18 44 44411
18 46 23354
18 48 26981
18 49 52481
19 20 51238
19 21 20142
19 22 65903
19 23 59252
19 24 18100
19 25 43153
19 26 36913
19 27 28633
19 28 10313
19 29 35288
19 30 14719
19 31 55736
19 32 59405
19 33 23781
19 35 42614
19 36 32359
19 37 13627
19 40 59527
19 41 23693
19 42 58369
19 43 37597
19 45 30235
19 46 27057
19 48 31776
19 49 35861
20 21 20980
20 22 57113
20 23 47867
20 24 57204
20 25 32512
20 26 46853
20 27 66424
20 28 46416
20 30 11137
20 31 41013
20 32 63492
20 33 24810
20 34 23124
20 36 21050
20 37 52009
20 38 40247
20 39 38453
20 40 11553
20 41 31044
20 42 52841
20 43 67969
20 44 46982
20 45 35734
20 46 21875
20 47 57763
20 49 25363
21 22 56791
21 23 52142
21 24 62242
21 25 23830
21 26 55891
21 27 29078
21 28 67210
21 29 14106
21 30 63928
21 31 41949
21 32 61689
21 33 45279
21 34 64561
21 35 66202
21 37 57918
21 38 51062
21 39 66307
21 40 31351
21 41 13065
21 42 44194
21 43 17406
21 44 42283
21 45 55009
21 46 22422
21 47 48212
21 48 61406
22 23 69846
22 24 25276
22 25 28770
22 26 66670
22 27 60610
22 28 39242
22 29 33483
22 31 21811
22 32 51632
22 33 18995
22 34 24063
22 35 30178
22 36 40073
22 37 34804
22 38 41993
22 39 44030
22 41 16430
22 42 33228
22 44 23838
22 45 67456
22 47 25002
22 48 50528
22 49 28226
23 24 25736
23 25 60160
23 27 62997
23 28 49767
23 29 60350
23 30 62557
23 31 21917
23 32 17163
23 33 39465
23 34 69058
23 35 61849
23 37 66917
23 38 59934
23 40 18161
23 41 56698
23 42 50055
23 44 19405
23 45 47798
23 46 62012
23 47 66116
23 48 47827
23 49 69908
24 25 18171
24 26 54081
24 27 24725
24 28 27519
24 29 14816
24 30 35440
24 31 25615
24 32 32477
24 33 41742
24 34 16653
24 35 43282
24 36 31058
24 37 44010
24 38 40744
24 39 42233
24 40 43213
24 41 39880
24 42 30936
24 45 42599
24 46 55909
24 48 47876
24 49 36371
25 26 20525
25 28 38024
25 30 59083
25 31 34318
25 32 26369
25 33 61195
25 34 55722
25 36 49369
25 37 60562
25 38 53695
25 39 64431
25 40 20257
25 41 53833
25 42 34696
25 43 33212
25 45 61237
25 46 60143
25 47 14995
25 48 45634
25 49 36970
26 27 67441
26 29 37046
26 30 62724
26 31 41081
26 32 27121
26 33 65079
26 34 33838
26 35 50066
26 36 31948
26 37 10279
26 38 40867
26 39 58279
26 40 34644
26 41 45877
26 42 39711
26 43 29801
26 44 12895
26 45 33521
26 46 50807
26 47 31094
26 48 30116
26 49 11659
27 28 65086
27 29 31545
27 30 67707
27 31 61521
27 32 27825
27 33 15170
27 34 52541
27 37 66458
27 40 46885
27 41 17676
27 43 38770
27 44 68305
27 46 64964
27 48 26509
28 29 24686
28 31 18863
28 32 54922
28 33 69983
28 34 55218
28 36 68905
28 38 45790
28 39 64866
28 40 27725
28 41 68160
28 44 20995
28 46 13856
28 47 50085
28 48 11428
28 49 13758
29 30 14759
29 31 65206
29 32 63013
29 33 28565
29 34 38800
29 36 54688
29 37 20248
29 39 18408
29 41 59256
29 44 32352
29 45 20954
29 46 47482
29 47 67356
29 48 21902
29 49 37911
30 31 44517
30 32 23901
30 33 63209
30 34 16848
30 39 11856
30 40 29137
30 41 16307
30 42 68333
30 44 19288
30 45 18589
30 46 65966
30 47 38334
30 48 19205
30 49 45634
31 32 23922
31 33 13176
31 34 31622
31 35 40209
31 36 44088
31 38 68252
31 39 30744
31 40 27993
31 41 55922
31 43 18179
31 45 14145
31 47 51615
31 48 35856
31 49 68154
32 33 18375
32 34 59710
32 35 28755
32 36 31421
32 37 10074
32 38 37448
32 39 58148
32 41 53578
32 43 34647
32 44 37796
32 46 16778
32 47 10925
32 48 60192
32 49 39472
33 34 49254
33 35 66033
33 36 35909
33 37 53377
33 38 15083
33 39 45257
33 41 29968
33 42 28860
33 43 61917
33 44 39414
33 45 52008
33 46 12844
33 47 12353
33 48 42887
33 49 13634
34 35 22485
34 37 44441
34 38 50252
34 39 54507
34 40 14952
34 41 59785
34 42 26085
34 43 32742
34 44 13512
34 45 22452
34 46 34609
34 47 12422
34 48 49881
35 37 26570
35 38 11950
35 39 17350
35 40 63111
35 41 16914
35 42 55641
35 44 21778
35 45 36172
35 49 43796
36 38 68405
36 39 51590
36 40 49073
36 42 38538
36 43 64362
36 45 48064
36 46 30621
36 47 49203
36 48 57660
37 38 45791
37 39 33555
37 41 66413
37 42 54512
37 44 29270
37 45 45864
37 46 42693
37 47 69939
37 49 40653
38 40 18718
38 41 65026
38 42 42267
38 43 44749
38 44 37001
38 45 29210
38 46 56057
38 48 34811
38 49 27750
39 40 20061
39 41 41302
39 42 30415
39 44 44350
39 45 28339
39 46 52992
39 47 34541
39 48 24146
39 49 53988
40 41 42849
40 42 69436
40 43 24249
40 44 44690
40 45 56656
40 46 41672
40 47 45543
40 48 23397
41 43 20975
41 44 22733
41 45 31989
41 46 42723
41 47 20095
41 48 42395
42 43 15244
42 44 57904
42 45 18377
42 46 54698
42 47 42758
42 48 40324
43 46 55365
43 47 18747
43 49 67833
44 45 41085
44 46 44729
44 47 26358
44 48 36362
44 49 20066
45 46 27274
45 47 64318
45 48 17720
46 48 11900
46 49 41683
47 48 43403
47 49 55692
48 49 31384
