50 50 1098
25000 25000 25000 25000 25000 25000 25000 25000 25000 25000 25000 25000 25000 25000 25000 25000 25000 25000 25000 25000 25000 25000 0 25000 25000 25000 25000 25000 25000 25000 25000 25000 25000 25000 25000 25000 25000 25000 25000 25000 25000 25000 25000 25000 25000 25000 25000 25000 25000 25000
2609 3292 6739 8933 6803 5984 10355 7650 8084 4246 5219 5776 6641 7816 4374 3847 5033 6429 6719 3660 7358 5396 5219 8345 4182 6387 7391 5542 5038 10349 6400 5558 6051 9568 3792 4898 9064 7159 11178 8697 4781 6033 6661 5299 8845 11656 9977 5301 8663 3947

2368 1148 3204 4509 4028 2752 5457 3845 4791 2504 2396 2628 3220 3859 1838 2266 2285 3117 3299 2596 3680 2582 2296 4205 1779 2994 5115 2491 2189 5399 3046 2499 2838 4940 1446 2351 4642 3507 6634 4369 2035 2890 3943 2607 5984 6919 5919 3574 4385 1538

38119 28711 4914 17161 44553 7030 26409 19622 50450 35490 13876 9147 14977 9987 21848 35330 20546 15111 25670 37312 29954 23679 9828 13734 19303 6568 57472 8895 11180 22957 12390 7341 15489 21294 21806 22713 18992 16657 67393 15523 12297 23856 48568 27686 66066 66973 59161 44864 16203 22621

94158 75406 32372 11548 94124 35112 29982 21024 105322 79267 29681 21275 20071 28595 64292 80186 47630 25921 53179 95094 61702 69206 23096 42165 48700 24701 135170 25118 40527 60515 47246 30416 52911 19804 61669 53847 15191 17163 141838 16712 34762 49569 105288 76944 142841 137025 121516 110118 12183 58878

1432 1277 1715 1883 566 1580 2152 1577 838 876 1061 1250 1363 1923 1524 955 1016 1318 949 1655 814 1789 1133 2087 1015 1583 2005 1269 1379 2512 1815 1381 1823 2008 1383 947 1901 1497 1685 1925 1108 908 1169 1798 2040 1600 1240 2003 1836 1237

29389 21549 6421 15994 35203 3514 23701 16197 40108 27663 10383 7483 12332 10627 15840 27251 15232 12444 20193 28704 23757 17769 7029 12654 13919 6260 45474 6253 6966 20326 9090 4947 10956 19446 15805 17035 17517 13730 54202 15093 8371 18684 38375 21102 52622 53852 47354 34986 15197 16483

181956 151443 81972 45118 179349 86890 28499 43134 199791 153664 65767 58805 48555 75277 138615 155294 97584 53176 107361 187467 122469 147325 56998 99391 102384 68433 259515 65619 96429 131920 108338 78565 118381 37594 126439 108605 40319 50569 262507 54213 78328 100962 199791 160389 266358 256048 228497 214099 46244 120958

70158 56137 33391 20160 68960 32030 26544 6370 78353 57158 16770 13571 8861 34044 51550 57907 31390 10985 35882 72690 42824 57376 12741 45125 33595 25346 105796 16702 32220 60071 42892 24339 46527 21820 44649 36454 21085 12128 107171 24366 22542 32942 78353 60248 108940 104203 91544 84928 20704 42130

1719 1555 2020 2186 797 1877 2480 1869 697 1127 1324 1525 1646 2242 1817 1211 1359 1593 1205 1956 1061 2099 1395 2416 1275 1880 1940 1538 1663 2869 2127 1665 2135 2327 1668 1203 2218 1789 1599 2239 1374 1156 1050 2109 1977 1509 1125 2149 2144 1511

1038 879 1459 1709 1024 1320 1995 1402 1305 464 869 1050 1181 1674 1133 546 738 1134 1066 1268 1206 1406 928 1875 768 1323 1950 999 1145 2314 1562 1115 1500 1846 988 667 1736 1318 1983 1748 832 916 1087 1416 1986 2088 1720 1628 1668 837

282030 211282 141015 156813 275986 123980 205925 104130 324205 216434 12638 46089 66146 165880 198300 220212 86408 58178 109075 294806 144106 241573 25277 212999 97536 105504 461992 48149 106122 288418 178793 81738 185456 180442 162789 111960 161484 89774 468792 165811 55499 94239 323380 245901 477721 453818 389938 356556 149807 140603

50691 38013 17684 20961 51754 16554 32069 15322 59686 41572 8429 1231 9073 20938 32781 41335 20566 9254 24295 52228 30058 37595 2463 29549 19775 11074 79235 3830 16712 41956 25571 10170 28589 26227 28724 24385 23131 11333 83247 20927 10350 21854 59166 41335 84557 81009 70500 62387 19673 26656

87703 68425 38207 29484 86090 36375 42477 15319 98955 70203 15832 11526 5185 43485 62653 71210 35513 11563 41561 91111 50906 70496 10371 57448 38482 27377 135275 15741 36631 77569 50998 26021 55891 35788 53362 42330 30731 11599 137529 32581 23565 37602 98735 74362 139911 133534 116492 107586 27615 49972

8994 7014 1953 3076 10270 2400 5044 4089 11525 8342 3428 2289 3530 1217 5553 8308 5162 3558 5938 8844 6878 5947 2434 2672 4897 1741 13134 2275 3283 4634 3544 2352 4204 3955 5544 5623 3465 3423 15131 2520 3406 5551 11125 6799 14963 15041 13379 10451 2868 5718

22109 13806 17181 27575 34163 13983 36054 25399 39559 23393 16297 15828 21148 21809 7310 21709 15513 20779 22678 21463 25368 12569 14621 24038 11931 16866 39913 14091 11169 32479 15843 13360 14375 31372 9640 15974 29250 22701 52897 26598 12776 19787 33563 13114 48346 54681 47531 28374 26698 11815

16807 14001 25640 30561 19556 22905 35602 25154 24505 9679 15763 18421 21255 29433 18478 8135 13451 20437 19232 20868 21699 23300 16271 32126 12619 23236 35094 17533 19253 39867 26303 19556 24957 32986 15933 12196 31041 23680 36455 30709 14579 16581 19881 23476 36497 38302 31816 27205 29842 13261

10299 7390 7031 8472 10011 6048 10492 6305 12559 6963 2542 3918 4743 8551 6856 7119 1531 4415 4164 10825 5152 8788 3062 9992 2712 6068 17458 3782 5031 13093 7754 4593 8294 9443 5401 2666 8664 5714 17692 8842 2599 3101 11362 8989 17709 17551 14924 13365 8184 4483

175305 136474 78453 73100 171987 74683 92515 36644 198000 139301 27445 23562 23034 89311 126332 141375 67935 11423 80376 182317 99603 144881 22846 118038 74042 56173 274079 32233 75211 159433 104768 53383 114834 79433 107218 81959 75663 36305 280374 79396 45918 72233 198000 150423 282712 269592 234531 216209 69254 97680

14104 10872 9452 10186 10309 8668 12441 7754 12529 10040 3542 5082 6005 10597 10274 10214 4313 5638 2061 14718 4237 12438 4123 12767 5635 7817 21789 5177 8073 16239 11122 6723 11726 11267 8646 5230 10401 7099 19186 10594 5350 2795 14964 12662 22071 18497 15556 17561 9863 7618

4719 4738 8597 11897 10320 7583 14113 10500 12031 6905 7254 7875 9152 10064 5467 6371 7005 8870 9277 3656 10130 6729 7312 10878 5869 8497 9506 7622 6695 13554 8172 7390 7707 13238 5406 7151 12428 9845 15675 11583 6547 8360 10130 5845 12180 16314 14559 5847 11614 5613

2204 1718 1581 1691 1302 1463 2030 1326 1635 1593 693 924 1063 1760 1628 1619 733 1008 555 2296 390 1953 780 2079 931 1335 3066 939 1298 2600 1756 1171 1846 1853 1384 871 1722 1227 2673 1752 889 505 2041 1987 3108 2532 2090 2723 1643 1229

33087 23443 23170 37575 50155 19559 48702 36072 57236 36022 26166 23493 30494 29263 14919 33813 25682 30655 35084 31815 38614 11166 22333 29102 20982 23524 56025 21214 17380 40178 17905 20255 15978 42538 17975 26288 39775 32512 74738 35911 21002 31291 49368 15978 67091 77038 67697 40884 36405 20830

29547 21819 12087 14277 30208 10393 19877 9670 34960 23989 3801 2252 5847 14071 19650 23844 11199 6260 13471 30993 16984 22873 0 19319 10703 8017 46945 2293 10145 26881 15889 6157 17728 16757 16158 13513 14856 7665 50147 14257 4959 11984 34713 24051 50189 48040 41634 36675 13492 14897

19258 15154 4883 8660 22473 5240 12851 10822 25140 18677 8930 6798 9435 4715 11943 18148 11947 9496 14265 19106 16203 11616 7106 3553 10898 5631 28226 6684 7117 7725 6509 5973 7911 10537 11924 12593 9496 9405 33421 7486 7881 13444 24198 13429 31946 32615 29081 22522 8227 12293

32600 22120 24063 31410 36263 20115 39682 24603 43406 26098 11050 13644 18976 29538 20197 24684 10012 17796 19495 34493 23056 27157 10541 33424 5270 20594 59259 12362 14845 44597 26668 15282 26495 35297 14936 10622 32488 21866 64743 31379 8099 15669 41636 27879 64804 63420 53958 43640 30250 11650

19133 14415 4124 7502 21736 4258 12148 8180 24693 17191 5611 2952 5851 5337 11613 17111 9697 5918 11525 19369 13673 12852 3268 8547 9073 1634 29479 2801 5623 13172 7620 3075 8745 9583 10952 10784 8420 6693 33190 6967 5560 10615 23935 14794 33148 32667 28750 23156 7022 11361

175156 190444 281463 355282 238383 258749 406770 325852 225170 205569 253234 264755 294457 314332 211356 210756 242970 289434 287742 170788 273327 239639 248102 332568 222222 279224 124051 257875 238875 392519 271962 254436 261534 380835 205405 233251 365874 308872 262243 348348 234998 267212 177231 219819 183947 276549 279934 151733 352989 210046

31417 23339 11056 15023 33379 9282 22113 11424 38298 25597 5582 2430 7436 13292 19279 25460 12766 7551 15708 32571 19387 22351 1601 18629 11698 6794 49650 800 9022 26549 15038 4846 16963 18384 18146 14626 16408 8878 52990 15002 5683 14150 36827 24738 53033 52629 45921 39055 14201 16091

22292 15532 8585 15815 27305 6079 22449 14122 31534 21286 7458 6609 10790 12212 11525 20448 11037 10887 16351 22629 18460 14092 5916 13959 8953 7422 37089 5247 2958 20575 9380 4675 9917 18779 10579 12122 17129 11995 44699 15038 5121 14086 30040 16086 42325 43386 37782 28046 15128 11164

35887 29205 12480 18630 41122 13061 25455 22151 45465 34940 19069 15598 19892 12207 23976 34080 23982 19991 27757 35640 30912 23444 16099 10314 22275 13699 50490 15413 16118 8049 15128 14256 17411 21687 23945 25034 19991 19843 58502 16718 17362 26420 43931 26395 56547 57636 51882 41202 17925 24545

12035 8916 3727 7937 15528 2988 11116 8229 17556 12413 5826 4628 6632 5471 6476 11884 7270 6678 9817 11792 10828 6101 4440 5425 6843 4123 18722 4120 3693 8596 2220 3580 3285 9358 7288 8021 8567 7210 23593 7374 4435 8731 16331 7478 21757 23235 20550 14388 7608 8162

16816 12300 4673 8907 19038 3674 13346 7880 21863 14695 4330 2861 5655 6838 9623 14610 7526 5719 9982 17041 12034 11338 2398 8891 6931 3300 26701 1952 3900 13310 6886 1199 7961 10895 8991 8573 9784 6460 29982 8388 3574 9112 21992 12670 30199 29780 26037 20660 8448 9382

33291 24043 13451 25678 45466 10386 35106 25927 51477 34720 17347 15249 21192 18623 16808 32845 22433 21329 29985 32571 32982 15695 14693 18486 19385 13751 53121 13742 10951 27888 8982 12141 7346 30148 19402 23889 27802 22904 67566 24266 14025 26766 46032 19779 62514 69570 61607 40269 24685 21808

946126 772783 372672 171891 941607 399465 229188 203364 1052973 801673 322800 261306 229995 336196 681269 810550 496143 258078 549405 987768 631719 728398 261790 467575 512606 298912 1361570 298428 451435 644793 516318 354111 575875 130895 640112 556184 145421 201588 1394657 221440 377998 514543 1052973 803126 1415639 1359472 1209370 1121245 178024 610899

11074 6516 9745 14620 17265 8055 18070 12049 20125 11582 7198 7592 9802 12191 5780 10692 6792 9607 10578 11927 12000 8559 6353 13369 4891 8961 21336 7495 5951 17830 10200 7109 9514 16229 3176 7028 15116 10875 27174 14096 5378 9051 16956 8848 24582 28075 24330 15579 14222 4326

15829 11730 12055 14909 14887 10463 18181 11400 18098 9950 5307 7379 8870 14516 10865 10202 3806 8340 7557 17293 9159 13994 5984 16447 4154 10495 26946 6793 8459 21470 13235 8116 13697 16483 8500 2992 15221 10444 27326 15353 4886 5837 17073 14319 27353 27097 22842 21406 14443 7022

260549 211357 97602 40426 259264 105128 73603 59561 291477 219479 83331 65940 56946 87232 185247 222003 132614 73007 147849 269818 171160 198738 65986 124584 137295 76540 378755 76494 119995 174969 138442 92233 155375 45566 173638 149685 32993 48961 388070 54606 99025 137846 290926 219984 394035 378067 335391 310337 42170 165240

137814 108160 60774 37261 137095 58008 63568 27330 156514 113056 30982 20497 15076 61549 97731 114578 60691 24757 69875 142959 83983 109515 20525 84066 63513 44425 209073 26860 58395 114439 80082 42378 87468 46721 85421 70981 39142 10262 214743 41936 40442 63900 156127 117123 218284 208713 182987 167828 34439 80359

45190 41683 54470 59493 29821 51403 65177 52117 27688 32544 40378 44494 47243 59211 47631 34351 38581 46820 37823 48504 35461 53659 42775 64357 39250 51465 40960 44335 48318 73399 57395 46882 55712 61907 44450 37012 59475 50292 21387 60630 40660 36889 30385 54285 34060 23696 24243 45428 59070 41092

22574 17974 7146 4104 23542 8089 8618 6428 26371 19848 7822 5211 5621 5744 15256 19762 12226 7047 13579 22804 15670 16305 5658 9081 11939 5543 32644 6154 9417 13583 10795 6937 12308 6121 14604 13612 4997 4907 35329 2829 8519 12693 26231 18261 35444 34157 30344 26490 3636 14436

80057 56481 38011 53182 85773 30699 70728 39587 100523 63100 15801 16494 27925 49316 49862 62659 25677 26917 44210 82915 51564 61965 10086 58183 22567 30846 133135 13847 23134 81255 43390 19877 47404 61209 39209 31140 55409 33472 142906 53119 5043 36309 95817 63289 143032 141855 122313 103360 50787 35364

58028 43758 39723 42962 45043 36260 52917 32225 54677 40086 13627 20427 24504 44777 41119 40854 14800 22884 13348 60736 18235 50669 16196 54356 20636 32504 91957 20846 31401 69686 44861 27673 47528 47737 33928 18849 43884 29335 84235 44763 19379 8098 61825 51661 93199 81191 68206 73289 41538 29391

11687 10319 16111 18256 9625 14832 20714 15620 8793 7559 11041 12598 13719 17960 12502 7885 9913 13320 12732 13667 11825 14853 11550 19329 10071 15090 13193 12158 13052 23103 16310 14031 15654 19439 11261 9301 18490 14901 14420 18590 10725 11440 5775 15097 13994 15320 12357 14935 17905 9951

19812 14312 16981 25818 30875 14743 32575 23312 35262 22118 16250 16268 19856 20756 9331 20750 16000 19556 21825 17087 24012 9543 14550 20656 13087 17100 32087 14856 12481 27518 13718 14262 12525 28893 11225 16375 27181 21506 46393 24875 13050 19475 30675 7275 38943 47856 42043 22706 25093 12993

107792 115691 168663 190737 120397 157010 210766 169251 113618 103562 131938 144628 153760 185526 134768 109304 122750 150511 145721 113954 138325 149278 136084 193650 124879 163256 89976 141042 142499 224408 164573 150483 160511 200373 123367 117764 192641 163396 108212 193454 129361 135188 93057 139110 68042 115551 117288 104178 187935 125748

50320 46673 57109 60151 29943 53921 66703 53124 27725 37172 40919 45381 48057 62039 52583 39050 40589 46994 38262 53765 35074 58814 42605 65905 40553 53307 45922 46572 49175 75966 59473 49220 61003 63303 49184 38958 60774 51227 25572 61352 42752 37291 34927 59519 38748 21302 24143 50567 59235 45803

13547 12443 15576 16502 7348 14610 18481 14368 6676 9565 10672 12024 12834 17069 14205 10134 10572 12512 9867 15145 8902 16103 11183 18240 10561 14424 14940 12384 13172 21287 16292 13186 16755 17451 13197 10078 16686 13794 8777 16860 11227 9573 9046 16305 12767 8172 5591 17640 16219 12151

1568 1572 2542 3371 2975 2287 3928 3020 3140 2117 2205 2361 2682 2911 1756 1983 2142 2611 2713 1300 2927 2073 2174 3115 1857 2517 2006 2297 2064 3788 2435 2239 2318 3664 1740 2179 3495 2856 3556 3292 2072 2483 2603 1850 2678 3717 4040 1087 3300 1792

101089 81178 34056 14036 101528 37057 34221 24448 114155 85625 31329 21905 20807 29883 69009 86632 50983 27212 57059 102699 66392 74352 23899 44780 51935 25656 147937 26114 42986 64873 50343 31915 56510 23076 66429 57791 18025 17622 155129 16909 36673 53106 114118 82825 155275 148907 131888 119151 11949 63080

7969 4856 7095 9693 10916 5941 11999 7886 12864 7029 4190 4847 6351 8766 4903 6421 3907 6030 6493 8552 7464 6801 4001 9570 2614 6560 14979 4498 4503 12617 7978 5294 7448 10753 3124 4073 9987 7090 17673 9684 3335 5450 10694 6998 17196 18323 15742 11047 9376 2000

0 1 36719
0 2 64575
0 3 46498
0 4 69277
0 5 49627
0 7 41149
0 8 65037
0 9 24654
0 11 62730
0 12 13572
0 13 66315
0 14 61391
0 15 69630
0 16 13063
0 17 27586
0 18 24802
0 20 37652
0 21 38473
0 22 15357
0 23 12928
0 24 24260
0 27 43090
0 28 31644
0 29 40199
0 30 21760
0 31 24309
0 32 15948
0 33 54386
0 34 40543
0 35 15116
0 36 29717
0 37 54786
0 39 60143
0 40 38445
0 42 12762
0 43 63237
0 44 51185
0 45 37649
0 48 27703
0 49 43437
1 2 51417
1 4 21960
1 5 29081
1 6 50765
1 7 62155
1 8 63718
1 10 68515
1 11 36988
1 12 46209
1 13 23482
1 14 57811
1 15 51482
1 16 19597
1 18 53034
1 19 58192
1 20 23154
1 21 31906
1 22 53874
1 24 22381
1 25 16860
1 26 33350
1 27 26330
1 28 53005
1 29 33268
1 30 32637
1 31 60322
1 32 23041
1 33 26009
1 34 29306
1 35 18009
1 36 14705
1 37 64775
1 38 14740
1 39 12786
1 40 28131
1 41 58152
1 42 37726
1 43 54523
1 44 56078
1 45 53570
1 46 65222
1 47 35539
1 48 20164
1 49 50784
2 3 43099
2 4 12339
2 5 56011
2 6 13801
2 7 40913
2 8 54224
2 9 38938
2 10 53229
2 11 59563
2 12 53747
2 13 45544
2 14 30708
2 15 23914
2 16 61735
2 17 14149
2 18 39901
2 19 67665
2 20 37757
2 22 17910
2 23 22973
2 24 41356
2 25 66141
2 26 31599
2 27 39648
2 28 59257
2 29 11248
2 30 48701
2 31 16840
2 32 46454
2 33 51802
2 34 47172
2 36 55765
2 37 13019
2 38 17422
2 39 50798
2 40 31508
2 41 40766
2 42 27118
2 43 17593
2 44 35532
2 45 30423
2 46 14287
2 47 11651
2 48 27949
2 49 10095
3 4 68799
3 5 32618
3 6 41362
3 7 22389
3 9 39539
3 10 60001
3 11 54176
3 12 28529
3 13 21891
3 14 55984
3 15 68127
3 16 51764
3 17 52446
3 18 67570
3 19 46505
3 20 36520
3 21 69815
3 22 49718
3 23 46178
3 25 15717
3 26 66651
3 28 10949
3 30 22840
3 31 21580
3 32 11489
3 33 18433
3 34 21174
3 35 25033
3 36 31348
3 37 28119
3 38 38398
3 39 55773
3 40 28085
3 41 23205
3 43 56208
3 44 53094
3 45 66589
3 47 69951
3 48 13018
3 49 35351
4 5 28903
4 6 42646
4 7 38124
4 8 12518
4 9 46402
4 11 32175
4 12 56236
4 13 13380
4 14 39809
4 15 63674
4 16 23097
4 17 67947
4 18 36567
4 19 15168
4 20 66273
4 21 69615
4 23 56255
4 24 42317
4 25 69869
4 26 66042
4 27 53598
4 28 60608
4 29 59598
4 30 38916
4 32 28172
4 34 26119
4 35 22913
4 36 45955
4 37 29667
4 38 39592
4 39 53601
4 40 28796
4 43 10989
4 44 45741
4 46 12701
4 47 59182
4 48 35314
4 49 69430
5 6 43356
5 7 45957
5 8 68688
5 9 62802
5 10 29018
5 11 68257
5 12 51682
5 13 65687
5 14 65077
5 15 21294
5 17 42234
5 18 15500
5 19 30857
5 20 63947
5 21 67334
5 22 45286
5 23 36095
5 24 28150
5 25 54935
5 26 30816
5 27 55073
5 28 47403
5 29 63395
5 30 40607
5 31 45354
5 32 33251
5 33 20726
5 34 22574
5 35 13007
5 36 19865
5 37 43011
5 38 66156
5 39 59989
5 40 34553
5 41 47474
5 42 16997
5 43 53078
5 44 68078
5 45 18460
5 47 30167
5 48 42881
5 49 41165
6 7 63034
6 8 27343
6 9 35318
6 10 55271
6 11 36545
6 12 59516
6 13 31635
6 14 64678
6 15 17790
6 16 12787
6 17 38008
6 18 23355
6 19 58891
6 20 27133
6 21 23982
6 22 22460
6 23 13751
6 24 29276
6 25 10193
6 26 14948
6 27 11629
6 28 53942
6 30 48621
6 31 49400
6 32 55761
6 33 22912
6 34 67650
6 35 36617
6 36 49442
6 37 67859
6 38 23553
6 39 17844
6 40 10504
6 41 53550
6 42 64567
6 44 59031
6 45 65352
6 46 55556
6 47 10041
6 48 34088
6 49 17019
7 8 28338
7 9 38432
7 10 55123
7 12 59216
7 13 51303
7 14 49140
7 15 33031
7 16 45914
7 17 19330
7 18 16630
7 19 13354
7 20 35469
7 21 13664
7 22 52121
7 23 49300
7 25 54981
7 27 40105
7 29 29321
7 30 48988
7 31 39520
7 32 25766
7 34 19716
7 35 27415
7 36 64158
7 37 29969
7 38 48802
7 39 38260
7 41 17561
7 43 62542
7 44 38286
7 46 35971
7 47 37611
7 48 57407
7 49 12106
8 9 12045
8 10 59242
8 11 38934
8 12 20448
8 13 11910
8 15 11895
8 16 12133
8 17 28601
8 18 43261
8 19 12331
8 20 56495
8 21 37518
8 22 29878
8 23 38575
8 24 57287
8 25 65407
8 26 67343
8 27 50444
8 28 32145
8 29 27545
8 30 57709
8 31 25964
8 32 55674
8 34 28935
8 35 34574
8 36 54908
8 38 36076
8 39 19533
8 40 40080
8 41 12752
8 42 41978
8 43 47184
8 44 62083
8 45 65273
8 46 50606
8 47 15421
8 49 61095
9 11 56382
9 12 42348
9 13 37161
9 14 53920
9 15 35908
9 16 34240
9 17 12977
9 18 67828
9 20 21364
9 21 41875
9 22 65355
9 23 14004
9 25 46926
9 26 37077
9 27 17993
9 28 13019
9 29 43028
9 30 15882
9 31 69769
9 32 33106
9 33 50483
9 34 13707
9 35 47391
9 36 36027
9 37 61727
9 38 42827
9 39 63429
9 40 55564
9 41 57737
9 42 37474
9 43 12453
9 44 22424
9 45 47026
9 46 38781
9 47 12801
9 48 23510
9 49 40675
10 11 67947
10 12 47068
10 13 68242
10 14 59752
10 16 29534
10 17 22999
10 18 29029
10 19 40068
10 20 14445
10 21 49888
10 22 23941
10 23 31412
10 24 23701
10 25 63303
10 26 66678
10 27 17637
10 28 10292
10 29 49339
10 31 56761
10 33 28052
10 34 66196
10 35 34218
10 36 14545
10 37 13179
10 38 31294
10 39 41685
10 41 31738
10 42 60216
10 43 15388
10 44 12713
10 46 57029
10 47 65525
10 48 58936
10 49 61052
11 12 36977
11 14 37547
11 15 11320
11 16 39397
11 17 16560
11 18 40143
11 20 61882
11 21 56351
11 22 26068
11 23 12375
11 24 23525
11 25 51080
11 26 20501
11 27 23801
11 28 23357
11 29 11506
11 30 31029
11 32 39944
11 33 19910
11 34 29990
11 35 12123
11 36 18287
11 37 12476
11 38 62519
11 39 43972
11 41 33376
11 42 11195
11 43 65224
11 44 34487
11 45 18479
11 46 65065
11 47 63717
11 48 45805
11 49 26427
12 13 20827
12 15 13304
12 17 15781
12 18 29754
12 19 56690
12 20 46547
12 21 62737
12 22 43001
12 23 51795
12 24 42895
12 26 37960
12 27 63551
12 28 41941
12 29 37257
12 30 17920
12 31 45035
12 32 51211
12 33 63357
12 34 68377
12 35 63323
12 36 60658
12 37 64996
12 38 59095
12 39 32900
12 40 62205
12 41 69122
12 42 32015
12 43 17347
12 44 23413
12 45 60910
12 46 57399
12 47 18910
12 48 14568
12 49 45243
13 14 26378
13 15 15204
13 16 31013
13 17 34493
13 19 33745
13 20 58067
13 22 54585
13 23 47544
13 24 51947
13 25 25593
13 26 34995
13 27 45155
13 28 17955
13 29 58876
13 30 52668
13 31 34470
13 33 55483
13 34 35840
13 35 42991
13 36 27693
13 37 49209
13 38 28347
13 39 50108
13 40 19147
13 41 12225
13 42 18765
13 43 27160
13 44 35878
13 45 17898
13 47 59505
13 48 26479
14 15 63607
14 16 50031
14 17 16279
14 18 10361
14 19 10289
14 20 59041
14 21 51692
14 22 34167
14 23 50193
14 25 43705
14 26 37718
14 27 22557
14 28 32843
14 31 62915
14 33 55961
14 34 58584
14 35 44296
14 36 60432
14 37 54006
14 38 61335
14 39 24014
14 40 55968
14 41 11139
14 42 14265
14 43 25527
14 44 28354
14 45 20401
14 46 63481
14 48 23670
14 49 21997
15 16 22998
15 17 58187
15 18 41022
15 19 32301
15 20 36811
15 21 47213
15 22 20320
15 23 29805
15 24 22038
15 25 36361
15 26 30309
15 27 19996
15 28 11221
15 29 53114
15 30 10485
15 31 15134
15 33 39673
15 34 53075
15 35 36784
15 36 41961
15 37 53488
15 38 47809
15 39 33136
15 40 49651
15 41 25003
15 42 19048
15 44 12478
15 45 48019
15 46 61561
15 47 27056
15 48 14692
15 49 12721
16 17 58537
16 18 69608
16 19 26184
16 20 24653
16 21 51257
16 22 16300
16 23 68270
16 24 54903
16 25 50439
16 26 49464
16 27 30668
16 28 14862
16 29 18693
16 30 55276
16 31 61028
16 32 32561
16 33 42220
16 34 20730
16 35 11969
16 36 41569
16 37 30354
16 39 28624
16 41 42493
16 42 41085
16 43 55322
16 44 52145
16 45 50334
16 46 58454
16 47 26928
16 48 36312
16 49 65401
17 18 60714
17 19 33290
17 20 54219
17 22 14573
17 24 33197
17 25 58828
17 26 67098
17 27 66703
17 28 58019
17 30 38353
17 31 43762
17 33 59597
17 34 37864
17 35 41514
17 37 41156
17 38 58053
17 39 46228
17 40 57799
17 41 62175
17 42 49502
17 43 25943
17 44 67272
17 45 33786
17 46 66375
17 47 41217
17 48 45160
17 49 29735
18 19 44753
18 20 26007
18 21 54919
18 24 35882
18 25 35598
18 26 43256
18 27 42527
18 28 64694
18 30 38319
18 31 35016
18 32 65912
18 33 58361
18 34 15020
18 35 32136
18 36 16355
18 37 15521
18 38 34493
18 39 52392
18 40 64919
18 41 69416
18 42 68230
18 43 27480
18 44 10940
18 45 22217
18 46 28191
18 47 56404
18 48 17093
18 49 62857
19 20 16367
19 21 47980
19 22 40919
19 25 58890
19 26 39231
19 27 55183
19 28 51467
19 29 21245
19 30 17105
19 31 27602
19 32 51445
19 33 42908
19 34 36249
19 36 29106
19 37 68038
19 38 16447
19 39 27723
19 40 34930
19 41 61543
19 42 65071
19 43 16674
19 44 39525
19 45 57668
19 46 19896
19 47 32427
19 49 68221
20 21 31853
20 22 64832
20 23 29929
20 24 21563
20 27 34457
20 28 69958
20 29 46647
20 30 55369
20 31 14475
20 32 40582
20 33 19460
20 34 50810
20 35 67834
20 36 36967
20 37 11211
20 38 66879
20 39 48697
20 40 65694
20 41 33542
20 42 11640
20 43 33249
20 44 48296
20 46 33665
20 47 13874
20 48 41536
20 49 64918
21 22 38302
21 24 61034
21 25 47185
21 26 19076
21 27 34640
21 28 37225
21 30 60767
21 31 38729
21 32 44434
21 33 27062
21 34 16078
21 35 57989
21 36 36185
21 37 67444
21 38 49172
21 39 48040
21 40 26781
21 42 19026
21 43 54255
21 44 65146
21 45 40354
21 46 48599
21 47 60965
21 48 62324
21 49 20780
22 23 13723
22 24 60996
22 26 56873
22 27 37853
22 29 15893
22 30 16352
22 31 42890
22 32 68859
22 33 11749
22 34 14978
22 35 62593
22 36 36346
22 37 10943
22 38 51204
22 39 68030
22 40 25935
22 42 56332
22 43 21484
22 45 47407
22 46 23700
22 47 10621
22 48 21841
22 49 13736
23 24 39837
23 26 32431
23 27 11096
23 28 15938
23 29 33546
23 30 27797
23 31 56300
23 33 42633
23 34 66673
23 35 32781
23 37 46481
23 38 66574
23 40 66054
23 41 18679
23 42 58226
23 44 26869
23 45 29721
23 46 26997
23 47 63173
23 48 50796
24 25 35985
24 26 12453
24 27 57981
24 28 19442
24 29 48068
24 30 50509
24 31 68722
24 32 27004
24 33 61512
24 34 13535
24 35 44803
24 36 58612
24 37 51411
24 38 13489
24 39 35379
24 40 69584
24 41 17774
24 42 36727
24 43 49976
24 44 26042
24 45 62507
24 46 41888
24 48 35244
24 49 23684
25 26 24870
25 27 51629
25 28 17539
25 29 43400
25 30 65434
25 31 27501
25 32 11894
25 33 68875
25 34 58298
25 35 30259
25 36 57025
25 37 63327
25 38 32895
25 39 28453
25 40 42244
25 41 17669
25 43 59299
25 44 21307
25 45 22503
25 46 23030
25 47 67282
25 48 26707
25 49 13006
26 27 17151
26 28 39954
26 29 67365
26 30 11298
26 31 30209
26 32 58451
26 33 40803
26 34 62370
26 36 28021
26 37 22015
26 39 25444
26 40 10689
26 41 39130
26 42 41580
26 43 37090
26 44 28828
26 46 62546
26 47 58000
26 48 24567
26 49 20996
27 28 27363
27 29 37989
27 30 54997
27 31 55006
27 33 40882
27 34 69330
27 35 47888
27 36 11671
27 37 59652
27 38 34551
27 39 48510
27 40 11027
27 41 21957
27 43 68517
27 44 33055
27 45 41560
27 46 13866
27 47 59759
27 48 36273
27 49 42459
28 29 69773
28 30 39322
28 31 28406
28 32 64238
28 33 49693
28 34 48383
28 35 50098
28 36 25608
28 38 60477
28 39 44446
28 40 45205
28 41 56577
28 42 61601
28 43 64387
28 44 30613
28 45 61817
28 46 25144
28 47 65755
28 48 13344
28 49 56332
29 30 44010
29 31 68865
29 32 51943
29 33 66653
29 34 28884
29 35 25131
29 36 19293
29 37 32203
29 38 36214
29 39 15643
29 40 48764
29 41 34176
29 42 16566
29 43 46900
29 44 61910
29 45 38678
29 46 35919
29 47 57535
29 48 29135
29 49 26635
30 31 37991
30 32 18460
30 33 56178
30 34 37235
30 35 69957
30 36 21923
30 37 16690
30 38 31687
30 39 18734
30 40 33168
30 41 68171
30 42 12918
30 43 42094
30 44 18305
30 45 33697
30 46 15600
30 48 24060
30 49 29236
31 32 55264
31 33 43737
31 34 42608
31 35 34833
31 36 20498
31 37 40146
31 38 23962
31 39 53608
31 40 56413
31 41 24255
31 42 62357
31 43 46915
31 44 57437
31 47 32983
31 48 45277
31 49 40277
32 33 12742
32 35 13927
32 36 31027
32 37 40794
32 38 42331
32 39 36424
32 40 10702
32 41 15098
32 42 49185
32 43 13539
32 44 20724
32 45 33190
32 46 17830
32 47 10202
32 48 62116
32 49 65171
33 34 29745
33 36 50772
33 37 12796
33 38 12502
33 39 60013
33 40 64140
33 41 44796
33 42 26026
33 43 57952
33 44 55159
33 45 58403
33 46 26980
33 48 55762
33 49 42208
34 35 20063
34 36 26384
34 37 55430
34 38 31212
34 39 59058
34 40 45383
34 41 42438
34 42 39904
34 44 37988
34 45 27111
34 46 60305
34 47 69584
34 48 62108
34 49 63047
35 36 64784
35 37 14529
35 38 13069
35 39 54871
35 40 54158
35 41 25034
35 43 20142
35 44 27850
35 45 34448
35 46 54387
35 47 49563
35 48 42260
35 49 19823
36 37 23537
36 38 18945
36 39 13535
36 40 35236
36 41 68699
36 42 57848
36 43 42340
36 44 26062
36 45 33715
36 46 48746
36 47 16251
36 48 37666
36 49 55149
37 38 10877
37 40 20700
37 41 64900
37 42 28604
37 43 56634
37 44 14492
37 46 39026
37 47 23960
37 48 41900
37 49 18866
38 39 42579
38 40 23533
38 41 37159
38 43 22308
38 44 16698
38 45 52496
38 46 25729
38 47 46849
38 48 63004
38 49 34919
39 40 59445
39 41 12875
39 42 14516
39 43 57860
39 44 59460
39 45 53470
39 46 43362
39 47 50584
39 49 39244
40 41 57523
40 43 51273
40 44 58291
40 45 48080
40 46 27957
40 47 61496
40 48 63555
41 43 21318
41 45 47130
41 46 15137
41 47 14414
41 48 41139
41 49 30967
42 43 33726
42 44 22050
42 45 36116
42 46 56559
42 47 63878
42 48 48548
42 49 65703
43 44 13137
43 45 68370
43 46 47745
43 47 32876
43 48 26997
43 49 51783
44 45 30859
44 46 39443
44 47 36011
44 48 13020
45 46 39136
45 47 24349
45 48 34090
45 49 14627
46 47 60611
46 48 46809
46 49 11652
47 48 41136
47 49 23599
