50 50 1225
25000 25000 25000 25000 25000 25000 25000 25000 25000 25000 25000 25000 25000 25000 25000 25000 25000 25000 25000 25000 25000 25000 0 25000 25000 25000 25000 25000 25000 25000 25000 25000 25000 25000 25000 25000 25000 25000 25000 25000 25000 25000 25000 25000 25000 25000 25000 25000 25000 25000
2609 3292 6739 8933 6803 5984 10355 7650 8084 4246 5219 5776 6641 7816 4374 3847 5033 6429 6719 3660 7358 5396 5219 8345 4182 6387 7391 5542 5038 10349 6400 5558 6051 9568 3792 4898 9064 7159 11178 8697 4781 6033 6661 5299 8845 11656 9977 5301 8663 3947

2368 1148 3204 4509 4028 2752 5457 3845 4791 2504 2396 2628 3220 3859 1838 2266 2285 3117 3299 2596 3680 2582 2296 4205 1779 2994 5115 2491 2189 5399 3046 2499 2838 4940 1446 2351 4642 3507 6634 4369 2035 2890 3943 2607 5984 6919 5919 3574 4385 1538

38119 28711 4914 17161 44553 7030 26409 19622 50450 35490 13876 9147 14977 9987 21848 35330 20546 15111 25670 37312 29954 23679 9828 13734 19303 6568 57472 8895 11180 22957 12390 7341 15489 21294 21806 22713 18992 16657 67393 15523 12297 23856 48568 27686 66066 66973 59161 44864 16203 22621

94158 75406 32372 11548 94124 35112 29982 21024 105322 79267 29681 21275 20071 28595 64292 80186 47630 25921 53179 95094 61702 69206 23096 42165 48700 24701 135170 25118 40527 60515 47246 30416 52911 19804 61669 53847 15191 17163 141838 16712 34762 49569 105288 76944 142841 137025 121516 110118 12183 58878

1432 1277 1715 1883 566 1580 2152 1577 838 876 1061 1250 1363 1923 1524 955 1016 1318 949 1655 814 1789 1133 2087 1015 1583 2005 1269 1379 2512 1815 1381 1823 2008 1383 947 1901 1497 1685 1925 1108 908 1169 1798 2040 1600 1240 2003 1836 1237

29389 21549 6421 15994 35203 3514 23701 16197 40108 27663 10383 7483 12332 10627 15840 27251 15232 12444 20193 28704 23757 17769 7029 12654 13919 6260 45474 6253 6966 20326 9090 4947 10956 19446 15805 17035 17517 13730 54202 15093 8371 18684 38375 21102 52622 53852 47354 34986 15197 16483

181956 151443 81972 45118 179349 86890 28499 43134 199791 153664 65767 58805 48555 75277 138615 155294 97584 53176 107361 187467 122469 147325 56998 99391 102384 68433 259515 65619 96429 131920 108338 78565 118381 37594 126439 108605 40319 50569 262507 54213 78328 100962 199791 160389 266358 256048 228497 214099 46244 120958

70158 56137 33391 20160 68960 32030 26544 6370 78353 57158 16770 13571 8861 34044 51550 57907 31390 10985 35882 72690 42824 57376 12741 45125 33595 25346 105796 16702 32220 60071 42892 24339 46527 21820 44649 36454 21085 12128 107171 24366 22542 32942 78353 60248 108940 104203 91544 84928 20704 42130

1719 1555 2020 2186 797 1877 2480 1869 697 1127 1324 1525 1646 2242 1817 1211 1359 1593 1205 1956 1061 2099 1395 2416 1275 1880 1940 1538 1663 2869 2127 1665 2135 2327 1668 1203 2218 1789 1599 2239 1374 1156 1050 2109 1977 1509 1125 2149 2144 1511

1038 879 1459 1709 1024 1320 1995 1402 1305 464 869 1050 1181 1674 1133 546 738 1134 1066 1268 1206 1406 928 1875 768 1323 1950 999 1145 2314 1562 1115 1500 1846 988 667 1736 1318 1983 1748 832 916 1087 1416 1986 2088 1720 1628 1668 837

282030 211282 141015 156813 275986 123980 205925 104130 324205 216434 12638 46089 66146 165880 198300 220212 86408 58178 109075 294806 144106 241573 25277 212999 97536 105504 461992 48149 106122 288418 178793 81738 185456 180442 162789 111960 161484 89774 468792 165811 55499 94239 323380 245901 477721 453818 389938 356556 149807 140603

50691 38013 17684 20961 51754 16554 32069 15322 59686 41572 8429 1231 9073 20938 32781 41335 20566 9254 24295 52228 30058 37595 2463 29549 19775 11074 79235 3830 16712 41956 25571 10170 28589 26227 28724 24385 23131 11333 83247 20927 10350 21854 59166 41335 84557 81009 70500 62387 19673 26656

87703 68425 38207 29484 86090 36375 42477 15319 98955 70203 15832 11526 5185 43485 62653 71210 35513 11563 41561 91111 50906 70496 10371 57448 38482 27377 135275 15741 36631 77569 50998 26021 55891 35788 53362 42330 30731 11599 137529 32581 23565 37602 98735 74362 139911 133534 116492 107586 27615 49972

8994 7014 1953 3076 10270 2400 5044 4089 11525 8342 3428 2289 3530 1217 5553 8308 5162 3558 5938 8844 6878 5947 2434 2672 4897 1741 13134 2275 3283 4634 3544 2352 4204 3955 5544 5623 3465 3423 15131 2520 3406 5551 11125 6799 14963 15041 13379 10451 2868 5718

22109 13806 17181 27575 34163 13983 36054 25399 39559 23393 16297 15828 21148 21809 7310 21709 15513 20779 22678 21463 25368 12569 14621 24038 11931 16866 39913 14091 11169 32479 15843 13360 14375 31372 9640 15974 29250 22701 52897 26598 12776 19787 33563 13114 48346 54681 47531 28374 26698 11815

16807 14001 25640 30561 19556 22905 35602 25154 24505 9679 15763 18421 21255 29433 18478 8135 13451 20437 19232 20868 21699 23300 16271 32126 12619 23236 35094 17533 19253 39867 26303 19556 24957 32986 15933 12196 31041 23680 36455 30709 14579 16581 19881 23476 36497 38302 31816 27205 29842 13261

10299 7390 7031 8472 10011 6048 10492 6305 12559 6963 2542 3918 4743 8551 6856 7119 1531 4415 4164 10825 5152 8788 3062 9992 2712 6068 17458 3782 5031 13093 7754 4593 8294 9443 5401 2666 8664 5714 17692 8842 2599 3101 11362 8989 17709 17551 14924 13365 8184 4483

175305 136474 78453 73100 171987 74683 92515 36644 198000 139301 27445 23562 23034 89311 126332 141375 67935 11423 80376 182317 99603 144881 22846 118038 74042 56173 274079 32233 75211 159433 104768 53383 114834 79433 107218 81959 75663 36305 280374 79396 45918 72233 198000 150423 282712 269592 234531 216209 69254 97680

14104 10872 9452 10186 10309 8668 12441 7754 12529 10040 3542 5082 6005 10597 10274 10214 4313 5638 2061 14718 4237 12438 4123 12767 5635 7817 21789 5177 8073 16239 11122 6723 11726 11267 8646 5230 10401 7099 19186 10594 5350 2795 14964 12662 22071 18497 15556 17561 9863 7618

4719 4738 8597 11897 10320 7583 14113 10500 12031 6905 7254 7875 9152 10064 5467 6371 7005 8870 9277 3656 10130 6729 7312 10878 5869 8497 9506 7622 6695 13554 8172 7390 7707 13238 5406 7151 12428 9845 15675 11583 6547 8360 10130 5845 12180 16314 14559 5847 11614 5613

2204 1718 1581 1691 1302 1463 2030 1326 1635 1593 693 924 1063 1760 1628 1619 733 1008 555 2296 390 1953 780 2079 931 1335 3066 939 1298 2600 1756 1171 1846 1853 1384 871 1722 1227 2673 1752 889 505 2041 1987 3108 2532 2090 2723 1643 1229

33087 23443 23170 37575 50155 19559 48702 36072 57236 36022 26166 23493 30494 29263 14919 33813 25682 30655 35084 31815 38614 11166 22333 29102 20982 23524 56025 21214 17380 40178 17905 20255 15978 42538 17975 26288 39775 32512 74738 35911 21002 31291 49368 15978 67091 77038 67697 40884 36405 20830

29547 21819 12087 14277 30208 10393 19877 9670 34960 23989 3801 2252 5847 14071 19650 23844 11199 6260 13471 30993 16984 22873 0 19319 10703 8017 46945 2293 10145 26881 15889 6157 17728 16757 16158 13513 14856 7665 50147 14257 4959 11984 34713 24051 50189 48040 41634 36675 13492 14897

19258 15154 4883 8660 22473 5240 12851 10822 25140 18677 8930 6798 9435 4715 11943 18148 11947 9496 14265 19106 16203 11616 7106 3553 10898 5631 28226 6684 7117 7725 6509 5973 7911 10537 11924 12593 9496 9405 33421 7486 7881 13444 24198 13429 31946 32615 29081 22522 8227 12293

32600 22120 24063 31410 36263 20115 39682 24603 43406 26098 11050 13644 18976 29538 20197 24684 10012 17796 19495 34493 23056 27157 10541 33424 5270 20594 59259 12362 14845 44597 26668 15282 26495 35297 14936 10622 32488 21866 64743 31379 8099 15669 41636 27879 64804 63420 53958 43640 30250 11650

19133 14415 4124 7502 21736 4258 12148 8180 24693 17191 5611 2952 5851 5337 11613 17111 9697 5918 11525 19369 13673 12852 3268 8547 9073 1634 29479 2801 5623 13172 7620 3075 8745 9583 10952 10784 8420 6693 33190 6967 5560 10615 23935 14794 33148 32667 28750 23156 7022 11361

175156 190444 281463 355282 238383 258749 406770 325852 225170 205569 253234 264755 294457 314332 211356 210756 242970 289434 287742 170788 273327 239639 248102 332568 222222 279224 124051 257875 238875 392519 271962 254436 261534 380835 205405 233251 365874 308872 262243 348348 234998 267212 177231 219819 183947 276549 279934 151733 352989 210046

31417 23339 11056 15023 33379 9282 22113 11424 38298 25597 5582 2430 7436 13292 19279 25460 12766 7551 15708 32571 19387 22351 1601 18629 11698 6794 49650 800 9022 26549 15038 4846 16963 18384 18146 14626 16408 8878 52990 15002 5683 14150 36827 24738 53033 52629 45921 39055 14201 16091

22292 15532 8585 15815 27305 6079 22449 14122 31534 21286 7458 6609 10790 12212 11525 20448 11037 10887 16351 22629 18460 14092 5916 13959 8953 7422 37089 5247 2958 20575 9380 4675 9917 18779 10579 12122 17129 11995 44699 15038 5121 14086 30040 16086 42325 43386 37782 28046 15128 11164

35887 29205 12480 18630 41122 13061 25455 22151 45465 34940 19069 15598 19892 12207 23976 34080 23982 19991 27757 35640 30912 23444 16099 10314 22275 13699 50490 15413 16118 8049 15128 14256 17411 21687 23945 25034 19991 19843 58502 16718 17362 26420 43931 26395 56547 57636 51882 41202 17925 24545

12035 8916 3727 7937 15528 2988 11116 8229 17556 12413 5826 4628 6632 5471 6476 11884 7270 6678 9817 11792 10828 6101 4440 5425 6843 4123 18722 4120 3693 8596 2220 3580 3285 9358 7288 8021 8567 7210 23593 7374 4435 8731 16331 7478 21757 23235 20550 14388 7608 8162

16816 12300 4673 8907 19038 3674 13346 7880 21863 14695 4330 2861 5655 6838 9623 14610 7526 5719 9982 17041 12034 11338 2398 8891 6931 3300 26701 1952 3900 13310 6886 1199 7961 10895 8991 8573 9784 6460 29982 8388 3574 9112 21992 12670 30199 29780 26037 20660 8448 9382

33291 24043 13451 25678 45466 10386 35106 25927 51477 34720 17347 15249 21192 18623 16808 32845 22433 21329 29985 32571 32982 15695 14693 18486 19385 13751 53121 13742 10951 27888 8982 12141 7346 30148 19402 23889 27802 22904 67566 24266 14025 26766 46032 19779 62514 69570 61607 40269 24685 21808

946126 772783 372672 171891 941607 399465 229188 203364 1052973 801673 322800 261306 229995 336196 681269 810550 496143 258078 549405 987768 631719 728398 261790 467575 512606 298912 1361570 298428 451435 644793 516318 354111 575875 130895 640112 556184 145421 201588 1394657 221440 377998 514543 1052973 803126 1415639 1359472 1209370 1121245 178024 610899

11074 6516 9745 14620 17265 8055 18070 12049 20125 11582 7198 7592 9802 12191 5780 10692 6792 9607 10578 11927 12000 8559 6353 13369 4891 8961 21336 7495 5951 17830 10200 7109 9514 16229 3176 7028 15116 10875 27174 14096 5378 9051 16956 8848 24582 28075 24330 15579 14222 4326

15829 11730 12055 14909 14887 10463 18181 11400 18098 9950 5307 7379 8870 14516 10865 10202 3806 8340 7557 17293 9159 13994 5984 16447 4154 10495 26946 6793 8459 21470 13235 8116 13697 16483 8500 2992 15221 10444 27326 15353 4886 5837 17073 14319 27353 27097 22842 21406 14443 7022

260549 211357 97602 40426 259264 105128 73603 59561 291477 219479 83331 65940 56946 87232 185247 222003 132614 73007 147849 269818 171160 198738 65986 124584 137295 76540 378755 76494 119995 174969 138442 92233 155375 45566 173638 149685 32993 48961 388070 54606 99025 137846 290926 219984 394035 378067 335391 310337 42170 165240

137814 108160 60774 37261 137095 58008 63568 27330 156514 113056 30982 20497 15076 61549 97731 114578 60691 24757 69875 142959 83983 109515 20525 84066 63513 44425 209073 26860 58395 114439 80082 42378 87468 46721 85421 70981 39142 10262 214743 41936 40442 63900 156127 117123 218284 208713 182987 167828 34439 80359

45190 41683 54470 59493 29821 51403 65177 52117 27688 32544 40378 44494 47243 59211 47631 34351 38581 46820 37823 48504 35461 53659 42775 64357 39250 51465 40960 44335 48318 73399 57395 46882 55712 61907 44450 37012 59475 50292 21387 60630 40660 36889 30385 54285 34060 23696 24243 45428 59070 41092

22574 17974 7146 4104 23542 8089 8618 6428 26371 19848 7822 5211 5621 5744 15256 19762 12226 7047 13579 22804 15670 16305 5658 9081 11939 5543 32644 6154 9417 13583 10795 6937 12308 6121 14604 13612 4997 4907 35329 2829 8519 12693 26231 18261 35444 34157 30344 26490 3636 14436

80057 56481 38011 53182 85773 30699 70728 39587 100523 63100 15801 16494 27925 49316 49862 62659 25677 26917 44210 82915 51564 61965 10086 58183 22567 30846 133135 13847 23134 81255 43390 19877 47404 61209 39209 31140 55409 33472 142906 53119 5043 36309 95817 63289 143032 141855 122313 103360 50787 35364

58028 43758 39723 42962 45043 36260 52917 32225 54677 40086 13627 20427 24504 44777 41119 40854 14800 22884 13348 60736 18235 50669 16196 54356 20636 32504 91957 20846 31401 69686 44861 27673 47528 47737 33928 18849 43884 29335 84235 44763 19379 8098 61825 51661 93199 81191 68206 73289 41538 29391

11687 10319 16111 18256 9625 14832 20714 15620 8793 7559 11041 12598 13719 17960 12502 7885 9913 13320 12732 13667 11825 14853 11550 19329 10071 15090 13193 12158 13052 23103 16310 14031 15654 19439 11261 9301 18490 14901 14420 18590 10725 11440 5775 15097 13994 15320 12357 14935 17905 9951

19812 14312 16981 25818 30875 14743 32575 23312 35262 22118 16250 16268 19856 20756 9331 20750 16000 19556 21825 17087 24012 9543 14550 20656 13087 17100 32087 14856 12481 27518 13718 14262 12525 28893 11225 16375 27181 21506 46393 24875 13050 19475 30675 7275 38943 47856 42043 22706 25093 12993

107792 115691 168663 190737 120397 157010 210766 169251 113618 103562 131938 144628 153760 185526 134768 109304 122750 150511 145721 113954 138325 149278 136084 193650 124879 163256 89976 141042 142499 224408 164573 150483 160511 200373 123367 117764 192641 163396 108212 193454 129361 135188 93057 139110 68042 115551 117288 104178 187935 125748

50320 46673 57109 60151 29943 53921 66703 53124 27725 37172 40919 45381 48057 62039 52583 39050 40589 46994 38262 53765 35074 58814 42605 65905 40553 53307 45922 46572 49175 75966 59473 49220 61003 63303 49184 38958 60774 51227 25572 61352 42752 37291 34927 59519 38748 21302 24143 50567 59235 45803

13547 12443 15576 16502 7348 14610 18481 14368 6676 9565 10672 12024 12834 17069 14205 10134 10572 12512 9867 15145 8902 16103 11183 18240 10561 14424 14940 12384 13172 21287 16292 13186 16755 17451 13197 10078 16686 13794 8777 16860 11227 9573 9046 16305 12767 8172 5591 17640 16219 12151

1568 1572 2542 3371 2975 2287 3928 3020 3140 2117 2205 2361 2682 2911 1756 1983 2142 2611 2713 1300 2927 2073 2174 3115 1857 2517 2006 2297 2064 3788 2435 2239 2318 3664 1740 2179 3495 2856 3556 3292 2072 2483 2603 1850 2678 3717 4040 1087 3300 1792

101089 81178 34056 14036 101528 37057 34221 24448 114155 85625 31329 21905 20807 29883 69009 86632 50983 27212 57059 102699 66392 74352 23899 44780 51935 25656 147937 26114 42986 64873 50343 31915 56510 23076 66429 57791 18025 17622 155129 16909 36673 53106 114118 82825 155275 148907 131888 119151 11949 63080

7969 4856 7095 9693 10916 5941 11999 7886 12864 7029 4190 4847 6351 8766 4903 6421 3907 6030 6493 8552 7464 6801 4001 9570 2614 6560 14979 4498 4503 12617 7978 5294 7448 10753 3124 4073 9987 7090 17673 9684 3335 5450 10694 6998 17196 18323 15742 11047 9376 2000

26 29 57102
2 14 11180
3 11 22382
7 43 16856
28 44 31287
8 20 28248
27 40 28556
22 34 29197
9 36 60831
35 46 43926
45 48 45916
15 42 14011
21 30 19846
23 45 22684
25 38 42507
9 31 57856
8 9 26167
38 48 24930
19 37 23160
12 32 40841
22 41 63801
34 47 22298
26 48 33600
29 44 12533
14 37 60509
0 32 65728
9 12 42216
20 28 55259
5 41 69748
13 40 50647
33 49 50507
21 43 68992
24 39 63970
16 27 62889
31 47 15848
6 39 25256
28 32 33280
2 44 46547
25 45 56597
32 43 24110
0 4 20473
30 38 44655
36 45 40264
14 35 30319
27 30 57339
16 36 12770
25 42 30317
17 36 13505
3 45 39843
34 39 43477
36 48 56490
1 33 33644
16 29 67919
9 32 32232
24 35 48320
26 28 10569
32 35 27960
12 22 32678
1 15 67972
3 30 39850
4 35 13324
35 42 48478
2 39 38841
20 36 19437
16 30 41367
16 42 56832
16 41 34693
8 47 16789
2 15 33379
15 23 21289
21 49 30899
12 40 55995
0 28 55944
1 9 13305
27 49 16313
36 41 43283
13 15 28218
35 47 48773
7 17 58931
26 43 58062
11 49 34393
11 48 57563
28 35 21705
2 5 32311
37 48 19795
2 18 12167
13 24 45023
21 36 49898
39 40 34845
0 20 42994
36 42 19747
0 21 50312
34 35 21472
15 27 60731
11 38 59749
14 27 64982
13 45 59706
11 42 36585
5 18 11770
25 27 35227
10 40 60017
20 34 44812
32 39 21221
14 26 58104
3 48 60260
10 19 39677
5 8 31386
0 26 18477
10 31 30592
20 38 32459
21 42 66539
4 20 54985
23 35 32165
15 20 30386
16 25 29438
1 39 41960
20 39 32553
8 29 64462
2 40 21857
43 48 69541
24 25 37455
8 41 43747
14 17 49853
14 30 61070
2 9 34477
8 13 51744
6 23 68194
7 32 24182
10 27 18328
19 33 22106
10 33 61552
20 31 68346
7 8 69061
42 49 12772
16 48 68592
35 36 59320
6 28 54592
26 36 42120
4 14 67798
20 30 15184
15 35 64579
22 38 64336
19 32 12311
14 42 38886
16 21 24722
10 48 31750
21 34 10845
41 47 59418
9 47 26211
18 22 34845
14 48 58959
4 29 65809
6 33 20734
26 47 50954
18 47 69022
11 30 45212
34 42 32697
3 12 67215
34 40 11536
2 25 53169
4 24 19321
11 24 63089
0 35 63657
17 37 30524
1 11 18003
44 45 62248
21 25 19844
33 43 14738
18 36 34367
5 36 17641
24 48 32065
14 16 41088
9 19 24119
18 29 34376
22 32 69975
30 41 38841
4 15 56126
25 26 22962
17 41 40402
16 40 24479
7 22 59951
39 44 29360
13 41 20288
3 10 10684
25 29 10313
1 10 19309
30 40 58039
17 32 45153
38 47 28666
5 44 11718
2 37 40464
6 35 50130
2 32 16949
11 27 34120
5 38 10654
7 25 37095
27 34 26367
18 48 20498
5 34 41833
10 43 62877
15 17 40282
12 48 16040
0 48 33965
33 46 54401
27 29 40417
12 41 46082
31 48 23242
9 11 38685
37 38 59044
31 33 53644
9 18 53165
4 38 61137
11 44 25146
40 43 15595
11 29 61822
39 42 37602
3 34 24904
22 26 62003
38 45 24897
8 37 55713
11 41 63721
18 24 55362
1 27 35843
2 4 10669
1 38 19481
24 30 48640
19 29 37765
0 16 47992
0 11 59138
6 10 21740
7 18 53011
20 37 29419
14 46 27781
43 47 16975
31 43 13819
35 38 10340
3 15 65200
5 26 39204
0 22 39025
22 25 66387
24 43 34990
35 48 22189
11 46 57523
10 17 62279
16 38 39927
26 39 61487
29 40 29880
16 20 54831
1 18 53490
10 18 56921
6 40 52687
10 42 47210
23 33 42282
46 47 30672
9 37 60023
9 21 51763
7 47 69312
0 8 39930
8 23 41897
17 25 10591
7 23 51670
6 19 24908
42 47 30010
3 5 69451
12 35 44026
39 49 45972
0 38 21933
28 48 39226
13 27 27319
10 45 50959
10 39 35612
0 18 64452
36 44 15290
11 36 23134
32 48 68874
21 23 45218
21 28 14621
21 38 40896
19 46 42191
2 33 10253
29 39 27816
41 45 24877
9 25 47463
20 45 60098
20 32 45549
22 24 49628
14 49 54004
24 36 57003
3 31 19557
31 35 25900
0 14 57594
19 49 61228
32 44 40808
1 7 29746
14 15 12820
16 47 26977
7 40 65719
20 33 24754
18 39 56203
19 27 35180
17 43 17855
37 43 21814
22 29 41774
47 49 23145
23 27 47091
11 25 40647
23 38 58363
11 20 63855
42 45 11543
0 41 42697
2 36 64108
9 16 29359
20 22 69717
9 20 53714
18 27 19457
12 29 45266
3 13 33341
18 30 15603
13 14 32268
4 30 42899
2 23 31503
31 38 32005
4 39 46269
37 40 14454
14 38 51751
33 34 61232
28 46 31431
13 31 59612
30 31 28128
23 44 17633
2 17 24791
14 40 35983
2 34 41590
17 33 56566
8 12 61272
3 29 30823
5 48 39355
29 47 61777
0 5 24678
7 46 40898
7 30 34473
31 42 18785
34 46 12400
5 15 34190
4 13 14641
7 38 21857
11 16 21598
1 45 37983
7 31 27460
5 29 56009
16 37 23024
6 49 61106
0 49 18013
26 46 11435
11 21 65560
38 42 59765
16 23 14809
34 38 39133
3 22 49376
1 34 32938
2 13 58909
26 37 16310
37 45 11063
0 45 30498
26 30 15018
36 39 62335
16 39 63465
29 36 44373
10 44 54112
17 24 18142
40 48 15271
15 48 18584
3 9 39070
8 44 29814
2 11 54917
22 49 43712
6 29 53814
25 46 66515
14 43 23837
11 35 23416
11 33 52524
5 49 49004
17 31 14521
5 23 12679
32 33 62582
25 33 22224
35 43 62444
10 25 67391
5 25 51357
20 41 53963
11 15 30328
29 38 52409
36 47 60273
3 35 31392
25 40 25049
11 13 65291
28 33 35869
4 48 18513
28 43 39663
14 33 19980
18 42 26655
22 47 57077
31 44 40708
12 43 55726
44 48 16890
39 45 25624
1 16 41580
11 40 60704
27 33 34282
6 22 67560
20 42 14119
33 41 28948
7 27 46563
6 7 30784
29 46 31627
33 45 51287
10 16 43008
12 24 24071
2 3 48677
5 6 36507
18 45 68034
21 40 21148
29 42 18915
16 24 58306
27 38 54683
13 26 33965
16 35 65739
7 35 20551
19 39 42478
36 38 35401
25 37 30532
2 8 11276
7 19 34621
2 35 13382
9 39 69145
23 37 41511
24 47 29006
13 44 40724
18 32 44358
16 49 65431
1 24 38283
7 42 60620
30 45 24378
26 44 26988
3 16 21403
34 36 46006
1 14 68275
17 20 54411
34 44 12219
30 39 59094
1 37 33061
0 36 22395
31 37 10241
18 44 41976
6 11 10700
1 6 54924
2 48 18083
20 35 18581
18 33 17618
37 41 50562
20 47 43982
10 41 38150
8 27 51838
14 29 20745
4 23 53675
3 43 50982
11 28 64400
7 49 24823
36 37 33848
3 49 38757
2 46 20254
16 31 14273
0 9 29376
10 28 34632
4 19 43404
29 41 40780
2 49 22780
14 45 53821
23 25 37333
23 40 24999
9 49 42914
5 37 60394
11 18 37394
20 24 43156
21 41 44513
20 43 50237
5 35 40222
7 10 52596
4 49 58818
10 46 47840
19 23 33157
13 21 44943
12 16 28132
0 25 27137
34 43 55688
21 35 11806
26 38 20261
13 42 62230
22 31 38773
11 22 56252
14 23 30986
24 46 49027
5 19 12667
0 27 62506
27 36 13658
19 40 46071
21 39 45428
12 17 38582
23 31 29891
23 34 12760
9 14 53581
16 32 14948
17 39 15297
1 40 20975
2 29 60247
35 40 49810
8 30 61212
9 41 30468
4 11 44548
5 45 62173
6 14 20451
9 33 19848
17 38 37115
35 39 50726
4 27 36985
7 11 34945
23 26 64676
37 47 59390
10 37 27175
27 46 33448
29 31 45641
43 45 60304
10 20 12474
1 49 60452
23 49 52809
17 23 28275
9 13 36522
12 46 40379
3 14 56857
10 13 68557
18 31 55283
17 29 40438
13 32 13504
4 46 60580
1 17 63556
18 20 63751
0 47 52532
39 41 66910
26 27 36361
29 48 27079
13 43 11224
10 22 58955
4 16 36927
1 26 50482
5 22 39681
8 17 16055
16 44 15427
6 31 34356
17 27 65445
42 43 44745
32 42 57804
20 40 53228
5 14 47191
11 19 12420
38 46 55822
12 45 42143
13 38 30695
6 47 22344
2 38 12521
2 21 29695
25 32 33043
30 44 57804
5 21 12275
5 16 48690
5 9 60526
32 37 65831
30 42 42440
34 41 55200
33 40 14882
27 43 20943
9 48 12279
43 49 16107
13 37 69899
7 37 51349
26 32 56589
30 37 39579
13 47 57404
20 23 14158
0 2 16077
0 17 64991
1 19 61046
33 38 63881
22 42 60362
10 47 38237
8 43 66301
16 33 46183
19 30 10379
1 30 39138
11 26 10669
33 39 12900
1 44 10975
44 47 33712
4 22 12847
20 27 13250
8 45 12401
44 46 15515
9 17 21223
4 9 56984
9 45 60716
0 42 38249
14 18 67928
38 49 62995
9 46 44356
8 33 19968
9 44 44343
27 35 43087
16 45 61690
46 49 43890
43 44 47246
9 28 67767
27 28 51023
10 38 38291
13 22 61647
0 33 41384
35 44 66528
15 38 10089
32 49 29710
12 36 19049
18 46 51370
10 30 30379
7 28 34093
14 28 52346
40 45 66235
13 34 36940
11 32 67739
19 45 20778
14 34 42455
34 49 31105
12 39 67763
14 19 33170
12 18 59354
25 44 17832
15 22 38307
7 48 33709
3 4 39943
41 46 24793
40 41 66796
18 38 31632
17 49 10825
38 40 56184
42 46 29398
12 20 51848
3 20 24475
13 19 21044
17 28 35375
19 20 33145
16 19 33276
18 34 55085
31 40 42195
8 18 26788
17 48 27606
9 22 18430
38 43 21276
1 36 23840
4 32 45370
7 20 19015
14 31 34619
13 49 29967
3 17 40120
34 48 44524
1 43 65281
8 19 29473
17 47 52356
3 38 45730
5 10 65325
16 22 22298
2 28 60523
1 2 62120
3 8 43930
23 30 13490
2 10 60447
42 44 15470
18 21 55339
21 46 14921
22 36 26514
15 29 32856
5 28 50209
2 24 61933
2 12 17940
21 33 34546
27 45 18720
3 47 47689
23 24 42976
12 23 29997
8 42 61530
18 49 30488
15 41 51155
31 32 38291
13 23 62599
6 24 33417
28 38 12814
40 44 57879
23 29 52890
4 37 67313
3 24 33608
17 19 48214
11 45 31753
8 16 36274
14 25 52476
19 25 65683
7 24 39764
12 49 42922
13 33 11152
30 47 37245
18 41 59986
32 40 39809
12 44 60101
28 45 52338
3 39 43884
35 45 20183
0 40 29026
30 49 64747
6 43 57873
19 47 62003
13 20 36886
5 33 61545
48 49 34633
7 45 18040
18 28 29835
31 34 27231
8 21 41457
25 28 44792
6 36 15109
24 32 36489
19 36 42104
22 40 50861
13 17 26845
44 49 63857
10 49 29277
3 28 21464
8 26 11681
3 36 11183
15 32 66529
20 49 24976
27 47 38429
21 44 68658
4 43 66928
13 29 40672
29 37 50995
3 7 52954
2 31 62999
5 27 10020
11 23 47700
26 35 63014
5 7 14165
33 35 14586
15 21 66701
13 16 38799
19 48 34769
5 20 26535
7 12 56030
12 38 18369
9 34 13469
0 12 13282
6 46 44858
22 44 45573
20 26 54143
38 41 13846
17 22 51572
22 33 13419
29 49 25310
43 46 65396
16 28 26745
10 15 21838
4 5 20371
5 32 55174
9 30 32638
21 22 29441
14 20 37989
7 44 13632
25 43 12394
8 24 43130
27 44 25796
13 18 62237
37 49 48286
22 43 42104
24 34 66823
15 46 44986
18 26 10902
9 29 43735
28 36 61521
25 49 69076
5 39 52104
15 24 64990
18 35 12357
12 47 39104
4 12 52705
32 41 68643
38 39 42950
0 24 46419
22 27 24204
25 47 10402
4 25 41814
36 40 40949
5 31 34384
29 33 64328
17 34 38266
13 35 57022
1 12 23768
10 26 66255
4 45 60655
13 25 38305
34 37 51527
18 25 28593
6 9 30541
7 26 29812
0 10 60697
24 40 39507
0 44 64798
0 3 13742
1 31 13241
10 36 68461
4 41 12817
23 46 55345
19 26 15592
12 19 15174
16 17 24448
47 48 10439
30 36 13816
0 7 69542
3 6 46858
1 48 28020
31 36 69944
15 47 18671
25 39 58969
12 33 34327
14 41 25141
6 45 39377
15 28 21349
30 32 51052
22 45 47774
0 23 24146
1 29 19356
32 38 29300
13 48 42739
23 39 52040
11 43 61255
4 36 45578
7 14 21546
3 19 56052
5 13 49320
31 45 36930
4 34 66655
28 39 52137
28 30 22274
23 47 12246
15 45 69454
11 34 48866
12 31 12685
23 32 25412
39 48 48407
8 49 61686
13 46 55575
12 26 60493
14 22 22499
9 26 44544
17 26 24820
2 30 37640
18 37 26063
11 47 48312
25 48 30834
28 42 63838
2 43 62458
20 48 40190
4 31 23137
7 15 47339
35 49 34373
28 31 14392
5 47 22916
0 13 58062
0 34 12586
16 18 14379
36 43 24992
10 21 69242
6 13 56516
45 46 37266
5 30 23630
11 31 68113
12 15 28274
1 42 26316
29 45 23524
17 46 66681
15 18 30144
3 40 69100
24 27 57174
22 48 42644
7 16 55786
27 32 24136
1 23 22426
23 41 11848
18 19 62448
3 32 43261
4 7 65686
4 26 67048
12 42 25593
28 40 30966
22 23 44386
17 35 49966
4 21 35358
1 13 69445
29 35 38028
13 39 50087
9 24 13823
13 36 53020
35 41 49328
28 49 12482
15 37 32428
21 37 62959
5 42 10594
10 29 50703
8 15 31417
7 33 24118
17 21 59526
19 34 51561
25 41 35360
21 47 58842
19 44 36347
14 24 21145
9 15 25120
4 40 48774
24 45 35137
7 36 17567
12 30 22034
33 36 30822
2 41 14614
37 42 37627
5 40 51788
20 21 61143
31 46 17593
0 15 29288
40 47 60588
2 6 57764
5 43 69376
31 49 64411
33 42 52926
17 42 60846
11 39 66893
6 30 15353
1 35 53804
4 28 19629
0 19 68199
7 29 27363
19 42 45891
11 12 57725
32 47 21067
15 49 11250
24 42 58709
0 6 47414
4 47 34539
21 31 13829
0 39 26187
2 22 59676
24 49 33539
14 47 38221
4 10 20497
3 44 50297
10 23 17991
19 38 14428
19 41 41439
1 3 37727
12 13 45859
15 44 32026
32 36 25490
7 39 45234
25 34 38580
9 23 68416
25 35 48223
1 22 47615
24 26 25911
10 35 44169
18 23 57245
28 37 24110
32 45 61533
8 48 33135
19 21 23977
12 27 12599
4 18 46528
3 37 24828
3 42 62156
27 41 11066
17 40 28657
12 34 30486
0 1 60742
19 22 64340
40 46 10849
18 43 23382
15 43 44636
23 28 18840
37 44 39953
22 35 16074
14 36 46567
40 42 15811
9 27 50244
7 41 14199
32 34 63189
14 32 18823
26 41 12614
6 15 41411
6 41 68581
1 8 40669
15 16 15579
37 46 55825
27 31 66922
7 34 19254
19 31 31102
21 26 33041
3 41 33996
2 47 19773
26 49 47869
24 37 26152
30 43 20839
3 23 18669
26 34 46638
21 32 23724
23 43 13008
10 12 59630
29 32 49249
6 17 47644
1 20 68471
26 40 31344
42 48 53718
8 10 45037
15 19 49298
2 16 46104
9 38 61380
36 49 42486
16 34 54927
1 32 16136
38 44 26039
9 40 53508
22 28 46805
26 45 43762
17 45 51475
45 49 43726
8 38 53016
6 20 24720
4 42 66767
8 40 29155
6 21 34493
17 30 56779
30 33 45307
15 40 57475
3 25 65448
3 46 34087
22 30 23341
6 32 20598
22 39 23716
6 27 14732
0 29 58242
21 48 34329
6 18 36076
39 43 54102
12 14 21509
5 46 27517
27 37 30206
1 46 12888
8 36 12145
10 14 27275
28 41 19024
9 35 28185
2 19 22925
8 11 67973
2 20 14089
12 25 16543
11 14 41698
12 28 57105
4 33 31263
10 11 50608
5 11 16259
9 42 67899
8 34 49529
28 47 63709
24 29 67516
24 31 44976
1 41 39938
39 46 33000
2 42 67717
41 48 65798
3 18 49875
6 26 55958
28 34 42269
26 33 28094
41 44 52202
14 21 53778
33 37 45611
25 31 24550
6 48 68809
0 43 47756
33 47 41826
8 14 17833
3 33 18083
4 44 66894
0 31 15805
21 45 22172
21 29 13436
13 28 59646
41 49 21420
24 41 46842
15 33 52396
30 48 39822
22 46 44740
23 48 31924
18 40 45674
3 26 54399
21 27 19042
2 26 15611
6 37 29541
27 48 16758
12 37 23551
1 4 69416
30 46 14858
24 33 67964
1 28 27509
15 30 57061
36 46 51741
6 42 63120
8 39 11610
8 32 50550
11 37 40876
2 27 55579
15 34 10525
8 46 61102
2 45 52473
16 43 28473
19 35 13274
6 8 55909
31 41 30261
8 22 24694
35 37 32751
23 36 12657
33 44 54516
6 38 19633
2 7 46724
8 25 30189
24 28 16174
25 36 55767
15 31 47944
22 37 35715
20 25 14667
29 43 13637
29 34 35131
16 26 19526
14 39 11600
4 17 64783
23 42 18729
6 44 65485
0 46 57903
27 42 32482
16 46 58177
5 17 40921
17 18 18061
40 49 58702
7 9 32022
15 25 12676
3 21 29317
14 44 47439
37 39 58585
9 10 49578
45 47 62133
9 43 33478
10 24 64378
25 30 46649
24 38 55255
20 44 41102
3 27 18980
10 32 61429
20 46 26868
17 44 56924
34 45 39287
8 28 43678
30 35 12704
21 24 16560
6 16 53204
26 42 14304
33 48 11342
0 37 61933
15 26 69789
12 21 11387
4 8 24415
5 24 57965
15 36 42308
15 39 44619
27 39 58809
20 29 16473
30 34 47295
28 29 18125
0 30 53912
39 47 48022
29 30 69847
10 34 46045
13 30 11500
6 25 64224
1 47 34836
7 13 68898
6 34 35325
24 44 55959
1 25 12468
1 5 64336
19 24 55026
5 12 41755
41 42 38014
4 6 57730
11 17 48315
19 28 33360
8 31 14176
41 43 61801
32 46 37436
46 48 13965
8 35 63188
1 21 63994
31 39 14072
6 12 47639
26 31 38612
7 21 15024
19 43 54112
