50 50 653
25000 25000 25000 25000 25000 25000 25000 25000 25000 25000 25000 25000 25000 25000 25000 25000 25000 25000 25000 25000 25000 25000 0 25000 25000 25000 25000 25000 25000 25000 25000 25000 25000 25000 25000 25000 25000 25000 25000 25000 25000 25000 25000 25000 25000 25000 25000 25000 25000 25000
2609 3292 6739 8933 6803 5984 10355 7650 8084 4246 5219 5776 6641 7816 4374 3847 5033 6429 6719 3660 7358 5396 5219 8345 4182 6387 7391 5542 5038 10349 6400 5558 6051 9568 3792 4898 9064 7159 11178 8697 4781 6033 6661 5299 8845 11656 9977 5301 8663 3947

2368 1148 3204 4509 4028 2752 5457 3845 4791 2504 2396 2628 3220 3859 1838 2266 2285 3117 3299 2596 3680 2582 2296 4205 1779 2994 5115 2491 2189 5399 3046 2499 2838 4940 1446 2351 4642 3507 6634 4369 2035 2890 3943 2607 5984 6919 5919 3574 4385 1538

38119 28711 4914 17161 44553 7030 26409 19622 50450 35490 13876 9147 14977 9987 21848 35330 20546 15111 25670 37312 29954 23679 9828 13734 19303 6568 57472 8895 11180 22957 12390 7341 15489 21294 21806 22713 18992 16657 67393 15523 12297 23856 48568 27686 66066 66973 59161 44864 16203 22621

94158 75406 32372 11548 94124 35112 29982 21024 105322 79267 29681 21275 20071 28595 64292 80186 47630 25921 53179 95094 61702 69206 23096 42165 48700 24701 135170 25118 40527 60515 47246 30416 52911 19804 61669 53847 15191 17163 141838 16712 34762 49569 105288 76944 142841 137025 121516 110118 12183 58878

1432 1277 1715 1883 566 1580 2152 1577 838 876 1061 1250 1363 1923 1524 955 1016 1318 949 1655 814 1789 1133 2087 1015 1583 2005 1269 1379 2512 1815 1381 1823 2008 1383 947 1901 1497 1685 1925 1108 908 1169 1798 2040 1600 1240 2003 1836 1237

29389 21549 6421 15994 35203 3514 23701 16197 40108 27663 10383 7483 12332 10627 15840 27251 15232 12444 20193 28704 23757 17769 7029 12654 13919 6260 45474 6253 6966 20326 9090 4947 10956 19446 15805 17035 17517 13730 54202 15093 8371 18684 38375 21102 52622 53852 47354 34986 15197 16483

181956 151443 81972 45118 179349 86890 28499 43134 199791 153664 65767 58805 48555 75277 138615 155294 97584 53176 107361 187467 122469 147325 56998 99391 102384 68433 259515 65619 96429 131920 108338 78565 118381 37594 126439 108605 40319 50569 262507 54213 78328 100962 199791 160389 266358 256048 228497 214099 46244 120958

70158 56137 33391 20160 68960 32030 26544 6370 78353 57158 16770 13571 8861 34044 51550 57907 31390 10985 35882 72690 42824 57376 12741 45125 33595 25346 105796 16702 32220 60071 42892 24339 46527 21820 44649 36454 21085 12128 107171 24366 22542 32942 78353 60248 108940 104203 91544 84928 20704 42130

1719 1555 2020 2186 797 1877 2480 1869 697 1127 1324 1525 1646 2242 1817 1211 1359 1593 1205 1956 1061 2099 1395 2416 1275 1880 1940 1538 1663 2869 2127 1665 2135 2327 1668 1203 2218 1789 1599 2239 1374 1156 1050 2109 1977 1509 1125 2149 2144 1511

1038 879 1459 1709 1024 1320 1995 1402 1305 464 869 1050 1181 1674 1133 546 738 1134 1066 1268 1206 1406 928 1875 768 1323 1950 999 1145 2314 1562 1115 1500 1846 988 667 1736 1318 1983 1748 832 916 1087 1416 1986 2088 1720 1628 1668 837

282030 211282 141015 156813 275986 123980 205925 104130 324205 216434 12638 46089 66146 165880 198300 220212 86408 58178 109075 294806 144106 241573 25277 212999 97536 105504 461992 48149 106122 288418 178793 81738 185456 180442 162789 111960 161484 89774 468792 165811 55499 94239 323380 245901 477721 453818 389938 356556 149807 140603

50691 38013 17684 20961 51754 16554 32069 15322 59686 41572 8429 1231 9073 20938 32781 41335 20566 9254 24295 52228 30058 37595 2463 29549 19775 11074 79235 3830 16712 41956 25571 10170 28589 26227 28724 24385 23131 11333 83247 20927 10350 21854 59166 41335 84557 81009 70500 62387 19673 26656

87703 68425 38207 29484 86090 36375 42477 15319 98955 70203 15832 11526 5185 43485 62653 71210 35513 11563 41561 91111 50906 70496 10371 57448 38482 27377 135275 15741 36631 77569 50998 26021 55891 35788 53362 42330 30731 11599 137529 32581 23565 37602 98735 74362 139911 133534 116492 107586 27615 49972

8994 7014 1953 3076 10270 2400 5044 4089 11525 8342 3428 2289 3530 1217 5553 8308 5162 3558 5938 8844 6878 5947 2434 2672 4897 1741 13134 2275 3283 4634 3544 2352 4204 3955 5544 5623 3465 3423 15131 2520 3406 5551 11125 6799 14963 15041 13379 10451 2868 5718

22109 13806 17181 27575 34163 13983 36054 25399 39559 23393 16297 15828 21148 21809 7310 21709 15513 20779 22678 21463 25368 12569 14621 24038 11931 16866 39913 14091 11169 32479 15843 13360 14375 31372 9640 15974 29250 22701 52897 26598 12776 19787 33563 13114 48346 54681 47531 28374 26698 11815

16807 14001 25640 30561 19556 22905 35602 25154 24505 9679 15763 18421 21255 29433 18478 8135 13451 20437 19232 20868 21699 23300 16271 32126 12619 23236 35094 17533 19253 39867 26303 19556 24957 32986 15933 12196 31041 23680 36455 30709 14579 16581 19881 23476 36497 38302 31816 27205 29842 13261

10299 7390 7031 8472 10011 6048 10492 6305 12559 6963 2542 3918 4743 8551 6856 7119 1531 4415 4164 10825 5152 8788 3062 9992 2712 6068 17458 3782 5031 13093 7754 4593 8294 9443 5401 2666 8664 5714 17692 8842 2599 3101 11362 8989 17709 17551 14924 13365 8184 4483

175305 136474 78453 73100 171987 74683 92515 36644 198000 139301 27445 23562 23034 89311 126332 141375 67935 11423 80376 182317 99603 144881 22846 118038 74042 56173 274079 32233 75211 159433 104768 53383 114834 79433 107218 81959 75663 36305 280374 79396 45918 72233 198000 150423 282712 269592 234531 216209 69254 97680

14104 10872 9452 10186 10309 8668 12441 7754 12529 10040 3542 5082 6005 10597 10274 10214 4313 5638 2061 14718 4237 12438 4123 12767 5635 7817 21789 5177 8073 16239 11122 6723 11726 11267 8646 5230 10401 7099 19186 10594 5350 2795 14964 12662 22071 18497 15556 17561 9863 7618

4719 4738 8597 11897 10320 7583 14113 10500 12031 6905 7254 7875 9152 10064 5467 6371 7005 8870 9277 3656 10130 6729 7312 10878 5869 8497 9506 7622 6695 13554 8172 7390 7707 13238 5406 7151 12428 9845 15675 11583 6547 8360 10130 5845 12180 16314 14559 5847 11614 5613

2204 1718 1581 1691 1302 1463 2030 1326 1635 1593 693 924 1063 1760 1628 1619 733 1008 555 2296 390 1953 780 2079 931 1335 3066 939 1298 2600 1756 1171 1846 1853 1384 871 1722 1227 2673 1752 889 505 2041 1987 3108 2532 2090 2723 1643 1229

33087 23443 23170 37575 50155 19559 48702 36072 57236 36022 26166 23493 30494 29263 14919 33813 25682 30655 35084 31815 38614 11166 22333 29102 20982 23524 56025 21214 17380 40178 17905 20255 15978 42538 17975 26288 39775 32512 74738 35911 21002 31291 49368 15978 67091 77038 67697 40884 36405 20830

29547 21819 12087 14277 30208 10393 19877 9670 34960 23989 3801 2252 5847 14071 19650 23844 11199 6260 13471 30993 16984 22873 0 19319 10703 8017 46945 2293 10145 26881 15889 6157 17728 16757 16158 13513 14856 7665 50147 14257 4959 11984 34713 24051 50189 48040 41634 36675 13492 14897

19258 15154 4883 8660 22473 5240 12851 10822 25140 18677 8930 6798 9435 4715 11943 18148 11947 9496 14265 19106 16203 11616 7106 3553 10898 5631 28226 6684 7117 7725 6509 5973 7911 10537 11924 12593 9496 9405 33421 7486 7881 13444 24198 13429 31946 32615 29081 22522 8227 12293

32600 22120 24063 31410 36263 20115 39682 24603 43406 26098 11050 13644 18976 29538 20197 24684 10012 17796 19495 34493 23056 27157 10541 33424 5270 20594 59259 12362 14845 44597 26668 15282 26495 35297 14936 10622 32488 21866 64743 31379 8099 15669 41636 27879 64804 63420 53958 43640 30250 11650

19133 14415 4124 7502 21736 4258 12148 8180 24693 17191 5611 2952 5851 5337 11613 17111 9697 5918 11525 19369 13673 12852 3268 8547 9073 1634 29479 2801 5623 13172 7620 3075 8745 9583 10952 10784 8420 6693 33190 6967 5560 10615 23935 14794 33148 32667 28750 23156 7022 11361

175156 190444 281463 355282 238383 258749 406770 325852 225170 205569 253234 264755 294457 314332 211356 210756 242970 289434 287742 170788 273327 239639 248102 332568 222222 279224 124051 257875 238875 392519 271962 254436 261534 380835 205405 233251 365874 308872 262243 348348 234998 267212 177231 219819 183947 276549 279934 151733 352989 210046

31417 23339 11056 15023 33379 9282 22113 11424 38298 25597 5582 2430 7436 13292 19279 25460 12766 7551 15708 32571 19387 22351 1601 18629 11698 6794 49650 800 9022 26549 15038 4846 16963 18384 18146 14626 16408 8878 52990 15002 5683 14150 36827 24738 53033 52629 45921 39055 14201 16091

22292 15532 8585 15815 27305 6079 22449 14122 31534 21286 7458 6609 10790 12212 11525 20448 11037 10887 16351 22629 18460 14092 5916 13959 8953 7422 37089 5247 2958 20575 9380 4675 9917 18779 10579 12122 17129 11995 44699 15038 5121 14086 30040 16086 42325 43386 37782 28046 15128 11164

35887 29205 12480 18630 41122 13061 25455 22151 45465 34940 19069 15598 19892 12207 23976 34080 23982 19991 27757 35640 30912 23444 16099 10314 22275 13699 50490 15413 16118 8049 15128 14256 17411 21687 23945 25034 19991 19843 58502 16718 17362 26420 43931 26395 56547 57636 51882 41202 17925 24545

12035 8916 3727 7937 15528 2988 11116 8229 17556 12413 5826 4628 6632 5471 6476 11884 7270 6678 9817 11792 10828 6101 4440 5425 6843 4123 18722 4120 3693 8596 2220 3580 3285 9358 7288 8021 8567 7210 23593 7374 4435 8731 16331 7478 21757 23235 20550 14388 7608 8162

16816 12300 4673 8907 19038 3674 13346 7880 21863 14695 4330 2861 5655 6838 9623 14610 7526 5719 9982 17041 12034 11338 2398 8891 6931 3300 26701 1952 3900 13310 6886 1199 7961 10895 8991 8573 9784 6460 29982 8388 3574 9112 21992 12670 30199 29780 26037 20660 8448 9382

33291 24043 13451 25678 45466 10386 35106 25927 51477 34720 17347 15249 21192 18623 16808 32845 22433 21329 29985 32571 32982 15695 14693 18486 19385 13751 53121 13742 10951 27888 8982 12141 7346 30148 19402 23889 27802 22904 67566 24266 14025 26766 46032 19779 62514 69570 61607 40269 24685 21808

946126 772783 372672 171891 941607 399465 229188 203364 1052973 801673 322800 261306 229995 336196 681269 810550 496143 258078 549405 987768 631719 728398 261790 467575 512606 298912 1361570 298428 451435 644793 516318 354111 575875 130895 640112 556184 145421 201588 1394657 221440 377998 514543 1052973 803126 1415639 1359472 1209370 1121245 178024 610899

11074 6516 9745 14620 17265 8055 18070 12049 20125 11582 7198 7592 9802 12191 5780 10692 6792 9607 10578 11927 12000 8559 6353 13369 4891 8961 21336 7495 5951 17830 10200 7109 9514 16229 3176 7028 15116 10875 27174 14096 5378 9051 16956 8848 24582 28075 24330 15579 14222 4326

15829 11730 12055 14909 14887 10463 18181 11400 18098 9950 5307 7379 8870 14516 10865 10202 3806 8340 7557 17293 9159 13994 5984 16447 4154 10495 26946 6793 8459 21470 13235 8116 13697 16483 8500 2992 15221 10444 27326 15353 4886 5837 17073 14319 27353 27097 22842 21406 14443 7022

260549 211357 97602 40426 259264 105128 73603 59561 291477 219479 83331 65940 56946 87232 185247 222003 132614 73007 147849 269818 171160 198738 65986 124584 137295 76540 378755 76494 119995 174969 138442 92233 155375 45566 173638 149685 32993 48961 388070 54606 99025 137846 290926 219984 394035 378067 335391 310337 42170 165240

137814 108160 60774 37261 137095 58008 63568 27330 156514 113056 30982 20497 15076 61549 97731 114578 60691 24757 69875 142959 83983 109515 20525 84066 63513 44425 209073 26860 58395 114439 80082 42378 87468 46721 85421 70981 39142 10262 214743 41936 40442 63900 156127 117123 218284 208713 182987 167828 34439 80359

45190 41683 54470 59493 29821 51403 65177 52117 27688 32544 40378 44494 47243 59211 47631 34351 38581 46820 37823 48504 35461 53659 42775 64357 39250 51465 40960 44335 48318 73399 57395 46882 55712 61907 44450 37012 59475 50292 21387 60630 40660 36889 30385 54285 34060 23696 24243 45428 59070 41092

22574 17974 7146 4104 23542 8089 8618 6428 26371 19848 7822 5211 5621 5744 15256 19762 12226 7047 13579 22804 15670 16305 5658 9081 11939 5543 32644 6154 9417 13583 10795 6937 12308 6121 14604 13612 4997 4907 35329 2829 8519 12693 26231 18261 35444 34157 30344 26490 3636 14436

80057 56481 38011 53182 85773 30699 70728 39587 100523 63100 15801 16494 27925 49316 49862 62659 25677 26917 44210 82915 51564 61965 10086 58183 22567 30846 133135 13847 23134 81255 43390 19877 47404 61209 39209 31140 55409 33472 142906 53119 5043 36309 95817 63289 143032 141855 122313 103360 50787 35364

58028 43758 39723 42962 45043 36260 52917 32225 54677 40086 13627 20427 24504 44777 41119 40854 14800 22884 13348 60736 18235 50669 16196 54356 20636 32504 91957 20846 31401 69686 44861 27673 47528 47737 33928 18849 43884 29335 84235 44763 19379 8098 61825 51661 93199 81191 68206 73289 41538 29391

11687 10319 16111 18256 9625 14832 20714 15620 8793 7559 11041 12598 13719 17960 12502 7885 9913 13320 12732 13667 11825 14853 11550 19329 10071 15090 13193 12158 13052 23103 16310 14031 15654 19439 11261 9301 18490 14901 14420 18590 10725 11440 5775 15097 13994 15320 12357 14935 17905 9951

19812 14312 16981 25818 30875 14743 32575 23312 35262 22118 16250 16268 19856 20756 9331 20750 16000 19556 21825 17087 24012 9543 14550 20656 13087 17100 32087 14856 12481 27518 13718 14262 12525 28893 11225 16375 27181 21506 46393 24875 13050 19475 30675 7275 38943 47856 42043 22706 25093 12993

107792 115691 168663 190737 120397 157010 210766 169251 113618 103562 131938 144628 153760 185526 134768 109304 122750 150511 145721 113954 138325 149278 136084 193650 124879 163256 89976 141042 142499 224408 164573 150483 160511 200373 123367 117764 192641 163396 108212 193454 129361 135188 93057 139110 68042 115551 117288 104178 187935 125748

50320 46673 57109 60151 29943 53921 66703 53124 27725 37172 40919 45381 48057 62039 52583 39050 40589 46994 38262 53765 35074 58814 42605 65905 40553 53307 45922 46572 49175 75966 59473 49220 61003 63303 49184 38958 60774 51227 25572 61352 42752 37291 34927 59519 38748 21302 24143 50567 59235 45803

13547 12443 15576 16502 7348 14610 18481 14368 6676 9565 10672 12024 12834 17069 14205 10134 10572 12512 9867 15145 8902 16103 11183 18240 10561 14424 14940 12384 13172 21287 16292 13186 16755 17451 13197 10078 16686 13794 8777 16860 11227 9573 9046 16305 12767 8172 5591 17640 16219 12151

1568 1572 2542 3371 2975 2287 3928 3020 3140 2117 2205 2361 2682 2911 1756 1983 2142 2611 2713 1300 2927 2073 2174 3115 1857 2517 2006 2297 2064 3788 2435 2239 2318 3664 1740 2179 3495 2856 3556 3292 2072 2483 2603 1850 2678 3717 4040 1087 3300 1792

101089 81178 34056 14036 101528 37057 34221 24448 114155 85625 31329 21905 20807 29883 69009 86632 50983 27212 57059 102699 66392 74352 23899 44780 51935 25656 147937 26114 42986 64873 50343 31915 56510 23076 66429 57791 18025 17622 155129 16909 36673 53106 114118 82825 155275 148907 131888 119151 11949 63080

7969 4856 7095 9693 10916 5941 11999 7886 12864 7029 4190 4847 6351 8766 4903 6421 3907 6030 6493 8552 7464 6801 4001 9570 2614 6560 14979 4498 4503 12617 7978 5294 7448 10753 3124 4073 9987 7090 17673 9684 3335 5450 10694 6998 17196 18323 15742 11047 9376 2000

0 1 18765
0 3 69276
0 4 61920
0 5 69073
0 7 16848
0 9 66410
0 10 27020
0 11 11828
0 12 36414
0 13 63679
0 14 57331
0 17 38052
0 19 69727
0 20 33308
0 22 68940
0 23 43010
0 24 36453
0 26 38665
0 29 28607
0 30 46865
0 31 37615
0 32 39773
0 34 32585
0 36 36989
0 41 36868
0 45 29090
0 46 43887
0 47 36761
0 49 11798
1 2 25479
1 4 53094
1 6 29434
1 7 21589
1 10 21552
1 11 51646
1 15 45501
1 16 56370
1 18 66609
1 19 62312
1 20 55524
1 21 48869
1 22 55478
1 25 44400
1 27 55989
1 28 14726
1 31 16214
1 32 23198
1 33 54145
1 35 16867
1 40 58265
1 41 29563
1 48 60455
2 5 56544
2 6 10764
2 7 26069
2 8 30191
2 10 25077
2 11 34065
2 13 61306
2 14 21528
2 15 66883
2 16 53250
2 17 13898
2 20 54276
2 24 58407
2 27 21990
2 30 43495
2 33 27356
2 35 64676
2 36 51995
2 37 68150
2 38 16187
2 39 65418
2 40 28286
2 42 30148
2 44 18555
2 48 65810
3 4 39305
3 5 68334
3 6 12980
3 8 44008
3 12 22027
3 13 59627
3 14 63032
3 16 47608
3 17 27014
3 18 22969
3 21 41539
3 23 67882
3 26 17952
3 29 40843
3 31 19114
3 33 63573
3 34 28995
3 35 34353
3 36 10565
3 38 23448
3 39 15959
3 46 69219
3 47 27537
3 49 40277
4 7 58716
4 11 46695
4 12 54593
4 13 52164
4 14 17739
4 19 50252
4 20 69352
4 21 36765
4 23 54302
4 24 33095
4 26 46434
4 27 69296
4 29 27938
4 31 69536
4 32 33364
4 36 41636
4 37 61402
4 38 47758
4 39 58625
4 41 57197
4 44 28179
4 47 30367
5 6 45045
5 9 44850
5 14 63968
5 15 69461
5 16 42712
5 17 18219
5 18 18797
5 20 27502
5 21 38423
5 22 54106
5 24 34861
5 25 46304
5 26 10371
5 27 57193
5 28 26573
5 32 37874
5 34 33820
5 35 54447
5 40 57099
5 41 58217
5 43 33958
5 46 64400
5 47 57621
5 49 32842
6 8 66748
6 9 54700
6 10 35960
6 11 34795
6 12 62848
6 13 63551
6 14 59697
6 15 19544
6 16 47915
6 17 22119
6 18 18231
6 19 59123
6 20 67333
6 22 35262
6 23 36575
6 24 42687
6 26 20014
6 30 54376
6 34 46770
6 35 52899
6 36 52852
6 38 61084
6 39 15682
6 40 55299
6 42 56914
6 43 42960
6 45 26520
6 47 36041
7 9 19278
7 10 44842
7 13 12573
7 18 31909
7 22 60653
7 23 69236
7 27 41581
7 29 25226
7 30 24793
7 31 26379
7 33 69701
7 34 68353
7 35 38331
7 36 22569
7 39 15075
7 40 51688
7 42 22163
7 43 33259
7 44 58175
7 47 21328
7 48 34743
8 10 10253
8 12 64141
8 14 68825
8 16 64511
8 18 45938
8 19 47243
8 21 59406
8 22 42570
8 23 52539
8 24 63299
8 25 46348
8 26 23980
8 27 65177
8 28 49074
8 30 43216
8 31 67139
8 33 51863
8 34 28621
8 35 48842
8 36 24662
8 37 47596
8 41 47629
8 45 34600
8 47 29778
9 10 10934
9 11 46731
9 12 57391
9 15 23303
9 16 15489
9 18 16215
9 19 35143
9 21 69302
9 22 39946
9 23 39448
9 24 37712
9 25 54539
9 27 36673
9 28 69883
9 33 36948
9 36 24254
9 37 51730
9 48 46999
10 11 10842
10 12 11332
10 14 29707
10 15 59945
10 16 56330
10 17 44239
10 18 60254
10 19 37068
10 20 31668
10 24 67736
10 26 53375
10 27 20340
10 29 31350
10 30 22280
10 33 28742
10 34 64215
10 37 41159
10 38 24067
10 39 53510
10 40 64025
10 41 23964
10 42 65149
10 43 20678
10 44 41427
10 45 24766
10 46 20572
10 47 48426
10 49 19871
11 12 63893
11 14 60813
11 22 34707
11 23 45583
11 24 36932
11 26 41358
11 29 45920
11 30 32240
11 31 23029
11 34 37636
11 36 28449
11 37 32989
11 40 57456
11 41 53825
11 43 29408
11 44 17188
11 47 37162
11 48 34670
11 49 56034
12 13 40132
12 18 66229
12 19 53092
12 20 39099
12 21 14870
12 24 45129
12 25 27248
12 30 49335
12 31 37693
12 32 19587
12 33 13620
12 34 11847
12 35 33125
12 39 54714
12 40 15326
12 42 42983
12 44 54464
12 45 27540
12 46 58735
12 49 67663
13 17 24697
13 18 60507
13 19 28620
13 22 19338
13 23 14957
13 24 14568
13 25 48365
13 26 69553
13 28 19055
13 30 44142
13 31 54770
13 32 11245
13 35 17703
13 37 68211
13 45 35303
13 46 66026
13 47 66709
13 48 28678
14 15 37579
14 16 25129
14 18 56196
14 20 28233
14 21 33596
14 22 31637
14 24 60222
14 27 42945
14 28 42833
14 29 30992
14 31 64054
14 33 35483
14 37 18391
14 40 19152
14 41 38824
14 45 39013
14 46 52671
14 47 66084
14 48 53498
15 17 20480
15 20 60839
15 21 52104
15 24 46461
15 26 63611
15 30 68677
15 31 17899
15 33 60571
15 36 62853
15 37 42756
15 38 28119
15 40 52094
15 42 10550
15 43 68099
15 44 32019
15 47 16615
15 48 24418
16 18 25153
16 19 19951
16 20 54234
16 21 34616
16 24 57136
16 30 56130
16 31 50914
16 33 18695
16 34 62013
16 35 14801
16 38 56450
16 41 66146
16 43 67114
16 45 40838
16 49 40451
17 18 45630
17 21 54031
17 24 29128
17 26 11911
17 28 58361
17 29 43036
17 31 50490
17 32 22206
17 33 22981
17 36 60608
17 37 14655
17 41 53461
17 43 55054
17 44 37601
17 46 15864
17 47 17694
17 48 35778
17 49 38043
18 19 67572
18 20 39428
18 24 20474
18 27 52763
18 28 35422
18 29 67331
18 31 28737
18 33 19750
18 37 59340
18 38 63396
18 40 60969
18 41 28067
18 43 53245
18 47 28897
19 24 63302
19 27 49779
19 28 65987
19 30 37404
19 31 17714
19 35 49441
19 37 36794
19 38 39091
19 40 69941
19 42 41265
19 43 39079
19 45 26590
19 46 19253
19 47 39343
19 48 35166
19 49 18997
20 21 37387
20 23 62125
20 26 62860
20 27 52900
20 29 57244
20 30 45251
20 31 15862
20 32 64042
20 33 64351
20 36 29705
20 37 31549
20 38 10177
20 41 18292
20 42 66042
20 43 46368
20 46 59099
20 49 32259
21 23 38121
21 24 65348
21 25 44148
21 26 43031
21 28 59887
21 32 29143
21 41 55320
21 42 61439
21 46 24749
21 47 41022
21 48 54327
22 23 68431
22 25 56789
22 29 42639
22 30 36050
22 31 19292
22 34 15712
22 35 44013
22 36 61275
22 37 13885
22 40 44323
22 41 68391
22 43 43175
22 44 69313
22 45 64431
22 46 12011
22 47 20612
22 49 19626
23 25 51213
23 26 64662
23 28 61814
23 29 12959
23 32 19764
23 34 18155
23 35 36486
23 36 40474
23 37 47647
23 39 26010
23 40 60736
23 41 34473
23 42 12275
23 44 44228
23 47 46251
23 48 29505
23 49 20848
24 25 28067
24 26 59973
24 29 30257
24 32 23356
24 35 12175
24 37 48889
24 39 43168
24 40 51882
24 41 45988
24 42 53719
24 43 12789
24 44 52403
24 45 55140
24 46 69782
24 47 11540
24 48 25215
25 27 17942
25 28 34472
25 36 10526
25 37 30848
25 38 30519
25 39 44153
25 43 30176
25 44 49696
25 45 13887
25 47 20886
25 49 18152
26 27 11686
26 33 68634
26 34 37779
26 35 46039
26 36 34879
26 37 26089
26 38 27905
26 40 35400
26 41 17276
26 45 26166
26 48 41455
27 29 25864
27 32 57507
27 33 56684
27 36 20090
27 37 10594
27 38 15131
27 40 60200
27 41 21739
27 42 17981
27 43 69050
27 45 62228
27 48 43113
27 49 47391
28 30 34898
28 31 23839
28 33 11754
28 34 24093
28 35 25585
28 37 31684
28 38 28283
28 39 62308
28 45 59571
28 48 52193
29 30 19348
29 33 16990
29 36 56132
29 37 43813
29 42 51625
29 43 12098
29 45 52464
29 47 42035
30 31 15899
30 32 51758
30 33 55077
30 34 61139
30 36 38785
30 37 27633
30 39 69341
30 40 62312
30 41 48515
30 42 56617
30 44 44119
30 45 46829
30 46 54169
30 48 25241
31 32 66999
31 34 42813
31 36 14314
31 37 18288
31 41 64827
31 43 43342
31 44 57434
31 45 24011
31 48 25818
32 33 18373
32 40 33130
32 41 58683
32 43 56983
32 44 18412
32 45 50765
32 47 60460
32 49 27120
33 34 64429
33 35 28381
33 36 28876
33 38 67080
33 40 42283
33 41 18520
33 42 63707
33 44 33852
33 45 38671
33 49 56500
34 35 27368
34 36 65259
34 37 37571
34 38 16754
34 39 46288
34 41 41262
34 43 16399
34 48 41165
34 49 28579
35 41 40600
35 47 67094
35 48 66857
35 49 31279
36 38 53989
36 39 57396
36 42 62389
37 38 69251
37 41 27146
37 42 52452
37 43 19494
37 45 52703
37 46 20267
37 47 16631
37 49 40379
38 39 59468
38 43 12167
38 45 34359
38 46 52200
38 47 69271
38 48 45009
38 49 31452
39 41 17298
39 42 21447
39 43 68995
39 44 60677
39 49 39236
40 41 64711
40 44 49231
40 46 69411
40 47 43905
41 42 37804
41 43 12728
41 44 57994
41 49 15025
42 43 51157
42 44 28475
42 45 60381
42 46 25895
42 47 55568
43 44 33067
43 47 53273
43 48 28591
44 45 31319
44 46 54059
44 48 68406
45 46 49783
45 48 34576
45 49 27878
48 49 39734
