50 50 842
25000 25000 25000 25000 25000 25000 25000 25000 25000 25000 25000 25000 25000 25000 25000 25000 25000 25000 25000 25000 25000 25000 0 25000 25000 25000 25000 25000 25000 25000 25000 25000 25000 25000 25000 25000 25000 25000 25000 25000 25000 25000 25000 25000 25000 25000 25000 25000 25000 25000
2609 3292 6739 8933 6803 5984 10355 7650 8084 4246 5219 5776 6641 7816 4374 3847 5033 6429 6719 3660 7358 5396 5219 8345 4182 6387 7391 5542 5038 10349 6400 5558 6051 9568 3792 4898 9064 7159 11178 8697 4781 6033 6661 5299 8845 11656 9977 5301 8663 3947

2368 1148 3204 4509 4028 2752 5457 3845 4791 2504 2396 2628 3220 3859 1838 2266 2285 3117 3299 2596 3680 2582 2296 4205 1779 2994 5115 2491 2189 5399 3046 2499 2838 4940 1446 2351 4642 3507 6634 4369 2035 2890 3943 2607 5984 6919 5919 3574 4385 1538

38119 28711 4914 17161 44553 7030 26409 19622 50450 35490 13876 9147 14977 9987 21848 35330 20546 15111 25670 37312 29954 23679 9828 13734 19303 6568 57472 8895 11180 22957 12390 7341 15489 21294 21806 22713 18992 16657 67393 15523 12297 23856 48568 27686 66066 66973 59161 44864 16203 22621

94158 75406 32372 11548 94124 35112 29982 21024 105322 79267 29681 21275 20071 28595 64292 80186 47630 25921 53179 95094 61702 69206 23096 42165 48700 24701 135170 25118 40527 60515 47246 30416 52911 19804 61669 53847 15191 17163 141838 16712 34762 49569 105288 76944 142841 137025 121516 110118 12183 58878

1432 1277 1715 1883 566 1580 2152 1577 838 876 1061 1250 1363 1923 1524 955 1016 1318 949 1655 814 1789 1133 2087 1015 1583 2005 1269 1379 2512 1815 1381 1823 2008 1383 947 1901 1497 1685 1925 1108 908 1169 1798 2040 1600 1240 2003 1836 1237

29389 21549 6421 15994 35203 3514 23701 16197 40108 27663 10383 7483 12332 10627 15840 27251 15232 12444 20193 28704 23757 17769 7029 12654 13919 6260 45474 6253 6966 20326 9090 4947 10956 19446 15805 17035 17517 13730 54202 15093 8371 18684 38375 21102 52622 53852 47354 34986 15197 16483

181956 151443 81972 45118 179349 86890 28499 43134 199791 153664 65767 58805 48555 75277 138615 155294 97584 53176 107361 187467 122469 147325 56998 99391 102384 68433 259515 65619 96429 131920 108338 78565 118381 37594 126439 108605 40319 50569 262507 54213 78328 100962 199791 160389 266358 256048 228497 214099 46244 120958

70158 56137 33391 20160 68960 32030 26544 6370 78353 57158 16770 13571 8861 34044 51550 57907 31390 10985 35882 72690 42824 57376 12741 45125 33595 25346 105796 16702 32220 60071 42892 24339 46527 21820 44649 36454 21085 12128 107171 24366 22542 32942 78353 60248 108940 104203 91544 84928 20704 42130

1719 1555 2020 2186 797 1877 2480 1869 697 1127 1324 1525 1646 2242 1817 1211 1359 1593 1205 1956 1061 2099 1395 2416 1275 1880 1940 1538 1663 2869 2127 1665 2135 2327 1668 1203 2218 1789 1599 2239 1374 1156 1050 2109 1977 1509 1125 2149 2144 1511

1038 879 1459 1709 1024 1320 1995 1402 1305 464 869 1050 1181 1674 1133 546 738 1134 1066 1268 1206 1406 928 1875 768 1323 1950 999 1145 2314 1562 1115 1500 1846 988 667 1736 1318 1983 1748 832 916 1087 1416 1986 2088 1720 1628 1668 837

282030 211282 141015 156813 275986 123980 205925 104130 324205 216434 12638 46089 66146 165880 198300 220212 86408 58178 109075 294806 144106 241573 25277 212999 97536 105504 461992 48149 106122 288418 178793 81738 185456 180442 162789 111960 161484 89774 468792 165811 55499 94239 323380 245901 477721 453818 389938 356556 149807 140603

50691 38013 17684 20961 51754 16554 32069 15322 59686 41572 8429 1231 9073 20938 32781 41335 20566 9254 24295 52228 30058 37595 2463 29549 19775 11074 79235 3830 16712 41956 25571 10170 28589 26227 28724 24385 23131 11333 83247 20927 10350 21854 59166 41335 84557 81009 70500 62387 19673 26656

87703 68425 38207 29484 86090 36375 42477 15319 98955 70203 15832 11526 5185 43485 62653 71210 35513 11563 41561 91111 50906 70496 10371 57448 38482 27377 135275 15741 36631 77569 50998 26021 55891 35788 53362 42330 30731 11599 137529 32581 23565 37602 98735 74362 139911 133534 116492 107586 27615 49972

8994 7014 1953 3076 10270 2400 5044 4089 11525 8342 3428 2289 3530 1217 5553 8308 5162 3558 5938 8844 6878 5947 2434 2672 4897 1741 13134 2275 3283 4634 3544 2352 4204 3955 5544 5623 3465 3423 15131 2520 3406 5551 11125 6799 14963 15041 13379 10451 2868 5718

22109 13806 17181 27575 34163 13983 36054 25399 39559 23393 16297 15828 21148 21809 7310 21709 15513 20779 22678 21463 25368 12569 14621 24038 11931 16866 39913 14091 11169 32479 15843 13360 14375 31372 9640 15974 29250 22701 52897 26598 12776 19787 33563 13114 48346 54681 47531 28374 26698 11815

16807 14001 25640 30561 19556 22905 35602 25154 24505 9679 15763 18421 21255 29433 18478 8135 13451 20437 19232 20868 21699 23300 16271 32126 12619 23236 35094 17533 19253 39867 26303 19556 24957 32986 15933 12196 31041 23680 36455 30709 14579 16581 19881 23476 36497 38302 31816 27205 29842 13261

10299 7390 7031 8472 10011 6048 10492 6305 12559 6963 2542 3918 4743 8551 6856 7119 1531 4415 4164 10825 5152 8788 3062 9992 2712 6068 17458 3782 5031 13093 7754 4593 8294 9443 5401 2666 8664 5714 17692 8842 2599 3101 11362 8989 17709 17551 14924 13365 8184 4483

175305 136474 78453 73100 171987 74683 92515 36644 198000 139301 27445 23562 23034 89311 126332 141375 67935 11423 80376 182317 99603 144881 22846 118038 74042 56173 274079 32233 75211 159433 104768 53383 114834 79433 107218 81959 75663 36305 280374 79396 45918 72233 198000 150423 282712 269592 234531 216209 69254 97680

14104 10872 9452 10186 10309 8668 12441 7754 12529 10040 3542 5082 6005 10597 10274 10214 4313 5638 2061 14718 4237 12438 4123 12767 5635 7817 21789 5177 8073 16239 11122 6723 11726 11267 8646 5230 10401 7099 19186 10594 5350 2795 14964 12662 22071 18497 15556 17561 9863 7618

4719 4738 8597 11897 10320 7583 14113 10500 12031 6905 7254 7875 9152 10064 5467 6371 7005 8870 9277 3656 10130 6729 7312 10878 5869 8497 9506 7622 6695 13554 8172 7390 7707 13238 5406 7151 12428 9845 15675 11583 6547 8360 10130 5845 12180 16314 14559 5847 11614 5613

2204 1718 1581 1691 1302 1463 2030 1326 1635 1593 693 924 1063 1760 1628 1619 733 1008 555 2296 390 1953 780 2079 931 1335 3066 939 1298 2600 1756 1171 1846 1853 1384 871 1722 1227 2673 1752 889 505 2041 1987 3108 2532 2090 2723 1643 1229

33087 23443 23170 37575 50155 19559 48702 36072 57236 36022 26166 23493 30494 29263 14919 33813 25682 30655 35084 31815 38614 11166 22333 29102 20982 23524 56025 21214 17380 40178 17905 20255 15978 42538 17975 26288 39775 32512 74738 35911 21002 31291 49368 15978 67091 77038 67697 40884 36405 20830

29547 21819 12087 14277 30208 10393 19877 9670 34960 23989 3801 2252 5847 14071 19650 23844 11199 6260 13471 30993 16984 22873 0 19319 10703 8017 46945 2293 10145 26881 15889 6157 17728 16757 16158 13513 14856 7665 50147 14257 4959 11984 34713 24051 50189 48040 41634 36675 13492 14897

19258 15154 4883 8660 22473 5240 12851 10822 25140 18677 8930 6798 9435 4715 11943 18148 11947 9496 14265 19106 16203 11616 7106 3553 10898 5631 28226 6684 7117 7725 6509 5973 7911 10537 11924 12593 9496 9405 33421 7486 7881 13444 24198 13429 31946 32615 29081 22522 8227 12293

32600 22120 24063 31410 36263 20115 39682 24603 43406 26098 11050 13644 18976 29538 20197 24684 10012 17796 19495 34493 23056 27157 10541 33424 5270 20594 59259 12362 14845 44597 26668 15282 26495 35297 14936 10622 32488 21866 64743 31379 8099 15669 41636 27879 64804 63420 53958 43640 30250 11650

19133 14415 4124 7502 21736 4258 12148 8180 24693 17191 5611 2952 5851 5337 11613 17111 9697 5918 11525 19369 13673 12852 3268 8547 9073 1634 29479 2801 5623 13172 7620 3075 8745 9583 10952 10784 8420 6693 33190 6967 5560 10615 23935 14794 33148 32667 28750 23156 7022 11361

175156 190444 281463 355282 238383 258749 406770 325852 225170 205569 253234 264755 294457 314332 211356 210756 242970 289434 287742 170788 273327 239639 248102 332568 222222 279224 124051 257875 238875 392519 271962 254436 261534 380835 205405 233251 365874 308872 262243 348348 234998 267212 177231 219819 183947 276549 279934 151733 352989 210046

31417 23339 11056 15023 33379 9282 22113 11424 38298 25597 5582 2430 7436 13292 19279 25460 12766 7551 15708 32571 19387 22351 1601 18629 11698 6794 49650 800 9022 26549 15038 4846 16963 18384 18146 14626 16408 8878 52990 15002 5683 14150 36827 24738 53033 52629 45921 39055 14201 16091

22292 15532 8585 15815 27305 6079 22449 14122 31534 21286 7458 6609 10790 12212 11525 20448 11037 10887 16351 22629 18460 14092 5916 13959 8953 7422 37089 5247 2958 20575 9380 4675 9917 18779 10579 12122 17129 11995 44699 15038 5121 14086 30040 16086 42325 43386 37782 28046 15128 11164

35887 29205 12480 18630 41122 13061 25455 22151 45465 34940 19069 15598 19892 12207 23976 34080 23982 19991 27757 35640 30912 23444 16099 10314 22275 13699 50490 15413 16118 8049 15128 14256 17411 21687 23945 25034 19991 19843 58502 16718 17362 26420 43931 26395 56547 57636 51882 41202 17925 24545

12035 8916 3727 7937 15528 2988 11116 8229 17556 12413 5826 4628 6632 5471 6476 11884 7270 6678 9817 11792 10828 6101 4440 5425 6843 4123 18722 4120 3693 8596 2220 3580 3285 9358 7288 8021 8567 7210 23593 7374 4435 8731 16331 7478 21757 23235 20550 14388 7608 8162

16816 12300 4673 8907 19038 3674 13346 7880 21863 14695 4330 2861 5655 6838 9623 14610 7526 5719 9982 17041 12034 11338 2398 8891 6931 3300 26701 1952 3900 13310 6886 1199 7961 10895 8991 8573 9784 6460 29982 8388 3574 9112 21992 12670 30199 29780 26037 20660 8448 9382

33291 24043 13451 25678 45466 10386 35106 25927 51477 34720 17347 15249 21192 18623 16808 32845 22433 21329 29985 32571 32982 15695 14693 18486 19385 13751 53121 13742 10951 27888 8982 12141 7346 30148 19402 23889 27802 22904 67566 24266 14025 26766 46032 19779 62514 69570 61607 40269 24685 21808

946126 772783 372672 171891 941607 399465 229188 203364 1052973 801673 322800 261306 229995 336196 681269 810550 496143 258078 549405 987768 631719 728398 261790 467575 512606 298912 1361570 298428 451435 644793 516318 354111 575875 130895 640112 556184 145421 201588 1394657 221440 377998 514543 1052973 803126 1415639 1359472 1209370 1121245 178024 610899

11074 6516 9745 14620 17265 8055 18070 12049 20125 11582 7198 7592 9802 12191 5780 10692 6792 9607 10578 11927 12000 8559 6353 13369 4891 8961 21336 7495 5951 17830 10200 7109 9514 16229 3176 7028 15116 10875 27174 14096 5378 9051 16956 8848 24582 28075 24330 15579 14222 4326

15829 11730 12055 14909 14887 10463 18181 11400 18098 9950 5307 7379 8870 14516 10865 10202 3806 8340 7557 17293 9159 13994 5984 16447 4154 10495 26946 6793 8459 21470 13235 8116 13697 16483 8500 2992 15221 10444 27326 15353 4886 5837 17073 14319 27353 27097 22842 21406 14443 7022

260549 211357 97602 40426 259264 105128 73603 59561 291477 219479 83331 65940 56946 87232 185247 222003 132614 73007 147849 269818 171160 198738 65986 124584 137295 76540 378755 76494 119995 174969 138442 92233 155375 45566 173638 149685 32993 48961 388070 54606 99025 137846 290926 219984 394035 378067 335391 310337 42170 165240

137814 108160 60774 37261 137095 58008 63568 27330 156514 113056 30982 20497 15076 61549 97731 114578 60691 24757 69875 142959 83983 109515 20525 84066 63513 44425 209073 26860 58395 114439 80082 42378 87468 46721 85421 70981 39142 10262 214743 41936 40442 63900 156127 117123 218284 208713 182987 167828 34439 80359

45190 41683 54470 59493 29821 51403 65177 52117 27688 32544 40378 44494 47243 59211 47631 34351 38581 46820 37823 48504 35461 53659 42775 64357 39250 51465 40960 44335 48318 73399 57395 46882 55712 61907 44450 37012 59475 50292 21387 60630 40660 36889 30385 54285 34060 23696 24243 45428 59070 41092

22574 17974 7146 4104 23542 8089 8618 6428 26371 19848 7822 5211 5621 5744 15256 19762 12226 7047 13579 22804 15670 16305 5658 9081 11939 5543 32644 6154 9417 13583 10795 6937 12308 6121 14604 13612 4997 4907 35329 2829 8519 12693 26231 18261 35444 34157 30344 26490 3636 14436

80057 56481 38011 53182 85773 30699 70728 39587 100523 63100 15801 16494 27925 49316 49862 62659 25677 26917 44210 82915 51564 61965 10086 58183 22567 30846 133135 13847 23134 81255 43390 19877 47404 61209 39209 31140 55409 33472 142906 53119 5043 36309 95817 63289 143032 141855 122313 103360 50787 35364

58028 43758 39723 42962 45043 36260 52917 32225 54677 40086 13627 20427 24504 44777 41119 40854 14800 22884 13348 60736 18235 50669 16196 54356 20636 32504 91957 20846 31401 69686 44861 27673 47528 47737 33928 18849 43884 29335 84235 44763 19379 8098 61825 51661 93199 81191 68206 73289 41538 29391

11687 10319 16111 18256 9625 14832 20714 15620 8793 7559 11041 12598 13719 17960 12502 7885 9913 13320 12732 13667 11825 14853 11550 19329 10071 15090 13193 12158 13052 23103 16310 14031 15654 19439 11261 9301 18490 14901 14420 18590 10725 11440 5775 15097 13994 15320 12357 14935 17905 9951

19812 14312 16981 25818 30875 14743 32575 23312 35262 22118 16250 16268 19856 20756 9331 20750 16000 19556 21825 17087 24012 9543 14550 20656 13087 17100 32087 14856 12481 27518 13718 14262 12525 28893 11225 16375 27181 21506 46393 24875 13050 19475 30675 7275 38943 47856 42043 22706 25093 12993

107792 115691 168663 190737 120397 157010 210766 169251 113618 103562 131938 144628 153760 185526 134768 109304 122750 150511 145721 113954 138325 149278 136084 193650 124879 163256 89976 141042 142499 224408 164573 150483 160511 200373 123367 117764 192641 163396 108212 193454 129361 135188 93057 139110 68042 115551 117288 104178 187935 125748

50320 46673 57109 60151 29943 53921 66703 53124 27725 37172 40919 45381 48057 62039 52583 39050 40589 46994 38262 53765 35074 58814 42605 65905 40553 53307 45922 46572 49175 75966 59473 49220 61003 63303 49184 38958 60774 51227 25572 61352 42752 37291 34927 59519 38748 21302 24143 50567 59235 45803

13547 12443 15576 16502 7348 14610 18481 14368 6676 9565 10672 12024 12834 17069 14205 10134 10572 12512 9867 15145 8902 16103 11183 18240 10561 14424 14940 12384 13172 21287 16292 13186 16755 17451 13197 10078 16686 13794 8777 16860 11227 9573 9046 16305 12767 8172 5591 17640 16219 12151

1568 1572 2542 3371 2975 2287 3928 3020 3140 2117 2205 2361 2682 2911 1756 1983 2142 2611 2713 1300 2927 2073 2174 3115 1857 2517 2006 2297 2064 3788 2435 2239 2318 3664 1740 2179 3495 2856 3556 3292 2072 2483 2603 1850 2678 3717 4040 1087 3300 1792

101089 81178 34056 14036 101528 37057 34221 24448 114155 85625 31329 21905 20807 29883 69009 86632 50983 27212 57059 102699 66392 74352 23899 44780 51935 25656 147937 26114 42986 64873 50343 31915 56510 23076 66429 57791 18025 17622 155129 16909 36673 53106 114118 82825 155275 148907 131888 119151 11949 63080

7969 4856 7095 9693 10916 5941 11999 7886 12864 7029 4190 4847 6351 8766 4903 6421 3907 6030 6493 8552 7464 6801 4001 9570 2614 6560 14979 4498 4503 12617 7978 5294 7448 10753 3124 4073 9987 7090 17673 9684 3335 5450 10694 6998 17196 18323 15742 11047 9376 2000

0 1 58985
0 3 61308
0 5 57043
0 6 19778
0 7 15323
0 10 20616
0 11 32092
0 12 27944
0 13 48270
0 14 48622
0 15 19011
0 16 61028
0 19 16450
0 21 32116
0 23 11754
0 24 26559
0 25 28552
0 26 47842
0 27 20076
0 28 30398
0 31 28472
0 32 47587
0 33 31293
0 34 18066
0 35 30508
0 37 36958
0 39 59074
0 40 48956
0 41 59095
0 43 53999
0 44 62908
0 46 51367
0 47 35050
0 48 35793
0 49 39658
1 2 50616
1 4 35035
1 5 20487
1 6 53106
1 7 18934
1 9 47765
1 10 16405
1 11 43328
1 12 57212
1 13 24379
1 14 66311
1 15 46308
1 16 40301
1 18 69959
1 19 68204
1 21 33239
1 23 59268
1 24 42450
1 25 11556
1 27 49370
1 28 25533
1 29 25902
1 30 38832
1 31 50659
1 32 25084
1 33 32856
1 35 50444
1 37 48649
1 38 55421
1 39 54905
1 40 61156
1 41 22876
1 42 35513
1 44 51235
1 48 55365
2 3 36024
2 4 55657
2 6 17394
2 7 62969
2 8 51077
2 9 40756
2 10 43507
2 11 29629
2 12 25970
2 14 27835
2 15 51109
2 17 57377
2 18 15383
2 19 27529
2 20 68767
2 23 53370
2 24 31933
2 25 20802
2 26 54310
2 28 27817
2 29 48194
2 30 35894
2 31 55559
2 35 24606
2 37 29989
2 38 28739
2 39 31909
2 40 40261
2 41 55659
2 42 61009
2 43 56423
2 44 52662
2 45 35289
2 46 24257
2 48 50151
3 7 65735
3 8 44643
3 9 20998
3 10 62037
3 11 66046
3 12 23556
3 13 49986
3 14 26132
3 15 45600
3 16 43703
3 18 20535
3 21 20694
3 24 64919
3 25 53014
3 26 65368
3 27 66925
3 31 49028
3 32 60673
3 34 16805
3 35 41258
3 36 53759
3 37 40511
3 39 44844
3 42 46973
3 43 10984
3 44 45426
3 45 63066
3 46 30189
3 47 22793
3 48 58122
3 49 16891
4 5 57188
4 8 43807
4 9 27355
4 10 44829
4 11 49437
4 14 62091
4 16 63076
4 17 58760
4 19 26851
4 20 14212
4 22 38686
4 23 66534
4 24 55006
4 26 28602
4 27 56457
4 28 40593
4 29 33959
4 30 53665
4 31 40952
4 32 49685
4 33 15184
4 36 43550
4 37 20758
4 38 42246
4 39 29153
4 42 61422
4 43 55126
4 44 27966
4 45 32334
4 46 15574
4 47 21293
4 48 57805
4 49 34996
5 6 49235
5 7 42102
5 9 52004
5 10 25167
5 11 33482
5 14 11560
5 15 31321
5 16 26089
5 17 50954
5 18 16383
5 19 15951
5 20 63510
5 22 58459
5 24 37694
5 26 26327
5 27 57487
5 28 68999
5 29 64693
5 30 21582
5 31 15184
5 32 32264
5 33 32282
5 34 42774
5 35 59049
5 37 64430
5 38 10152
5 40 43042
5 41 34654
5 43 50981
5 44 13022
5 45 65296
5 47 68920
5 49 14104
6 7 16445
6 8 49389
6 10 48399
6 11 53689
6 14 53513
6 16 26555
6 17 36508
6 18 68499
6 19 35318
6 21 30615
6 23 65887
6 24 69804
6 25 38874
6 27 54615
6 28 47317
6 29 43522
6 30 16376
6 32 59889
6 34 52796
6 35 64262
6 36 19546
6 38 57419
6 39 44103
6 40 59761
6 42 35917
6 43 27971
6 47 62269
6 49 59627
7 9 61879
7 10 10655
7 11 63719
7 12 23895
7 13 67600
7 14 29024
7 16 39479
7 17 38601
7 18 68741
7 19 52154
7 20 13038
7 21 65650
7 23 43956
7 24 49002
7 25 15952
7 28 36866
7 29 64661
7 30 27871
7 31 19112
7 32 23633
7 33 52727
7 34 50201
7 35 44722
7 36 10703
7 37 47757
7 38 33437
7 39 33537
7 40 64407
7 41 62382
7 42 19773
7 43 16966
7 44 20629
7 45 63753
7 46 63889
7 47 28101
7 48 60817
7 49 53504
8 10 28226
8 11 42785
8 12 66199
8 13 19450
8 15 16843
8 17 45577
8 18 41854
8 19 65312
8 20 67205
8 21 48599
8 22 13534
8 24 57408
8 25 43692
8 26 62357
8 27 11843
8 28 48558
8 31 43658
8 32 62342
8 33 22213
8 36 56276
8 37 42224
8 38 46212
8 39 56074
8 40 19050
8 41 21134
8 42 35229
8 43 50075
8 45 51918
8 46 39158
8 47 45384
8 49 69610
9 10 42989
9 11 67780
9 12 58735
9 13 50778
9 15 63342
9 16 11253
9 19 65451
9 21 50277
9 22 47016
9 23 29387
9 25 35514
9 26 61050
9 27 26748
9 29 51276
9 30 39116
9 31 62596
9 32 13675
9 33 49589
9 34 55380
9 35 64733
9 37 25775
9 38 45986
9 39 69673
9 40 46279
9 42 48145
9 44 66148
9 46 33492
9 47 63598
9 48 25656
10 11 29331
10 13 35834
10 16 41633
10 17 22694
10 18 60396
10 19 16668
10 20 52218
10 22 66715
10 25 61028
10 26 62707
10 28 55315
10 29 38713
10 30 21659
10 31 65317
10 32 13791
10 36 69811
10 39 22735
10 41 47182
10 42 67387
10 43 35864
10 44 13925
10 45 29310
10 46 54601
10 47 42926
10 48 27852
10 49 35053
11 13 38844
11 14 31900
11 15 31026
11 17 38908
11 18 22127
11 19 14486
11 20 18754
11 21 12206
11 22 38476
11 23 59403
11 24 33082
11 25 15117
11 28 26946
11 29 22490
11 30 16624
11 31 36334
11 32 36113
11 36 45116
11 37 42698
11 38 36880
11 39 49336
11 40 49400
11 41 37253
11 42 54902
11 43 31360
11 44 60337
11 45 20561
11 47 24995
11 48 48259
11 49 68339
12 14 31328
12 17 63871
12 18 67222
12 19 63915
12 22 44730
12 25 62520
12 26 23247
12 27 17953
12 32 42088
12 33 54055
12 34 12212
12 35 34909
12 36 48180
12 37 65496
12 38 49531
12 39 34665
12 40 45430
12 41 63042
12 44 34965
12 45 38420
12 48 36747
13 14 45187
13 16 57999
13 17 37253
13 19 15434
13 20 40640
13 21 33923
13 22 28206
13 23 54538
13 25 55879
13 26 63364
13 27 31610
13 30 47532
13 31 64340
13 34 34513
13 35 47407
13 36 22011
13 37 43552
13 39 13445
13 42 68733
13 44 16535
13 47 56265
13 49 52732
14 15 21920
14 16 37642
14 17 50698
14 19 49801
14 20 53547
14 24 14616
14 26 43268
14 27 17276
14 29 60163
14 31 36415
14 32 52001
14 33 37228
14 36 29297
14 37 60223
14 38 65420
14 39 44228
14 44 10269
14 46 43537
14 47 24930
14 48 68372
14 49 51873
15 16 17860
15 19 27245
15 20 44092
15 22 24083
15 23 31186
15 24 69723
15 25 11174
15 26 37419
15 27 67024
15 30 47578
15 31 65959
15 34 25799
15 35 31617
15 37 16633
15 41 41151
15 42 42235
15 43 63368
15 44 46808
15 45 52576
15 46 14488
15 47 18268
15 48 30630
16 17 62941
16 19 40346
16 22 27740
16 23 44949
16 24 17781
16 26 25285
16 27 14630
16 28 26556
16 29 67134
16 31 47714
16 32 57822
16 33 22040
16 34 18181
16 35 47746
16 36 12804
16 38 32012
16 39 20321
16 41 50179
16 43 22574
16 47 29481
16 48 57704
16 49 48368
17 19 12543
17 21 57347
17 23 11445
17 24 61094
17 25 39174
17 26 32298
17 27 17579
17 29 19834
17 30 18601
17 31 26318
17 35 52000
17 36 33377
17 38 35920
17 40 59620
17 41 16216
17 42 63106
17 43 46955
17 46 60832
17 47 19262
17 49 32656
18 21 20323
18 22 61126
18 23 30555
18 24 65061
18 25 50873
18 27 45151
18 28 62363
18 29 48019
18 32 66806
18 33 36933
18 36 20849
18 37 21555
18 38 19995
18 39 15688
18 41 11020
18 42 50924
18 45 63416
18 46 43300
18 47 17050
18 48 41093
19 20 32420
19 21 41493
19 22 36020
19 23 48253
19 24 16078
19 25 42234
19 26 63042
19 28 33755
19 29 36432
19 31 62567
19 33 40902
19 35 47953
19 36 15313
19 37 66843
19 38 31559
19 41 55031
19 43 61110
19 44 19386
19 45 26303
19 47 50058
19 48 37295
19 49 36686
20 21 10269
20 23 46397
20 24 51422
20 25 10068
20 27 14154
20 29 20297
20 30 36459
20 31 20889
20 32 27953
20 33 47456
20 34 30289
20 35 60666
20 36 15615
20 37 12284
20 38 58376
20 40 11125
20 43 27644
20 46 43829
20 48 30270
21 22 17511
21 23 56502
21 24 19728
21 25 34428
21 26 34129
21 28 22236
21 29 41844
21 30 58779
21 31 11738
21 34 10351
21 36 44854
21 37 58764
21 38 15635
21 40 23146
21 41 68352
21 43 65462
21 44 19868
21 47 18180
21 49 18793
22 28 38591
22 29 65572
22 30 55985
22 31 33099
22 32 21452
22 33 51119
22 35 44756
22 36 51467
22 37 52527
22 38 20913
22 39 55591
22 40 33194
22 41 26848
22 44 23854
22 45 23680
22 46 41891
22 49 26576
23 24 14031
23 25 68608
23 26 23882
23 28 65350
23 29 52762
23 30 59804
23 31 28352
23 32 14718
23 33 24320
23 34 53059
23 35 29693
23 36 23089
23 37 37621
23 38 33686
23 39 69495
23 40 10584
23 42 61807
23 44 62042
23 45 25688
23 46 32070
23 48 26774
23 49 67399
24 25 27285
24 26 11625
24 28 67356
24 29 43452
24 31 67138
24 32 58548
24 33 32115
24 34 51746
24 36 41247
24 37 32837
24 44 29904
24 45 35381
24 46 31872
24 49 10914
25 27 59967
25 30 30386
25 31 17141
25 33 27021
25 35 49858
25 37 11117
25 38 28180
25 40 24436
25 42 23930
25 43 16406
25 44 26850
25 45 54937
25 46 19991
25 49 57396
26 27 42000
26 28 29938
26 30 32140
26 32 27815
26 33 56781
26 35 43027
26 37 31006
26 38 41573
26 40 34775
26 41 24710
26 42 67427
26 43 20735
26 46 40639
26 47 29781
26 48 29666
26 49 47596
27 28 22441
27 29 25078
27 30 64851
27 31 25220
27 33 42286
27 34 22875
27 36 10311
27 37 26390
27 38 44842
27 39 42730
27 40 36969
27 43 45734
27 44 51376
27 46 63818
27 47 13759
27 49 38217
28 30 47328
28 31 33066
28 32 54524
28 33 13219
28 35 47310
28 36 54437
28 37 39151
28 38 36114
28 39 20860
28 42 61531
28 43 68759
28 45 63718
28 46 33613
28 49 32715
29 30 13849
29 32 53421
29 36 30178
29 37 49228
29 39 55448
29 40 57790
29 41 10089
29 43 68848
29 44 32732
29 45 35288
29 47 17026
29 48 41883
29 49 13840
30 31 52963
30 37 37821
30 39 23763
30 40 64671
30 41 22574
30 42 27227
30 46 32527
31 32 11684
31 33 53965
31 35 36929
31 37 55633
31 39 10868
31 42 54123
31 43 65061
31 44 22485
31 45 12904
31 46 29783
31 47 17744
31 48 36074
31 49 60358
32 33 21121
32 34 52175
32 35 59341
32 36 68487
32 38 58322
32 39 18310
32 40 27865
32 41 12805
32 44 16614
32 46 45362
32 49 67437
33 36 28395
33 37 51732
33 39 17425
33 40 41501
33 41 39821
33 42 22769
33 44 40634
33 45 64016
34 36 53091
34 37 27051
34 39 23588
34 42 45110
34 43 18907
34 44 58159
34 47 47460
34 48 28868
34 49 49716
35 36 14183
35 38 66537
35 40 41531
35 41 27790
35 43 30340
35 44 68865
35 45 29157
35 46 13248
35 47 26108
35 48 58050
36 37 40502
36 38 38559
36 39 52206
36 41 32742
36 45 39598
36 46 61871
36 47 22463
36 48 54081
36 49 22365
37 38 61775
37 39 49115
37 40 22027
37 41 62421
37 42 53245
37 43 36037
37 44 34997
37 45 66431
37 47 61142
37 48 36617
37 49 51073
38 39 53010
38 40 16244
38 41 58895
38 42 31579
38 44 27498
38 45 21360
38 46 53422
38 47 28004
38 48 49408
39 40 14406
39 41 33958
39 42 45976
39 43 18807
39 44 52591
39 45 66374
39 46 41046
39 47 44815
39 48 64184
39 49 31057
40 42 47639
40 44 67413
40 46 10432
40 47 44521
40 49 13159
41 42 32872
41 44 18031
41 45 12312
41 46 60807
41 47 51662
42 44 21827
42 46 12072
42 47 25783
42 49 67507
43 44 57203
43 45 56844
43 46 30531
43 47 17080
43 49 36801
44 45 69924
44 46 48403
44 49 66860
45 47 43525
45 48 32443
46 47 21800
47 48 47360
47 49 55774
48 49 46424
