50 50 848
25000 25000 25000 25000 25000 25000 25000 25000 25000 25000 25000 25000 25000 25000 25000 25000 25000 25000 25000 25000 25000 25000 0 25000 25000 25000 25000 25000 25000 25000 25000 25000 25000 25000 25000 25000 25000 25000 25000 25000 25000 25000 25000 25000 25000 25000 25000 25000 25000 25000
2609 3292 6739 8933 6803 5984 10355 7650 8084 4246 5219 5776 6641 7816 4374 3847 5033 6429 6719 3660 7358 5396 5219 8345 4182 6387 7391 5542 5038 10349 6400 5558 6051 9568 3792 4898 9064 7159 11178 8697 4781 6033 6661 5299 8845 11656 9977 5301 8663 3947

2368 1148 3204 4509 4028 2752 5457 3845 4791 2504 2396 2628 3220 3859 1838 2266 2285 3117 3299 2596 3680 2582 2296 4205 1779 2994 5115 2491 2189 5399 3046 2499 2838 4940 1446 2351 4642 3507 6634 4369 2035 2890 3943 2607 5984 6919 5919 3574 4385 1538

38119 28711 4914 17161 44553 7030 26409 19622 50450 35490 13876 9147 14977 9987 21848 35330 20546 15111 25670 37312 29954 23679 9828 13734 19303 6568 57472 8895 11180 22957 12390 7341 15489 21294 21806 22713 18992 16657 67393 15523 12297 23856 48568 27686 66066 66973 59161 44864 16203 22621

94158 75406 32372 11548 94124 35112 29982 21024 105322 79267 29681 21275 20071 28595 64292 80186 47630 25921 53179 95094 61702 69206 23096 42165 48700 24701 135170 25118 40527 60515 47246 30416 52911 19804 61669 53847 15191 17163 141838 16712 34762 49569 105288 76944 142841 137025 121516 110118 12183 58878

1432 1277 1715 1883 566 1580 2152 1577 838 876 1061 1250 1363 1923 1524 955 1016 1318 949 1655 814 1789 1133 2087 1015 1583 2005 1269 1379 2512 1815 1381 1823 2008 1383 947 1901 1497 1685 1925 1108 908 1169 1798 2040 1600 1240 2003 1836 1237

29389 21549 6421 15994 35203 3514 23701 16197 40108 27663 10383 7483 12332 10627 15840 27251 15232 12444 20193 28704 23757 17769 7029 12654 13919 6260 45474 6253 6966 20326 9090 4947 10956 19446 15805 17035 17517 13730 54202 15093 8371 18684 38375 21102 52622 53852 47354 34986 15197 16483

181956 151443 81972 45118 179349 86890 28499 43134 199791 153664 65767 58805 48555 75277 138615 155294 97584 53176 107361 187467 122469 147325 56998 99391 102384 68433 259515 65619 96429 131920 108338 78565 118381 37594 126439 108605 40319 50569 262507 54213 78328 100962 199791 160389 266358 256048 228497 214099 46244 120958

70158 56137 33391 20160 68960 32030 26544 6370 78353 57158 16770 13571 8861 34044 51550 57907 31390 10985 35882 72690 42824 57376 12741 45125 33595 25346 105796 16702 32220 60071 42892 24339 46527 21820 44649 36454 21085 12128 107171 24366 22542 32942 78353 60248 108940 104203 91544 84928 20704 42130

1719 1555 2020 2186 797 1877 2480 1869 697 1127 1324 1525 1646 2242 1817 1211 1359 1593 1205 1956 1061 2099 1395 2416 1275 1880 1940 1538 1663 2869 2127 1665 2135 2327 1668 1203 2218 1789 1599 2239 1374 1156 1050 2109 1977 1509 1125 2149 2144 1511

1038 879 1459 1709 1024 1320 1995 1402 1305 464 869 1050 1181 1674 1133 546 738 1134 1066 1268 1206 1406 928 1875 768 1323 1950 999 1145 2314 1562 1115 1500 1846 988 667 1736 1318 1983 1748 832 916 1087 1416 1986 2088 1720 1628 1668 837

282030 211282 141015 156813 275986 123980 205925 104130 324205 216434 12638 46089 66146 165880 198300 220212 86408 58178 109075 294806 144106 241573 25277 212999 97536 105504 461992 48149 106122 288418 178793 81738 185456 180442 162789 111960 161484 89774 468792 165811 55499 94239 323380 245901 477721 453818 389938 356556 149807 140603

50691 38013 17684 20961 51754 16554 32069 15322 59686 41572 8429 1231 9073 20938 32781 41335 20566 9254 24295 52228 30058 37595 2463 29549 19775 11074 79235 3830 16712 41956 25571 10170 28589 26227 28724 24385 23131 11333 83247 20927 10350 21854 59166 41335 84557 81009 70500 62387 19673 26656

87703 68425 38207 29484 86090 36375 42477 15319 98955 70203 15832 11526 5185 43485 62653 71210 35513 11563 41561 91111 50906 70496 10371 57448 38482 27377 135275 15741 36631 77569 50998 26021 55891 35788 53362 42330 30731 11599 137529 32581 23565 37602 98735 74362 139911 133534 116492 107586 27615 49972

8994 7014 1953 3076 10270 2400 5044 4089 11525 8342 3428 2289 3530 1217 5553 8308 5162 3558 5938 8844 6878 5947 2434 2672 4897 1741 13134 2275 3283 4634 3544 2352 4204 3955 5544 5623 3465 3423 15131 2520 3406 5551 11125 6799 14963 15041 13379 10451 2868 5718

22109 13806 17181 27575 34163 13983 36054 25399 39559 23393 16297 15828 21148 21809 7310 21709 15513 20779 22678 21463 25368 12569 14621 24038 11931 16866 39913 14091 11169 32479 15843 13360 14375 31372 9640 15974 29250 22701 52897 26598 12776 19787 33563 13114 48346 54681 47531 28374 26698 11815

16807 14001 25640 30561 19556 22905 35602 25154 24505 9679 15763 18421 21255 29433 18478 8135 13451 20437 19232 20868 21699 23300 16271 32126 12619 23236 35094 17533 19253 39867 26303 19556 24957 32986 15933 12196 31041 23680 36455 30709 14579 16581 19881 23476 36497 38302 31816 27205 29842 13261

10299 7390 7031 8472 10011 6048 10492 6305 12559 6963 2542 3918 4743 8551 6856 7119 1531 4415 4164 10825 5152 8788 3062 9992 2712 6068 17458 3782 5031 13093 7754 4593 8294 9443 5401 2666 8664 5714 17692 8842 2599 3101 11362 8989 17709 17551 14924 13365 8184 4483

175305 136474 78453 73100 171987 74683 92515 36644 198000 139301 27445 23562 23034 89311 126332 141375 67935 11423 80376 182317 99603 144881 22846 118038 74042 56173 274079 32233 75211 159433 104768 53383 114834 79433 107218 81959 75663 36305 280374 79396 45918 72233 198000 150423 282712 269592 234531 216209 69254 97680

14104 10872 9452 10186 10309 8668 12441 7754 12529 10040 3542 5082 6005 10597 10274 10214 4313 5638 2061 14718 4237 12438 4123 12767 5635 7817 21789 5177 8073 16239 11122 6723 11726 11267 8646 5230 10401 7099 19186 10594 5350 2795 14964 12662 22071 18497 15556 17561 9863 7618

4719 4738 8597 11897 10320 7583 14113 10500 12031 6905 7254 7875 9152 10064 5467 6371 7005 8870 9277 3656 10130 6729 7312 10878 5869 8497 9506 7622 6695 13554 8172 7390 7707 13238 5406 7151 12428 9845 15675 11583 6547 8360 10130 5845 12180 16314 14559 5847 11614 5613

2204 1718 1581 1691 1302 1463 2030 1326 1635 1593 693 924 1063 1760 1628 1619 733 1008 555 2296 390 1953 780 2079 931 1335 3066 939 1298 2600 1756 1171 1846 1853 1384 871 1722 1227 2673 1752 889 505 2041 1987 3108 2532 2090 2723 1643 1229

33087 23443 23170 37575 50155 19559 48702 36072 57236 36022 26166 23493 30494 29263 14919 33813 25682 30655 35084 31815 38614 11166 22333 29102 20982 23524 56025 21214 17380 40178 17905 20255 15978 42538 17975 26288 39775 32512 74738 35911 21002 31291 49368 15978 67091 77038 67697 40884 36405 20830

29547 21819 12087 14277 30208 10393 19877 9670 34960 23989 3801 2252 5847 14071 19650 23844 11199 6260 13471 30993 16984 22873 0 19319 10703 8017 46945 2293 10145 26881 15889 6157 17728 16757 16158 13513 14856 7665 50147 14257 4959 11984 34713 24051 50189 48040 41634 36675 13492 14897

19258 15154 4883 8660 22473 5240 12851 10822 25140 18677 8930 6798 9435 4715 11943 18148 11947 9496 14265 19106 16203 11616 7106 3553 10898 5631 28226 6684 7117 7725 6509 5973 7911 10537 11924 12593 9496 9405 33421 7486 7881 13444 24198 13429 31946 32615 29081 22522 8227 12293

32600 22120 24063 31410 36263 20115 39682 24603 43406 26098 11050 13644 18976 29538 20197 24684 10012 17796 19495 34493 23056 27157 10541 33424 5270 20594 59259 12362 14845 44597 26668 15282 26495 35297 14936 10622 32488 21866 64743 31379 8099 15669 41636 27879 64804 63420 53958 43640 30250 11650

19133 14415 4124 7502 21736 4258 12148 8180 24693 17191 5611 2952 5851 5337 11613 17111 9697 5918 11525 19369 13673 12852 3268 8547 9073 1634 29479 2801 5623 13172 7620 3075 8745 9583 10952 10784 8420 6693 33190 6967 5560 10615 23935 14794 33148 32667 28750 23156 7022 11361

175156 190444 281463 355282 238383 258749 406770 325852 225170 205569 253234 264755 294457 314332 211356 210756 242970 289434 287742 170788 273327 239639 248102 332568 222222 279224 124051 257875 238875 392519 271962 254436 261534 380835 205405 233251 365874 308872 262243 348348 234998 267212 177231 219819 183947 276549 279934 151733 352989 210046

31417 23339 11056 15023 33379 9282 22113 11424 38298 25597 5582 2430 7436 13292 19279 25460 12766 7551 15708 32571 19387 22351 1601 18629 11698 6794 49650 800 9022 26549 15038 4846 16963 18384 18146 14626 16408 8878 52990 15002 5683 14150 36827 24738 53033 52629 45921 39055 14201 16091

22292 15532 8585 15815 27305 6079 22449 14122 31534 21286 7458 6609 10790 12212 11525 20448 11037 10887 16351 22629 18460 14092 5916 13959 8953 7422 37089 5247 2958 20575 9380 4675 9917 18779 10579 12122 17129 11995 44699 15038 5121 14086 30040 16086 42325 43386 37782 28046 15128 11164

35887 29205 12480 18630 41122 13061 25455 22151 45465 34940 19069 15598 19892 12207 23976 34080 23982 19991 27757 35640 30912 23444 16099 10314 22275 13699 50490 15413 16118 8049 15128 14256 17411 21687 23945 25034 19991 19843 58502 16718 17362 26420 43931 26395 56547 57636 51882 41202 17925 24545

12035 8916 3727 7937 15528 2988 11116 8229 17556 12413 5826 4628 6632 5471 6476 11884 7270 6678 9817 11792 10828 6101 4440 5425 6843 4123 18722 4120 3693 8596 2220 3580 3285 9358 7288 8021 8567 7210 23593 7374 4435 8731 16331 7478 21757 23235 20550 14388 7608 8162

16816 12300 4673 8907 19038 3674 13346 7880 21863 14695 4330 2861 5655 6838 9623 14610 7526 5719 9982 17041 12034 11338 2398 8891 6931 3300 26701 1952 3900 13310 6886 1199 7961 10895 8991 8573 9784 6460 29982 8388 3574 9112 21992 12670 30199 29780 26037 20660 8448 9382

33291 24043 13451 25678 45466 10386 35106 25927 51477 34720 17347 15249 21192 18623 16808 32845 22433 21329 29985 32571 32982 15695 14693 18486 19385 13751 53121 13742 10951 27888 8982 12141 7346 30148 19402 23889 27802 22904 67566 24266 14025 26766 46032 19779 62514 69570 61607 40269 24685 21808

946126 772783 372672 171891 941607 399465 229188 203364 1052973 801673 322800 261306 229995 336196 681269 810550 496143 258078 549405 987768 631719 728398 261790 467575 512606 298912 1361570 298428 451435 644793 516318 354111 575875 130895 640112 556184 145421 201588 1394657 221440 377998 514543 1052973 803126 1415639 1359472 1209370 1121245 178024 610899

11074 6516 9745 14620 17265 8055 18070 12049 20125 11582 7198 7592 9802 12191 5780 10692 6792 9607 10578 11927 12000 8559 6353 13369 4891 8961 21336 7495 5951 17830 10200 7109 9514 16229 3176 7028 15116 10875 27174 14096 5378 9051 16956 8848 24582 28075 24330 15579 14222 4326

15829 11730 12055 14909 14887 10463 18181 11400 18098 9950 5307 7379 8870 14516 10865 10202 3806 8340 7557 17293 9159 13994 5984 16447 4154 10495 26946 6793 8459 21470 13235 8116 13697 16483 8500 2992 15221 10444 27326 15353 4886 5837 17073 14319 27353 27097 22842 21406 14443 7022

260549 211357 97602 40426 259264 105128 73603 59561 291477 219479 83331 65940 56946 87232 185247 222003 132614 73007 147849 269818 171160 198738 65986 124584 137295 76540 378755 76494 119995 174969 138442 92233 155375 45566 173638 149685 32993 48961 388070 54606 99025 137846 290926 219984 394035 378067 335391 310337 42170 165240

137814 108160 60774 37261 137095 58008 63568 27330 156514 113056 30982 20497 15076 61549 97731 114578 60691 24757 69875 142959 83983 109515 20525 84066 63513 44425 209073 26860 58395 114439 80082 42378 87468 46721 85421 70981 39142 10262 214743 41936 40442 63900 156127 117123 218284 208713 182987 167828 34439 80359

45190 41683 54470 59493 29821 51403 65177 52117 27688 32544 40378 44494 47243 59211 47631 34351 38581 46820 37823 48504 35461 53659 42775 64357 39250 51465 40960 44335 48318 73399 57395 46882 55712 61907 44450 37012 59475 50292 21387 60630 40660 36889 30385 54285 34060 23696 24243 45428 59070 41092

22574 17974 7146 4104 23542 8089 8618 6428 26371 19848 7822 5211 5621 5744 15256 19762 12226 7047 13579 22804 15670 16305 5658 9081 11939 5543 32644 6154 9417 13583 10795 6937 12308 6121 14604 13612 4997 4907 35329 2829 8519 12693 26231 18261 35444 34157 30344 26490 3636 14436

80057 56481 38011 53182 85773 30699 70728 39587 100523 63100 15801 16494 27925 49316 49862 62659 25677 26917 44210 82915 51564 61965 10086 58183 22567 30846 133135 13847 23134 81255 43390 19877 47404 61209 39209 31140 55409 33472 142906 53119 5043 36309 95817 63289 143032 141855 122313 103360 50787 35364

58028 43758 39723 42962 45043 36260 52917 32225 54677 40086 13627 20427 24504 44777 41119 40854 14800 22884 13348 60736 18235 50669 16196 54356 20636 32504 91957 20846 31401 69686 44861 27673 47528 47737 33928 18849 43884 29335 84235 44763 19379 8098 61825 51661 93199 81191 68206 73289 41538 29391

11687 10319 16111 18256 9625 14832 20714 15620 8793 7559 11041 12598 13719 17960 12502 7885 9913 13320 12732 13667 11825 14853 11550 19329 10071 15090 13193 12158 13052 23103 16310 14031 15654 19439 11261 9301 18490 14901 14420 18590 10725 11440 5775 15097 13994 15320 12357 14935 17905 9951

19812 14312 16981 25818 30875 14743 32575 23312 35262 22118 16250 16268 19856 20756 9331 20750 16000 19556 21825 17087 24012 9543 14550 20656 13087 17100 32087 14856 12481 27518 13718 14262 12525 28893 11225 16375 27181 21506 46393 24875 13050 19475 30675 7275 38943 47856 42043 22706 25093 12993

107792 115691 168663 190737 120397 157010 210766 169251 113618 103562 131938 144628 153760 185526 134768 109304 122750 150511 145721 113954 138325 149278 136084 193650 124879 163256 89976 141042 142499 224408 164573 150483 160511 200373 123367 117764 192641 163396 108212 193454 129361 135188 93057 139110 68042 115551 117288 104178 187935 125748

50320 46673 57109 60151 29943 53921 66703 53124 27725 37172 40919 45381 48057 62039 52583 39050 40589 46994 38262 53765 35074 58814 42605 65905 40553 53307 45922 46572 49175 75966 59473 49220 61003 63303 49184 38958 60774 51227 25572 61352 42752 37291 34927 59519 38748 21302 24143 50567 59235 45803

13547 12443 15576 16502 7348 14610 18481 14368 6676 9565 10672 12024 12834 17069 14205 10134 10572 12512 9867 15145 8902 16103 11183 18240 10561 14424 14940 12384 13172 21287 16292 13186 16755 17451 13197 10078 16686 13794 8777 16860 11227 9573 9046 16305 12767 8172 5591 17640 16219 12151

1568 1572 2542 3371 2975 2287 3928 3020 3140 2117 2205 2361 2682 2911 1756 1983 2142 2611 2713 1300 2927 2073 2174 3115 1857 2517 2006 2297 2064 3788 2435 2239 2318 3664 1740 2179 3495 2856 3556 3292 2072 2483 2603 1850 2678 3717 4040 1087 3300 1792

101089 81178 34056 14036 101528 37057 34221 24448 114155 85625 31329 21905 20807 29883 69009 86632 50983 27212 57059 102699 66392 74352 23899 44780 51935 25656 147937 26114 42986 64873 50343 31915 56510 23076 66429 57791 18025 17622 155129 16909 36673 53106 114118 82825 155275 148907 131888 119151 11949 63080

7969 4856 7095 9693 10916 5941 11999 7886 12864 7029 4190 4847 6351 8766 4903 6421 3907 6030 6493 8552 7464 6801 4001 9570 2614 6560 14979 4498 4503 12617 7978 5294 7448 10753 3124 4073 9987 7090 17673 9684 3335 5450 10694 6998 17196 18323 15742 11047 9376 2000

0 1 37985
0 2 20440
0 3 64940
0 4 13376
0 6 44858
0 7 61393
0 8 30602
0 10 26975
0 11 39895
0 12 27142
0 13 25258
0 14 34647
0 15 38937
0 16 50798
0 19 67974
0 20 56561
0 21 24078
0 22 20068
0 23 11148
0 24 41087
0 26 50281
0 29 27399
0 30 44624
0 31 48048
0 32 41836
0 33 42186
0 34 65435
0 36 50571
0 37 39877
0 38 12882
0 39 63423
0 40 10002
0 41 59295
0 42 63811
0 44 51315
0 45 38853
0 46 69306
0 48 23706
0 49 47740
1 2 48913
1 3 57426
1 4 64268
1 5 10873
1 7 13756
1 8 34906
1 9 30808
1 11 61898
1 13 49621
1 14 27816
1 16 27122
1 18 17180
1 19 48723
1 20 20294
1 21 32949
1 22 33740
1 25 32430
1 26 55043
1 28 15851
1 30 44101
1 31 45245
1 33 39413
1 37 24289
1 39 63013
1 40 51231
1 41 62188
1 43 29487
1 44 33168
1 45 38448
1 46 28310
1 47 60415
1 48 56690
1 49 58747
2 4 53327
2 6 66633
2 8 20923
2 9 29984
2 10 36247
2 11 49125
2 13 11703
2 14 39913
2 17 19435
2 18 61106
2 20 24148
2 21 52839
2 22 38013
2 23 62842
2 24 32799
2 26 43722
2 27 49240
2 28 16686
2 29 63136
2 31 41191
2 32 29424
2 35 51850
2 38 55943
2 39 65122
2 40 34533
2 41 64948
2 43 27747
2 45 37822
2 46 61841
2 48 18648
2 49 48461
3 4 52512
3 6 24927
3 10 66966
3 14 60838
3 15 55791
3 17 25488
3 18 14480
3 21 66282
3 22 21770
3 25 13090
3 26 43497
3 27 21004
3 28 66044
3 29 51168
3 30 45314
3 31 48425
3 35 26202
3 37 42440
3 39 26500
3 42 53079
3 43 65957
3 45 62034
3 46 51373
3 48 23770
3 49 28439
4 5 45189
4 8 62080
4 9 26920
4 10 35625
4 11 27074
4 12 66212
4 13 63462
4 14 62318
4 15 23794
4 16 32556
4 17 26662
4 18 62219
4 19 52987
4 20 42280
4 21 59121
4 22 69443
4 24 37875
4 25 20253
4 28 15935
4 31 60904
4 32 41828
4 33 68023
4 34 36354
4 35 23118
4 36 47440
4 37 37762
4 39 15541
4 40 24330
4 41 42285
4 42 19212
4 43 64268
4 45 43394
4 47 55085
4 48 39235
5 13 12703
5 16 16361
5 17 41386
5 18 68804
5 20 54368
5 21 68974
5 22 36511
5 23 69156
5 24 40158
5 25 20429
5 26 57078
5 27 49514
5 28 52851
5 30 60662
5 31 11415
5 33 17776
5 34 47703
5 35 41562
5 36 43173
5 37 49701
5 38 21077
5 39 63572
5 40 33758
5 41 15612
5 42 69554
5 43 27651
5 44 50627
5 45 66550
5 47 50383
6 7 25382
6 8 10754
6 9 20776
6 11 13059
6 12 48226
6 13 27099
6 14 47074
6 15 65528
6 16 25046
6 17 58081
6 18 56856
6 19 55903
6 20 57603
6 23 42578
6 24 56942
6 26 53496
6 27 28781
6 31 38821
6 34 37625
6 36 29023
6 37 59368
6 38 12475
6 39 60327
6 41 26450
6 42 59945
6 43 31920
6 44 47173
6 45 43087
6 46 27353
6 48 20669
6 49 29600
7 11 67896
7 13 23516
7 16 33285
7 17 24577
7 18 41640
7 21 21577
7 22 20546
7 23 40646
7 25 63308
7 28 43372
7 30 45221
7 32 48356
7 34 17212
7 35 60296
7 36 23863
7 37 34872
7 38 64531
7 42 15774
7 43 23747
7 44 30112
7 45 28891
7 46 37180
7 49 50189
8 9 31806
8 10 56485
8 11 12110
8 12 56407
8 13 45374
8 14 56536
8 15 55812
8 17 38273
8 18 44583
8 20 49703
8 22 44946
8 23 25868
8 24 48579
8 25 30103
8 26 61395
8 27 47739
8 29 69250
8 30 25127
8 32 11663
8 33 33712
8 34 59718
8 35 35274
8 36 35572
8 37 14004
8 38 29242
8 39 44903
8 41 23482
8 42 61673
8 43 42448
8 45 66306
8 47 16572
8 48 51757
8 49 52335
9 13 22873
9 15 48445
9 16 43394
9 17 17500
9 19 28963
9 20 56102
9 21 21939
9 23 41317
9 24 51474
9 25 39502
9 27 57611
9 28 53517
9 29 63407
9 30 65365
9 31 27298
9 35 52441
9 36 33197
9 38 53464
9 39 18388
9 41 63556
9 42 13426
9 43 46287
9 45 47470
9 47 30987
9 48 11707
9 49 28885
10 12 53639
10 14 28140
10 15 31900
10 16 36567
10 18 14082
10 20 18787
10 21 58686
10 22 29951
10 25 48795
10 28 28256
10 29 66717
10 30 60080
10 32 65496
10 34 53354
10 35 66610
10 36 34670
10 37 60355
10 38 53376
10 39 10955
10 40 34059
10 41 19740
10 42 26638
10 43 26640
10 46 36412
10 47 22037
10 48 55040
11 13 10794
11 18 17872
11 19 26287
11 21 27242
11 22 17878
11 23 55755
11 24 41139
11 25 56423
11 26 45313
11 27 28222
11 28 19709
11 30 65231
11 32 66025
11 33 44861
11 34 22718
11 36 31042
11 37 38902
11 39 51269
11 40 69497
11 41 28873
11 42 24019
11 43 32446
11 44 49320
11 46 59029
11 48 54260
11 49 62460
12 13 32244
12 14 56419
12 16 34073
12 17 52894
12 18 23570
12 19 20597
12 21 23974
12 22 44375
12 23 25887
12 24 40029
12 25 60195
12 26 54236
12 27 55595
12 28 19425
12 29 31486
12 30 28080
12 31 52984
12 33 61694
12 34 47659
12 38 34096
12 39 28517
12 41 44404
12 42 22956
12 43 44545
12 46 13669
12 47 24956
13 14 22508
13 15 52314
13 16 19123
13 17 24547
13 19 21256
13 20 69903
13 21 59973
13 23 19253
13 24 17231
13 26 28128
13 27 58989
13 28 30304
13 31 46925
13 32 37241
13 33 53908
13 34 33193
13 36 56327
13 39 19797
13 40 10396
13 41 48768
13 42 43745
13 43 18210
13 45 58494
13 46 14138
13 48 52754
14 16 37124
14 17 38257
14 20 55723
14 21 42420
14 23 28569
14 24 15950
14 25 54560
14 26 43235
14 27 10162
14 28 10094
14 29 49996
14 31 68261
14 32 20041
14 33 17688
14 34 25415
14 35 52667
14 36 44823
14 37 42055
14 38 51944
14 39 12164
14 41 35302
14 43 44889
14 44 34730
14 45 38359
14 46 67007
14 47 46248
14 48 42284
14 49 47776
15 16 69807
15 20 49796
15 22 33391
15 24 35555
15 28 23317
15 32 21229
15 33 62469
15 35 10442
15 37 48218
15 38 12835
15 40 31662
15 41 16255
15 43 15998
15 44 55236
15 45 53998
15 46 21466
15 47 10006
15 48 15121
15 49 55378
16 17 28542
16 18 59228
16 19 24641
16 21 39211
16 22 27494
16 24 25508
16 26 34388
16 28 25134
16 29 25197
16 31 13015
16 33 62932
16 35 48310
16 36 47888
16 37 67491
16 38 29854
16 39 61474
16 40 17758
16 41 48743
16 43 52649
16 44 35216
16 45 68681
16 47 60230
16 49 63246
17 19 56178
17 20 24071
17 21 23746
17 24 51479
17 26 42953
17 29 40067
17 32 15065
17 33 38376
17 34 11022
17 36 26857
17 37 33574
17 38 69496
17 39 34968
17 40 56944
17 41 28231
17 42 12656
17 43 28904
17 45 20229
17 49 20040
18 19 47156
18 21 27254
18 22 46376
18 26 18075
18 27 43614
18 29 66910
18 30 58793
18 31 37118
18 33 55598
18 34 65393
18 35 34808
18 36 33401
18 37 27759
18 39 61853
18 40 47292
18 41 28099
18 42 19376
18 43 56661
18 44 49222
18 45 66932
18 47 32077
18 48 57636
19 20 43234
19 21 52951
19 23 64993
19 24 54107
19 25 47558
19 26 50958
19 27 13310
19 28 59821
19 29 17619
19 31 43990
19 32 34614
19 34 55132
19 35 12234
19 37 59792
19 39 19095
19 41 50440
19 42 40453
19 43 44162
19 45 52237
19 46 18746
19 49 13840
20 21 60355
20 22 57554
20 23 24686
20 25 63273
20 27 53065
20 28 54002
20 29 66469
20 30 18952
20 31 47154
20 33 43625
20 34 55825
20 35 20449
20 37 36814
20 38 13433
20 39 35625
20 40 61152
20 41 10026
20 43 28186
20 44 63001
20 45 68106
20 46 61522
20 48 30947
21 22 34535
21 25 48049
21 26 14596
21 27 46984
21 29 40506
21 31 68010
21 34 41249
21 35 40249
21 37 14707
21 38 40454
21 39 15285
21 40 61475
21 41 62289
21 43 12649
21 44 23194
21 46 36531
21 48 43389
21 49 37648
22 23 22231
22 24 33896
22 25 47221
22 26 54082
22 28 52550
22 31 60713
22 32 37491
22 33 65961
22 34 68355
22 35 30062
22 38 38222
22 40 65493
22 41 61383
22 43 61631
22 44 20328
22 45 21638
22 47 40541
22 48 64757
23 24 17304
23 25 58564
23 26 15440
23 27 30690
23 28 15224
23 29 58448
23 31 54783
23 32 56353
23 33 23016
23 36 16139
23 39 22669
23 40 33822
23 42 63032
23 43 15109
23 44 64348
23 45 51219
23 46 58756
23 48 23557
23 49 38803
24 25 11535
24 26 20859
24 27 20968
24 29 27107
24 30 22741
24 31 29365
24 32 12606
24 33 64733
24 34 64226
24 35 59938
24 36 69448
24 37 62669
24 39 24884
24 40 36549
24 41 46454
24 42 45196
24 44 56164
24 45 13166
24 46 68074
24 47 28408
24 48 50456
24 49 30582
25 26 39357
25 27 57736
25 28 26088
25 29 13158
25 33 36206
25 35 12660
25 36 28878
25 37 22492
25 39 62010
25 40 38481
25 41 25779
25 42 11078
25 43 52855
25 44 52504
25 45 46708
25 48 27662
25 49 58338
26 27 45207
26 28 50195
26 29 63557
26 30 24120
26 33 12994
26 34 26534
26 35 32471
26 37 69901
26 38 46603
26 39 14316
26 40 35582
26 42 35827
26 43 22288
26 44 26664
26 45 51413
26 46 29089
26 47 40559
26 48 17557
27 28 20551
27 29 67962
27 30 63776
27 31 22126
27 32 38440
27 33 16199
27 34 45700
27 35 14280
27 36 43960
27 38 10829
27 39 35264
27 40 16989
27 41 27213
27 43 11122
27 47 19658
27 49 26286
28 29 23058
28 30 17260
28 31 40186
28 33 20818
28 34 24056
28 35 43504
28 37 68768
28 38 67755
28 40 21655
28 42 15954
28 43 26194
28 44 21094
28 45 37290
28 46 51128
28 47 34810
28 48 22311
28 49 54053
29 30 52166
29 31 16462
29 33 67700
29 34 34765
29 35 44971
29 37 56626
29 39 38932
29 40 65293
29 42 64243
29 43 49297
29 44 67185
29 45 10112
29 46 58159
29 48 40325
30 31 63127
30 32 28769
30 33 61068
30 34 51666
30 35 47232
30 36 31989
30 39 57976
30 42 13606
30 43 63943
30 45 40407
30 46 52644
30 48 59321
31 33 63885
31 34 35495
31 35 30092
31 37 43677
31 38 64953
31 39 68085
31 40 60689
31 43 34814
31 44 36851
31 45 58303
31 47 17299
32 33 25764
32 34 25421
32 35 28657
32 36 64602
32 38 37566
32 39 22588
32 40 25139
32 41 26636
32 42 65529
32 43 25089
32 44 36597
32 45 68653
32 46 61903
32 47 68551
32 48 36153
32 49 42202
33 34 20594
33 35 19678
33 36 59158
33 37 62293
33 39 14881
33 40 51402
33 41 18583
33 42 57436
33 45 54312
33 46 52784
34 35 28009
34 38 69913
34 43 20723
34 44 60648
34 45 63976
34 46 52037
35 36 55246
35 37 27450
35 38 63960
35 39 27826
35 41 38293
35 43 20285
35 44 38132
35 45 34870
35 46 46024
35 47 34799
35 48 35795
35 49 29095
36 37 30174
36 38 58626
36 42 42099
36 43 63103
36 44 43960
36 45 38010
36 46 48528
36 47 35243
36 48 34361
36 49 29854
37 38 50491
37 40 51962
37 41 27725
37 42 15540
37 45 50046
37 46 14390
37 47 39135
37 49 24172
38 39 67278
38 42 24763
38 43 17142
38 44 25503
38 45 40265
38 46 68350
38 48 29147
38 49 61717
39 40 64533
39 41 65205
39 42 17492
39 43 60119
39 44 66471
39 48 55685
40 42 10489
40 43 62277
40 44 65043
40 45 58338
40 46 31451
40 47 22541
40 49 23581
41 42 27523
41 43 53548
41 44 18382
41 47 42431
41 49 14824
42 43 44318
42 45 44807
42 46 18965
42 48 54212
43 44 15663
43 45 28402
43 46 47908
43 48 41784
43 49 69913
44 45 11855
44 47 53061
44 49 37926
46 47 23403
46 49 50555
47 48 30508
47 49 22315
48 49 13239
