50 50 1225
25000 25000 25000 25000 25000 25000 25000 25000 25000 25000 25000 25000 25000 25000 25000 25000 25000 25000 25000 25000 25000 25000 0 25000 25000 25000 25000 25000 25000 25000 25000 25000 25000 25000 25000 25000 25000 25000 25000 25000 25000 25000 25000 25000 25000 25000 25000 25000 25000 25000
2609 3292 6739 8933 6803 5984 10355 7650 8084 4246 5219 5776 6641 7816 4374 3847 5033 6429 6719 3660 7358 5396 5219 8345 4182 6387 7391 5542 5038 10349 6400 5558 6051 9568 3792 4898 9064 7159 11178 8697 4781 6033 6661 5299 8845 11656 9977 5301 8663 3947

2368 1148 3204 4509 4028 2752 5457 3845 4791 2504 2396 2628 3220 3859 1838 2266 2285 3117 3299 2596 3680 2582 2296 4205 1779 2994 5115 2491 2189 5399 3046 2499 2838 4940 1446 2351 4642 3507 6634 4369 2035 2890 3943 2607 5984 6919 5919 3574 4385 1538

38119 28711 4914 17161 44553 7030 26409 19622 50450 35490 13876 9147 14977 9987 21848 35330 20546 15111 25670 37312 29954 23679 9828 13734 19303 6568 57472 8895 11180 22957 12390 7341 15489 21294 21806 22713 18992 16657 67393 15523 12297 23856 48568 27686 66066 66973 59161 44864 16203 22621

94158 75406 32372 11548 94124 35112 29982 21024 105322 79267 29681 21275 20071 28595 64292 80186 47630 25921 53179 95094 61702 69206 23096 42165 48700 24701 135170 25118 40527 60515 47246 30416 52911 19804 61669 53847 15191 17163 141838 16712 34762 49569 105288 76944 142841 137025 121516 110118 12183 58878

1432 1277 1715 1883 566 1580 2152 1577 838 876 1061 1250 1363 1923 1524 955 1016 1318 949 1655 814 1789 1133 2087 1015 1583 2005 1269 1379 2512 1815 1381 1823 2008 1383 947 1901 1497 1685 1925 1108 908 1169 1798 2040 1600 1240 2003 1836 1237

29389 21549 6421 15994 35203 3514 23701 16197 40108 27663 10383 7483 12332 10627 15840 27251 15232 12444 20193 28704 23757 17769 7029 12654 13919 6260 45474 6253 6966 20326 9090 4947 10956 19446 15805 17035 17517 13730 54202 15093 8371 18684 38375 21102 52622 53852 47354 34986 15197 16483

181956 151443 81972 45118 179349 86890 28499 43134 199791 153664 65767 58805 48555 75277 138615 155294 97584 53176 107361 187467 122469 147325 56998 99391 102384 68433 259515 65619 96429 131920 108338 78565 118381 37594 126439 108605 40319 50569 262507 54213 78328 100962 199791 160389 266358 256048 228497 214099 46244 120958

70158 56137 33391 20160 68960 32030 26544 6370 78353 57158 16770 13571 8861 34044 51550 57907 31390 10985 35882 72690 42824 57376 12741 45125 33595 25346 105796 16702 32220 60071 42892 24339 46527 21820 44649 36454 21085 12128 107171 24366 22542 32942 78353 60248 108940 104203 91544 84928 20704 42130

1719 1555 2020 2186 797 1877 2480 1869 697 1127 1324 1525 1646 2242 1817 1211 1359 1593 1205 1956 1061 2099 1395 2416 1275 1880 1940 1538 1663 2869 2127 1665 2135 2327 1668 1203 2218 1789 1599 2239 1374 1156 1050 2109 1977 1509 1125 2149 2144 1511

1038 879 1459 1709 1024 1320 1995 1402 1305 464 869 1050 1181 1674 1133 546 738 1134 1066 1268 1206 1406 928 1875 768 1323 1950 999 1145 2314 1562 1115 1500 1846 988 667 1736 1318 1983 1748 832 916 1087 1416 1986 2088 1720 1628 1668 837

282030 211282 141015 156813 275986 123980 205925 104130 324205 216434 12638 46089 66146 165880 198300 220212 86408 58178 109075 294806 144106 241573 25277 212999 97536 105504 461992 48149 106122 288418 178793 81738 185456 180442 162789 111960 161484 89774 468792 165811 55499 94239 323380 245901 477721 453818 389938 356556 149807 140603

50691 38013 17684 20961 51754 16554 32069 15322 59686 41572 8429 1231 9073 20938 32781 41335 20566 9254 24295 52228 30058 37595 2463 29549 19775 11074 79235 3830 16712 41956 25571 10170 28589 26227 28724 24385 23131 11333 83247 20927 10350 21854 59166 41335 84557 81009 70500 62387 19673 26656

87703 68425 38207 29484 86090 36375 42477 15319 98955 70203 15832 11526 5185 43485 62653 71210 35513 11563 41561 91111 50906 70496 10371 57448 38482 27377 135275 15741 36631 77569 50998 26021 55891 35788 53362 42330 30731 11599 137529 32581 23565 37602 98735 74362 139911 133534 116492 107586 27615 49972

8994 7014 1953 3076 10270 2400 5044 4089 11525 8342 3428 2289 3530 1217 5553 8308 5162 3558 5938 8844 6878 5947 2434 2672 4897 1741 13134 2275 3283 4634 3544 2352 4204 3955 5544 5623 3465 3423 15131 2520 3406 5551 11125 6799 14963 15041 13379 10451 2868 5718

22109 13806 17181 27575 34163 13983 36054 25399 39559 23393 16297 15828 21148 21809 7310 21709 15513 20779 22678 21463 25368 12569 14621 24038 11931 16866 39913 14091 11169 32479 15843 13360 14375 31372 9640 15974 29250 22701 52897 26598 12776 19787 33563 13114 48346 54681 47531 28374 26698 11815

16807 14001 25640 30561 19556 22905 35602 25154 24505 9679 15763 18421 21255 29433 18478 8135 13451 20437 19232 20868 21699 23300 16271 32126 12619 23236 35094 17533 19253 39867 26303 19556 24957 32986 15933 12196 31041 23680 36455 30709 14579 16581 19881 23476 36497 38302 31816 27205 29842 13261

10299 7390 7031 8472 10011 6048 10492 6305 12559 6963 2542 3918 4743 8551 6856 7119 1531 4415 4164 10825 5152 8788 3062 9992 2712 6068 17458 3782 5031 13093 7754 4593 8294 9443 5401 2666 8664 5714 17692 8842 2599 3101 11362 8989 17709 17551 14924 13365 8184 4483

175305 136474 78453 73100 171987 74683 92515 36644 198000 139301 27445 23562 23034 89311 126332 141375 67935 11423 80376 182317 99603 144881 22846 118038 74042 56173 274079 32233 75211 159433 104768 53383 114834 79433 107218 81959 75663 36305 280374 79396 45918 72233 198000 150423 282712 269592 234531 216209 69254 97680

14104 10872 9452 10186 10309 8668 12441 7754 12529 10040 3542 5082 6005 10597 10274 10214 4313 5638 2061 14718 4237 12438 4123 12767 5635 7817 21789 5177 8073 16239 11122 6723 11726 11267 8646 5230 10401 7099 19186 10594 5350 2795 14964 12662 22071 18497 15556 17561 9863 7618

4719 4738 8597 11897 10320 7583 14113 10500 12031 6905 7254 7875 9152 10064 5467 6371 7005 8870 9277 3656 10130 6729 7312 10878 5869 8497 9506 7622 6695 13554 8172 7390 7707 13238 5406 7151 12428 9845 15675 11583 6547 8360 10130 5845 12180 16314 14559 5847 11614 5613

2204 1718 1581 1691 1302 1463 2030 1326 1635 1593 693 924 1063 1760 1628 1619 733 1008 555 2296 390 1953 780 2079 931 1335 3066 939 1298 2600 1756 1171 1846 1853 1384 871 1722 1227 2673 1752 889 505 2041 1987 3108 2532 2090 2723 1643 1229

33087 23443 23170 37575 50155 19559 48702 36072 57236 36022 26166 23493 30494 29263 14919 33813 25682 30655 35084 31815 38614 11166 22333 29102 20982 23524 56025 21214 17380 40178 17905 20255 15978 42538 17975 26288 39775 32512 74738 35911 21002 31291 49368 15978 67091 77038 67697 40884 36405 20830

29547 21819 12087 14277 30208 10393 19877 9670 34960 23989 3801 2252 5847 14071 19650 23844 11199 6260 13471 30993 16984 22873 0 19319 10703 8017 46945 2293 10145 26881 15889 6157 17728 16757 16158 13513 14856 7665 50147 14257 4959 11984 34713 24051 50189 48040 41634 36675 13492 14897

19258 15154 4883 8660 22473 5240 12851 10822 25140 18677 8930 6798 9435 4715 11943 18148 11947 9496 14265 19106 16203 11616 7106 3553 10898 5631 28226 6684 7117 7725 6509 5973 7911 10537 11924 12593 9496 9405 33421 7486 7881 13444 24198 13429 31946 32615 29081 22522 8227 12293

32600 22120 24063 31410 36263 20115 39682 24603 43406 26098 11050 13644 18976 29538 20197 24684 10012 17796 19495 34493 23056 27157 10541 33424 5270 20594 59259 12362 14845 44597 26668 15282 26495 35297 14936 10622 32488 21866 64743 31379 8099 15669 41636 27879 64804 63420 53958 43640 30250 11650

19133 14415 4124 7502 21736 4258 12148 8180 24693 17191 5611 2952 5851 5337 11613 17111 9697 5918 11525 19369 13673 12852 3268 8547 9073 1634 29479 2801 5623 13172 7620 3075 8745 9583 10952 10784 8420 6693 33190 6967 5560 10615 23935 14794 33148 32667 28750 23156 7022 11361

175156 190444 281463 355282 238383 258749 406770 325852 225170 205569 253234 264755 294457 314332 211356 210756 242970 289434 287742 170788 273327 239639 248102 332568 222222 279224 124051 257875 238875 392519 271962 254436 261534 380835 205405 233251 365874 308872 262243 348348 234998 267212 177231 219819 183947 276549 279934 151733 352989 210046

31417 23339 11056 15023 33379 9282 22113 11424 38298 25597 5582 2430 7436 13292 19279 25460 12766 7551 15708 32571 19387 22351 1601 18629 11698 6794 49650 800 9022 26549 15038 4846 16963 18384 18146 14626 16408 8878 52990 15002 5683 14150 36827 24738 53033 52629 45921 39055 14201 16091

22292 15532 8585 15815 27305 6079 22449 14122 31534 21286 7458 6609 10790 12212 11525 20448 11037 10887 16351 22629 18460 14092 5916 13959 8953 7422 37089 5247 2958 20575 9380 4675 9917 18779 10579 12122 17129 11995 44699 15038 5121 14086 30040 16086 42325 43386 37782 28046 15128 11164

35887 29205 12480 18630 41122 13061 25455 22151 45465 34940 19069 15598 19892 12207 23976 34080 23982 19991 27757 35640 30912 23444 16099 10314 22275 13699 50490 15413 16118 8049 15128 14256 17411 21687 23945 25034 19991 19843 58502 16718 17362 26420 43931 26395 56547 57636 51882 41202 17925 24545

12035 8916 3727 7937 15528 2988 11116 8229 17556 12413 5826 4628 6632 5471 6476 11884 7270 6678 9817 11792 10828 6101 4440 5425 6843 4123 18722 4120 3693 8596 2220 3580 3285 9358 7288 8021 8567 7210 23593 7374 4435 8731 16331 7478 21757 23235 20550 14388 7608 8162

16816 12300 4673 8907 19038 3674 13346 7880 21863 14695 4330 2861 5655 6838 9623 14610 7526 5719 9982 17041 12034 11338 2398 8891 6931 3300 26701 1952 3900 13310 6886 1199 7961 10895 8991 8573 9784 6460 29982 8388 3574 9112 21992 12670 30199 29780 26037 20660 8448 9382

33291 24043 13451 25678 45466 10386 35106 25927 51477 34720 17347 15249 21192 18623 16808 32845 22433 21329 29985 32571 32982 15695 14693 18486 19385 13751 53121 13742 10951 27888 8982 12141 7346 30148 19402 23889 27802 22904 67566 24266 14025 26766 46032 19779 62514 69570 61607 40269 24685 21808

946126 772783 372672 171891 941607 399465 229188 203364 1052973 801673 322800 261306 229995 336196 681269 810550 496143 258078 549405 987768 631719 728398 261790 467575 512606 298912 1361570 298428 451435 644793 516318 354111 575875 130895 640112 556184 145421 201588 1394657 221440 377998 514543 1052973 803126 1415639 1359472 1209370 1121245 178024 610899

11074 6516 9745 14620 17265 8055 18070 12049 20125 11582 7198 7592 9802 12191 5780 10692 6792 9607 10578 11927 12000 8559 6353 13369 4891 8961 21336 7495 5951 17830 10200 7109 9514 16229 3176 7028 15116 10875 27174 14096 5378 9051 16956 8848 24582 28075 24330 15579 14222 4326

15829 11730 12055 14909 14887 10463 18181 11400 18098 9950 5307 7379 8870 14516 10865 10202 3806 8340 7557 17293 9159 13994 5984 16447 4154 10495 26946 6793 8459 21470 13235 8116 13697 16483 8500 2992 15221 10444 27326 15353 4886 5837 17073 14319 27353 27097 22842 21406 14443 7022

260549 211357 97602 40426 259264 105128 73603 59561 291477 219479 83331 65940 56946 87232 185247 222003 132614 73007 147849 269818 171160 198738 65986 124584 137295 76540 378755 76494 119995 174969 138442 92233 155375 45566 173638 149685 32993 48961 388070 54606 99025 137846 290926 219984 394035 378067 335391 310337 42170 165240

137814 108160 60774 37261 137095 58008 63568 27330 156514 113056 30982 20497 15076 61549 97731 114578 60691 24757 69875 142959 83983 109515 20525 84066 63513 44425 209073 26860 58395 114439 80082 42378 87468 46721 85421 70981 39142 10262 214743 41936 40442 63900 156127 117123 218284 208713 182987 167828 34439 80359

45190 41683 54470 59493 29821 51403 65177 52117 27688 32544 40378 44494 47243 59211 47631 34351 38581 46820 37823 48504 35461 53659 42775 64357 39250 51465 40960 44335 48318 73399 57395 46882 55712 61907 44450 37012 59475 50292 21387 60630 40660 36889 30385 54285 34060 23696 24243 45428 59070 41092

22574 17974 7146 4104 23542 8089 8618 6428 26371 19848 7822 5211 5621 5744 15256 19762 12226 7047 13579 22804 15670 16305 5658 9081 11939 5543 32644 6154 9417 13583 10795 6937 12308 6121 14604 13612 4997 4907 35329 2829 8519 12693 26231 18261 35444 34157 30344 26490 3636 14436

80057 56481 38011 53182 85773 30699 70728 39587 100523 63100 15801 16494 27925 49316 49862 62659 25677 26917 44210 82915 51564 61965 10086 58183 22567 30846 133135 13847 23134 81255 43390 19877 47404 61209 39209 31140 55409 33472 142906 53119 5043 36309 95817 63289 143032 141855 122313 103360 50787 35364

58028 43758 39723 42962 45043 36260 52917 32225 54677 40086 13627 20427 24504 44777 41119 40854 14800 22884 13348 60736 18235 50669 16196 54356 20636 32504 91957 20846 31401 69686 44861 27673 47528 47737 33928 18849 43884 29335 84235 44763 19379 8098 61825 51661 93199 81191 68206 73289 41538 29391

11687 10319 16111 18256 9625 14832 20714 15620 8793 7559 11041 12598 13719 17960 12502 7885 9913 13320 12732 13667 11825 14853 11550 19329 10071 15090 13193 12158 13052 23103 16310 14031 15654 19439 11261 9301 18490 14901 14420 18590 10725 11440 5775 15097 13994 15320 12357 14935 17905 9951

19812 14312 16981 25818 30875 14743 32575 23312 35262 22118 16250 16268 19856 20756 9331 20750 16000 19556 21825 17087 24012 9543 14550 20656 13087 17100 32087 14856 12481 27518 13718 14262 12525 28893 11225 16375 27181 21506 46393 24875 13050 19475 30675 7275 38943 47856 42043 22706 25093 12993

107792 115691 168663 190737 120397 157010 210766 169251 113618 103562 131938 144628 153760 185526 134768 109304 122750 150511 145721 113954 138325 149278 136084 193650 124879 163256 89976 141042 142499 224408 164573 150483 160511 200373 123367 117764 192641 163396 108212 193454 129361 135188 93057 139110 68042 115551 117288 104178 187935 125748

50320 46673 57109 60151 29943 53921 66703 53124 27725 37172 40919 45381 48057 62039 52583 39050 40589 46994 38262 53765 35074 58814 42605 65905 40553 53307 45922 46572 49175 75966 59473 49220 61003 63303 49184 38958 60774 51227 25572 61352 42752 37291 34927 59519 38748 21302 24143 50567 59235 45803

13547 12443 15576 16502 7348 14610 18481 14368 6676 9565 10672 12024 12834 17069 14205 10134 10572 12512 9867 15145 8902 16103 11183 18240 10561 14424 14940 12384 13172 21287 16292 13186 16755 17451 13197 10078 16686 13794 8777 16860 11227 9573 9046 16305 12767 8172 5591 17640 16219 12151

1568 1572 2542 3371 2975 2287 3928 3020 3140 2117 2205 2361 2682 2911 1756 1983 2142 2611 2713 1300 2927 2073 2174 3115 1857 2517 2006 2297 2064 3788 2435 2239 2318 3664 1740 2179 3495 2856 3556 3292 2072 2483 2603 1850 2678 3717 4040 1087 3300 1792

101089 81178 34056 14036 101528 37057 34221 24448 114155 85625 31329 21905 20807 29883 69009 86632 50983 27212 57059 102699 66392 74352 23899 44780 51935 25656 147937 26114 42986 64873 50343 31915 56510 23076 66429 57791 18025 17622 155129 16909 36673 53106 114118 82825 155275 148907 131888 119151 11949 63080

7969 4856 7095 9693 10916 5941 11999 7886 12864 7029 4190 4847 6351 8766 4903 6421 3907 6030 6493 8552 7464 6801 4001 9570 2614 6560 14979 4498 4503 12617 7978 5294 7448 10753 3124 4073 9987 7090 17673 9684 3335 5450 10694 6998 17196 18323 15742 11047 9376 2000

0 1 40886
0 2 26915
0 3 48335
0 4 10492
0 5 31421
0 6 20027
0 7 30059
0 8 63926
0 9 13426
0 10 25736
0 11 25368
0 12 46429
0 13 31530
0 14 35123
0 15 53135
0 16 69802
0 17 33058
0 18 68167
0 19 68456
0 20 68042
0 21 27373
0 22 14919
0 23 68537
0 24 24324
0 25 54370
0 26 13526
0 27 58980
0 28 31873
0 29 49170
0 30 27281
0 31 30925
0 32 46327
0 33 56505
0 34 31729
0 35 55857
0 36 63895
0 37 50545
0 38 63367
0 39 20364
0 40 63750
0 41 36808
0 42 17178
0 43 23584
0 44 12651
0 45 62399
0 46 25060
0 47 23368
0 48 20012
0 49 48586
1 2 67539
1 3 50570
1 4 50378
1 5 36601
1 6 22902
1 7 40492
1 8 30756
1 9 50280
1 10 59441
1 11 19689
1 12 56619
1 13 34729
1 14 38117
1 15 15771
1 16 60675
1 17 68927
1 18 67856
1 19 62353
1 20 46965
1 21 34683
1 22 18624
1 23 42871
1 24 38829
1 25 20019
1 26 53368
1 27 56715
1 28 68149
1 29 30723
1 30 12245
1 31 63451
1 32 33555
1 33 27488
1 34 18228
1 35 22350
1 36 51500
1 37 57764
1 38 54914
1 39 65856
1 40 56491
1 41 18365
1 42 11936
1 43 22551
1 44 29228
1 45 25407
1 46 46121
1 47 24395
1 48 11237
1 49 43793
2 3 64428
2 4 41011
2 5 69529
2 6 12404
2 7 25763
2 8 44538
2 9 26840
2 10 54818
2 11 60688
2 12 17917
2 13 16996
2 14 17743
2 15 42183
2 16 65499
2 17 16725
2 18 65590
2 19 38139
2 20 59786
2 21 68082
2 22 58464
2 23 49507
2 24 38804
2 25 28611
2 26 37828
2 27 57343
2 28 65568
2 29 45422
2 30 23810
2 31 11801
2 32 63730
2 33 61305
2 34 68736
2 35 38626
2 36 33465
2 37 63416
2 38 63258
2 39 57637
2 40 15624
2 41 22036
2 42 61899
2 43 55550
2 44 40071
2 45 37131
2 46 14930
2 47 15894
2 48 60163
2 49 57981
3 4 62996
3 5 23773
3 6 29668
3 7 51095
3 8 26466
3 9 21340
3 10 57684
3 11 65542
3 12 69107
3 13 49756
3 14 48418
3 15 59412
3 16 22172
3 17 52009
3 18 15210
3 19 37587
3 20 69301
3 21 37372
3 22 11255
3 23 54599
3 24 59904
3 25 49811
3 26 65667
3 27 16228
3 28 39150
3 29 46658
3 30 39224
3 31 37269
3 32 44081
3 33 30084
3 34 61972
3 35 23850
3 36 15385
3 37 69299
3 38 36042
3 39 10713
3 40 26190
3 41 52590
3 42 38581
3 43 29336
3 44 21155
3 45 28004
3 46 44769
3 47 31776
3 48 17255
3 49 58142
4 5 15884
4 6 13205
4 7 29567
4 8 40613
4 9 32754
4 10 24259
4 11 58202
4 12 13506
4 13 32021
4 14 60868
4 15 65189
4 16 59908
4 17 40498
4 18 48808
4 19 16248
4 20 23333
4 21 51648
4 22 69754
4 23 41746
4 24 69529
4 25 48046
4 26 19797
4 27 56990
4 28 53033
4 29 22497
4 30 64892
4 31 29125
4 32 23996
4 33 19188
4 34 13729
4 35 42460
4 36 13921
4 37 56304
4 38 38027
4 39 56748
4 40 58902
4 41 27697
4 42 61043
4 43 22002
4 44 36403
4 45 30681
4 46 18538
4 47 65151
4 48 52134
4 49 61692
5 6 66127
5 7 25629
5 8 60964
5 9 26429
5 10 66335
5 11 32900
5 12 37971
5 13 30289
5 14 67988
5 15 15795
5 16 43144
5 17 68390
5 18 65340
5 19 50569
5 20 44232
5 21 46042
5 22 19117
5 23 16761
5 24 16309
5 25 65425
5 26 36367
5 27 34234
5 28 21626
5 29 36057
5 30 63168
5 31 20358
5 32 57386
5 33 54346
5 34 24994
5 35 66552
5 36 43529
5 37 42290
5 38 46970
5 39 29080
5 40 48593
5 41 68627
5 42 31886
5 43 58355
5 44 30090
5 45 29479
5 46 68969
5 47 62274
5 48 37641
5 49 15433
6 7 47888
6 8 54566
6 9 57284
6 10 40417
6 11 42260
6 12 30237
6 13 63059
6 14 38518
6 15 40783
6 16 58458
6 17 17637
6 18 50483
6 19 60478
6 20 39314
6 21 55729
6 22 23459
6 23 59438
6 24 21388
6 25 61233
6 26 23681
6 27 30358
6 28 20699
6 29 51839
6 30 38363
6 31 18794
6 32 49847
6 33 47462
6 34 69390
6 35 15791
6 36 45115
6 37 26157
6 38 61491
6 39 32951
6 40 65021
6 41 43740
6 42 24030
6 43 65325
6 44 17516
6 45 63002
6 46 36139
6 47 15404
6 48 64580
6 49 49021
7 8 69862
7 9 45379
7 10 22685
7 11 69904
7 12 43483
7 13 29759
7 14 59744
7 15 59911
7 16 33950
7 17 27560
7 18 45105
7 19 30049
7 20 58711
7 21 29934
7 22 67375
7 23 23614
7 24 53768
7 25 54918
7 26 26882
7 27 46982
7 28 54030
7 29 41574
7 30 36593
7 31 60253
7 32 53074
7 33 44713
7 34 28377
7 35 65775
7 36 42919
7 37 36732
7 38 61017
7 39 50235
7 40 15691
7 41 53943
7 42 56328
7 43 59291
7 44 64018
7 45 26836
7 46 65055
7 47 33858
7 48 24904
7 49 42661
8 9 39685
8 10 63073
8 11 66851
8 12 19250
8 13 46503
8 14 69006
8 15 24639
8 16 51120
8 17 50226
8 18 17677
8 19 13981
8 20 17560
8 21 17955
8 22 23518
8 23 16342
8 24 55196
8 25 37321
8 26 24984
8 27 44427
8 28 22040
8 29 60072
8 30 15830
8 31 40347
8 32 52030
8 33 63714
8 34 67522
8 35 36924
8 36 19435
8 37 59204
8 38 20443
8 39 55486
8 40 54278
8 41 20262
8 42 59683
8 43 69848
8 44 18324
8 45 59122
8 46 17335
8 47 47457
8 48 52747
8 49 61776
9 10 15218
9 11 31703
9 12 39933
9 13 23959
9 14 52806
9 15 58720
9 16 11308
9 17 12698
9 18 66376
9 19 62715
9 20 15171
9 21 41559
9 22 24010
9 23 48224
9 24 26539
9 25 23378
9 26 35053
9 27 59114
9 28 55989
9 29 58067
9 30 25223
9 31 42231
9 32 22122
9 33 53875
9 34 60179
9 35 12254
9 36 41131
9 37 17857
9 38 29181
9 39 64603
9 40 62433
9 41 20181
9 42 29415
9 43 58825
9 44 48722
9 45 20551
9 46 60032
9 47 33181
9 48 40415
9 49 69708
10 11 29999
10 12 62297
10 13 45776
10 14 58977
10 15 32587
10 16 53382
10 17 14266
10 18 18860
10 19 39211
10 20 39086
10 21 20930
10 22 24583
10 23 21476
10 24 25820
10 25 67525
10 26 48839
10 27 27490
10 28 31360
10 29 17643
10 30 10928
10 31 16621
10 32 67955
10 33 24225
10 34 44570
10 35 50853
10 36 37722
10 37 42350
10 38 39097
10 39 19126
10 40 12071
10 41 23149
10 42 10528
10 43 58398
10 44 46610
10 45 18577
10 46 48976
10 47 44552
10 48 36087
10 49 30099
11 12 18566
11 13 27017
11 14 62735
11 15 41298
11 16 43195
11 17 65805
11 18 33428
11 19 62528
11 20 49593
11 21 32197
11 22 59672
11 23 16445
11 24 32325
11 25 28283
11 26 16127
11 27 35421
11 28 49334
11 29 37334
11 30 18159
11 31 52957
11 32 61761
11 33 62972
11 34 57716
11 35 61850
11 36 25482
11 37 66217
11 38 31173
11 39 56506
11 40 66364
11 41 18263
11 42 53172
11 43 63537
11 44 38828
11 45 17280
11 46 65856
11 47 28341
11 48 15352
11 49 25511
12 13 19517
12 14 43083
12 15 44112
12 16 16506
12 17 54667
12 18 61489
12 19 44154
12 20 29875
12 21 56141
12 22 62538
12 23 20636
12 24 61956
12 25 12760
12 26 16814
12 27 44314
12 28 23886
12 29 16039
12 30 31535
12 31 62621
12 32 21790
12 33 20109
12 34 64673
12 35 25735
12 36 24295
12 37 14313
12 38 63198
12 39 29355
12 40 67793
12 41 18156
12 42 52933
12 43 13286
12 44 25358
12 45 30140
12 46 12181
12 47 63990
12 48 60050
12 49 39954
13 14 58364
13 15 45624
13 16 33919
13 17 55844
13 18 41238
13 19 24976
13 20 50019
13 21 56343
13 22 51956
13 23 42475
13 24 58011
13 25 56912
13 26 51729
13 27 26868
13 28 55002
13 29 39207
13 30 55216
13 31 22377
13 32 67472
13 33 48957
13 34 26125
13 35 56797
13 36 63418
13 37 18153
13 38 45474
13 39 55393
13 40 55948
13 41 60030
13 42 59559
13 43 22160
13 44 16424
13 45 54280
13 46 68902
13 47 23480
13 48 17583
13 49 24140
14 15 32723
14 16 42557
14 17 20431
14 18 14220
14 19 67690
14 20 19391
14 21 68270
14 22 57667
14 23 52671
14 24 68743
14 25 63899
14 26 27088
14 27 62386
14 28 48232
14 29 45710
14 30 10030
14 31 39663
14 32 37279
14 33 59649
14 34 12351
14 35 67464
14 36 17330
14 37 57515
14 38 29915
14 39 53881
14 40 65634
14 41 24387
14 42 53287
14 43 29643
14 44 16742
14 45 60244
14 46 40139
14 47 62063
14 48 46353
14 49 15269
15 16 15404
15 17 36799
15 18 44819
15 19 30435
15 20 30853
15 21 12450
15 22 64802
15 23 15562
15 24 33610
15 25 45960
15 26 66911
15 27 59829
15 28 68816
15 29 10821
15 30 33605
15 31 36579
15 32 31528
15 33 64447
15 34 54045
15 35 13787
15 36 65551
15 37 31386
15 38 69426
15 39 14794
15 40 38506
15 41 16092
15 42 29664
15 43 38820
15 44 24166
15 45 16354
15 46 58437
15 47 29484
15 48 36312
15 49 29017
16 17 15165
16 18 61608
16 19 51745
16 20 37422
16 21 26295
16 22 50559
16 23 35676
16 24 56571
16 25 28925
16 26 50172
16 27 44089
16 28 33566
16 29 65812
16 30 55196
16 31 43333
16 32 55186
16 33 13370
16 34 25568
16 35 36141
16 36 12639
16 37 14263
16 38 13590
16 39 16202
16 40 61631
16 41 28257
16 42 44571
16 43 64683
16 44 61225
16 45 27540
16 46 58972
16 47 50634
16 48 15725
16 49 20952
17 18 15472
17 19 63339
17 20 65883
17 21 37661
17 22 37542
17 23 12339
17 24 45344
17 25 37330
17 26 59294
17 27 30757
17 28 58860
17 29 63292
17 30 51876
17 31 21990
17 32 40635
17 33 31598
17 34 22741
17 35 30570
17 36 22540
17 37 30801
17 38 44800
17 39 45609
17 40 66440
17 41 42763
17 42 11304
17 43 12606
17 44 54523
17 45 14349
17 46 52530
17 47 36704
17 48 61986
17 49 35625
18 19 49591
18 20 12407
18 21 57131
18 22 54919
18 23 69053
18 24 18427
18 25 69819
18 26 27581
18 27 33768
18 28 37639
18 29 62438
18 30 57394
18 31 34680
18 32 34486
18 33 48752
18 34 44098
18 35 59010
18 36 33179
18 37 46066
18 38 44425
18 39 14978
18 40 16966
18 41 46748
18 42 52272
18 43 31086
18 44 55159
18 45 51900
18 46 11197
18 47 33003
18 48 45951
18 49 38498
19 20 19154
19 21 32906
19 22 40003
19 23 26784
19 24 56797
19 25 33633
19 26 36560
19 27 41014
19 28 10897
19 29 65097
19 30 28329
19 31 41313
19 32 42634
19 33 67914
19 34 18775
19 35 64986
19 36 66626
19 37 36616
19 38 39569
19 39 17409
19 40 51515
19 41 32833
19 42 17776
19 43 39613
19 44 32300
19 45 53786
19 46 60763
19 47 46508
19 48 19416
19 49 41982
20 21 23540
20 22 58826
20 23 67565
20 24 59499
20 25 21546
20 26 29853
20 27 14303
20 28 23842
20 29 46534
20 30 19810
20 31 30869
20 32 25815
20 33 18696
20 34 21382
20 35 49451
20 36 35361
20 37 33037
20 38 25861
20 39 15981
20 40 34088
20 41 48620
20 42 33293
20 43 36628
20 44 17708
20 45 66942
20 46 11996
20 47 57466
20 48 28500
20 49 56487
21 22 13332
21 23 35950
21 24 41633
21 25 52880
21 26 32293
21 27 62854
21 28 65444
21 29 40323
21 30 60751
21 31 65873
21 32 46465
21 33 38681
21 34 69683
21 35 18977
21 36 35014
21 37 10769
21 38 44107
21 39 43391
21 40 38411
21 41 39587
21 42 27836
21 43 23439
21 44 16620
21 45 18371
21 46 63418
21 47 18534
21 48 19764
21 49 54697
22 23 16067
22 24 50335
22 25 35490
22 26 22132
22 27 30529
22 28 51690
22 29 48147
22 30 62349
22 31 56422
22 32 31968
22 33 12255
22 34 36766
22 35 20936
22 36 48260
22 37 35220
22 38 29204
22 39 62983
22 40 48721
22 41 26997
22 42 17127
22 43 22728
22 44 49170
22 45 22798
22 46 69563
22 47 23660
22 48 38616
22 49 38223
23 24 34292
23 25 17035
23 26 22563
23 27 11862
23 28 49895
23 29 17660
23 30 12376
23 31 32173
23 32 24887
23 33 44673
23 34 48481
23 35 11929
23 36 33044
23 37 22280
23 38 54209
23 39 69747
23 40 42366
23 41 33759
23 42 61742
23 43 39401
23 44 43171
23 45 12958
23 46 24422
23 47 67755
23 48 59090
23 49 46071
24 25 42603
24 26 28320
24 27 39942
24 28 10012
24 29 33807
24 30 45358
24 31 52894
24 32 40158
24 33 11090
24 34 52626
24 35 22973
24 36 68865
24 37 33421
24 38 19409
24 39 15400
24 40 62786
24 41 69833
24 42 56356
24 43 64410
24 44 66631
24 45 56128
24 46 13446
24 47 17458
24 48 50010
24 49 43165
25 26 41867
25 27 30926
25 28 36238
25 29 13705
25 30 19562
25 31 43832
25 32 33461
25 33 59807
25 34 62497
25 35 42538
25 36 25139
25 37 67470
25 38 10392
25 39 38542
25 40 12533
25 41 25743
25 42 10550
25 43 51485
25 44 43720
25 45 25140
25 46 40647
25 47 31983
25 48 21694
25 49 26630
26 27 55063
26 28 63320
26 29 30538
26 30 41492
26 31 18422
26 32 47685
26 33 48094
26 34 31708
26 35 52802
26 36 51784
26 37 11087
26 38 46157
26 39 68602
26 40 48548
26 41 68986
26 42 60840
26 43 67051
26 44 66956
26 45 57654
26 46 24872
26 47 38482
26 48 66088
26 49 32337
27 28 55220
27 29 43694
27 30 68014
27 31 10282
27 32 52869
27 33 55015
27 34 31884
27 35 39299
27 36 50754
27 37 43236
27 38 30292
27 39 16158
27 40 16023
27 41 37721
27 42 27569
27 43 66260
27 44 17902
27 45 16147
27 46 51089
27 47 26439
27 48 28017
27 49 55375
28 29 44511
28 30 38978
28 31 27377
28 32 62976
28 33 22161
28 34 22833
28 35 20127
28 36 42999
28 37 53316
28 38 16839
28 39 45567
28 40 43486
28 41 65767
28 42 26966
28 43 50435
28 44 40037
28 45 39719
28 46 40212
28 47 23934
28 48 11117
28 49 68674
29 30 30631
29 31 17208
29 32 22851
29 33 69242
29 34 64447
29 35 42676
29 36 14169
29 37 40563
29 38 64931
29 39 46180
29 40 12297
29 41 46688
29 42 62996
29 43 18401
29 44 63069
29 45 54416
29 46 38582
29 47 53682
29 48 28502
29 49 11123
30 31 16790
30 32 27235
30 33 24946
30 34 18447
30 35 21502
30 36 57549
30 37 60528
30 38 69013
30 39 37563
30 40 23990
30 41 37194
30 42 57036
30 43 36384
30 44 47209
30 45 12700
30 46 20539
30 47 34835
30 48 30450
30 49 61926
31 32 12362
31 33 59878
31 34 63579
31 35 36853
31 36 46634
31 37 22711
31 38 14105
31 39 11736
31 40 22034
31 41 44565
31 42 35710
31 43 26632
31 44 33107
31 45 50376
31 46 67601
31 47 35160
31 48 22082
31 49 36227
32 33 41796
32 34 20958
32 35 46554
32 36 45407
32 37 49927
32 38 41801
32 39 27967
32 40 40260
32 41 66335
32 42 42631
32 43 14712
32 44 49353
32 45 31662
32 46 48628
32 47 29551
32 48 62110
32 49 20641
33 34 22481
33 35 13090
33 36 37854
33 37 47736
33 38 57682
33 39 28726
33 40 25733
33 41 51187
33 42 20857
33 43 47724
33 44 34564
33 45 64723
33 46 55834
33 47 54401
33 48 28325
33 49 27366
34 35 28589
34 36 65047
34 37 49826
34 38 68803
34 39 14840
34 40 68155
34 41 31648
34 42 55290
34 43 47946
34 44 69067
34 45 45104
34 46 28408
34 47 30768
34 48 45235
34 49 20555
35 36 56251
35 37 59410
35 38 38291
35 39 60435
35 40 19448
35 41 43681
35 42 62200
35 43 69651
35 44 37834
35 45 59560
35 46 39164
35 47 67043
35 48 31955
35 49 36733
36 37 43256
36 38 12496
36 39 29136
36 40 23510
36 41 43846
36 42 60875
36 43 21924
36 44 37250
36 45 29885
36 46 64319
36 47 63555
36 48 37324
36 49 54896
37 38 56644
37 39 28530
37 40 26746
37 41 13370
37 42 57645
37 43 33852
37 44 56286
37 45 27805
37 46 27344
37 47 24421
37 48 20207
37 49 34200
38 39 44729
38 40 34758
38 41 63179
38 42 12772
38 43 39210
38 44 15904
38 45 59440
38 46 27902
38 47 54485
38 48 60946
38 49 25804
39 40 30637
39 41 24833
39 42 40448
39 43 32069
39 44 52271
39 45 35108
39 46 21556
39 47 39388
39 48 44462
39 49 21983
40 41 67259
40 42 12345
40 43 24861
40 44 55972
40 45 16657
40 46 60911
40 47 57630
40 48 25057
40 49 17137
41 42 59078
41 43 56628
41 44 19141
41 45 18825
41 46 58865
41 47 59833
41 48 46358
41 49 48623
42 43 61310
42 44 24589
42 45 45644
42 46 25412
42 47 34893
42 48 42300
42 49 31120
43 44 63428
43 45 51549
43 46 10737
43 47 48241
43 48 51924
43 49 15554
44 45 50658
44 46 41554
44 47 43319
44 48 59118
44 49 46499
45 46 55506
45 47 61318
45 48 41305
45 49 36701
46 47 62111
46 48 25328
46 49 10186
47 48 47055
47 49 24683
48 49 64589
