50 50 1087
25000 25000 25000 25000 25000 25000 25000 25000 25000 25000 25000 25000 25000 25000 25000 25000 25000 25000 25000 25000 25000 25000 0 25000 25000 25000 25000 25000 25000 25000 25000 25000 25000 25000 25000 25000 25000 25000 25000 25000 25000 25000 25000 25000 25000 25000 25000 25000 25000 25000
2609 3292 6739 8933 6803 5984 10355 7650 8084 4246 5219 5776 6641 7816 4374 3847 5033 6429 6719 3660 7358 5396 5219 8345 4182 6387 7391 5542 5038 10349 6400 5558 6051 9568 3792 4898 9064 7159 11178 8697 4781 6033 6661 5299 8845 11656 9977 5301 8663 3947

2368 1148 3204 4509 4028 2752 5457 3845 4791 2504 2396 2628 3220 3859 1838 2266 2285 3117 3299 2596 3680 2582 2296 4205 1779 2994 5115 2491 2189 5399 3046 2499 2838 4940 1446 2351 4642 3507 6634 4369 2035 2890 3943 2607 5984 6919 5919 3574 4385 1538

38119 28711 4914 17161 44553 7030 26409 19622 50450 35490 13876 9147 14977 9987 21848 35330 20546 15111 25670 37312 29954 23679 9828 13734 19303 6568 57472 8895 11180 22957 12390 7341 15489 21294 21806 22713 18992 16657 67393 15523 12297 23856 48568 27686 66066 66973 59161 44864 16203 22621

94158 75406 32372 11548 94124 35112 29982 21024 105322 79267 29681 21275 20071 28595 64292 80186 47630 25921 53179 95094 61702 69206 23096 42165 48700 24701 135170 25118 40527 60515 47246 30416 52911 19804 61669 53847 15191 17163 141838 16712 34762 49569 105288 76944 142841 137025 121516 110118 12183 58878

1432 1277 1715 1883 566 1580 2152 1577 838 876 1061 1250 1363 1923 1524 955 1016 1318 949 1655 814 1789 1133 2087 1015 1583 2005 1269 1379 2512 1815 1381 1823 2008 1383 947 1901 1497 1685 1925 1108 908 1169 1798 2040 1600 1240 2003 1836 1237

29389 21549 6421 15994 35203 3514 23701 16197 40108 27663 10383 7483 12332 10627 15840 27251 15232 12444 20193 28704 23757 17769 7029 12654 13919 6260 45474 6253 6966 20326 9090 4947 10956 19446 15805 17035 17517 13730 54202 15093 8371 18684 38375 21102 52622 53852 47354 34986 15197 16483

181956 151443 81972 45118 179349 86890 28499 43134 199791 153664 65767 58805 48555 75277 138615 155294 97584 53176 107361 187467 122469 147325 56998 99391 102384 68433 259515 65619 96429 131920 108338 78565 118381 37594 126439 108605 40319 50569 262507 54213 78328 100962 199791 160389 266358 256048 228497 214099 46244 120958

70158 56137 33391 20160 68960 32030 26544 6370 78353 57158 16770 13571 8861 34044 51550 57907 31390 10985 35882 72690 42824 57376 12741 45125 33595 25346 105796 16702 32220 60071 42892 24339 46527 21820 44649 36454 21085 12128 107171 24366 22542 32942 78353 60248 108940 104203 91544 84928 20704 42130

1719 1555 2020 2186 797 1877 2480 1869 697 1127 1324 1525 1646 2242 1817 1211 1359 1593 1205 1956 1061 2099 1395 2416 1275 1880 1940 1538 1663 2869 2127 1665 2135 2327 1668 1203 2218 1789 1599 2239 1374 1156 1050 2109 1977 1509 1125 2149 2144 1511

1038 879 1459 1709 1024 1320 1995 1402 1305 464 869 1050 1181 1674 1133 546 738 1134 1066 1268 1206 1406 928 1875 768 1323 1950 999 1145 2314 1562 1115 1500 1846 988 667 1736 1318 1983 1748 832 916 1087 1416 1986 2088 1720 1628 1668 837

282030 211282 141015 156813 275986 123980 205925 104130 324205 216434 12638 46089 66146 165880 198300 220212 86408 58178 109075 294806 144106 241573 25277 212999 97536 105504 461992 48149 106122 288418 178793 81738 185456 180442 162789 111960 161484 89774 468792 165811 55499 94239 323380 245901 477721 453818 389938 356556 149807 140603

50691 38013 17684 20961 51754 16554 32069 15322 59686 41572 8429 1231 9073 20938 32781 41335 20566 9254 24295 52228 30058 37595 2463 29549 19775 11074 79235 3830 16712 41956 25571 10170 28589 26227 28724 24385 23131 11333 83247 20927 10350 21854 59166 41335 84557 81009 70500 62387 19673 26656

87703 68425 38207 29484 86090 36375 42477 15319 98955 70203 15832 11526 5185 43485 62653 71210 35513 11563 41561 91111 50906 70496 10371 57448 38482 27377 135275 15741 36631 77569 50998 26021 55891 35788 53362 42330 30731 11599 137529 32581 23565 37602 98735 74362 139911 133534 116492 107586 27615 49972

8994 7014 1953 3076 10270 2400 5044 4089 11525 8342 3428 2289 3530 1217 5553 8308 5162 3558 5938 8844 6878 5947 2434 2672 4897 1741 13134 2275 3283 4634 3544 2352 4204 3955 5544 5623 3465 3423 15131 2520 3406 5551 11125 6799 14963 15041 13379 10451 2868 5718

22109 13806 17181 27575 34163 13983 36054 25399 39559 23393 16297 15828 21148 21809 7310 21709 15513 20779 22678 21463 25368 12569 14621 24038 11931 16866 39913 14091 11169 32479 15843 13360 14375 31372 9640 15974 29250 22701 52897 26598 12776 19787 33563 13114 48346 54681 47531 28374 26698 11815

16807 14001 25640 30561 19556 22905 35602 25154 24505 9679 15763 18421 21255 29433 18478 8135 13451 20437 19232 20868 21699 23300 16271 32126 12619 23236 35094 17533 19253 39867 26303 19556 24957 32986 15933 12196 31041 23680 36455 30709 14579 16581 19881 23476 36497 38302 31816 27205 29842 13261

10299 7390 7031 8472 10011 6048 10492 6305 12559 6963 2542 3918 4743 8551 6856 7119 1531 4415 4164 10825 5152 8788 3062 9992 2712 6068 17458 3782 5031 13093 7754 4593 8294 9443 5401 2666 8664 5714 17692 8842 2599 3101 11362 8989 17709 17551 14924 13365 8184 4483

175305 136474 78453 73100 171987 74683 92515 36644 198000 139301 27445 23562 23034 89311 126332 141375 67935 11423 80376 182317 99603 144881 22846 118038 74042 56173 274079 32233 75211 159433 104768 53383 114834 79433 107218 81959 75663 36305 280374 79396 45918 72233 198000 150423 282712 269592 234531 216209 69254 97680

14104 10872 9452 10186 10309 8668 12441 7754 12529 10040 3542 5082 6005 10597 10274 10214 4313 5638 2061 14718 4237 12438 4123 12767 5635 7817 21789 5177 8073 16239 11122 6723 11726 11267 8646 5230 10401 7099 19186 10594 5350 2795 14964 12662 22071 18497 15556 17561 9863 7618

4719 4738 8597 11897 10320 7583 14113 10500 12031 6905 7254 7875 9152 10064 5467 6371 7005 8870 9277 3656 10130 6729 7312 10878 5869 8497 9506 7622 6695 13554 8172 7390 7707 13238 5406 7151 12428 9845 15675 11583 6547 8360 10130 5845 12180 16314 14559 5847 11614 5613

2204 1718 1581 1691 1302 1463 2030 1326 1635 1593 693 924 1063 1760 1628 1619 733 1008 555 2296 390 1953 780 2079 931 1335 3066 939 1298 2600 1756 1171 1846 1853 1384 871 1722 1227 2673 1752 889 505 2041 1987 3108 2532 2090 2723 1643 1229

33087 23443 23170 37575 50155 19559 48702 36072 57236 36022 26166 23493 30494 29263 14919 33813 25682 30655 35084 31815 38614 11166 22333 29102 20982 23524 56025 21214 17380 40178 17905 20255 15978 42538 17975 26288 39775 32512 74738 35911 21002 31291 49368 15978 67091 77038 67697 40884 36405 20830

29547 21819 12087 14277 30208 10393 19877 9670 34960 23989 3801 2252 5847 14071 19650 23844 11199 6260 13471 30993 16984 22873 0 19319 10703 8017 46945 2293 10145 26881 15889 6157 17728 16757 16158 13513 14856 7665 50147 14257 4959 11984 34713 24051 50189 48040 41634 36675 13492 14897

19258 15154 4883 8660 22473 5240 12851 10822 25140 18677 8930 6798 9435 4715 11943 18148 11947 9496 14265 19106 16203 11616 7106 3553 10898 5631 28226 6684 7117 7725 6509 5973 7911 10537 11924 12593 9496 9405 33421 7486 7881 13444 24198 13429 31946 32615 29081 22522 8227 12293

32600 22120 24063 31410 36263 20115 39682 24603 43406 26098 11050 13644 18976 29538 20197 24684 10012 17796 19495 34493 23056 27157 10541 33424 5270 20594 59259 12362 14845 44597 26668 15282 26495 35297 14936 10622 32488 21866 64743 31379 8099 15669 41636 27879 64804 63420 53958 43640 30250 11650

19133 14415 4124 7502 21736 4258 12148 8180 24693 17191 5611 2952 5851 5337 11613 17111 9697 5918 11525 19369 13673 12852 3268 8547 9073 1634 29479 2801 5623 13172 7620 3075 8745 9583 10952 10784 8420 6693 33190 6967 5560 10615 23935 14794 33148 32667 28750 23156 7022 11361

175156 190444 281463 355282 238383 258749 406770 325852 225170 205569 253234 264755 294457 314332 211356 210756 242970 289434 287742 170788 273327 239639 248102 332568 222222 279224 124051 257875 238875 392519 271962 254436 261534 380835 205405 233251 365874 308872 262243 348348 234998 267212 177231 219819 183947 276549 279934 151733 352989 210046

31417 23339 11056 15023 33379 9282 22113 11424 38298 25597 5582 2430 7436 13292 19279 25460 12766 7551 15708 32571 19387 22351 1601 18629 11698 6794 49650 800 9022 26549 15038 4846 16963 18384 18146 14626 16408 8878 52990 15002 5683 14150 36827 24738 53033 52629 45921 39055 14201 16091

22292 15532 8585 15815 27305 6079 22449 14122 31534 21286 7458 6609 10790 12212 11525 20448 11037 10887 16351 22629 18460 14092 5916 13959 8953 7422 37089 5247 2958 20575 9380 4675 9917 18779 10579 12122 17129 11995 44699 15038 5121 14086 30040 16086 42325 43386 37782 28046 15128 11164

35887 29205 12480 18630 41122 13061 25455 22151 45465 34940 19069 15598 19892 12207 23976 34080 23982 19991 27757 35640 30912 23444 16099 10314 22275 13699 50490 15413 16118 8049 15128 14256 17411 21687 23945 25034 19991 19843 58502 16718 17362 26420 43931 26395 56547 57636 51882 41202 17925 24545

12035 8916 3727 7937 15528 2988 11116 8229 17556 12413 5826 4628 6632 5471 6476 11884 7270 6678 9817 11792 10828 6101 4440 5425 6843 4123 18722 4120 3693 8596 2220 3580 3285 9358 7288 8021 8567 7210 23593 7374 4435 8731 16331 7478 21757 23235 20550 14388 7608 8162

16816 12300 4673 8907 19038 3674 13346 7880 21863 14695 4330 2861 5655 6838 9623 14610 7526 5719 9982 17041 12034 11338 2398 8891 6931 3300 26701 1952 3900 13310 6886 1199 7961 10895 8991 8573 9784 6460 29982 8388 3574 9112 21992 12670 30199 29780 26037 20660 8448 9382

33291 24043 13451 25678 45466 10386 35106 25927 51477 34720 17347 15249 21192 18623 16808 32845 22433 21329 29985 32571 32982 15695 14693 18486 19385 13751 53121 13742 10951 27888 8982 12141 7346 30148 19402 23889 27802 22904 67566 24266 14025 26766 46032 19779 62514 69570 61607 40269 24685 21808

946126 772783 372672 171891 941607 399465 229188 203364 1052973 801673 322800 261306 229995 336196 681269 810550 496143 258078 549405 987768 631719 728398 261790 467575 512606 298912 1361570 298428 451435 644793 516318 354111 575875 130895 640112 556184 145421 201588 1394657 221440 377998 514543 1052973 803126 1415639 1359472 1209370 1121245 178024 610899

11074 6516 9745 14620 17265 8055 18070 12049 20125 11582 7198 7592 9802 12191 5780 10692 6792 9607 10578 11927 12000 8559 6353 13369 4891 8961 21336 7495 5951 17830 10200 7109 9514 16229 3176 7028 15116 10875 27174 14096 5378 9051 16956 8848 24582 28075 24330 15579 14222 4326

15829 11730 12055 14909 14887 10463 18181 11400 18098 9950 5307 7379 8870 14516 10865 10202 3806 8340 7557 17293 9159 13994 5984 16447 4154 10495 26946 6793 8459 21470 13235 8116 13697 16483 8500 2992 15221 10444 27326 15353 4886 5837 17073 14319 27353 27097 22842 21406 14443 7022

260549 211357 97602 40426 259264 105128 73603 59561 291477 219479 83331 65940 56946 87232 185247 222003 132614 73007 147849 269818 171160 198738 65986 124584 137295 76540 378755 76494 119995 174969 138442 92233 155375 45566 173638 149685 32993 48961 388070 54606 99025 137846 290926 219984 394035 378067 335391 310337 42170 165240

137814 108160 60774 37261 137095 58008 63568 27330 156514 113056 30982 20497 15076 61549 97731 114578 60691 24757 69875 142959 83983 109515 20525 84066 63513 44425 209073 26860 58395 114439 80082 42378 87468 46721 85421 70981 39142 10262 214743 41936 40442 63900 156127 117123 218284 208713 182987 167828 34439 80359

45190 41683 54470 59493 29821 51403 65177 52117 27688 32544 40378 44494 47243 59211 47631 34351 38581 46820 37823 48504 35461 53659 42775 64357 39250 51465 40960 44335 48318 73399 57395 46882 55712 61907 44450 37012 59475 50292 21387 60630 40660 36889 30385 54285 34060 23696 24243 45428 59070 41092

22574 17974 7146 4104 23542 8089 8618 6428 26371 19848 7822 5211 5621 5744 15256 19762 12226 7047 13579 22804 15670 16305 5658 9081 11939 5543 32644 6154 9417 13583 10795 6937 12308 6121 14604 13612 4997 4907 35329 2829 8519 12693 26231 18261 35444 34157 30344 26490 3636 14436

80057 56481 38011 53182 85773 30699 70728 39587 100523 63100 15801 16494 27925 49316 49862 62659 25677 26917 44210 82915 51564 61965 10086 58183 22567 30846 133135 13847 23134 81255 43390 19877 47404 61209 39209 31140 55409 33472 142906 53119 5043 36309 95817 63289 143032 141855 122313 103360 50787 35364

58028 43758 39723 42962 45043 36260 52917 32225 54677 40086 13627 20427 24504 44777 41119 40854 14800 22884 13348 60736 18235 50669 16196 54356 20636 32504 91957 20846 31401 69686 44861 27673 47528 47737 33928 18849 43884 29335 84235 44763 19379 8098 61825 51661 93199 81191 68206 73289 41538 29391

11687 10319 16111 18256 9625 14832 20714 15620 8793 7559 11041 12598 13719 17960 12502 7885 9913 13320 12732 13667 11825 14853 11550 19329 10071 15090 13193 12158 13052 23103 16310 14031 15654 19439 11261 9301 18490 14901 14420 18590 10725 11440 5775 15097 13994 15320 12357 14935 17905 9951

19812 14312 16981 25818 30875 14743 32575 23312 35262 22118 16250 16268 19856 20756 9331 20750 16000 19556 21825 17087 24012 9543 14550 20656 13087 17100 32087 14856 12481 27518 13718 14262 12525 28893 11225 16375 27181 21506 46393 24875 13050 19475 30675 7275 38943 47856 42043 22706 25093 12993

107792 115691 168663 190737 120397 157010 210766 169251 113618 103562 131938 144628 153760 185526 134768 109304 122750 150511 145721 113954 138325 149278 136084 193650 124879 163256 89976 141042 142499 224408 164573 150483 160511 200373 123367 117764 192641 163396 108212 193454 129361 135188 93057 139110 68042 115551 117288 104178 187935 125748

50320 46673 57109 60151 29943 53921 66703 53124 27725 37172 40919 45381 48057 62039 52583 39050 40589 46994 38262 53765 35074 58814 42605 65905 40553 53307 45922 46572 49175 75966 59473 49220 61003 63303 49184 38958 60774 51227 25572 61352 42752 37291 34927 59519 38748 21302 24143 50567 59235 45803

13547 12443 15576 16502 7348 14610 18481 14368 6676 9565 10672 12024 12834 17069 14205 10134 10572 12512 9867 15145 8902 16103 11183 18240 10561 14424 14940 12384 13172 21287 16292 13186 16755 17451 13197 10078 16686 13794 8777 16860 11227 9573 9046 16305 12767 8172 5591 17640 16219 12151

1568 1572 2542 3371 2975 2287 3928 3020 3140 2117 2205 2361 2682 2911 1756 1983 2142 2611 2713 1300 2927 2073 2174 3115 1857 2517 2006 2297 2064 3788 2435 2239 2318 3664 1740 2179 3495 2856 3556 3292 2072 2483 2603 1850 2678 3717 4040 1087 3300 1792

101089 81178 34056 14036 101528 37057 34221 24448 114155 85625 31329 21905 20807 29883 69009 86632 50983 27212 57059 102699 66392 74352 23899 44780 51935 25656 147937 26114 42986 64873 50343 31915 56510 23076 66429 57791 18025 17622 155129 16909 36673 53106 114118 82825 155275 148907 131888 119151 11949 63080

7969 4856 7095 9693 10916 5941 11999 7886 12864 7029 4190 4847 6351 8766 4903 6421 3907 6030 6493 8552 7464 6801 4001 9570 2614 6560 14979 4498 4503 12617 7978 5294 7448 10753 3124 4073 9987 7090 17673 9684 3335 5450 10694 6998 17196 18323 15742 11047 9376 2000

0 1 12008
0 2 58725
0 3 52377
0 4 43271
0 5 32307
0 6 26373
0 9 51581
0 10 64838
0 11 26668
0 12 18344
0 14 28562
0 15 69512
0 16 17288
0 17 32557
0 18 60127
0 19 51660
0 21 24335
0 22 44712
0 24 61085
0 26 19781
0 27 48638
0 28 17527
0 29 19888
0 30 24965
0 31 57137
0 32 55933
0 34 67700
0 35 42417
0 36 58158
0 37 44724
0 38 14765
0 39 59187
0 40 11037
0 41 59635
0 42 60054
0 43 36345
0 44 56971
0 47 59320
0 48 12684
0 49 59621
1 2 47347
1 4 56117
1 5 35777
1 6 32576
1 7 51312
1 8 39439
1 9 41211
1 10 58708
1 11 46117
1 12 31615
1 13 25124
1 14 34409
1 15 55290
1 16 43355
1 18 64052
1 19 51391
1 20 16620
1 21 67448
1 22 61819
1 24 31993
1 25 69905
1 26 63203
1 28 15672
1 29 20091
1 30 18242
1 31 47225
1 32 61352
1 33 34972
1 34 69392
1 35 65011
1 36 37048
1 37 56378
1 38 31151
1 39 24901
1 41 68393
1 44 20502
1 45 43620
1 46 51019
1 47 58214
1 48 10014
1 49 24784
2 3 14803
2 5 10180
2 6 20920
2 7 44992
2 8 14430
2 9 58201
2 10 28127
2 11 40428
2 12 53549
2 13 36869
2 15 16841
2 16 41137
2 17 65280
2 18 21238
2 19 35544
2 20 45709
2 21 62574
2 22 40249
2 24 13900
2 25 50205
2 26 18973
2 27 15902
2 28 24699
2 29 47778
2 30 50280
2 31 11114
2 32 63616
2 33 53760
2 34 30112
2 35 13016
2 36 15887
2 37 27785
2 38 38946
2 40 42847
2 41 12871
2 42 46203
2 43 53554
2 44 38606
2 45 39734
2 46 59637
2 48 48117
2 49 42868
3 4 69654
3 5 62055
3 6 64543
3 7 47719
3 8 22899
3 9 12620
3 10 25864
3 11 61140
3 12 52405
3 13 47071
3 14 20005
3 15 14096
3 16 46066
3 18 60536
3 19 52451
3 20 17202
3 21 50821
3 22 52678
3 24 65006
3 25 16960
3 26 62636
3 27 13829
3 28 26342
3 29 35175
3 30 66949
3 31 26194
3 32 54417
3 33 56411
3 34 29149
3 35 22803
3 36 11161
3 37 11440
3 38 29969
3 39 57680
3 40 43627
3 41 35307
3 42 63818
3 43 56391
3 44 38075
3 45 26277
3 46 33099
3 49 47437
4 5 24221
4 6 52793
4 7 27205
4 9 28645
4 11 57906
4 12 38317
4 13 12717
4 14 57797
4 15 21816
4 16 29399
4 17 32107
4 19 55206
4 20 30042
4 21 68290
4 22 53295
4 23 14373
4 24 34785
4 25 37339
4 26 18723
4 28 26800
4 29 39222
4 32 38757
4 33 37559
4 34 40682
4 35 10185
4 36 21224
4 37 18345
4 38 29328
4 40 36908
4 41 32970
4 42 68977
4 43 21476
4 44 64638
4 45 34501
4 46 34738
4 47 52609
4 48 59127
4 49 32021
5 6 14081
5 7 60173
5 8 45616
5 9 47081
5 10 16892
5 11 38565
5 12 51304
5 13 11846
5 14 28198
5 15 34334
5 17 58835
5 19 55558
5 21 21037
5 22 60060
5 23 22915
5 24 24847
5 25 60067
5 26 28732
5 27 19303
5 28 20900
5 29 17042
5 30 54951
5 31 43338
5 32 58010
5 33 29816
5 34 25351
5 36 60785
5 37 19793
5 38 34197
5 39 22533
5 40 35665
5 41 38716
5 42 59268
5 43 23732
5 44 44654
5 45 44752
5 48 33132
5 49 32790
6 7 58933
6 8 11010
6 9 21095
6 10 26464
6 11 61413
6 12 18058
6 13 29310
6 14 20835
6 15 24504
6 17 38236
6 18 56435
6 19 12567
6 20 65916
6 21 69362
6 22 10137
6 23 60319
6 24 32383
6 25 69923
6 26 11815
6 27 51943
6 28 27926
6 29 24490
6 31 25220
6 32 19534
6 33 33447
6 34 59788
6 35 26267
6 36 43492
6 37 11731
6 38 40103
6 39 35197
6 40 31839
6 41 28855
6 42 58714
6 44 53895
6 45 26555
6 47 35985
6 49 21871
7 8 19660
7 9 53099
7 10 51839
7 11 54377
7 12 33552
7 13 51909
7 14 30804
7 15 54848
7 16 29697
7 18 58420
7 19 26665
7 21 61402
7 22 56775
7 23 22285
7 24 44671
7 25 10571
7 26 19182
7 27 13239
7 29 36791
7 30 46126
7 31 56322
7 32 20999
7 34 54569
7 35 67788
7 36 66165
7 37 19593
7 38 21633
7 39 51632
7 40 17720
7 41 68569
7 42 44074
7 44 23665
7 46 26808
7 47 43748
7 48 59504
7 49 40311
8 10 61232
8 11 64224
8 12 65547
8 13 35981
8 14 61419
8 15 47450
8 16 29126
8 17 36611
8 18 14180
8 19 40822
8 20 34730
8 21 21005
8 22 48544
8 23 40119
8 24 10627
8 25 44752
8 26 35735
8 27 54599
8 28 55114
8 29 63453
8 30 55634
8 31 14576
8 32 11009
8 33 18529
8 36 45738
8 37 30500
8 38 33600
8 39 27060
8 40 23712
8 41 30073
8 42 68603
8 43 63793
8 44 29795
8 45 63782
8 46 61793
8 47 30504
8 48 66880
8 49 50262
9 10 49407
9 11 43816
9 12 40558
9 14 64158
9 15 41653
9 16 66129
9 18 30946
9 19 16465
9 20 53849
9 21 39998
9 22 62213
9 23 39751
9 24 40866
9 25 56934
9 26 54744
9 27 32349
9 28 27839
9 29 59229
9 30 33417
9 31 37733
9 32 37776
9 33 18304
9 36 49813
9 37 63733
9 39 55946
9 40 20713
9 41 48821
9 42 68302
9 43 44793
9 44 35002
9 45 65186
9 46 28936
9 47 51327
9 48 41703
9 49 64710
10 11 23631
10 12 18258
10 13 45949
10 14 68485
10 16 30784
10 17 36912
10 18 55242
10 19 16805
10 20 61754
10 21 22898
10 22 49339
10 23 50397
10 24 34838
10 25 25013
10 27 26494
10 28 68178
10 29 34900
10 30 22693
10 31 66241
10 32 54170
10 33 65803
10 34 57903
10 35 69479
10 36 27223
10 37 11401
10 38 69323
10 40 52633
10 41 49116
10 42 26268
10 43 60493
10 44 62041
10 46 36169
10 48 68762
10 49 31577
11 12 15338
11 13 35679
11 14 23730
11 16 43714
11 17 13065
11 18 10495
11 19 25671
11 20 23967
11 21 12867
11 23 25636
11 24 18113
11 25 36039
11 26 64361
11 28 62290
11 29 49981
11 32 66623
11 33 68817
11 34 44373
11 35 49727
11 36 46733
11 37 55115
11 38 31420
11 39 68529
11 40 49970
11 41 19697
11 42 10791
11 43 13988
11 44 43096
11 45 14522
11 46 49172
11 47 33865
11 48 37920
11 49 28837
12 13 10916
12 14 47161
12 15 40314
12 16 14701
12 17 32962
12 18 39670
12 19 47983
12 20 22560
12 23 27071
12 24 22827
12 25 23050
12 26 17075
12 27 50500
12 28 22301
12 29 23640
12 30 44254
12 31 37219
12 32 12134
12 34 35097
12 35 25029
12 36 35839
12 37 63293
12 38 43976
12 39 68037
12 40 45373
12 41 33352
12 42 49410
12 43 54225
12 44 35273
12 45 14398
12 46 64169
12 47 28414
12 48 20038
12 49 30448
13 14 24543
13 15 62221
13 16 52577
13 17 31348
13 18 18060
13 19 36855
13 20 61719
13 21 57159
13 22 13179
13 23 31887
13 24 37652
13 26 31821
13 27 24413
13 28 66931
13 29 63711
13 30 41996
13 32 22379
13 33 68858
13 34 51024
13 35 15816
13 36 36705
13 37 44439
13 38 15017
13 39 67953
13 40 28774
13 41 52245
13 42 10130
13 43 15538
13 44 12421
13 45 13456
13 46 41340
13 47 10536
13 48 67114
13 49 40150
14 15 29018
14 16 32370
14 18 66809
14 20 20779
14 21 17182
14 22 22202
14 23 67030
14 24 41269
14 25 32078
14 26 48264
14 27 43587
14 28 44530
14 29 39675
14 30 56223
14 31 56135
14 32 58495
14 33 37316
14 34 51666
14 36 38797
14 37 55809
14 38 48407
14 39 41732
14 40 29210
14 41 59170
14 42 35269
14 43 12841
14 44 59234
14 45 27252
14 46 45892
14 47 29719
14 48 28276
14 49 31153
15 16 32595
15 17 54307
15 18 13317
15 19 36095
15 20 64410
15 21 31520
15 23 20690
15 24 32805
15 25 68419
15 27 58088
15 28 10916
15 29 67415
15 30 51465
15 32 48970
15 34 26082
15 35 25551
15 36 34852
15 37 60179
15 38 38529
15 39 55587
15 40 68741
15 41 35223
15 42 13232
15 43 14172
15 44 13240
15 45 61652
15 46 12075
15 47 62699
15 48 58439
15 49 14149
16 17 18807
16 18 46625
16 20 13156
16 21 28931
16 22 61213
16 23 59949
16 24 32925
16 25 45610
16 26 40961
16 27 48123
16 28 28582
16 29 60828
16 32 62842
16 33 44967
16 34 29765
16 35 56692
16 36 67773
16 37 45403
16 38 51057
16 39 60758
16 40 32642
16 41 67795
16 42 22214
16 43 11534
16 44 63861
16 45 51821
16 46 10871
16 47 61860
16 49 13179
17 18 66728
17 19 60473
17 20 18324
17 22 47733
17 23 14876
17 24 38737
17 26 12885
17 27 40742
17 28 50008
17 29 48207
17 31 69248
17 32 15258
17 33 53764
17 34 40640
17 35 25301
17 36 24370
17 37 35867
17 38 30067
17 40 34944
17 41 43864
17 42 60620
17 43 17289
17 44 31095
17 46 45654
17 47 20752
17 48 60177
17 49 12363
18 19 20935
18 20 67839
18 21 60546
18 22 18043
18 23 29605
18 24 66366
18 25 15759
18 26 32244
18 27 18136
18 28 28214
18 29 42793
18 30 47349
18 31 28342
18 32 29701
18 34 68416
18 35 61398
18 37 27634
18 38 51565
18 39 37435
18 40 52845
18 41 35902
18 43 34499
18 44 59453
18 45 64096
18 46 18990
18 47 19004
18 48 17006
18 49 59842
19 20 23920
19 22 51670
19 23 50047
19 24 53404
19 25 47687
19 26 69135
19 27 57344
19 28 31840
19 30 67721
19 32 38169
19 33 57428
19 36 33839
19 37 41059
19 38 45208
19 39 36408
19 40 14405
19 41 38888
19 42 50772
19 43 45000
19 44 49811
19 45 27650
19 46 37358
19 47 45724
19 48 68329
19 49 47002
20 21 30727
20 22 13326
20 23 56121
20 24 46636
20 25 16408
20 26 24560
20 27 32203
20 28 21326
20 29 12727
20 30 29236
20 31 55022
20 32 66893
20 33 43129
20 34 33261
20 35 22864
20 36 63567
20 37 35096
20 38 40862
20 39 53982
20 41 60390
20 42 33459
20 43 55450
20 44 35233
20 45 32339
20 46 54014
20 47 42934
20 48 48123
21 22 57093
21 24 46309
21 25 41758
21 26 56639
21 28 67857
21 29 23670
21 30 62080
21 31 16567
21 32 32366
21 33 41221
21 34 34871
21 35 17510
21 37 14762
21 39 21495
21 40 21364
21 41 66683
21 42 67796
21 43 65899
21 44 35460
21 45 14489
21 46 46864
21 47 26046
21 48 48908
21 49 55963
22 23 48261
22 24 15614
22 25 63287
22 26 36886
22 27 10469
22 29 58186
22 30 17273
22 31 48569
22 32 63344
22 33 38373
22 34 44913
22 35 46668
22 37 30100
22 38 24667
22 39 66872
22 40 39601
22 41 25052
22 43 51939
22 44 59692
22 45 46397
22 46 47445
22 48 26014
22 49 15020
23 24 37661
23 25 31352
23 26 51493
23 27 57770
23 28 25930
23 29 66712
23 30 41718
23 31 37993
23 32 35553
23 34 25009
23 36 61406
23 37 25532
23 38 66463
23 39 20715
23 40 64337
23 41 52660
23 42 36245
23 43 54877
23 44 24803
23 45 62805
23 46 36313
23 47 47829
23 48 33997
23 49 21522
24 26 28431
24 27 56150
24 29 43930
24 30 53280
24 31 23868
24 32 69374
24 33 39659
24 34 19739
24 35 25986
24 36 38047
24 37 46058
24 38 56018
24 39 35019
24 40 63623
24 41 25427
24 42 41325
24 43 20869
24 44 44306
24 46 27586
24 48 41555
24 49 56381
25 26 29845
25 27 14807
25 28 30663
25 29 67327
25 30 49920
25 31 56961
25 32 63362
25 33 40537
25 34 15303
25 35 54065
25 36 59109
25 37 47323
25 38 58661
25 39 35890
25 40 47346
25 41 20488
25 42 54744
25 43 19376
25 44 10854
25 45 61184
25 46 60049
25 47 68418
25 48 41434
25 49 14904
26 27 17170
26 28 39262
26 29 66397
26 30 31373
26 31 48762
26 32 51628
26 33 58590
26 34 59652
26 35 30115
26 36 61445
26 37 15732
26 38 48096
26 39 67128
26 40 61897
26 41 51822
26 42 51652
26 43 44827
26 44 44327
26 45 40205
26 46 26284
26 48 44264
26 49 54258
27 28 61080
27 30 60108
27 31 30169
27 32 50724
27 33 14326
27 34 21132
27 35 29118
27 36 52080
27 37 41002
27 38 10742
27 39 58133
27 41 50769
27 42 19402
27 43 64045
27 44 40469
27 45 10308
27 46 21586
27 47 36190
27 48 25478
27 49 10808
28 29 58292
28 30 35153
28 31 25464
28 33 18724
28 34 16635
28 35 20317
28 36 23978
28 37 16124
28 38 43332
28 39 58536
28 40 22796
28 41 16396
28 42 30746
28 44 67906
28 46 56199
28 47 44217
28 49 22845
29 30 47610
29 31 34443
29 32 48884
29 35 37289
29 36 61503
29 37 41400
29 38 38925
29 39 39061
29 40 33055
29 41 65858
29 42 45627
29 43 53513
29 44 25491
29 45 27936
29 46 27822
29 47 66903
29 48 52718
29 49 13430
30 31 16662
30 32 36732
30 33 56848
30 34 30831
30 35 10441
30 36 18602
30 37 68184
30 38 30811
30 39 55734
30 40 32861
30 41 50691
30 42 52265
30 43 22695
30 44 50779
30 45 14011
30 47 20673
30 48 16013
30 49 24481
31 32 16022
31 33 50939
31 34 25210
31 35 40451
31 36 11599
31 39 13475
31 40 32966
31 41 24304
31 42 43320
31 43 48610
31 44 20188
31 45 54366
31 46 60453
31 47 52404
31 48 17229
31 49 57894
32 33 67045
32 34 15308
32 35 45478
32 36 18110
32 37 35534
32 38 48330
32 39 42210
32 40 56331
32 41 45162
32 42 20616
32 43 34114
32 44 28916
32 45 31714
32 46 42205
32 47 36099
32 48 63463
32 49 69555
33 34 13344
33 35 28382
33 36 27677
33 37 69392
33 38 55120
33 39 34993
33 40 59837
33 41 42745
33 42 68210
33 43 41788
33 44 34130
33 45 41151
33 46 45149
33 47 39139
33 48 43098
33 49 50087
34 35 26433
34 36 34248
34 37 65089
34 38 16470
34 39 54300
34 40 58012
34 41 54323
34 42 57295
34 44 65435
34 45 40804
34 47 13492
34 48 63469
34 49 51754
35 36 47678
35 37 25713
35 39 26314
35 40 38103
35 41 21044
35 42 46959
35 43 66324
35 44 13183
35 45 44743
35 46 33756
35 47 20785
35 48 18171
35 49 44404
36 37 10474
36 38 13067
36 40 34908
36 41 61529
36 42 21773
36 43 36025
36 44 53499
36 45 51391
36 46 53366
36 47 51894
36 48 49935
37 38 32818
37 40 40989
37 41 52224
37 42 32228
37 43 65370
37 44 33030
37 45 67433
37 46 40905
37 47 57015
37 48 59991
37 49 53972
38 39 31929
38 40 22927
38 41 50491
38 42 54138
38 43 62032
38 44 35220
38 45 66992
38 46 38029
38 47 19408
38 49 42438
39 40 41332
39 41 37288
39 42 56717
39 43 53234
39 45 60969
39 47 13896
39 48 15077
39 49 26179
40 41 11495
40 42 34048
40 44 54197
40 45 30335
40 46 38650
40 47 36044
40 48 59213
40 49 15024
41 42 46111
41 43 35691
41 44 12843
41 45 67911
41 46 43261
41 47 42506
41 48 56131
41 49 30571
42 43 18087
42 44 12311
42 45 13043
42 46 55889
42 47 26880
42 48 19430
42 49 47679
43 45 60142
43 46 13297
43 47 45597
43 48 16804
43 49 15922
44 45 58236
44 47 65922
44 48 46788
44 49 53363
45 46 66293
45 47 24450
45 48 64452
46 47 13882
46 48 30852
47 48 57346
47 49 64679
48 49 49391
