50 50 1103
25000 25000 25000 25000 25000 25000 25000 25000 25000 25000 25000 25000 25000 25000 25000 25000 25000 25000 25000 25000 25000 25000 0 25000 25000 25000 25000 25000 25000 25000 25000 25000 25000 25000 25000 25000 25000 25000 25000 25000 25000 25000 25000 25000 25000 25000 25000 25000 25000 25000
2609 3292 6739 8933 6803 5984 10355 7650 8084 4246 5219 5776 6641 7816 4374 3847 5033 6429 6719 3660 7358 5396 5219 8345 4182 6387 7391 5542 5038 10349 6400 5558 6051 9568 3792 4898 9064 7159 11178 8697 4781 6033 6661 5299 8845 11656 9977 5301 8663 3947

2368 1148 3204 4509 4028 2752 5457 3845 4791 2504 2396 2628 3220 3859 1838 2266 2285 3117 3299 2596 3680 2582 2296 4205 1779 2994 5115 2491 2189 5399 3046 2499 2838 4940 1446 2351 4642 3507 6634 4369 2035 2890 3943 2607 5984 6919 5919 3574 4385 1538

38119 28711 4914 17161 44553 7030 26409 19622 50450 35490 13876 9147 14977 9987 21848 35330 20546 15111 25670 37312 29954 23679 9828 13734 19303 6568 57472 8895 11180 22957 12390 7341 15489 21294 21806 22713 18992 16657 67393 15523 12297 23856 48568 27686 66066 66973 59161 44864 16203 22621

94158 75406 32372 11548 94124 35112 29982 21024 105322 79267 29681 21275 20071 28595 64292 80186 47630 25921 53179 95094 61702 69206 23096 42165 48700 24701 135170 25118 40527 60515 47246 30416 52911 19804 61669 53847 15191 17163 141838 16712 34762 49569 105288 76944 142841 137025 121516 110118 12183 58878

1432 1277 1715 1883 566 1580 2152 1577 838 876 1061 1250 1363 1923 1524 955 1016 1318 949 1655 814 1789 1133 2087 1015 1583 2005 1269 1379 2512 1815 1381 1823 2008 1383 947 1901 1497 1685 1925 1108 908 1169 1798 2040 1600 1240 2003 1836 1237

29389 21549 6421 15994 35203 3514 23701 16197 40108 27663 10383 7483 12332 10627 15840 27251 15232 12444 20193 28704 23757 17769 7029 12654 13919 6260 45474 6253 6966 20326 9090 4947 10956 19446 15805 17035 17517 13730 54202 15093 8371 18684 38375 21102 52622 53852 47354 34986 15197 16483

181956 151443 81972 45118 179349 86890 28499 43134 199791 153664 65767 58805 48555 75277 138615 155294 97584 53176 107361 187467 122469 147325 56998 99391 102384 68433 259515 65619 96429 131920 108338 78565 118381 37594 126439 108605 40319 50569 262507 54213 78328 100962 199791 160389 266358 256048 228497 214099 46244 120958

70158 56137 33391 20160 68960 32030 26544 6370 78353 57158 16770 13571 8861 34044 51550 57907 31390 10985 35882 72690 42824 57376 12741 45125 33595 25346 105796 16702 32220 60071 42892 24339 46527 21820 44649 36454 21085 12128 107171 24366 22542 32942 78353 60248 108940 104203 91544 84928 20704 42130

1719 1555 2020 2186 797 1877 2480 1869 697 1127 1324 1525 1646 2242 1817 1211 1359 1593 1205 1956 1061 2099 1395 2416 1275 1880 1940 1538 1663 2869 2127 1665 2135 2327 1668 1203 2218 1789 1599 2239 1374 1156 1050 2109 1977 1509 1125 2149 2144 1511

1038 879 1459 1709 1024 1320 1995 1402 1305 464 869 1050 1181 1674 1133 546 738 1134 1066 1268 1206 1406 928 1875 768 1323 1950 999 1145 2314 1562 1115 1500 1846 988 667 1736 1318 1983 1748 832 916 1087 1416 1986 2088 1720 1628 1668 837

282030 211282 141015 156813 275986 123980 205925 104130 324205 216434 12638 46089 66146 165880 198300 220212 86408 58178 109075 294806 144106 241573 25277 212999 97536 105504 461992 48149 106122 288418 178793 81738 185456 180442 162789 111960 161484 89774 468792 165811 55499 94239 323380 245901 477721 453818 389938 356556 149807 140603

50691 38013 17684 20961 51754 16554 32069 15322 59686 41572 8429 1231 9073 20938 32781 41335 20566 9254 24295 52228 30058 37595 2463 29549 19775 11074 79235 3830 16712 41956 25571 10170 28589 26227 28724 24385 23131 11333 83247 20927 10350 21854 59166 41335 84557 81009 70500 62387 19673 26656

87703 68425 38207 29484 86090 36375 42477 15319 98955 70203 15832 11526 5185 43485 62653 71210 35513 11563 41561 91111 50906 70496 10371 57448 38482 27377 135275 15741 36631 77569 50998 26021 55891 35788 53362 42330 30731 11599 137529 32581 23565 37602 98735 74362 139911 133534 116492 107586 27615 49972

8994 7014 1953 3076 10270 2400 5044 4089 11525 8342 3428 2289 3530 1217 5553 8308 5162 3558 5938 8844 6878 5947 2434 2672 4897 1741 13134 2275 3283 4634 3544 2352 4204 3955 5544 5623 3465 3423 15131 2520 3406 5551 11125 6799 14963 15041 13379 10451 2868 5718

22109 13806 17181 27575 34163 13983 36054 25399 39559 23393 16297 15828 21148 21809 7310 21709 15513 20779 22678 21463 25368 12569 14621 24038 11931 16866 39913 14091 11169 32479 15843 13360 14375 31372 9640 15974 29250 22701 52897 26598 12776 19787 33563 13114 48346 54681 47531 28374 26698 11815

16807 14001 25640 30561 19556 22905 35602 25154 24505 9679 15763 18421 21255 29433 18478 8135 13451 20437 19232 20868 21699 23300 16271 32126 12619 23236 35094 17533 19253 39867 26303 19556 24957 32986 15933 12196 31041 23680 36455 30709 14579 16581 19881 23476 36497 38302 31816 27205 29842 13261

10299 7390 7031 8472 10011 6048 10492 6305 12559 6963 2542 3918 4743 8551 6856 7119 1531 4415 4164 10825 5152 8788 3062 9992 2712 6068 17458 3782 5031 13093 7754 4593 8294 9443 5401 2666 8664 5714 17692 8842 2599 3101 11362 8989 17709 17551 14924 13365 8184 4483

175305 136474 78453 73100 171987 74683 92515 36644 198000 139301 27445 23562 23034 89311 126332 141375 67935 11423 80376 182317 99603 144881 22846 118038 74042 56173 274079 32233 75211 159433 104768 53383 114834 79433 107218 81959 75663 36305 280374 79396 45918 72233 198000 150423 282712 269592 234531 216209 69254 97680

14104 10872 9452 10186 10309 8668 12441 7754 12529 10040 3542 5082 6005 10597 10274 10214 4313 5638 2061 14718 4237 12438 4123 12767 5635 7817 21789 5177 8073 16239 11122 6723 11726 11267 8646 5230 10401 7099 19186 10594 5350 2795 14964 12662 22071 18497 15556 17561 9863 7618

4719 4738 8597 11897 10320 7583 14113 10500 12031 6905 7254 7875 9152 10064 5467 6371 7005 8870 9277 3656 10130 6729 7312 10878 5869 8497 9506 7622 6695 13554 8172 7390 7707 13238 5406 7151 12428 9845 15675 11583 6547 8360 10130 5845 12180 16314 14559 5847 11614 5613

2204 1718 1581 1691 1302 1463 2030 1326 1635 1593 693 924 1063 1760 1628 1619 733 1008 555 2296 390 1953 780 2079 931 1335 3066 939 1298 2600 1756 1171 1846 1853 1384 871 1722 1227 2673 1752 889 505 2041 1987 3108 2532 2090 2723 1643 1229

33087 23443 23170 37575 50155 19559 48702 36072 57236 36022 26166 23493 30494 29263 14919 33813 25682 30655 35084 31815 38614 11166 22333 29102 20982 23524 56025 21214 17380 40178 17905 20255 15978 42538 17975 26288 39775 32512 74738 35911 21002 31291 49368 15978 67091 77038 67697 40884 36405 20830

29547 21819 12087 14277 30208 10393 19877 9670 34960 23989 3801 2252 5847 14071 19650 23844 11199 6260 13471 30993 16984 22873 0 19319 10703 8017 46945 2293 10145 26881 15889 6157 17728 16757 16158 13513 14856 7665 50147 14257 4959 11984 34713 24051 50189 48040 41634 36675 13492 14897

19258 15154 4883 8660 22473 5240 12851 10822 25140 18677 8930 6798 9435 4715 11943 18148 11947 9496 14265 19106 16203 11616 7106 3553 10898 5631 28226 6684 7117 7725 6509 5973 7911 10537 11924 12593 9496 9405 33421 7486 7881 13444 24198 13429 31946 32615 29081 22522 8227 12293

32600 22120 24063 31410 36263 20115 39682 24603 43406 26098 11050 13644 18976 29538 20197 24684 10012 17796 19495 34493 23056 27157 10541 33424 5270 20594 59259 12362 14845 44597 26668 15282 26495 35297 14936 10622 32488 21866 64743 31379 8099 15669 41636 27879 64804 63420 53958 43640 30250 11650

19133 14415 4124 7502 21736 4258 12148 8180 24693 17191 5611 2952 5851 5337 11613 17111 9697 5918 11525 19369 13673 12852 3268 8547 9073 1634 29479 2801 5623 13172 7620 3075 8745 9583 10952 10784 8420 6693 33190 6967 5560 10615 23935 14794 33148 32667 28750 23156 7022 11361

175156 190444 281463 355282 238383 258749 406770 325852 225170 205569 253234 264755 294457 314332 211356 210756 242970 289434 287742 170788 273327 239639 248102 332568 222222 279224 124051 257875 238875 392519 271962 254436 261534 380835 205405 233251 365874 308872 262243 348348 234998 267212 177231 219819 183947 276549 279934 151733 352989 210046

31417 23339 11056 15023 33379 9282 22113 11424 38298 25597 5582 2430 7436 13292 19279 25460 12766 7551 15708 32571 19387 22351 1601 18629 11698 6794 49650 800 9022 26549 15038 4846 16963 18384 18146 14626 16408 8878 52990 15002 5683 14150 36827 24738 53033 52629 45921 39055 14201 16091

22292 15532 8585 15815 27305 6079 22449 14122 31534 21286 7458 6609 10790 12212 11525 20448 11037 10887 16351 22629 18460 14092 5916 13959 8953 7422 37089 5247 2958 20575 9380 4675 9917 18779 10579 12122 17129 11995 44699 15038 5121 14086 30040 16086 42325 43386 37782 28046 15128 11164

35887 29205 12480 18630 41122 13061 25455 22151 45465 34940 19069 15598 19892 12207 23976 34080 23982 19991 27757 35640 30912 23444 16099 10314 22275 13699 50490 15413 16118 8049 15128 14256 17411 21687 23945 25034 19991 19843 58502 16718 17362 26420 43931 26395 56547 57636 51882 41202 17925 24545

12035 8916 3727 7937 15528 2988 11116 8229 17556 12413 5826 4628 6632 5471 6476 11884 7270 6678 9817 11792 10828 6101 4440 5425 6843 4123 18722 4120 3693 8596 2220 3580 3285 9358 7288 8021 8567 7210 23593 7374 4435 8731 16331 7478 21757 23235 20550 14388 7608 8162

16816 12300 4673 8907 19038 3674 13346 7880 21863 14695 4330 2861 5655 6838 9623 14610 7526 5719 9982 17041 12034 11338 2398 8891 6931 3300 26701 1952 3900 13310 6886 1199 7961 10895 8991 8573 9784 6460 29982 8388 3574 9112 21992 12670 30199 29780 26037 20660 8448 9382

33291 24043 13451 25678 45466 10386 35106 25927 51477 34720 17347 15249 21192 18623 16808 32845 22433 21329 29985 32571 32982 15695 14693 18486 19385 13751 53121 13742 10951 27888 8982 12141 7346 30148 19402 23889 27802 22904 67566 24266 14025 26766 46032 19779 62514 69570 61607 40269 24685 21808

946126 772783 372672 171891 941607 399465 229188 203364 1052973 801673 322800 261306 229995 336196 681269 810550 496143 258078 549405 987768 631719 728398 261790 467575 512606 298912 1361570 298428 451435 644793 516318 354111 575875 130895 640112 556184 145421 201588 1394657 221440 377998 514543 1052973 803126 1415639 1359472 1209370 1121245 178024 610899

11074 6516 9745 14620 17265 8055 18070 12049 20125 11582 7198 7592 9802 12191 5780 10692 6792 9607 10578 11927 12000 8559 6353 13369 4891 8961 21336 7495 5951 17830 10200 7109 9514 16229 3176 7028 15116 10875 27174 14096 5378 9051 16956 8848 24582 28075 24330 15579 14222 4326

15829 11730 12055 14909 14887 10463 18181 11400 18098 9950 5307 7379 8870 14516 10865 10202 3806 8340 7557 17293 9159 13994 5984 16447 4154 10495 26946 6793 8459 21470 13235 8116 13697 16483 8500 2992 15221 10444 27326 15353 4886 5837 17073 14319 27353 27097 22842 21406 14443 7022

260549 211357 97602 40426 259264 105128 73603 59561 291477 219479 83331 65940 56946 87232 185247 222003 132614 73007 147849 269818 171160 198738 65986 124584 137295 76540 378755 76494 119995 174969 138442 92233 155375 45566 173638 149685 32993 48961 388070 54606 99025 137846 290926 219984 394035 378067 335391 310337 42170 165240

137814 108160 60774 37261 137095 58008 63568 27330 156514 113056 30982 20497 15076 61549 97731 114578 60691 24757 69875 142959 83983 109515 20525 84066 63513 44425 209073 26860 58395 114439 80082 42378 87468 46721 85421 70981 39142 10262 214743 41936 40442 63900 156127 117123 218284 208713 182987 167828 34439 80359

45190 41683 54470 59493 29821 51403 65177 52117 27688 32544 40378 44494 47243 59211 47631 34351 38581 46820 37823 48504 35461 53659 42775 64357 39250 51465 40960 44335 48318 73399 57395 46882 55712 61907 44450 37012 59475 50292 21387 60630 40660 36889 30385 54285 34060 23696 24243 45428 59070 41092

22574 17974 7146 4104 23542 8089 8618 6428 26371 19848 7822 5211 5621 5744 15256 19762 12226 7047 13579 22804 15670 16305 5658 9081 11939 5543 32644 6154 9417 13583 10795 6937 12308 6121 14604 13612 4997 4907 35329 2829 8519 12693 26231 18261 35444 34157 30344 26490 3636 14436

80057 56481 38011 53182 85773 30699 70728 39587 100523 63100 15801 16494 27925 49316 49862 62659 25677 26917 44210 82915 51564 61965 10086 58183 22567 30846 133135 13847 23134 81255 43390 19877 47404 61209 39209 31140 55409 33472 142906 53119 5043 36309 95817 63289 143032 141855 122313 103360 50787 35364

58028 43758 39723 42962 45043 36260 52917 32225 54677 40086 13627 20427 24504 44777 41119 40854 14800 22884 13348 60736 18235 50669 16196 54356 20636 32504 91957 20846 31401 69686 44861 27673 47528 47737 33928 18849 43884 29335 84235 44763 19379 8098 61825 51661 93199 81191 68206 73289 41538 29391

11687 10319 16111 18256 9625 14832 20714 15620 8793 7559 11041 12598 13719 17960 12502 7885 9913 13320 12732 13667 11825 14853 11550 19329 10071 15090 13193 12158 13052 23103 16310 14031 15654 19439 11261 9301 18490 14901 14420 18590 10725 11440 5775 15097 13994 15320 12357 14935 17905 9951

19812 14312 16981 25818 30875 14743 32575 23312 35262 22118 16250 16268 19856 20756 9331 20750 16000 19556 21825 17087 24012 9543 14550 20656 13087 17100 32087 14856 12481 27518 13718 14262 12525 28893 11225 16375 27181 21506 46393 24875 13050 19475 30675 7275 38943 47856 42043 22706 25093 12993

107792 115691 168663 190737 120397 157010 210766 169251 113618 103562 131938 144628 153760 185526 134768 109304 122750 150511 145721 113954 138325 149278 136084 193650 124879 163256 89976 141042 142499 224408 164573 150483 160511 200373 123367 117764 192641 163396 108212 193454 129361 135188 93057 139110 68042 115551 117288 104178 187935 125748

50320 46673 57109 60151 29943 53921 66703 53124 27725 37172 40919 45381 48057 62039 52583 39050 40589 46994 38262 53765 35074 58814 42605 65905 40553 53307 45922 46572 49175 75966 59473 49220 61003 63303 49184 38958 60774 51227 25572 61352 42752 37291 34927 59519 38748 21302 24143 50567 59235 45803

13547 12443 15576 16502 7348 14610 18481 14368 6676 9565 10672 12024 12834 17069 14205 10134 10572 12512 9867 15145 8902 16103 11183 18240 10561 14424 14940 12384 13172 21287 16292 13186 16755 17451 13197 10078 16686 13794 8777 16860 11227 9573 9046 16305 12767 8172 5591 17640 16219 12151

1568 1572 2542 3371 2975 2287 3928 3020 3140 2117 2205 2361 2682 2911 1756 1983 2142 2611 2713 1300 2927 2073 2174 3115 1857 2517 2006 2297 2064 3788 2435 2239 2318 3664 1740 2179 3495 2856 3556 3292 2072 2483 2603 1850 2678 3717 4040 1087 3300 1792

101089 81178 34056 14036 101528 37057 34221 24448 114155 85625 31329 21905 20807 29883 69009 86632 50983 27212 57059 102699 66392 74352 23899 44780 51935 25656 147937 26114 42986 64873 50343 31915 56510 23076 66429 57791 18025 17622 155129 16909 36673 53106 114118 82825 155275 148907 131888 119151 11949 63080

7969 4856 7095 9693 10916 5941 11999 7886 12864 7029 4190 4847 6351 8766 4903 6421 3907 6030 6493 8552 7464 6801 4001 9570 2614 6560 14979 4498 4503 12617 7978 5294 7448 10753 3124 4073 9987 7090 17673 9684 3335 5450 10694 6998 17196 18323 15742 11047 9376 2000

4 16 22838
30 48 43963
10 29 48074
6 30 68959
3 40 65909
34 49 25122
16 49 69451
3 48 31530
31 49 23301
17 28 51971
10 42 23121
8 28 64956
21 29 29898
3 28 60069
27 48 58292
13 40 13728
35 40 24489
13 32 28145
0 30 65929
1 12 64150
18 44 62168
39 48 65843
24 31 53946
7 15 39552
2 25 64217
30 46 13500
23 31 60636
3 31 45537
40 44 46136
17 26 68898
7 26 53210
17 22 47699
4 28 14601
25 28 12404
28 32 47233
32 37 14508
10 28 40111
17 47 55303
28 29 52009
19 48 21302
15 39 60664
32 33 17847
38 49 47544
21 36 26118
18 29 31132
28 38 48106
6 41 51926
13 29 36326
21 32 45934
36 40 21341
30 43 59570
14 30 64709
42 43 50486
10 49 43736
0 45 29151
28 41 20861
42 47 34125
10 14 13256
5 22 24235
0 48 37490
37 47 56533
0 49 13995
7 32 55686
21 31 37128
46 49 33337
30 45 44785
0 38 16461
14 17 54729
8 26 43789
0 5 43726
5 40 37787
31 48 24897
18 38 37580
17 41 15723
19 26 59671
0 15 51469
7 31 13094
11 31 26803
47 49 62213
47 48 20398
6 28 56686
41 42 50598
20 29 48961
22 31 14378
5 20 65933
1 13 39975
12 16 44833
37 41 37774
4 40 37311
28 45 18513
27 30 40995
22 40 27469
1 48 69731
25 39 45011
17 43 64632
27 28 29635
6 27 64877
21 25 20891
8 44 47702
15 31 33015
28 30 15515
36 47 19496
0 1 12147
10 47 17046
21 44 45052
11 18 20725
3 16 27684
27 41 14421
10 36 36753
1 41 31500
4 8 46984
12 29 36987
40 49 15654
31 34 39983
14 36 15290
32 36 51276
33 45 20273
27 33 37582
18 46 50185
12 13 64022
13 14 12329
24 34 43427
20 27 55085
26 37 59571
22 49 39423
16 21 67507
26 32 38634
28 40 12553
15 26 36657
18 49 39787
14 31 59820
10 30 29180
4 26 23977
31 36 22512
9 25 31389
18 27 31542
14 34 33424
20 32 65875
16 22 54959
1 47 54631
2 40 42944
21 48 42932
0 22 53059
12 40 58009
26 39 30163
32 44 15947
19 35 63143
0 25 32217
30 32 34032
2 44 23425
10 26 63407
7 43 31282
18 34 64221
9 29 47481
19 32 49030
35 42 15703
9 26 38533
1 45 35694
2 33 48405
8 46 55592
37 45 65783
29 41 30693
17 30 38809
31 41 18187
20 30 39783
29 36 60404
19 25 18721
10 40 62162
6 25 63129
28 44 64264
23 41 38181
29 34 18417
32 48 12887
10 43 30448
22 24 22098
11 34 62003
0 44 19721
12 37 18947
3 29 29892
23 46 65656
13 22 60890
11 32 35006
6 48 32030
29 38 36838
12 34 33237
28 49 21602
23 26 55354
14 41 10273
32 35 16272
25 49 63818
20 41 61047
7 16 48393
26 27 32802
42 45 13582
25 47 26617
9 35 42368
30 42 19581
9 48 41404
13 31 60969
12 22 33198
3 30 53629
12 27 27765
18 45 29104
41 44 63651
20 26 60903
28 33 18031
29 35 43288
24 42 17001
13 33 55907
1 17 60926
5 9 44106
17 40 44316
13 19 67095
12 15 49584
6 23 50390
18 36 12267
25 31 11867
28 47 39428
28 43 60214
16 47 68491
11 37 20545
16 48 57350
6 44 15088
12 46 14208
8 19 39219
5 14 39947
4 29 52713
5 29 21296
4 11 56411
0 4 37870
11 36 40091
7 44 25103
33 44 24455
8 18 62930
1 7 17608
17 31 32212
33 40 20085
10 32 36272
30 44 38197
43 44 40454
2 28 47758
38 45 35025
10 22 38948
24 30 22420
13 42 13630
14 19 64301
26 46 56857
7 23 15678
35 46 63934
29 33 40266
25 27 24314
29 42 41838
41 49 36325
6 12 13857
30 31 50733
18 43 26223
0 19 68997
30 41 61104
12 33 51855
4 14 53303
15 33 18099
5 7 29205
3 15 69150
31 35 30553
26 41 57778
2 26 16767
0 3 17581
18 31 48633
2 21 58858
26 49 62714
0 17 38944
11 49 10223
3 39 12326
28 42 18027
6 36 29135
16 40 51809
27 45 63220
34 38 56476
5 34 60184
26 44 67595
25 30 32132
12 42 14337
25 40 52967
35 45 25762
13 49 47602
11 33 23557
6 33 39554
0 34 68772
9 32 39392
24 26 50348
32 40 44557
12 25 50047
19 33 45313
18 33 42288
2 12 67837
22 47 49885
32 39 44244
25 34 11825
26 31 49334
21 28 23320
27 29 60349
1 37 69910
0 41 27085
0 13 26068
29 31 39765
15 28 69290
17 18 40715
20 34 66384
2 9 52287
6 29 17952
30 40 20695
8 12 10092
23 42 54202
20 39 48579
25 45 53790
17 32 14756
28 34 65205
19 49 28326
18 26 37632
23 36 20909
17 24 52953
26 29 36004
2 47 23819
19 31 53980
24 40 25343
6 47 46230
31 46 61912
17 21 45263
0 31 12524
21 30 33933
26 42 40026
25 29 42595
16 38 67642
27 39 47519
17 34 47457
6 32 56956
12 20 20768
0 27 20504
29 43 69632
10 12 42837
42 49 20701
30 35 63155
15 32 31816
7 10 13010
16 23 16544
11 12 44939
14 27 29919
16 31 11799
13 23 32739
12 36 17118
5 11 62032
31 45 67034
2 16 41318
22 41 49531
26 30 24165
20 21 68066
8 14 55719
15 18 61765
24 35 53924
27 31 66160
17 35 43861
19 21 37038
24 47 60775
40 41 45625
9 40 42441
10 39 47995
34 45 46817
14 28 49416
29 44 64710
8 37 61227
11 40 65599
39 45 68026
1 18 62656
12 45 23136
32 47 54565
32 46 49189
4 32 50393
21 26 46491
28 46 69350
0 11 18966
22 26 64859
2 39 18405
2 32 56275
0 21 14096
22 35 28909
11 48 12000
14 32 66758
9 37 30109
17 46 59816
18 23 60277
5 19 52540
27 35 39234
20 40 57835
19 24 40528
12 41 39982
36 48 41117
13 34 60741
26 33 42945
4 44 49486
6 11 40142
17 20 66649
36 45 47188
16 28 42168
12 47 17104
5 44 52685
22 37 42792
1 39 48990
31 44 22442
29 39 29892
0 20 48294
26 28 56750
7 13 61144
6 22 11074
15 27 36648
37 44 35414
34 41 13240
21 43 51074
37 38 37611
12 28 59867
14 48 69512
3 17 54240
26 47 19918
14 24 44329
9 34 24338
33 35 39616
6 26 18380
33 48 24184
1 32 15998
10 41 45754
3 18 42247
1 44 51578
16 30 45373
39 40 38057
0 12 58037
9 28 47699
29 45 12617
0 33 41993
23 30 19452
32 49 69182
25 48 34828
3 4 50708
2 29 19448
11 25 67018
19 40 44437
28 48 10235
16 44 68225
23 35 64314
4 48 26608
1 40 46580
43 47 14579
16 17 14334
6 45 22645
0 16 66161
6 8 16934
0 10 20174
14 42 58425
30 33 39255
20 42 20059
37 46 35462
26 38 33329
18 25 25465
0 35 29654
12 14 17292
35 36 66434
0 42 63049
18 28 44579
15 40 42496
15 20 67995
24 28 43608
13 21 58284
3 21 58833
4 18 68949
12 17 56723
12 49 18645
11 28 27789
11 41 60026
8 25 27812
1 34 53032
7 42 68084
11 44 55405
19 44 62622
19 22 34942
21 39 29350
23 44 28058
0 9 37865
30 34 58882
9 31 65192
27 42 69071
7 39 31124
3 46 28385
19 30 26118
8 31 22167
24 27 40232
11 29 33320
7 29 56807
14 49 65875
6 39 62994
9 38 38830
27 47 53752
16 26 27444
19 29 15372
16 32 14742
8 30 28441
0 7 16764
27 32 45814
0 26 40621
0 18 67845
5 28 48006
31 37 60129
2 34 30676
20 28 44336
14 16 62792
15 45 11651
15 46 61815
19 39 42796
1 29 31305
14 39 49870
32 38 13017
8 10 52002
45 46 12161
0 40 69216
24 44 31891
16 34 37712
21 38 47278
11 42 35507
23 47 29061
3 32 60932
5 12 61457
34 37 55618
0 39 60129
6 40 26815
14 43 30866
12 19 59623
12 30 41424
28 39 20093
28 31 23725
34 40 40652
21 33 28511
1 20 69798
8 20 38346
12 18 40171
29 47 59433
11 17 33546
3 8 23685
22 45 10589
18 37 61862
18 35 37389
31 38 60518
7 18 10896
14 45 22921
0 47 17668
33 42 42442
5 41 24405
26 35 10968
6 43 21027
7 17 13792
36 37 51007
1 49 24444
12 48 20543
40 48 35858
34 47 54086
9 30 50679
26 45 52590
8 15 50629
17 45 15279
2 15 16618
18 30 54481
40 46 25552
20 25 64299
2 3 47374
7 8 67978
28 37 20809
2 19 68677
9 33 65680
35 44 15525
16 18 30351
19 42 13542
6 17 23227
29 49 66512
36 49 63903
11 46 33833
4 30 49024
0 2 61724
2 8 29342
3 26 33239
31 47 25633
23 29 60025
37 40 34486
1 31 61696
29 46 20063
11 23 15987
30 39 21116
9 12 65730
38 39 29946
8 38 64628
30 38 16175
18 32 36513
12 32 36774
3 12 61918
25 26 38544
14 25 17117
9 10 22801
4 21 20618
15 19 67986
8 39 31737
0 14 33819
31 32 60605
7 46 11539
18 48 33564
38 48 60719
8 33 57478
1 8 58794
13 38 52092
4 33 54369
43 45 48113
5 18 35595
13 28 19231
18 19 52372
6 42 37826
33 43 56449
22 25 22690
8 36 63716
35 43 19488
25 36 11771
1 36 51027
13 41 25528
17 49 11525
1 26 16779
30 47 54176
22 42 51913
30 37 38346
17 39 17517
10 46 68046
17 48 19569
19 28 16673
5 27 61863
24 29 28429
40 43 44801
0 43 15118
20 47 23112
9 49 63348
20 38 61077
25 32 55105
0 8 60633
13 30 11146
13 20 25853
3 34 14337
35 37 29211
12 21 47545
39 47 50397
23 39 59085
15 44 25724
14 46 52123
4 6 57573
9 18 61383
27 46 19814
6 37 63611
4 39 61745
5 32 68747
32 45 42281
3 11 37065
29 32 63670
2 42 45790
41 46 55929
12 39 15946
14 33 19696
2 43 32870
18 21 36829
25 33 50231
4 31 26518
5 25 49372
16 29 38485
35 38 37223
23 49 45983
14 40 24749
10 21 60147
11 13 30682
16 35 47503
4 27 30981
33 41 31950
14 26 11898
12 38 56244
14 20 31351
24 32 64046
4 35 49618
0 29 19622
41 43 59039
3 23 14114
30 49 20479
38 41 16515
1 5 34788
4 13 41328
1 21 14762
13 47 64085
2 13 54404
6 14 26957
35 41 21965
40 47 57499
25 37 38416
23 24 69184
13 15 26394
22 46 49166
22 44 69056
6 18 68123
37 48 57662
24 38 69049
20 24 35585
46 47 20061
5 24 13492
14 29 30376
21 37 42323
27 37 68484
7 14 50534
16 46 39748
11 14 49670
31 40 39126
8 22 59880
0 23 35781
15 17 13713
16 42 44898
14 21 50684
39 41 38109
2 23 38608
0 6 58758
1 9 64459
36 42 42138
4 36 68610
7 40 33213
18 47 38747
11 30 22378
2 18 56177
3 47 26622
12 24 11937
5 33 11420
36 44 28449
9 47 43453
31 43 32407
10 15 15400
11 35 14016
10 20 45257
8 27 37577
15 36 59543
10 24 12301
40 42 39615
35 48 40001
12 31 61607
42 44 57782
1 30 26519
28 36 24917
13 26 29654
37 49 16400
11 15 42498
37 43 28953
2 4 41964
23 40 18483
7 12 43588
2 14 48900
4 7 48676
31 33 58028
38 44 46535
6 38 24569
8 23 56348
13 36 22798
33 38 26355
2 20 55092
9 24 23223
2 22 63402
13 37 42441
9 39 10046
19 20 45324
2 36 33767
38 40 18876
29 40 42041
26 40 18154
8 29 30127
29 37 60239
17 29 47116
33 34 59190
10 31 13739
6 31 39772
1 2 63696
18 24 62466
10 18 63002
11 45 69452
22 29 51454
4 17 23721
14 44 17972
7 24 42173
4 42 44434
10 44 22224
15 16 59302
7 33 51400
9 21 61192
8 35 50617
12 44 10418
41 48 65905
3 41 27670
9 20 63354
2 31 35418
18 40 25862
23 25 61865
17 44 34235
5 42 38608
39 46 61993
3 42 58878
2 41 19745
21 46 28821
28 35 38881
17 19 43876
22 30 39229
12 35 54173
9 44 50550
20 44 47788
32 43 34656
20 45 60993
6 49 32220
21 45 44387
4 12 64837
1 22 65006
25 35 28179
25 41 25330
7 30 68490
23 37 41211
4 38 18450
21 27 59011
15 30 13665
3 43 37098
2 5 57168
34 43 40261
3 27 30234
35 49 14485
15 34 26254
9 42 63195
39 43 64010
3 44 32205
8 45 18510
2 17 62256
2 35 33829
13 18 56513
5 37 50696
44 49 44244
13 25 42992
18 42 50720
20 43 40512
3 25 66269
0 32 54377
19 36 55344
33 46 13911
2 49 46007
26 48 61024
12 23 44395
16 33 57889
18 22 28676
1 14 60118
3 37 18282
24 48 14996
36 38 37317
6 19 18152
15 29 32433
3 36 41160
7 41 39411
40 45 41598
33 47 38310
27 43 27577
9 22 67715
32 34 36813
23 28 30277
14 18 68761
16 19 48562
4 41 66284
8 32 53976
10 34 51513
36 39 61411
32 42 29329
7 11 38330
21 40 42544
16 45 28168
14 35 58923
5 30 61793
0 28 25079
12 26 37243
31 42 43760
11 19 18735
16 27 60758
15 35 43540
20 46 68428
15 25 10462
10 38 50951
33 36 63891
22 39 27858
12 43 12911
32 41 54246
38 46 28829
18 41 41842
1 25 61811
29 48 34415
10 11 63098
30 36 40858
22 34 52837
3 38 23416
8 40 30798
10 17 56034
18 39 26068
38 43 35276
1 4 49408
8 13 54322
1 3 67822
37 39 37684
11 16 23878
11 27 61559
15 47 32875
15 41 46884
9 15 36290
19 43 52091
7 48 51499
2 27 47645
22 28 41635
27 49 45700
5 16 60663
4 49 19805
16 36 66252
15 37 46675
17 42 32694
41 45 32867
42 46 50312
19 47 64404
4 46 52541
1 6 53445
13 43 61172
5 38 40099
9 46 55328
8 21 57110
5 49 41421
1 33 26808
23 33 33784
21 22 26439
4 20 30740
24 46 36252
5 8 43900
20 23 54292
15 43 25686
2 10 51684
19 41 32126
7 9 41342
1 42 12806
16 37 68111
3 13 19183
34 39 27238
15 48 18029
13 17 36973
10 16 34945
2 45 26135
19 46 10811
13 48 63405
20 36 17933
34 35 23209
19 27 50677
27 38 56131
5 26 42164
23 38 38243
10 23 28912
4 23 57389
2 30 33716
9 43 30841
33 37 25101
1 35 37845
5 31 65513
44 47 47874
19 37 12794
3 9 65321
45 48 43260
36 41 56489
8 43 37708
11 20 51025
26 43 12233
0 37 69127
2 37 57763
46 48 11382
39 42 37569
3 6 17510
4 9 32180
13 44 44860
24 33 53620
21 35 36159
1 23 66155
23 43 19283
7 25 64295
20 49 29778
10 37 50533
24 45 44016
21 23 32212
1 27 26053
9 45 53942
7 28 67883
23 34 13943
21 47 16323
45 47 62890
22 32 65959
9 17 63917
24 37 57208
5 36 17882
20 33 65913
26 34 14404
0 46 46321
10 33 38636
2 11 49845
26 36 65621
27 40 47251
5 48 47618
29 30 25357
5 10 50525
7 19 29827
34 36 25006
38 47 44208
31 39 60046
2 24 33278
17 37 52191
0 24 22246
24 36 69167
23 32 53674
43 48 21045
22 33 52935
16 43 53701
4 45 20512
8 49 65319
20 31 25022
43 46 21836
6 7 55686
3 35 12777
1 19 57908
1 24 15594
2 46 25036
36 46 64662
3 24 56523
6 34 37992
14 22 55915
8 34 28000
25 43 19988
25 42 23320
6 21 57305
7 27 32799
25 38 18768
9 11 59319
15 21 11476
7 45 36490
11 21 67062
16 20 22712
15 38 54156
1 28 61524
22 43 47629
11 47 23017
7 36 44981
6 9 26677
4 19 67005
6 35 39756
18 20 60780
13 45 56636
4 5 49332
14 15 28286
7 21 62335
7 47 52335
35 39 51147
14 37 23637
1 10 48848
24 43 30265
13 27 11103
10 45 62162
7 49 38586
39 49 43197
20 37 60979
6 10 19898
4 24 29792
13 46 15590
3 19 66773
5 21 14216
6 24 30796
15 42 60647
11 24 15882
17 36 61530
7 20 55872
24 41 11205
14 47 67220
13 16 45202
0 36 24348
3 22 13537
8 17 45636
15 49 69228
34 42 44255
48 49 16693
11 26 50837
10 48 42278
20 22 19603
11 43 37860
5 46 13635
15 23 22358
42 48 65470
10 19 10766
21 24 41216
27 44 52780
17 38 66510
6 20 13033
1 16 21895
16 41 49716
