50 50 858
25000 25000 25000 25000 25000 25000 25000 25000 25000 25000 25000 25000 25000 25000 25000 25000 25000 25000 25000 25000 25000 25000 0 25000 25000 25000 25000 25000 25000 25000 25000 25000 25000 25000 25000 25000 25000 25000 25000 25000 25000 25000 25000 25000 25000 25000 25000 25000 25000 25000
2609 3292 6739 8933 6803 5984 10355 7650 8084 4246 5219 5776 6641 7816 4374 3847 5033 6429 6719 3660 7358 5396 5219 8345 4182 6387 7391 5542 5038 10349 6400 5558 6051 9568 3792 4898 9064 7159 11178 8697 4781 6033 6661 5299 8845 11656 9977 5301 8663 3947

2368 1148 3204 4509 4028 2752 5457 3845 4791 2504 2396 2628 3220 3859 1838 2266 2285 3117 3299 2596 3680 2582 2296 4205 1779 2994 5115 2491 2189 5399 3046 2499 2838 4940 1446 2351 4642 3507 6634 4369 2035 2890 3943 2607 5984 6919 5919 3574 4385 1538

38119 28711 4914 17161 44553 7030 26409 19622 50450 35490 13876 9147 14977 9987 21848 35330 20546 15111 25670 37312 29954 23679 9828 13734 19303 6568 57472 8895 11180 22957 12390 7341 15489 21294 21806 22713 18992 16657 67393 15523 12297 23856 48568 27686 66066 66973 59161 44864 16203 22621

94158 75406 32372 11548 94124 35112 29982 21024 105322 79267 29681 21275 20071 28595 64292 80186 47630 25921 53179 95094 61702 69206 23096 42165 48700 24701 135170 25118 40527 60515 47246 30416 52911 19804 61669 53847 15191 17163 141838 16712 34762 49569 105288 76944 142841 137025 121516 110118 12183 58878

1432 1277 1715 1883 566 1580 2152 1577 838 876 1061 1250 1363 1923 1524 955 1016 1318 949 1655 814 1789 1133 2087 1015 1583 2005 1269 1379 2512 1815 1381 1823 2008 1383 947 1901 1497 1685 1925 1108 908 1169 1798 2040 1600 1240 2003 1836 1237

29389 21549 6421 15994 35203 3514 23701 16197 40108 27663 10383 7483 12332 10627 15840 27251 15232 12444 20193 28704 23757 17769 7029 12654 13919 6260 45474 6253 6966 20326 9090 4947 10956 19446 15805 17035 17517 13730 54202 15093 8371 18684 38375 21102 52622 53852 47354 34986 15197 16483

181956 151443 81972 45118 179349 86890 28499 43134 199791 153664 65767 58805 48555 75277 138615 155294 97584 53176 107361 187467 122469 147325 56998 99391 102384 68433 259515 65619 96429 131920 108338 78565 118381 37594 126439 108605 40319 50569 262507 54213 78328 100962 199791 160389 266358 256048 228497 214099 46244 120958

70158 56137 33391 20160 68960 32030 26544 6370 78353 57158 16770 13571 8861 34044 51550 57907 31390 10985 35882 72690 42824 57376 12741 45125 33595 25346 105796 16702 32220 60071 42892 24339 46527 21820 44649 36454 21085 12128 107171 24366 22542 32942 78353 60248 108940 104203 91544 84928 20704 42130

1719 1555 2020 2186 797 1877 2480 1869 697 1127 1324 1525 1646 2242 1817 1211 1359 1593 1205 1956 1061 2099 1395 2416 1275 1880 1940 1538 1663 2869 2127 1665 2135 2327 1668 1203 2218 1789 1599 2239 1374 1156 1050 2109 1977 1509 1125 2149 2144 1511

1038 879 1459 1709 1024 1320 1995 1402 1305 464 869 1050 1181 1674 1133 546 738 1134 1066 1268 1206 1406 928 1875 768 1323 1950 999 1145 2314 1562 1115 1500 1846 988 667 1736 1318 1983 1748 832 916 1087 1416 1986 2088 1720 1628 1668 837

282030 211282 141015 156813 275986 123980 205925 104130 324205 216434 12638 46089 66146 165880 198300 220212 86408 58178 109075 294806 144106 241573 25277 212999 97536 105504 461992 48149 106122 288418 178793 81738 185456 180442 162789 111960 161484 89774 468792 165811 55499 94239 323380 245901 477721 453818 389938 356556 149807 140603

50691 38013 17684 20961 51754 16554 32069 15322 59686 41572 8429 1231 9073 20938 32781 41335 20566 9254 24295 52228 30058 37595 2463 29549 19775 11074 79235 3830 16712 41956 25571 10170 28589 26227 28724 24385 23131 11333 83247 20927 10350 21854 59166 41335 84557 81009 70500 62387 19673 26656

87703 68425 38207 29484 86090 36375 42477 15319 98955 70203 15832 11526 5185 43485 62653 71210 35513 11563 41561 91111 50906 70496 10371 57448 38482 27377 135275 15741 36631 77569 50998 26021 55891 35788 53362 42330 30731 11599 137529 32581 23565 37602 98735 74362 139911 133534 116492 107586 27615 49972

8994 7014 1953 3076 10270 2400 5044 4089 11525 8342 3428 2289 3530 1217 5553 8308 5162 3558 5938 8844 6878 5947 2434 2672 4897 1741 13134 2275 3283 4634 3544 2352 4204 3955 5544 5623 3465 3423 15131 2520 3406 5551 11125 6799 14963 15041 13379 10451 2868 5718

22109 13806 17181 27575 34163 13983 36054 25399 39559 23393 16297 15828 21148 21809 7310 21709 15513 20779 22678 21463 25368 12569 14621 24038 11931 16866 39913 14091 11169 32479 15843 13360 14375 31372 9640 15974 29250 22701 52897 26598 12776 19787 33563 13114 48346 54681 47531 28374 26698 11815

16807 14001 25640 30561 19556 22905 35602 25154 24505 9679 15763 18421 21255 29433 18478 8135 13451 20437 19232 20868 21699 23300 16271 32126 12619 23236 35094 17533 19253 39867 26303 19556 24957 32986 15933 12196 31041 23680 36455 30709 14579 16581 19881 23476 36497 38302 31816 27205 29842 13261

10299 7390 7031 8472 10011 6048 10492 6305 12559 6963 2542 3918 4743 8551 6856 7119 1531 4415 4164 10825 5152 8788 3062 9992 2712 6068 17458 3782 5031 13093 7754 4593 8294 9443 5401 2666 8664 5714 17692 8842 2599 3101 11362 8989 17709 17551 14924 13365 8184 4483

175305 136474 78453 73100 171987 74683 92515 36644 198000 139301 27445 23562 23034 89311 126332 141375 67935 11423 80376 182317 99603 144881 22846 118038 74042 56173 274079 32233 75211 159433 104768 53383 114834 79433 107218 81959 75663 36305 280374 79396 45918 72233 198000 150423 282712 269592 234531 216209 69254 97680

14104 10872 9452 10186 10309 8668 12441 7754 12529 10040 3542 5082 6005 10597 10274 10214 4313 5638 2061 14718 4237 12438 4123 12767 5635 7817 21789 5177 8073 16239 11122 6723 11726 11267 8646 5230 10401 7099 19186 10594 5350 2795 14964 12662 22071 18497 15556 17561 9863 7618

4719 4738 8597 11897 10320 7583 14113 10500 12031 6905 7254 7875 9152 10064 5467 6371 7005 8870 9277 3656 10130 6729 7312 10878 5869 8497 9506 7622 6695 13554 8172 7390 7707 13238 5406 7151 12428 9845 15675 11583 6547 8360 10130 5845 12180 16314 14559 5847 11614 5613

2204 1718 1581 1691 1302 1463 2030 1326 1635 1593 693 924 1063 1760 1628 1619 733 1008 555 2296 390 1953 780 2079 931 1335 3066 939 1298 2600 1756 1171 1846 1853 1384 871 1722 1227 2673 1752 889 505 2041 1987 3108 2532 2090 2723 1643 1229

33087 23443 23170 37575 50155 19559 48702 36072 57236 36022 26166 23493 30494 29263 14919 33813 25682 30655 35084 31815 38614 11166 22333 29102 20982 23524 56025 21214 17380 40178 17905 20255 15978 42538 17975 26288 39775 32512 74738 35911 21002 31291 49368 15978 67091 77038 67697 40884 36405 20830

29547 21819 12087 14277 30208 10393 19877 9670 34960 23989 3801 2252 5847 14071 19650 23844 11199 6260 13471 30993 16984 22873 0 19319 10703 8017 46945 2293 10145 26881 15889 6157 17728 16757 16158 13513 14856 7665 50147 14257 4959 11984 34713 24051 50189 48040 41634 36675 13492 14897

19258 15154 4883 8660 22473 5240 12851 10822 25140 18677 8930 6798 9435 4715 11943 18148 11947 9496 14265 19106 16203 11616 7106 3553 10898 5631 28226 6684 7117 7725 6509 5973 7911 10537 11924 12593 9496 9405 33421 7486 7881 13444 24198 13429 31946 32615 29081 22522 8227 12293

32600 22120 24063 31410 36263 20115 39682 24603 43406 26098 11050 13644 18976 29538 20197 24684 10012 17796 19495 34493 23056 27157 10541 33424 5270 20594 59259 12362 14845 44597 26668 15282 26495 35297 14936 10622 32488 21866 64743 31379 8099 15669 41636 27879 64804 63420 53958 43640 30250 11650

19133 14415 4124 7502 21736 4258 12148 8180 24693 17191 5611 2952 5851 5337 11613 17111 9697 5918 11525 19369 13673 12852 3268 8547 9073 1634 29479 2801 5623 13172 7620 3075 8745 9583 10952 10784 8420 6693 33190 6967 5560 10615 23935 14794 33148 32667 28750 23156 7022 11361

175156 190444 281463 355282 238383 258749 406770 325852 225170 205569 253234 264755 294457 314332 211356 210756 242970 289434 287742 170788 273327 239639 248102 332568 222222 279224 124051 257875 238875 392519 271962 254436 261534 380835 205405 233251 365874 308872 262243 348348 234998 267212 177231 219819 183947 276549 279934 151733 352989 210046

31417 23339 11056 15023 33379 9282 22113 11424 38298 25597 5582 2430 7436 13292 19279 25460 12766 7551 15708 32571 19387 22351 1601 18629 11698 6794 49650 800 9022 26549 15038 4846 16963 18384 18146 14626 16408 8878 52990 15002 5683 14150 36827 24738 53033 52629 45921 39055 14201 16091

22292 15532 8585 15815 27305 6079 22449 14122 31534 21286 7458 6609 10790 12212 11525 20448 11037 10887 16351 22629 18460 14092 5916 13959 8953 7422 37089 5247 2958 20575 9380 4675 9917 18779 10579 12122 17129 11995 44699 15038 5121 14086 30040 16086 42325 43386 37782 28046 15128 11164

35887 29205 12480 18630 41122 13061 25455 22151 45465 34940 19069 15598 19892 12207 23976 34080 23982 19991 27757 35640 30912 23444 16099 10314 22275 13699 50490 15413 16118 8049 15128 14256 17411 21687 23945 25034 19991 19843 58502 16718 17362 26420 43931 26395 56547 57636 51882 41202 17925 24545

12035 8916 3727 7937 15528 2988 11116 8229 17556 12413 5826 4628 6632 5471 6476 11884 7270 6678 9817 11792 10828 6101 4440 5425 6843 4123 18722 4120 3693 8596 2220 3580 3285 9358 7288 8021 8567 7210 23593 7374 4435 8731 16331 7478 21757 23235 20550 14388 7608 8162

16816 12300 4673 8907 19038 3674 13346 7880 21863 14695 4330 2861 5655 6838 9623 14610 7526 5719 9982 17041 12034 11338 2398 8891 6931 3300 26701 1952 3900 13310 6886 1199 7961 10895 8991 8573 9784 6460 29982 8388 3574 9112 21992 12670 30199 29780 26037 20660 8448 9382

33291 24043 13451 25678 45466 10386 35106 25927 51477 34720 17347 15249 21192 18623 16808 32845 22433 21329 29985 32571 32982 15695 14693 18486 19385 13751 53121 13742 10951 27888 8982 12141 7346 30148 19402 23889 27802 22904 67566 24266 14025 26766 46032 19779 62514 69570 61607 40269 24685 21808

946126 772783 372672 171891 941607 399465 229188 203364 1052973 801673 322800 261306 229995 336196 681269 810550 496143 258078 549405 987768 631719 728398 261790 467575 512606 298912 1361570 298428 451435 644793 516318 354111 575875 130895 640112 556184 145421 201588 1394657 221440 377998 514543 1052973 803126 1415639 1359472 1209370 1121245 178024 610899

11074 6516 9745 14620 17265 8055 18070 12049 20125 11582 7198 7592 9802 12191 5780 10692 6792 9607 10578 11927 12000 8559 6353 13369 4891 8961 21336 7495 5951 17830 10200 7109 9514 16229 3176 7028 15116 10875 27174 14096 5378 9051 16956 8848 24582 28075 24330 15579 14222 4326

15829 11730 12055 14909 14887 10463 18181 11400 18098 9950 5307 7379 8870 14516 10865 10202 3806 8340 7557 17293 9159 13994 5984 16447 4154 10495 26946 6793 8459 21470 13235 8116 13697 16483 8500 2992 15221 10444 27326 15353 4886 5837 17073 14319 27353 27097 22842 21406 14443 7022

260549 211357 97602 40426 259264 105128 73603 59561 291477 219479 83331 65940 56946 87232 185247 222003 132614 73007 147849 269818 171160 198738 65986 124584 137295 76540 378755 76494 119995 174969 138442 92233 155375 45566 173638 149685 32993 48961 388070 54606 99025 137846 290926 219984 394035 378067 335391 310337 42170 165240

137814 108160 60774 37261 137095 58008 63568 27330 156514 113056 30982 20497 15076 61549 97731 114578 60691 24757 69875 142959 83983 109515 20525 84066 63513 44425 209073 26860 58395 114439 80082 42378 87468 46721 85421 70981 39142 10262 214743 41936 40442 63900 156127 117123 218284 208713 182987 167828 34439 80359

45190 41683 54470 59493 29821 51403 65177 52117 27688 32544 40378 44494 47243 59211 47631 34351 38581 46820 37823 48504 35461 53659 42775 64357 39250 51465 40960 44335 48318 73399 57395 46882 55712 61907 44450 37012 59475 50292 21387 60630 40660 36889 30385 54285 34060 23696 24243 45428 59070 41092

22574 17974 7146 4104 23542 8089 8618 6428 26371 19848 7822 5211 5621 5744 15256 19762 12226 7047 13579 22804 15670 16305 5658 9081 11939 5543 32644 6154 9417 13583 10795 6937 12308 6121 14604 13612 4997 4907 35329 2829 8519 12693 26231 18261 35444 34157 30344 26490 3636 14436

80057 56481 38011 53182 85773 30699 70728 39587 100523 63100 15801 16494 27925 49316 49862 62659 25677 26917 44210 82915 51564 61965 10086 58183 22567 30846 133135 13847 23134 81255 43390 19877 47404 61209 39209 31140 55409 33472 142906 53119 5043 36309 95817 63289 143032 141855 122313 103360 50787 35364

58028 43758 39723 42962 45043 36260 52917 32225 54677 40086 13627 20427 24504 44777 41119 40854 14800 22884 13348 60736 18235 50669 16196 54356 20636 32504 91957 20846 31401 69686 44861 27673 47528 47737 33928 18849 43884 29335 84235 44763 19379 8098 61825 51661 93199 81191 68206 73289 41538 29391

11687 10319 16111 18256 9625 14832 20714 15620 8793 7559 11041 12598 13719 17960 12502 7885 9913 13320 12732 13667 11825 14853 11550 19329 10071 15090 13193 12158 13052 23103 16310 14031 15654 19439 11261 9301 18490 14901 14420 18590 10725 11440 5775 15097 13994 15320 12357 14935 17905 9951

19812 14312 16981 25818 30875 14743 32575 23312 35262 22118 16250 16268 19856 20756 9331 20750 16000 19556 21825 17087 24012 9543 14550 20656 13087 17100 32087 14856 12481 27518 13718 14262 12525 28893 11225 16375 27181 21506 46393 24875 13050 19475 30675 7275 38943 47856 42043 22706 25093 12993

107792 115691 168663 190737 120397 157010 210766 169251 113618 103562 131938 144628 153760 185526 134768 109304 122750 150511 145721 113954 138325 149278 136084 193650 124879 163256 89976 141042 142499 224408 164573 150483 160511 200373 123367 117764 192641 163396 108212 193454 129361 135188 93057 139110 68042 115551 117288 104178 187935 125748

50320 46673 57109 60151 29943 53921 66703 53124 27725 37172 40919 45381 48057 62039 52583 39050 40589 46994 38262 53765 35074 58814 42605 65905 40553 53307 45922 46572 49175 75966 59473 49220 61003 63303 49184 38958 60774 51227 25572 61352 42752 37291 34927 59519 38748 21302 24143 50567 59235 45803

13547 12443 15576 16502 7348 14610 18481 14368 6676 9565 10672 12024 12834 17069 14205 10134 10572 12512 9867 15145 8902 16103 11183 18240 10561 14424 14940 12384 13172 21287 16292 13186 16755 17451 13197 10078 16686 13794 8777 16860 11227 9573 9046 16305 12767 8172 5591 17640 16219 12151

1568 1572 2542 3371 2975 2287 3928 3020 3140 2117 2205 2361 2682 2911 1756 1983 2142 2611 2713 1300 2927 2073 2174 3115 1857 2517 2006 2297 2064 3788 2435 2239 2318 3664 1740 2179 3495 2856 3556 3292 2072 2483 2603 1850 2678 3717 4040 1087 3300 1792

101089 81178 34056 14036 101528 37057 34221 24448 114155 85625 31329 21905 20807 29883 69009 86632 50983 27212 57059 102699 66392 74352 23899 44780 51935 25656 147937 26114 42986 64873 50343 31915 56510 23076 66429 57791 18025 17622 155129 16909 36673 53106 114118 82825 155275 148907 131888 119151 11949 63080

7969 4856 7095 9693 10916 5941 11999 7886 12864 7029 4190 4847 6351 8766 4903 6421 3907 6030 6493 8552 7464 6801 4001 9570 2614 6560 14979 4498 4503 12617 7978 5294 7448 10753 3124 4073 9987 7090 17673 9684 3335 5450 10694 6998 17196 18323 15742 11047 9376 2000

10 23 39801
24 30 43285
18 30 63965
28 43 23833
12 47 37549
17 24 11863
29 41 39130
20 25 29939
12 44 19766
4 37 55076
12 40 67143
36 41 34007
16 25 24292
8 21 25988
41 49 59019
3 40 36620
17 21 51478
36 46 44695
3 4 20037
2 8 40163
33 38 39315
4 27 16499
4 33 65043
17 46 59004
11 31 51189
33 46 29642
18 34 68178
15 25 28779
29 45 26957
28 31 18987
1 7 12536
24 39 56758
13 31 52272
37 42 66501
6 35 22733
41 46 19820
22 23 20506
33 47 51863
4 9 51903
8 14 42416
3 5 49081
11 14 49045
10 27 66423
8 31 63373
32 42 65033
14 28 55441
8 17 29992
7 41 58653
12 42 30135
18 19 52173
23 30 28815
13 28 59450
5 39 10814
14 42 23858
26 40 60596
20 36 52003
5 36 55643
17 45 58773
7 29 22925
34 35 12599
4 22 19902
30 38 25461
18 24 11499
0 12 14316
37 39 21961
17 47 24232
6 42 24137
14 30 44611
21 47 18237
14 22 18182
7 13 17026
16 21 57318
11 29 57227
17 36 13448
37 47 62833
30 32 64402
5 6 58889
27 35 22825
10 46 53054
20 40 31166
33 40 17140
10 31 11868
9 48 32759
11 43 17954
5 19 37869
15 35 23354
0 40 59957
28 30 35654
6 28 24270
7 24 12881
29 46 38253
22 27 34172
20 31 40485
17 37 39752
5 14 38489
15 20 52447
10 19 66127
6 39 64769
5 15 39200
15 48 14363
5 31 12950
39 40 46226
28 38 61681
21 28 12319
6 33 49674
30 45 54514
2 25 66721
18 32 50705
13 35 19481
4 5 61917
6 11 11870
38 39 26621
25 35 15927
12 14 34629
26 29 34575
2 19 55940
29 43 60127
11 35 24531
6 37 21593
15 31 14396
7 18 39556
26 41 49847
6 25 38568
10 17 10040
12 34 31741
4 7 19199
3 18 64630
11 28 27868
14 39 26110
3 33 33829
27 34 32231
29 36 41203
8 33 10054
23 47 36055
8 32 43522
10 41 61871
10 29 32711
11 25 52385
10 49 42575
42 48 54335
1 10 56444
32 33 56589
1 3 10955
6 15 62372
4 43 33360
3 38 47673
17 48 48311
1 17 23486
39 49 14346
3 17 59904
36 48 27882
16 43 43902
39 42 51893
35 48 68594
12 28 56086
23 43 25777
39 43 29935
8 37 50715
21 35 55788
22 45 46046
13 48 26687
9 19 30161
16 22 17248
36 44 38884
19 36 56216
6 27 62914
30 44 30755
26 31 31069
44 47 45298
1 9 15472
40 42 15403
27 31 31742
21 38 62061
11 20 16358
26 46 36256
14 23 37564
3 24 66174
34 36 14566
4 13 51050
5 45 10520
10 48 16612
2 17 21075
34 37 56565
0 2 10648
20 44 31811
6 7 42650
24 25 38568
5 28 51746
30 35 23365
22 35 24355
6 29 27791
18 22 52195
11 40 44516
1 21 47183
1 18 21078
27 39 42875
0 26 40096
4 20 41833
4 23 63944
13 14 27536
16 45 59449
3 30 69348
23 33 61421
27 41 63652
27 28 27848
31 38 27676
18 36 31215
13 32 36165
1 36 44385
9 32 24408
25 42 36685
13 39 63141
17 39 35483
7 9 23249
0 24 15931
2 49 69437
12 23 55900
8 23 44499
8 48 51182
18 38 21407
4 38 58854
0 9 21116
7 30 63602
34 42 45512
7 25 10441
35 45 26822
31 32 18386
30 37 40537
33 42 58656
38 43 24473
21 24 10215
25 40 60247
1 19 35963
15 22 61637
20 37 53898
3 37 65954
9 36 31455
27 37 15113
9 27 32118
10 16 65841
25 28 29521
10 35 58803
6 21 11123
10 14 67147
26 42 24195
15 43 17054
17 35 66583
38 40 10094
9 12 63696
2 6 59907
9 28 33644
1 31 64692
14 34 23165
19 34 39388
17 38 40203
20 43 23606
36 47 56210
14 15 60733
26 38 66286
13 43 57008
4 42 27348
14 21 66502
20 49 47254
13 40 53311
34 47 58138
14 43 43295
19 29 49264
14 33 31735
14 44 48408
5 26 11382
11 19 39718
21 36 20071
37 45 12327
20 24 40841
3 15 29360
14 35 26522
23 36 60038
42 47 25942
20 34 38759
14 47 53733
31 36 27991
3 7 62403
10 32 60567
3 12 53300
36 40 43933
32 49 42913
21 22 66906
18 43 42286
26 49 33645
10 25 63192
24 43 29293
45 47 50993
7 46 11835
16 49 18690
25 33 46446
35 47 12115
24 49 51985
40 44 25709
12 36 33850
1 6 42535
3 48 39234
9 37 63569
7 12 52606
32 46 41562
24 41 46552
19 44 11965
7 33 58084
11 46 36590
10 22 40050
16 48 26843
38 44 32465
5 40 10183
7 45 31388
32 41 23032
34 48 53483
25 30 65322
7 36 55945
11 32 62532
8 43 37607
23 46 31732
34 43 67866
4 49 69043
8 19 24867
0 45 69701
8 13 29875
16 28 61313
19 25 11815
0 28 24002
5 8 29164
18 35 47808
6 40 56537
5 12 58399
13 18 41376
17 22 51285
15 21 42103
20 32 30071
4 26 65393
3 10 42329
7 35 56661
28 44 47585
9 16 59172
31 33 31268
12 19 47769
36 45 32703
41 48 44300
0 38 43394
12 13 40167
24 36 42387
23 31 35925
24 28 19916
0 3 64119
31 46 33790
8 38 31101
9 26 18985
1 13 45633
14 25 50977
26 28 22440
5 37 59591
39 46 64979
24 31 41605
1 40 37399
8 41 63659
2 26 42146
9 47 20917
5 41 44943
28 40 14248
2 36 40988
7 19 40336
3 46 46577
23 41 39791
10 12 17920
14 19 47892
22 31 61060
7 8 67832
26 47 10594
10 43 47502
20 29 53369
43 49 52904
12 16 19889
4 24 19293
20 39 14962
7 26 26150
19 30 55227
10 15 36063
7 17 47279
30 49 43002
12 38 29182
2 38 59719
1 46 32593
39 47 24161
31 43 43466
39 44 12134
14 32 17819
8 46 15611
3 16 35194
4 14 52762
10 18 19859
2 31 66183
22 46 35240
15 16 56437
29 33 48116
0 47 55304
5 30 46471
24 47 39175
5 16 53135
0 32 59208
22 42 28820
24 33 36503
19 46 42111
6 12 38709
45 46 57940
37 41 47073
30 36 67002
9 46 55309
3 41 25278
2 18 44280
8 44 28310
19 33 44461
1 15 33999
12 49 63046
27 45 58622
44 49 67465
18 29 17322
3 34 18583
27 43 25219
10 28 42517
28 37 13487
6 26 35078
27 44 50842
23 28 50871
19 24 33657
37 46 28957
1 8 36174
9 41 10127
32 38 10275
39 41 19308
24 48 59335
6 19 29095
8 28 57955
20 27 43588
12 32 69947
7 38 58037
20 47 32803
26 37 66948
17 41 43345
5 18 48082
10 30 41228
1 37 13797
40 47 22542
9 49 17369
25 41 18986
36 39 23306
11 47 26976
8 49 26308
8 39 44032
18 46 42195
8 30 58825
36 38 47519
44 46 67274
23 48 39666
21 45 28389
32 37 43073
1 49 10766
10 36 54563
4 40 43201
8 22 11041
11 36 16014
13 24 44678
21 26 30136
9 11 16111
5 35 18266
43 44 30082
33 43 64148
0 41 41069
32 45 27029
12 17 49635
17 40 31293
28 41 10399
15 19 53432
34 39 43835
0 42 17768
6 10 14560
12 15 69284
9 34 34745
15 34 30869
5 43 43315
22 24 19082
38 49 19693
1 20 32977
3 39 16355
3 31 61503
41 42 51366
1 24 61572
8 29 62269
36 37 48072
27 32 46915
10 33 63310
36 42 66229
8 20 21592
31 39 35588
0 10 12339
17 20 42001
14 26 67813
1 2 18629
3 23 25213
24 35 24841
9 22 58264
6 8 46506
16 32 37384
7 43 53838
15 41 32484
36 49 57295
15 45 58399
12 45 31767
17 18 22039
15 18 19267
2 39 17225
2 5 43265
13 46 41103
26 45 40202
35 39 49620
12 48 44748
16 37 33710
11 45 53334
19 45 37016
18 37 11781
8 27 30248
6 23 42468
21 33 20152
1 26 53984
23 35 68056
0 15 34634
29 40 25984
0 48 65868
3 21 43263
3 14 53340
9 44 32852
30 39 43669
4 31 29846
26 32 60236
7 32 39650
4 28 64473
13 45 47530
14 41 28048
2 44 38382
7 28 11712
10 24 49458
19 49 45607
9 24 44977
4 35 32703
38 41 15808
35 43 36739
7 31 67452
46 48 39519
22 26 32216
20 35 46610
23 37 53443
1 29 52464
13 15 19078
15 36 15738
11 23 36447
16 17 29276
12 33 40372
12 24 64575
0 36 25144
16 18 25778
4 25 47914
44 48 60139
30 48 11589
0 17 19902
10 40 62517
32 34 41239
2 32 14374
1 32 52189
5 38 59287
12 37 54900
15 32 53901
4 36 50887
23 49 30506
30 31 41020
12 27 25733
7 10 48458
17 23 19902
41 43 23184
18 44 30119
3 20 42118
16 36 11936
17 30 13561
9 20 36724
34 49 21014
9 23 31442
29 39 63172
6 36 40291
33 35 61815
19 21 57746
3 43 67578
16 47 29735
17 29 47802
22 44 57716
8 9 31324
6 20 57705
25 38 50232
14 36 62564
3 45 14221
16 34 32420
39 48 63993
14 38 59121
43 47 28464
25 34 57023
16 33 31770
0 7 11626
1 28 12755
19 41 10227
22 30 21528
40 45 38082
0 25 30346
29 47 65789
4 34 40018
16 23 46050
1 48 32513
11 15 51033
22 47 19635
1 35 37827
31 35 33466
28 29 23592
9 18 25572
7 20 31043
5 22 43327
9 42 15516
9 40 18758
5 23 64651
21 37 15363
13 20 11132
5 10 69357
21 40 19585
3 8 45695
27 47 15492
34 38 20848
30 43 64159
21 48 62515
27 36 54761
12 31 17928
1 43 65270
42 46 67131
3 29 41599
34 46 33351
20 46 39619
2 27 37388
22 48 63369
20 26 27812
5 13 12043
22 37 56544
7 21 37447
16 42 39870
43 46 20009
2 37 51039
1 12 67585
7 42 53195
26 44 24365
3 13 13100
19 43 14095
5 46 31158
15 26 18464
28 45 15227
8 10 42658
11 41 40192
21 30 50923
31 42 48150
41 47 63183
38 45 57224
6 46 40664
14 37 47944
27 48 65152
2 23 48076
23 25 57217
15 24 36751
0 16 23569
11 38 26836
21 46 16281
4 16 29080
32 43 44648
18 25 18324
18 33 15624
15 46 12094
3 28 48194
33 44 37776
0 43 65276
25 37 57921
18 42 20971
25 26 31783
19 28 61021
4 46 37209
7 23 65084
21 34 21627
13 41 42437
29 37 37741
8 12 63962
6 18 35502
26 39 15890
33 36 57145
25 47 22725
15 49 58697
0 6 47231
8 25 30020
20 48 48915
27 40 34447
6 22 68914
13 44 62484
5 49 63426
25 46 15194
8 24 21564
0 39 38073
12 26 35661
27 49 39331
5 29 52310
28 34 25997
27 42 67107
7 44 47585
2 28 13917
24 44 30220
13 47 69368
28 46 17080
25 48 57430
6 45 64452
11 42 28708
11 16 42009
33 34 44335
0 44 22669
6 30 67511
47 48 62369
14 18 21956
28 35 32378
6 34 51065
15 37 59187
10 44 64541
1 38 29980
15 40 35777
14 49 15596
2 34 22463
22 29 29202
4 45 20790
34 40 46170
4 19 69419
0 31 58594
31 49 15500
30 46 51728
15 23 14590
3 25 12607
13 16 41456
8 35 30650
16 20 44970
13 23 40823
0 18 37731
6 14 44542
1 16 47417
30 33 56439
11 18 16550
30 34 21752
14 40 21250
9 15 26203
22 39 14120
1 23 33207
11 30 60725
8 47 67328
43 48 34536
18 20 55265
9 43 39450
15 17 60313
1 34 60862
4 21 64057
18 45 31658
38 42 23794
5 32 40226
20 33 31076
1 5 24531
1 14 45727
24 32 24946
4 47 29121
5 11 60477
3 36 56402
14 46 49772
0 21 47589
5 47 39368
35 49 17502
48 49 22131
2 11 16784
37 48 16083
10 13 40824
18 39 40679
32 36 27333
11 13 57028
23 24 44799
2 30 50540
7 37 47752
15 47 54270
3 26 27219
33 45 45159
16 30 23719
18 41 29674
16 38 48163
9 25 17775
26 33 51332
10 39 14100
5 24 48002
42 49 24550
1 45 28631
0 5 35871
2 29 39497
0 49 59895
1 11 26347
13 36 25898
9 35 51809
11 33 16078
12 43 55266
9 21 59311
35 38 28209
12 25 14193
29 35 17536
2 42 59034
13 17 44872
22 41 34870
18 48 58204
8 26 31814
18 27 27552
22 36 48098
25 31 16083
1 33 44771
17 43 23256
2 21 29802
15 28 16588
19 39 61420
23 40 49721
5 42 57920
10 20 65520
40 43 39865
22 33 24613
13 33 36293
3 49 65736
5 48 54110
32 35 26187
12 35 34225
2 20 22150
6 32 67997
3 27 40303
16 31 19559
18 40 69450
21 49 10655
21 39 23752
47 49 16986
28 32 11831
11 26 10766
23 44 53999
1 27 60035
3 47 32580
21 42 23693
9 10 38132
8 42 50806
39 45 10607
