50 50 1225
25000 25000 25000 25000 25000 25000 25000 25000 25000 25000 25000 25000 25000 25000 25000 25000 25000 25000 25000 25000 25000 25000 0 25000 25000 25000 25000 25000 25000 25000 25000 25000 25000 25000 25000 25000 25000 25000 25000 25000 25000 25000 25000 25000 25000 25000 25000 25000 25000 25000
2609 3292 6739 8933 6803 5984 10355 7650 8084 4246 5219 5776 6641 7816 4374 3847 5033 6429 6719 3660 7358 5396 5219 8345 4182 6387 7391 5542 5038 10349 6400 5558 6051 9568 3792 4898 9064 7159 11178 8697 4781 6033 6661 5299 8845 11656 9977 5301 8663 3947

2368 1148 3204 4509 4028 2752 5457 3845 4791 2504 2396 2628 3220 3859 1838 2266 2285 3117 3299 2596 3680 2582 2296 4205 1779 2994 5115 2491 2189 5399 3046 2499 2838 4940 1446 2351 4642 3507 6634 4369 2035 2890 3943 2607 5984 6919 5919 3574 4385 1538

38119 28711 4914 17161 44553 7030 26409 19622 50450 35490 13876 9147 14977 9987 21848 35330 20546 15111 25670 37312 29954 23679 9828 13734 19303 6568 57472 8895 11180 22957 12390 7341 15489 21294 21806 22713 18992 16657 67393 15523 12297 23856 48568 27686 66066 66973 59161 44864 16203 22621

94158 75406 32372 11548 94124 35112 29982 21024 105322 79267 29681 21275 20071 28595 64292 80186 47630 25921 53179 95094 61702 69206 23096 42165 48700 24701 135170 25118 40527 60515 47246 30416 52911 19804 61669 53847 15191 17163 141838 16712 34762 49569 105288 76944 142841 137025 121516 110118 12183 58878

1432 1277 1715 1883 566 1580 2152 1577 838 876 1061 1250 1363 1923 1524 955 1016 1318 949 1655 814 1789 1133 2087 1015 1583 2005 1269 1379 2512 1815 1381 1823 2008 1383 947 1901 1497 1685 1925 1108 908 1169 1798 2040 1600 1240 2003 1836 1237

29389 21549 6421 15994 35203 3514 23701 16197 40108 27663 10383 7483 12332 10627 15840 27251 15232 12444 20193 28704 23757 17769 7029 12654 13919 6260 45474 6253 6966 20326 9090 4947 10956 19446 15805 17035 17517 13730 54202 15093 8371 18684 38375 21102 52622 53852 47354 34986 15197 16483

181956 151443 81972 45118 179349 86890 28499 43134 199791 153664 65767 58805 48555 75277 138615 155294 97584 53176 107361 187467 122469 147325 56998 99391 102384 68433 259515 65619 96429 131920 108338 78565 118381 37594 126439 108605 40319 50569 262507 54213 78328 100962 199791 160389 266358 256048 228497 214099 46244 120958

70158 56137 33391 20160 68960 32030 26544 6370 78353 57158 16770 13571 8861 34044 51550 57907 31390 10985 35882 72690 42824 57376 12741 45125 33595 25346 105796 16702 32220 60071 42892 24339 46527 21820 44649 36454 21085 12128 107171 24366 22542 32942 78353 60248 108940 104203 91544 84928 20704 42130

1719 1555 2020 2186 797 1877 2480 1869 697 1127 1324 1525 1646 2242 1817 1211 1359 1593 1205 1956 1061 2099 1395 2416 1275 1880 1940 1538 1663 2869 2127 1665 2135 2327 1668 1203 2218 1789 1599 2239 1374 1156 1050 2109 1977 1509 1125 2149 2144 1511

1038 879 1459 1709 1024 1320 1995 1402 1305 464 869 1050 1181 1674 1133 546 738 1134 1066 1268 1206 1406 928 1875 768 1323 1950 999 1145 2314 1562 1115 1500 1846 988 667 1736 1318 1983 1748 832 916 1087 1416 1986 2088 1720 1628 1668 837

282030 211282 141015 156813 275986 123980 205925 104130 324205 216434 12638 46089 66146 165880 198300 220212 86408 58178 109075 294806 144106 241573 25277 212999 97536 105504 461992 48149 106122 288418 178793 81738 185456 180442 162789 111960 161484 89774 468792 165811 55499 94239 323380 245901 477721 453818 389938 356556 149807 140603

50691 38013 17684 20961 51754 16554 32069 15322 59686 41572 8429 1231 9073 20938 32781 41335 20566 9254 24295 52228 30058 37595 2463 29549 19775 11074 79235 3830 16712 41956 25571 10170 28589 26227 28724 24385 23131 11333 83247 20927 10350 21854 59166 41335 84557 81009 70500 62387 19673 26656

87703 68425 38207 29484 86090 36375 42477 15319 98955 70203 15832 11526 5185 43485 62653 71210 35513 11563 41561 91111 50906 70496 10371 57448 38482 27377 135275 15741 36631 77569 50998 26021 55891 35788 53362 42330 30731 11599 137529 32581 23565 37602 98735 74362 139911 133534 116492 107586 27615 49972

8994 7014 1953 3076 10270 2400 5044 4089 11525 8342 3428 2289 3530 1217 5553 8308 5162 3558 5938 8844 6878 5947 2434 2672 4897 1741 13134 2275 3283 4634 3544 2352 4204 3955 5544 5623 3465 3423 15131 2520 3406 5551 11125 6799 14963 15041 13379 10451 2868 5718

22109 13806 17181 27575 34163 13983 36054 25399 39559 23393 16297 15828 21148 21809 7310 21709 15513 20779 22678 21463 25368 12569 14621 24038 11931 16866 39913 14091 11169 32479 15843 13360 14375 31372 9640 15974 29250 22701 52897 26598 12776 19787 33563 13114 48346 54681 47531 28374 26698 11815

16807 14001 25640 30561 19556 22905 35602 25154 24505 9679 15763 18421 21255 29433 18478 8135 13451 20437 19232 20868 21699 23300 16271 32126 12619 23236 35094 17533 19253 39867 26303 19556 24957 32986 15933 12196 31041 23680 36455 30709 14579 16581 19881 23476 36497 38302 31816 27205 29842 13261

10299 7390 7031 8472 10011 6048 10492 6305 12559 6963 2542 3918 4743 8551 6856 7119 1531 4415 4164 10825 5152 8788 3062 9992 2712 6068 17458 3782 5031 13093 7754 4593 8294 9443 5401 2666 8664 5714 17692 8842 2599 3101 11362 8989 17709 17551 14924 13365 8184 4483

175305 136474 78453 73100 171987 74683 92515 36644 198000 139301 27445 23562 23034 89311 126332 141375 67935 11423 80376 182317 99603 144881 22846 118038 74042 56173 274079 32233 75211 159433 104768 53383 114834 79433 107218 81959 75663 36305 280374 79396 45918 72233 198000 150423 282712 269592 234531 216209 69254 97680

14104 10872 9452 10186 10309 8668 12441 7754 12529 10040 3542 5082 6005 10597 10274 10214 4313 5638 2061 14718 4237 12438 4123 12767 5635 7817 21789 5177 8073 16239 11122 6723 11726 11267 8646 5230 10401 7099 19186 10594 5350 2795 14964 12662 22071 18497 15556 17561 9863 7618

4719 4738 8597 11897 10320 7583 14113 10500 12031 6905 7254 7875 9152 10064 5467 6371 7005 8870 9277 3656 10130 6729 7312 10878 5869 8497 9506 7622 6695 13554 8172 7390 7707 13238 5406 7151 12428 9845 15675 11583 6547 8360 10130 5845 12180 16314 14559 5847 11614 5613

2204 1718 1581 1691 1302 1463 2030 1326 1635 1593 693 924 1063 1760 1628 1619 733 1008 555 2296 390 1953 780 2079 931 1335 3066 939 1298 2600 1756 1171 1846 1853 1384 871 1722 1227 2673 1752 889 505 2041 1987 3108 2532 2090 2723 1643 1229

33087 23443 23170 37575 50155 19559 48702 36072 57236 36022 26166 23493 30494 29263 14919 33813 25682 30655 35084 31815 38614 11166 22333 29102 20982 23524 56025 21214 17380 40178 17905 20255 15978 42538 17975 26288 39775 32512 74738 35911 21002 31291 49368 15978 67091 77038 67697 40884 36405 20830

29547 21819 12087 14277 30208 10393 19877 9670 34960 23989 3801 2252 5847 14071 19650 23844 11199 6260 13471 30993 16984 22873 0 19319 10703 8017 46945 2293 10145 26881 15889 6157 17728 16757 16158 13513 14856 7665 50147 14257 4959 11984 34713 24051 50189 48040 41634 36675 13492 14897

19258 15154 4883 8660 22473 5240 12851 10822 25140 18677 8930 6798 9435 4715 11943 18148 11947 9496 14265 19106 16203 11616 7106 3553 10898 5631 28226 6684 7117 7725 6509 5973 7911 10537 11924 12593 9496 9405 33421 7486 7881 13444 24198 13429 31946 32615 29081 22522 8227 12293

32600 22120 24063 31410 36263 20115 39682 24603 43406 26098 11050 13644 18976 29538 20197 24684 10012 17796 19495 34493 23056 27157 10541 33424 5270 20594 59259 12362 14845 44597 26668 15282 26495 35297 14936 10622 32488 21866 64743 31379 8099 15669 41636 27879 64804 63420 53958 43640 30250 11650

19133 14415 4124 7502 21736 4258 12148 8180 24693 17191 5611 2952 5851 5337 11613 17111 9697 5918 11525 19369 13673 12852 3268 8547 9073 1634 29479 2801 5623 13172 7620 3075 8745 9583 10952 10784 8420 6693 33190 6967 5560 10615 23935 14794 33148 32667 28750 23156 7022 11361

175156 190444 281463 355282 238383 258749 406770 325852 225170 205569 253234 264755 294457 314332 211356 210756 242970 289434 287742 170788 273327 239639 248102 332568 222222 279224 124051 257875 238875 392519 271962 254436 261534 380835 205405 233251 365874 308872 262243 348348 234998 267212 177231 219819 183947 276549 279934 151733 352989 210046

31417 23339 11056 15023 33379 9282 22113 11424 38298 25597 5582 2430 7436 13292 19279 25460 12766 7551 15708 32571 19387 22351 1601 18629 11698 6794 49650 800 9022 26549 15038 4846 16963 18384 18146 14626 16408 8878 52990 15002 5683 14150 36827 24738 53033 52629 45921 39055 14201 16091

22292 15532 8585 15815 27305 6079 22449 14122 31534 21286 7458 6609 10790 12212 11525 20448 11037 10887 16351 22629 18460 14092 5916 13959 8953 7422 37089 5247 2958 20575 9380 4675 9917 18779 10579 12122 17129 11995 44699 15038 5121 14086 30040 16086 42325 43386 37782 28046 15128 11164

35887 29205 12480 18630 41122 13061 25455 22151 45465 34940 19069 15598 19892 12207 23976 34080 23982 19991 27757 35640 30912 23444 16099 10314 22275 13699 50490 15413 16118 8049 15128 14256 17411 21687 23945 25034 19991 19843 58502 16718 17362 26420 43931 26395 56547 57636 51882 41202 17925 24545

12035 8916 3727 7937 15528 2988 11116 8229 17556 12413 5826 4628 6632 5471 6476 11884 7270 6678 9817 11792 10828 6101 4440 5425 6843 4123 18722 4120 3693 8596 2220 3580 3285 9358 7288 8021 8567 7210 23593 7374 4435 8731 16331 7478 21757 23235 20550 14388 7608 8162

16816 12300 4673 8907 19038 3674 13346 7880 21863 14695 4330 2861 5655 6838 9623 14610 7526 5719 9982 17041 12034 11338 2398 8891 6931 3300 26701 1952 3900 13310 6886 1199 7961 10895 8991 8573 9784 6460 29982 8388 3574 9112 21992 12670 30199 29780 26037 20660 8448 9382

33291 24043 13451 25678 45466 10386 35106 25927 51477 34720 17347 15249 21192 18623 16808 32845 22433 21329 29985 32571 32982 15695 14693 18486 19385 13751 53121 13742 10951 27888 8982 12141 7346 30148 19402 23889 27802 22904 67566 24266 14025 26766 46032 19779 62514 69570 61607 40269 24685 21808

946126 772783 372672 171891 941607 399465 229188 203364 1052973 801673 322800 261306 229995 336196 681269 810550 496143 258078 549405 987768 631719 728398 261790 467575 512606 298912 1361570 298428 451435 644793 516318 354111 575875 130895 640112 556184 145421 201588 1394657 221440 377998 514543 1052973 803126 1415639 1359472 1209370 1121245 178024 610899

11074 6516 9745 14620 17265 8055 18070 12049 20125 11582 7198 7592 9802 12191 5780 10692 6792 9607 10578 11927 12000 8559 6353 13369 4891 8961 21336 7495 5951 17830 10200 7109 9514 16229 3176 7028 15116 10875 27174 14096 5378 9051 16956 8848 24582 28075 24330 15579 14222 4326

15829 11730 12055 14909 14887 10463 18181 11400 18098 9950 5307 7379 8870 14516 10865 10202 3806 8340 7557 17293 9159 13994 5984 16447 4154 10495 26946 6793 8459 21470 13235 8116 13697 16483 8500 2992 15221 10444 27326 15353 4886 5837 17073 14319 27353 27097 22842 21406 14443 7022

260549 211357 97602 40426 259264 105128 73603 59561 291477 219479 83331 65940 56946 87232 185247 222003 132614 73007 147849 269818 171160 198738 65986 124584 137295 76540 378755 76494 119995 174969 138442 92233 155375 45566 173638 149685 32993 48961 388070 54606 99025 137846 290926 219984 394035 378067 335391 310337 42170 165240

137814 108160 60774 37261 137095 58008 63568 27330 156514 113056 30982 20497 15076 61549 97731 114578 60691 24757 69875 142959 83983 109515 20525 84066 63513 44425 209073 26860 58395 114439 80082 42378 87468 46721 85421 70981 39142 10262 214743 41936 40442 63900 156127 117123 218284 208713 182987 167828 34439 80359

45190 41683 54470 59493 29821 51403 65177 52117 27688 32544 40378 44494 47243 59211 47631 34351 38581 46820 37823 48504 35461 53659 42775 64357 39250 51465 40960 44335 48318 73399 57395 46882 55712 61907 44450 37012 59475 50292 21387 60630 40660 36889 30385 54285 34060 23696 24243 45428 59070 41092

22574 17974 7146 4104 23542 8089 8618 6428 26371 19848 7822 5211 5621 5744 15256 19762 12226 7047 13579 22804 15670 16305 5658 9081 11939 5543 32644 6154 9417 13583 10795 6937 12308 6121 14604 13612 4997 4907 35329 2829 8519 12693 26231 18261 35444 34157 30344 26490 3636 14436

80057 56481 38011 53182 85773 30699 70728 39587 100523 63100 15801 16494 27925 49316 49862 62659 25677 26917 44210 82915 51564 61965 10086 58183 22567 30846 133135 13847 23134 81255 43390 19877 47404 61209 39209 31140 55409 33472 142906 53119 5043 36309 95817 63289 143032 141855 122313 103360 50787 35364

58028 43758 39723 42962 45043 36260 52917 32225 54677 40086 13627 20427 24504 44777 41119 40854 14800 22884 13348 60736 18235 50669 16196 54356 20636 32504 91957 20846 31401 69686 44861 27673 47528 47737 33928 18849 43884 29335 84235 44763 19379 8098 61825 51661 93199 81191 68206 73289 41538 29391

11687 10319 16111 18256 9625 14832 20714 15620 8793 7559 11041 12598 13719 17960 12502 7885 9913 13320 12732 13667 11825 14853 11550 19329 10071 15090 13193 12158 13052 23103 16310 14031 15654 19439 11261 9301 18490 14901 14420 18590 10725 11440 5775 15097 13994 15320 12357 14935 17905 9951

19812 14312 16981 25818 30875 14743 32575 23312 35262 22118 16250 16268 19856 20756 9331 20750 16000 19556 21825 17087 24012 9543 14550 20656 13087 17100 32087 14856 12481 27518 13718 14262 12525 28893 11225 16375 27181 21506 46393 24875 13050 19475 30675 7275 38943 47856 42043 22706 25093 12993

107792 115691 168663 190737 120397 157010 210766 169251 113618 103562 131938 144628 153760 185526 134768 109304 122750 150511 145721 113954 138325 149278 136084 193650 124879 163256 89976 141042 142499 224408 164573 150483 160511 200373 123367 117764 192641 163396 108212 193454 129361 135188 93057 139110 68042 115551 117288 104178 187935 125748

50320 46673 57109 60151 29943 53921 66703 53124 27725 37172 40919 45381 48057 62039 52583 39050 40589 46994 38262 53765 35074 58814 42605 65905 40553 53307 45922 46572 49175 75966 59473 49220 61003 63303 49184 38958 60774 51227 25572 61352 42752 37291 34927 59519 38748 21302 24143 50567 59235 45803

13547 12443 15576 16502 7348 14610 18481 14368 6676 9565 10672 12024 12834 17069 14205 10134 10572 12512 9867 15145 8902 16103 11183 18240 10561 14424 14940 12384 13172 21287 16292 13186 16755 17451 13197 10078 16686 13794 8777 16860 11227 9573 9046 16305 12767 8172 5591 17640 16219 12151

1568 1572 2542 3371 2975 2287 3928 3020 3140 2117 2205 2361 2682 2911 1756 1983 2142 2611 2713 1300 2927 2073 2174 3115 1857 2517 2006 2297 2064 3788 2435 2239 2318 3664 1740 2179 3495 2856 3556 3292 2072 2483 2603 1850 2678 3717 4040 1087 3300 1792

101089 81178 34056 14036 101528 37057 34221 24448 114155 85625 31329 21905 20807 29883 69009 86632 50983 27212 57059 102699 66392 74352 23899 44780 51935 25656 147937 26114 42986 64873 50343 31915 56510 23076 66429 57791 18025 17622 155129 16909 36673 53106 114118 82825 155275 148907 131888 119151 11949 63080

7969 4856 7095 9693 10916 5941 11999 7886 12864 7029 4190 4847 6351 8766 4903 6421 3907 6030 6493 8552 7464 6801 4001 9570 2614 6560 14979 4498 4503 12617 7978 5294 7448 10753 3124 4073 9987 7090 17673 9684 3335 5450 10694 6998 17196 18323 15742 11047 9376 2000

10 23 64541
24 30 29980
18 30 35777
28 43 15596
12 47 22463
17 24 29202
29 41 20790
20 25 46170
12 44 69419
4 37 58594
12 40 15500
36 41 51728
16 25 14590
8 21 12607
41 49 41456
3 40 30650
17 21 44970
36 46 40823
3 4 37731
2 8 44542
33 38 47417
4 27 56439
4 33 16550
17 46 21752
11 31 21250
33 46 26203
18 34 14120
15 25 33207
29 45 60725
28 31 67328
1 7 34536
24 39 55265
13 31 39450
37 42 60313
6 35 60862
41 46 64057
22 23 31658
33 47 23794
4 9 40226
8 14 31076
3 5 24531
11 14 45727
10 27 24946
8 31 29121
32 42 60477
14 28 56402
8 17 49772
7 41 47589
12 42 39368
18 19 17502
23 30 22131
13 28 16784
5 39 16083
14 42 40824
26 40 40679
20 36 27333
5 36 57028
17 45 44799
7 29 50540
34 35 47752
4 22 54270
30 38 27219
18 24 45159
0 12 23719
37 39 29674
17 47 48163
6 42 17775
14 30 51332
21 47 14100
14 22 48002
7 13 24550
16 21 28631
11 29 35871
17 36 39497
37 47 59895
30 32 26347
5 6 25898
27 35 51809
10 46 16078
20 40 55266
33 40 59311
10 31 28209
9 48 14193
11 43 17536
5 19 59034
15 35 44872
0 40 34870
28 30 58204
6 28 31814
7 24 27552
29 46 48098
22 27 16083
20 31 44771
17 37 23256
5 14 29802
15 20 16588
10 19 61420
6 39 49721
5 15 57920
15 48 65520
5 31 39865
39 40 24613
28 38 36293
21 28 65736
6 33 54110
30 45 26187
2 25 34225
18 32 22150
13 35 67997
4 5 40303
6 11 19559
38 39 69450
25 35 10655
12 14 23752
26 29 16986
2 19 11831
29 43 10766
11 35 53999
6 37 60035
15 31 32580
7 18 23693
26 41 38132
6 25 50806
10 17 10607
12 34 63531
4 7 22751
3 18 17195
11 28 67093
14 39 62472
3 33 17257
27 34 14754
29 36 32336
8 33 31870
23 47 41047
8 32 40214
10 41 15979
10 29 57235
11 25 16581
10 49 40273
42 48 55231
1 10 46884
32 33 49832
1 3 66823
6 15 59682
4 43 15726
3 38 13808
17 48 61513
1 17 16492
39 49 69950
3 17 51547
36 48 51216
16 43 23643
39 42 31821
35 48 32021
12 28 36393
23 43 25352
39 43 56915
8 37 43588
21 35 34587
22 45 49386
13 48 50845
9 19 39342
16 22 23864
36 44 12715
19 36 10388
6 27 66221
30 44 30837
26 31 69766
44 47 12801
1 9 13252
40 42 67139
27 31 61829
21 38 53084
11 20 63962
26 46 51510
14 23 10952
3 24 19912
34 36 43023
4 13 29588
5 45 19862
10 48 36712
2 17 10803
34 37 45648
0 2 58534
20 44 44967
6 7 12040
24 25 26028
5 28 31882
30 35 57771
22 35 50615
6 29 23410
18 22 50758
11 40 32099
1 21 49418
1 18 65616
27 39 44631
0 26 45638
4 20 38596
4 23 44396
13 14 48440
16 45 41848
3 30 41535
23 33 40268
27 41 37075
27 28 47639
31 38 33920
18 36 38027
13 32 57551
1 36 66943
9 32 69758
25 42 19555
13 39 33655
17 39 22703
7 9 67346
0 24 34331
2 49 57671
12 23 21528
8 23 62502
8 48 31695
18 38 69299
4 38 55259
0 9 57248
7 30 62200
34 42 17358
7 25 36665
35 45 57815
31 32 51989
30 37 24446
33 42 38553
38 43 38527
21 24 15028
25 40 10401
1 19 22204
15 22 57439
20 37 37476
3 37 59843
9 36 21358
27 37 17645
9 27 59537
10 16 18301
25 28 17403
10 35 21234
6 21 54099
10 14 30106
26 42 18580
15 43 30572
17 35 29919
38 40 42251
9 12 35216
2 6 63757
9 28 53693
1 31 20474
14 34 51005
19 34 45892
17 38 39975
20 43 29812
36 47 45849
14 15 21963
26 38 44258
13 43 14402
4 42 50491
14 21 49286
20 49 26946
13 40 62695
34 47 36724
14 43 54422
19 29 64681
14 33 60226
14 44 14209
5 26 66360
11 19 20669
21 36 33755
37 45 17593
20 24 16910
3 15 53862
14 35 38316
23 36 37482
42 47 25923
20 34 10567
14 47 14840
31 36 19680
3 7 54260
10 32 25314
3 12 12827
36 40 42294
32 49 55290
21 22 32639
18 43 30285
26 49 19395
10 25 66898
24 43 34687
45 47 59886
7 46 58326
16 49 63776
25 33 64724
35 47 37193
24 49 48197
40 44 11546
12 36 27418
1 6 64550
3 48 67906
9 37 38087
7 12 28304
32 46 15498
24 41 57140
19 44 24308
7 33 43815
11 46 36764
10 22 40232
16 48 56525
38 44 41604
5 40 49912
7 45 52927
32 41 56918
34 48 52739
25 30 25220
7 36 54350
11 32 27520
8 43 45505
23 46 63746
34 43 24417
4 49 22335
8 19 65774
0 45 24886
8 13 16110
16 28 12639
19 25 52079
0 28 66451
5 8 14185
18 35 21639
6 40 13142
5 12 12090
13 18 61869
17 22 31446
15 21 29732
20 32 49008
4 26 45755
3 10 15689
7 35 15771
28 44 28129
9 16 62214
31 33 59518
12 19 20183
36 45 57283
41 48 46435
0 38 15064
12 13 24645
24 36 42928
23 31 32584
24 28 12292
0 3 48816
31 46 59145
8 38 24627
9 26 44589
1 13 14030
14 25 42881
26 28 59372
5 37 68252
39 46 51474
24 31 63557
1 40 32033
8 41 54616
2 26 17790
9 47 23901
5 41 28204
28 40 49665
2 36 15051
7 19 16101
3 46 55354
23 41 32965
10 12 34230
14 19 59710
22 31 22482
7 8 44413
26 47 46992
10 43 11059
20 29 49477
43 49 61637
12 16 43987
4 24 12061
20 39 16071
7 26 22802
19 30 61206
10 15 30699
7 17 69535
30 49 17378
12 38 15722
2 38 11048
1 46 15629
39 47 69339
31 43 64605
39 44 37662
14 32 53954
8 46 24537
3 16 63706
4 14 12157
10 18 64202
2 31 20899
22 46 30402
15 16 61698
29 33 43864
0 47 54632
5 30 51407
24 47 56346
5 16 29045
0 32 40541
22 42 69548
24 33 20664
19 46 44320
6 12 55678
45 46 22725
37 41 50392
30 36 68480
9 46 26073
3 41 23233
2 18 20156
8 44 33451
19 33 41098
1 15 21204
12 49 51223
27 45 40436
44 49 27952
18 29 31027
3 34 36532
27 43 54632
10 28 24732
28 37 50832
6 26 60977
27 44 35631
23 28 11233
19 24 52674
37 46 21637
1 8 55866
9 41 46224
32 38 20125
39 41 27053
24 48 28907
6 19 19673
8 28 37717
20 27 63228
12 32 65351
7 38 62586
20 47 55762
26 37 15972
17 41 18658
5 18 21137
10 30 38272
1 37 54253
40 47 52235
9 49 49476
25 41 35475
36 39 34813
11 47 19570
8 49 56503
8 39 61345
18 46 64203
8 30 23377
36 38 42176
44 46 55179
23 48 61152
21 45 43410
32 37 49995
1 49 12788
10 36 41418
4 40 26218
8 22 22914
11 36 58471
13 24 45126
21 26 32587
9 11 26187
5 35 50496
43 44 40080
33 43 18772
0 41 48400
32 45 46052
12 17 39574
17 40 59537
28 41 14323
15 19 23826
34 39 53914
0 42 65943
6 10 61444
12 15 30869
9 34 15512
15 34 60089
5 43 22213
22 24 21857
38 49 13466
1 20 54389
3 39 19178
3 31 64618
41 42 39941
1 24 59174
8 29 19548
36 37 11358
27 32 27534
10 33 32462
36 42 59829
8 20 14802
31 39 67192
0 10 28159
17 20 55298
14 26 37271
1 2 36931
3 23 45840
24 35 13323
9 22 66505
6 8 35376
16 32 29789
7 43 32473
15 41 31432
36 49 25731
15 45 23917
12 45 52301
17 18 43387
15 18 14005
2 39 16656
2 5 55244
13 46 29614
26 45 13188
35 39 16565
12 48 36374
16 37 43129
11 45 65739
19 45 45923
18 37 56631
8 27 35415
6 23 20527
21 33 46459
1 26 40218
23 35 17719
0 15 16760
29 40 37658
0 48 44990
3 21 43692
3 14 13498
9 44 60456
30 39 52339
4 31 51017
26 32 32388
7 32 26955
4 28 12449
13 45 48119
14 41 40872
2 44 66893
7 28 33648
10 24 57020
19 49 13549
9 24 31035
4 35 28777
38 41 16737
35 43 37600
7 31 55151
46 48 62009
22 26 45481
20 35 43216
23 37 48639
1 29 10895
13 15 65887
15 36 37241
11 23 41113
16 17 13605
12 33 44001
12 24 68772
0 36 60738
16 18 29835
4 25 24412
44 48 63337
30 48 24317
0 17 65429
10 40 25724
32 34 41272
2 32 67878
1 32 15985
5 38 12143
12 37 16913
15 32 39634
4 36 11305
23 49 20462
30 31 12811
12 27 30082
7 10 39342
17 23 40411
41 43 27376
18 44 31350
3 20 15891
16 36 12734
17 30 22132
9 20 28929
34 49 68621
9 23 49373
29 39 12185
6 36 12225
33 35 35516
19 21 10956
3 43 15106
16 47 55352
17 29 37511
22 44 68443
8 9 69669
6 20 32939
25 38 36309
14 36 40940
3 45 42960
16 34 42294
39 48 55226
14 38 49873
43 47 24070
25 34 56531
16 33 12477
0 7 26881
1 28 28756
19 41 53962
22 30 69435
40 45 46132
0 25 15311
29 47 27468
4 34 48866
16 23 39586
1 48 46398
11 15 59630
22 47 31101
1 35 48583
31 35 13997
28 29 56618
9 18 61682
7 20 19103
5 22 54112
9 42 29192
9 40 29688
5 23 53780
21 37 52131
13 20 68140
5 10 36862
21 40 37233
3 8 52577
27 47 34230
34 38 17105
30 43 66647
21 48 20760
27 36 31725
12 31 35671
1 43 51659
42 46 15686
3 29 35105
34 46 27790
20 46 33141
2 27 52574
22 48 18799
20 26 62727
5 13 41114
22 37 20571
7 21 23828
16 42 19696
43 46 24568
2 37 22588
1 12 23520
7 42 45815
26 44 66700
3 13 54855
19 43 65503
5 46 62622
15 26 36985
28 45 63643
8 10 29483
11 41 64219
21 30 58362
31 42 53713
41 47 23466
38 45 55008
6 46 16615
14 37 57335
27 48 32821
2 23 58275
23 25 63021
15 24 10069
0 16 28207
11 38 38304
21 46 64786
4 16 49149
32 43 43174
18 25 35899
18 33 59720
15 46 69145
3 28 57738
33 44 26431
0 43 21732
25 37 11257
18 42 62246
25 26 30574
19 28 56112
4 46 57748
7 23 23195
21 34 35239
13 41 63533
29 37 42678
8 12 41600
6 18 51894
26 39 38533
33 36 67210
25 47 49045
15 49 57291
0 6 54544
8 25 24008
20 48 45565
27 40 59707
6 22 24077
13 44 15915
5 49 28011
25 46 18862
8 24 55064
0 39 13327
12 26 56904
27 49 56927
5 29 12471
28 34 44641
27 42 13357
7 44 36346
2 28 45898
24 44 65603
13 47 56920
28 46 44152
25 48 65493
6 45 10114
11 42 69392
11 16 11168
33 34 54935
0 44 53134
6 30 65205
47 48 23467
14 18 50343
28 35 56392
6 34 22900
15 37 34886
10 44 10400
1 38 58466
15 40 36736
14 49 36620
2 34 64381
22 29 66890
4 45 45483
34 40 61587
4 19 10216
0 31 44529
31 49 60656
30 46 12687
15 23 19170
3 25 64013
13 16 51176
8 35 67211
16 20 59615
13 23 38095
0 18 41363
6 14 67251
1 16 50352
30 33 52897
11 18 68419
30 34 35286
14 40 36030
9 15 63623
22 39 60896
1 23 16373
11 30 50015
8 47 13795
43 48 53402
18 20 62558
9 43 14403
15 17 20137
1 34 29177
4 21 20926
18 45 17026
38 42 16802
5 32 12513
20 33 17242
1 5 51332
1 14 63169
24 32 32072
4 47 12644
5 11 69325
3 36 25390
14 46 69855
0 21 11081
5 47 53485
35 49 41217
48 49 68332
2 11 45979
37 48 24113
10 13 18892
18 39 11264
32 36 50144
11 13 12515
23 24 14302
2 30 68660
7 37 64673
15 47 30241
3 26 52061
33 45 69373
16 30 34644
18 41 14341
16 38 28549
9 25 45571
26 33 33510
10 39 47495
5 24 60227
42 49 52896
1 45 40969
0 5 65538
2 29 14967
0 49 43613
1 11 17004
13 36 42501
9 35 43467
11 33 18086
12 43 38128
9 21 14684
35 38 28560
12 25 14107
29 35 40940
2 42 37453
13 17 27514
22 41 33226
18 48 39968
8 26 31817
18 27 44028
22 36 46783
25 31 64201
1 33 38232
17 43 46155
2 21 28844
15 28 42573
19 39 16846
23 40 16557
5 42 66083
10 20 54341
40 43 18926
22 33 48978
13 33 25309
3 49 26607
5 48 66089
32 35 58922
12 35 33611
2 20 38589
6 32 44532
3 27 53840
16 31 18859
18 40 61359
21 49 12400
21 39 22966
47 49 32298
28 32 39853
11 26 40481
23 44 67668
1 27 21963
3 47 14440
21 42 41695
9 10 58746
8 42 68641
39 45 69927
8 15 47043
7 40 39627
19 37 42499
10 38 53889
22 49 58328
5 20 50725
15 30 38230
0 23 19396
0 35 41845
7 27 65682
6 41 48146
41 45 50076
2 48 66747
0 22 23900
21 43 18664
38 48 41278
11 39 67740
9 30 39667
30 47 32636
28 49 10139
11 21 52633
15 33 67077
16 19 52135
23 26 35256
31 45 16886
8 16 64098
2 12 51839
24 42 48582
22 28 52843
10 21 50479
9 17 48508
20 21 29885
7 39 32249
22 32 33150
37 49 13774
17 49 32719
16 35 26017
2 33 54147
1 25 54258
23 39 57862
20 28 61971
29 30 32404
1 22 37938
20 41 58717
1 41 46304
17 31 58745
15 29 42137
14 17 56186
13 19 28411
7 48 16915
5 7 68469
13 26 23187
29 44 26135
12 22 50603
3 22 48443
15 38 33021
1 4 44701
11 44 30282
36 43 11602
25 36 27543
2 40 22903
0 13 62254
34 45 59572
20 38 57295
19 40 37546
11 49 15488
29 49 32156
12 29 53563
23 45 11777
32 48 16414
22 40 53567
16 29 63748
31 34 50961
4 44 33647
9 29 64608
31 40 39407
11 12 34535
25 45 36744
35 36 25592
7 11 65089
38 46 55803
19 20 24060
19 22 18275
5 34 11937
12 21 64664
20 22 68862
4 6 34958
32 40 51507
12 30 29143
4 39 48704
26 34 21192
6 47 54189
21 29 53100
0 20 10763
27 33 53627
20 45 32788
9 14 28394
21 27 15782
14 45 28493
26 48 30171
27 38 34339
3 11 12059
24 37 36062
16 41 15299
13 25 47850
14 48 30669
26 35 56849
19 38 12384
25 49 69556
28 33 12441
9 33 67473
14 27 55358
13 21 38644
20 23 27891
0 19 69438
0 11 45450
6 43 26752
23 38 46539
2 14 26956
42 44 58038
2 16 37385
4 30 38149
9 13 54369
16 39 20484
23 29 51055
3 32 37995
13 42 43272
16 46 69450
19 32 55921
4 10 61765
17 33 41763
33 37 20259
24 40 15966
10 26 19967
40 46 25559
34 41 65959
22 43 40636
11 24 24550
13 22 68343
13 34 52335
35 46 39134
27 29 17958
18 47 49835
13 49 67779
29 34 47992
17 19 61416
7 47 55371
6 13 16886
8 11 37954
9 39 12327
19 23 64924
5 17 65339
4 15 52619
11 34 61435
2 15 27965
6 49 33673
1 44 29430
1 30 13379
2 3 45265
21 32 15350
42 43 65144
4 32 29171
20 42 37752
7 14 23252
2 13 39138
17 25 53311
4 18 19211
37 38 21917
40 41 20004
2 35 29696
24 45 16394
10 47 49138
13 37 49797
35 40 56229
9 45 46916
24 46 27788
0 37 47644
3 9 44430
7 15 34674
1 47 27740
31 47 58900
4 11 41740
3 6 23078
19 26 41518
29 32 33175
21 31 53186
24 34 17333
12 46 64748
40 48 56565
33 49 64742
31 37 10097
20 30 63851
25 44 23912
2 9 37849
35 44 17103
17 34 65193
9 31 33303
18 26 38457
10 45 17109
6 17 55450
31 41 58153
18 49 23503
46 49 34587
2 47 37950
6 16 21875
17 27 23646
32 47 67881
13 38 59519
30 40 58076
2 24 32555
28 36 29402
7 34 46975
4 48 64295
12 41 42480
6 9 30635
18 31 39612
25 27 25666
35 42 37968
41 44 34359
19 31 12230
22 25 44852
40 49 46599
2 7 18224
10 37 58764
19 35 26591
0 29 25327
5 33 53957
15 44 62037
37 40 53784
5 44 13208
16 40 47486
6 44 54079
22 34 38855
13 29 12072
43 45 34171
5 27 50730
3 42 37861
23 34 32052
17 42 52391
16 27 25936
15 27 66750
24 29 11792
38 47 62911
13 30 13186
31 44 56416
24 38 23545
23 42 42799
2 41 24224
28 42 63657
5 9 19300
10 11 38597
8 36 38508
25 29 68043
21 25 46821
16 24 39415
19 27 24633
11 48 62148
17 26 35514
25 32 28812
26 30 58074
11 22 38722
22 38 66298
2 4 54296
10 42 67577
35 37 20512
45 49 18466
32 44 60449
32 39 48374
3 35 52661
2 43 42840
27 30 16452
3 44 61553
8 40 56775
6 31 69364
25 43 64740
6 48 43190
11 27 35051
2 22 49681
0 34 57414
18 21 40850
24 26 11123
8 18 26011
10 34 69359
27 46 69166
3 19 62832
17 28 50916
4 29 23798
0 33 67123
23 32 16429
8 34 54753
15 42 55196
12 20 57294
28 48 63193
4 17 51634
29 38 67014
34 44 13705
7 49 12243
26 27 57462
12 39 64222
0 27 54904
28 47 42444
7 22 10673
42 45 58600
46 47 29219
18 28 22179
35 41 53339
21 41 14551
17 32 59374
21 44 45162
2 45 61966
45 48 30223
7 16 46285
6 38 30119
29 31 41724
28 39 45451
2 10 22950
30 42 22639
9 38 11391
8 45 20072
33 48 41211
14 29 56145
21 23 17411
15 39 28505
11 37 49337
13 27 59045
33 39 37661
14 24 65185
11 17 13430
1 42 25122
12 18 11548
16 44 58335
29 42 69710
14 31 12222
18 23 46934
5 21 28928
23 27 36544
37 43 42415
25 39 33479
19 42 25917
6 24 17576
44 45 37587
37 44 58284
19 48 66004
2 46 57706
4 12 42150
1 39 53597
14 20 22799
14 16 54790
0 8 54989
33 41 32871
0 4 38143
26 43 53276
4 8 52425
16 26 68791
29 48 44755
0 30 53613
0 14 36451
4 41 39940
26 36 57043
30 41 51574
31 48 41488
0 1 57520
0 46 63426
17 44 55853
19 47 46596
24 27 22353
5 25 34540
