50 50 1225
25000 25000 25000 25000 25000 25000 25000 25000 25000 25000 25000 25000 25000 25000 25000 25000 25000 25000 25000 25000 25000 25000 0 25000 25000 25000 25000 25000 25000 25000 25000 25000 25000 25000 25000 25000 25000 25000 25000 25000 25000 25000 25000 25000 25000 25000 25000 25000 25000 25000
2609 3292 6739 8933 6803 5984 10355 7650 8084 4246 5219 5776 6641 7816 4374 3847 5033 6429 6719 3660 7358 5396 5219 8345 4182 6387 7391 5542 5038 10349 6400 5558 6051 9568 3792 4898 9064 7159 11178 8697 4781 6033 6661 5299 8845 11656 9977 5301 8663 3947

2368 1148 3204 4509 4028 2752 5457 3845 4791 2504 2396 2628 3220 3859 1838 2266 2285 3117 3299 2596 3680 2582 2296 4205 1779 2994 5115 2491 2189 5399 3046 2499 2838 4940 1446 2351 4642 3507 6634 4369 2035 2890 3943 2607 5984 6919 5919 3574 4385 1538

38119 28711 4914 17161 44553 7030 26409 19622 50450 35490 13876 9147 14977 9987 21848 35330 20546 15111 25670 37312 29954 23679 9828 13734 19303 6568 57472 8895 11180 22957 12390 7341 15489 21294 21806 22713 18992 16657 67393 15523 12297 23856 48568 27686 66066 66973 59161 44864 16203 22621

94158 75406 32372 11548 94124 35112 29982 21024 105322 79267 29681 21275 20071 28595 64292 80186 47630 25921 53179 95094 61702 69206 23096 42165 48700 24701 135170 25118 40527 60515 47246 30416 52911 19804 61669 53847 15191 17163 141838 16712 34762 49569 105288 76944 142841 137025 121516 110118 12183 58878

1432 1277 1715 1883 566 1580 2152 1577 838 876 1061 1250 1363 1923 1524 955 1016 1318 949 1655 814 1789 1133 2087 1015 1583 2005 1269 1379 2512 1815 1381 1823 2008 1383 947 1901 1497 1685 1925 1108 908 1169 1798 2040 1600 1240 2003 1836 1237

29389 21549 6421 15994 35203 3514 23701 16197 40108 27663 10383 7483 12332 10627 15840 27251 15232 12444 20193 28704 23757 17769 7029 12654 13919 6260 45474 6253 6966 20326 9090 4947 10956 19446 15805 17035 17517 13730 54202 15093 8371 18684 38375 21102 52622 53852 47354 34986 15197 16483

181956 151443 81972 45118 179349 86890 28499 43134 199791 153664 65767 58805 48555 75277 138615 155294 97584 53176 107361 187467 122469 147325 56998 99391 102384 68433 259515 65619 96429 131920 108338 78565 118381 37594 126439 108605 40319 50569 262507 54213 78328 100962 199791 160389 266358 256048 228497 214099 46244 120958

70158 56137 33391 20160 68960 32030 26544 6370 78353 57158 16770 13571 8861 34044 51550 57907 31390 10985 35882 72690 42824 57376 12741 45125 33595 25346 105796 16702 32220 60071 42892 24339 46527 21820 44649 36454 21085 12128 107171 24366 22542 32942 78353 60248 108940 104203 91544 84928 20704 42130

1719 1555 2020 2186 797 1877 2480 1869 697 1127 1324 1525 1646 2242 1817 1211 1359 1593 1205 1956 1061 2099 1395 2416 1275 1880 1940 1538 1663 2869 2127 1665 2135 2327 1668 1203 2218 1789 1599 2239 1374 1156 1050 2109 1977 1509 1125 2149 2144 1511

1038 879 1459 1709 1024 1320 1995 1402 1305 464 869 1050 1181 1674 1133 546 738 1134 1066 1268 1206 1406 928 1875 768 1323 1950 999 1145 2314 1562 1115 1500 1846 988 667 1736 1318 1983 1748 832 916 1087 1416 1986 2088 1720 1628 1668 837

282030 211282 141015 156813 275986 123980 205925 104130 324205 216434 12638 46089 66146 165880 198300 220212 86408 58178 109075 294806 144106 241573 25277 212999 97536 105504 461992 48149 106122 288418 178793 81738 185456 180442 162789 111960 161484 89774 468792 165811 55499 94239 323380 245901 477721 453818 389938 356556 149807 140603

50691 38013 17684 20961 51754 16554 32069 15322 59686 41572 8429 1231 9073 20938 32781 41335 20566 9254 24295 52228 30058 37595 2463 29549 19775 11074 79235 3830 16712 41956 25571 10170 28589 26227 28724 24385 23131 11333 83247 20927 10350 21854 59166 41335 84557 81009 70500 62387 19673 26656

87703 68425 38207 29484 86090 36375 42477 15319 98955 70203 15832 11526 5185 43485 62653 71210 35513 11563 41561 91111 50906 70496 10371 57448 38482 27377 135275 15741 36631 77569 50998 26021 55891 35788 53362 42330 30731 11599 137529 32581 23565 37602 98735 74362 139911 133534 116492 107586 27615 49972

8994 7014 1953 3076 10270 2400 5044 4089 11525 8342 3428 2289 3530 1217 5553 8308 5162 3558 5938 8844 6878 5947 2434 2672 4897 1741 13134 2275 3283 4634 3544 2352 4204 3955 5544 5623 3465 3423 15131 2520 3406 5551 11125 6799 14963 15041 13379 10451 2868 5718

22109 13806 17181 27575 34163 13983 36054 25399 39559 23393 16297 15828 21148 21809 7310 21709 15513 20779 22678 21463 25368 12569 14621 24038 11931 16866 39913 14091 11169 32479 15843 13360 14375 31372 9640 15974 29250 22701 52897 26598 12776 19787 33563 13114 48346 54681 47531 28374 26698 11815

16807 14001 25640 30561 19556 22905 35602 25154 24505 9679 15763 18421 21255 29433 18478 8135 13451 20437 19232 20868 21699 23300 16271 32126 12619 23236 35094 17533 19253 39867 26303 19556 24957 32986 15933 12196 31041 23680 36455 30709 14579 16581 19881 23476 36497 38302 31816 27205 29842 13261

10299 7390 7031 8472 10011 6048 10492 6305 12559 6963 2542 3918 4743 8551 6856 7119 1531 4415 4164 10825 5152 8788 3062 9992 2712 6068 17458 3782 5031 13093 7754 4593 8294 9443 5401 2666 8664 5714 17692 8842 2599 3101 11362 8989 17709 17551 14924 13365 8184 4483

175305 136474 78453 73100 171987 74683 92515 36644 198000 139301 27445 23562 23034 89311 126332 141375 67935 11423 80376 182317 99603 144881 22846 118038 74042 56173 274079 32233 75211 159433 104768 53383 114834 79433 107218 81959 75663 36305 280374 79396 45918 72233 198000 150423 282712 269592 234531 216209 69254 97680

14104 10872 9452 10186 10309 8668 12441 7754 12529 10040 3542 5082 6005 10597 10274 10214 4313 5638 2061 14718 4237 12438 4123 12767 5635 7817 21789 5177 8073 16239 11122 6723 11726 11267 8646 5230 10401 7099 19186 10594 5350 2795 14964 12662 22071 18497 15556 17561 9863 7618

4719 4738 8597 11897 10320 7583 14113 10500 12031 6905 7254 7875 9152 10064 5467 6371 7005 8870 9277 3656 10130 6729 7312 10878 5869 8497 9506 7622 6695 13554 8172 7390 7707 13238 5406 7151 12428 9845 15675 11583 6547 8360 10130 5845 12180 16314 14559 5847 11614 5613

2204 1718 1581 1691 1302 1463 2030 1326 1635 1593 693 924 1063 1760 1628 1619 733 1008 555 2296 390 1953 780 2079 931 1335 3066 939 1298 2600 1756 1171 1846 1853 1384 871 1722 1227 2673 1752 889 505 2041 1987 3108 2532 2090 2723 1643 1229

33087 23443 23170 37575 50155 19559 48702 36072 57236 36022 26166 23493 30494 29263 14919 33813 25682 30655 35084 31815 38614 11166 22333 29102 20982 23524 56025 21214 17380 40178 17905 20255 15978 42538 17975 26288 39775 32512 74738 35911 21002 31291 49368 15978 67091 77038 67697 40884 36405 20830

29547 21819 12087 14277 30208 10393 19877 9670 34960 23989 3801 2252 5847 14071 19650 23844 11199 6260 13471 30993 16984 22873 0 19319 10703 8017 46945 2293 10145 26881 15889 6157 17728 16757 16158 13513 14856 7665 50147 14257 4959 11984 34713 24051 50189 48040 41634 36675 13492 14897

19258 15154 4883 8660 22473 5240 12851 10822 25140 18677 8930 6798 9435 4715 11943 18148 11947 9496 14265 19106 16203 11616 7106 3553 10898 5631 28226 6684 7117 7725 6509 5973 7911 10537 11924 12593 9496 9405 33421 7486 7881 13444 24198 13429 31946 32615 29081 22522 8227 12293

32600 22120 24063 31410 36263 20115 39682 24603 43406 26098 11050 13644 18976 29538 20197 24684 10012 17796 19495 34493 23056 27157 10541 33424 5270 20594 59259 12362 14845 44597 26668 15282 26495 35297 14936 10622 32488 21866 64743 31379 8099 15669 41636 27879 64804 63420 53958 43640 30250 11650

19133 14415 4124 7502 21736 4258 12148 8180 24693 17191 5611 2952 5851 5337 11613 17111 9697 5918 11525 19369 13673 12852 3268 8547 9073 1634 29479 2801 5623 13172 7620 3075 8745 9583 10952 10784 8420 6693 33190 6967 5560 10615 23935 14794 33148 32667 28750 23156 7022 11361

175156 190444 281463 355282 238383 258749 406770 325852 225170 205569 253234 264755 294457 314332 211356 210756 242970 289434 287742 170788 273327 239639 248102 332568 222222 279224 124051 257875 238875 392519 271962 254436 261534 380835 205405 233251 365874 308872 262243 348348 234998 267212 177231 219819 183947 276549 279934 151733 352989 210046

31417 23339 11056 15023 33379 9282 22113 11424 38298 25597 5582 2430 7436 13292 19279 25460 12766 7551 15708 32571 19387 22351 1601 18629 11698 6794 49650 800 9022 26549 15038 4846 16963 18384 18146 14626 16408 8878 52990 15002 5683 14150 36827 24738 53033 52629 45921 39055 14201 16091

22292 15532 8585 15815 27305 6079 22449 14122 31534 21286 7458 6609 10790 12212 11525 20448 11037 10887 16351 22629 18460 14092 5916 13959 8953 7422 37089 5247 2958 20575 9380 4675 9917 18779 10579 12122 17129 11995 44699 15038 5121 14086 30040 16086 42325 43386 37782 28046 15128 11164

35887 29205 12480 18630 41122 13061 25455 22151 45465 34940 19069 15598 19892 12207 23976 34080 23982 19991 27757 35640 30912 23444 16099 10314 22275 13699 50490 15413 16118 8049 15128 14256 17411 21687 23945 25034 19991 19843 58502 16718 17362 26420 43931 26395 56547 57636 51882 41202 17925 24545

12035 8916 3727 7937 15528 2988 11116 8229 17556 12413 5826 4628 6632 5471 6476 11884 7270 6678 9817 11792 10828 6101 4440 5425 6843 4123 18722 4120 3693 8596 2220 3580 3285 9358 7288 8021 8567 7210 23593 7374 4435 8731 16331 7478 21757 23235 20550 14388 7608 8162

16816 12300 4673 8907 19038 3674 13346 7880 21863 14695 4330 2861 5655 6838 9623 14610 7526 5719 9982 17041 12034 11338 2398 8891 6931 3300 26701 1952 3900 13310 6886 1199 7961 10895 8991 8573 9784 6460 29982 8388 3574 9112 21992 12670 30199 29780 26037 20660 8448 9382

33291 24043 13451 25678 45466 10386 35106 25927 51477 34720 17347 15249 21192 18623 16808 32845 22433 21329 29985 32571 32982 15695 14693 18486 19385 13751 53121 13742 10951 27888 8982 12141 7346 30148 19402 23889 27802 22904 67566 24266 14025 26766 46032 19779 62514 69570 61607 40269 24685 21808

946126 772783 372672 171891 941607 399465 229188 203364 1052973 801673 322800 261306 229995 336196 681269 810550 496143 258078 549405 987768 631719 728398 261790 467575 512606 298912 1361570 298428 451435 644793 516318 354111 575875 130895 640112 556184 145421 201588 1394657 221440 377998 514543 1052973 803126 1415639 1359472 1209370 1121245 178024 610899

11074 6516 9745 14620 17265 8055 18070 12049 20125 11582 7198 7592 9802 12191 5780 10692 6792 9607 10578 11927 12000 8559 6353 13369 4891 8961 21336 7495 5951 17830 10200 7109 9514 16229 3176 7028 15116 10875 27174 14096 5378 9051 16956 8848 24582 28075 24330 15579 14222 4326

15829 11730 12055 14909 14887 10463 18181 11400 18098 9950 5307 7379 8870 14516 10865 10202 3806 8340 7557 17293 9159 13994 5984 16447 4154 10495 26946 6793 8459 21470 13235 8116 13697 16483 8500 2992 15221 10444 27326 15353 4886 5837 17073 14319 27353 27097 22842 21406 14443 7022

260549 211357 97602 40426 259264 105128 73603 59561 291477 219479 83331 65940 56946 87232 185247 222003 132614 73007 147849 269818 171160 198738 65986 124584 137295 76540 378755 76494 119995 174969 138442 92233 155375 45566 173638 149685 32993 48961 388070 54606 99025 137846 290926 219984 394035 378067 335391 310337 42170 165240

137814 108160 60774 37261 137095 58008 63568 27330 156514 113056 30982 20497 15076 61549 97731 114578 60691 24757 69875 142959 83983 109515 20525 84066 63513 44425 209073 26860 58395 114439 80082 42378 87468 46721 85421 70981 39142 10262 214743 41936 40442 63900 156127 117123 218284 208713 182987 167828 34439 80359

45190 41683 54470 59493 29821 51403 65177 52117 27688 32544 40378 44494 47243 59211 47631 34351 38581 46820 37823 48504 35461 53659 42775 64357 39250 51465 40960 44335 48318 73399 57395 46882 55712 61907 44450 37012 59475 50292 21387 60630 40660 36889 30385 54285 34060 23696 24243 45428 59070 41092

22574 17974 7146 4104 23542 8089 8618 6428 26371 19848 7822 5211 5621 5744 15256 19762 12226 7047 13579 22804 15670 16305 5658 9081 11939 5543 32644 6154 9417 13583 10795 6937 12308 6121 14604 13612 4997 4907 35329 2829 8519 12693 26231 18261 35444 34157 30344 26490 3636 14436

80057 56481 38011 53182 85773 30699 70728 39587 100523 63100 15801 16494 27925 49316 49862 62659 25677 26917 44210 82915 51564 61965 10086 58183 22567 30846 133135 13847 23134 81255 43390 19877 47404 61209 39209 31140 55409 33472 142906 53119 5043 36309 95817 63289 143032 141855 122313 103360 50787 35364

58028 43758 39723 42962 45043 36260 52917 32225 54677 40086 13627 20427 24504 44777 41119 40854 14800 22884 13348 60736 18235 50669 16196 54356 20636 32504 91957 20846 31401 69686 44861 27673 47528 47737 33928 18849 43884 29335 84235 44763 19379 8098 61825 51661 93199 81191 68206 73289 41538 29391

11687 10319 16111 18256 9625 14832 20714 15620 8793 7559 11041 12598 13719 17960 12502 7885 9913 13320 12732 13667 11825 14853 11550 19329 10071 15090 13193 12158 13052 23103 16310 14031 15654 19439 11261 9301 18490 14901 14420 18590 10725 11440 5775 15097 13994 15320 12357 14935 17905 9951

19812 14312 16981 25818 30875 14743 32575 23312 35262 22118 16250 16268 19856 20756 9331 20750 16000 19556 21825 17087 24012 9543 14550 20656 13087 17100 32087 14856 12481 27518 13718 14262 12525 28893 11225 16375 27181 21506 46393 24875 13050 19475 30675 7275 38943 47856 42043 22706 25093 12993

107792 115691 168663 190737 120397 157010 210766 169251 113618 103562 131938 144628 153760 185526 134768 109304 122750 150511 145721 113954 138325 149278 136084 193650 124879 163256 89976 141042 142499 224408 164573 150483 160511 200373 123367 117764 192641 163396 108212 193454 129361 135188 93057 139110 68042 115551 117288 104178 187935 125748

50320 46673 57109 60151 29943 53921 66703 53124 27725 37172 40919 45381 48057 62039 52583 39050 40589 46994 38262 53765 35074 58814 42605 65905 40553 53307 45922 46572 49175 75966 59473 49220 61003 63303 49184 38958 60774 51227 25572 61352 42752 37291 34927 59519 38748 21302 24143 50567 59235 45803

13547 12443 15576 16502 7348 14610 18481 14368 6676 9565 10672 12024 12834 17069 14205 10134 10572 12512 9867 15145 8902 16103 11183 18240 10561 14424 14940 12384 13172 21287 16292 13186 16755 17451 13197 10078 16686 13794 8777 16860 11227 9573 9046 16305 12767 8172 5591 17640 16219 12151

1568 1572 2542 3371 2975 2287 3928 3020 3140 2117 2205 2361 2682 2911 1756 1983 2142 2611 2713 1300 2927 2073 2174 3115 1857 2517 2006 2297 2064 3788 2435 2239 2318 3664 1740 2179 3495 2856 3556 3292 2072 2483 2603 1850 2678 3717 4040 1087 3300 1792

101089 81178 34056 14036 101528 37057 34221 24448 114155 85625 31329 21905 20807 29883 69009 86632 50983 27212 57059 102699 66392 74352 23899 44780 51935 25656 147937 26114 42986 64873 50343 31915 56510 23076 66429 57791 18025 17622 155129 16909 36673 53106 114118 82825 155275 148907 131888 119151 11949 63080

7969 4856 7095 9693 10916 5941 11999 7886 12864 7029 4190 4847 6351 8766 4903 6421 3907 6030 6493 8552 7464 6801 4001 9570 2614 6560 14979 4498 4503 12617 7978 5294 7448 10753 3124 4073 9987 7090 17673 9684 3335 5450 10694 6998 17196 18323 15742 11047 9376 2000

8 48 18517
6 10 46850
7 29 52125
19 39 13061
23 27 28605
4 28 36742
2 11 46030
32 43 52521
24 45 29054
19 23 49916
11 48 24721
9 39 15321
22 28 69878
1 46 45783
8 27 43134
10 37 32048
24 30 22059
15 47 37600
6 18 69835
13 15 49646
35 40 24348
1 30 13958
12 41 47874
11 23 55462
26 44 30462
21 29 55022
11 41 27739
11 26 10928
23 30 61525
17 26 23147
24 29 44005
13 23 10042
15 22 59997
2 24 38272
39 41 25246
27 39 30744
6 12 65014
8 36 13419
5 39 25408
18 44 36210
30 36 65478
21 45 40129
23 45 41532
15 45 65355
40 42 15911
15 40 26808
13 29 39545
7 18 40113
23 48 54408
25 40 39379
12 21 19758
30 40 68757
2 15 43338
32 47 57632
41 43 54218
6 39 15942
38 39 54797
0 13 11956
22 26 16871
8 39 46321
14 24 37246
9 10 50876
16 41 46363
11 29 39385
8 42 31290
0 6 13752
31 45 60129
30 46 26303
2 13 17171
0 46 15536
12 45 52513
10 43 24791
3 20 57808
15 32 36187
6 26 20145
27 35 15861
3 33 52995
31 47 61834
9 27 45974
4 17 49546
0 7 31212
6 33 55733
15 23 48302
6 7 16692
38 48 55507
3 48 44662
27 28 34778
11 27 40303
8 20 58761
27 48 41649
9 20 16624
18 22 26006
13 37 34667
19 25 65130
25 33 55391
8 41 68100
16 33 21024
38 47 57662
22 24 24402
7 17 40338
29 32 15341
2 14 19057
4 14 55129
8 23 63149
8 46 57388
3 44 17417
22 35 69011
19 34 40382
9 25 69251
15 33 44984
15 20 19927
29 45 42605
32 37 42859
14 23 10371
30 42 49298
24 26 28366
1 24 57176
15 36 26218
28 36 10811
17 20 45936
11 46 10009
23 38 29578
4 12 14084
34 45 34676
14 31 24708
29 49 59475
20 29 44918
23 34 47875
5 11 59280
23 28 59320
12 42 18213
5 48 64621
6 9 20519
17 48 15484
18 25 57769
7 15 67907
46 47 22901
8 17 68922
34 48 50432
23 44 22151
3 49 56049
23 40 12501
13 35 54757
41 46 28907
11 36 12873
32 45 46197
28 29 59416
34 38 60049
31 34 62415
7 34 60228
30 41 35985
25 45 62424
37 38 19805
9 32 52212
11 43 39242
21 26 46656
32 40 41687
6 25 14159
17 34 36674
29 30 43109
41 47 15621
20 44 44887
18 38 37729
1 26 38283
27 29 62514
6 8 37640
1 36 48333
7 22 15415
9 43 48705
43 45 28764
37 40 39709
0 9 34753
15 26 31265
24 48 24465
8 11 53660
40 41 46281
10 36 12804
6 19 43076
12 25 36330
44 47 17361
5 26 45446
29 47 14457
19 31 21927
11 16 67394
18 37 56669
3 12 51169
10 46 44050
39 42 40498
14 37 67471
36 43 10723
26 47 13606
13 42 25234
26 46 57753
42 46 53478
20 27 65661
6 43 62409
15 16 33261
11 20 43993
12 30 67824
9 13 11965
9 28 62757
6 22 49676
2 16 36718
19 43 36164
27 37 64141
19 32 32520
5 9 12445
2 6 19088
17 40 65596
2 22 50918
24 47 26449
2 48 53184
37 42 55375
25 27 38377
32 41 50578
0 8 54186
24 43 31688
15 29 36770
34 35 36827
19 22 41302
3 27 49636
9 19 40433
12 37 68679
5 27 37388
7 44 36054
28 33 64339
40 45 41939
10 17 59315
21 33 38331
13 17 51906
18 49 13422
0 36 43230
17 25 31581
31 41 40140
0 10 69395
18 26 37864
2 10 14802
36 48 11839
31 35 46952
9 17 10398
33 41 52757
13 26 15544
16 40 53582
0 14 50274
33 44 43921
12 18 46302
9 40 46602
17 27 17751
4 41 13071
29 41 13428
24 37 49053
13 33 52707
35 38 56005
22 42 47732
9 24 32237
36 42 22058
25 42 54213
30 39 64177
7 38 23515
34 40 22544
16 26 46082
4 5 26937
0 16 55774
34 47 67663
20 24 69220
16 39 67311
2 20 35526
2 8 14021
8 30 69150
11 35 24621
14 39 26562
10 13 64049
5 6 30165
11 25 22287
7 33 56465
15 31 16228
3 17 58589
1 31 33067
22 36 23979
12 36 61661
25 39 36495
5 30 15175
14 18 44367
23 41 22499
11 13 65050
6 31 66605
10 18 34557
0 44 49262
2 40 12923
20 37 60215
27 34 13948
3 46 49005
26 48 17151
38 42 59723
9 35 58810
10 29 28513
22 41 57033
8 26 24335
10 40 44678
15 24 68326
36 41 38956
1 22 61240
8 16 14516
6 14 11263
6 27 13526
13 22 60982
13 30 17491
20 31 14258
3 28 36191
25 35 43614
11 32 65919
1 2 62686
8 43 60932
10 12 52428
28 39 15185
16 29 55981
1 23 61175
26 49 51885
0 49 47385
0 39 64098
37 41 54243
3 45 51334
18 21 43102
38 43 13536
1 17 53199
30 33 44054
31 46 32050
13 49 52374
22 38 58390
26 45 66728
8 33 62842
25 28 39488
40 48 10109
23 26 67359
29 36 40752
19 33 13636
2 44 10482
3 23 60386
1 13 17894
1 10 36673
5 19 33999
28 48 25955
7 48 29358
7 47 24930
21 23 20525
37 46 46686
0 2 10910
29 48 11700
2 26 40714
3 19 60439
6 46 65798
4 43 24956
10 42 41772
5 21 51043
7 45 28492
23 35 24970
17 28 25096
8 35 62685
40 49 67344
14 34 25628
27 47 59412
37 45 60186
23 29 55117
8 34 59522
26 41 69687
14 19 38011
17 31 15300
7 23 10168
36 45 28396
45 49 35337
21 32 48984
35 42 52396
24 38 63435
6 15 68342
19 46 19468
18 45 13959
7 30 57171
24 39 32522
29 33 27802
9 15 27884
4 47 22960
26 33 23600
39 47 54983
34 49 54732
0 38 16785
39 49 25617
15 30 21844
0 30 44024
16 27 18302
1 40 31330
2 46 59653
41 42 19856
9 31 33658
14 43 56912
44 46 21520
9 49 33344
6 28 37065
36 46 38963
34 46 45655
34 44 55461
13 20 16442
28 42 24638
6 49 49999
9 12 69877
25 44 35123
2 42 59468
43 44 25979
20 39 34436
4 31 21989
35 47 43781
1 44 64463
38 40 34949
8 9 69524
28 38 49445
20 26 31823
30 34 16308
38 44 17204
23 37 43667
17 35 62476
12 26 37649
1 39 17139
10 45 64271
13 44 47506
9 47 40798
33 42 63325
20 25 11168
29 31 16284
43 47 30389
0 24 40132
35 49 64083
16 31 27992
9 18 58717
31 49 30863
18 39 67992
32 35 58594
2 49 55986
23 25 69602
14 44 26715
0 42 32564
4 48 21590
3 32 60496
1 41 27026
4 13 58682
30 45 60020
15 19 18613
10 30 20504
3 34 18470
1 28 25818
4 10 66314
13 36 10945
16 17 53467
1 38 25595
5 8 17358
3 25 43115
20 22 56393
5 10 10682
0 37 44284
25 29 14820
11 24 31071
18 48 26558
14 41 68903
1 12 49064
30 44 15274
11 38 29765
1 47 47055
1 6 16010
39 46 27894
18 20 58799
47 49 32725
24 33 50458
28 32 10388
2 4 35364
6 23 67485
18 31 11212
6 48 37526
37 48 28240
2 37 33859
1 9 45996
9 38 44058
8 18 30172
15 44 59085
7 42 39668
4 38 57910
17 41 66443
2 45 12782
13 39 56446
22 34 67126
34 43 59209
7 8 61266
1 34 40339
10 38 15766
7 32 12310
3 29 19402
4 15 33184
25 37 44218
21 36 68600
14 33 51337
13 24 62112
9 48 57398
3 4 26205
10 14 54713
5 36 69929
25 30 51569
1 27 64340
14 22 11140
26 27 19094
24 35 22579
24 31 34999
4 21 67233
21 49 56638
5 23 67314
21 47 56317
13 16 26305
31 39 55224
15 49 64903
33 48 41230
28 46 41669
14 32 62028
43 48 30439
4 8 45077
3 8 44509
27 41 48348
31 42 47387
5 32 53912
41 44 23674
30 49 21604
19 20 64654
3 36 65012
7 37 25859
10 21 52052
1 49 33359
23 39 10571
21 48 64123
12 27 27070
30 48 64911
12 15 65264
7 21 48307
37 43 17489
8 38 42405
39 48 45539
33 49 16269
8 28 39719
26 43 43999
13 38 44717
32 33 24942
22 40 38901
21 46 15947
19 48 68754
42 47 43071
19 37 36386
1 16 43830
2 25 17579
8 25 26876
10 19 33359
15 21 13633
32 38 40551
2 41 57106
2 23 68288
12 49 47705
2 31 12964
3 10 62482
13 32 11063
17 46 13535
6 32 56604
9 30 28133
0 45 20588
0 23 64010
13 27 18582
1 14 40221
12 47 36415
6 24 54121
6 40 46490
22 39 66134
4 37 40262
16 25 21207
17 29 33218
8 37 21305
25 48 39297
26 34 44114
36 47 66519
8 14 17825
10 32 30086
24 27 26241
16 19 34701
37 49 53445
24 40 29874
28 40 65252
38 45 40550
5 16 40304
36 38 42956
12 48 55658
17 33 44928
15 48 56162
23 49 59193
13 40 43675
20 40 26437
22 31 21924
18 34 37684
33 35 35019
0 48 52145
5 28 64099
3 43 31283
32 44 40777
7 12 12374
0 22 61545
4 44 51984
36 39 47735
28 31 12850
7 26 33423
7 28 33991
16 42 69369
39 44 41248
0 41 54077
27 46 25609
33 43 65950
22 43 49664
15 17 57627
1 29 13343
20 49 20214
3 21 40073
7 39 46300
26 38 18014
2 17 15001
1 33 44604
4 27 19349
30 35 48676
37 47 61042
17 30 31273
9 22 28502
2 9 38203
22 37 25560
11 14 34744
22 45 59486
42 49 56338
5 37 37118
20 35 51031
5 7 38321
7 49 26996
20 41 66024
26 35 61745
10 44 50987
4 20 65392
9 36 45135
12 46 47207
0 27 33144
3 9 41084
26 39 26870
29 38 32913
16 36 44428
4 25 49227
18 46 62986
9 14 32870
4 34 57241
18 30 20129
28 41 67474
14 46 66591
42 44 10947
21 25 10657
30 31 40006
10 22 29450
29 46 38861
14 27 55567
7 43 54194
3 30 28346
11 47 41904
24 36 33454
4 18 21519
4 19 22367
47 48 50450
21 22 17542
16 45 26254
23 31 43580
12 24 25077
19 27 61390
29 37 32929
7 40 60364
27 43 32473
1 7 49799
19 44 23276
37 39 19043
25 32 41169
32 42 28404
3 22 41913
24 28 28409
7 19 38534
15 41 51530
1 35 37142
11 18 51624
6 42 52187
48 49 19291
7 9 11073
13 41 33190
0 18 64858
5 40 55267
10 33 63680
7 25 36761
8 21 18721
26 29 15198
31 43 61271
0 19 11313
17 37 22741
34 41 17525
25 36 57036
12 40 37818
6 13 21057
5 20 19964
25 43 28181
18 43 43530
10 20 11906
28 47 53600
34 36 64717
12 28 43075
20 43 24146
13 18 36629
46 48 13626
9 37 52680
12 31 30301
17 49 52912
3 5 46447
29 43 24631
12 43 62203
16 37 47520
13 19 47821
21 42 57060
2 21 44930
17 32 41500
32 39 35963
1 32 65794
33 38 58842
0 43 39376
4 23 19249
6 21 11582
7 46 46901
3 40 66286
3 26 51543
43 46 57958
19 24 28392
9 16 21866
11 49 43631
10 11 30298
4 29 65466
46 49 38347
3 7 15515
14 28 31754
8 13 17118
1 21 31285
4 32 26577
31 33 49563
3 15 14196
40 43 63024
3 35 64194
24 42 18541
11 42 40543
2 27 54157
27 38 65601
20 47 15472
15 39 37800
1 48 43706
16 18 11265
10 49 26641
19 29 13081
21 34 20515
20 46 40366
28 43 62126
5 42 28943
21 41 21908
23 33 62226
11 30 47335
6 36 33774
5 41 35856
14 25 19776
6 29 41382
27 40 16345
9 45 37434
1 20 63136
23 47 35607
7 11 58719
7 24 19712
1 43 27312
32 46 62915
1 5 12735
16 21 21505
20 32 23598
20 45 55422
15 37 17804
21 37 19198
6 38 60894
16 48 45604
19 42 65047
9 26 14302
5 15 14387
35 39 20271
26 28 36960
7 13 44753
17 38 12396
21 39 55903
19 40 56661
4 6 64622
6 45 45380
15 34 32577
27 31 42621
6 30 55156
27 36 16101
5 12 61109
17 42 22590
19 36 21380
14 17 38858
23 32 23451
1 3 43235
16 34 56170
9 33 28509
3 41 58114
11 44 19817
10 23 42107
23 24 43535
40 44 39765
12 32 63449
25 26 46571
16 35 27511
30 32 58495
4 42 63016
16 23 31899
6 16 20908
22 30 29975
12 44 18794
6 47 23304
4 33 28020
6 11 17598
20 28 30069
1 11 63401
15 28 40175
25 34 14832
14 29 60699
14 16 58420
7 16 18083
5 47 25431
15 46 21942
22 25 46942
27 44 38883
24 34 55177
9 21 45254
22 44 57392
12 13 43290
10 15 67215
32 48 29498
2 34 28967
16 46 36979
22 48 22946
5 14 65539
4 45 54490
40 46 23584
28 37 10696
28 45 28531
10 27 34492
1 4 30672
11 21 37326
15 42 59940
35 46 48692
3 31 44924
13 47 32151
11 39 54235
5 31 27241
2 5 49126
11 12 44934
9 42 27803
16 49 57209
21 24 60365
17 18 39745
10 31 46293
11 40 41390
14 45 24922
6 44 33690
10 41 40924
17 43 10354
28 44 30904
24 41 12565
6 17 29322
13 14 10025
6 20 37654
4 40 37003
3 11 54515
15 43 51238
0 1 37699
1 37 25189
26 42 27873
0 31 58371
18 28 52515
17 21 29955
8 49 49206
0 28 39581
35 48 52106
14 15 33440
20 33 56822
22 46 43374
31 32 20516
16 22 14625
11 17 30582
3 39 23024
7 31 44370
16 20 19018
14 47 54414
33 39 11434
10 35 42708
18 24 25338
2 39 11789
45 48 15754
0 25 27903
31 37 43254
24 49 15779
34 39 55557
14 30 10256
7 20 12436
39 43 48938
2 18 37955
21 40 27625
22 47 18953
21 31 38469
20 38 10139
19 47 38908
33 37 29817
10 28 39720
2 12 33156
33 47 65400
4 36 38685
16 38 66530
27 49 15916
26 36 43310
2 28 39254
24 32 28940
12 33 29822
11 22 48272
12 34 25496
15 38 31257
9 46 20979
35 44 40834
26 31 45189
28 30 26733
44 49 10879
11 31 18442
0 12 44655
0 47 68580
8 22 18698
36 49 47092
19 41 47517
21 44 58796
20 34 64717
2 29 68613
21 30 39407
8 45 16999
27 42 37520
38 41 11366
21 43 46719
42 45 60676
27 33 66767
31 40 27546
29 42 69348
4 11 24825
29 40 12998
22 27 38601
36 40 43765
8 44 32821
12 20 16873
29 39 59261
42 48 66221
25 41 39995
18 35 42238
18 23 53552
15 18 68872
31 36 55260
41 45 61994
11 33 43526
7 36 53839
11 37 22834
20 21 20617
21 38 43498
19 26 23772
15 27 27477
7 35 42110
18 41 65323
41 48 34476
12 14 69630
5 18 66689
27 30 23337
19 38 12447
4 35 15597
11 19 40884
11 28 11794
13 28 30422
10 34 43882
16 44 40396
14 38 16329
22 33 18845
8 29 59412
9 41 17733
45 47 27208
18 42 29406
14 36 62114
12 19 10759
35 41 28277
5 43 47373
38 46 62753
20 23 13946
29 34 43355
16 47 27729
12 39 24563
2 38 16852
9 29 41502
5 29 42040
31 44 48963
26 40 48967
18 33 18658
0 40 60735
21 27 57798
38 49 31996
4 7 15325
35 36 63396
20 42 62880
32 49 17119
25 49 35960
34 42 36761
40 47 59658
18 32 54433
20 36 57750
0 15 49069
22 23 62166
20 30 14957
12 35 20618
13 21 66422
2 30 15717
4 26 51038
7 10 43794
14 21 68470
41 49 54984
10 47 17148
26 30 38342
36 37 21690
34 37 36144
30 37 69844
11 34 65873
32 36 27249
27 45 60953
14 40 14531
5 22 17983
3 42 48750
0 5 36527
14 35 35451
20 48 42145
19 45 29406
24 44 54714
23 42 20248
2 7 68310
44 48 44371
0 35 64681
2 19 56059
24 46 35583
14 48 68989
8 31 61017
22 49 58344
18 29 65410
0 11 66734
17 39 39381
19 30 39203
19 21 17345
0 29 24365
26 37 58495
12 38 45687
0 34 36055
10 25 24638
29 35 57673
0 20 31927
4 9 41887
8 32 48625
8 24 48601
45 46 62013
44 45 39518
25 46 15127
3 38 27464
0 3 11662
13 43 34533
1 45 12177
2 35 21910
17 36 32843
14 42 58691
0 17 28733
25 31 31044
25 47 36416
1 15 27721
9 34 22060
0 26 24759
28 35 23130
35 37 30936
5 45 54141
14 20 52334
32 34 38282
31 48 20648
29 44 52971
18 40 26111
16 24 58846
35 45 67609
11 45 25927
10 24 32915
36 44 51638
23 46 16694
13 45 11516
10 26 43650
10 39 46212
9 44 16643
0 21 13256
30 38 47875
27 32 53320
5 33 15433
10 48 11927
21 35 28305
21 28 16267
12 22 42804
8 10 49349
8 12 42683
17 24 60525
17 19 13552
10 16 69586
6 41 13655
35 43 34488
15 35 65869
3 6 68132
8 19 14912
5 17 16516
4 46 51102
5 49 43167
4 16 17504
7 41 60853
37 44 59094
5 25 40419
16 30 54633
13 34 65788
39 45 54078
2 43 28282
4 24 42000
17 22 12864
30 43 31539
23 43 32017
24 25 56184
25 38 49115
3 47 46087
15 25 26631
4 22 55382
18 47 31033
16 43 65980
12 29 40208
13 31 21558
28 34 21674
28 49 39793
33 36 37356
31 38 46163
3 18 35661
18 27 47630
8 15 63218
8 47 54320
16 28 28731
5 35 36384
5 46 61824
14 26 31726
23 36 25477
0 32 44385
19 28 16358
39 40 33408
16 32 28463
9 11 46783
3 37 17550
9 23 43470
19 49 20464
2 32 51710
17 23 41796
17 45 59580
2 36 39939
14 49 58427
33 45 57104
6 35 60973
33 40 66549
8 40 39454
12 23 12530
30 47 18223
1 18 69247
5 13 52029
22 32 54386
13 48 34907
6 34 29658
4 49 59746
0 33 19226
1 25 60532
2 47 26130
26 32 23192
5 44 34400
7 14 53750
4 39 57578
13 46 40758
18 19 29300
1 19 28183
12 17 29683
5 34 36850
3 24 61653
5 38 40148
22 29 30702
3 13 33448
43 49 41870
13 25 60642
19 35 34017
6 37 41116
12 16 63757
33 34 30565
5 24 10570
2 3 18429
18 36 38788
11 15 69817
3 16 60458
17 47 35316
1 8 46867
2 33 20115
3 14 25062
7 27 68236
42 43 22789
0 4 53335
1 42 21428
33 46 47189
4 30 37084
17 44 21148
