50 50 474
25000 25000 25000 25000 25000 25000 25000 25000 25000 25000 25000 25000 25000 25000 25000 25000 25000 25000 25000 25000 25000 25000 0 25000 25000 25000 25000 25000 25000 25000 25000 25000 25000 25000 25000 25000 25000 25000 25000 25000 25000 25000 25000 25000 25000 25000 25000 25000 25000 25000
2609 3292 6739 8933 6803 5984 10355 7650 8084 4246 5219 5776 6641 7816 4374 3847 5033 6429 6719 3660 7358 5396 5219 8345 4182 6387 7391 5542 5038 10349 6400 5558 6051 9568 3792 4898 9064 7159 11178 8697 4781 6033 6661 5299 8845 11656 9977 5301 8663 3947

2368 1148 3204 4509 4028 2752 5457 3845 4791 2504 2396 2628 3220 3859 1838 2266 2285 3117 3299 2596 3680 2582 2296 4205 1779 2994 5115 2491 2189 5399 3046 2499 2838 4940 1446 2351 4642 3507 6634 4369 2035 2890 3943 2607 5984 6919 5919 3574 4385 1538

38119 28711 4914 17161 44553 7030 26409 19622 50450 35490 13876 9147 14977 9987 21848 35330 20546 15111 25670 37312 29954 23679 9828 13734 19303 6568 57472 8895 11180 22957 12390 7341 15489 21294 21806 22713 18992 16657 67393 15523 12297 23856 48568 27686 66066 66973 59161 44864 16203 22621

94158 75406 32372 11548 94124 35112 29982 21024 105322 79267 29681 21275 20071 28595 64292 80186 47630 25921 53179 95094 61702 69206 23096 42165 48700 24701 135170 25118 40527 60515 47246 30416 52911 19804 61669 53847 15191 17163 141838 16712 34762 49569 105288 76944 142841 137025 121516 110118 12183 58878

1432 1277 1715 1883 566 1580 2152 1577 838 876 1061 1250 1363 1923 1524 955 1016 1318 949 1655 814 1789 1133 2087 1015 1583 2005 1269 1379 2512 1815 1381 1823 2008 1383 947 1901 1497 1685 1925 1108 908 1169 1798 2040 1600 1240 2003 1836 1237

29389 21549 6421 15994 35203 3514 23701 16197 40108 27663 10383 7483 12332 10627 15840 27251 15232 12444 20193 28704 23757 17769 7029 12654 13919 6260 45474 6253 6966 20326 9090 4947 10956 19446 15805 17035 17517 13730 54202 15093 8371 18684 38375 21102 52622 53852 47354 34986 15197 16483

181956 151443 81972 45118 179349 86890 28499 43134 199791 153664 65767 58805 48555 75277 138615 155294 97584 53176 107361 187467 122469 147325 56998 99391 102384 68433 259515 65619 96429 131920 108338 78565 118381 37594 126439 108605 40319 50569 262507 54213 78328 100962 199791 160389 266358 256048 228497 214099 46244 120958

70158 56137 33391 20160 68960 32030 26544 6370 78353 57158 16770 13571 8861 34044 51550 57907 31390 10985 35882 72690 42824 57376 12741 45125 33595 25346 105796 16702 32220 60071 42892 24339 46527 21820 44649 36454 21085 12128 107171 24366 22542 32942 78353 60248 108940 104203 91544 84928 20704 42130

1719 1555 2020 2186 797 1877 2480 1869 697 1127 1324 1525 1646 2242 1817 1211 1359 1593 1205 1956 1061 2099 1395 2416 1275 1880 1940 1538 1663 2869 2127 1665 2135 2327 1668 1203 2218 1789 1599 2239 1374 1156 1050 2109 1977 1509 1125 2149 2144 1511

1038 879 1459 1709 1024 1320 1995 1402 1305 464 869 1050 1181 1674 1133 546 738 1134 1066 1268 1206 1406 928 1875 768 1323 1950 999 1145 2314 1562 1115 1500 1846 988 667 1736 1318 1983 1748 832 916 1087 1416 1986 2088 1720 1628 1668 837

282030 211282 141015 156813 275986 123980 205925 104130 324205 216434 12638 46089 66146 165880 198300 220212 86408 58178 109075 294806 144106 241573 25277 212999 97536 105504 461992 48149 106122 288418 178793 81738 185456 180442 162789 111960 161484 89774 468792 165811 55499 94239 323380 245901 477721 453818 389938 356556 149807 140603

50691 38013 17684 20961 51754 16554 32069 15322 59686 41572 8429 1231 9073 20938 32781 41335 20566 9254 24295 52228 30058 37595 2463 29549 19775 11074 79235 3830 16712 41956 25571 10170 28589 26227 28724 24385 23131 11333 83247 20927 10350 21854 59166 41335 84557 81009 70500 62387 19673 26656

87703 68425 38207 29484 86090 36375 42477 15319 98955 70203 15832 11526 5185 43485 62653 71210 35513 11563 41561 91111 50906 70496 10371 57448 38482 27377 135275 15741 36631 77569 50998 26021 55891 35788 53362 42330 30731 11599 137529 32581 23565 37602 98735 74362 139911 133534 116492 107586 27615 49972

8994 7014 1953 3076 10270 2400 5044 4089 11525 8342 3428 2289 3530 1217 5553 8308 5162 3558 5938 8844 6878 5947 2434 2672 4897 1741 13134 2275 3283 4634 3544 2352 4204 3955 5544 5623 3465 3423 15131 2520 3406 5551 11125 6799 14963 15041 13379 10451 2868 5718

22109 13806 17181 27575 34163 13983 36054 25399 39559 23393 16297 15828 21148 21809 7310 21709 15513 20779 22678 21463 25368 12569 14621 24038 11931 16866 39913 14091 11169 32479 15843 13360 14375 31372 9640 15974 29250 22701 52897 26598 12776 19787 33563 13114 48346 54681 47531 28374 26698 11815

16807 14001 25640 30561 19556 22905 35602 25154 24505 9679 15763 18421 21255 29433 18478 8135 13451 20437 19232 20868 21699 23300 16271 32126 12619 23236 35094 17533 19253 39867 26303 19556 24957 32986 15933 12196 31041 23680 36455 30709 14579 16581 19881 23476 36497 38302 31816 27205 29842 13261

10299 7390 7031 8472 10011 6048 10492 6305 12559 6963 2542 3918 4743 8551 6856 7119 1531 4415 4164 10825 5152 8788 3062 9992 2712 6068 17458 3782 5031 13093 7754 4593 8294 9443 5401 2666 8664 5714 17692 8842 2599 3101 11362 8989 17709 17551 14924 13365 8184 4483

175305 136474 78453 73100 171987 74683 92515 36644 198000 139301 27445 23562 23034 89311 126332 141375 67935 11423 80376 182317 99603 144881 22846 118038 74042 56173 274079 32233 75211 159433 104768 53383 114834 79433 107218 81959 75663 36305 280374 79396 45918 72233 198000 150423 282712 269592 234531 216209 69254 97680

14104 10872 9452 10186 10309 8668 12441 7754 12529 10040 3542 5082 6005 10597 10274 10214 4313 5638 2061 14718 4237 12438 4123 12767 5635 7817 21789 5177 8073 16239 11122 6723 11726 11267 8646 5230 10401 7099 19186 10594 5350 2795 14964 12662 22071 18497 15556 17561 9863 7618

4719 4738 8597 11897 10320 7583 14113 10500 12031 6905 7254 7875 9152 10064 5467 6371 7005 8870 9277 3656 10130 6729 7312 10878 5869 8497 9506 7622 6695 13554 8172 7390 7707 13238 5406 7151 12428 9845 15675 11583 6547 8360 10130 5845 12180 16314 14559 5847 11614 5613

2204 1718 1581 1691 1302 1463 2030 1326 1635 1593 693 924 1063 1760 1628 1619 733 1008 555 2296 390 1953 780 2079 931 1335 3066 939 1298 2600 1756 1171 1846 1853 1384 871 1722 1227 2673 1752 889 505 2041 1987 3108 2532 2090 2723 1643 1229

33087 23443 23170 37575 50155 19559 48702 36072 57236 36022 26166 23493 30494 29263 14919 33813 25682 30655 35084 31815 38614 11166 22333 29102 20982 23524 56025 21214 17380 40178 17905 20255 15978 42538 17975 26288 39775 32512 74738 35911 21002 31291 49368 15978 67091 77038 67697 40884 36405 20830

29547 21819 12087 14277 30208 10393 19877 9670 34960 23989 3801 2252 5847 14071 19650 23844 11199 6260 13471 30993 16984 22873 0 19319 10703 8017 46945 2293 10145 26881 15889 6157 17728 16757 16158 13513 14856 7665 50147 14257 4959 11984 34713 24051 50189 48040 41634 36675 13492 14897

19258 15154 4883 8660 22473 5240 12851 10822 25140 18677 8930 6798 9435 4715 11943 18148 11947 9496 14265 19106 16203 11616 7106 3553 10898 5631 28226 6684 7117 7725 6509 5973 7911 10537 11924 12593 9496 9405 33421 7486 7881 13444 24198 13429 31946 32615 29081 22522 8227 12293

32600 22120 24063 31410 36263 20115 39682 24603 43406 26098 11050 13644 18976 29538 20197 24684 10012 17796 19495 34493 23056 27157 10541 33424 5270 20594 59259 12362 14845 44597 26668 15282 26495 35297 14936 10622 32488 21866 64743 31379 8099 15669 41636 27879 64804 63420 53958 43640 30250 11650

19133 14415 4124 7502 21736 4258 12148 8180 24693 17191 5611 2952 5851 5337 11613 17111 9697 5918 11525 19369 13673 12852 3268 8547 9073 1634 29479 2801 5623 13172 7620 3075 8745 9583 10952 10784 8420 6693 33190 6967 5560 10615 23935 14794 33148 32667 28750 23156 7022 11361

175156 190444 281463 355282 238383 258749 406770 325852 225170 205569 253234 264755 294457 314332 211356 210756 242970 289434 287742 170788 273327 239639 248102 332568 222222 279224 124051 257875 238875 392519 271962 254436 261534 380835 205405 233251 365874 308872 262243 348348 234998 267212 177231 219819 183947 276549 279934 151733 352989 210046

31417 23339 11056 15023 33379 9282 22113 11424 38298 25597 5582 2430 7436 13292 19279 25460 12766 7551 15708 32571 19387 22351 1601 18629 11698 6794 49650 800 9022 26549 15038 4846 16963 18384 18146 14626 16408 8878 52990 15002 5683 14150 36827 24738 53033 52629 45921 39055 14201 16091

22292 15532 8585 15815 27305 6079 22449 14122 31534 21286 7458 6609 10790 12212 11525 20448 11037 10887 16351 22629 18460 14092 5916 13959 8953 7422 37089 5247 2958 20575 9380 4675 9917 18779 10579 12122 17129 11995 44699 15038 5121 14086 30040 16086 42325 43386 37782 28046 15128 11164

35887 29205 12480 18630 41122 13061 25455 22151 45465 34940 19069 15598 19892 12207 23976 34080 23982 19991 27757 35640 30912 23444 16099 10314 22275 13699 50490 15413 16118 8049 15128 14256 17411 21687 23945 25034 19991 19843 58502 16718 17362 26420 43931 26395 56547 57636 51882 41202 17925 24545

12035 8916 3727 7937 15528 2988 11116 8229 17556 12413 5826 4628 6632 5471 6476 11884 7270 6678 9817 11792 10828 6101 4440 5425 6843 4123 18722 4120 3693 8596 2220 3580 3285 9358 7288 8021 8567 7210 23593 7374 4435 8731 16331 7478 21757 23235 20550 14388 7608 8162

16816 12300 4673 8907 19038 3674 13346 7880 21863 14695 4330 2861 5655 6838 9623 14610 7526 5719 9982 17041 12034 11338 2398 8891 6931 3300 26701 1952 3900 13310 6886 1199 7961 10895 8991 8573 9784 6460 29982 8388 3574 9112 21992 12670 30199 29780 26037 20660 8448 9382

33291 24043 13451 25678 45466 10386 35106 25927 51477 34720 17347 15249 21192 18623 16808 32845 22433 21329 29985 32571 32982 15695 14693 18486 19385 13751 53121 13742 10951 27888 8982 12141 7346 30148 19402 23889 27802 22904 67566 24266 14025 26766 46032 19779 62514 69570 61607 40269 24685 21808

946126 772783 372672 171891 941607 399465 229188 203364 1052973 801673 322800 261306 229995 336196 681269 810550 496143 258078 549405 987768 631719 728398 261790 467575 512606 298912 1361570 298428 451435 644793 516318 354111 575875 130895 640112 556184 145421 201588 1394657 221440 377998 514543 1052973 803126 1415639 1359472 1209370 1121245 178024 610899

11074 6516 9745 14620 17265 8055 18070 12049 20125 11582 7198 7592 9802 12191 5780 10692 6792 9607 10578 11927 12000 8559 6353 13369 4891 8961 21336 7495 5951 17830 10200 7109 9514 16229 3176 7028 15116 10875 27174 14096 5378 9051 16956 8848 24582 28075 24330 15579 14222 4326

15829 11730 12055 14909 14887 10463 18181 11400 18098 9950 5307 7379 8870 14516 10865 10202 3806 8340 7557 17293 9159 13994 5984 16447 4154 10495 26946 6793 8459 21470 13235 8116 13697 16483 8500 2992 15221 10444 27326 15353 4886 5837 17073 14319 27353 27097 22842 21406 14443 7022

260549 211357 97602 40426 259264 105128 73603 59561 291477 219479 83331 65940 56946 87232 185247 222003 132614 73007 147849 269818 171160 198738 65986 124584 137295 76540 378755 76494 119995 174969 138442 92233 155375 45566 173638 149685 32993 48961 388070 54606 99025 137846 290926 219984 394035 378067 335391 310337 42170 165240

137814 108160 60774 37261 137095 58008 63568 27330 156514 113056 30982 20497 15076 61549 97731 114578 60691 24757 69875 142959 83983 109515 20525 84066 63513 44425 209073 26860 58395 114439 80082 42378 87468 46721 85421 70981 39142 10262 214743 41936 40442 63900 156127 117123 218284 208713 182987 167828 34439 80359

45190 41683 54470 59493 29821 51403 65177 52117 27688 32544 40378 44494 47243 59211 47631 34351 38581 46820 37823 48504 35461 53659 42775 64357 39250 51465 40960 44335 48318 73399 57395 46882 55712 61907 44450 37012 59475 50292 21387 60630 40660 36889 30385 54285 34060 23696 24243 45428 59070 41092

22574 17974 7146 4104 23542 8089 8618 6428 26371 19848 7822 5211 5621 5744 15256 19762 12226 7047 13579 22804 15670 16305 5658 9081 11939 5543 32644 6154 9417 13583 10795 6937 12308 6121 14604 13612 4997 4907 35329 2829 8519 12693 26231 18261 35444 34157 30344 26490 3636 14436

80057 56481 38011 53182 85773 30699 70728 39587 100523 63100 15801 16494 27925 49316 49862 62659 25677 26917 44210 82915 51564 61965 10086 58183 22567 30846 133135 13847 23134 81255 43390 19877 47404 61209 39209 31140 55409 33472 142906 53119 5043 36309 95817 63289 143032 141855 122313 103360 50787 35364

58028 43758 39723 42962 45043 36260 52917 32225 54677 40086 13627 20427 24504 44777 41119 40854 14800 22884 13348 60736 18235 50669 16196 54356 20636 32504 91957 20846 31401 69686 44861 27673 47528 47737 33928 18849 43884 29335 84235 44763 19379 8098 61825 51661 93199 81191 68206 73289 41538 29391

11687 10319 16111 18256 9625 14832 20714 15620 8793 7559 11041 12598 13719 17960 12502 7885 9913 13320 12732 13667 11825 14853 11550 19329 10071 15090 13193 12158 13052 23103 16310 14031 15654 19439 11261 9301 18490 14901 14420 18590 10725 11440 5775 15097 13994 15320 12357 14935 17905 9951

19812 14312 16981 25818 30875 14743 32575 23312 35262 22118 16250 16268 19856 20756 9331 20750 16000 19556 21825 17087 24012 9543 14550 20656 13087 17100 32087 14856 12481 27518 13718 14262 12525 28893 11225 16375 27181 21506 46393 24875 13050 19475 30675 7275 38943 47856 42043 22706 25093 12993

107792 115691 168663 190737 120397 157010 210766 169251 113618 103562 131938 144628 153760 185526 134768 109304 122750 150511 145721 113954 138325 149278 136084 193650 124879 163256 89976 141042 142499 224408 164573 150483 160511 200373 123367 117764 192641 163396 108212 193454 129361 135188 93057 139110 68042 115551 117288 104178 187935 125748

50320 46673 57109 60151 29943 53921 66703 53124 27725 37172 40919 45381 48057 62039 52583 39050 40589 46994 38262 53765 35074 58814 42605 65905 40553 53307 45922 46572 49175 75966 59473 49220 61003 63303 49184 38958 60774 51227 25572 61352 42752 37291 34927 59519 38748 21302 24143 50567 59235 45803

13547 12443 15576 16502 7348 14610 18481 14368 6676 9565 10672 12024 12834 17069 14205 10134 10572 12512 9867 15145 8902 16103 11183 18240 10561 14424 14940 12384 13172 21287 16292 13186 16755 17451 13197 10078 16686 13794 8777 16860 11227 9573 9046 16305 12767 8172 5591 17640 16219 12151

1568 1572 2542 3371 2975 2287 3928 3020 3140 2117 2205 2361 2682 2911 1756 1983 2142 2611 2713 1300 2927 2073 2174 3115 1857 2517 2006 2297 2064 3788 2435 2239 2318 3664 1740 2179 3495 2856 3556 3292 2072 2483 2603 1850 2678 3717 4040 1087 3300 1792

101089 81178 34056 14036 101528 37057 34221 24448 114155 85625 31329 21905 20807 29883 69009 86632 50983 27212 57059 102699 66392 74352 23899 44780 51935 25656 147937 26114 42986 64873 50343 31915 56510 23076 66429 57791 18025 17622 155129 16909 36673 53106 114118 82825 155275 148907 131888 119151 11949 63080

7969 4856 7095 9693 10916 5941 11999 7886 12864 7029 4190 4847 6351 8766 4903 6421 3907 6030 6493 8552 7464 6801 4001 9570 2614 6560 14979 4498 4503 12617 7978 5294 7448 10753 3124 4073 9987 7090 17673 9684 3335 5450 10694 6998 17196 18323 15742 11047 9376 2000

0 3 64575
0 4 46498
0 6 58745
0 9 41149
0 10 65037
0 11 24654
0 14 16002
0 17 69767
0 20 32296
0 21 18013
0 26 37652
0 28 26397
0 29 19167
0 30 46506
0 31 67965
0 38 56566
0 43 46605
1 4 58190
1 5 60143
1 6 38445
1 9 24557
1 10 22204
1 12 37649
1 18 33651
1 19 27823
1 20 21960
1 24 38201
1 26 63718
1 28 68515
1 31 46209
1 32 23482
1 33 57811
1 35 11962
1 36 69185
1 40 47210
1 42 31906
1 46 22381
1 47 16860
1 48 33350
2 4 53005
2 11 23041
2 13 29816
2 14 25198
2 18 64775
2 21 12786
2 23 55998
2 26 50834
2 27 20731
2 28 17791
2 30 65222
2 32 54616
2 35 39471
2 36 35145
2 37 24156
2 38 67114
2 42 54224
2 43 38938
2 44 53229
2 45 59563
2 46 53747
2 49 30708
3 4 23914
3 5 61735
3 10 67665
3 12 53676
3 13 17910
3 15 60850
3 16 48369
3 17 50085
3 21 59257
3 26 16840
3 31 47172
3 33 55765
3 34 13019
3 35 17422
3 37 68273
3 39 40766
3 45 35586
4 7 55274
4 8 13275
4 9 41850
4 16 39539
4 19 54176
4 21 30451
4 22 11352
4 23 47477
4 25 51764
4 26 52446
4 30 47197
4 32 69815
4 35 46178
4 37 15717
4 41 10949
5 10 25247
5 13 39703
5 14 15555
5 17 26980
5 20 56208
5 23 66589
5 29 35351
5 32 42646
5 33 38124
5 34 12518
5 36 40916
5 37 32175
5 41 56391
5 42 59588
5 46 67947
5 49 15168
6 7 66273
6 12 23626
6 16 66042
6 17 53598
6 18 60608
6 20 23351
6 23 28172
6 25 26119
6 27 57041
6 29 29667
6 31 15169
6 32 25847
6 39 54588
6 41 30046
6 42 26052
6 44 69430
6 47 45957
7 8 62802
7 12 10539
7 14 65687
7 16 37057
7 19 42234
7 24 63947
7 25 67334
7 28 36095
7 31 54935
7 33 29368
7 38 57708
7 39 30452
7 41 33251
7 42 20726
7 43 22574
7 48 43011
8 12 34553
8 15 16997
8 16 53078
8 17 68078
8 18 18460
8 21 54087
8 24 47984
8 27 22259
8 32 30730
8 33 27204
8 34 10793
8 36 17790
8 38 38543
8 40 23355
8 46 58298
8 47 17016
9 11 10193
9 13 36738
9 15 53942
9 19 49400
9 21 54295
9 22 11374
9 28 67859
9 29 23553
9 34 53550
9 36 20288
9 37 59031
9 38 65352
9 39 55556
9 46 28338
10 11 39525
10 13 29431
10 14 43413
10 15 28159
10 16 32690
10 18 19330
10 19 16630
10 21 37271
10 24 65929
10 26 49300
10 29 58719
10 30 40105
10 34 48988
10 36 67147
10 39 19716
10 41 26346
10 46 33633
10 47 30923
11 13 62542
11 18 28321
11 21 43483
11 23 12045
11 25 49938
11 27 20448
11 32 21040
11 37 57495
11 40 25914
11 43 18829
11 44 63361
11 45 18101
11 46 45158
11 48 50444
12 16 57709
12 18 36195
12 21 28935
12 22 34574
12 23 54908
12 25 36076
12 26 19533
12 28 66820
12 35 45681
12 36 19628
12 41 61095
12 43 56382
12 44 42348
13 16 42340
13 17 13345
13 25 27856
13 26 48338
13 27 46926
13 28 37077
13 29 17993
13 31 50341
13 32 16532
13 34 69769
13 35 33106
13 36 50483
13 38 24663
13 46 63429
13 49 57737
14 16 42083
14 17 40494
14 21 38781
14 28 67947
14 29 47068
14 30 68242
14 34 29534
14 39 40068
14 44 23941
14 45 31412
14 46 23701
14 48 43337
14 49 56872
15 16 51096
15 17 17964
15 18 15440
15 19 56761
15 22 32225
15 32 41685
15 35 18709
15 42 57029
15 43 65525
15 46 61052
16 20 18914
16 21 32106
16 22 32869
16 23 59266
16 27 33310
16 28 69792
16 29 48904
16 31 51080
16 34 23801
16 35 23357
16 36 11506
16 37 31029
16 39 39944
16 40 19910
16 41 29990
16 42 12123
16 43 18287
17 19 33376
17 20 11195
17 22 61349
17 23 54933
17 26 39509
17 27 16517
17 28 60837
17 30 20827
17 33 14768
17 34 15781
17 42 24094
17 45 67488
17 48 37960
18 20 41941
18 21 37257
18 22 17920
18 28 40281
18 31 12259
18 33 64996
18 41 66517
18 42 62673
18 44 23413
18 46 67685
19 20 14568
19 28 46552
19 31 33745
19 37 47544
19 39 37309
19 40 42857
19 43 20257
19 45 58876
20 22 55483
20 23 35840
20 27 67410
20 30 60848
20 31 56632
20 32 17418
20 35 51570
20 38 66883
20 46 63607
20 47 50031
20 48 16279
21 26 50397
21 27 68188
21 32 43705
21 35 22557
21 36 32843
21 43 10220
21 45 44296
21 46 60432
22 25 61854
22 26 40559
22 27 57809
22 32 51379
22 33 66769
22 34 36075
22 35 23670
22 36 21997
22 38 50589
22 40 41022
22 44 34352
22 45 28666
22 47 29805
22 48 22038
23 24 69595
23 25 17740
23 27 11221
23 29 24892
23 34 39673
23 35 53075
23 36 36784
23 41 47809
23 42 33136
23 43 49651
23 49 12478
24 28 24857
24 29 66695
24 31 12721
24 33 17871
24 36 37096
24 38 51257
24 40 39900
24 42 54903
24 43 50439
24 48 14862
25 27 55276
25 28 61028
25 29 32561
25 36 41569
25 38 47869
25 39 28624
25 41 42493
25 43 58309
26 27 11963
26 30 25841
26 34 33290
26 35 54219
26 40 33197
26 46 28772
26 47 48849
26 48 38353
27 31 42981
27 32 54998
27 36 33966
27 37 12367
27 40 60674
27 42 49502
27 43 25943
27 49 38492
28 29 40137
28 38 57163
28 40 35882
28 43 43256
28 45 22758
28 48 38319
29 30 27144
29 33 12401
29 37 16355
29 38 15521
29 45 69416
29 46 68230
29 47 27480
29 48 10940
30 33 47233
30 35 17093
30 37 22114
30 39 47980
30 40 40919
30 43 58890
30 49 29765
31 32 68948
31 33 22186
31 34 29322
31 36 42908
31 38 50001
31 42 20452
31 45 36301
32 33 58057
32 35 39525
32 37 14825
32 38 69854
32 39 39218
32 40 68221
32 44 23524
32 45 69651
32 49 34457
33 37 31449
33 38 34705
33 39 31792
33 40 40914
33 41 45407
33 44 56380
33 47 35172
33 48 66043
34 35 65694
34 37 48145
34 39 33249
34 40 48296
34 43 10954
34 45 41536
34 46 64918
34 47 38302
34 49 61034
35 38 19076
35 39 34640
35 40 37225
35 43 44832
35 44 48766
35 46 27062
36 37 56304
36 39 67444
36 40 49172
36 41 48040
36 47 54255
36 49 21480
37 39 48599
37 41 27365
37 42 67645
37 46 60996
37 48 56873
37 49 37853
38 45 61730
38 49 14978
39 41 53577
39 42 53559
39 46 68030
40 47 66431
40 48 30111
40 49 56590
41 48 32431
41 49 11096
42 43 15938
42 49 53175
43 44 42633
43 48 44080
43 49 46481
44 45 66574
44 47 66054
46 48 29721
46 49 26997
47 48 63173
47 49 50796
