50 50 757
25000 25000 25000 25000 25000 25000 25000 25000 25000 25000 25000 25000 25000 25000 25000 25000 25000 25000 25000 25000 25000 25000 0 25000 25000 25000 25000 25000 25000 25000 25000 25000 25000 25000 25000 25000 25000 25000 25000 25000 25000 25000 25000 25000 25000 25000 25000 25000 25000 25000
2609 3292 6739 8933 6803 5984 10355 7650 8084 4246 5219 5776 6641 7816 4374 3847 5033 6429 6719 3660 7358 5396 5219 8345 4182 6387 7391 5542 5038 10349 6400 5558 6051 9568 3792 4898 9064 7159 11178 8697 4781 6033 6661 5299 8845 11656 9977 5301 8663 3947

2368 1148 3204 4509 4028 2752 5457 3845 4791 2504 2396 2628 3220 3859 1838 2266 2285 3117 3299 2596 3680 2582 2296 4205 1779 2994 5115 2491 2189 5399 3046 2499 2838 4940 1446 2351 4642 3507 6634 4369 2035 2890 3943 2607 5984 6919 5919 3574 4385 1538

38119 28711 4914 17161 44553 7030 26409 19622 50450 35490 13876 9147 14977 9987 21848 35330 20546 15111 25670 37312 29954 23679 9828 13734 19303 6568 57472 8895 11180 22957 12390 7341 15489 21294 21806 22713 18992 16657 67393 15523 12297 23856 48568 27686 66066 66973 59161 44864 16203 22621

94158 75406 32372 11548 94124 35112 29982 21024 105322 79267 29681 21275 20071 28595 64292 80186 47630 25921 53179 95094 61702 69206 23096 42165 48700 24701 135170 25118 40527 60515 47246 30416 52911 19804 61669 53847 15191 17163 141838 16712 34762 49569 105288 76944 142841 137025 121516 110118 12183 58878

1432 1277 1715 1883 566 1580 2152 1577 838 876 1061 1250 1363 1923 1524 955 1016 1318 949 1655 814 1789 1133 2087 1015 1583 2005 1269 1379 2512 1815 1381 1823 2008 1383 947 1901 1497 1685 1925 1108 908 1169 1798 2040 1600 1240 2003 1836 1237

29389 21549 6421 15994 35203 3514 23701 16197 40108 27663 10383 7483 12332 10627 15840 27251 15232 12444 20193 28704 23757 17769 7029 12654 13919 6260 45474 6253 6966 20326 9090 4947 10956 19446 15805 17035 17517 13730 54202 15093 8371 18684 38375 21102 52622 53852 47354 34986 15197 16483

181956 151443 81972 45118 179349 86890 28499 43134 199791 153664 65767 58805 48555 75277 138615 155294 97584 53176 107361 187467 122469 147325 56998 99391 102384 68433 259515 65619 96429 131920 108338 78565 118381 37594 126439 108605 40319 50569 262507 54213 78328 100962 199791 160389 266358 256048 228497 214099 46244 120958

70158 56137 33391 20160 68960 32030 26544 6370 78353 57158 16770 13571 8861 34044 51550 57907 31390 10985 35882 72690 42824 57376 12741 45125 33595 25346 105796 16702 32220 60071 42892 24339 46527 21820 44649 36454 21085 12128 107171 24366 22542 32942 78353 60248 108940 104203 91544 84928 20704 42130

1719 1555 2020 2186 797 1877 2480 1869 697 1127 1324 1525 1646 2242 1817 1211 1359 1593 1205 1956 1061 2099 1395 2416 1275 1880 1940 1538 1663 2869 2127 1665 2135 2327 1668 1203 2218 1789 1599 2239 1374 1156 1050 2109 1977 1509 1125 2149 2144 1511

1038 879 1459 1709 1024 1320 1995 1402 1305 464 869 1050 1181 1674 1133 546 738 1134 1066 1268 1206 1406 928 1875 768 1323 1950 999 1145 2314 1562 1115 1500 1846 988 667 1736 1318 1983 1748 832 916 1087 1416 1986 2088 1720 1628 1668 837

282030 211282 141015 156813 275986 123980 205925 104130 324205 216434 12638 46089 66146 165880 198300 220212 86408 58178 109075 294806 144106 241573 25277 212999 97536 105504 461992 48149 106122 288418 178793 81738 185456 180442 162789 111960 161484 89774 468792 165811 55499 94239 323380 245901 477721 453818 389938 356556 149807 140603

50691 38013 17684 20961 51754 16554 32069 15322 59686 41572 8429 1231 9073 20938 32781 41335 20566 9254 24295 52228 30058 37595 2463 29549 19775 11074 79235 3830 16712 41956 25571 10170 28589 26227 28724 24385 23131 11333 83247 20927 10350 21854 59166 41335 84557 81009 70500 62387 19673 26656

87703 68425 38207 29484 86090 36375 42477 15319 98955 70203 15832 11526 5185 43485 62653 71210 35513 11563 41561 91111 50906 70496 10371 57448 38482 27377 135275 15741 36631 77569 50998 26021 55891 35788 53362 42330 30731 11599 137529 32581 23565 37602 98735 74362 139911 133534 116492 107586 27615 49972

8994 7014 1953 3076 10270 2400 5044 4089 11525 8342 3428 2289 3530 1217 5553 8308 5162 3558 5938 8844 6878 5947 2434 2672 4897 1741 13134 2275 3283 4634 3544 2352 4204 3955 5544 5623 3465 3423 15131 2520 3406 5551 11125 6799 14963 15041 13379 10451 2868 5718

22109 13806 17181 27575 34163 13983 36054 25399 39559 23393 16297 15828 21148 21809 7310 21709 15513 20779 22678 21463 25368 12569 14621 24038 11931 16866 39913 14091 11169 32479 15843 13360 14375 31372 9640 15974 29250 22701 52897 26598 12776 19787 33563 13114 48346 54681 47531 28374 26698 11815

16807 14001 25640 30561 19556 22905 35602 25154 24505 9679 15763 18421 21255 29433 18478 8135 13451 20437 19232 20868 21699 23300 16271 32126 12619 23236 35094 17533 19253 39867 26303 19556 24957 32986 15933 12196 31041 23680 36455 30709 14579 16581 19881 23476 36497 38302 31816 27205 29842 13261

10299 7390 7031 8472 10011 6048 10492 6305 12559 6963 2542 3918 4743 8551 6856 7119 1531 4415 4164 10825 5152 8788 3062 9992 2712 6068 17458 3782 5031 13093 7754 4593 8294 9443 5401 2666 8664 5714 17692 8842 2599 3101 11362 8989 17709 17551 14924 13365 8184 4483

175305 136474 78453 73100 171987 74683 92515 36644 198000 139301 27445 23562 23034 89311 126332 141375 67935 11423 80376 182317 99603 144881 22846 118038 74042 56173 274079 32233 75211 159433 104768 53383 114834 79433 107218 81959 75663 36305 280374 79396 45918 72233 198000 150423 282712 269592 234531 216209 69254 97680

14104 10872 9452 10186 10309 8668 12441 7754 12529 10040 3542 5082 6005 10597 10274 10214 4313 5638 2061 14718 4237 12438 4123 12767 5635 7817 21789 5177 8073 16239 11122 6723 11726 11267 8646 5230 10401 7099 19186 10594 5350 2795 14964 12662 22071 18497 15556 17561 9863 7618

4719 4738 8597 11897 10320 7583 14113 10500 12031 6905 7254 7875 9152 10064 5467 6371 7005 8870 9277 3656 10130 6729 7312 10878 5869 8497 9506 7622 6695 13554 8172 7390 7707 13238 5406 7151 12428 9845 15675 11583 6547 8360 10130 5845 12180 16314 14559 5847 11614 5613

2204 1718 1581 1691 1302 1463 2030 1326 1635 1593 693 924 1063 1760 1628 1619 733 1008 555 2296 390 1953 780 2079 931 1335 3066 939 1298 2600 1756 1171 1846 1853 1384 871 1722 1227 2673 1752 889 505 2041 1987 3108 2532 2090 2723 1643 1229

33087 23443 23170 37575 50155 19559 48702 36072 57236 36022 26166 23493 30494 29263 14919 33813 25682 30655 35084 31815 38614 11166 22333 29102 20982 23524 56025 21214 17380 40178 17905 20255 15978 42538 17975 26288 39775 32512 74738 35911 21002 31291 49368 15978 67091 77038 67697 40884 36405 20830

29547 21819 12087 14277 30208 10393 19877 9670 34960 23989 3801 2252 5847 14071 19650 23844 11199 6260 13471 30993 16984 22873 0 19319 10703 8017 46945 2293 10145 26881 15889 6157 17728 16757 16158 13513 14856 7665 50147 14257 4959 11984 34713 24051 50189 48040 41634 36675 13492 14897

19258 15154 4883 8660 22473 5240 12851 10822 25140 18677 8930 6798 9435 4715 11943 18148 11947 9496 14265 19106 16203 11616 7106 3553 10898 5631 28226 6684 7117 7725 6509 5973 7911 10537 11924 12593 9496 9405 33421 7486 7881 13444 24198 13429 31946 32615 29081 22522 8227 12293

32600 22120 24063 31410 36263 20115 39682 24603 43406 26098 11050 13644 18976 29538 20197 24684 10012 17796 19495 34493 23056 27157 10541 33424 5270 20594 59259 12362 14845 44597 26668 15282 26495 35297 14936 10622 32488 21866 64743 31379 8099 15669 41636 27879 64804 63420 53958 43640 30250 11650

19133 14415 4124 7502 21736 4258 12148 8180 24693 17191 5611 2952 5851 5337 11613 17111 9697 5918 11525 19369 13673 12852 3268 8547 9073 1634 29479 2801 5623 13172 7620 3075 8745 9583 10952 10784 8420 6693 33190 6967 5560 10615 23935 14794 33148 32667 28750 23156 7022 11361

175156 190444 281463 355282 238383 258749 406770 325852 225170 205569 253234 264755 294457 314332 211356 210756 242970 289434 287742 170788 273327 239639 248102 332568 222222 279224 124051 257875 238875 392519 271962 254436 261534 380835 205405 233251 365874 308872 262243 348348 234998 267212 177231 219819 183947 276549 279934 151733 352989 210046

31417 23339 11056 15023 33379 9282 22113 11424 38298 25597 5582 2430 7436 13292 19279 25460 12766 7551 15708 32571 19387 22351 1601 18629 11698 6794 49650 800 9022 26549 15038 4846 16963 18384 18146 14626 16408 8878 52990 15002 5683 14150 36827 24738 53033 52629 45921 39055 14201 16091

22292 15532 8585 15815 27305 6079 22449 14122 31534 21286 7458 6609 10790 12212 11525 20448 11037 10887 16351 22629 18460 14092 5916 13959 8953 7422 37089 5247 2958 20575 9380 4675 9917 18779 10579 12122 17129 11995 44699 15038 5121 14086 30040 16086 42325 43386 37782 28046 15128 11164

35887 29205 12480 18630 41122 13061 25455 22151 45465 34940 19069 15598 19892 12207 23976 34080 23982 19991 27757 35640 30912 23444 16099 10314 22275 13699 50490 15413 16118 8049 15128 14256 17411 21687 23945 25034 19991 19843 58502 16718 17362 26420 43931 26395 56547 57636 51882 41202 17925 24545

12035 8916 3727 7937 15528 2988 11116 8229 17556 12413 5826 4628 6632 5471 6476 11884 7270 6678 9817 11792 10828 6101 4440 5425 6843 4123 18722 4120 3693 8596 2220 3580 3285 9358 7288 8021 8567 7210 23593 7374 4435 8731 16331 7478 21757 23235 20550 14388 7608 8162

16816 12300 4673 8907 19038 3674 13346 7880 21863 14695 4330 2861 5655 6838 9623 14610 7526 5719 9982 17041 12034 11338 2398 8891 6931 3300 26701 1952 3900 13310 6886 1199 7961 10895 8991 8573 9784 6460 29982 8388 3574 9112 21992 12670 30199 29780 26037 20660 8448 9382

33291 24043 13451 25678 45466 10386 35106 25927 51477 34720 17347 15249 21192 18623 16808 32845 22433 21329 29985 32571 32982 15695 14693 18486 19385 13751 53121 13742 10951 27888 8982 12141 7346 30148 19402 23889 27802 22904 67566 24266 14025 26766 46032 19779 62514 69570 61607 40269 24685 21808

946126 772783 372672 171891 941607 399465 229188 203364 1052973 801673 322800 261306 229995 336196 681269 810550 496143 258078 549405 987768 631719 728398 261790 467575 512606 298912 1361570 298428 451435 644793 516318 354111 575875 130895 640112 556184 145421 201588 1394657 221440 377998 514543 1052973 803126 1415639 1359472 1209370 1121245 178024 610899

11074 6516 9745 14620 17265 8055 18070 12049 20125 11582 7198 7592 9802 12191 5780 10692 6792 9607 10578 11927 12000 8559 6353 13369 4891 8961 21336 7495 5951 17830 10200 7109 9514 16229 3176 7028 15116 10875 27174 14096 5378 9051 16956 8848 24582 28075 24330 15579 14222 4326

15829 11730 12055 14909 14887 10463 18181 11400 18098 9950 5307 7379 8870 14516 10865 10202 3806 8340 7557 17293 9159 13994 5984 16447 4154 10495 26946 6793 8459 21470 13235 8116 13697 16483 8500 2992 15221 10444 27326 15353 4886 5837 17073 14319 27353 27097 22842 21406 14443 7022

260549 211357 97602 40426 259264 105128 73603 59561 291477 219479 83331 65940 56946 87232 185247 222003 132614 73007 147849 269818 171160 198738 65986 124584 137295 76540 378755 76494 119995 174969 138442 92233 155375 45566 173638 149685 32993 48961 388070 54606 99025 137846 290926 219984 394035 378067 335391 310337 42170 165240

137814 108160 60774 37261 137095 58008 63568 27330 156514 113056 30982 20497 15076 61549 97731 114578 60691 24757 69875 142959 83983 109515 20525 84066 63513 44425 209073 26860 58395 114439 80082 42378 87468 46721 85421 70981 39142 10262 214743 41936 40442 63900 156127 117123 218284 208713 182987 167828 34439 80359

45190 41683 54470 59493 29821 51403 65177 52117 27688 32544 40378 44494 47243 59211 47631 34351 38581 46820 37823 48504 35461 53659 42775 64357 39250 51465 40960 44335 48318 73399 57395 46882 55712 61907 44450 37012 59475 50292 21387 60630 40660 36889 30385 54285 34060 23696 24243 45428 59070 41092

22574 17974 7146 4104 23542 8089 8618 6428 26371 19848 7822 5211 5621 5744 15256 19762 12226 7047 13579 22804 15670 16305 5658 9081 11939 5543 32644 6154 9417 13583 10795 6937 12308 6121 14604 13612 4997 4907 35329 2829 8519 12693 26231 18261 35444 34157 30344 26490 3636 14436

80057 56481 38011 53182 85773 30699 70728 39587 100523 63100 15801 16494 27925 49316 49862 62659 25677 26917 44210 82915 51564 61965 10086 58183 22567 30846 133135 13847 23134 81255 43390 19877 47404 61209 39209 31140 55409 33472 142906 53119 5043 36309 95817 63289 143032 141855 122313 103360 50787 35364

58028 43758 39723 42962 45043 36260 52917 32225 54677 40086 13627 20427 24504 44777 41119 40854 14800 22884 13348 60736 18235 50669 16196 54356 20636 32504 91957 20846 31401 69686 44861 27673 47528 47737 33928 18849 43884 29335 84235 44763 19379 8098 61825 51661 93199 81191 68206 73289 41538 29391

11687 10319 16111 18256 9625 14832 20714 15620 8793 7559 11041 12598 13719 17960 12502 7885 9913 13320 12732 13667 11825 14853 11550 19329 10071 15090 13193 12158 13052 23103 16310 14031 15654 19439 11261 9301 18490 14901 14420 18590 10725 11440 5775 15097 13994 15320 12357 14935 17905 9951

19812 14312 16981 25818 30875 14743 32575 23312 35262 22118 16250 16268 19856 20756 9331 20750 16000 19556 21825 17087 24012 9543 14550 20656 13087 17100 32087 14856 12481 27518 13718 14262 12525 28893 11225 16375 27181 21506 46393 24875 13050 19475 30675 7275 38943 47856 42043 22706 25093 12993

107792 115691 168663 190737 120397 157010 210766 169251 113618 103562 131938 144628 153760 185526 134768 109304 122750 150511 145721 113954 138325 149278 136084 193650 124879 163256 89976 141042 142499 224408 164573 150483 160511 200373 123367 117764 192641 163396 108212 193454 129361 135188 93057 139110 68042 115551 117288 104178 187935 125748

50320 46673 57109 60151 29943 53921 66703 53124 27725 37172 40919 45381 48057 62039 52583 39050 40589 46994 38262 53765 35074 58814 42605 65905 40553 53307 45922 46572 49175 75966 59473 49220 61003 63303 49184 38958 60774 51227 25572 61352 42752 37291 34927 59519 38748 21302 24143 50567 59235 45803

13547 12443 15576 16502 7348 14610 18481 14368 6676 9565 10672 12024 12834 17069 14205 10134 10572 12512 9867 15145 8902 16103 11183 18240 10561 14424 14940 12384 13172 21287 16292 13186 16755 17451 13197 10078 16686 13794 8777 16860 11227 9573 9046 16305 12767 8172 5591 17640 16219 12151

1568 1572 2542 3371 2975 2287 3928 3020 3140 2117 2205 2361 2682 2911 1756 1983 2142 2611 2713 1300 2927 2073 2174 3115 1857 2517 2006 2297 2064 3788 2435 2239 2318 3664 1740 2179 3495 2856 3556 3292 2072 2483 2603 1850 2678 3717 4040 1087 3300 1792

101089 81178 34056 14036 101528 37057 34221 24448 114155 85625 31329 21905 20807 29883 69009 86632 50983 27212 57059 102699 66392 74352 23899 44780 51935 25656 147937 26114 42986 64873 50343 31915 56510 23076 66429 57791 18025 17622 155129 16909 36673 53106 114118 82825 155275 148907 131888 119151 11949 63080

7969 4856 7095 9693 10916 5941 11999 7886 12864 7029 4190 4847 6351 8766 4903 6421 3907 6030 6493 8552 7464 6801 4001 9570 2614 6560 14979 4498 4503 12617 7978 5294 7448 10753 3124 4073 9987 7090 17673 9684 3335 5450 10694 6998 17196 18323 15742 11047 9376 2000

0 1 18765
0 3 69276
0 4 61920
0 5 69073
0 7 16848
0 9 66410
0 10 27020
0 11 11828
0 12 36414
0 13 63679
0 14 57331
0 17 38052
0 19 69727
0 20 33308
0 22 68940
0 23 43010
0 24 36453
0 26 38665
0 29 28607
0 30 46865
0 31 37615
0 32 39773
0 33 39553
0 35 38427
0 36 35042
0 39 19433
0 40 60488
0 42 69850
0 43 31744
0 45 36761
0 47 11798
0 48 25479
1 2 53094
1 4 29434
1 5 21589
1 6 65218
1 7 21552
1 8 51646
1 11 56519
1 13 56370
1 15 66609
1 16 62312
1 17 55524
1 18 48869
1 19 55478
1 22 44400
1 24 55989
1 25 14726
1 27 32421
1 29 23198
1 30 54145
1 32 16867
1 37 58265
1 38 29563
1 43 57757
1 44 60455
1 48 56544
1 49 10764
2 3 26069
2 4 30191
2 6 25077
2 7 34065
2 9 61306
2 10 21528
2 11 66883
2 12 53250
2 13 13898
2 14 36034
2 15 54276
2 19 58407
2 21 27517
2 22 15425
2 24 43495
2 26 67560
2 27 65255
2 28 64676
2 29 51995
2 30 68150
2 31 16187
2 32 65418
2 33 28286
2 35 30148
2 37 18555
2 41 65810
2 43 39305
2 44 68334
2 45 12980
2 47 44008
3 4 21227
3 5 54458
3 6 17445
3 7 17913
3 8 47608
3 9 27014
3 10 22969
3 13 41539
3 15 67882
3 18 17952
3 19 59805
3 20 40843
3 22 19114
3 24 63573
3 25 28995
3 26 34353
3 27 10565
3 29 23448
3 30 15959
3 34 15363
3 36 69219
3 37 27537
3 39 40277
3 42 58716
3 46 46695
3 47 54593
3 48 52164
3 49 17739
4 6 60050
4 8 50252
4 9 69352
4 10 36765
4 11 22637
4 12 40978
4 13 24579
4 14 46434
4 15 69296
4 17 27938
4 19 69536
4 20 33364
4 21 57482
4 23 41636
4 24 61402
4 25 47758
4 26 58625
4 28 57197
4 31 28179
4 34 30367
4 37 45045
4 39 20934
4 40 23641
4 44 63968
4 45 69461
4 46 42712
4 47 18219
4 48 18797
5 6 27502
5 7 38423
5 8 54106
5 9 47506
5 11 46304
5 12 10371
5 13 57193
5 14 26573
5 18 37874
5 20 33820
5 21 54447
5 26 57099
5 27 58217
5 28 13264
5 29 51744
5 31 64400
5 32 57621
5 33 37929
5 34 60258
5 35 66748
5 36 54700
5 37 35960
5 38 34795
5 39 62848
5 40 63551
5 41 59697
5 42 19544
5 43 47915
5 44 22119
5 45 18231
5 46 59123
5 47 67333
5 49 35262
6 7 36575
6 8 42687
6 10 20014
6 13 63521
6 14 17995
6 17 46770
6 18 52899
6 19 52852
6 21 61084
6 22 15682
6 23 55299
6 25 56914
6 26 42960
6 27 50108
6 28 25765
6 29 36041
6 33 19278
6 34 44842
6 36 13911
6 37 44443
6 41 31909
6 43 17209
6 44 60653
6 45 69236
6 46 49464
6 47 62838
6 48 39466
6 49 25226
7 8 24793
7 9 26379
7 10 64441
7 12 68353
7 13 38331
7 14 22569
7 17 15075
7 18 51688
7 20 22163
7 21 33259
7 22 58175
7 25 21328
7 26 34743
7 27 44387
7 28 10253
7 30 64141
7 31 42155
7 32 35002
7 33 64511
7 35 45938
7 36 47243
7 38 59406
7 39 42570
7 40 52539
7 41 63299
7 42 46348
7 43 23980
7 44 65177
7 45 49074
7 47 43216
7 48 67139
8 9 51863
8 10 28621
8 11 48842
8 12 24662
8 13 47596
8 15 20166
8 16 47629
8 19 57886
8 20 14494
8 21 29778
8 24 10934
8 25 46731
8 26 57391
8 29 23303
8 30 15489
8 32 16215
8 33 35143
8 35 69302
8 36 39946
8 37 39448
8 38 37712
8 39 54539
8 41 36673
8 42 69883
8 44 44308
8 45 61743
8 46 42413
8 48 24254
8 49 51730
9 19 23767
9 22 10842
9 23 11332
9 25 29707
9 26 59945
9 27 56330
9 28 44239
9 29 60254
9 30 37068
9 31 31668
9 32 25209
9 34 67736
9 36 53375
9 37 20340
9 38 66525
9 39 43920
9 40 32682
9 42 28742
9 43 64215
9 46 41159
9 47 24067
9 48 53510
9 49 64025
10 11 23964
10 12 65149
10 13 20678
10 14 41427
10 15 24766
10 16 20572
10 17 48426
10 19 19871
10 20 63893
10 22 60813
10 23 18797
10 28 31619
10 29 41783
10 31 36932
10 33 41358
10 36 45920
10 37 32240
10 38 23029
10 41 37636
10 42 47839
10 44 32989
10 45 64849
10 46 57456
10 47 53825
10 49 29408
11 12 17188
11 15 37162
11 16 34670
11 17 56034
11 18 40132
11 23 66229
11 24 53092
11 25 39099
11 26 14870
11 27 33674
11 28 45129
11 29 27248
11 34 49335
11 35 37693
11 36 19587
11 37 13620
11 38 11847
11 39 33125
11 41 29354
11 42 54714
11 43 15326
11 45 42983
11 47 54464
11 48 27540
11 49 58735
12 15 67663
12 19 24697
12 20 60507
12 21 28620
12 24 19338
12 25 14957
12 26 14568
12 27 48365
12 28 69553
12 30 19055
12 32 44142
12 33 54770
12 34 11245
12 37 17703
12 39 68211
12 47 35303
12 48 66026
12 49 66709
13 14 28678
13 16 37579
13 17 25129
13 19 56196
13 21 28233
13 22 33596
13 23 31637
13 25 60222
13 28 42945
13 29 42833
13 30 30992
13 31 24620
13 32 47142
13 33 35483
13 35 56986
13 36 18391
13 39 19152
13 40 38824
13 42 60461
13 43 39013
13 44 52671
13 45 66084
13 46 53498
13 49 20480
14 17 60839
14 18 52104
14 21 46461
14 23 63611
14 26 34287
14 27 59249
14 30 60571
14 32 52539
14 33 17638
14 35 28119
14 37 52094
14 39 10550
14 40 68099
14 41 32019
14 44 16615
14 45 24418
14 47 13667
14 49 19951
15 16 54234
15 17 34616
15 20 57136
15 24 38805
15 25 56130
15 26 50914
15 28 18695
15 29 62013
15 30 14801
15 33 56450
15 34 56868
15 35 66146
15 37 67114
15 38 64089
15 40 54871
15 42 40451
15 43 45630
15 45 62897
15 49 29128
16 18 11911
16 20 58361
16 21 43036
16 23 50490
16 24 22206
16 25 22981
16 28 60608
16 29 14655
16 33 53461
16 35 55054
16 36 37601
16 38 15864
16 39 17694
16 40 35778
16 41 38043
16 42 67572
16 43 39428
16 46 54723
16 47 25786
16 48 61481
17 18 35422
17 19 67331
17 21 28737
17 23 19750
17 27 59340
17 28 63396
17 30 60969
17 31 28067
17 32 26941
17 35 45383
17 36 28897
17 41 14064
17 42 63302
17 45 49779
17 46 65987
17 48 37404
17 49 17714
18 22 49441
18 24 36794
18 25 39091
18 27 69941
18 29 41265
18 30 39079
18 32 26590
18 33 19253
18 34 39343
18 35 35166
18 36 18997
18 37 37387
18 38 34171
18 39 69152
18 41 62860
18 42 52900
18 44 57244
18 45 45251
18 46 15862
18 47 64042
18 48 64351
19 20 49956
19 21 50503
19 23 10177
19 26 18292
19 27 66042
19 28 46368
19 29 46656
19 30 59099
19 33 32259
19 35 38121
19 36 65348
19 37 44148
19 38 43031
19 39 12038
19 40 22006
19 42 65257
19 44 13549
19 49 10353
20 21 55320
20 22 61439
20 24 40382
20 25 24749
20 26 41022
20 27 54327
20 28 32356
20 31 56789
20 32 12307
20 33 44151
20 34 31947
20 35 69014
20 39 15712
20 40 44013
20 41 61275
20 42 13885
20 45 44323
20 46 68391
20 48 43175
20 49 69313
21 22 64431
21 23 12011
21 24 20612
21 26 19626
21 28 51213
21 29 64662
21 31 61814
21 32 12959
21 33 62698
21 34 19764
21 36 18155
21 37 36486
21 38 40474
21 39 47647
21 41 26010
21 42 60736
21 43 34473
21 44 12275
21 45 27927
21 46 18085
21 48 46251
21 49 29505
22 23 20848
22 24 28067
22 25 59973
22 28 30257
22 30 44256
22 33 29549
22 36 48889
22 38 43168
22 39 51882
22 40 45988
22 41 53719
22 42 12789
22 43 52403
22 44 55140
22 45 69782
22 46 11540
22 47 25215
23 24 17942
23 25 34472
23 33 10526
23 34 30848
23 35 30519
23 36 44153
23 37 21448
23 38 22931
23 40 49696
23 41 13887
23 43 20886
23 45 18152
23 46 11686
23 49 23774
24 26 68634
24 27 37779
24 28 46039
24 29 34879
24 30 26089
24 31 27905
24 33 35400
24 34 17276
24 38 26166
24 41 41455
24 44 25864
24 47 57507
24 48 56684
24 49 17316
25 26 20090
25 27 10594
25 28 15131
25 30 60200
25 31 21739
25 32 17981
25 33 69050
25 35 62228
25 38 43113
25 39 47391
25 41 34898
25 42 23839
25 43 24335
25 45 24093
25 46 25585
25 48 31684
25 49 28283
26 27 62308
26 31 19095
26 32 59571
26 34 32685
26 35 14592
26 36 19348
26 37 51352
26 38 16990
26 41 56132
26 42 43813
26 47 51625
26 48 12098
27 28 52464
27 30 42035
27 33 15899
27 34 51758
27 35 55077
27 36 61139
27 38 38785
27 39 27633
27 41 69341
27 42 62312
27 43 48515
27 44 56617
27 46 44119
27 47 46829
27 48 54169
28 29 25241
28 30 41790
28 33 42813
28 35 14314
28 36 18288
28 40 64827
28 42 43342
28 43 57434
28 44 24011
28 47 25818
28 49 18373
29 32 45203
29 33 43383
29 34 33130
29 35 58683
29 37 56983
29 38 18412
29 39 50765
29 41 60460
29 43 27120
29 44 64429
29 45 28381
29 46 28876
29 48 67080
30 31 42283
30 32 18520
30 33 63707
30 35 33852
30 36 38671
30 40 56500
30 41 27368
30 42 65259
30 43 37571
30 44 16754
30 45 46288
30 47 41262
30 49 16399
31 33 24919
31 35 41165
31 36 28579
31 42 40600
31 44 40630
31 47 67094
31 48 66857
31 49 31279
32 34 53989
32 35 57396
32 38 62389
32 44 17461
32 45 69251
32 46 37959
32 47 27146
32 48 52452
32 49 19494
33 35 52703
33 36 20267
33 37 16631
33 39 40379
33 40 59468
33 41 61036
33 43 12167
33 45 34359
33 46 52200
33 47 69271
33 48 45009
33 49 31452
34 35 32460
34 36 43361
34 38 68995
34 39 60677
34 40 38675
34 43 39236
34 44 64711
34 47 49231
34 49 69411
35 36 43905
35 39 37804
35 40 12728
35 41 57994
35 46 15025
35 47 51157
35 48 28475
35 49 60381
36 37 25895
36 38 55568
36 39 18828
36 40 33067
36 42 43324
36 44 28591
36 46 31319
36 47 54059
36 49 68406
37 39 49783
37 41 34576
37 42 27878
37 48 39734
37 49 68670
38 41 43951
38 44 17954
38 47 68370
39 40 16723
39 42 26121
39 43 20083
39 45 22457
39 47 46751
39 49 10792
40 41 50111
40 42 60394
40 43 19201
40 44 21795
40 47 55520
40 48 48409
41 42 31484
41 44 47605
41 45 20607
41 46 24179
42 43 61811
42 45 20210
42 46 56977
42 47 16542
43 44 59685
43 45 51913
43 46 26542
43 47 46552
43 48 51806
44 45 29411
44 48 24020
44 49 25804
45 46 15251
45 49 40530
46 47 28245
47 49 27627
48 49 60709
