50 50 1225
25000 25000 25000 25000 25000 25000 25000 25000 25000 25000 25000 25000 25000 25000 25000 25000 25000 25000 25000 25000 25000 25000 0 25000 25000 25000 25000 25000 25000 25000 25000 25000 25000 25000 25000 25000 25000 25000 25000 25000 25000 25000 25000 25000 25000 25000 25000 25000 25000 25000
2609 3292 6739 8933 6803 5984 10355 7650 8084 4246 5219 5776 6641 7816 4374 3847 5033 6429 6719 3660 7358 5396 5219 8345 4182 6387 7391 5542 5038 10349 6400 5558 6051 9568 3792 4898 9064 7159 11178 8697 4781 6033 6661 5299 8845 11656 9977 5301 8663 3947

2368 1148 3204 4509 4028 2752 5457 3845 4791 2504 2396 2628 3220 3859 1838 2266 2285 3117 3299 2596 3680 2582 2296 4205 1779 2994 5115 2491 2189 5399 3046 2499 2838 4940 1446 2351 4642 3507 6634 4369 2035 2890 3943 2607 5984 6919 5919 3574 4385 1538

38119 28711 4914 17161 44553 7030 26409 19622 50450 35490 13876 9147 14977 9987 21848 35330 20546 15111 25670 37312 29954 23679 9828 13734 19303 6568 57472 8895 11180 22957 12390 7341 15489 21294 21806 22713 18992 16657 67393 15523 12297 23856 48568 27686 66066 66973 59161 44864 16203 22621

94158 75406 32372 11548 94124 35112 29982 21024 105322 79267 29681 21275 20071 28595 64292 80186 47630 25921 53179 95094 61702 69206 23096 42165 48700 24701 135170 25118 40527 60515 47246 30416 52911 19804 61669 53847 15191 17163 141838 16712 34762 49569 105288 76944 142841 137025 121516 110118 12183 58878

1432 1277 1715 1883 566 1580 2152 1577 838 876 1061 1250 1363 1923 1524 955 1016 1318 949 1655 814 1789 1133 2087 1015 1583 2005 1269 1379 2512 1815 1381 1823 2008 1383 947 1901 1497 1685 1925 1108 908 1169 1798 2040 1600 1240 2003 1836 1237

29389 21549 6421 15994 35203 3514 23701 16197 40108 27663 10383 7483 12332 10627 15840 27251 15232 12444 20193 28704 23757 17769 7029 12654 13919 6260 45474 6253 6966 20326 9090 4947 10956 19446 15805 17035 17517 13730 54202 15093 8371 18684 38375 21102 52622 53852 47354 34986 15197 16483

181956 151443 81972 45118 179349 86890 28499 43134 199791 153664 65767 58805 48555 75277 138615 155294 97584 53176 107361 187467 122469 147325 56998 99391 102384 68433 259515 65619 96429 131920 108338 78565 118381 37594 126439 108605 40319 50569 262507 54213 78328 100962 199791 160389 266358 256048 228497 214099 46244 120958

70158 56137 33391 20160 68960 32030 26544 6370 78353 57158 16770 13571 8861 34044 51550 57907 31390 10985 35882 72690 42824 57376 12741 45125 33595 25346 105796 16702 32220 60071 42892 24339 46527 21820 44649 36454 21085 12128 107171 24366 22542 32942 78353 60248 108940 104203 91544 84928 20704 42130

1719 1555 2020 2186 797 1877 2480 1869 697 1127 1324 1525 1646 2242 1817 1211 1359 1593 1205 1956 1061 2099 1395 2416 1275 1880 1940 1538 1663 2869 2127 1665 2135 2327 1668 1203 2218 1789 1599 2239 1374 1156 1050 2109 1977 1509 1125 2149 2144 1511

1038 879 1459 1709 1024 1320 1995 1402 1305 464 869 1050 1181 1674 1133 546 738 1134 1066 1268 1206 1406 928 1875 768 1323 1950 999 1145 2314 1562 1115 1500 1846 988 667 1736 1318 1983 1748 832 916 1087 1416 1986 2088 1720 1628 1668 837

282030 211282 141015 156813 275986 123980 205925 104130 324205 216434 12638 46089 66146 165880 198300 220212 86408 58178 109075 294806 144106 241573 25277 212999 97536 105504 461992 48149 106122 288418 178793 81738 185456 180442 162789 111960 161484 89774 468792 165811 55499 94239 323380 245901 477721 453818 389938 356556 149807 140603

50691 38013 17684 20961 51754 16554 32069 15322 59686 41572 8429 1231 9073 20938 32781 41335 20566 9254 24295 52228 30058 37595 2463 29549 19775 11074 79235 3830 16712 41956 25571 10170 28589 26227 28724 24385 23131 11333 83247 20927 10350 21854 59166 41335 84557 81009 70500 62387 19673 26656

87703 68425 38207 29484 86090 36375 42477 15319 98955 70203 15832 11526 5185 43485 62653 71210 35513 11563 41561 91111 50906 70496 10371 57448 38482 27377 135275 15741 36631 77569 50998 26021 55891 35788 53362 42330 30731 11599 137529 32581 23565 37602 98735 74362 139911 133534 116492 107586 27615 49972

8994 7014 1953 3076 10270 2400 5044 4089 11525 8342 3428 2289 3530 1217 5553 8308 5162 3558 5938 8844 6878 5947 2434 2672 4897 1741 13134 2275 3283 4634 3544 2352 4204 3955 5544 5623 3465 3423 15131 2520 3406 5551 11125 6799 14963 15041 13379 10451 2868 5718

22109 13806 17181 27575 34163 13983 36054 25399 39559 23393 16297 15828 21148 21809 7310 21709 15513 20779 22678 21463 25368 12569 14621 24038 11931 16866 39913 14091 11169 32479 15843 13360 14375 31372 9640 15974 29250 22701 52897 26598 12776 19787 33563 13114 48346 54681 47531 28374 26698 11815

16807 14001 25640 30561 19556 22905 35602 25154 24505 9679 15763 18421 21255 29433 18478 8135 13451 20437 19232 20868 21699 23300 16271 32126 12619 23236 35094 17533 19253 39867 26303 19556 24957 32986 15933 12196 31041 23680 36455 30709 14579 16581 19881 23476 36497 38302 31816 27205 29842 13261

10299 7390 7031 8472 10011 6048 10492 6305 12559 6963 2542 3918 4743 8551 6856 7119 1531 4415 4164 10825 5152 8788 3062 9992 2712 6068 17458 3782 5031 13093 7754 4593 8294 9443 5401 2666 8664 5714 17692 8842 2599 3101 11362 8989 17709 17551 14924 13365 8184 4483

175305 136474 78453 73100 171987 74683 92515 36644 198000 139301 27445 23562 23034 89311 126332 141375 67935 11423 80376 182317 99603 144881 22846 118038 74042 56173 274079 32233 75211 159433 104768 53383 114834 79433 107218 81959 75663 36305 280374 79396 45918 72233 198000 150423 282712 269592 234531 216209 69254 97680

14104 10872 9452 10186 10309 8668 12441 7754 12529 10040 3542 5082 6005 10597 10274 10214 4313 5638 2061 14718 4237 12438 4123 12767 5635 7817 21789 5177 8073 16239 11122 6723 11726 11267 8646 5230 10401 7099 19186 10594 5350 2795 14964 12662 22071 18497 15556 17561 9863 7618

4719 4738 8597 11897 10320 7583 14113 10500 12031 6905 7254 7875 9152 10064 5467 6371 7005 8870 9277 3656 10130 6729 7312 10878 5869 8497 9506 7622 6695 13554 8172 7390 7707 13238 5406 7151 12428 9845 15675 11583 6547 8360 10130 5845 12180 16314 14559 5847 11614 5613

2204 1718 1581 1691 1302 1463 2030 1326 1635 1593 693 924 1063 1760 1628 1619 733 1008 555 2296 390 1953 780 2079 931 1335 3066 939 1298 2600 1756 1171 1846 1853 1384 871 1722 1227 2673 1752 889 505 2041 1987 3108 2532 2090 2723 1643 1229

33087 23443 23170 37575 50155 19559 48702 36072 57236 36022 26166 23493 30494 29263 14919 33813 25682 30655 35084 31815 38614 11166 22333 29102 20982 23524 56025 21214 17380 40178 17905 20255 15978 42538 17975 26288 39775 32512 74738 35911 21002 31291 49368 15978 67091 77038 67697 40884 36405 20830

29547 21819 12087 14277 30208 10393 19877 9670 34960 23989 3801 2252 5847 14071 19650 23844 11199 6260 13471 30993 16984 22873 0 19319 10703 8017 46945 2293 10145 26881 15889 6157 17728 16757 16158 13513 14856 7665 50147 14257 4959 11984 34713 24051 50189 48040 41634 36675 13492 14897

19258 15154 4883 8660 22473 5240 12851 10822 25140 18677 8930 6798 9435 4715 11943 18148 11947 9496 14265 19106 16203 11616 7106 3553 10898 5631 28226 6684 7117 7725 6509 5973 7911 10537 11924 12593 9496 9405 33421 7486 7881 13444 24198 13429 31946 32615 29081 22522 8227 12293

32600 22120 24063 31410 36263 20115 39682 24603 43406 26098 11050 13644 18976 29538 20197 24684 10012 17796 19495 34493 23056 27157 10541 33424 5270 20594 59259 12362 14845 44597 26668 15282 26495 35297 14936 10622 32488 21866 64743 31379 8099 15669 41636 27879 64804 63420 53958 43640 30250 11650

19133 14415 4124 7502 21736 4258 12148 8180 24693 17191 5611 2952 5851 5337 11613 17111 9697 5918 11525 19369 13673 12852 3268 8547 9073 1634 29479 2801 5623 13172 7620 3075 8745 9583 10952 10784 8420 6693 33190 6967 5560 10615 23935 14794 33148 32667 28750 23156 7022 11361

175156 190444 281463 355282 238383 258749 406770 325852 225170 205569 253234 264755 294457 314332 211356 210756 242970 289434 287742 170788 273327 239639 248102 332568 222222 279224 124051 257875 238875 392519 271962 254436 261534 380835 205405 233251 365874 308872 262243 348348 234998 267212 177231 219819 183947 276549 279934 151733 352989 210046

31417 23339 11056 15023 33379 9282 22113 11424 38298 25597 5582 2430 7436 13292 19279 25460 12766 7551 15708 32571 19387 22351 1601 18629 11698 6794 49650 800 9022 26549 15038 4846 16963 18384 18146 14626 16408 8878 52990 15002 5683 14150 36827 24738 53033 52629 45921 39055 14201 16091

22292 15532 8585 15815 27305 6079 22449 14122 31534 21286 7458 6609 10790 12212 11525 20448 11037 10887 16351 22629 18460 14092 5916 13959 8953 7422 37089 5247 2958 20575 9380 4675 9917 18779 10579 12122 17129 11995 44699 15038 5121 14086 30040 16086 42325 43386 37782 28046 15128 11164

35887 29205 12480 18630 41122 13061 25455 22151 45465 34940 19069 15598 19892 12207 23976 34080 23982 19991 27757 35640 30912 23444 16099 10314 22275 13699 50490 15413 16118 8049 15128 14256 17411 21687 23945 25034 19991 19843 58502 16718 17362 26420 43931 26395 56547 57636 51882 41202 17925 24545

12035 8916 3727 7937 15528 2988 11116 8229 17556 12413 5826 4628 6632 5471 6476 11884 7270 6678 9817 11792 10828 6101 4440 5425 6843 4123 18722 4120 3693 8596 2220 3580 3285 9358 7288 8021 8567 7210 23593 7374 4435 8731 16331 7478 21757 23235 20550 14388 7608 8162

16816 12300 4673 8907 19038 3674 13346 7880 21863 14695 4330 2861 5655 6838 9623 14610 7526 5719 9982 17041 12034 11338 2398 8891 6931 3300 26701 1952 3900 13310 6886 1199 7961 10895 8991 8573 9784 6460 29982 8388 3574 9112 21992 12670 30199 29780 26037 20660 8448 9382

33291 24043 13451 25678 45466 10386 35106 25927 51477 34720 17347 15249 21192 18623 16808 32845 22433 21329 29985 32571 32982 15695 14693 18486 19385 13751 53121 13742 10951 27888 8982 12141 7346 30148 19402 23889 27802 22904 67566 24266 14025 26766 46032 19779 62514 69570 61607 40269 24685 21808

946126 772783 372672 171891 941607 399465 229188 203364 1052973 801673 322800 261306 229995 336196 681269 810550 496143 258078 549405 987768 631719 728398 261790 467575 512606 298912 1361570 298428 451435 644793 516318 354111 575875 130895 640112 556184 145421 201588 1394657 221440 377998 514543 1052973 803126 1415639 1359472 1209370 1121245 178024 610899

11074 6516 9745 14620 17265 8055 18070 12049 20125 11582 7198 7592 9802 12191 5780 10692 6792 9607 10578 11927 12000 8559 6353 13369 4891 8961 21336 7495 5951 17830 10200 7109 9514 16229 3176 7028 15116 10875 27174 14096 5378 9051 16956 8848 24582 28075 24330 15579 14222 4326

15829 11730 12055 14909 14887 10463 18181 11400 18098 9950 5307 7379 8870 14516 10865 10202 3806 8340 7557 17293 9159 13994 5984 16447 4154 10495 26946 6793 8459 21470 13235 8116 13697 16483 8500 2992 15221 10444 27326 15353 4886 5837 17073 14319 27353 27097 22842 21406 14443 7022

260549 211357 97602 40426 259264 105128 73603 59561 291477 219479 83331 65940 56946 87232 185247 222003 132614 73007 147849 269818 171160 198738 65986 124584 137295 76540 378755 76494 119995 174969 138442 92233 155375 45566 173638 149685 32993 48961 388070 54606 99025 137846 290926 219984 394035 378067 335391 310337 42170 165240

137814 108160 60774 37261 137095 58008 63568 27330 156514 113056 30982 20497 15076 61549 97731 114578 60691 24757 69875 142959 83983 109515 20525 84066 63513 44425 209073 26860 58395 114439 80082 42378 87468 46721 85421 70981 39142 10262 214743 41936 40442 63900 156127 117123 218284 208713 182987 167828 34439 80359

45190 41683 54470 59493 29821 51403 65177 52117 27688 32544 40378 44494 47243 59211 47631 34351 38581 46820 37823 48504 35461 53659 42775 64357 39250 51465 40960 44335 48318 73399 57395 46882 55712 61907 44450 37012 59475 50292 21387 60630 40660 36889 30385 54285 34060 23696 24243 45428 59070 41092

22574 17974 7146 4104 23542 8089 8618 6428 26371 19848 7822 5211 5621 5744 15256 19762 12226 7047 13579 22804 15670 16305 5658 9081 11939 5543 32644 6154 9417 13583 10795 6937 12308 6121 14604 13612 4997 4907 35329 2829 8519 12693 26231 18261 35444 34157 30344 26490 3636 14436

80057 56481 38011 53182 85773 30699 70728 39587 100523 63100 15801 16494 27925 49316 49862 62659 25677 26917 44210 82915 51564 61965 10086 58183 22567 30846 133135 13847 23134 81255 43390 19877 47404 61209 39209 31140 55409 33472 142906 53119 5043 36309 95817 63289 143032 141855 122313 103360 50787 35364

58028 43758 39723 42962 45043 36260 52917 32225 54677 40086 13627 20427 24504 44777 41119 40854 14800 22884 13348 60736 18235 50669 16196 54356 20636 32504 91957 20846 31401 69686 44861 27673 47528 47737 33928 18849 43884 29335 84235 44763 19379 8098 61825 51661 93199 81191 68206 73289 41538 29391

11687 10319 16111 18256 9625 14832 20714 15620 8793 7559 11041 12598 13719 17960 12502 7885 9913 13320 12732 13667 11825 14853 11550 19329 10071 15090 13193 12158 13052 23103 16310 14031 15654 19439 11261 9301 18490 14901 14420 18590 10725 11440 5775 15097 13994 15320 12357 14935 17905 9951

19812 14312 16981 25818 30875 14743 32575 23312 35262 22118 16250 16268 19856 20756 9331 20750 16000 19556 21825 17087 24012 9543 14550 20656 13087 17100 32087 14856 12481 27518 13718 14262 12525 28893 11225 16375 27181 21506 46393 24875 13050 19475 30675 7275 38943 47856 42043 22706 25093 12993

107792 115691 168663 190737 120397 157010 210766 169251 113618 103562 131938 144628 153760 185526 134768 109304 122750 150511 145721 113954 138325 149278 136084 193650 124879 163256 89976 141042 142499 224408 164573 150483 160511 200373 123367 117764 192641 163396 108212 193454 129361 135188 93057 139110 68042 115551 117288 104178 187935 125748

50320 46673 57109 60151 29943 53921 66703 53124 27725 37172 40919 45381 48057 62039 52583 39050 40589 46994 38262 53765 35074 58814 42605 65905 40553 53307 45922 46572 49175 75966 59473 49220 61003 63303 49184 38958 60774 51227 25572 61352 42752 37291 34927 59519 38748 21302 24143 50567 59235 45803

13547 12443 15576 16502 7348 14610 18481 14368 6676 9565 10672 12024 12834 17069 14205 10134 10572 12512 9867 15145 8902 16103 11183 18240 10561 14424 14940 12384 13172 21287 16292 13186 16755 17451 13197 10078 16686 13794 8777 16860 11227 9573 9046 16305 12767 8172 5591 17640 16219 12151

1568 1572 2542 3371 2975 2287 3928 3020 3140 2117 2205 2361 2682 2911 1756 1983 2142 2611 2713 1300 2927 2073 2174 3115 1857 2517 2006 2297 2064 3788 2435 2239 2318 3664 1740 2179 3495 2856 3556 3292 2072 2483 2603 1850 2678 3717 4040 1087 3300 1792

101089 81178 34056 14036 101528 37057 34221 24448 114155 85625 31329 21905 20807 29883 69009 86632 50983 27212 57059 102699 66392 74352 23899 44780 51935 25656 147937 26114 42986 64873 50343 31915 56510 23076 66429 57791 18025 17622 155129 16909 36673 53106 114118 82825 155275 148907 131888 119151 11949 63080

7969 4856 7095 9693 10916 5941 11999 7886 12864 7029 4190 4847 6351 8766 4903 6421 3907 6030 6493 8552 7464 6801 4001 9570 2614 6560 14979 4498 4503 12617 7978 5294 7448 10753 3124 4073 9987 7090 17673 9684 3335 5450 10694 6998 17196 18323 15742 11047 9376 2000

0 1 37985
0 2 20440
0 3 64940
0 4 13376
0 5 59264
0 6 59924
0 7 31739
0 8 42841
0 9 26975
0 10 39895
0 11 27142
0 12 25258
0 13 34647
0 14 38937
0 15 50798
0 16 13214
0 17 67974
0 18 56561
0 19 24078
0 20 20068
0 21 11148
0 22 41087
0 23 66947
0 24 21152
0 25 27482
0 26 32789
0 27 40837
0 28 36897
0 29 48285
0 30 10304
0 31 45641
0 32 50571
0 33 39877
0 34 12882
0 35 63423
0 36 10002
0 37 59295
0 38 63811
0 39 21371
0 40 46516
0 41 45066
0 42 13477
0 43 23706
0 44 47740
0 45 48913
0 46 57426
0 47 64268
0 48 10873
0 49 41483
1 2 30805
1 3 63058
1 4 65829
1 5 61898
1 6 14947
1 7 53660
1 8 18474
1 9 27122
1 10 10983
1 11 41381
1 12 69171
1 13 39472
1 14 47552
1 15 60947
1 16 34238
1 17 28534
1 18 33688
1 19 15851
1 20 40298
1 21 68215
1 22 23722
1 23 39413
1 24 46954
1 25 33203
1 26 63715
1 27 63013
1 28 51231
1 29 62188
1 30 32578
1 31 43562
1 32 28270
1 33 18211
1 34 26392
1 35 60532
1 36 10868
1 37 68288
1 38 53327
1 39 35843
1 40 60589
1 41 20923
1 42 29984
1 43 36247
1 44 49125
1 45 66351
1 46 24274
1 47 34871
1 48 44713
1 49 37207
2 3 69850
2 4 24148
2 5 52839
2 6 38013
2 7 62842
2 8 32799
2 9 29256
2 10 50439
2 11 24010
2 12 50455
2 13 11473
2 14 41191
2 15 29424
2 16 34644
2 17 51850
2 18 55244
2 19 55943
2 20 65122
2 21 34533
2 22 64948
2 23 63345
2 24 47158
2 25 37822
2 26 61841
2 27 46988
2 28 21320
2 29 31807
2 30 40561
2 31 24927
2 32 45370
2 33 69761
2 34 24829
2 35 42710
2 36 60838
2 37 55791
2 38 37322
2 39 49886
2 40 38089
2 41 44782
2 42 35892
2 43 14931
2 44 36583
2 45 66077
2 46 30674
2 47 51407
2 48 54133
2 49 39362
3 4 13225
3 5 31617
3 6 22020
3 7 26202
3 8 69249
3 9 30175
3 10 26500
3 11 69973
3 12 53079
3 13 65957
3 14 30699
3 15 29512
3 16 49390
3 17 23770
3 18 28439
3 19 45189
3 20 31557
3 21 62080
3 22 26920
3 23 35625
3 24 27074
3 25 66212
3 26 63462
3 27 62318
3 28 23794
3 29 32556
3 30 26662
3 31 62219
3 32 52987
3 33 42280
3 34 59121
3 35 69443
3 36 63333
3 37 43313
3 38 22509
3 39 49126
3 40 31090
3 41 49509
3 42 54229
3 43 37446
3 44 66456
3 45 55221
3 46 18423
3 47 31875
3 48 53429
3 49 15541
4 5 24330
4 6 42285
4 7 19212
4 8 64268
4 9 50888
4 10 14009
4 11 55085
4 12 39235
4 13 61699
4 14 13690
4 15 33036
4 16 47625
4 17 12703
4 18 45573
4 19 16361
4 20 41386
4 21 68804
4 22 14706
4 23 55622
4 24 28794
4 25 18720
4 26 51194
4 27 29027
4 28 45824
4 29 53463
4 30 21585
4 31 14777
4 32 60662
4 33 11415
4 34 16316
4 35 66406
4 36 38467
4 37 27727
4 38 62283
4 39 18499
4 40 52564
4 41 56585
4 42 33730
4 43 44188
4 44 39042
4 45 25421
4 46 46854
4 47 16190
4 48 50383
4 49 16455
5 6 25382
5 7 10754
5 8 20776
5 9 39727
5 10 44535
5 11 60489
5 12 41798
5 13 50858
5 14 29039
5 15 41435
5 16 19049
5 17 15061
5 18 29758
5 19 59771
5 20 41560
5 21 33193
5 22 21792
5 23 53496
5 24 28781
5 25 11980
5 26 37801
5 27 20415
5 28 15896
5 29 41480
5 30 29023
5 31 59368
5 32 12475
5 33 60327
5 34 28384
5 35 68727
5 36 35381
5 37 23239
5 38 32220
5 39 22446
5 40 56310
5 41 20669
5 42 29600
5 43 60064
5 44 11414
5 45 36783
5 46 23516
5 47 58510
5 48 33285
5 49 24577
6 7 41640
6 8 17967
6 9 21577
6 10 20546
6 11 40646
6 12 37502
6 13 23772
6 14 53772
6 15 21960
6 16 45221
6 17 54437
6 18 43811
6 19 17212
6 20 60296
6 21 23863
6 22 34872
6 23 64531
6 24 28876
6 25 53101
6 26 62610
6 27 15119
6 28 53408
6 29 44636
6 30 38616
6 31 47369
6 32 46322
6 33 64897
6 34 66111
6 35 31511
6 36 55312
6 37 61281
6 38 43581
6 39 65727
6 40 38273
6 41 44583
6 42 15280
6 43 50995
6 44 44946
6 45 25868
6 46 48579
6 47 30103
6 48 61395
6 49 47739
7 8 39815
7 9 20266
7 10 20976
7 11 11663
7 12 33712
7 13 59718
7 14 35274
7 15 35572
7 16 14004
7 17 29242
7 18 44903
7 19 65217
7 20 51052
7 21 51088
7 22 53026
7 23 66306
7 24 40781
7 25 14320
7 26 54472
7 27 12666
7 28 26077
7 29 22873
7 30 63037
7 31 58258
7 32 31364
7 33 58697
7 34 28963
7 35 56102
7 36 21939
7 37 18816
7 38 68721
7 39 30510
7 40 58047
7 41 57611
7 42 53517
7 43 63407
7 44 65365
7 45 27298
7 46 54725
7 47 68148
7 48 59408
7 49 48709
8 9 53464
8 10 18388
8 11 14705
8 12 49425
8 13 45030
8 14 42928
8 15 47470
8 16 18300
8 17 33520
8 18 66934
8 19 17987
8 20 53639
8 21 42492
8 22 57858
8 23 51337
8 24 40272
8 25 14082
8 26 19261
8 27 54920
8 28 58565
8 29 34973
8 30 29380
8 31 28384
8 32 69783
8 33 15740
8 34 47141
8 35 57301
8 36 65496
8 37 25272
8 38 28045
8 39 56273
8 40 44115
8 41 26034
8 42 45494
8 43 18414
8 44 30906
8 45 31904
8 46 58535
8 47 54319
8 48 44896
8 49 31387
9 10 26492
9 11 19170
9 12 51185
9 13 65343
9 14 67404
9 15 10253
9 16 18324
9 17 61248
9 18 27242
9 19 17878
9 20 55755
9 21 41139
9 22 56423
9 23 45313
9 24 28222
9 25 19709
9 26 28093
9 27 33055
9 28 66025
9 29 44861
9 30 22718
9 31 47654
9 32 37754
9 33 14861
9 34 51269
9 35 69497
9 36 28873
9 37 24019
9 38 32446
9 39 49320
9 40 68736
9 41 61735
9 42 54260
9 43 62460
9 44 32244
9 45 56419
9 46 25140
9 47 42357
9 48 39328
9 49 37890
10 11 12661
10 12 23974
10 13 44375
10 14 25887
10 15 40029
10 16 60195
10 17 54236
10 18 55595
10 19 19425
10 20 31486
10 21 28080
10 22 52984
10 23 18331
10 24 62466
10 25 15264
10 26 58256
10 27 34096
10 28 28517
10 29 52927
10 30 54350
10 31 39612
10 32 51722
10 33 39179
10 34 65049
10 35 28076
10 36 32978
10 37 10792
10 38 32081
10 39 44008
10 40 56782
10 41 21256
10 42 69903
10 43 59973
10 44 32881
10 45 39176
10 46 32209
10 47 28128
10 48 58989
10 49 30304
11 12 12264
11 13 46925
11 14 37241
11 15 53908
11 16 33193
11 17 26573
11 18 43542
11 19 44070
11 20 25887
11 21 14569
11 22 19649
11 23 32351
11 24 42534
11 25 58494
11 26 14138
11 27 28265
11 28 33531
11 29 54348
11 30 55611
11 31 62798
11 32 32526
11 33 41484
11 34 23553
11 35 28569
11 36 15950
11 37 54560
11 38 43235
11 39 10162
11 40 10094
11 41 49996
11 42 20158
11 43 33339
11 44 39803
11 45 23517
11 46 22297
11 47 10571
11 48 38391
11 49 53595
12 13 23962
12 14 57737
12 15 35302
12 16 58216
12 17 38265
12 18 27011
12 19 59738
12 20 18944
12 21 41621
12 22 56290
12 23 26324
12 24 63191
12 25 52475
12 26 49796
12 27 48522
12 28 39162
12 29 35555
12 30 58749
12 31 48253
12 32 12098
12 33 48047
12 34 21229
12 35 62469
12 36 50385
12 37 38810
12 38 48218
12 39 12835
12 40 36459
12 41 24229
12 42 18880
12 43 15998
12 44 55236
12 45 53998
12 46 21466
12 47 10006
12 48 15121
12 49 55378
13 14 28542
13 15 59228
13 16 24641
13 17 48307
13 18 25876
13 19 23325
13 20 25508
13 21 34942
13 22 30306
13 23 25134
13 24 25197
13 25 38583
13 26 67735
13 27 62932
13 28 52994
13 29 18263
13 30 38861
13 31 23167
13 32 61882
13 33 35417
13 34 18968
13 35 60094
13 36 52649
13 37 35216
13 38 68681
13 39 67553
13 40 25835
13 41 63246
13 42 41077
13 43 15483
13 44 10840
13 45 61959
13 46 57590
13 47 59555
13 48 42953
13 49 57230
14 15 40067
14 16 52750
14 17 15065
14 18 38376
14 19 11022
14 20 40328
14 21 38418
14 22 53132
14 23 56104
14 24 59919
14 25 25066
14 26 62997
14 27 69710
14 28 52128
14 29 20229
14 30 60937
14 31 65739
14 32 15717
14 33 64359
14 34 27254
14 35 46376
14 36 58590
14 37 57509
14 38 50642
14 39 43043
14 40 66910
14 41 58793
14 42 37118
14 43 55164
14 44 67518
14 45 37661
14 46 22042
14 47 44848
14 48 10557
14 49 61853
15 16 47292
15 17 28099
15 18 19376
15 19 56661
15 20 49222
15 21 66932
15 22 30518
15 23 12393
15 24 20580
15 25 43234
15 26 52951
15 27 19259
15 28 10649
15 29 59104
15 30 36018
15 31 41722
15 32 31891
15 33 51896
15 34 65430
15 35 43990
15 36 34614
15 37 33489
15 38 39352
15 39 42768
15 40 59792
15 41 10735
15 42 29603
15 43 50440
15 44 40453
15 45 44162
15 46 56854
15 47 46133
15 48 42058
15 49 26365
16 17 32940
16 18 61197
16 19 67630
16 20 42687
16 21 63273
16 22 53266
16 23 10514
16 24 38512
16 25 40348
16 26 63073
16 27 48496
16 28 43625
16 29 55825
16 30 20449
16 31 50493
16 32 68076
16 33 63522
16 34 60987
16 35 26663
16 36 28134
16 37 28186
16 38 63001
16 39 68106
16 40 61522
16 41 16817
16 42 15609
16 43 34535
16 44 33369
16 45 48049
16 46 14596
16 47 46984
16 48 31975
16 49 38297
17 18 68010
17 19 59341
17 20 41249
17 21 40249
17 22 48932
17 23 68468
17 24 19514
17 25 37753
17 26 13303
17 27 17062
17 28 12649
17 29 23194
17 30 50006
17 31 56269
17 32 43389
17 33 37648
17 34 22231
17 35 33896
17 36 47221
17 37 54082
17 38 45205
17 39 32959
17 40 34188
17 41 22547
17 42 29354
17 43 16868
17 44 27424
17 45 15601
17 46 56593
17 47 45764
17 48 65493
17 49 61383
18 19 43106
18 20 37556
18 21 68481
18 22 12833
18 23 40541
18 24 64757
18 25 39210
18 26 68572
18 27 13265
18 28 33271
18 29 11855
18 30 64472
18 31 43447
18 32 54783
18 33 56353
18 34 23016
18 35 14150
18 36 16139
18 37 38562
18 38 22669
18 39 33822
18 40 16536
18 41 61083
18 42 27948
18 43 56901
18 44 61390
18 45 56444
18 46 23557
18 47 38803
18 48 11535
18 49 20859
19 20 20968
19 21 17827
19 22 40344
19 23 48784
19 24 58197
19 25 13143
19 26 41990
19 27 46194
19 28 34927
19 29 17510
19 30 58204
19 31 24884
19 32 36549
19 33 46454
19 34 45196
19 35 65339
19 36 61378
19 37 49624
19 38 62259
19 39 27439
19 40 67367
19 41 21542
19 42 61161
19 43 65648
19 44 33536
19 45 18757
19 46 43464
19 47 36206
19 48 53682
19 49 27153
20 21 12677
20 22 15043
20 23 62010
20 24 38481
20 25 25779
20 26 11078
20 27 52855
20 28 52504
20 29 46708
20 30 60104
20 31 27662
20 32 58338
20 33 45207
20 34 50195
20 35 63557
20 36 24120
20 37 19840
20 38 12994
20 39 26534
20 40 32471
20 41 63748
20 42 31812
20 43 22521
20 44 20619
20 45 28820
20 46 35827
20 47 22288
20 48 26664
20 49 51413
21 22 29089
21 23 40559
21 24 17557
21 25 15076
21 26 64953
21 27 28378
21 28 16628
21 29 63678
21 30 58729
21 31 19108
21 32 18133
21 33 22775
21 34 27114
21 35 10829
21 36 35264
21 37 16989
21 38 27213
21 39 40267
21 40 64299
21 41 21673
21 42 19658
21 43 29380
21 44 28530
21 45 31078
21 46 65610
21 47 52960
21 48 20818
21 49 24056
22 23 43504
22 24 24414
22 25 43480
22 26 29473
22 27 21655
22 28 38168
22 29 11436
22 30 17910
22 31 32598
22 32 13732
22 33 26701
22 34 34740
22 35 41348
22 36 62406
22 37 26141
22 38 56450
22 39 67700
22 40 34765
22 41 44971
22 42 44578
22 43 20331
22 44 38932
22 45 65293
22 46 45565
22 47 50484
22 48 45371
22 49 50459
23 24 55848
23 25 54165
23 26 40325
23 27 31069
23 28 36303
23 29 16695
23 30 12654
23 31 21658
23 32 14644
23 33 26331
23 34 56460
23 35 56770
23 36 52219
23 37 47674
23 38 10792
23 39 40407
23 40 52644
23 41 11247
23 42 61230
23 43 28800
23 44 27438
23 45 54953
23 46 17161
23 47 43677
23 48 64953
23 49 68085
24 25 60689
24 26 49791
24 27 34814
24 28 36851
24 29 58303
24 30 34950
24 31 58182
24 32 66621
24 33 34867
24 34 19649
24 35 50917
24 36 48750
24 37 37566
24 38 22588
24 39 25139
24 40 26636
24 41 65529
24 42 25089
24 43 36597
24 44 68653
24 45 61903
24 46 68551
24 47 36153
24 48 42202
24 49 20594
25 26 19678
25 27 59158
25 28 62293
25 29 59911
25 30 61947
25 31 25555
25 32 33583
25 33 51363
25 34 54131
25 35 43316
25 36 45564
25 37 16387
25 38 28009
25 39 15640
25 40 69913
25 41 18414
25 42 30449
25 43 20723
25 44 60648
25 45 63976
25 46 52037
25 47 37531
25 48 43319
25 49 30644
26 27 15910
26 28 46586
26 29 65532
26 30 38293
26 31 38218
26 32 50104
26 33 49223
26 34 24075
26 35 68795
26 36 35119
26 37 11785
26 38 54743
26 39 14978
26 40 35794
26 41 43872
26 42 42099
26 43 63103
26 44 43960
26 45 38010
26 46 48528
26 47 35243
26 48 34361
26 49 29854
27 28 50491
27 29 25939
27 30 30797
27 31 47409
27 32 47899
27 33 64166
27 34 67036
27 35 49188
27 36 30524
27 37 24172
27 38 67278
27 39 19441
27 40 24763
27 41 17142
27 42 25503
27 43 40265
27 44 68350
27 45 24308
27 46 50281
27 47 34687
27 48 20456
27 49 20931
28 29 69595
28 30 22979
28 31 32411
28 32 37307
28 33 55685
28 34 18200
28 35 10489
28 36 62277
28 37 65043
28 38 58338
28 39 31451
28 40 22541
28 41 17067
28 42 42617
28 43 18786
28 44 11367
28 45 43668
28 46 51205
28 47 27849
28 48 14824
28 49 44318
29 30 26688
29 31 51071
29 32 60800
29 33 54212
29 34 15860
29 35 40841
29 36 53747
29 37 41983
29 38 41784
29 39 69913
29 40 11855
29 41 33850
29 42 28716
29 43 37926
29 44 67938
29 45 22917
29 46 23403
29 47 46296
29 48 16455
29 49 42398
30 31 36171
30 32 17069
30 33 27499
30 34 36283
30 35 42526
30 36 68787
30 37 58834
30 38 27442
30 39 27040
30 40 53796
30 41 10316
30 42 52309
30 43 13406
30 44 40627
30 45 49113
30 46 68528
30 47 52616
30 48 25203
30 49 67354
31 32 35751
31 33 30387
31 34 14262
31 35 33527
31 36 39477
31 37 66129
31 38 41899
31 39 32690
31 40 56517
31 41 19166
31 42 22309
31 43 66522
31 44 63564
31 45 62788
31 46 49255
31 47 12957
31 48 30023
31 49 15897
32 33 31623
32 34 45045
32 35 56344
32 36 27077
32 37 13972
32 38 55156
32 39 52216
32 40 30338
32 41 52601
32 42 51715
32 43 66000
32 44 43988
32 45 34646
32 46 62965
32 47 22995
32 48 68010
32 49 50991
33 34 48422
33 35 26934
33 36 68283
33 37 57970
33 38 34099
33 39 24113
33 40 11064
33 41 47651
33 42 31936
33 43 27283
33 44 31610
33 45 19222
33 46 25654
33 47 36142
33 48 19539
33 49 69423
34 35 20820
34 36 66164
34 37 59967
34 38 15246
34 39 60673
34 40 21209
34 41 38778
34 42 44517
34 43 68863
34 44 32990
34 45 56433
34 46 57752
34 47 17134
34 48 38455
34 49 67379
35 36 50987
35 37 30588
35 38 40007
35 39 67639
35 40 10974
35 41 40965
35 42 50050
35 43 47395
35 44 13161
35 45 29071
35 46 19435
35 47 44717
35 48 30295
35 49 57434
36 37 44877
36 38 26628
36 39 39366
36 40 39369
36 41 10476
36 42 20979
36 43 61672
36 44 59986
36 45 64392
36 46 68993
36 47 26344
36 48 46410
36 49 69920
37 38 69319
37 39 15682
37 40 18965
37 41 17920
37 42 19129
37 43 25514
37 44 23011
37 45 28210
37 46 63793
37 47 28640
37 48 27957
37 49 33864
38 39 33290
38 40 45015
38 41 52340
38 42 33531
38 43 41503
38 44 38413
38 45 32478
38 46 28766
38 47 59971
38 48 32809
38 49 36623
39 40 49678
39 41 37253
39 42 26899
39 43 34054
39 44 48513
39 45 67324
39 46 46101
39 47 11167
39 48 31324
39 49 51551
40 41 12195
40 42 12423
40 43 21988
40 44 17946
40 45 18081
40 46 62168
40 47 17690
40 48 32429
40 49 50984
41 42 51706
41 43 32885
41 44 55729
41 45 65047
41 46 44971
41 47 42271
41 48 28812
41 49 66903
42 43 41779
42 44 36334
42 45 66392
42 46 37000
42 47 68527
42 48 30686
42 49 45632
43 44 30144
43 45 43871
43 46 42721
43 47 28368
43 48 29200
43 49 66843
44 45 56214
44 46 12289
44 47 35947
44 48 38361
44 49 36499
45 46 13048
45 47 36018
45 48 38189
45 49 45236
46 47 34726
46 48 67512
46 49 61114
47 48 40901
47 49 20705
48 49 49173
