50 50 609
25000 25000 25000 25000 25000 25000 25000 25000 25000 25000 25000 25000 25000 25000 25000 25000 25000 25000 25000 25000 25000 25000 0 25000 25000 25000 25000 25000 25000 25000 25000 25000 25000 25000 25000 25000 25000 25000 25000 25000 25000 25000 25000 25000 25000 25000 25000 25000 25000 25000
2609 3292 6739 8933 6803 5984 10355 7650 8084 4246 5219 5776 6641 7816 4374 3847 5033 6429 6719 3660 7358 5396 5219 8345 4182 6387 7391 5542 5038 10349 6400 5558 6051 9568 3792 4898 9064 7159 11178 8697 4781 6033 6661 5299 8845 11656 9977 5301 8663 3947

2368 1148 3204 4509 4028 2752 5457 3845 4791 2504 2396 2628 3220 3859 1838 2266 2285 3117 3299 2596 3680 2582 2296 4205 1779 2994 5115 2491 2189 5399 3046 2499 2838 4940 1446 2351 4642 3507 6634 4369 2035 2890 3943 2607 5984 6919 5919 3574 4385 1538

38119 28711 4914 17161 44553 7030 26409 19622 50450 35490 13876 9147 14977 9987 21848 35330 20546 15111 25670 37312 29954 23679 9828 13734 19303 6568 57472 8895 11180 22957 12390 7341 15489 21294 21806 22713 18992 16657 67393 15523 12297 23856 48568 27686 66066 66973 59161 44864 16203 22621

94158 75406 32372 11548 94124 35112 29982 21024 105322 79267 29681 21275 20071 28595 64292 80186 47630 25921 53179 95094 61702 69206 23096 42165 48700 24701 135170 25118 40527 60515 47246 30416 52911 19804 61669 53847 15191 17163 141838 16712 34762 49569 105288 76944 142841 137025 121516 110118 12183 58878

1432 1277 1715 1883 566 1580 2152 1577 838 876 1061 1250 1363 1923 1524 955 1016 1318 949 1655 814 1789 1133 2087 1015 1583 2005 1269 1379 2512 1815 1381 1823 2008 1383 947 1901 1497 1685 1925 1108 908 1169 1798 2040 1600 1240 2003 1836 1237

29389 21549 6421 15994 35203 3514 23701 16197 40108 27663 10383 7483 12332 10627 15840 27251 15232 12444 20193 28704 23757 17769 7029 12654 13919 6260 45474 6253 6966 20326 9090 4947 10956 19446 15805 17035 17517 13730 54202 15093 8371 18684 38375 21102 52622 53852 47354 34986 15197 16483

181956 151443 81972 45118 179349 86890 28499 43134 199791 153664 65767 58805 48555 75277 138615 155294 97584 53176 107361 187467 122469 147325 56998 99391 102384 68433 259515 65619 96429 131920 108338 78565 118381 37594 126439 108605 40319 50569 262507 54213 78328 100962 199791 160389 266358 256048 228497 214099 46244 120958

70158 56137 33391 20160 68960 32030 26544 6370 78353 57158 16770 13571 8861 34044 51550 57907 31390 10985 35882 72690 42824 57376 12741 45125 33595 25346 105796 16702 32220 60071 42892 24339 46527 21820 44649 36454 21085 12128 107171 24366 22542 32942 78353 60248 108940 104203 91544 84928 20704 42130

1719 1555 2020 2186 797 1877 2480 1869 697 1127 1324 1525 1646 2242 1817 1211 1359 1593 1205 1956 1061 2099 1395 2416 1275 1880 1940 1538 1663 2869 2127 1665 2135 2327 1668 1203 2218 1789 1599 2239 1374 1156 1050 2109 1977 1509 1125 2149 2144 1511

1038 879 1459 1709 1024 1320 1995 1402 1305 464 869 1050 1181 1674 1133 546 738 1134 1066 1268 1206 1406 928 1875 768 1323 1950 999 1145 2314 1562 1115 1500 1846 988 667 1736 1318 1983 1748 832 916 1087 1416 1986 2088 1720 1628 1668 837

282030 211282 141015 156813 275986 123980 205925 104130 324205 216434 12638 46089 66146 165880 198300 220212 86408 58178 109075 294806 144106 241573 25277 212999 97536 105504 461992 48149 106122 288418 178793 81738 185456 180442 162789 111960 161484 89774 468792 165811 55499 94239 323380 245901 477721 453818 389938 356556 149807 140603

50691 38013 17684 20961 51754 16554 32069 15322 59686 41572 8429 1231 9073 20938 32781 41335 20566 9254 24295 52228 30058 37595 2463 29549 19775 11074 79235 3830 16712 41956 25571 10170 28589 26227 28724 24385 23131 11333 83247 20927 10350 21854 59166 41335 84557 81009 70500 62387 19673 26656

87703 68425 38207 29484 86090 36375 42477 15319 98955 70203 15832 11526 5185 43485 62653 71210 35513 11563 41561 91111 50906 70496 10371 57448 38482 27377 135275 15741 36631 77569 50998 26021 55891 35788 53362 42330 30731 11599 137529 32581 23565 37602 98735 74362 139911 133534 116492 107586 27615 49972

8994 7014 1953 3076 10270 2400 5044 4089 11525 8342 3428 2289 3530 1217 5553 8308 5162 3558 5938 8844 6878 5947 2434 2672 4897 1741 13134 2275 3283 4634 3544 2352 4204 3955 5544 5623 3465 3423 15131 2520 3406 5551 11125 6799 14963 15041 13379 10451 2868 5718

22109 13806 17181 27575 34163 13983 36054 25399 39559 23393 16297 15828 21148 21809 7310 21709 15513 20779 22678 21463 25368 12569 14621 24038 11931 16866 39913 14091 11169 32479 15843 13360 14375 31372 9640 15974 29250 22701 52897 26598 12776 19787 33563 13114 48346 54681 47531 28374 26698 11815

16807 14001 25640 30561 19556 22905 35602 25154 24505 9679 15763 18421 21255 29433 18478 8135 13451 20437 19232 20868 21699 23300 16271 32126 12619 23236 35094 17533 19253 39867 26303 19556 24957 32986 15933 12196 31041 23680 36455 30709 14579 16581 19881 23476 36497 38302 31816 27205 29842 13261

10299 7390 7031 8472 10011 6048 10492 6305 12559 6963 2542 3918 4743 8551 6856 7119 1531 4415 4164 10825 5152 8788 3062 9992 2712 6068 17458 3782 5031 13093 7754 4593 8294 9443 5401 2666 8664 5714 17692 8842 2599 3101 11362 8989 17709 17551 14924 13365 8184 4483

175305 136474 78453 73100 171987 74683 92515 36644 198000 139301 27445 23562 23034 89311 126332 141375 67935 11423 80376 182317 99603 144881 22846 118038 74042 56173 274079 32233 75211 159433 104768 53383 114834 79433 107218 81959 75663 36305 280374 79396 45918 72233 198000 150423 282712 269592 234531 216209 69254 97680

14104 10872 9452 10186 10309 8668 12441 7754 12529 10040 3542 5082 6005 10597 10274 10214 4313 5638 2061 14718 4237 12438 4123 12767 5635 7817 21789 5177 8073 16239 11122 6723 11726 11267 8646 5230 10401 7099 19186 10594 5350 2795 14964 12662 22071 18497 15556 17561 9863 7618

4719 4738 8597 11897 10320 7583 14113 10500 12031 6905 7254 7875 9152 10064 5467 6371 7005 8870 9277 3656 10130 6729 7312 10878 5869 8497 9506 7622 6695 13554 8172 7390 7707 13238 5406 7151 12428 9845 15675 11583 6547 8360 10130 5845 12180 16314 14559 5847 11614 5613

2204 1718 1581 1691 1302 1463 2030 1326 1635 1593 693 924 1063 1760 1628 1619 733 1008 555 2296 390 1953 780 2079 931 1335 3066 939 1298 2600 1756 1171 1846 1853 1384 871 1722 1227 2673 1752 889 505 2041 1987 3108 2532 2090 2723 1643 1229

33087 23443 23170 37575 50155 19559 48702 36072 57236 36022 26166 23493 30494 29263 14919 33813 25682 30655 35084 31815 38614 11166 22333 29102 20982 23524 56025 21214 17380 40178 17905 20255 15978 42538 17975 26288 39775 32512 74738 35911 21002 31291 49368 15978 67091 77038 67697 40884 36405 20830

29547 21819 12087 14277 30208 10393 19877 9670 34960 23989 3801 2252 5847 14071 19650 23844 11199 6260 13471 30993 16984 22873 0 19319 10703 8017 46945 2293 10145 26881 15889 6157 17728 16757 16158 13513 14856 7665 50147 14257 4959 11984 34713 24051 50189 48040 41634 36675 13492 14897

19258 15154 4883 8660 22473 5240 12851 10822 25140 18677 8930 6798 9435 4715 11943 18148 11947 9496 14265 19106 16203 11616 7106 3553 10898 5631 28226 6684 7117 7725 6509 5973 7911 10537 11924 12593 9496 9405 33421 7486 7881 13444 24198 13429 31946 32615 29081 22522 8227 12293

32600 22120 24063 31410 36263 20115 39682 24603 43406 26098 11050 13644 18976 29538 20197 24684 10012 17796 19495 34493 23056 27157 10541 33424 5270 20594 59259 12362 14845 44597 26668 15282 26495 35297 14936 10622 32488 21866 64743 31379 8099 15669 41636 27879 64804 63420 53958 43640 30250 11650

19133 14415 4124 7502 21736 4258 12148 8180 24693 17191 5611 2952 5851 5337 11613 17111 9697 5918 11525 19369 13673 12852 3268 8547 9073 1634 29479 2801 5623 13172 7620 3075 8745 9583 10952 10784 8420 6693 33190 6967 5560 10615 23935 14794 33148 32667 28750 23156 7022 11361

175156 190444 281463 355282 238383 258749 406770 325852 225170 205569 253234 264755 294457 314332 211356 210756 242970 289434 287742 170788 273327 239639 248102 332568 222222 279224 124051 257875 238875 392519 271962 254436 261534 380835 205405 233251 365874 308872 262243 348348 234998 267212 177231 219819 183947 276549 279934 151733 352989 210046

31417 23339 11056 15023 33379 9282 22113 11424 38298 25597 5582 2430 7436 13292 19279 25460 12766 7551 15708 32571 19387 22351 1601 18629 11698 6794 49650 800 9022 26549 15038 4846 16963 18384 18146 14626 16408 8878 52990 15002 5683 14150 36827 24738 53033 52629 45921 39055 14201 16091

22292 15532 8585 15815 27305 6079 22449 14122 31534 21286 7458 6609 10790 12212 11525 20448 11037 10887 16351 22629 18460 14092 5916 13959 8953 7422 37089 5247 2958 20575 9380 4675 9917 18779 10579 12122 17129 11995 44699 15038 5121 14086 30040 16086 42325 43386 37782 28046 15128 11164

35887 29205 12480 18630 41122 13061 25455 22151 45465 34940 19069 15598 19892 12207 23976 34080 23982 19991 27757 35640 30912 23444 16099 10314 22275 13699 50490 15413 16118 8049 15128 14256 17411 21687 23945 25034 19991 19843 58502 16718 17362 26420 43931 26395 56547 57636 51882 41202 17925 24545

12035 8916 3727 7937 15528 2988 11116 8229 17556 12413 5826 4628 6632 5471 6476 11884 7270 6678 9817 11792 10828 6101 4440 5425 6843 4123 18722 4120 3693 8596 2220 3580 3285 9358 7288 8021 8567 7210 23593 7374 4435 8731 16331 7478 21757 23235 20550 14388 7608 8162

16816 12300 4673 8907 19038 3674 13346 7880 21863 14695 4330 2861 5655 6838 9623 14610 7526 5719 9982 17041 12034 11338 2398 8891 6931 3300 26701 1952 3900 13310 6886 1199 7961 10895 8991 8573 9784 6460 29982 8388 3574 9112 21992 12670 30199 29780 26037 20660 8448 9382

33291 24043 13451 25678 45466 10386 35106 25927 51477 34720 17347 15249 21192 18623 16808 32845 22433 21329 29985 32571 32982 15695 14693 18486 19385 13751 53121 13742 10951 27888 8982 12141 7346 30148 19402 23889 27802 22904 67566 24266 14025 26766 46032 19779 62514 69570 61607 40269 24685 21808

946126 772783 372672 171891 941607 399465 229188 203364 1052973 801673 322800 261306 229995 336196 681269 810550 496143 258078 549405 987768 631719 728398 261790 467575 512606 298912 1361570 298428 451435 644793 516318 354111 575875 130895 640112 556184 145421 201588 1394657 221440 377998 514543 1052973 803126 1415639 1359472 1209370 1121245 178024 610899

11074 6516 9745 14620 17265 8055 18070 12049 20125 11582 7198 7592 9802 12191 5780 10692 6792 9607 10578 11927 12000 8559 6353 13369 4891 8961 21336 7495 5951 17830 10200 7109 9514 16229 3176 7028 15116 10875 27174 14096 5378 9051 16956 8848 24582 28075 24330 15579 14222 4326

15829 11730 12055 14909 14887 10463 18181 11400 18098 9950 5307 7379 8870 14516 10865 10202 3806 8340 7557 17293 9159 13994 5984 16447 4154 10495 26946 6793 8459 21470 13235 8116 13697 16483 8500 2992 15221 10444 27326 15353 4886 5837 17073 14319 27353 27097 22842 21406 14443 7022

260549 211357 97602 40426 259264 105128 73603 59561 291477 219479 83331 65940 56946 87232 185247 222003 132614 73007 147849 269818 171160 198738 65986 124584 137295 76540 378755 76494 119995 174969 138442 92233 155375 45566 173638 149685 32993 48961 388070 54606 99025 137846 290926 219984 394035 378067 335391 310337 42170 165240

137814 108160 60774 37261 137095 58008 63568 27330 156514 113056 30982 20497 15076 61549 97731 114578 60691 24757 69875 142959 83983 109515 20525 84066 63513 44425 209073 26860 58395 114439 80082 42378 87468 46721 85421 70981 39142 10262 214743 41936 40442 63900 156127 117123 218284 208713 182987 167828 34439 80359

45190 41683 54470 59493 29821 51403 65177 52117 27688 32544 40378 44494 47243 59211 47631 34351 38581 46820 37823 48504 35461 53659 42775 64357 39250 51465 40960 44335 48318 73399 57395 46882 55712 61907 44450 37012 59475 50292 21387 60630 40660 36889 30385 54285 34060 23696 24243 45428 59070 41092

22574 17974 7146 4104 23542 8089 8618 6428 26371 19848 7822 5211 5621 5744 15256 19762 12226 7047 13579 22804 15670 16305 5658 9081 11939 5543 32644 6154 9417 13583 10795 6937 12308 6121 14604 13612 4997 4907 35329 2829 8519 12693 26231 18261 35444 34157 30344 26490 3636 14436

80057 56481 38011 53182 85773 30699 70728 39587 100523 63100 15801 16494 27925 49316 49862 62659 25677 26917 44210 82915 51564 61965 10086 58183 22567 30846 133135 13847 23134 81255 43390 19877 47404 61209 39209 31140 55409 33472 142906 53119 5043 36309 95817 63289 143032 141855 122313 103360 50787 35364

58028 43758 39723 42962 45043 36260 52917 32225 54677 40086 13627 20427 24504 44777 41119 40854 14800 22884 13348 60736 18235 50669 16196 54356 20636 32504 91957 20846 31401 69686 44861 27673 47528 47737 33928 18849 43884 29335 84235 44763 19379 8098 61825 51661 93199 81191 68206 73289 41538 29391

11687 10319 16111 18256 9625 14832 20714 15620 8793 7559 11041 12598 13719 17960 12502 7885 9913 13320 12732 13667 11825 14853 11550 19329 10071 15090 13193 12158 13052 23103 16310 14031 15654 19439 11261 9301 18490 14901 14420 18590 10725 11440 5775 15097 13994 15320 12357 14935 17905 9951

19812 14312 16981 25818 30875 14743 32575 23312 35262 22118 16250 16268 19856 20756 9331 20750 16000 19556 21825 17087 24012 9543 14550 20656 13087 17100 32087 14856 12481 27518 13718 14262 12525 28893 11225 16375 27181 21506 46393 24875 13050 19475 30675 7275 38943 47856 42043 22706 25093 12993

107792 115691 168663 190737 120397 157010 210766 169251 113618 103562 131938 144628 153760 185526 134768 109304 122750 150511 145721 113954 138325 149278 136084 193650 124879 163256 89976 141042 142499 224408 164573 150483 160511 200373 123367 117764 192641 163396 108212 193454 129361 135188 93057 139110 68042 115551 117288 104178 187935 125748

50320 46673 57109 60151 29943 53921 66703 53124 27725 37172 40919 45381 48057 62039 52583 39050 40589 46994 38262 53765 35074 58814 42605 65905 40553 53307 45922 46572 49175 75966 59473 49220 61003 63303 49184 38958 60774 51227 25572 61352 42752 37291 34927 59519 38748 21302 24143 50567 59235 45803

13547 12443 15576 16502 7348 14610 18481 14368 6676 9565 10672 12024 12834 17069 14205 10134 10572 12512 9867 15145 8902 16103 11183 18240 10561 14424 14940 12384 13172 21287 16292 13186 16755 17451 13197 10078 16686 13794 8777 16860 11227 9573 9046 16305 12767 8172 5591 17640 16219 12151

1568 1572 2542 3371 2975 2287 3928 3020 3140 2117 2205 2361 2682 2911 1756 1983 2142 2611 2713 1300 2927 2073 2174 3115 1857 2517 2006 2297 2064 3788 2435 2239 2318 3664 1740 2179 3495 2856 3556 3292 2072 2483 2603 1850 2678 3717 4040 1087 3300 1792

101089 81178 34056 14036 101528 37057 34221 24448 114155 85625 31329 21905 20807 29883 69009 86632 50983 27212 57059 102699 66392 74352 23899 44780 51935 25656 147937 26114 42986 64873 50343 31915 56510 23076 66429 57791 18025 17622 155129 16909 36673 53106 114118 82825 155275 148907 131888 119151 11949 63080

7969 4856 7095 9693 10916 5941 11999 7886 12864 7029 4190 4847 6351 8766 4903 6421 3907 6030 6493 8552 7464 6801 4001 9570 2614 6560 14979 4498 4503 12617 7978 5294 7448 10753 3124 4073 9987 7090 17673 9684 3335 5450 10694 6998 17196 18323 15742 11047 9376 2000

0 2 28168
0 3 11425
0 4 34072
0 7 44858
0 8 61393
0 12 26975
0 13 39895
0 14 27142
0 15 25258
0 16 34647
0 19 50798
0 22 67974
0 23 56561
0 24 24078
0 25 20068
0 26 11148
0 28 32888
0 30 21152
0 32 27399
0 33 44624
0 34 48048
0 36 48285
0 37 10304
0 38 45641
0 39 50571
0 40 39877
0 42 30308
0 45 40923
0 46 41090
0 49 51315
1 4 69306
1 6 23706
1 9 48913
1 10 57426
1 11 64268
1 15 13756
1 16 34906
1 17 30808
1 22 49621
1 24 18474
1 28 17180
1 29 48723
1 32 32949
1 33 33740
1 36 32430
1 40 15851
1 47 39413
2 4 24289
2 9 68837
2 13 43562
2 14 28270
2 15 18211
2 16 26392
2 18 56690
2 19 58747
2 21 53327
2 23 66633
2 25 20923
2 27 50288
2 28 11215
2 29 28435
2 30 11703
2 31 39913
2 34 19435
2 35 61106
2 37 24148
2 38 52839
2 39 38013
2 40 62842
2 42 53431
2 43 43722
2 45 24010
3 4 41191
3 5 29424
3 8 51850
3 11 55943
3 12 65122
3 13 34533
3 14 64948
3 20 63949
3 23 18648
3 24 48461
3 26 40561
3 28 41558
3 36 60838
3 37 55791
3 39 25488
3 44 66282
3 46 14931
3 48 13090
3 49 43497
4 5 21004
4 6 66044
4 9 45314
4 11 31617
4 14 26202
4 16 42440
4 18 26500
4 22 51256
4 25 62034
4 26 51373
4 28 23770
4 29 28439
4 38 35625
4 39 27074
4 40 66212
4 41 63462
4 42 62318
4 46 20845
4 49 42405
5 7 42280
5 8 59121
5 9 69443
5 11 37875
5 12 20253
5 15 15935
5 18 60904
5 19 41828
5 22 36354
5 23 23118
5 25 31875
5 26 53429
5 27 15541
5 30 42285
5 36 43394
5 38 55085
5 39 39235
5 49 69501
6 8 16361
6 9 41386
6 13 54368
6 19 51194
6 20 29027
6 21 45824
6 22 53463
6 24 52851
6 26 60662
6 27 11415
6 29 17776
6 30 47703
6 32 27727
6 34 49701
6 35 21077
6 36 63572
6 37 33758
6 38 15612
6 39 69554
6 40 27651
6 41 50627
6 42 66550
6 44 50383
6 49 10754
7 9 28481
7 10 13059
7 11 48226
7 12 27099
7 15 65528
7 16 25046
7 21 55903
7 22 57603
7 25 42578
7 26 56942
7 29 68921
7 34 38821
7 38 41480
7 39 29023
7 40 59368
7 42 40781
7 43 32234
7 44 26450
7 45 59945
7 46 31920
7 49 43087
8 9 27353
8 11 20669
8 12 29600
8 16 67896
8 18 23516
8 23 24577
8 24 41640
8 29 20546
8 30 40646
8 32 63308
8 35 43372
8 37 45221
8 39 48356
8 41 17212
8 43 16850
8 45 34872
8 46 64531
9 10 15774
9 11 23747
9 12 30112
9 13 28891
9 14 37180
9 21 56485
9 22 12110
9 23 56407
9 24 45374
9 26 43581
9 29 38273
9 30 44583
9 32 49703
9 34 44946
9 35 25868
9 36 48579
9 37 30103
9 38 61395
9 39 47739
9 41 69250
9 42 25127
9 46 33712
9 48 38337
9 49 34301
10 11 40554
10 13 29242
10 14 44903
10 18 61673
10 19 42448
10 21 66306
10 23 16572
10 24 51757
10 25 52335
10 29 22873
10 32 58258
10 34 17500
10 37 30266
10 39 21939
10 41 41317
10 42 51474
10 44 58047
10 45 57611
10 46 53517
10 47 63407
10 48 65365
10 49 27298
11 16 59408
11 21 18388
11 23 63556
11 24 13426
11 25 46287
11 27 47470
11 29 30987
11 30 11707
11 31 28885
11 33 53639
11 35 28140
11 36 31900
11 41 25012
11 42 18787
11 43 58686
11 44 29951
11 47 48795
12 13 28256
12 14 66717
12 16 57301
12 17 65496
12 19 53354
12 20 66610
12 21 34670
12 22 60355
12 23 53376
12 24 10955
12 26 30906
12 28 26638
12 30 54319
12 32 36412
12 36 19170
12 38 10794
12 43 17872
12 44 26287
12 46 27242
12 47 17878
12 48 55755
13 14 20642
13 16 45313
13 18 43052
13 19 44714
13 21 33055
13 22 66025
13 25 22718
13 27 31042
13 28 38902
13 30 51269
13 31 69497
13 32 28873
13 35 32446
13 36 49320
13 38 59029
13 44 32244
13 45 56419
13 47 34073
13 48 52894
13 49 23570
14 16 12661
14 17 23974
14 20 25887
14 21 40029
14 22 60195
14 23 54236
14 24 55595
14 25 19425
14 26 31486
14 27 28080
14 31 61694
14 32 47659
14 36 34096
14 37 28517
14 39 44404
14 40 22956
14 41 44545
14 44 13669
14 45 24956
14 48 22508
15 16 32081
15 21 21256
15 27 19253
15 28 17231
15 30 28128
15 32 57307
15 33 54038
15 35 46925
15 36 37241
15 37 53908
15 38 33193
15 40 56327
15 43 19797
15 44 10396
15 47 43745
15 49 42534
16 17 58494
16 18 14138
16 20 52754
16 23 37124
16 24 38257
16 27 55723
16 28 42420
16 31 15792
16 35 43235
16 36 10162
16 37 10094
16 38 49996
16 40 68261
16 41 20041
16 44 25415
16 45 52667
16 46 44823
16 47 42055
16 48 51944
17 18 57737
17 19 35302
17 22 38265
17 23 27011
17 28 41621
17 31 26324
17 36 49796
17 38 33391
18 19 21229
18 20 62469
18 25 48218
18 26 12835
18 28 31662
18 29 16255
18 31 15998
18 35 20337
18 36 68603
18 37 59916
18 39 55378
18 40 28542
18 41 59228
18 42 24641
18 44 39211
18 45 27494
18 47 25508
18 49 34388
19 21 25134
19 25 13015
19 28 49208
19 31 47888
19 32 67491
19 33 29854
19 34 61474
19 35 17758
19 41 35216
19 42 68681
19 44 60230
19 47 59923
19 48 56178
20 26 51479
20 28 42953
20 31 40067
20 34 15065
20 35 38376
20 36 11022
20 38 26857
20 39 33574
20 41 56104
20 42 59919
20 44 28231
20 45 12656
20 46 28904
20 49 15711
21 24 20040
21 25 47156
21 29 46376
21 33 18075
21 34 43614
21 36 66910
21 37 58793
21 39 58503
21 40 55598
21 41 65393
21 42 34808
21 43 33401
21 45 10557
21 46 61853
21 47 47292
21 48 28099
21 49 19376
22 23 56661
22 24 49222
22 25 66932
22 27 32077
22 33 52951
22 35 64993
22 36 54107
22 37 47558
22 38 50958
22 41 59821
22 42 17619
22 44 43990
22 46 40922
22 48 39352
22 49 42768
23 24 59792
23 26 19095
23 29 66604
23 30 39544
23 31 66471
23 32 52237
23 34 42058
23 36 13840
23 37 60355
23 38 57554
23 39 24686
23 41 63273
23 47 66469
24 26 48496
24 27 43625
24 28 55825
24 29 20449
24 31 36814
24 33 63522
24 34 60987
24 35 26663
24 38 28186
24 41 68106
24 42 61522
24 45 15609
24 47 25586
24 49 48049
25 26 14596
25 27 46984
25 32 68010
25 35 41249
25 36 40249
25 38 14707
25 39 40454
25 40 15285
25 41 61475
25 42 62289
25 44 12649
25 45 23194
25 48 56269
25 49 43389
26 28 41400
26 29 63342
26 32 40497
26 39 60713
26 40 37491
26 41 65961
26 42 68355
26 43 30062
27 28 49764
27 31 61631
27 32 20328
27 33 21638
27 36 12145
27 37 64729
27 39 68572
27 41 15440
27 42 30690
27 43 15224
27 44 58448
27 46 54783
27 47 56353
27 48 23016
28 30 16139
28 33 22669
28 34 33822
28 36 63032
28 37 15109
28 45 23557
28 46 38803
29 31 20968
29 33 27107
29 35 48784
29 36 58197
29 37 13143
29 39 64226
29 43 17510
29 44 58204
29 45 24884
29 46 36549
29 47 46454
29 48 45196
30 32 61378
30 34 68074
30 35 28408
30 36 50456
30 37 30582
30 38 39357
30 39 57736
30 40 26088
30 41 13158
30 45 36206
30 47 12660
30 48 28878
31 34 62010
31 35 38481
31 37 55920
31 38 23146
31 39 22620
31 41 46708
32 34 65241
32 35 67348
32 40 48202
32 45 69901
32 46 46603
32 49 35582
33 35 35827
33 38 26664
33 39 51413
33 41 44970
33 42 19561
33 43 50399
33 46 67962
33 47 63776
33 48 22126
33 49 38440
34 38 18133
34 39 22775
34 42 10829
34 43 35264
34 44 16989
34 45 27213
34 47 11122
35 37 19658
35 39 26286
35 40 23058
35 41 17260
35 42 40186
35 45 42088
35 47 43504
35 49 68768
36 37 67755
36 39 21655
36 44 17910
36 46 37290
36 49 34810
37 38 22311
37 40 62406
37 42 16462
37 44 67700
37 45 34765
37 46 44971
38 40 38932
38 41 65293
38 43 64243
38 44 49297
38 49 58159
39 41 40325
39 43 63127
39 44 28769
39 45 61068
39 46 51666
39 47 47232
39 48 31989
40 42 57976
40 46 47674
40 47 10792
40 48 40407
40 49 52644
41 44 61230
41 46 63885
41 48 54953
42 46 64953
42 47 68085
42 48 60689
43 46 63817
43 48 58303
44 45 17299
44 48 25764
44 49 25421
45 47 50917
46 47 37566
46 49 68871
47 49 26636
48 49 65529
