50 50 722
25000 25000 25000 25000 25000 25000 25000 25000 25000 25000 25000 25000 25000 25000 25000 25000 25000 25000 25000 25000 25000 25000 0 25000 25000 25000 25000 25000 25000 25000 25000 25000 25000 25000 25000 25000 25000 25000 25000 25000 25000 25000 25000 25000 25000 25000 25000 25000 25000 25000
2609 3292 6739 8933 6803 5984 10355 7650 8084 4246 5219 5776 6641 7816 4374 3847 5033 6429 6719 3660 7358 5396 5219 8345 4182 6387 7391 5542 5038 10349 6400 5558 6051 9568 3792 4898 9064 7159 11178 8697 4781 6033 6661 5299 8845 11656 9977 5301 8663 3947

2368 1148 3204 4509 4028 2752 5457 3845 4791 2504 2396 2628 3220 3859 1838 2266 2285 3117 3299 2596 3680 2582 2296 4205 1779 2994 5115 2491 2189 5399 3046 2499 2838 4940 1446 2351 4642 3507 6634 4369 2035 2890 3943 2607 5984 6919 5919 3574 4385 1538

38119 28711 4914 17161 44553 7030 26409 19622 50450 35490 13876 9147 14977 9987 21848 35330 20546 15111 25670 37312 29954 23679 9828 13734 19303 6568 57472 8895 11180 22957 12390 7341 15489 21294 21806 22713 18992 16657 67393 15523 12297 23856 48568 27686 66066 66973 59161 44864 16203 22621

94158 75406 32372 11548 94124 35112 29982 21024 105322 79267 29681 21275 20071 28595 64292 80186 47630 25921 53179 95094 61702 69206 23096 42165 48700 24701 135170 25118 40527 60515 47246 30416 52911 19804 61669 53847 15191 17163 141838 16712 34762 49569 105288 76944 142841 137025 121516 110118 12183 58878

1432 1277 1715 1883 566 1580 2152 1577 838 876 1061 1250 1363 1923 1524 955 1016 1318 949 1655 814 1789 1133 2087 1015 1583 2005 1269 1379 2512 1815 1381 1823 2008 1383 947 1901 1497 1685 1925 1108 908 1169 1798 2040 1600 1240 2003 1836 1237

29389 21549 6421 15994 35203 3514 23701 16197 40108 27663 10383 7483 12332 10627 15840 27251 15232 12444 20193 28704 23757 17769 7029 12654 13919 6260 45474 6253 6966 20326 9090 4947 10956 19446 15805 17035 17517 13730 54202 15093 8371 18684 38375 21102 52622 53852 47354 34986 15197 16483

181956 151443 81972 45118 179349 86890 28499 43134 199791 153664 65767 58805 48555 75277 138615 155294 97584 53176 107361 187467 122469 147325 56998 99391 102384 68433 259515 65619 96429 131920 108338 78565 118381 37594 126439 108605 40319 50569 262507 54213 78328 100962 199791 160389 266358 256048 228497 214099 46244 120958

70158 56137 33391 20160 68960 32030 26544 6370 78353 57158 16770 13571 8861 34044 51550 57907 31390 10985 35882 72690 42824 57376 12741 45125 33595 25346 105796 16702 32220 60071 42892 24339 46527 21820 44649 36454 21085 12128 107171 24366 22542 32942 78353 60248 108940 104203 91544 84928 20704 42130

1719 1555 2020 2186 797 1877 2480 1869 697 1127 1324 1525 1646 2242 1817 1211 1359 1593 1205 1956 1061 2099 1395 2416 1275 1880 1940 1538 1663 2869 2127 1665 2135 2327 1668 1203 2218 1789 1599 2239 1374 1156 1050 2109 1977 1509 1125 2149 2144 1511

1038 879 1459 1709 1024 1320 1995 1402 1305 464 869 1050 1181 1674 1133 546 738 1134 1066 1268 1206 1406 928 1875 768 1323 1950 999 1145 2314 1562 1115 1500 1846 988 667 1736 1318 1983 1748 832 916 1087 1416 1986 2088 1720 1628 1668 837

282030 211282 141015 156813 275986 123980 205925 104130 324205 216434 12638 46089 66146 165880 198300 220212 86408 58178 109075 294806 144106 241573 25277 212999 97536 105504 461992 48149 106122 288418 178793 81738 185456 180442 162789 111960 161484 89774 468792 165811 55499 94239 323380 245901 477721 453818 389938 356556 149807 140603

50691 38013 17684 20961 51754 16554 32069 15322 59686 41572 8429 1231 9073 20938 32781 41335 20566 9254 24295 52228 30058 37595 2463 29549 19775 11074 79235 3830 16712 41956 25571 10170 28589 26227 28724 24385 23131 11333 83247 20927 10350 21854 59166 41335 84557 81009 70500 62387 19673 26656

87703 68425 38207 29484 86090 36375 42477 15319 98955 70203 15832 11526 5185 43485 62653 71210 35513 11563 41561 91111 50906 70496 10371 57448 38482 27377 135275 15741 36631 77569 50998 26021 55891 35788 53362 42330 30731 11599 137529 32581 23565 37602 98735 74362 139911 133534 116492 107586 27615 49972

8994 7014 1953 3076 10270 2400 5044 4089 11525 8342 3428 2289 3530 1217 5553 8308 5162 3558 5938 8844 6878 5947 2434 2672 4897 1741 13134 2275 3283 4634 3544 2352 4204 3955 5544 5623 3465 3423 15131 2520 3406 5551 11125 6799 14963 15041 13379 10451 2868 5718

22109 13806 17181 27575 34163 13983 36054 25399 39559 23393 16297 15828 21148 21809 7310 21709 15513 20779 22678 21463 25368 12569 14621 24038 11931 16866 39913 14091 11169 32479 15843 13360 14375 31372 9640 15974 29250 22701 52897 26598 12776 19787 33563 13114 48346 54681 47531 28374 26698 11815

16807 14001 25640 30561 19556 22905 35602 25154 24505 9679 15763 18421 21255 29433 18478 8135 13451 20437 19232 20868 21699 23300 16271 32126 12619 23236 35094 17533 19253 39867 26303 19556 24957 32986 15933 12196 31041 23680 36455 30709 14579 16581 19881 23476 36497 38302 31816 27205 29842 13261

10299 7390 7031 8472 10011 6048 10492 6305 12559 6963 2542 3918 4743 8551 6856 7119 1531 4415 4164 10825 5152 8788 3062 9992 2712 6068 17458 3782 5031 13093 7754 4593 8294 9443 5401 2666 8664 5714 17692 8842 2599 3101 11362 8989 17709 17551 14924 13365 8184 4483

175305 136474 78453 73100 171987 74683 92515 36644 198000 139301 27445 23562 23034 89311 126332 141375 67935 11423 80376 182317 99603 144881 22846 118038 74042 56173 274079 32233 75211 159433 104768 53383 114834 79433 107218 81959 75663 36305 280374 79396 45918 72233 198000 150423 282712 269592 234531 216209 69254 97680

14104 10872 9452 10186 10309 8668 12441 7754 12529 10040 3542 5082 6005 10597 10274 10214 4313 5638 2061 14718 4237 12438 4123 12767 5635 7817 21789 5177 8073 16239 11122 6723 11726 11267 8646 5230 10401 7099 19186 10594 5350 2795 14964 12662 22071 18497 15556 17561 9863 7618

4719 4738 8597 11897 10320 7583 14113 10500 12031 6905 7254 7875 9152 10064 5467 6371 7005 8870 9277 3656 10130 6729 7312 10878 5869 8497 9506 7622 6695 13554 8172 7390 7707 13238 5406 7151 12428 9845 15675 11583 6547 8360 10130 5845 12180 16314 14559 5847 11614 5613

2204 1718 1581 1691 1302 1463 2030 1326 1635 1593 693 924 1063 1760 1628 1619 733 1008 555 2296 390 1953 780 2079 931 1335 3066 939 1298 2600 1756 1171 1846 1853 1384 871 1722 1227 2673 1752 889 505 2041 1987 3108 2532 2090 2723 1643 1229

33087 23443 23170 37575 50155 19559 48702 36072 57236 36022 26166 23493 30494 29263 14919 33813 25682 30655 35084 31815 38614 11166 22333 29102 20982 23524 56025 21214 17380 40178 17905 20255 15978 42538 17975 26288 39775 32512 74738 35911 21002 31291 49368 15978 67091 77038 67697 40884 36405 20830

29547 21819 12087 14277 30208 10393 19877 9670 34960 23989 3801 2252 5847 14071 19650 23844 11199 6260 13471 30993 16984 22873 0 19319 10703 8017 46945 2293 10145 26881 15889 6157 17728 16757 16158 13513 14856 7665 50147 14257 4959 11984 34713 24051 50189 48040 41634 36675 13492 14897

19258 15154 4883 8660 22473 5240 12851 10822 25140 18677 8930 6798 9435 4715 11943 18148 11947 9496 14265 19106 16203 11616 7106 3553 10898 5631 28226 6684 7117 7725 6509 5973 7911 10537 11924 12593 9496 9405 33421 7486 7881 13444 24198 13429 31946 32615 29081 22522 8227 12293

32600 22120 24063 31410 36263 20115 39682 24603 43406 26098 11050 13644 18976 29538 20197 24684 10012 17796 19495 34493 23056 27157 10541 33424 5270 20594 59259 12362 14845 44597 26668 15282 26495 35297 14936 10622 32488 21866 64743 31379 8099 15669 41636 27879 64804 63420 53958 43640 30250 11650

19133 14415 4124 7502 21736 4258 12148 8180 24693 17191 5611 2952 5851 5337 11613 17111 9697 5918 11525 19369 13673 12852 3268 8547 9073 1634 29479 2801 5623 13172 7620 3075 8745 9583 10952 10784 8420 6693 33190 6967 5560 10615 23935 14794 33148 32667 28750 23156 7022 11361

175156 190444 281463 355282 238383 258749 406770 325852 225170 205569 253234 264755 294457 314332 211356 210756 242970 289434 287742 170788 273327 239639 248102 332568 222222 279224 124051 257875 238875 392519 271962 254436 261534 380835 205405 233251 365874 308872 262243 348348 234998 267212 177231 219819 183947 276549 279934 151733 352989 210046

31417 23339 11056 15023 33379 9282 22113 11424 38298 25597 5582 2430 7436 13292 19279 25460 12766 7551 15708 32571 19387 22351 1601 18629 11698 6794 49650 800 9022 26549 15038 4846 16963 18384 18146 14626 16408 8878 52990 15002 5683 14150 36827 24738 53033 52629 45921 39055 14201 16091

22292 15532 8585 15815 27305 6079 22449 14122 31534 21286 7458 6609 10790 12212 11525 20448 11037 10887 16351 22629 18460 14092 5916 13959 8953 7422 37089 5247 2958 20575 9380 4675 9917 18779 10579 12122 17129 11995 44699 15038 5121 14086 30040 16086 42325 43386 37782 28046 15128 11164

35887 29205 12480 18630 41122 13061 25455 22151 45465 34940 19069 15598 19892 12207 23976 34080 23982 19991 27757 35640 30912 23444 16099 10314 22275 13699 50490 15413 16118 8049 15128 14256 17411 21687 23945 25034 19991 19843 58502 16718 17362 26420 43931 26395 56547 57636 51882 41202 17925 24545

12035 8916 3727 7937 15528 2988 11116 8229 17556 12413 5826 4628 6632 5471 6476 11884 7270 6678 9817 11792 10828 6101 4440 5425 6843 4123 18722 4120 3693 8596 2220 3580 3285 9358 7288 8021 8567 7210 23593 7374 4435 8731 16331 7478 21757 23235 20550 14388 7608 8162

16816 12300 4673 8907 19038 3674 13346 7880 21863 14695 4330 2861 5655 6838 9623 14610 7526 5719 9982 17041 12034 11338 2398 8891 6931 3300 26701 1952 3900 13310 6886 1199 7961 10895 8991 8573 9784 6460 29982 8388 3574 9112 21992 12670 30199 29780 26037 20660 8448 9382

33291 24043 13451 25678 45466 10386 35106 25927 51477 34720 17347 15249 21192 18623 16808 32845 22433 21329 29985 32571 32982 15695 14693 18486 19385 13751 53121 13742 10951 27888 8982 12141 7346 30148 19402 23889 27802 22904 67566 24266 14025 26766 46032 19779 62514 69570 61607 40269 24685 21808

946126 772783 372672 171891 941607 399465 229188 203364 1052973 801673 322800 261306 229995 336196 681269 810550 496143 258078 549405 987768 631719 728398 261790 467575 512606 298912 1361570 298428 451435 644793 516318 354111 575875 130895 640112 556184 145421 201588 1394657 221440 377998 514543 1052973 803126 1415639 1359472 1209370 1121245 178024 610899

11074 6516 9745 14620 17265 8055 18070 12049 20125 11582 7198 7592 9802 12191 5780 10692 6792 9607 10578 11927 12000 8559 6353 13369 4891 8961 21336 7495 5951 17830 10200 7109 9514 16229 3176 7028 15116 10875 27174 14096 5378 9051 16956 8848 24582 28075 24330 15579 14222 4326

15829 11730 12055 14909 14887 10463 18181 11400 18098 9950 5307 7379 8870 14516 10865 10202 3806 8340 7557 17293 9159 13994 5984 16447 4154 10495 26946 6793 8459 21470 13235 8116 13697 16483 8500 2992 15221 10444 27326 15353 4886 5837 17073 14319 27353 27097 22842 21406 14443 7022

260549 211357 97602 40426 259264 105128 73603 59561 291477 219479 83331 65940 56946 87232 185247 222003 132614 73007 147849 269818 171160 198738 65986 124584 137295 76540 378755 76494 119995 174969 138442 92233 155375 45566 173638 149685 32993 48961 388070 54606 99025 137846 290926 219984 394035 378067 335391 310337 42170 165240

137814 108160 60774 37261 137095 58008 63568 27330 156514 113056 30982 20497 15076 61549 97731 114578 60691 24757 69875 142959 83983 109515 20525 84066 63513 44425 209073 26860 58395 114439 80082 42378 87468 46721 85421 70981 39142 10262 214743 41936 40442 63900 156127 117123 218284 208713 182987 167828 34439 80359

45190 41683 54470 59493 29821 51403 65177 52117 27688 32544 40378 44494 47243 59211 47631 34351 38581 46820 37823 48504 35461 53659 42775 64357 39250 51465 40960 44335 48318 73399 57395 46882 55712 61907 44450 37012 59475 50292 21387 60630 40660 36889 30385 54285 34060 23696 24243 45428 59070 41092

22574 17974 7146 4104 23542 8089 8618 6428 26371 19848 7822 5211 5621 5744 15256 19762 12226 7047 13579 22804 15670 16305 5658 9081 11939 5543 32644 6154 9417 13583 10795 6937 12308 6121 14604 13612 4997 4907 35329 2829 8519 12693 26231 18261 35444 34157 30344 26490 3636 14436

80057 56481 38011 53182 85773 30699 70728 39587 100523 63100 15801 16494 27925 49316 49862 62659 25677 26917 44210 82915 51564 61965 10086 58183 22567 30846 133135 13847 23134 81255 43390 19877 47404 61209 39209 31140 55409 33472 142906 53119 5043 36309 95817 63289 143032 141855 122313 103360 50787 35364

58028 43758 39723 42962 45043 36260 52917 32225 54677 40086 13627 20427 24504 44777 41119 40854 14800 22884 13348 60736 18235 50669 16196 54356 20636 32504 91957 20846 31401 69686 44861 27673 47528 47737 33928 18849 43884 29335 84235 44763 19379 8098 61825 51661 93199 81191 68206 73289 41538 29391

11687 10319 16111 18256 9625 14832 20714 15620 8793 7559 11041 12598 13719 17960 12502 7885 9913 13320 12732 13667 11825 14853 11550 19329 10071 15090 13193 12158 13052 23103 16310 14031 15654 19439 11261 9301 18490 14901 14420 18590 10725 11440 5775 15097 13994 15320 12357 14935 17905 9951

19812 14312 16981 25818 30875 14743 32575 23312 35262 22118 16250 16268 19856 20756 9331 20750 16000 19556 21825 17087 24012 9543 14550 20656 13087 17100 32087 14856 12481 27518 13718 14262 12525 28893 11225 16375 27181 21506 46393 24875 13050 19475 30675 7275 38943 47856 42043 22706 25093 12993

107792 115691 168663 190737 120397 157010 210766 169251 113618 103562 131938 144628 153760 185526 134768 109304 122750 150511 145721 113954 138325 149278 136084 193650 124879 163256 89976 141042 142499 224408 164573 150483 160511 200373 123367 117764 192641 163396 108212 193454 129361 135188 93057 139110 68042 115551 117288 104178 187935 125748

50320 46673 57109 60151 29943 53921 66703 53124 27725 37172 40919 45381 48057 62039 52583 39050 40589 46994 38262 53765 35074 58814 42605 65905 40553 53307 45922 46572 49175 75966 59473 49220 61003 63303 49184 38958 60774 51227 25572 61352 42752 37291 34927 59519 38748 21302 24143 50567 59235 45803

13547 12443 15576 16502 7348 14610 18481 14368 6676 9565 10672 12024 12834 17069 14205 10134 10572 12512 9867 15145 8902 16103 11183 18240 10561 14424 14940 12384 13172 21287 16292 13186 16755 17451 13197 10078 16686 13794 8777 16860 11227 9573 9046 16305 12767 8172 5591 17640 16219 12151

1568 1572 2542 3371 2975 2287 3928 3020 3140 2117 2205 2361 2682 2911 1756 1983 2142 2611 2713 1300 2927 2073 2174 3115 1857 2517 2006 2297 2064 3788 2435 2239 2318 3664 1740 2179 3495 2856 3556 3292 2072 2483 2603 1850 2678 3717 4040 1087 3300 1792

101089 81178 34056 14036 101528 37057 34221 24448 114155 85625 31329 21905 20807 29883 69009 86632 50983 27212 57059 102699 66392 74352 23899 44780 51935 25656 147937 26114 42986 64873 50343 31915 56510 23076 66429 57791 18025 17622 155129 16909 36673 53106 114118 82825 155275 148907 131888 119151 11949 63080

7969 4856 7095 9693 10916 5941 11999 7886 12864 7029 4190 4847 6351 8766 4903 6421 3907 6030 6493 8552 7464 6801 4001 9570 2614 6560 14979 4498 4503 12617 7978 5294 7448 10753 3124 4073 9987 7090 17673 9684 3335 5450 10694 6998 17196 18323 15742 11047 9376 2000

0 2 22777
0 5 15386
0 7 31421
0 8 20027
0 9 30059
0 14 25736
0 15 25368
0 16 46429
0 17 31530
0 18 35123
0 20 43929
0 23 63069
0 24 11393
0 26 68042
0 27 27373
0 28 14919
0 29 68537
0 32 54370
0 33 13526
0 34 58980
0 36 56862
0 37 56996
0 38 32305
0 42 56505
0 43 31729
0 44 55857
0 45 63895
0 46 50545
0 49 20364
1 3 41087
1 4 67276
1 7 15403
1 9 62399
1 11 59676
1 13 20012
1 14 48586
1 17 50570
1 20 36601
1 22 23317
1 23 16652
1 24 67301
1 25 14286
1 26 63865
1 27 38444
1 29 34729
1 30 38117
1 34 30709
1 35 34567
1 36 49497
1 37 24586
1 39 34683
1 40 18624
1 41 42871
1 42 38829
1 43 20019
2 3 30723
2 4 12245
2 5 63451
2 6 33555
2 7 27488
2 8 18228
2 10 55193
2 11 47034
2 12 60124
2 13 66987
2 15 56491
2 16 18365
2 19 22551
2 20 29228
2 22 31474
2 24 24395
2 25 11237
2 28 64428
2 38 48606
2 41 65128
2 42 67369
2 43 19917
2 44 33324
2 45 29470
2 47 65499
2 48 16725
2 49 65590
3 5 12954
3 6 37669
3 7 38542
3 9 49507
3 10 38804
3 12 23622
3 13 19299
3 14 45746
3 15 64340
3 16 13311
3 20 63730
3 24 29444
3 25 58522
3 28 58282
3 29 42924
3 32 52600
3 33 43452
3 34 69379
3 35 57468
3 36 30973
3 37 53881
3 38 38933
3 39 68660
3 40 67199
3 44 23773
3 45 29668
3 49 15084
4 5 32090
4 9 69107
4 10 49756
4 12 16887
4 14 22172
4 15 52009
4 17 16342
4 18 68206
4 20 37372
4 21 11255
4 22 54599
4 23 59904
4 28 16228
4 29 39150
4 31 53920
4 32 12422
4 34 44081
4 35 30084
4 36 61972
4 37 23850
4 40 69299
4 43 10713
4 44 26190
4 46 58209
4 47 58819
5 6 65994
5 7 50379
5 8 55273
5 10 17255
5 13 15884
5 16 29567
5 18 31961
5 19 41326
5 22 43202
5 23 26784
5 26 19528
5 27 18872
5 28 39958
5 29 58036
5 31 16248
5 33 22133
5 34 62890
5 36 41746
5 38 64500
5 39 23788
5 40 36249
5 42 53033
5 44 20253
5 48 23996
5 49 19188
6 7 13729
6 10 13921
6 11 56304
6 12 38027
6 13 56748
6 14 58902
6 15 27697
6 16 61043
6 17 22002
6 18 36403
6 22 26159
6 23 32535
6 27 66127
6 28 25629
6 31 26429
6 32 66335
6 33 32900
6 35 26949
6 36 65367
6 37 42292
6 39 43144
6 43 63541
6 44 23826
6 45 42261
6 48 38023
7 9 33190
7 11 36367
7 12 34234
7 13 21626
7 17 18205
7 20 55100
7 21 52726
7 25 43529
7 26 42290
7 31 48593
7 32 68627
7 33 31886
7 34 58355
7 36 24412
7 37 59610
7 38 16189
7 39 56355
7 40 46620
7 41 28987
7 42 48338
7 43 57770
7 45 40417
7 46 42260
7 47 30237
7 48 63059
8 9 24945
8 10 26873
8 13 54289
8 19 55729
8 20 23459
8 22 68025
8 24 61233
8 28 20270
8 30 51839
8 31 38363
8 33 63173
8 34 26431
8 36 69390
8 38 15057
8 39 61521
8 40 58574
8 41 51947
8 42 49231
8 43 60537
8 44 55054
9 10 63002
9 11 36139
9 14 64580
9 16 63970
9 18 45379
9 20 61536
9 24 29759
9 25 59744
9 27 50127
9 28 55236
9 29 17818
9 30 20563
9 33 11805
9 34 53291
9 35 68955
9 36 43589
9 38 54918
9 39 26882
9 42 54030
9 43 41574
9 44 36593
9 46 60543
9 48 44713
10 15 25710
10 16 40294
10 17 50346
10 18 21137
10 19 35153
10 20 32573
10 21 30925
10 23 64018
10 24 26836
10 25 65055
10 26 33858
10 29 42661
10 31 14789
10 33 66851
10 35 57868
10 36 59485
10 37 52195
10 39 51120
10 41 16763
10 43 13981
10 44 17560
10 47 23518
10 48 16342
10 49 55196
11 12 37321
11 15 44427
11 18 60072
11 19 15830
11 20 40347
11 21 52030
11 23 36059
11 24 44047
11 25 15082
11 26 21232
11 27 32954
11 29 55486
11 31 59159
11 34 31041
11 38 59122
11 40 65821
11 41 59365
11 42 41171
11 43 50269
11 46 24653
11 48 23959
11 49 52806
12 14 37084
12 15 45334
12 16 60991
12 18 62715
12 19 15171
12 21 22506
12 24 43109
12 25 40000
12 26 68109
12 27 45081
12 28 41338
12 30 58067
12 31 25223
12 36 53875
12 37 60179
12 39 65350
12 40 43813
12 42 29181
12 44 45720
12 45 17982
12 46 27487
12 47 69296
12 48 15404
13 18 33181
13 19 40415
13 21 30595
13 22 11962
13 23 37483
13 27 32587
13 28 53382
13 30 63563
13 31 33682
13 32 67685
13 34 20930
13 37 21476
13 38 25820
13 40 25528
13 45 39618
13 49 16621
14 16 20888
14 17 16815
14 18 53437
14 19 50008
14 22 28657
14 24 19126
14 25 12071
14 26 23149
14 28 40639
14 30 46610
14 31 18577
14 32 48976
14 33 44552
14 35 58777
14 36 10657
14 37 10952
14 38 22641
14 40 41298
14 43 65805
14 46 62528
14 47 49593
14 48 32197
14 49 59672
15 18 32325
15 20 58412
15 21 48382
15 22 24693
15 25 18421
15 26 44985
15 27 51354
15 28 48762
15 30 57716
15 31 61850
15 32 25482
15 33 66217
15 36 56506
15 37 66364
15 38 18263
15 41 63537
15 42 38828
15 45 65856
15 46 28341
15 47 15352
15 48 25511
16 19 11351
16 20 39300
16 22 54667
16 23 61489
16 26 29875
16 27 56141
16 30 20636
16 33 12760
16 34 16814
16 35 44314
16 37 30183
16 39 31535
16 41 14393
16 43 20109
16 44 64673
16 46 24548
16 47 11877
16 48 16833
16 49 24949
17 22 50960
17 24 13286
17 25 25358
17 27 23245
17 29 63990
17 32 39954
17 33 58364
17 34 45624
17 37 55844
17 38 41238
17 39 24976
17 40 50019
17 41 56343
17 44 42475
17 45 58011
17 46 56912
17 49 26868
18 19 55002
18 20 39207
18 21 55216
18 24 67472
18 25 48957
18 27 63933
18 28 42496
18 29 43141
18 30 21726
18 31 26980
18 32 33485
18 33 42305
18 34 14029
18 35 16898
18 36 44562
18 37 27719
18 38 61641
18 40 23480
18 42 38789
18 43 33708
18 46 62493
18 47 50710
18 48 55905
18 49 59613
19 20 53638
19 25 46180
19 26 59095
19 29 39154
19 30 40569
19 31 69969
19 32 62373
19 33 68433
19 34 42587
19 35 50094
19 36 41499
19 37 57339
19 38 21742
19 40 57515
19 43 53881
19 44 65634
19 45 24387
19 48 29643
20 24 40139
20 25 62063
20 28 15269
20 30 12733
20 31 22734
20 33 30435
20 35 50669
20 36 26487
20 37 26837
20 38 48089
20 39 35205
20 40 16704
20 41 12557
20 42 13403
20 43 51892
20 45 33605
20 46 36579
20 47 31528
20 48 64447
20 49 54045
21 24 65551
21 25 31386
21 27 36948
21 28 33036
21 29 27107
21 30 35417
21 31 65921
21 34 15994
21 35 24123
21 37 29484
21 38 36312
21 39 29017
21 40 15165
21 41 61608
21 42 51745
21 46 18569
21 47 54801
21 48 56652
21 49 55340
22 23 61743
22 24 43091
22 25 56527
22 26 68878
22 27 53050
22 28 32124
22 29 14213
22 30 48499
22 31 46794
22 33 36141
22 35 52437
22 36 53198
22 37 39939
22 38 36513
22 39 35128
22 40 41804
22 42 64683
22 44 60495
22 46 58972
22 47 50634
22 48 15725
22 49 20952
23 24 15472
23 25 63339
23 28 37661
23 29 37542
23 30 12339
23 31 45344
23 33 56267
23 34 32013
23 37 24650
23 38 47832
23 39 20279
23 41 40635
23 43 46107
23 45 30570
23 46 22540
23 47 30801
23 49 69492
24 25 56496
24 26 12939
24 29 39873
24 30 60164
24 32 14349
24 33 52530
24 35 23165
24 38 51079
24 39 32547
24 40 38484
24 41 69561
24 42 31931
24 43 30528
24 46 27543
24 47 11123
24 48 30187
24 49 54643
25 27 57394
25 28 34680
25 31 48752
25 32 44098
25 33 59010
25 35 46142
25 37 44425
25 38 14978
25 41 46748
25 43 10516
25 45 55159
25 46 51900
25 49 33003
26 27 45951
26 31 63861
26 35 26784
26 37 31763
26 38 40115
26 41 55185
26 45 28329
26 47 65879
26 48 64316
27 28 18775
27 29 64986
27 31 27892
27 34 29752
27 38 32833
27 39 17776
27 40 39613
27 42 11062
27 43 50629
27 44 25100
27 46 19416
27 47 41982
27 48 23540
27 49 58826
28 29 67565
28 30 59499
28 31 21546
28 33 63062
28 35 23842
28 37 29807
28 38 68834
28 40 25815
28 41 18696
28 45 29716
28 46 39343
28 49 30602
29 31 34088
29 32 48620
29 33 33293
29 35 47135
29 37 66942
29 38 11996
29 42 42515
29 44 13332
29 45 35950
29 46 41633
30 31 35213
30 33 65444
30 36 60751
30 39 46465
30 42 69683
30 43 18977
30 44 35014
30 46 38346
30 47 13072
30 48 15740
31 32 39587
31 33 27836
31 34 23439
31 36 30114
31 37 67371
31 38 50596
31 39 39883
31 41 54697
31 43 63674
31 45 35490
31 46 22132
31 47 30529
31 48 51690
31 49 48147
32 33 62349
32 34 56422
32 35 31968
32 39 42025
32 41 48260
32 42 35220
32 44 41287
33 34 17127
33 35 22728
33 36 49170
33 37 22798
33 38 69563
33 41 38616
33 42 38223
33 45 17035
33 48 11862
34 48 11929
34 49 33044
35 36 22280
35 37 54209
35 38 69747
35 39 42366
35 40 33759
35 41 61742
35 42 39401
35 45 12958
35 46 24422
35 48 15661
35 49 18780
36 37 13923
36 38 48000
36 40 39942
36 41 10012
36 42 33807
36 43 45358
36 44 52894
36 46 44636
36 48 52626
37 39 68865
37 40 33421
37 41 19409
37 42 15400
37 43 62786
37 46 56356
37 47 64410
37 48 66631
37 49 56128
38 39 13446
38 40 17458
38 41 50010
38 44 41867
38 45 30926
38 48 13705
39 40 55457
39 46 62497
39 47 42538
39 48 25139
39 49 67470
40 42 51280
40 43 26754
40 44 11707
40 45 44400
40 46 23021
40 47 36788
40 48 55190
41 42 40647
41 46 58142
41 48 55063
41 49 63320
42 43 30538
42 44 41492
42 45 18422
42 46 47685
42 47 48094
42 48 31708
42 49 52802
43 44 51784
43 46 66925
43 49 44492
44 47 41530
44 48 54049
44 49 30512
45 46 27589
45 48 24872
46 47 62557
46 48 16576
