50 50 490
25000 25000 25000 25000 25000 25000 25000 25000 25000 25000 25000 25000 25000 25000 25000 25000 25000 25000 25000 25000 25000 25000 0 25000 25000 25000 25000 25000 25000 25000 25000 25000 25000 25000 25000 25000 25000 25000 25000 25000 25000 25000 25000 25000 25000 25000 25000 25000 25000 25000
2609 3292 6739 8933 6803 5984 10355 7650 8084 4246 5219 5776 6641 7816 4374 3847 5033 6429 6719 3660 7358 5396 5219 8345 4182 6387 7391 5542 5038 10349 6400 5558 6051 9568 3792 4898 9064 7159 11178 8697 4781 6033 6661 5299 8845 11656 9977 5301 8663 3947

2368 1148 3204 4509 4028 2752 5457 3845 4791 2504 2396 2628 3220 3859 1838 2266 2285 3117 3299 2596 3680 2582 2296 4205 1779 2994 5115 2491 2189 5399 3046 2499 2838 4940 1446 2351 4642 3507 6634 4369 2035 2890 3943 2607 5984 6919 5919 3574 4385 1538

38119 28711 4914 17161 44553 7030 26409 19622 50450 35490 13876 9147 14977 9987 21848 35330 20546 15111 25670 37312 29954 23679 9828 13734 19303 6568 57472 8895 11180 22957 12390 7341 15489 21294 21806 22713 18992 16657 67393 15523 12297 23856 48568 27686 66066 66973 59161 44864 16203 22621

94158 75406 32372 11548 94124 35112 29982 21024 105322 79267 29681 21275 20071 28595 64292 80186 47630 25921 53179 95094 61702 69206 23096 42165 48700 24701 135170 25118 40527 60515 47246 30416 52911 19804 61669 53847 15191 17163 141838 16712 34762 49569 105288 76944 142841 137025 121516 110118 12183 58878

1432 1277 1715 1883 566 1580 2152 1577 838 876 1061 1250 1363 1923 1524 955 1016 1318 949 1655 814 1789 1133 2087 1015 1583 2005 1269 1379 2512 1815 1381 1823 2008 1383 947 1901 1497 1685 1925 1108 908 1169 1798 2040 1600 1240 2003 1836 1237

29389 21549 6421 15994 35203 3514 23701 16197 40108 27663 10383 7483 12332 10627 15840 27251 15232 12444 20193 28704 23757 17769 7029 12654 13919 6260 45474 6253 6966 20326 9090 4947 10956 19446 15805 17035 17517 13730 54202 15093 8371 18684 38375 21102 52622 53852 47354 34986 15197 16483

181956 151443 81972 45118 179349 86890 28499 43134 199791 153664 65767 58805 48555 75277 138615 155294 97584 53176 107361 187467 122469 147325 56998 99391 102384 68433 259515 65619 96429 131920 108338 78565 118381 37594 126439 108605 40319 50569 262507 54213 78328 100962 199791 160389 266358 256048 228497 214099 46244 120958

70158 56137 33391 20160 68960 32030 26544 6370 78353 57158 16770 13571 8861 34044 51550 57907 31390 10985 35882 72690 42824 57376 12741 45125 33595 25346 105796 16702 32220 60071 42892 24339 46527 21820 44649 36454 21085 12128 107171 24366 22542 32942 78353 60248 108940 104203 91544 84928 20704 42130

1719 1555 2020 2186 797 1877 2480 1869 697 1127 1324 1525 1646 2242 1817 1211 1359 1593 1205 1956 1061 2099 1395 2416 1275 1880 1940 1538 1663 2869 2127 1665 2135 2327 1668 1203 2218 1789 1599 2239 1374 1156 1050 2109 1977 1509 1125 2149 2144 1511

1038 879 1459 1709 1024 1320 1995 1402 1305 464 869 1050 1181 1674 1133 546 738 1134 1066 1268 1206 1406 928 1875 768 1323 1950 999 1145 2314 1562 1115 1500 1846 988 667 1736 1318 1983 1748 832 916 1087 1416 1986 2088 1720 1628 1668 837

282030 211282 141015 156813 275986 123980 205925 104130 324205 216434 12638 46089 66146 165880 198300 220212 86408 58178 109075 294806 144106 241573 25277 212999 97536 105504 461992 48149 106122 288418 178793 81738 185456 180442 162789 111960 161484 89774 468792 165811 55499 94239 323380 245901 477721 453818 389938 356556 149807 140603

50691 38013 17684 20961 51754 16554 32069 15322 59686 41572 8429 1231 9073 20938 32781 41335 20566 9254 24295 52228 30058 37595 2463 29549 19775 11074 79235 3830 16712 41956 25571 10170 28589 26227 28724 24385 23131 11333 83247 20927 10350 21854 59166 41335 84557 81009 70500 62387 19673 26656

87703 68425 38207 29484 86090 36375 42477 15319 98955 70203 15832 11526 5185 43485 62653 71210 35513 11563 41561 91111 50906 70496 10371 57448 38482 27377 135275 15741 36631 77569 50998 26021 55891 35788 53362 42330 30731 11599 137529 32581 23565 37602 98735 74362 139911 133534 116492 107586 27615 49972

8994 7014 1953 3076 10270 2400 5044 4089 11525 8342 3428 2289 3530 1217 5553 8308 5162 3558 5938 8844 6878 5947 2434 2672 4897 1741 13134 2275 3283 4634 3544 2352 4204 3955 5544 5623 3465 3423 15131 2520 3406 5551 11125 6799 14963 15041 13379 10451 2868 5718

22109 13806 17181 27575 34163 13983 36054 25399 39559 23393 16297 15828 21148 21809 7310 21709 15513 20779 22678 21463 25368 12569 14621 24038 11931 16866 39913 14091 11169 32479 15843 13360 14375 31372 9640 15974 29250 22701 52897 26598 12776 19787 33563 13114 48346 54681 47531 28374 26698 11815

16807 14001 25640 30561 19556 22905 35602 25154 24505 9679 15763 18421 21255 29433 18478 8135 13451 20437 19232 20868 21699 23300 16271 32126 12619 23236 35094 17533 19253 39867 26303 19556 24957 32986 15933 12196 31041 23680 36455 30709 14579 16581 19881 23476 36497 38302 31816 27205 29842 13261

10299 7390 7031 8472 10011 6048 10492 6305 12559 6963 2542 3918 4743 8551 6856 7119 1531 4415 4164 10825 5152 8788 3062 9992 2712 6068 17458 3782 5031 13093 7754 4593 8294 9443 5401 2666 8664 5714 17692 8842 2599 3101 11362 8989 17709 17551 14924 13365 8184 4483

175305 136474 78453 73100 171987 74683 92515 36644 198000 139301 27445 23562 23034 89311 126332 141375 67935 11423 80376 182317 99603 144881 22846 118038 74042 56173 274079 32233 75211 159433 104768 53383 114834 79433 107218 81959 75663 36305 280374 79396 45918 72233 198000 150423 282712 269592 234531 216209 69254 97680

14104 10872 9452 10186 10309 8668 12441 7754 12529 10040 3542 5082 6005 10597 10274 10214 4313 5638 2061 14718 4237 12438 4123 12767 5635 7817 21789 5177 8073 16239 11122 6723 11726 11267 8646 5230 10401 7099 19186 10594 5350 2795 14964 12662 22071 18497 15556 17561 9863 7618

4719 4738 8597 11897 10320 7583 14113 10500 12031 6905 7254 7875 9152 10064 5467 6371 7005 8870 9277 3656 10130 6729 7312 10878 5869 8497 9506 7622 6695 13554 8172 7390 7707 13238 5406 7151 12428 9845 15675 11583 6547 8360 10130 5845 12180 16314 14559 5847 11614 5613

2204 1718 1581 1691 1302 1463 2030 1326 1635 1593 693 924 1063 1760 1628 1619 733 1008 555 2296 390 1953 780 2079 931 1335 3066 939 1298 2600 1756 1171 1846 1853 1384 871 1722 1227 2673 1752 889 505 2041 1987 3108 2532 2090 2723 1643 1229

33087 23443 23170 37575 50155 19559 48702 36072 57236 36022 26166 23493 30494 29263 14919 33813 25682 30655 35084 31815 38614 11166 22333 29102 20982 23524 56025 21214 17380 40178 17905 20255 15978 42538 17975 26288 39775 32512 74738 35911 21002 31291 49368 15978 67091 77038 67697 40884 36405 20830

29547 21819 12087 14277 30208 10393 19877 9670 34960 23989 3801 2252 5847 14071 19650 23844 11199 6260 13471 30993 16984 22873 0 19319 10703 8017 46945 2293 10145 26881 15889 6157 17728 16757 16158 13513 14856 7665 50147 14257 4959 11984 34713 24051 50189 48040 41634 36675 13492 14897

19258 15154 4883 8660 22473 5240 12851 10822 25140 18677 8930 6798 9435 4715 11943 18148 11947 9496 14265 19106 16203 11616 7106 3553 10898 5631 28226 6684 7117 7725 6509 5973 7911 10537 11924 12593 9496 9405 33421 7486 7881 13444 24198 13429 31946 32615 29081 22522 8227 12293

32600 22120 24063 31410 36263 20115 39682 24603 43406 26098 11050 13644 18976 29538 20197 24684 10012 17796 19495 34493 23056 27157 10541 33424 5270 20594 59259 12362 14845 44597 26668 15282 26495 35297 14936 10622 32488 21866 64743 31379 8099 15669 41636 27879 64804 63420 53958 43640 30250 11650

19133 14415 4124 7502 21736 4258 12148 8180 24693 17191 5611 2952 5851 5337 11613 17111 9697 5918 11525 19369 13673 12852 3268 8547 9073 1634 29479 2801 5623 13172 7620 3075 8745 9583 10952 10784 8420 6693 33190 6967 5560 10615 23935 14794 33148 32667 28750 23156 7022 11361

175156 190444 281463 355282 238383 258749 406770 325852 225170 205569 253234 264755 294457 314332 211356 210756 242970 289434 287742 170788 273327 239639 248102 332568 222222 279224 124051 257875 238875 392519 271962 254436 261534 380835 205405 233251 365874 308872 262243 348348 234998 267212 177231 219819 183947 276549 279934 151733 352989 210046

31417 23339 11056 15023 33379 9282 22113 11424 38298 25597 5582 2430 7436 13292 19279 25460 12766 7551 15708 32571 19387 22351 1601 18629 11698 6794 49650 800 9022 26549 15038 4846 16963 18384 18146 14626 16408 8878 52990 15002 5683 14150 36827 24738 53033 52629 45921 39055 14201 16091

22292 15532 8585 15815 27305 6079 22449 14122 31534 21286 7458 6609 10790 12212 11525 20448 11037 10887 16351 22629 18460 14092 5916 13959 8953 7422 37089 5247 2958 20575 9380 4675 9917 18779 10579 12122 17129 11995 44699 15038 5121 14086 30040 16086 42325 43386 37782 28046 15128 11164

35887 29205 12480 18630 41122 13061 25455 22151 45465 34940 19069 15598 19892 12207 23976 34080 23982 19991 27757 35640 30912 23444 16099 10314 22275 13699 50490 15413 16118 8049 15128 14256 17411 21687 23945 25034 19991 19843 58502 16718 17362 26420 43931 26395 56547 57636 51882 41202 17925 24545

12035 8916 3727 7937 15528 2988 11116 8229 17556 12413 5826 4628 6632 5471 6476 11884 7270 6678 9817 11792 10828 6101 4440 5425 6843 4123 18722 4120 3693 8596 2220 3580 3285 9358 7288 8021 8567 7210 23593 7374 4435 8731 16331 7478 21757 23235 20550 14388 7608 8162

16816 12300 4673 8907 19038 3674 13346 7880 21863 14695 4330 2861 5655 6838 9623 14610 7526 5719 9982 17041 12034 11338 2398 8891 6931 3300 26701 1952 3900 13310 6886 1199 7961 10895 8991 8573 9784 6460 29982 8388 3574 9112 21992 12670 30199 29780 26037 20660 8448 9382

33291 24043 13451 25678 45466 10386 35106 25927 51477 34720 17347 15249 21192 18623 16808 32845 22433 21329 29985 32571 32982 15695 14693 18486 19385 13751 53121 13742 10951 27888 8982 12141 7346 30148 19402 23889 27802 22904 67566 24266 14025 26766 46032 19779 62514 69570 61607 40269 24685 21808

946126 772783 372672 171891 941607 399465 229188 203364 1052973 801673 322800 261306 229995 336196 681269 810550 496143 258078 549405 987768 631719 728398 261790 467575 512606 298912 1361570 298428 451435 644793 516318 354111 575875 130895 640112 556184 145421 201588 1394657 221440 377998 514543 1052973 803126 1415639 1359472 1209370 1121245 178024 610899

11074 6516 9745 14620 17265 8055 18070 12049 20125 11582 7198 7592 9802 12191 5780 10692 6792 9607 10578 11927 12000 8559 6353 13369 4891 8961 21336 7495 5951 17830 10200 7109 9514 16229 3176 7028 15116 10875 27174 14096 5378 9051 16956 8848 24582 28075 24330 15579 14222 4326

15829 11730 12055 14909 14887 10463 18181 11400 18098 9950 5307 7379 8870 14516 10865 10202 3806 8340 7557 17293 9159 13994 5984 16447 4154 10495 26946 6793 8459 21470 13235 8116 13697 16483 8500 2992 15221 10444 27326 15353 4886 5837 17073 14319 27353 27097 22842 21406 14443 7022

260549 211357 97602 40426 259264 105128 73603 59561 291477 219479 83331 65940 56946 87232 185247 222003 132614 73007 147849 269818 171160 198738 65986 124584 137295 76540 378755 76494 119995 174969 138442 92233 155375 45566 173638 149685 32993 48961 388070 54606 99025 137846 290926 219984 394035 378067 335391 310337 42170 165240

137814 108160 60774 37261 137095 58008 63568 27330 156514 113056 30982 20497 15076 61549 97731 114578 60691 24757 69875 142959 83983 109515 20525 84066 63513 44425 209073 26860 58395 114439 80082 42378 87468 46721 85421 70981 39142 10262 214743 41936 40442 63900 156127 117123 218284 208713 182987 167828 34439 80359

45190 41683 54470 59493 29821 51403 65177 52117 27688 32544 40378 44494 47243 59211 47631 34351 38581 46820 37823 48504 35461 53659 42775 64357 39250 51465 40960 44335 48318 73399 57395 46882 55712 61907 44450 37012 59475 50292 21387 60630 40660 36889 30385 54285 34060 23696 24243 45428 59070 41092

22574 17974 7146 4104 23542 8089 8618 6428 26371 19848 7822 5211 5621 5744 15256 19762 12226 7047 13579 22804 15670 16305 5658 9081 11939 5543 32644 6154 9417 13583 10795 6937 12308 6121 14604 13612 4997 4907 35329 2829 8519 12693 26231 18261 35444 34157 30344 26490 3636 14436

80057 56481 38011 53182 85773 30699 70728 39587 100523 63100 15801 16494 27925 49316 49862 62659 25677 26917 44210 82915 51564 61965 10086 58183 22567 30846 133135 13847 23134 81255 43390 19877 47404 61209 39209 31140 55409 33472 142906 53119 5043 36309 95817 63289 143032 141855 122313 103360 50787 35364

58028 43758 39723 42962 45043 36260 52917 32225 54677 40086 13627 20427 24504 44777 41119 40854 14800 22884 13348 60736 18235 50669 16196 54356 20636 32504 91957 20846 31401 69686 44861 27673 47528 47737 33928 18849 43884 29335 84235 44763 19379 8098 61825 51661 93199 81191 68206 73289 41538 29391

11687 10319 16111 18256 9625 14832 20714 15620 8793 7559 11041 12598 13719 17960 12502 7885 9913 13320 12732 13667 11825 14853 11550 19329 10071 15090 13193 12158 13052 23103 16310 14031 15654 19439 11261 9301 18490 14901 14420 18590 10725 11440 5775 15097 13994 15320 12357 14935 17905 9951

19812 14312 16981 25818 30875 14743 32575 23312 35262 22118 16250 16268 19856 20756 9331 20750 16000 19556 21825 17087 24012 9543 14550 20656 13087 17100 32087 14856 12481 27518 13718 14262 12525 28893 11225 16375 27181 21506 46393 24875 13050 19475 30675 7275 38943 47856 42043 22706 25093 12993

107792 115691 168663 190737 120397 157010 210766 169251 113618 103562 131938 144628 153760 185526 134768 109304 122750 150511 145721 113954 138325 149278 136084 193650 124879 163256 89976 141042 142499 224408 164573 150483 160511 200373 123367 117764 192641 163396 108212 193454 129361 135188 93057 139110 68042 115551 117288 104178 187935 125748

50320 46673 57109 60151 29943 53921 66703 53124 27725 37172 40919 45381 48057 62039 52583 39050 40589 46994 38262 53765 35074 58814 42605 65905 40553 53307 45922 46572 49175 75966 59473 49220 61003 63303 49184 38958 60774 51227 25572 61352 42752 37291 34927 59519 38748 21302 24143 50567 59235 45803

13547 12443 15576 16502 7348 14610 18481 14368 6676 9565 10672 12024 12834 17069 14205 10134 10572 12512 9867 15145 8902 16103 11183 18240 10561 14424 14940 12384 13172 21287 16292 13186 16755 17451 13197 10078 16686 13794 8777 16860 11227 9573 9046 16305 12767 8172 5591 17640 16219 12151

1568 1572 2542 3371 2975 2287 3928 3020 3140 2117 2205 2361 2682 2911 1756 1983 2142 2611 2713 1300 2927 2073 2174 3115 1857 2517 2006 2297 2064 3788 2435 2239 2318 3664 1740 2179 3495 2856 3556 3292 2072 2483 2603 1850 2678 3717 4040 1087 3300 1792

101089 81178 34056 14036 101528 37057 34221 24448 114155 85625 31329 21905 20807 29883 69009 86632 50983 27212 57059 102699 66392 74352 23899 44780 51935 25656 147937 26114 42986 64873 50343 31915 56510 23076 66429 57791 18025 17622 155129 16909 36673 53106 114118 82825 155275 148907 131888 119151 11949 63080

7969 4856 7095 9693 10916 5941 11999 7886 12864 7029 4190 4847 6351 8766 4903 6421 3907 6030 6493 8552 7464 6801 4001 9570 2614 6560 14979 4498 4503 12617 7978 5294 7448 10753 3124 4073 9987 7090 17673 9684 3335 5450 10694 6998 17196 18323 15742 11047 9376 2000

9 45 17102
13 28 31208
1 8 42782
20 32 44599
2 15 12384
11 15 67019
19 21 53279
9 46 30853
27 35 47497
8 37 18315
29 46 22496
32 41 32159
29 30 57050
26 46 54853
10 29 33261
28 31 46522
24 34 16482
7 19 46497
14 32 61751
26 37 42647
7 32 21561
36 46 67371
6 35 21168
6 16 20995
12 17 27306
11 16 26382
15 45 66843
0 33 36543
19 25 40520
11 38 32857
4 5 45657
11 12 58430
16 26 19251
10 36 43545
16 29 58164
31 39 17279
15 32 57999
1 27 16706
5 47 57158
22 32 22116
21 29 59155
32 34 56409
4 48 29181
9 40 16316
19 29 46490
30 40 17767
13 37 50694
1 14 28570
15 22 43265
10 11 13089
5 35 32591
18 47 43296
1 9 37161
5 38 44041
8 11 31989
2 14 53068
4 11 24654
17 40 31425
32 33 16712
6 46 45680
31 47 66914
7 25 29634
9 36 61787
3 5 49695
11 20 64605
24 43 68623
27 40 63153
17 19 62071
13 16 46207
16 31 68917
29 47 34411
22 43 31482
37 46 33602
19 40 47187
8 48 32791
7 30 35660
12 31 18455
32 49 31597
17 39 45641
17 23 35293
6 32 54076
13 29 33870
6 45 30119
16 17 43969
2 18 16337
2 11 16664
33 49 37012
12 15 44100
24 36 45338
16 36 43072
34 37 46295
0 1 52119
14 31 66168
30 46 67135
11 46 15007
26 36 36340
10 19 20627
16 34 12739
33 47 28292
27 30 49215
12 40 31737
14 23 17521
16 32 36167
34 40 61506
36 43 15049
18 49 21776
15 20 57594
28 35 60379
8 24 67611
31 45 37713
11 17 44225
14 22 38129
22 40 66405
7 40 37742
17 37 29720
10 23 49326
32 40 14978
16 23 52348
16 20 62753
30 48 42650
13 36 20573
3 7 25573
26 35 60464
5 49 64072
13 40 15607
11 22 37120
40 49 50122
6 12 58971
10 31 48260
17 41 13364
10 39 45811
3 30 61579
17 36 63823
25 40 34077
8 36 29923
10 26 18662
13 24 15438
23 41 50806
9 14 40188
3 26 18261
6 25 43089
35 48 49913
12 42 52773
33 48 24021
19 49 19880
32 39 41155
21 47 22219
17 25 48623
8 25 18802
38 40 14759
29 43 33712
35 47 21364
21 35 59801
12 27 59338
10 21 13475
28 41 42211
14 16 67266
6 47 24060
13 20 15292
22 23 23213
35 46 55467
21 39 10864
22 24 41386
18 48 38013
32 42 16472
10 14 43199
5 33 20479
20 29 33619
2 28 23161
3 19 54553
16 35 44842
9 43 27485
19 34 51031
17 33 22145
1 36 69627
20 33 23638
16 42 44011
17 38 29207
8 18 28275
3 39 32013
17 34 42134
11 47 41359
17 44 14060
5 30 65036
11 44 30077
12 36 68143
46 47 18495
11 21 49169
31 42 57173
16 48 10133
28 40 63100
27 42 18320
3 4 50417
8 15 66792
15 28 24746
1 18 69867
18 22 48303
6 24 51636
0 24 36203
10 16 33870
10 45 50546
12 45 27627
15 31 47640
5 24 12851
7 18 22394
9 31 45897
5 6 38899
11 35 66889
3 18 21743
0 35 42293
20 31 46770
29 44 47655
14 40 13384
10 43 19578
36 42 42390
0 22 62296
18 24 65460
8 33 36261
5 10 28860
2 40 20055
29 35 66383
10 41 11032
10 15 52312
10 28 68883
26 29 13742
14 45 54830
7 16 13335
19 26 65585
3 49 16059
14 36 10592
31 36 60753
20 21 13527
23 28 24952
7 26 41455
10 30 33186
23 49 39351
12 29 49604
1 21 19135
24 31 38303
23 34 38113
11 14 49193
15 44 34700
22 29 69712
16 46 35676
23 36 59733
5 37 66363
3 13 53441
31 37 48841
8 45 63965
3 35 54347
5 12 13947
26 41 11004
29 45 66223
31 41 27609
17 31 28156
11 23 30855
27 32 32949
38 48 26305
1 30 40126
13 18 50573
17 21 30391
23 46 22486
8 31 11111
1 17 24366
15 18 35907
27 36 46511
9 19 34552
2 35 47691
14 46 69797
25 38 19584
32 37 15306
20 24 61731
25 41 25995
36 45 25200
11 40 12159
3 42 28121
19 24 54851
16 45 48525
10 40 56220
21 24 15322
12 13 25889
0 34 64124
29 40 53634
4 14 35501
26 28 61399
15 36 35669
18 35 15524
8 20 11387
30 32 47577
13 43 29782
2 8 34503
6 13 24429
23 32 30654
4 44 29601
16 25 20129
1 39 41143
30 31 41042
5 26 28602
33 34 43509
8 17 20249
2 6 29187
14 47 55898
29 49 27602
25 48 20516
15 33 26015
17 42 69201
5 25 42488
32 48 12014
32 46 40868
4 17 34300
33 41 20823
7 14 17015
28 38 54996
0 31 18684
18 29 31862
19 36 65555
17 49 29136
36 38 40046
23 40 63024
31 44 66202
6 11 33004
17 46 23842
23 39 43316
0 17 10775
5 11 11756
1 33 67324
19 43 30518
8 41 16587
1 46 64241
36 41 46161
1 32 56347
12 41 19293
9 13 47453
8 16 64363
16 27 29902
30 39 13800
28 39 68109
0 13 48397
10 20 55641
13 38 57751
6 38 14246
30 37 34261
34 39 23697
32 44 64564
14 21 68263
8 21 34039
5 16 36725
12 43 12234
1 12 34815
38 42 68940
2 26 21447
25 26 49765
43 46 54667
19 23 63123
14 41 31618
4 45 51989
40 48 60233
11 19 37057
13 14 59241
6 29 21867
8 29 26630
11 29 66399
40 45 43525
31 38 21818
23 26 41658
21 43 17341
40 42 47782
16 24 14803
6 7 51695
0 32 27040
2 49 13084
9 10 63462
4 32 39563
9 16 67248
13 30 64283
1 20 40593
22 26 19306
38 43 16410
41 44 59909
2 31 63313
11 32 51128
8 32 26814
37 48 22044
20 47 63500
5 44 41686
32 47 19193
18 30 43853
20 36 50230
31 35 45317
16 40 44362
13 48 20877
10 25 62654
31 49 66231
7 11 25157
27 34 39434
3 11 41992
29 48 43409
20 46 63756
12 18 32566
22 34 61335
26 49 32079
16 33 51164
21 32 37468
23 25 21490
12 21 21013
20 22 54526
4 49 25092
20 45 64217
27 44 10528
1 10 31747
5 14 39985
7 15 14809
26 31 64688
47 49 10989
21 40 67963
23 33 33647
14 44 39279
6 10 50259
7 20 48347
4 22 21674
11 27 59744
14 43 33393
5 31 55523
11 41 38300
1 29 49125
2 10 50299
7 46 65929
28 29 46789
4 15 53674
6 22 30011
40 47 64387
1 4 35963
22 49 10611
18 43 42556
3 14 20113
37 40 62604
6 17 50430
20 25 26834
9 17 67892
15 26 58432
10 12 57325
0 3 20412
14 39 23838
11 34 68155
4 29 47122
16 49 25576
21 37 36109
24 49 17316
13 39 22046
11 24 27820
3 23 34102
5 36 32016
40 43 48564
18 39 16912
25 31 46128
7 31 35614
3 31 46216
0 29 40990
5 32 33227
31 33 21851
15 48 69453
41 43 66142
31 46 31109
9 38 14423
16 44 65473
26 47 17457
23 30 66953
14 15 10534
11 45 42610
13 33 34114
21 33 37075
11 43 54332
16 28 47897
24 32 15487
10 35 54466
34 35 35757
6 49 66909
20 34 31621
2 7 47499
35 45 25458
25 29 22572
28 46 38974
27 29 26674
1 7 67184
29 38 11239
12 19 68021
22 39 33168
19 30 41605
11 26 31959
25 34 36473
