50 50 1103
25000 25000 25000 25000 25000 25000 25000 25000 25000 25000 25000 25000 25000 25000 25000 25000 25000 25000 25000 25000 25000 25000 0 25000 25000 25000 25000 25000 25000 25000 25000 25000 25000 25000 25000 25000 25000 25000 25000 25000 25000 25000 25000 25000 25000 25000 25000 25000 25000 25000
2609 3292 6739 8933 6803 5984 10355 7650 8084 4246 5219 5776 6641 7816 4374 3847 5033 6429 6719 3660 7358 5396 5219 8345 4182 6387 7391 5542 5038 10349 6400 5558 6051 9568 3792 4898 9064 7159 11178 8697 4781 6033 6661 5299 8845 11656 9977 5301 8663 3947

2368 1148 3204 4509 4028 2752 5457 3845 4791 2504 2396 2628 3220 3859 1838 2266 2285 3117 3299 2596 3680 2582 2296 4205 1779 2994 5115 2491 2189 5399 3046 2499 2838 4940 1446 2351 4642 3507 6634 4369 2035 2890 3943 2607 5984 6919 5919 3574 4385 1538

38119 28711 4914 17161 44553 7030 26409 19622 50450 35490 13876 9147 14977 9987 21848 35330 20546 15111 25670 37312 29954 23679 9828 13734 19303 6568 57472 8895 11180 22957 12390 7341 15489 21294 21806 22713 18992 16657 67393 15523 12297 23856 48568 27686 66066 66973 59161 44864 16203 22621

94158 75406 32372 11548 94124 35112 29982 21024 105322 79267 29681 21275 20071 28595 64292 80186 47630 25921 53179 95094 61702 69206 23096 42165 48700 24701 135170 25118 40527 60515 47246 30416 52911 19804 61669 53847 15191 17163 141838 16712 34762 49569 105288 76944 142841 137025 121516 110118 12183 58878

1432 1277 1715 1883 566 1580 2152 1577 838 876 1061 1250 1363 1923 1524 955 1016 1318 949 1655 814 1789 1133 2087 1015 1583 2005 1269 1379 2512 1815 1381 1823 2008 1383 947 1901 1497 1685 1925 1108 908 1169 1798 2040 1600 1240 2003 1836 1237

29389 21549 6421 15994 35203 3514 23701 16197 40108 27663 10383 7483 12332 10627 15840 27251 15232 12444 20193 28704 23757 17769 7029 12654 13919 6260 45474 6253 6966 20326 9090 4947 10956 19446 15805 17035 17517 13730 54202 15093 8371 18684 38375 21102 52622 53852 47354 34986 15197 16483

181956 151443 81972 45118 179349 86890 28499 43134 199791 153664 65767 58805 48555 75277 138615 155294 97584 53176 107361 187467 122469 147325 56998 99391 102384 68433 259515 65619 96429 131920 108338 78565 118381 37594 126439 108605 40319 50569 262507 54213 78328 100962 199791 160389 266358 256048 228497 214099 46244 120958

70158 56137 33391 20160 68960 32030 26544 6370 78353 57158 16770 13571 8861 34044 51550 57907 31390 10985 35882 72690 42824 57376 12741 45125 33595 25346 105796 16702 32220 60071 42892 24339 46527 21820 44649 36454 21085 12128 107171 24366 22542 32942 78353 60248 108940 104203 91544 84928 20704 42130

1719 1555 2020 2186 797 1877 2480 1869 697 1127 1324 1525 1646 2242 1817 1211 1359 1593 1205 1956 1061 2099 1395 2416 1275 1880 1940 1538 1663 2869 2127 1665 2135 2327 1668 1203 2218 1789 1599 2239 1374 1156 1050 2109 1977 1509 1125 2149 2144 1511

1038 879 1459 1709 1024 1320 1995 1402 1305 464 869 1050 1181 1674 1133 546 738 1134 1066 1268 1206 1406 928 1875 768 1323 1950 999 1145 2314 1562 1115 1500 1846 988 667 1736 1318 1983 1748 832 916 1087 1416 1986 2088 1720 1628 1668 837

282030 211282 141015 156813 275986 123980 205925 104130 324205 216434 12638 46089 66146 165880 198300 220212 86408 58178 109075 294806 144106 241573 25277 212999 97536 105504 461992 48149 106122 288418 178793 81738 185456 180442 162789 111960 161484 89774 468792 165811 55499 94239 323380 245901 477721 453818 389938 356556 149807 140603

50691 38013 17684 20961 51754 16554 32069 15322 59686 41572 8429 1231 9073 20938 32781 41335 20566 9254 24295 52228 30058 37595 2463 29549 19775 11074 79235 3830 16712 41956 25571 10170 28589 26227 28724 24385 23131 11333 83247 20927 10350 21854 59166 41335 84557 81009 70500 62387 19673 26656

87703 68425 38207 29484 86090 36375 42477 15319 98955 70203 15832 11526 5185 43485 62653 71210 35513 11563 41561 91111 50906 70496 10371 57448 38482 27377 135275 15741 36631 77569 50998 26021 55891 35788 53362 42330 30731 11599 137529 32581 23565 37602 98735 74362 139911 133534 116492 107586 27615 49972

8994 7014 1953 3076 10270 2400 5044 4089 11525 8342 3428 2289 3530 1217 5553 8308 5162 3558 5938 8844 6878 5947 2434 2672 4897 1741 13134 2275 3283 4634 3544 2352 4204 3955 5544 5623 3465 3423 15131 2520 3406 5551 11125 6799 14963 15041 13379 10451 2868 5718

22109 13806 17181 27575 34163 13983 36054 25399 39559 23393 16297 15828 21148 21809 7310 21709 15513 20779 22678 21463 25368 12569 14621 24038 11931 16866 39913 14091 11169 32479 15843 13360 14375 31372 9640 15974 29250 22701 52897 26598 12776 19787 33563 13114 48346 54681 47531 28374 26698 11815

16807 14001 25640 30561 19556 22905 35602 25154 24505 9679 15763 18421 21255 29433 18478 8135 13451 20437 19232 20868 21699 23300 16271 32126 12619 23236 35094 17533 19253 39867 26303 19556 24957 32986 15933 12196 31041 23680 36455 30709 14579 16581 19881 23476 36497 38302 31816 27205 29842 13261

10299 7390 7031 8472 10011 6048 10492 6305 12559 6963 2542 3918 4743 8551 6856 7119 1531 4415 4164 10825 5152 8788 3062 9992 2712 6068 17458 3782 5031 13093 7754 4593 8294 9443 5401 2666 8664 5714 17692 8842 2599 3101 11362 8989 17709 17551 14924 13365 8184 4483

175305 136474 78453 73100 171987 74683 92515 36644 198000 139301 27445 23562 23034 89311 126332 141375 67935 11423 80376 182317 99603 144881 22846 118038 74042 56173 274079 32233 75211 159433 104768 53383 114834 79433 107218 81959 75663 36305 280374 79396 45918 72233 198000 150423 282712 269592 234531 216209 69254 97680

14104 10872 9452 10186 10309 8668 12441 7754 12529 10040 3542 5082 6005 10597 10274 10214 4313 5638 2061 14718 4237 12438 4123 12767 5635 7817 21789 5177 8073 16239 11122 6723 11726 11267 8646 5230 10401 7099 19186 10594 5350 2795 14964 12662 22071 18497 15556 17561 9863 7618

4719 4738 8597 11897 10320 7583 14113 10500 12031 6905 7254 7875 9152 10064 5467 6371 7005 8870 9277 3656 10130 6729 7312 10878 5869 8497 9506 7622 6695 13554 8172 7390 7707 13238 5406 7151 12428 9845 15675 11583 6547 8360 10130 5845 12180 16314 14559 5847 11614 5613

2204 1718 1581 1691 1302 1463 2030 1326 1635 1593 693 924 1063 1760 1628 1619 733 1008 555 2296 390 1953 780 2079 931 1335 3066 939 1298 2600 1756 1171 1846 1853 1384 871 1722 1227 2673 1752 889 505 2041 1987 3108 2532 2090 2723 1643 1229

33087 23443 23170 37575 50155 19559 48702 36072 57236 36022 26166 23493 30494 29263 14919 33813 25682 30655 35084 31815 38614 11166 22333 29102 20982 23524 56025 21214 17380 40178 17905 20255 15978 42538 17975 26288 39775 32512 74738 35911 21002 31291 49368 15978 67091 77038 67697 40884 36405 20830

29547 21819 12087 14277 30208 10393 19877 9670 34960 23989 3801 2252 5847 14071 19650 23844 11199 6260 13471 30993 16984 22873 0 19319 10703 8017 46945 2293 10145 26881 15889 6157 17728 16757 16158 13513 14856 7665 50147 14257 4959 11984 34713 24051 50189 48040 41634 36675 13492 14897

19258 15154 4883 8660 22473 5240 12851 10822 25140 18677 8930 6798 9435 4715 11943 18148 11947 9496 14265 19106 16203 11616 7106 3553 10898 5631 28226 6684 7117 7725 6509 5973 7911 10537 11924 12593 9496 9405 33421 7486 7881 13444 24198 13429 31946 32615 29081 22522 8227 12293

32600 22120 24063 31410 36263 20115 39682 24603 43406 26098 11050 13644 18976 29538 20197 24684 10012 17796 19495 34493 23056 27157 10541 33424 5270 20594 59259 12362 14845 44597 26668 15282 26495 35297 14936 10622 32488 21866 64743 31379 8099 15669 41636 27879 64804 63420 53958 43640 30250 11650

19133 14415 4124 7502 21736 4258 12148 8180 24693 17191 5611 2952 5851 5337 11613 17111 9697 5918 11525 19369 13673 12852 3268 8547 9073 1634 29479 2801 5623 13172 7620 3075 8745 9583 10952 10784 8420 6693 33190 6967 5560 10615 23935 14794 33148 32667 28750 23156 7022 11361

175156 190444 281463 355282 238383 258749 406770 325852 225170 205569 253234 264755 294457 314332 211356 210756 242970 289434 287742 170788 273327 239639 248102 332568 222222 279224 124051 257875 238875 392519 271962 254436 261534 380835 205405 233251 365874 308872 262243 348348 234998 267212 177231 219819 183947 276549 279934 151733 352989 210046

31417 23339 11056 15023 33379 9282 22113 11424 38298 25597 5582 2430 7436 13292 19279 25460 12766 7551 15708 32571 19387 22351 1601 18629 11698 6794 49650 800 9022 26549 15038 4846 16963 18384 18146 14626 16408 8878 52990 15002 5683 14150 36827 24738 53033 52629 45921 39055 14201 16091

22292 15532 8585 15815 27305 6079 22449 14122 31534 21286 7458 6609 10790 12212 11525 20448 11037 10887 16351 22629 18460 14092 5916 13959 8953 7422 37089 5247 2958 20575 9380 4675 9917 18779 10579 12122 17129 11995 44699 15038 5121 14086 30040 16086 42325 43386 37782 28046 15128 11164

35887 29205 12480 18630 41122 13061 25455 22151 45465 34940 19069 15598 19892 12207 23976 34080 23982 19991 27757 35640 30912 23444 16099 10314 22275 13699 50490 15413 16118 8049 15128 14256 17411 21687 23945 25034 19991 19843 58502 16718 17362 26420 43931 26395 56547 57636 51882 41202 17925 24545

12035 8916 3727 7937 15528 2988 11116 8229 17556 12413 5826 4628 6632 5471 6476 11884 7270 6678 9817 11792 10828 6101 4440 5425 6843 4123 18722 4120 3693 8596 2220 3580 3285 9358 7288 8021 8567 7210 23593 7374 4435 8731 16331 7478 21757 23235 20550 14388 7608 8162

16816 12300 4673 8907 19038 3674 13346 7880 21863 14695 4330 2861 5655 6838 9623 14610 7526 5719 9982 17041 12034 11338 2398 8891 6931 3300 26701 1952 3900 13310 6886 1199 7961 10895 8991 8573 9784 6460 29982 8388 3574 9112 21992 12670 30199 29780 26037 20660 8448 9382

33291 24043 13451 25678 45466 10386 35106 25927 51477 34720 17347 15249 21192 18623 16808 32845 22433 21329 29985 32571 32982 15695 14693 18486 19385 13751 53121 13742 10951 27888 8982 12141 7346 30148 19402 23889 27802 22904 67566 24266 14025 26766 46032 19779 62514 69570 61607 40269 24685 21808

946126 772783 372672 171891 941607 399465 229188 203364 1052973 801673 322800 261306 229995 336196 681269 810550 496143 258078 549405 987768 631719 728398 261790 467575 512606 298912 1361570 298428 451435 644793 516318 354111 575875 130895 640112 556184 145421 201588 1394657 221440 377998 514543 1052973 803126 1415639 1359472 1209370 1121245 178024 610899

11074 6516 9745 14620 17265 8055 18070 12049 20125 11582 7198 7592 9802 12191 5780 10692 6792 9607 10578 11927 12000 8559 6353 13369 4891 8961 21336 7495 5951 17830 10200 7109 9514 16229 3176 7028 15116 10875 27174 14096 5378 9051 16956 8848 24582 28075 24330 15579 14222 4326

15829 11730 12055 14909 14887 10463 18181 11400 18098 9950 5307 7379 8870 14516 10865 10202 3806 8340 7557 17293 9159 13994 5984 16447 4154 10495 26946 6793 8459 21470 13235 8116 13697 16483 8500 2992 15221 10444 27326 15353 4886 5837 17073 14319 27353 27097 22842 21406 14443 7022

260549 211357 97602 40426 259264 105128 73603 59561 291477 219479 83331 65940 56946 87232 185247 222003 132614 73007 147849 269818 171160 198738 65986 124584 137295 76540 378755 76494 119995 174969 138442 92233 155375 45566 173638 149685 32993 48961 388070 54606 99025 137846 290926 219984 394035 378067 335391 310337 42170 165240

137814 108160 60774 37261 137095 58008 63568 27330 156514 113056 30982 20497 15076 61549 97731 114578 60691 24757 69875 142959 83983 109515 20525 84066 63513 44425 209073 26860 58395 114439 80082 42378 87468 46721 85421 70981 39142 10262 214743 41936 40442 63900 156127 117123 218284 208713 182987 167828 34439 80359

45190 41683 54470 59493 29821 51403 65177 52117 27688 32544 40378 44494 47243 59211 47631 34351 38581 46820 37823 48504 35461 53659 42775 64357 39250 51465 40960 44335 48318 73399 57395 46882 55712 61907 44450 37012 59475 50292 21387 60630 40660 36889 30385 54285 34060 23696 24243 45428 59070 41092

22574 17974 7146 4104 23542 8089 8618 6428 26371 19848 7822 5211 5621 5744 15256 19762 12226 7047 13579 22804 15670 16305 5658 9081 11939 5543 32644 6154 9417 13583 10795 6937 12308 6121 14604 13612 4997 4907 35329 2829 8519 12693 26231 18261 35444 34157 30344 26490 3636 14436

80057 56481 38011 53182 85773 30699 70728 39587 100523 63100 15801 16494 27925 49316 49862 62659 25677 26917 44210 82915 51564 61965 10086 58183 22567 30846 133135 13847 23134 81255 43390 19877 47404 61209 39209 31140 55409 33472 142906 53119 5043 36309 95817 63289 143032 141855 122313 103360 50787 35364

58028 43758 39723 42962 45043 36260 52917 32225 54677 40086 13627 20427 24504 44777 41119 40854 14800 22884 13348 60736 18235 50669 16196 54356 20636 32504 91957 20846 31401 69686 44861 27673 47528 47737 33928 18849 43884 29335 84235 44763 19379 8098 61825 51661 93199 81191 68206 73289 41538 29391

11687 10319 16111 18256 9625 14832 20714 15620 8793 7559 11041 12598 13719 17960 12502 7885 9913 13320 12732 13667 11825 14853 11550 19329 10071 15090 13193 12158 13052 23103 16310 14031 15654 19439 11261 9301 18490 14901 14420 18590 10725 11440 5775 15097 13994 15320 12357 14935 17905 9951

19812 14312 16981 25818 30875 14743 32575 23312 35262 22118 16250 16268 19856 20756 9331 20750 16000 19556 21825 17087 24012 9543 14550 20656 13087 17100 32087 14856 12481 27518 13718 14262 12525 28893 11225 16375 27181 21506 46393 24875 13050 19475 30675 7275 38943 47856 42043 22706 25093 12993

107792 115691 168663 190737 120397 157010 210766 169251 113618 103562 131938 144628 153760 185526 134768 109304 122750 150511 145721 113954 138325 149278 136084 193650 124879 163256 89976 141042 142499 224408 164573 150483 160511 200373 123367 117764 192641 163396 108212 193454 129361 135188 93057 139110 68042 115551 117288 104178 187935 125748

50320 46673 57109 60151 29943 53921 66703 53124 27725 37172 40919 45381 48057 62039 52583 39050 40589 46994 38262 53765 35074 58814 42605 65905 40553 53307 45922 46572 49175 75966 59473 49220 61003 63303 49184 38958 60774 51227 25572 61352 42752 37291 34927 59519 38748 21302 24143 50567 59235 45803

13547 12443 15576 16502 7348 14610 18481 14368 6676 9565 10672 12024 12834 17069 14205 10134 10572 12512 9867 15145 8902 16103 11183 18240 10561 14424 14940 12384 13172 21287 16292 13186 16755 17451 13197 10078 16686 13794 8777 16860 11227 9573 9046 16305 12767 8172 5591 17640 16219 12151

1568 1572 2542 3371 2975 2287 3928 3020 3140 2117 2205 2361 2682 2911 1756 1983 2142 2611 2713 1300 2927 2073 2174 3115 1857 2517 2006 2297 2064 3788 2435 2239 2318 3664 1740 2179 3495 2856 3556 3292 2072 2483 2603 1850 2678 3717 4040 1087 3300 1792

101089 81178 34056 14036 101528 37057 34221 24448 114155 85625 31329 21905 20807 29883 69009 86632 50983 27212 57059 102699 66392 74352 23899 44780 51935 25656 147937 26114 42986 64873 50343 31915 56510 23076 66429 57791 18025 17622 155129 16909 36673 53106 114118 82825 155275 148907 131888 119151 11949 63080

7969 4856 7095 9693 10916 5941 11999 7886 12864 7029 4190 4847 6351 8766 4903 6421 3907 6030 6493 8552 7464 6801 4001 9570 2614 6560 14979 4498 4503 12617 7978 5294 7448 10753 3124 4073 9987 7090 17673 9684 3335 5450 10694 6998 17196 18323 15742 11047 9376 2000

32 36 50143
14 30 52296
28 36 45811
26 41 28162
14 45 20988
19 41 23379
41 43 39168
21 42 49682
3 15 61534
4 38 66534
5 32 43218
41 42 65191
32 42 19554
3 31 33443
5 12 62579
0 38 54458
19 22 15356
17 45 46053
1 34 60646
18 29 35007
28 42 23788
8 23 31345
11 48 11595
11 18 23792
2 26 45710
33 48 44650
27 46 17138
6 39 53778
47 48 51066
34 36 22106
31 46 32000
35 39 28509
22 48 57603
32 34 18522
25 40 35205
2 3 14167
3 40 34057
1 17 56235
0 3 60825
21 32 40925
4 41 32494
3 35 21890
8 15 69700
30 37 68467
34 35 25031
13 27 24410
7 45 53565
16 34 26529
24 25 13908
22 29 43700
29 40 32865
5 13 30249
0 34 25522
3 28 34717
2 40 28652
30 48 67167
28 44 23358
9 14 45063
27 36 14723
36 41 63824
0 43 18387
35 40 18927
15 31 27580
39 48 45261
11 31 12649
19 49 12744
13 45 68972
12 35 34579
5 40 51620
4 5 55126
31 44 67081
1 35 63561
41 46 13490
7 41 45639
15 29 24296
6 34 62254
35 38 11980
8 47 36778
11 38 48780
48 49 63192
30 43 20999
19 30 41229
3 5 41072
17 31 46607
4 42 19388
23 41 35107
14 29 26166
11 41 39050
26 42 69434
1 18 62155
20 36 56294
9 22 58556
26 43 67732
3 23 42120
10 35 39514
22 23 52225
36 40 43389
21 29 24769
6 45 43546
39 40 51439
13 37 47393
24 38 23688
12 36 59498
43 48 47500
23 45 21712
0 44 24803
31 41 36205
3 39 20564
17 22 52977
28 38 22589
23 35 30137
10 48 39433
2 23 42553
31 49 32273
17 38 69864
15 48 23319
14 42 56685
22 38 17243
21 45 44031
26 31 35113
10 36 48683
16 44 65891
13 23 17560
35 36 50967
24 36 11281
19 37 37314
13 26 22656
8 12 49230
0 1 63091
15 38 13450
39 49 39499
3 48 64496
18 31 65920
17 49 62366
41 49 68624
0 14 37835
8 36 43823
19 48 16480
16 24 64465
18 47 66207
25 35 15288
9 36 51450
8 21 54552
2 49 37439
17 48 44325
38 43 17024
27 29 69802
20 49 42150
3 45 25400
0 47 59956
8 22 16278
11 26 25615
31 45 63658
1 21 43628
18 41 43828
36 49 18153
13 25 27639
7 35 31346
31 35 32424
19 21 14117
17 36 41816
36 48 22715
36 47 34803
27 48 61623
14 47 43665
17 35 40655
25 29 33653
5 38 54330
0 6 30508
7 10 39718
10 40 22076
8 48 55594
31 47 49616
3 4 66191
4 36 65724
33 35 68789
2 38 45735
20 28 33442
31 38 30653
24 29 15026
24 35 18785
3 10 56403
13 22 44094
38 46 11891
29 46 22975
31 40 23222
2 6 31622
15 30 16909
34 48 27898
3 7 13277
24 40 37694
13 33 15446
3 33 59997
20 48 26109
23 38 66097
25 36 27109
2 27 31102
4 48 11605
29 41 68530
0 15 24082
16 42 57249
29 34 58700
15 41 60406
10 46 32251
13 21 32994
3 44 56210
23 31 14021
18 25 16259
7 49 30545
15 36 26809
25 27 17789
13 17 55808
2 15 59573
10 26 46230
8 26 13053
4 11 21749
0 11 51902
6 29 33458
40 49 18200
1 49 50610
21 35 57666
16 36 44025
38 41 40619
29 33 67848
5 46 24794
10 14 42090
30 36 10717
31 42 13618
8 16 27453
15 35 60535
24 31 52303
9 11 45094
26 34 24875
0 48 18654
5 26 18546
26 36 16411
5 24 38227
4 32 10042
3 17 30719
37 41 12151
12 15 22546
17 47 20240
9 18 14280
15 24 25696
24 46 27991
38 44 64383
29 49 30657
6 46 58785
27 31 50171
16 40 32892
0 10 56703
6 33 67072
1 30 19739
0 40 35917
22 41 17146
35 49 40257
4 33 36594
11 28 55099
5 29 28640
40 41 14751
14 23 41311
13 20 59069
12 38 50753
3 46 61785
3 41 45291
0 13 43925
27 49 53980
0 8 11208
12 48 62396
16 29 58462
16 25 29479
43 49 41377
26 45 21358
10 43 39091
27 30 63699
14 31 28773
29 37 55118
36 44 51263
8 41 55694
18 30 33221
13 19 69867
12 43 17263
0 4 62429
21 31 23992
39 41 57741
34 41 18651
0 42 43316
19 34 15435
9 21 42931
3 24 36815
35 48 30510
18 37 61640
17 32 15571
37 49 65784
18 40 28092
14 39 46535
22 43 50437
15 17 36090
22 42 14412
29 39 51974
15 42 64680
16 49 33658
10 33 64938
16 31 46954
16 26 13619
25 43 64499
6 47 23642
22 46 64043
32 46 53325
10 49 32621
22 27 30974
12 25 53662
20 26 17239
18 35 68561
20 31 24119
8 31 38090
7 40 65445
23 43 11078
14 17 30840
42 44 28250
17 29 63945
31 43 22874
0 45 45314
21 41 48943
33 34 18885
4 20 54342
12 21 47148
25 41 65555
8 35 24182
14 48 18181
16 35 56792
25 38 11385
6 25 50161
13 31 42617
0 31 62640
0 32 59746
23 48 50044
5 23 28455
3 32 31678
20 37 56140
22 47 45391
19 35 34708
0 7 32769
7 8 19068
32 35 36520
6 38 39538
3 38 27805
30 49 17689
13 18 55531
31 37 68966
17 23 17602
46 49 59039
0 18 13472
6 24 37289
13 38 39177
18 42 42143
29 44 18194
2 32 51392
45 48 51399
7 11 42200
30 39 29851
20 35 43373
37 44 54804
4 43 45621
30 31 55655
30 38 42789
11 36 57583
9 20 15187
29 36 51464
18 48 62634
11 37 68048
16 33 61637
13 39 43770
0 23 11490
10 47 33487
16 48 45230
4 24 57571
8 38 55279
31 33 23951
11 45 36994
9 25 41913
34 38 39290
31 48 43753
1 26 44836
6 15 29096
7 16 60142
25 33 26531
20 25 45529
7 48 36948
4 23 27611
36 37 44995
8 24 68058
5 17 35730
6 23 29224
31 34 38520
17 37 13571
26 44 68144
13 36 42071
5 45 29480
5 41 69255
3 49 68662
1 14 17863
13 15 65460
29 38 27635
8 37 54696
28 29 47128
7 14 50230
25 31 16540
26 35 52807
12 41 67783
0 20 46268
11 32 33902
4 31 56357
36 43 28449
12 16 37165
7 29 66557
9 33 41385
8 49 15303
1 36 69954
2 29 35679
10 25 20327
6 18 26482
35 43 12277
26 49 30802
9 41 10929
36 42 30695
11 46 54224
34 49 21608
6 28 14856
13 35 10702
1 12 22046
1 38 44276
14 27 23820
0 26 44560
22 31 24660
3 34 68423
24 30 37331
19 29 61972
29 45 60069
7 13 48977
22 36 65644
22 35 38196
34 42 18555
9 45 44732
28 40 44147
8 19 31860
10 34 66979
4 26 51767
24 44 57858
4 6 46715
6 36 38709
17 24 61790
29 47 12183
20 33 47791
12 49 18677
22 40 53251
19 47 50725
7 24 18472
6 44 25535
23 47 36976
42 45 52924
4 17 58019
20 22 67115
39 42 24987
23 26 68255
26 33 69632
11 49 36839
1 41 57289
29 35 57325
25 45 43417
3 47 16131
5 7 22464
26 29 14541
20 41 58279
34 37 38425
22 34 31902
21 37 38377
0 17 25537
2 10 49705
27 38 44749
1 37 32225
29 32 39208
1 16 60087
7 36 52372
15 47 63718
5 11 55555
29 42 18884
6 22 68849
27 44 53240
6 48 43502
13 46 24524
45 46 45156
16 19 27466
0 33 42678
28 45 43359
6 14 57274
9 26 16091
19 27 66791
4 27 55121
0 12 67874
32 41 29236
15 21 60830
30 32 15731
0 30 51545
30 35 58948
6 42 22778
9 46 44736
32 37 68516
2 48 60770
35 45 11516
7 43 25047
15 45 41855
41 48 39556
11 27 51602
4 18 42093
26 39 15657
1 27 45046
12 46 29448
5 25 68308
35 46 39748
20 47 50326
1 11 12868
9 16 64745
6 27 29406
47 49 19004
2 43 43928
19 44 31854
3 13 67333
17 43 68714
25 42 28229
25 49 40551
6 16 32135
6 43 42516
33 45 56374
2 14 16862
2 8 52363
23 24 45075
19 38 24391
14 49 20900
12 31 49619
32 44 64720
0 19 53956
10 17 41471
44 45 42270
20 39 54507
2 19 23134
5 22 36528
0 49 42797
2 31 51138
8 17 64152
8 29 21719
26 38 69473
33 40 43887
3 9 38755
1 28 69805
21 33 26834
32 33 44062
24 43 45383
2 39 16362
1 48 10003
15 44 20294
19 31 40211
35 47 10548
7 47 58008
0 25 68606
5 49 63972
26 48 52958
3 20 31403
12 17 29451
18 23 35917
21 43 32817
22 24 35921
15 49 65683
9 38 36698
9 28 31099
16 39 27198
44 48 61981
2 24 30357
16 28 24702
35 37 20643
22 49 24808
37 38 57918
10 13 20202
23 29 48896
9 35 21621
25 46 58908
36 45 69706
18 39 53461
6 49 38275
5 10 31717
3 30 11144
0 21 55053
23 36 12751
2 44 32081
17 19 48060
2 12 52904
15 22 59483
5 14 12776
13 49 50141
17 30 51480
33 41 68627
39 44 60487
19 45 19500
5 48 28004
14 41 18390
28 43 61436
6 41 52921
26 32 36944
24 41 16183
12 19 25268
42 47 43892
14 22 59255
3 21 63278
36 46 57344
2 25 67989
17 33 59467
11 15 45638
28 35 29232
3 37 36042
30 42 45057
0 39 39100
27 32 18251
18 21 49408
0 36 31978
0 22 46362
13 41 51978
0 28 69704
0 2 67914
6 21 57548
20 38 60686
28 30 48366
35 41 28579
8 18 42247
41 45 69143
35 44 37189
21 26 54863
2 35 47119
3 36 42595
10 15 50451
21 49 12117
29 30 18247
27 33 49209
14 40 49612
8 10 35218
12 27 44523
1 43 59124
27 34 66055
9 12 36892
2 36 55513
13 29 48732
0 16 46661
38 42 43276
12 22 50993
12 29 52449
4 14 46872
38 45 60398
13 48 62947
5 31 15212
0 37 16729
14 36 34003
15 18 68476
37 40 16282
16 47 30829
3 43 44973
9 30 45637
28 49 53330
34 43 11583
13 16 48220
7 37 44619
3 22 38304
38 48 39520
7 32 18751
14 21 10451
32 49 17166
9 40 66537
31 36 22717
14 35 66440
0 29 11684
0 27 26459
17 26 57896
9 24 24647
13 42 26537
36 39 69974
7 38 45235
21 48 37568
13 44 20367
1 29 44384
2 17 41696
29 31 43082
28 39 16300
11 35 32174
1 8 58917
27 35 60159
11 29 10167
11 14 61544
32 48 33000
14 16 41431
6 7 68851
3 18 56436
46 48 28138
27 41 59767
4 25 45376
19 36 57623
31 32 33270
9 39 20219
18 24 36752
22 28 10729
2 16 25292
26 40 40554
8 34 43935
37 46 25664
18 49 62575
0 24 58614
43 44 40641
7 28 59795
24 32 23338
20 21 39426
42 48 37997
4 19 42214
29 48 12039
20 30 42980
19 23 49111
14 20 18744
29 43 11026
24 26 32004
3 26 23538
40 47 41895
27 43 46906
40 42 31822
4 39 17699
8 33 18468
42 49 61179
20 34 56180
10 41 29229
12 39 44728
6 11 22968
30 47 24344
3 8 15703
7 20 68625
0 41 24528
22 44 51690
28 41 44725
25 48 56322
19 20 56235
9 32 53464
24 42 41904
45 49 49257
41 44 51969
12 20 16542
0 5 18114
14 37 56751
0 46 11121
32 47 35303
18 36 58468
38 39 35696
38 47 30984
19 46 53206
2 30 43112
10 37 29482
12 44 11956
11 22 47565
20 45 17020
33 47 31227
33 38 16542
5 30 24472
18 28 31183
8 39 57881
9 44 24460
37 45 51271
11 17 59254
9 29 28066
4 40 36494
40 48 28089
45 47 17227
33 49 41094
10 31 50517
21 36 17329
15 27 59766
11 19 58668
37 43 66326
8 40 20964
18 26 26505
9 48 61955
1 39 34171
21 38 56035
18 19 62334
3 16 45805
10 29 51801
5 33 40575
41 47 53608
24 33 32497
5 37 44613
26 28 33803
7 34 68382
4 49 42828
17 41 37753
1 5 46501
27 42 64780
36 38 37365
8 28 23823
21 23 54518
21 47 63929
28 37 47127
16 41 48502
1 22 46900
5 20 55799
10 18 68376
22 37 51365
1 19 66932
25 28 56792
16 37 56597
34 47 35694
11 40 33087
16 22 13695
25 39 61567
24 49 38136
16 38 45819
34 46 30692
31 39 19937
33 44 54933
2 46 43446
24 39 20519
23 37 25428
44 49 28285
15 20 53773
20 46 16405
4 21 66049
28 31 15609
23 27 26858
42 43 31729
21 27 48966
24 48 66651
28 48 34073
23 42 62016
23 34 50823
14 18 67275
21 40 41965
7 31 20375
0 35 21820
15 26 21896
12 26 20165
33 36 48105
15 40 24685
21 28 35349
14 32 27303
46 47 62110
3 11 59087
19 26 45339
16 20 40389
28 32 21454
5 36 38588
20 29 59765
9 27 38665
0 9 10088
27 39 15229
9 13 58220
2 41 64571
6 31 31608
7 23 44323
1 3 62942
7 26 56179
11 21 10038
9 10 68098
23 28 10566
17 39 24874
2 47 26125
11 24 42891
24 47 66157
4 44 40315
1 15 28468
28 47 54658
12 47 60939
19 43 67298
14 24 22770
4 29 21646
25 44 33247
1 31 37191
16 43 55232
5 28 20804
38 40 28059
39 43 19960
15 23 43425
2 28 62217
2 18 30835
10 24 12255
35 42 20218
33 42 68135
3 14 60427
1 40 60131
3 27 37052
20 44 43194
3 12 33887
13 28 47869
17 44 47816
12 40 17059
3 42 60780
23 40 64345
14 38 46300
6 17 15929
44 46 55520
1 42 58581
6 10 29382
19 28 31179
4 34 52147
12 37 35148
21 30 35230
4 16 33783
11 34 20869
26 30 20378
23 46 36753
5 34 30987
12 32 68744
25 26 51738
6 12 36177
15 43 54320
14 25 42279
25 32 29577
10 20 29615
30 45 11469
22 39 26352
17 34 45246
4 8 47102
11 39 64984
6 20 47108
6 35 23083
2 5 69229
2 7 31394
11 43 23687
8 32 55157
14 44 37226
2 13 13704
7 46 24519
15 32 13307
20 27 50466
12 28 22324
9 37 53538
21 25 12684
38 49 20883
14 46 55039
2 42 37316
3 19 13995
14 28 54335
7 18 46658
17 27 62806
23 25 60030
17 40 37718
7 9 53821
9 19 51300
4 28 50658
15 37 61905
3 6 52869
1 6 62695
5 18 30367
37 39 17507
22 45 25854
9 31 25669
3 29 35652
14 33 67381
19 24 20169
11 23 10551
4 15 44502
32 39 28217
24 45 32649
16 27 15450
8 9 55568
1 47 30574
17 18 67083
7 12 48276
4 47 51131
23 49 57140
30 41 67034
1 7 38977
5 42 37098
30 40 59280
9 49 50829
2 4 11750
6 40 40242
8 43 43653
2 21 53770
14 43 30483
18 46 10743
8 13 44202
18 43 28610
1 23 49560
5 35 32545
15 46 31012
18 32 63793
24 27 64406
34 45 50632
5 21 20300
40 45 67801
26 46 46792
21 39 18446
9 34 55220
27 28 23833
30 46 55839
27 45 21045
32 40 46687
18 38 54661
4 12 63682
9 17 17230
5 16 48927
5 39 38968
4 35 44056
15 39 51303
11 13 53203
18 33 30693
2 33 41431
5 19 64725
22 32 55641
18 20 56639
14 26 57419
15 25 13661
13 47 49481
5 44 14636
15 33 41956
2 37 69999
13 34 35031
21 44 18499
40 46 60709
19 42 65587
34 39 63191
12 34 16048
39 47 19703
33 37 63415
11 47 31472
11 20 48965
44 47 12021
21 24 67281
1 24 17376
7 30 36807
14 34 48068
13 43 12356
7 27 30057
23 44 24328
1 4 34943
37 48 66820
37 42 60479
19 40 17040
21 34 37925
7 21 29811
2 22 14792
2 11 32572
18 27 15688
5 47 10457
17 25 56054
12 23 14539
11 44 40499
32 38 49362
7 44 52037
15 34 35607
9 23 37890
12 45 59399
11 30 59579
7 17 52837
20 24 31178
22 30 41185
16 32 23566
19 25 67069
30 33 35751
4 22 54462
43 47 59077
4 30 58068
43 46 18038
2 45 44416
5 15 43262
9 43 19198
12 13 56734
26 27 41664
2 9 29321
16 30 28100
39 45 51433
4 37 40755
8 11 65184
4 13 36396
7 33 59635
8 14 67024
20 43 22000
22 25 32571
2 20 46806
39 46 32257
10 16 19152
13 32 33362
12 33 52194
1 25 66484
10 30 43811
15 16 16299
10 42 38154
24 37 32386
6 37 39162
42 46 30700
3 25 21782
22 33 31793
4 45 37100
9 42 30249
21 22 15637
17 42 36116
12 18 36103
16 46 44961
14 15 66647
8 25 44097
10 32 32457
16 17 67844
