50 50 1225
25000 25000 25000 25000 25000 25000 25000 25000 25000 25000 25000 25000 25000 25000 25000 25000 25000 25000 25000 25000 25000 25000 0 25000 25000 25000 25000 25000 25000 25000 25000 25000 25000 25000 25000 25000 25000 25000 25000 25000 25000 25000 25000 25000 25000 25000 25000 25000 25000 25000
2609 3292 6739 8933 6803 5984 10355 7650 8084 4246 5219 5776 6641 7816 4374 3847 5033 6429 6719 3660 7358 5396 5219 8345 4182 6387 7391 5542 5038 10349 6400 5558 6051 9568 3792 4898 9064 7159 11178 8697 4781 6033 6661 5299 8845 11656 9977 5301 8663 3947

2368 1148 3204 4509 4028 2752 5457 3845 4791 2504 2396 2628 3220 3859 1838 2266 2285 3117 3299 2596 3680 2582 2296 4205 1779 2994 5115 2491 2189 5399 3046 2499 2838 4940 1446 2351 4642 3507 6634 4369 2035 2890 3943 2607 5984 6919 5919 3574 4385 1538

38119 28711 4914 17161 44553 7030 26409 19622 50450 35490 13876 9147 14977 9987 21848 35330 20546 15111 25670 37312 29954 23679 9828 13734 19303 6568 57472 8895 11180 22957 12390 7341 15489 21294 21806 22713 18992 16657 67393 15523 12297 23856 48568 27686 66066 66973 59161 44864 16203 22621

94158 75406 32372 11548 94124 35112 29982 21024 105322 79267 29681 21275 20071 28595 64292 80186 47630 25921 53179 95094 61702 69206 23096 42165 48700 24701 135170 25118 40527 60515 47246 30416 52911 19804 61669 53847 15191 17163 141838 16712 34762 49569 105288 76944 142841 137025 121516 110118 12183 58878

1432 1277 1715 1883 566 1580 2152 1577 838 876 1061 1250 1363 1923 1524 955 1016 1318 949 1655 814 1789 1133 2087 1015 1583 2005 1269 1379 2512 1815 1381 1823 2008 1383 947 1901 1497 1685 1925 1108 908 1169 1798 2040 1600 1240 2003 1836 1237

29389 21549 6421 15994 35203 3514 23701 16197 40108 27663 10383 7483 12332 10627 15840 27251 15232 12444 20193 28704 23757 17769 7029 12654 13919 6260 45474 6253 6966 20326 9090 4947 10956 19446 15805 17035 17517 13730 54202 15093 8371 18684 38375 21102 52622 53852 47354 34986 15197 16483

181956 151443 81972 45118 179349 86890 28499 43134 199791 153664 65767 58805 48555 75277 138615 155294 97584 53176 107361 187467 122469 147325 56998 99391 102384 68433 259515 65619 96429 131920 108338 78565 118381 37594 126439 108605 40319 50569 262507 54213 78328 100962 199791 160389 266358 256048 228497 214099 46244 120958

70158 56137 33391 20160 68960 32030 26544 6370 78353 57158 16770 13571 8861 34044 51550 57907 31390 10985 35882 72690 42824 57376 12741 45125 33595 25346 105796 16702 32220 60071 42892 24339 46527 21820 44649 36454 21085 12128 107171 24366 22542 32942 78353 60248 108940 104203 91544 84928 20704 42130

1719 1555 2020 2186 797 1877 2480 1869 697 1127 1324 1525 1646 2242 1817 1211 1359 1593 1205 1956 1061 2099 1395 2416 1275 1880 1940 1538 1663 2869 2127 1665 2135 2327 1668 1203 2218 1789 1599 2239 1374 1156 1050 2109 1977 1509 1125 2149 2144 1511

1038 879 1459 1709 1024 1320 1995 1402 1305 464 869 1050 1181 1674 1133 546 738 1134 1066 1268 1206 1406 928 1875 768 1323 1950 999 1145 2314 1562 1115 1500 1846 988 667 1736 1318 1983 1748 832 916 1087 1416 1986 2088 1720 1628 1668 837

282030 211282 141015 156813 275986 123980 205925 104130 324205 216434 12638 46089 66146 165880 198300 220212 86408 58178 109075 294806 144106 241573 25277 212999 97536 105504 461992 48149 106122 288418 178793 81738 185456 180442 162789 111960 161484 89774 468792 165811 55499 94239 323380 245901 477721 453818 389938 356556 149807 140603

50691 38013 17684 20961 51754 16554 32069 15322 59686 41572 8429 1231 9073 20938 32781 41335 20566 9254 24295 52228 30058 37595 2463 29549 19775 11074 79235 3830 16712 41956 25571 10170 28589 26227 28724 24385 23131 11333 83247 20927 10350 21854 59166 41335 84557 81009 70500 62387 19673 26656

87703 68425 38207 29484 86090 36375 42477 15319 98955 70203 15832 11526 5185 43485 62653 71210 35513 11563 41561 91111 50906 70496 10371 57448 38482 27377 135275 15741 36631 77569 50998 26021 55891 35788 53362 42330 30731 11599 137529 32581 23565 37602 98735 74362 139911 133534 116492 107586 27615 49972

8994 7014 1953 3076 10270 2400 5044 4089 11525 8342 3428 2289 3530 1217 5553 8308 5162 3558 5938 8844 6878 5947 2434 2672 4897 1741 13134 2275 3283 4634 3544 2352 4204 3955 5544 5623 3465 3423 15131 2520 3406 5551 11125 6799 14963 15041 13379 10451 2868 5718

22109 13806 17181 27575 34163 13983 36054 25399 39559 23393 16297 15828 21148 21809 7310 21709 15513 20779 22678 21463 25368 12569 14621 24038 11931 16866 39913 14091 11169 32479 15843 13360 14375 31372 9640 15974 29250 22701 52897 26598 12776 19787 33563 13114 48346 54681 47531 28374 26698 11815

16807 14001 25640 30561 19556 22905 35602 25154 24505 9679 15763 18421 21255 29433 18478 8135 13451 20437 19232 20868 21699 23300 16271 32126 12619 23236 35094 17533 19253 39867 26303 19556 24957 32986 15933 12196 31041 23680 36455 30709 14579 16581 19881 23476 36497 38302 31816 27205 29842 13261

10299 7390 7031 8472 10011 6048 10492 6305 12559 6963 2542 3918 4743 8551 6856 7119 1531 4415 4164 10825 5152 8788 3062 9992 2712 6068 17458 3782 5031 13093 7754 4593 8294 9443 5401 2666 8664 5714 17692 8842 2599 3101 11362 8989 17709 17551 14924 13365 8184 4483

175305 136474 78453 73100 171987 74683 92515 36644 198000 139301 27445 23562 23034 89311 126332 141375 67935 11423 80376 182317 99603 144881 22846 118038 74042 56173 274079 32233 75211 159433 104768 53383 114834 79433 107218 81959 75663 36305 280374 79396 45918 72233 198000 150423 282712 269592 234531 216209 69254 97680

14104 10872 9452 10186 10309 8668 12441 7754 12529 10040 3542 5082 6005 10597 10274 10214 4313 5638 2061 14718 4237 12438 4123 12767 5635 7817 21789 5177 8073 16239 11122 6723 11726 11267 8646 5230 10401 7099 19186 10594 5350 2795 14964 12662 22071 18497 15556 17561 9863 7618

4719 4738 8597 11897 10320 7583 14113 10500 12031 6905 7254 7875 9152 10064 5467 6371 7005 8870 9277 3656 10130 6729 7312 10878 5869 8497 9506 7622 6695 13554 8172 7390 7707 13238 5406 7151 12428 9845 15675 11583 6547 8360 10130 5845 12180 16314 14559 5847 11614 5613

2204 1718 1581 1691 1302 1463 2030 1326 1635 1593 693 924 1063 1760 1628 1619 733 1008 555 2296 390 1953 780 2079 931 1335 3066 939 1298 2600 1756 1171 1846 1853 1384 871 1722 1227 2673 1752 889 505 2041 1987 3108 2532 2090 2723 1643 1229

33087 23443 23170 37575 50155 19559 48702 36072 57236 36022 26166 23493 30494 29263 14919 33813 25682 30655 35084 31815 38614 11166 22333 29102 20982 23524 56025 21214 17380 40178 17905 20255 15978 42538 17975 26288 39775 32512 74738 35911 21002 31291 49368 15978 67091 77038 67697 40884 36405 20830

29547 21819 12087 14277 30208 10393 19877 9670 34960 23989 3801 2252 5847 14071 19650 23844 11199 6260 13471 30993 16984 22873 0 19319 10703 8017 46945 2293 10145 26881 15889 6157 17728 16757 16158 13513 14856 7665 50147 14257 4959 11984 34713 24051 50189 48040 41634 36675 13492 14897

19258 15154 4883 8660 22473 5240 12851 10822 25140 18677 8930 6798 9435 4715 11943 18148 11947 9496 14265 19106 16203 11616 7106 3553 10898 5631 28226 6684 7117 7725 6509 5973 7911 10537 11924 12593 9496 9405 33421 7486 7881 13444 24198 13429 31946 32615 29081 22522 8227 12293

32600 22120 24063 31410 36263 20115 39682 24603 43406 26098 11050 13644 18976 29538 20197 24684 10012 17796 19495 34493 23056 27157 10541 33424 5270 20594 59259 12362 14845 44597 26668 15282 26495 35297 14936 10622 32488 21866 64743 31379 8099 15669 41636 27879 64804 63420 53958 43640 30250 11650

19133 14415 4124 7502 21736 4258 12148 8180 24693 17191 5611 2952 5851 5337 11613 17111 9697 5918 11525 19369 13673 12852 3268 8547 9073 1634 29479 2801 5623 13172 7620 3075 8745 9583 10952 10784 8420 6693 33190 6967 5560 10615 23935 14794 33148 32667 28750 23156 7022 11361

175156 190444 281463 355282 238383 258749 406770 325852 225170 205569 253234 264755 294457 314332 211356 210756 242970 289434 287742 170788 273327 239639 248102 332568 222222 279224 124051 257875 238875 392519 271962 254436 261534 380835 205405 233251 365874 308872 262243 348348 234998 267212 177231 219819 183947 276549 279934 151733 352989 210046

31417 23339 11056 15023 33379 9282 22113 11424 38298 25597 5582 2430 7436 13292 19279 25460 12766 7551 15708 32571 19387 22351 1601 18629 11698 6794 49650 800 9022 26549 15038 4846 16963 18384 18146 14626 16408 8878 52990 15002 5683 14150 36827 24738 53033 52629 45921 39055 14201 16091

22292 15532 8585 15815 27305 6079 22449 14122 31534 21286 7458 6609 10790 12212 11525 20448 11037 10887 16351 22629 18460 14092 5916 13959 8953 7422 37089 5247 2958 20575 9380 4675 9917 18779 10579 12122 17129 11995 44699 15038 5121 14086 30040 16086 42325 43386 37782 28046 15128 11164

35887 29205 12480 18630 41122 13061 25455 22151 45465 34940 19069 15598 19892 12207 23976 34080 23982 19991 27757 35640 30912 23444 16099 10314 22275 13699 50490 15413 16118 8049 15128 14256 17411 21687 23945 25034 19991 19843 58502 16718 17362 26420 43931 26395 56547 57636 51882 41202 17925 24545

12035 8916 3727 7937 15528 2988 11116 8229 17556 12413 5826 4628 6632 5471 6476 11884 7270 6678 9817 11792 10828 6101 4440 5425 6843 4123 18722 4120 3693 8596 2220 3580 3285 9358 7288 8021 8567 7210 23593 7374 4435 8731 16331 7478 21757 23235 20550 14388 7608 8162

16816 12300 4673 8907 19038 3674 13346 7880 21863 14695 4330 2861 5655 6838 9623 14610 7526 5719 9982 17041 12034 11338 2398 8891 6931 3300 26701 1952 3900 13310 6886 1199 7961 10895 8991 8573 9784 6460 29982 8388 3574 9112 21992 12670 30199 29780 26037 20660 8448 9382

33291 24043 13451 25678 45466 10386 35106 25927 51477 34720 17347 15249 21192 18623 16808 32845 22433 21329 29985 32571 32982 15695 14693 18486 19385 13751 53121 13742 10951 27888 8982 12141 7346 30148 19402 23889 27802 22904 67566 24266 14025 26766 46032 19779 62514 69570 61607 40269 24685 21808

946126 772783 372672 171891 941607 399465 229188 203364 1052973 801673 322800 261306 229995 336196 681269 810550 496143 258078 549405 987768 631719 728398 261790 467575 512606 298912 1361570 298428 451435 644793 516318 354111 575875 130895 640112 556184 145421 201588 1394657 221440 377998 514543 1052973 803126 1415639 1359472 1209370 1121245 178024 610899

11074 6516 9745 14620 17265 8055 18070 12049 20125 11582 7198 7592 9802 12191 5780 10692 6792 9607 10578 11927 12000 8559 6353 13369 4891 8961 21336 7495 5951 17830 10200 7109 9514 16229 3176 7028 15116 10875 27174 14096 5378 9051 16956 8848 24582 28075 24330 15579 14222 4326

15829 11730 12055 14909 14887 10463 18181 11400 18098 9950 5307 7379 8870 14516 10865 10202 3806 8340 7557 17293 9159 13994 5984 16447 4154 10495 26946 6793 8459 21470 13235 8116 13697 16483 8500 2992 15221 10444 27326 15353 4886 5837 17073 14319 27353 27097 22842 21406 14443 7022

260549 211357 97602 40426 259264 105128 73603 59561 291477 219479 83331 65940 56946 87232 185247 222003 132614 73007 147849 269818 171160 198738 65986 124584 137295 76540 378755 76494 119995 174969 138442 92233 155375 45566 173638 149685 32993 48961 388070 54606 99025 137846 290926 219984 394035 378067 335391 310337 42170 165240

137814 108160 60774 37261 137095 58008 63568 27330 156514 113056 30982 20497 15076 61549 97731 114578 60691 24757 69875 142959 83983 109515 20525 84066 63513 44425 209073 26860 58395 114439 80082 42378 87468 46721 85421 70981 39142 10262 214743 41936 40442 63900 156127 117123 218284 208713 182987 167828 34439 80359

45190 41683 54470 59493 29821 51403 65177 52117 27688 32544 40378 44494 47243 59211 47631 34351 38581 46820 37823 48504 35461 53659 42775 64357 39250 51465 40960 44335 48318 73399 57395 46882 55712 61907 44450 37012 59475 50292 21387 60630 40660 36889 30385 54285 34060 23696 24243 45428 59070 41092

22574 17974 7146 4104 23542 8089 8618 6428 26371 19848 7822 5211 5621 5744 15256 19762 12226 7047 13579 22804 15670 16305 5658 9081 11939 5543 32644 6154 9417 13583 10795 6937 12308 6121 14604 13612 4997 4907 35329 2829 8519 12693 26231 18261 35444 34157 30344 26490 3636 14436

80057 56481 38011 53182 85773 30699 70728 39587 100523 63100 15801 16494 27925 49316 49862 62659 25677 26917 44210 82915 51564 61965 10086 58183 22567 30846 133135 13847 23134 81255 43390 19877 47404 61209 39209 31140 55409 33472 142906 53119 5043 36309 95817 63289 143032 141855 122313 103360 50787 35364

58028 43758 39723 42962 45043 36260 52917 32225 54677 40086 13627 20427 24504 44777 41119 40854 14800 22884 13348 60736 18235 50669 16196 54356 20636 32504 91957 20846 31401 69686 44861 27673 47528 47737 33928 18849 43884 29335 84235 44763 19379 8098 61825 51661 93199 81191 68206 73289 41538 29391

11687 10319 16111 18256 9625 14832 20714 15620 8793 7559 11041 12598 13719 17960 12502 7885 9913 13320 12732 13667 11825 14853 11550 19329 10071 15090 13193 12158 13052 23103 16310 14031 15654 19439 11261 9301 18490 14901 14420 18590 10725 11440 5775 15097 13994 15320 12357 14935 17905 9951

19812 14312 16981 25818 30875 14743 32575 23312 35262 22118 16250 16268 19856 20756 9331 20750 16000 19556 21825 17087 24012 9543 14550 20656 13087 17100 32087 14856 12481 27518 13718 14262 12525 28893 11225 16375 27181 21506 46393 24875 13050 19475 30675 7275 38943 47856 42043 22706 25093 12993

107792 115691 168663 190737 120397 157010 210766 169251 113618 103562 131938 144628 153760 185526 134768 109304 122750 150511 145721 113954 138325 149278 136084 193650 124879 163256 89976 141042 142499 224408 164573 150483 160511 200373 123367 117764 192641 163396 108212 193454 129361 135188 93057 139110 68042 115551 117288 104178 187935 125748

50320 46673 57109 60151 29943 53921 66703 53124 27725 37172 40919 45381 48057 62039 52583 39050 40589 46994 38262 53765 35074 58814 42605 65905 40553 53307 45922 46572 49175 75966 59473 49220 61003 63303 49184 38958 60774 51227 25572 61352 42752 37291 34927 59519 38748 21302 24143 50567 59235 45803

13547 12443 15576 16502 7348 14610 18481 14368 6676 9565 10672 12024 12834 17069 14205 10134 10572 12512 9867 15145 8902 16103 11183 18240 10561 14424 14940 12384 13172 21287 16292 13186 16755 17451 13197 10078 16686 13794 8777 16860 11227 9573 9046 16305 12767 8172 5591 17640 16219 12151

1568 1572 2542 3371 2975 2287 3928 3020 3140 2117 2205 2361 2682 2911 1756 1983 2142 2611 2713 1300 2927 2073 2174 3115 1857 2517 2006 2297 2064 3788 2435 2239 2318 3664 1740 2179 3495 2856 3556 3292 2072 2483 2603 1850 2678 3717 4040 1087 3300 1792

101089 81178 34056 14036 101528 37057 34221 24448 114155 85625 31329 21905 20807 29883 69009 86632 50983 27212 57059 102699 66392 74352 23899 44780 51935 25656 147937 26114 42986 64873 50343 31915 56510 23076 66429 57791 18025 17622 155129 16909 36673 53106 114118 82825 155275 148907 131888 119151 11949 63080

7969 4856 7095 9693 10916 5941 11999 7886 12864 7029 4190 4847 6351 8766 4903 6421 3907 6030 6493 8552 7464 6801 4001 9570 2614 6560 14979 4498 4503 12617 7978 5294 7448 10753 3124 4073 9987 7090 17673 9684 3335 5450 10694 6998 17196 18323 15742 11047 9376 2000

3 31 44986
18 31 30217
8 28 45363
20 49 66184
19 25 30667
2 32 21659
38 39 65445
37 39 68346
22 33 36190
19 32 10800
23 26 46138
4 25 39492
12 42 36311
6 47 60052
38 45 17379
10 17 18632
20 39 30753
14 40 68863
11 47 36018
15 29 68167
29 43 27847
8 40 63614
14 28 51020
26 38 49319
30 40 66932
24 43 14974
18 26 61977
0 21 20620
0 22 53306
20 24 22900
6 26 34194
4 32 40434
20 38 43118
14 26 69557
26 45 36618
29 49 15927
14 16 33358
1 28 32062
18 27 14272
0 20 59548
2 21 32862
24 35 62553
20 37 41182
41 49 11315
22 36 52604
8 27 60704
32 44 19947
1 30 13356
0 14 59567
14 46 45966
19 20 11523
4 47 17413
35 39 51722
9 20 64686
26 33 68875
38 47 48653
9 32 21803
26 47 60852
7 19 11416
34 49 65109
6 33 25894
30 31 47753
6 18 35543
4 18 11154
17 43 47309
14 25 14303
17 19 17081
0 49 22809
17 33 36365
14 32 33496
3 22 24500
5 48 11369
11 32 26048
1 48 67825
11 34 12685
21 36 68653
35 45 58529
38 49 34775
20 47 24151
10 37 48095
5 38 22883
12 38 37817
11 29 55508
13 15 64606
11 43 44646
25 26 54382
33 45 55401
0 38 56449
45 47 57376
5 30 56817
22 35 51557
38 44 13270
25 28 34569
15 32 29242
4 31 14424
10 49 24020
35 36 33545
0 37 33649
3 17 48973
10 18 12052
10 19 57145
3 19 63473
33 48 13422
35 47 25336
6 16 61297
5 36 28250
29 33 23988
4 42 49825
21 40 53025
16 36 50282
21 27 27919
0 26 18051
24 46 30242
0 23 25569
5 46 12656
28 30 64888
9 43 69952
34 37 58057
44 46 51336
6 49 69470
20 40 57017
0 36 45035
24 39 12739
10 35 33728
3 24 64278
7 11 29307
17 35 59892
7 44 39965
23 33 52956
9 21 38864
3 47 42018
42 47 40100
18 35 32336
6 17 57583
7 23 55436
36 42 23632
6 23 15832
14 22 21566
15 31 15600
6 28 10999
26 46 13991
0 27 45662
13 42 19050
0 18 34233
31 49 61232
2 17 21706
18 28 41263
12 31 13325
4 40 21906
23 30 22598
6 29 12794
41 43 21065
21 28 69776
1 44 27677
2 37 44793
21 30 64053
13 47 46984
7 17 34684
0 17 46161
41 45 29939
1 43 63548
31 48 18178
0 9 12181
9 10 38026
44 48 65761
34 41 69761
1 23 63802
27 42 23735
31 40 21326
20 44 69402
28 40 24734
7 47 37460
17 46 57206
5 37 45928
3 6 13835
31 41 48437
11 41 69777
4 13 45098
5 9 63905
47 48 33825
25 29 69839
22 26 66700
12 48 44890
9 42 69615
22 30 24376
21 45 19683
29 48 15809
0 48 13502
4 12 56510
13 26 51970
9 30 33441
1 14 62201
25 46 12290
15 16 47765
4 5 42369
12 30 20193
10 46 47525
26 48 36170
11 33 33928
33 37 10994
3 40 47714
17 48 60806
10 28 38454
14 17 34920
1 13 36733
21 38 54433
9 47 25499
6 35 48652
4 30 29530
7 40 19404
20 32 12477
13 45 29369
39 40 28246
7 30 47367
16 28 41126
31 39 54765
15 24 69193
20 28 46935
8 49 58267
21 24 67846
8 12 41048
35 41 33850
19 31 60046
7 46 43338
7 35 11614
22 37 32414
2 14 53532
48 49 49140
20 35 10727
7 33 29602
25 45 62277
8 45 48441
33 49 20407
7 10 42873
31 35 25503
7 24 59283
18 22 27305
7 20 53146
12 17 37935
15 20 46836
27 45 14692
11 49 52555
10 21 18347
16 49 45081
7 48 29921
36 46 61616
3 45 29845
11 48 41257
13 23 38550
23 46 30254
28 31 39102
14 49 21740
27 32 54104
3 8 29147
30 35 55079
21 34 67861
4 14 63704
27 36 50753
3 34 59143
23 45 64431
9 45 10354
1 37 51419
25 34 55015
16 48 32905
17 36 24292
0 2 22660
18 24 22187
24 27 41597
1 29 65806
12 29 62265
23 39 30575
36 43 22640
37 44 44819
41 47 51065
38 41 57721
17 47 16883
26 27 42680
2 24 17565
32 35 48140
18 32 23373
17 21 49962
11 39 17241
23 47 35113
18 29 34065
2 16 48531
2 47 32334
12 44 44069
15 23 54377
25 33 13086
40 41 33211
33 42 48808
12 46 25584
7 45 26773
11 12 45965
12 19 48489
8 43 41065
6 43 58625
1 46 12818
5 6 24804
9 33 66574
16 17 65084
34 35 57523
19 41 31356
0 29 52045
21 49 38587
15 36 19077
34 39 58928
37 41 23410
8 20 38785
3 9 49210
19 40 48926
1 15 18747
0 10 68594
0 41 14038
31 33 54955
5 24 47124
26 41 48516
7 18 29023
32 42 43644
25 35 63745
13 20 64378
1 34 34594
14 36 19328
2 5 21150
6 27 10558
13 44 57817
17 44 64358
12 37 11325
9 25 12778
1 49 19161
2 15 20041
22 25 67862
29 39 18826
29 34 41398
5 15 49906
27 48 47414
28 49 62618
17 30 50977
9 12 12966
29 46 31402
13 30 30186
24 38 51892
7 27 40149
12 28 28780
8 35 68073
30 46 25104
16 25 18046
12 36 46588
19 33 56270
6 32 51690
16 18 40333
1 42 50647
5 33 16283
18 42 61804
0 46 61797
5 17 28984
13 49 61764
23 40 56154
28 44 42453
16 24 64542
5 7 17458
6 10 52494
2 46 14545
45 46 26284
6 39 36034
28 46 66594
10 25 15840
18 21 28651
1 3 47570
11 38 18806
26 30 50054
6 36 19899
12 33 60698
28 42 32345
30 48 50822
14 35 10913
7 26 59592
17 41 58868
28 36 47501
8 25 58005
22 31 52701
13 25 29976
38 46 38651
10 13 11126
8 22 33923
24 40 42591
20 27 42254
35 48 25686
15 30 28744
6 19 14706
13 14 20227
33 36 48345
18 38 69343
22 27 36915
3 37 64630
17 37 35377
16 37 33508
6 41 10469
2 43 66171
13 37 11078
2 35 31419
8 17 46224
0 6 20977
18 39 34259
10 22 20712
22 24 61799
7 41 35172
36 49 22446
27 28 62809
6 44 24816
19 28 10450
19 38 57652
5 27 56935
3 13 39102
12 47 10921
46 49 20857
28 45 11692
14 42 43175
12 25 36543
11 23 42579
6 40 60024
17 45 58913
4 26 20924
44 45 59366
30 43 25827
11 20 27696
16 31 24742
2 41 61479
0 42 40308
23 43 33056
10 12 62557
9 24 61727
6 15 69280
25 48 25676
12 23 38129
24 29 32134
10 45 29617
23 27 63301
16 26 44581
5 10 34568
30 37 30259
15 42 57174
12 43 34363
10 40 17194
32 34 26275
42 48 35284
6 45 28051
13 21 40110
36 48 68459
1 12 66738
2 19 24832
8 18 58482
12 49 67793
6 22 35756
6 42 59990
2 34 23620
39 41 53452
1 9 14732
8 30 27241
1 39 35902
15 47 37788
23 49 19797
0 13 27629
19 27 49210
8 44 47616
2 26 55758
9 39 23487
12 32 19375
18 46 61201
19 42 10210
10 43 43943
12 45 33603
4 33 57384
8 9 68306
9 37 40797
41 44 25802
0 40 45732
20 34 10990
40 47 55912
36 45 44190
8 26 67728
11 37 10743
9 38 44814
18 33 65521
13 19 48642
2 28 34804
4 22 31283
35 38 44236
9 15 51679
7 16 48524
3 4 10138
25 47 31609
4 38 10463
5 19 39910
7 22 22961
43 46 60222
5 13 37810
4 44 48591
26 39 69597
20 33 29010
23 35 48801
18 44 55682
6 38 52613
3 20 36185
12 39 66131
5 49 35552
9 44 51987
39 42 41862
15 48 36543
3 49 50041
7 31 28195
2 7 46413
25 44 62928
11 44 15151
19 43 41933
24 30 41569
28 33 39955
41 42 15358
18 34 15805
5 29 33776
31 36 53882
21 22 28086
28 37 67528
10 42 66488
5 18 57996
3 46 20489
6 25 56709
26 28 25805
10 36 59080
4 20 68448
14 31 56958
16 42 50024
2 3 54130
3 33 51714
2 20 28351
26 37 62403
10 30 29408
16 19 10337
16 47 34264
14 45 55951
12 14 62521
25 39 64602
37 46 32364
17 25 55448
3 18 69754
13 34 16439
37 45 27017
13 33 51851
27 31 21798
15 26 44965
14 30 27770
31 32 17822
25 43 63051
8 29 25297
36 39 26453
28 39 63189
21 41 47929
3 5 25304
10 29 31136
3 39 49152
19 26 23752
20 31 18093
7 28 29175
9 14 20024
23 36 11949
22 29 47526
29 31 12426
14 41 31358
24 28 60006
34 38 48833
31 42 29451
11 26 52526
32 40 55578
29 32 63958
45 48 37974
1 36 55331
33 44 10397
36 38 67134
23 28 49324
13 38 34338
9 22 54241
14 20 67094
15 40 54303
31 38 47291
5 42 34534
4 34 10755
17 28 52622
5 47 12462
27 39 26060
19 36 13757
22 49 51614
22 39 51955
46 47 33993
3 36 22931
3 38 14121
4 37 35943
14 38 60457
19 30 16547
29 47 57301
11 25 62605
13 31 67523
6 9 28894
28 35 45131
3 41 65243
5 39 22852
10 20 25247
0 25 62716
11 14 23249
13 36 34523
14 27 42040
8 31 59730
2 23 18763
40 46 51276
28 48 44032
10 34 68197
18 40 15809
32 33 56931
34 40 50818
47 49 18272
26 44 25133
1 41 66718
7 15 12028
10 41 67088
1 24 30710
24 42 24960
15 46 11208
28 29 56653
21 26 27559
44 47 29898
34 48 56096
16 35 20164
30 49 39563
38 40 14990
39 45 67438
11 22 34806
13 22 27842
8 13 34827
29 36 27521
12 27 53234
4 8 59350
30 33 11703
11 17 42963
4 29 20255
0 32 52980
9 16 29137
9 49 30594
17 24 58789
11 18 16067
8 33 11411
4 17 19203
22 32 43343
22 41 68129
11 31 33375
7 36 52573
22 40 28838
10 48 60478
13 29 65924
1 38 27634
30 42 18036
10 44 25821
4 46 13729
30 41 40343
29 42 67528
16 23 30862
10 47 37780
0 15 44476
9 34 48704
5 34 14749
20 46 61997
40 45 31937
36 41 16241
4 43 63701
32 41 17042
12 24 38639
2 25 58823
0 39 36180
4 16 59233
8 10 59754
35 42 54390
18 25 12786
19 37 21100
14 29 27733
11 36 10914
23 31 44475
5 16 10305
0 19 41896
26 35 34952
16 22 66230
13 27 11672
15 34 55131
23 34 34193
23 29 27544
3 43 25474
8 14 31720
6 31 48407
29 41 65397
7 25 66196
7 38 27110
3 15 10146
33 41 10335
30 32 61191
1 26 28530
26 34 16178
45 49 68233
2 27 57170
27 41 65001
7 42 34412
5 26 46402
26 43 54754
29 40 18802
3 7 49189
15 21 65854
20 21 36535
2 8 62246
5 8 52471
1 35 36840
0 7 46284
0 8 17422
2 30 45212
9 31 47956
1 8 14696
27 49 69406
35 49 65501
40 48 30170
8 48 43268
13 32 43907
24 33 25566
4 35 39464
14 37 13159
17 22 37855
19 24 51942
32 46 64350
26 49 68529
14 24 58120
23 37 62583
28 38 55698
25 27 53120
0 4 39137
17 26 44242
27 38 50016
39 47 47939
9 19 23430
31 34 58013
15 39 26616
4 24 27819
16 40 40483
3 35 65600
15 27 64103
1 25 60049
5 11 52954
1 2 54202
0 16 64745
14 48 52359
33 38 61845
16 32 37057
30 44 25627
3 48 47894
1 32 64766
11 24 67234
22 23 51053
20 26 32621
4 9 49175
30 38 57546
3 11 43292
1 27 49437
21 23 50128
5 31 28989
4 36 32556
11 35 31407
4 48 63231
21 37 24714
24 48 21489
24 36 28804
16 20 12726
13 16 38105
10 27 46623
35 37 43210
2 29 45847
8 41 52868
14 19 45401
31 44 28801
33 34 49212
16 34 52288
1 6 23302
11 27 41056
9 13 19344
5 40 38929
32 43 18949
0 3 14109
19 47 48305
11 28 12145
17 42 48873
17 49 39622
2 13 59691
17 38 22164
7 29 19058
24 41 51961
16 29 53296
7 43 53757
13 35 13367
1 21 46527
33 40 68472
20 42 24856
8 21 17473
11 16 23340
0 31 65105
31 46 66239
32 39 68693
37 48 40951
15 49 49106
9 36 44093
8 42 11894
9 27 28318
28 47 26380
5 25 25197
22 45 11516
8 39 35724
1 5 66269
34 44 32609
19 35 51977
24 44 56717
36 47 34754
20 23 30849
1 33 26338
21 39 36587
8 34 55157
11 15 47540
7 49 18547
24 25 38452
15 19 31296
31 45 34057
16 39 27121
13 48 41910
9 35 48914
20 22 34594
33 47 55251
6 46 56161
5 23 30832
35 46 66086
43 45 39254
14 44 22081
21 43 40179
4 28 41149
37 43 52542
22 48 68702
8 47 68489
10 11 66201
23 44 46569
18 43 64757
28 43 28809
8 36 28545
16 38 51473
26 29 65706
18 41 61537
22 34 19954
21 48 32292
33 43 46693
29 35 57494
40 43 52982
7 13 15145
4 45 30932
4 21 17039
8 38 32266
32 45 62843
15 25 68096
5 41 69004
43 47 60236
12 41 54256
19 34 41978
2 49 56321
5 43 23509
7 32 66202
9 28 38642
20 48 66801
21 47 48743
24 45 37344
37 38 17431
5 45 57087
2 18 13912
9 26 24331
29 37 15895
17 31 44600
3 25 65804
23 42 11601
7 12 36136
21 42 27900
17 34 46036
2 31 12829
1 40 15393
33 35 29018
29 30 30117
8 15 48469
15 18 48200
3 42 64526
3 26 53454
31 47 46295
10 39 63529
24 34 43689
42 43 42693
24 49 47650
19 29 42152
12 34 68345
7 21 43851
6 13 22937
15 33 65146
19 44 34737
8 19 62424
7 14 12576
15 45 21823
5 35 66336
29 38 26907
5 12 27718
16 30 53078
0 11 34854
13 24 41462
10 38 19213
2 11 64897
13 40 29641
16 21 34185
12 26 22433
19 46 48659
6 30 54302
8 23 60902
16 45 39001
4 39 48828
7 34 44355
0 24 15295
1 47 54499
4 27 30186
12 21 47988
38 42 32148
25 31 14480
43 44 46332
35 44 66000
38 48 27417
10 16 53620
9 48 30736
4 49 19840
34 43 68340
9 29 42559
17 23 28318
4 19 37389
23 38 12419
1 19 11395
9 23 14385
2 4 56025
20 36 32752
4 41 69283
35 40 15665
30 45 56937
24 47 21715
30 36 66467
27 34 53382
31 37 24759
4 23 35467
26 32 44352
32 49 59114
18 19 52905
2 36 28850
22 46 31442
12 22 43035
2 38 50999
10 33 35922
0 35 19366
27 30 59141
39 44 53340
8 11 15129
24 26 19876
28 32 15322
0 30 13468
26 36 64578
33 46 33641
6 48 53000
21 31 19139
40 44 47179
22 47 57386
10 23 65164
27 47 22073
27 44 68811
9 17 22971
3 32 21153
19 48 20525
7 9 31580
25 30 16677
12 18 35284
14 21 69190
17 40 51029
12 35 36540
22 38 52094
31 43 69879
6 21 57982
5 22 25128
15 38 63020
12 16 23903
20 43 46638
19 49 52160
9 40 19385
36 37 51767
41 48 14178
20 45 24708
25 32 67378
39 43 68756
26 31 60492
32 38 50377
34 46 30038
14 47 49813
10 32 49905
46 48 25201
6 20 61887
9 11 48715
37 49 50316
30 39 25182
32 48 11382
14 18 11895
1 17 31859
1 31 48809
18 49 11085
1 4 12887
3 21 15348
2 33 53179
9 46 24908
13 17 15472
16 33 20450
17 27 17928
27 43 41519
22 43 69231
16 43 12230
3 14 50904
6 12 63140
2 12 16409
15 37 17754
20 30 60517
21 29 27307
15 28 20388
32 36 53036
1 10 47345
12 20 60202
12 40 32941
23 41 14689
41 46 64231
15 41 23798
5 44 55005
42 45 19412
11 45 25181
42 46 69043
37 40 53414
4 7 63990
24 31 10127
29 45 56301
42 49 21481
24 37 65450
0 12 23351
39 49 26953
7 39 28042
1 18 31279
7 8 58472
9 41 27272
24 32 45653
4 6 39376
0 44 20411
25 37 64205
14 33 59273
30 47 23070
15 17 21511
27 29 69662
13 18 66106
5 21 10999
14 15 59863
23 48 41189
35 43 15688
1 7 66236
17 20 54988
27 37 60693
29 44 27790
16 27 22311
13 41 59735
21 33 11203
3 16 16300
43 49 12005
21 44 69647
37 42 27781
2 22 67455
21 25 22997
18 45 44735
13 28 25496
6 11 56420
19 45 45349
20 29 54911
0 47 32072
5 14 14724
8 16 65322
11 30 26276
5 20 63998
43 48 18391
27 40 49930
39 46 15801
18 48 26639
25 36 50929
11 13 17806
2 42 69972
36 44 56617
22 28 14041
17 29 67102
26 42 59452
11 40 31831
1 22 19412
5 32 61330
34 47 45177
27 33 25712
0 33 15477
17 39 44823
14 34 55637
7 37 12931
14 39 57820
32 47 42514
2 10 40570
19 39 44239
11 46 17862
0 5 37623
2 9 18453
20 41 34730
6 7 32944
8 37 46872
28 34 40870
25 41 53478
1 20 26802
33 39 46671
11 42 10116
0 1 19873
17 32 54477
25 42 22230
40 49 66491
18 47 58518
19 23 19331
2 45 68085
1 16 32491
6 14 28743
15 35 11556
15 43 67668
2 39 56599
6 37 17033
15 44 42490
37 47 54378
16 44 32107
10 15 42452
18 20 26891
40 42 14819
27 35 28834
3 10 34753
15 22 42442
44 49 49430
21 32 59483
9 18 65386
16 46 26302
12 13 30352
3 23 48863
23 24 55247
18 36 19165
19 22 61123
13 46 65120
26 40 63642
12 15 13352
18 23 61610
38 43 64302
20 25 22684
14 43 11837
13 39 26792
22 44 53570
2 44 13393
21 46 36602
23 25 52311
3 29 20427
2 48 69092
22 42 36688
25 40 42534
0 43 53687
36 40 53579
23 32 47354
17 18 12520
4 10 30475
6 8 19795
3 12 51950
19 21 32100
6 24 27324
39 48 20394
3 27 64596
10 26 18329
8 46 65641
6 34 13760
30 34 69452
3 30 60761
11 21 67403
1 11 24947
25 38 64513
0 34 61704
5 28 49774
18 30 66350
21 35 30639
34 42 33343
25 49 69744
42 44 57241
34 36 27797
18 37 32313
14 23 56333
8 24 54485
10 24 16989
32 37 52162
4 11 38064
8 32 66486
27 46 66825
4 15 10681
3 28 28424
11 19 48774
2 6 32781
16 41 45748
0 45 59169
3 44 27376
1 45 66220
28 41 66952
0 28 31137
2 40 65672
10 14 57712
34 45 28539
13 43 32761
10 31 52225
