50 50 737
25000 25000 25000 25000 25000 25000 25000 25000 25000 25000 25000 25000 25000 25000 25000 25000 25000 25000 25000 25000 25000 25000 0 25000 25000 25000 25000 25000 25000 25000 25000 25000 25000 25000 25000 25000 25000 25000 25000 25000 25000 25000 25000 25000 25000 25000 25000 25000 25000 25000
2609 3292 6739 8933 6803 5984 10355 7650 8084 4246 5219 5776 6641 7816 4374 3847 5033 6429 6719 3660 7358 5396 5219 8345 4182 6387 7391 5542 5038 10349 6400 5558 6051 9568 3792 4898 9064 7159 11178 8697 4781 6033 6661 5299 8845 11656 9977 5301 8663 3947

2368 1148 3204 4509 4028 2752 5457 3845 4791 2504 2396 2628 3220 3859 1838 2266 2285 3117 3299 2596 3680 2582 2296 4205 1779 2994 5115 2491 2189 5399 3046 2499 2838 4940 1446 2351 4642 3507 6634 4369 2035 2890 3943 2607 5984 6919 5919 3574 4385 1538

38119 28711 4914 17161 44553 7030 26409 19622 50450 35490 13876 9147 14977 9987 21848 35330 20546 15111 25670 37312 29954 23679 9828 13734 19303 6568 57472 8895 11180 22957 12390 7341 15489 21294 21806 22713 18992 16657 67393 15523 12297 23856 48568 27686 66066 66973 59161 44864 16203 22621

94158 75406 32372 11548 94124 35112 29982 21024 105322 79267 29681 21275 20071 28595 64292 80186 47630 25921 53179 95094 61702 69206 23096 42165 48700 24701 135170 25118 40527 60515 47246 30416 52911 19804 61669 53847 15191 17163 141838 16712 34762 49569 105288 76944 142841 137025 121516 110118 12183 58878

1432 1277 1715 1883 566 1580 2152 1577 838 876 1061 1250 1363 1923 1524 955 1016 1318 949 1655 814 1789 1133 2087 1015 1583 2005 1269 1379 2512 1815 1381 1823 2008 1383 947 1901 1497 1685 1925 1108 908 1169 1798 2040 1600 1240 2003 1836 1237

29389 21549 6421 15994 35203 3514 23701 16197 40108 27663 10383 7483 12332 10627 15840 27251 15232 12444 20193 28704 23757 17769 7029 12654 13919 6260 45474 6253 6966 20326 9090 4947 10956 19446 15805 17035 17517 13730 54202 15093 8371 18684 38375 21102 52622 53852 47354 34986 15197 16483

181956 151443 81972 45118 179349 86890 28499 43134 199791 153664 65767 58805 48555 75277 138615 155294 97584 53176 107361 187467 122469 147325 56998 99391 102384 68433 259515 65619 96429 131920 108338 78565 118381 37594 126439 108605 40319 50569 262507 54213 78328 100962 199791 160389 266358 256048 228497 214099 46244 120958

70158 56137 33391 20160 68960 32030 26544 6370 78353 57158 16770 13571 8861 34044 51550 57907 31390 10985 35882 72690 42824 57376 12741 45125 33595 25346 105796 16702 32220 60071 42892 24339 46527 21820 44649 36454 21085 12128 107171 24366 22542 32942 78353 60248 108940 104203 91544 84928 20704 42130

1719 1555 2020 2186 797 1877 2480 1869 697 1127 1324 1525 1646 2242 1817 1211 1359 1593 1205 1956 1061 2099 1395 2416 1275 1880 1940 1538 1663 2869 2127 1665 2135 2327 1668 1203 2218 1789 1599 2239 1374 1156 1050 2109 1977 1509 1125 2149 2144 1511

1038 879 1459 1709 1024 1320 1995 1402 1305 464 869 1050 1181 1674 1133 546 738 1134 1066 1268 1206 1406 928 1875 768 1323 1950 999 1145 2314 1562 1115 1500 1846 988 667 1736 1318 1983 1748 832 916 1087 1416 1986 2088 1720 1628 1668 837

282030 211282 141015 156813 275986 123980 205925 104130 324205 216434 12638 46089 66146 165880 198300 220212 86408 58178 109075 294806 144106 241573 25277 212999 97536 105504 461992 48149 106122 288418 178793 81738 185456 180442 162789 111960 161484 89774 468792 165811 55499 94239 323380 245901 477721 453818 389938 356556 149807 140603

50691 38013 17684 20961 51754 16554 32069 15322 59686 41572 8429 1231 9073 20938 32781 41335 20566 9254 24295 52228 30058 37595 2463 29549 19775 11074 79235 3830 16712 41956 25571 10170 28589 26227 28724 24385 23131 11333 83247 20927 10350 21854 59166 41335 84557 81009 70500 62387 19673 26656

87703 68425 38207 29484 86090 36375 42477 15319 98955 70203 15832 11526 5185 43485 62653 71210 35513 11563 41561 91111 50906 70496 10371 57448 38482 27377 135275 15741 36631 77569 50998 26021 55891 35788 53362 42330 30731 11599 137529 32581 23565 37602 98735 74362 139911 133534 116492 107586 27615 49972

8994 7014 1953 3076 10270 2400 5044 4089 11525 8342 3428 2289 3530 1217 5553 8308 5162 3558 5938 8844 6878 5947 2434 2672 4897 1741 13134 2275 3283 4634 3544 2352 4204 3955 5544 5623 3465 3423 15131 2520 3406 5551 11125 6799 14963 15041 13379 10451 2868 5718

22109 13806 17181 27575 34163 13983 36054 25399 39559 23393 16297 15828 21148 21809 7310 21709 15513 20779 22678 21463 25368 12569 14621 24038 11931 16866 39913 14091 11169 32479 15843 13360 14375 31372 9640 15974 29250 22701 52897 26598 12776 19787 33563 13114 48346 54681 47531 28374 26698 11815

16807 14001 25640 30561 19556 22905 35602 25154 24505 9679 15763 18421 21255 29433 18478 8135 13451 20437 19232 20868 21699 23300 16271 32126 12619 23236 35094 17533 19253 39867 26303 19556 24957 32986 15933 12196 31041 23680 36455 30709 14579 16581 19881 23476 36497 38302 31816 27205 29842 13261

10299 7390 7031 8472 10011 6048 10492 6305 12559 6963 2542 3918 4743 8551 6856 7119 1531 4415 4164 10825 5152 8788 3062 9992 2712 6068 17458 3782 5031 13093 7754 4593 8294 9443 5401 2666 8664 5714 17692 8842 2599 3101 11362 8989 17709 17551 14924 13365 8184 4483

175305 136474 78453 73100 171987 74683 92515 36644 198000 139301 27445 23562 23034 89311 126332 141375 67935 11423 80376 182317 99603 144881 22846 118038 74042 56173 274079 32233 75211 159433 104768 53383 114834 79433 107218 81959 75663 36305 280374 79396 45918 72233 198000 150423 282712 269592 234531 216209 69254 97680

14104 10872 9452 10186 10309 8668 12441 7754 12529 10040 3542 5082 6005 10597 10274 10214 4313 5638 2061 14718 4237 12438 4123 12767 5635 7817 21789 5177 8073 16239 11122 6723 11726 11267 8646 5230 10401 7099 19186 10594 5350 2795 14964 12662 22071 18497 15556 17561 9863 7618

4719 4738 8597 11897 10320 7583 14113 10500 12031 6905 7254 7875 9152 10064 5467 6371 7005 8870 9277 3656 10130 6729 7312 10878 5869 8497 9506 7622 6695 13554 8172 7390 7707 13238 5406 7151 12428 9845 15675 11583 6547 8360 10130 5845 12180 16314 14559 5847 11614 5613

2204 1718 1581 1691 1302 1463 2030 1326 1635 1593 693 924 1063 1760 1628 1619 733 1008 555 2296 390 1953 780 2079 931 1335 3066 939 1298 2600 1756 1171 1846 1853 1384 871 1722 1227 2673 1752 889 505 2041 1987 3108 2532 2090 2723 1643 1229

33087 23443 23170 37575 50155 19559 48702 36072 57236 36022 26166 23493 30494 29263 14919 33813 25682 30655 35084 31815 38614 11166 22333 29102 20982 23524 56025 21214 17380 40178 17905 20255 15978 42538 17975 26288 39775 32512 74738 35911 21002 31291 49368 15978 67091 77038 67697 40884 36405 20830

29547 21819 12087 14277 30208 10393 19877 9670 34960 23989 3801 2252 5847 14071 19650 23844 11199 6260 13471 30993 16984 22873 0 19319 10703 8017 46945 2293 10145 26881 15889 6157 17728 16757 16158 13513 14856 7665 50147 14257 4959 11984 34713 24051 50189 48040 41634 36675 13492 14897

19258 15154 4883 8660 22473 5240 12851 10822 25140 18677 8930 6798 9435 4715 11943 18148 11947 9496 14265 19106 16203 11616 7106 3553 10898 5631 28226 6684 7117 7725 6509 5973 7911 10537 11924 12593 9496 9405 33421 7486 7881 13444 24198 13429 31946 32615 29081 22522 8227 12293

32600 22120 24063 31410 36263 20115 39682 24603 43406 26098 11050 13644 18976 29538 20197 24684 10012 17796 19495 34493 23056 27157 10541 33424 5270 20594 59259 12362 14845 44597 26668 15282 26495 35297 14936 10622 32488 21866 64743 31379 8099 15669 41636 27879 64804 63420 53958 43640 30250 11650

19133 14415 4124 7502 21736 4258 12148 8180 24693 17191 5611 2952 5851 5337 11613 17111 9697 5918 11525 19369 13673 12852 3268 8547 9073 1634 29479 2801 5623 13172 7620 3075 8745 9583 10952 10784 8420 6693 33190 6967 5560 10615 23935 14794 33148 32667 28750 23156 7022 11361

175156 190444 281463 355282 238383 258749 406770 325852 225170 205569 253234 264755 294457 314332 211356 210756 242970 289434 287742 170788 273327 239639 248102 332568 222222 279224 124051 257875 238875 392519 271962 254436 261534 380835 205405 233251 365874 308872 262243 348348 234998 267212 177231 219819 183947 276549 279934 151733 352989 210046

31417 23339 11056 15023 33379 9282 22113 11424 38298 25597 5582 2430 7436 13292 19279 25460 12766 7551 15708 32571 19387 22351 1601 18629 11698 6794 49650 800 9022 26549 15038 4846 16963 18384 18146 14626 16408 8878 52990 15002 5683 14150 36827 24738 53033 52629 45921 39055 14201 16091

22292 15532 8585 15815 27305 6079 22449 14122 31534 21286 7458 6609 10790 12212 11525 20448 11037 10887 16351 22629 18460 14092 5916 13959 8953 7422 37089 5247 2958 20575 9380 4675 9917 18779 10579 12122 17129 11995 44699 15038 5121 14086 30040 16086 42325 43386 37782 28046 15128 11164

35887 29205 12480 18630 41122 13061 25455 22151 45465 34940 19069 15598 19892 12207 23976 34080 23982 19991 27757 35640 30912 23444 16099 10314 22275 13699 50490 15413 16118 8049 15128 14256 17411 21687 23945 25034 19991 19843 58502 16718 17362 26420 43931 26395 56547 57636 51882 41202 17925 24545

12035 8916 3727 7937 15528 2988 11116 8229 17556 12413 5826 4628 6632 5471 6476 11884 7270 6678 9817 11792 10828 6101 4440 5425 6843 4123 18722 4120 3693 8596 2220 3580 3285 9358 7288 8021 8567 7210 23593 7374 4435 8731 16331 7478 21757 23235 20550 14388 7608 8162

16816 12300 4673 8907 19038 3674 13346 7880 21863 14695 4330 2861 5655 6838 9623 14610 7526 5719 9982 17041 12034 11338 2398 8891 6931 3300 26701 1952 3900 13310 6886 1199 7961 10895 8991 8573 9784 6460 29982 8388 3574 9112 21992 12670 30199 29780 26037 20660 8448 9382

33291 24043 13451 25678 45466 10386 35106 25927 51477 34720 17347 15249 21192 18623 16808 32845 22433 21329 29985 32571 32982 15695 14693 18486 19385 13751 53121 13742 10951 27888 8982 12141 7346 30148 19402 23889 27802 22904 67566 24266 14025 26766 46032 19779 62514 69570 61607 40269 24685 21808

946126 772783 372672 171891 941607 399465 229188 203364 1052973 801673 322800 261306 229995 336196 681269 810550 496143 258078 549405 987768 631719 728398 261790 467575 512606 298912 1361570 298428 451435 644793 516318 354111 575875 130895 640112 556184 145421 201588 1394657 221440 377998 514543 1052973 803126 1415639 1359472 1209370 1121245 178024 610899

11074 6516 9745 14620 17265 8055 18070 12049 20125 11582 7198 7592 9802 12191 5780 10692 6792 9607 10578 11927 12000 8559 6353 13369 4891 8961 21336 7495 5951 17830 10200 7109 9514 16229 3176 7028 15116 10875 27174 14096 5378 9051 16956 8848 24582 28075 24330 15579 14222 4326

15829 11730 12055 14909 14887 10463 18181 11400 18098 9950 5307 7379 8870 14516 10865 10202 3806 8340 7557 17293 9159 13994 5984 16447 4154 10495 26946 6793 8459 21470 13235 8116 13697 16483 8500 2992 15221 10444 27326 15353 4886 5837 17073 14319 27353 27097 22842 21406 14443 7022

260549 211357 97602 40426 259264 105128 73603 59561 291477 219479 83331 65940 56946 87232 185247 222003 132614 73007 147849 269818 171160 198738 65986 124584 137295 76540 378755 76494 119995 174969 138442 92233 155375 45566 173638 149685 32993 48961 388070 54606 99025 137846 290926 219984 394035 378067 335391 310337 42170 165240

137814 108160 60774 37261 137095 58008 63568 27330 156514 113056 30982 20497 15076 61549 97731 114578 60691 24757 69875 142959 83983 109515 20525 84066 63513 44425 209073 26860 58395 114439 80082 42378 87468 46721 85421 70981 39142 10262 214743 41936 40442 63900 156127 117123 218284 208713 182987 167828 34439 80359

45190 41683 54470 59493 29821 51403 65177 52117 27688 32544 40378 44494 47243 59211 47631 34351 38581 46820 37823 48504 35461 53659 42775 64357 39250 51465 40960 44335 48318 73399 57395 46882 55712 61907 44450 37012 59475 50292 21387 60630 40660 36889 30385 54285 34060 23696 24243 45428 59070 41092

22574 17974 7146 4104 23542 8089 8618 6428 26371 19848 7822 5211 5621 5744 15256 19762 12226 7047 13579 22804 15670 16305 5658 9081 11939 5543 32644 6154 9417 13583 10795 6937 12308 6121 14604 13612 4997 4907 35329 2829 8519 12693 26231 18261 35444 34157 30344 26490 3636 14436

80057 56481 38011 53182 85773 30699 70728 39587 100523 63100 15801 16494 27925 49316 49862 62659 25677 26917 44210 82915 51564 61965 10086 58183 22567 30846 133135 13847 23134 81255 43390 19877 47404 61209 39209 31140 55409 33472 142906 53119 5043 36309 95817 63289 143032 141855 122313 103360 50787 35364

58028 43758 39723 42962 45043 36260 52917 32225 54677 40086 13627 20427 24504 44777 41119 40854 14800 22884 13348 60736 18235 50669 16196 54356 20636 32504 91957 20846 31401 69686 44861 27673 47528 47737 33928 18849 43884 29335 84235 44763 19379 8098 61825 51661 93199 81191 68206 73289 41538 29391

11687 10319 16111 18256 9625 14832 20714 15620 8793 7559 11041 12598 13719 17960 12502 7885 9913 13320 12732 13667 11825 14853 11550 19329 10071 15090 13193 12158 13052 23103 16310 14031 15654 19439 11261 9301 18490 14901 14420 18590 10725 11440 5775 15097 13994 15320 12357 14935 17905 9951

19812 14312 16981 25818 30875 14743 32575 23312 35262 22118 16250 16268 19856 20756 9331 20750 16000 19556 21825 17087 24012 9543 14550 20656 13087 17100 32087 14856 12481 27518 13718 14262 12525 28893 11225 16375 27181 21506 46393 24875 13050 19475 30675 7275 38943 47856 42043 22706 25093 12993

107792 115691 168663 190737 120397 157010 210766 169251 113618 103562 131938 144628 153760 185526 134768 109304 122750 150511 145721 113954 138325 149278 136084 193650 124879 163256 89976 141042 142499 224408 164573 150483 160511 200373 123367 117764 192641 163396 108212 193454 129361 135188 93057 139110 68042 115551 117288 104178 187935 125748

50320 46673 57109 60151 29943 53921 66703 53124 27725 37172 40919 45381 48057 62039 52583 39050 40589 46994 38262 53765 35074 58814 42605 65905 40553 53307 45922 46572 49175 75966 59473 49220 61003 63303 49184 38958 60774 51227 25572 61352 42752 37291 34927 59519 38748 21302 24143 50567 59235 45803

13547 12443 15576 16502 7348 14610 18481 14368 6676 9565 10672 12024 12834 17069 14205 10134 10572 12512 9867 15145 8902 16103 11183 18240 10561 14424 14940 12384 13172 21287 16292 13186 16755 17451 13197 10078 16686 13794 8777 16860 11227 9573 9046 16305 12767 8172 5591 17640 16219 12151

1568 1572 2542 3371 2975 2287 3928 3020 3140 2117 2205 2361 2682 2911 1756 1983 2142 2611 2713 1300 2927 2073 2174 3115 1857 2517 2006 2297 2064 3788 2435 2239 2318 3664 1740 2179 3495 2856 3556 3292 2072 2483 2603 1850 2678 3717 4040 1087 3300 1792

101089 81178 34056 14036 101528 37057 34221 24448 114155 85625 31329 21905 20807 29883 69009 86632 50983 27212 57059 102699 66392 74352 23899 44780 51935 25656 147937 26114 42986 64873 50343 31915 56510 23076 66429 57791 18025 17622 155129 16909 36673 53106 114118 82825 155275 148907 131888 119151 11949 63080

7969 4856 7095 9693 10916 5941 11999 7886 12864 7029 4190 4847 6351 8766 4903 6421 3907 6030 6493 8552 7464 6801 4001 9570 2614 6560 14979 4498 4503 12617 7978 5294 7448 10753 3124 4073 9987 7090 17673 9684 3335 5450 10694 6998 17196 18323 15742 11047 9376 2000

0 1 37985
0 2 20440
0 3 64940
0 4 13376
0 6 44858
0 7 61393
0 11 26975
0 12 39895
0 13 27142
0 14 25258
0 15 34647
0 16 38937
0 17 50798
0 20 67974
0 21 56561
0 22 24078
0 23 20068
0 24 11148
0 26 32888
0 28 21152
0 30 27399
0 31 44624
0 32 48048
0 33 41836
0 34 42186
0 35 65435
0 37 50571
0 38 39877
0 39 12882
0 40 63423
0 41 10002
0 42 59295
0 43 63811
0 45 51315
0 47 45066
1 2 23706
1 3 47740
1 4 48913
1 5 57426
1 6 64268
1 8 34145
1 9 13756
1 10 34906
1 11 30808
1 13 61898
1 15 49621
1 16 27816
1 21 17180
1 22 48723
1 23 20294
1 24 32949
1 25 33740
1 28 32430
1 30 33688
1 31 15851
1 33 44101
1 37 39413
1 41 24289
1 45 51231
1 46 62188
1 48 29487
2 3 28270
2 4 18211
2 5 26392
2 6 60532
2 8 58747
2 10 53327
2 12 66633
2 14 20923
2 16 50288
2 17 11215
2 18 28435
2 19 11703
2 20 39913
2 23 19435
2 24 61106
2 26 24148
2 27 52839
2 28 38013
2 29 62842
2 30 32799
2 32 43722
2 34 24010
2 37 11473
2 38 41191
2 39 29424
2 42 51850
2 45 55943
2 46 65122
2 47 34533
2 48 64948
3 8 63949
3 11 18648
3 12 48461
3 13 52512
3 15 24927
3 24 60838
3 25 55791
3 27 25488
3 32 66282
3 34 14931
3 36 13090
3 37 43497
3 38 21004
3 39 66044
3 40 51168
3 41 45314
3 43 31617
3 46 26202
3 48 42440
4 5 26500
4 9 51256
4 10 19663
4 11 62034
4 12 51373
4 14 23770
4 15 28439
4 16 45189
4 19 62080
4 20 26920
4 21 35625
4 22 27074
4 23 66212
4 24 63462
4 25 62318
4 26 23794
4 28 20845
4 30 62219
4 31 52987
4 32 42280
4 33 59121
4 34 69443
4 36 37875
4 37 20253
4 40 15935
4 43 60904
4 44 41828
4 47 36354
4 48 23118
4 49 47440
5 6 37762
5 8 15541
5 10 51337
5 11 17663
5 13 64268
5 15 43394
5 17 55085
5 18 39235
5 27 12703
5 30 16361
5 31 41386
5 32 68804
5 34 54368
5 35 68974
5 39 51194
5 40 29027
5 41 45824
5 42 53463
5 44 52851
5 46 60662
5 47 11415
5 49 17776
6 7 47703
6 8 41562
6 11 49701
6 12 21077
6 13 63572
6 14 33758
6 15 15612
6 16 69554
6 17 27651
6 18 50627
6 19 66550
6 21 50383
6 24 25382
6 25 10754
6 26 20776
6 28 13059
6 29 48226
6 30 27099
6 32 50858
6 34 25046
6 35 58081
6 38 55903
6 39 57603
6 42 42578
6 43 56942
6 46 68921
7 9 38821
7 13 41480
7 14 29023
7 15 59368
7 17 40781
7 18 32234
7 19 26450
7 20 59945
7 21 31920
7 22 47173
7 23 43087
7 24 27353
7 26 20669
7 27 29600
7 31 67896
7 33 23516
7 38 24577
7 39 41640
7 42 21577
7 43 20546
7 44 40646
7 46 63308
7 49 43372
8 10 45221
8 12 48356
8 14 17212
8 16 16850
8 18 34872
8 19 64531
8 23 15774
8 24 23747
8 25 30112
8 26 28891
8 27 37180
8 30 50189
8 31 31806
8 32 56485
8 33 12110
8 34 56407
8 35 45374
8 36 56536
8 37 55812
8 39 38273
8 40 44583
8 42 49703
8 44 44946
8 45 25868
8 46 48579
8 47 30103
8 48 61395
8 49 47739
9 11 69250
9 12 25127
9 16 33712
9 18 38337
9 19 34301
9 20 40554
9 22 29242
9 23 44903
9 25 23482
9 26 61673
9 27 42448
9 29 66306
9 31 16572
9 32 51757
9 33 52335
9 37 22873
9 40 58258
9 42 17500
9 45 30266
9 46 10016
9 49 41317
10 11 51474
10 12 39502
10 14 57611
10 15 53517
10 16 63407
10 17 65365
10 18 27298
10 22 52441
10 23 33197
10 25 53464
10 26 18388
10 28 63556
10 29 13426
10 30 46287
10 32 47470
10 34 30987
10 35 11707
10 36 28885
10 38 53639
10 40 28140
10 41 31900
10 42 36567
10 44 14082
10 46 18787
10 47 58686
10 48 29951
11 13 48795
11 16 28256
11 17 66717
11 19 57301
11 20 65496
11 22 53354
11 23 66610
11 24 34670
11 25 60355
11 26 53376
11 27 10955
11 28 34059
11 30 31904
11 31 58535
11 32 54319
11 34 36412
11 38 19170
11 40 10794
11 45 17872
11 46 26287
11 48 27242
11 49 17878
12 13 55755
12 14 41139
12 15 56423
12 16 45313
12 18 43052
12 19 44714
12 20 65231
12 22 66025
12 23 44861
12 24 22718
12 26 31042
12 27 38902
12 29 51269
12 30 69497
12 31 28873
12 33 51648
12 35 49320
12 37 59029
12 39 54260
12 42 32244
12 43 56419
12 45 34073
12 46 52894
12 47 23570
12 49 12661
13 14 23974
13 17 25887
13 18 40029
13 19 60195
13 20 54236
13 21 55595
13 22 19425
13 23 31486
13 24 28080
13 28 61694
13 29 47659
13 33 34096
13 34 28517
13 36 44404
13 37 22956
13 38 44545
13 41 13669
13 42 24956
13 45 22508
13 46 52314
13 48 44008
14 16 21256
14 22 19253
14 23 17231
14 25 28128
14 26 58989
14 28 54038
14 30 46925
14 31 37241
14 32 53908
14 33 33193
14 35 56327
14 38 19797
14 39 10396
14 40 48768
14 41 43745
14 42 18210
14 44 58494
14 45 14138
14 47 52754
15 16 37124
15 17 38257
15 20 55723
15 21 42420
15 24 15792
15 28 43235
15 29 10162
15 30 10094
15 31 49996
15 33 68261
15 34 20041
15 35 17688
15 36 25415
15 37 52667
15 38 44823
15 39 42055
15 40 51944
15 41 12164
15 43 35302
15 46 38265
15 47 27011
15 48 59738
16 17 46248
16 21 26324
16 26 49796
16 28 33391
16 30 35555
16 35 12098
16 38 21229
16 39 62469
16 44 48218
16 45 12835
16 47 31662
16 48 16255
17 18 15998
17 22 20337
17 23 68603
17 24 59916
17 26 55378
17 27 28542
17 28 59228
17 29 24641
17 31 39211
17 32 27494
17 34 25508
17 36 34388
17 38 25134
17 42 13015
17 45 49208
17 48 47888
17 49 67491
18 19 29854
18 20 61474
18 21 17758
18 26 61388
18 27 49307
18 28 50351
18 29 60230
18 31 63246
18 33 56178
18 36 23746
18 39 51479
18 41 42953
18 44 40067
18 47 15065
18 48 38376
18 49 11022
19 21 26857
19 22 33574
19 24 56104
19 25 59919
19 27 28231
19 28 12656
19 29 28904
19 31 20229
19 35 20040
19 36 47156
19 39 41733
19 40 57583
19 43 18075
19 44 43614
19 46 66910
19 47 58793
19 49 58503
20 21 55598
20 22 65393
20 23 34808
20 24 33401
20 25 27759
20 27 61853
20 28 47292
20 29 28099
20 30 19376
20 31 56661
20 32 49222
20 33 66932
20 35 32077
20 36 57636
20 38 43234
20 39 52951
20 41 64993
20 42 54107
20 43 47558
20 44 50958
20 47 59821
20 48 17619
21 22 43990
21 24 40922
21 25 55132
21 26 12234
21 28 59792
21 30 19095
21 33 66604
21 34 39544
21 35 66471
21 36 52237
21 37 18746
21 40 13840
21 41 60355
21 42 57554
21 43 24686
21 45 63273
21 47 53065
22 23 66469
22 24 18952
22 26 48496
22 27 43625
22 28 55825
22 29 20449
22 31 36814
22 33 63522
22 34 60987
22 35 26663
22 36 28134
22 37 28186
22 38 63001
22 39 68106
22 40 61522
22 43 15609
22 45 25586
22 47 48049
22 48 14596
22 49 46984
23 25 40506
23 27 68010
23 30 41249
23 31 40249
23 33 14707
23 34 40454
23 35 15285
23 36 61475
23 37 62289
23 39 12649
23 40 23194
23 42 36531
23 44 43389
23 45 37648
23 46 22231
23 47 33896
23 48 47221
23 49 54082
24 30 60713
24 31 37491
24 32 65961
24 33 68355
24 34 30062
24 37 38222
24 40 49764
24 43 61631
24 44 20328
24 45 21638
24 48 12145
24 49 64729
25 27 68572
25 29 15440
25 30 30690
25 31 15224
25 32 58448
25 34 54783
25 35 56353
25 36 23016
25 39 16139
25 42 22669
25 43 33822
25 45 63032
25 46 15109
25 49 51219
26 30 23557
26 31 38803
26 33 25156
26 35 20968
26 37 27107
26 39 48784
26 40 58197
26 41 13143
26 43 64226
26 44 59938
26 45 69448
26 46 62669
26 48 24884
26 49 36549
27 28 46454
27 29 45196
27 31 56164
27 32 13166
27 33 68074
27 34 28408
27 35 50456
27 36 30582
27 37 39357
27 38 57736
27 39 26088
27 40 13158
27 44 36206
27 46 12660
27 47 28878
27 48 22492
28 29 62010
28 30 38481
28 31 25779
28 33 23146
28 34 22620
28 36 46708
28 41 58338
28 43 24544
28 44 65241
28 45 67348
28 49 12994
29 30 26534
29 31 32471
29 33 69901
29 34 46603
29 37 35582
29 39 35827
29 40 22288
29 41 26664
29 42 51413
29 44 44970
29 45 19561
29 46 50399
29 48 64953
29 49 28378
30 31 16628
30 32 63678
30 33 58729
30 35 45700
30 36 14280
30 37 43960
30 39 10829
30 40 35264
30 41 16989
30 42 27213
30 44 11122
30 48 19658
31 32 26286
31 33 23058
31 34 17260
31 35 40186
31 37 20818
31 38 24056
31 39 43504
31 41 68768
31 42 67755
31 44 21655
31 49 17910
32 34 37290
32 35 51128
32 36 34810
32 37 22311
32 38 54053
32 39 52166
32 40 16462
32 42 67700
32 43 34765
32 44 44971
32 46 56626
32 48 38932
32 49 65293
33 35 64243
33 36 49297
33 37 67185
33 40 58159
33 42 40325
33 44 63127
33 45 28769
33 46 61068
33 47 51666
33 48 47232
33 49 31989
34 37 57976
34 41 47674
34 42 10792
34 43 40407
34 44 52644
34 46 59321
34 49 63885
35 37 54953
35 41 58157
35 43 68085
35 44 60689
35 48 63817
36 37 58303
36 39 17299
36 42 25764
36 43 25421
36 44 28657
36 45 64602
36 47 37566
36 48 22588
36 49 25139
37 38 26636
37 39 65529
37 40 25089
37 41 36597
37 42 68653
37 43 61903
37 44 68551
37 45 36153
37 46 42202
37 47 20594
37 48 19678
37 49 59158
38 39 62293
38 41 14881
38 42 51402
38 43 18583
38 44 57436
38 47 54312
38 48 52784
39 42 28009
39 46 62586
40 41 20723
40 42 60648
40 43 63976
40 44 52037
40 48 55246
40 49 27450
41 42 63960
41 43 27826
41 45 38293
41 47 20285
41 48 38132
41 49 34870
42 43 46024
42 44 34799
42 45 35795
42 46 29095
42 47 30174
42 49 35794
43 46 42099
43 47 63103
43 48 43960
43 49 38010
44 45 48528
44 46 35243
44 47 34361
44 48 29854
44 49 50491
45 47 51962
45 48 27725
45 49 15540
46 49 50046
47 48 14390
47 49 39135
