50 50 1225
25000 25000 25000 25000 25000 25000 25000 25000 25000 25000 25000 25000 25000 25000 25000 25000 25000 25000 25000 25000 25000 25000 0 25000 25000 25000 25000 25000 25000 25000 25000 25000 25000 25000 25000 25000 25000 25000 25000 25000 25000 25000 25000 25000 25000 25000 25000 25000 25000 25000
2609 3292 6739 8933 6803 5984 10355 7650 8084 4246 5219 5776 6641 7816 4374 3847 5033 6429 6719 3660 7358 5396 5219 8345 4182 6387 7391 5542 5038 10349 6400 5558 6051 9568 3792 4898 9064 7159 11178 8697 4781 6033 6661 5299 8845 11656 9977 5301 8663 3947

2368 1148 3204 4509 4028 2752 5457 3845 4791 2504 2396 2628 3220 3859 1838 2266 2285 3117 3299 2596 3680 2582 2296 4205 1779 2994 5115 2491 2189 5399 3046 2499 2838 4940 1446 2351 4642 3507 6634 4369 2035 2890 3943 2607 5984 6919 5919 3574 4385 1538

38119 28711 4914 17161 44553 7030 26409 19622 50450 35490 13876 9147 14977 9987 21848 35330 20546 15111 25670 37312 29954 23679 9828 13734 19303 6568 57472 8895 11180 22957 12390 7341 15489 21294 21806 22713 18992 16657 67393 15523 12297 23856 48568 27686 66066 66973 59161 44864 16203 22621

94158 75406 32372 11548 94124 35112 29982 21024 105322 79267 29681 21275 20071 28595 64292 80186 47630 25921 53179 95094 61702 69206 23096 42165 48700 24701 135170 25118 40527 60515 47246 30416 52911 19804 61669 53847 15191 17163 141838 16712 34762 49569 105288 76944 142841 137025 121516 110118 12183 58878

1432 1277 1715 1883 566 1580 2152 1577 838 876 1061 1250 1363 1923 1524 955 1016 1318 949 1655 814 1789 1133 2087 1015 1583 2005 1269 1379 2512 1815 1381 1823 2008 1383 947 1901 1497 1685 1925 1108 908 1169 1798 2040 1600 1240 2003 1836 1237

29389 21549 6421 15994 35203 3514 23701 16197 40108 27663 10383 7483 12332 10627 15840 27251 15232 12444 20193 28704 23757 17769 7029 12654 13919 6260 45474 6253 6966 20326 9090 4947 10956 19446 15805 17035 17517 13730 54202 15093 8371 18684 38375 21102 52622 53852 47354 34986 15197 16483

181956 151443 81972 45118 179349 86890 28499 43134 199791 153664 65767 58805 48555 75277 138615 155294 97584 53176 107361 187467 122469 147325 56998 99391 102384 68433 259515 65619 96429 131920 108338 78565 118381 37594 126439 108605 40319 50569 262507 54213 78328 100962 199791 160389 266358 256048 228497 214099 46244 120958

70158 56137 33391 20160 68960 32030 26544 6370 78353 57158 16770 13571 8861 34044 51550 57907 31390 10985 35882 72690 42824 57376 12741 45125 33595 25346 105796 16702 32220 60071 42892 24339 46527 21820 44649 36454 21085 12128 107171 24366 22542 32942 78353 60248 108940 104203 91544 84928 20704 42130

1719 1555 2020 2186 797 1877 2480 1869 697 1127 1324 1525 1646 2242 1817 1211 1359 1593 1205 1956 1061 2099 1395 2416 1275 1880 1940 1538 1663 2869 2127 1665 2135 2327 1668 1203 2218 1789 1599 2239 1374 1156 1050 2109 1977 1509 1125 2149 2144 1511

1038 879 1459 1709 1024 1320 1995 1402 1305 464 869 1050 1181 1674 1133 546 738 1134 1066 1268 1206 1406 928 1875 768 1323 1950 999 1145 2314 1562 1115 1500 1846 988 667 1736 1318 1983 1748 832 916 1087 1416 1986 2088 1720 1628 1668 837

282030 211282 141015 156813 275986 123980 205925 104130 324205 216434 12638 46089 66146 165880 198300 220212 86408 58178 109075 294806 144106 241573 25277 212999 97536 105504 461992 48149 106122 288418 178793 81738 185456 180442 162789 111960 161484 89774 468792 165811 55499 94239 323380 245901 477721 453818 389938 356556 149807 140603

50691 38013 17684 20961 51754 16554 32069 15322 59686 41572 8429 1231 9073 20938 32781 41335 20566 9254 24295 52228 30058 37595 2463 29549 19775 11074 79235 3830 16712 41956 25571 10170 28589 26227 28724 24385 23131 11333 83247 20927 10350 21854 59166 41335 84557 81009 70500 62387 19673 26656

87703 68425 38207 29484 86090 36375 42477 15319 98955 70203 15832 11526 5185 43485 62653 71210 35513 11563 41561 91111 50906 70496 10371 57448 38482 27377 135275 15741 36631 77569 50998 26021 55891 35788 53362 42330 30731 11599 137529 32581 23565 37602 98735 74362 139911 133534 116492 107586 27615 49972

8994 7014 1953 3076 10270 2400 5044 4089 11525 8342 3428 2289 3530 1217 5553 8308 5162 3558 5938 8844 6878 5947 2434 2672 4897 1741 13134 2275 3283 4634 3544 2352 4204 3955 5544 5623 3465 3423 15131 2520 3406 5551 11125 6799 14963 15041 13379 10451 2868 5718

22109 13806 17181 27575 34163 13983 36054 25399 39559 23393 16297 15828 21148 21809 7310 21709 15513 20779 22678 21463 25368 12569 14621 24038 11931 16866 39913 14091 11169 32479 15843 13360 14375 31372 9640 15974 29250 22701 52897 26598 12776 19787 33563 13114 48346 54681 47531 28374 26698 11815

16807 14001 25640 30561 19556 22905 35602 25154 24505 9679 15763 18421 21255 29433 18478 8135 13451 20437 19232 20868 21699 23300 16271 32126 12619 23236 35094 17533 19253 39867 26303 19556 24957 32986 15933 12196 31041 23680 36455 30709 14579 16581 19881 23476 36497 38302 31816 27205 29842 13261

10299 7390 7031 8472 10011 6048 10492 6305 12559 6963 2542 3918 4743 8551 6856 7119 1531 4415 4164 10825 5152 8788 3062 9992 2712 6068 17458 3782 5031 13093 7754 4593 8294 9443 5401 2666 8664 5714 17692 8842 2599 3101 11362 8989 17709 17551 14924 13365 8184 4483

175305 136474 78453 73100 171987 74683 92515 36644 198000 139301 27445 23562 23034 89311 126332 141375 67935 11423 80376 182317 99603 144881 22846 118038 74042 56173 274079 32233 75211 159433 104768 53383 114834 79433 107218 81959 75663 36305 280374 79396 45918 72233 198000 150423 282712 269592 234531 216209 69254 97680

14104 10872 9452 10186 10309 8668 12441 7754 12529 10040 3542 5082 6005 10597 10274 10214 4313 5638 2061 14718 4237 12438 4123 12767 5635 7817 21789 5177 8073 16239 11122 6723 11726 11267 8646 5230 10401 7099 19186 10594 5350 2795 14964 12662 22071 18497 15556 17561 9863 7618

4719 4738 8597 11897 10320 7583 14113 10500 12031 6905 7254 7875 9152 10064 5467 6371 7005 8870 9277 3656 10130 6729 7312 10878 5869 8497 9506 7622 6695 13554 8172 7390 7707 13238 5406 7151 12428 9845 15675 11583 6547 8360 10130 5845 12180 16314 14559 5847 11614 5613

2204 1718 1581 1691 1302 1463 2030 1326 1635 1593 693 924 1063 1760 1628 1619 733 1008 555 2296 390 1953 780 2079 931 1335 3066 939 1298 2600 1756 1171 1846 1853 1384 871 1722 1227 2673 1752 889 505 2041 1987 3108 2532 2090 2723 1643 1229

33087 23443 23170 37575 50155 19559 48702 36072 57236 36022 26166 23493 30494 29263 14919 33813 25682 30655 35084 31815 38614 11166 22333 29102 20982 23524 56025 21214 17380 40178 17905 20255 15978 42538 17975 26288 39775 32512 74738 35911 21002 31291 49368 15978 67091 77038 67697 40884 36405 20830

29547 21819 12087 14277 30208 10393 19877 9670 34960 23989 3801 2252 5847 14071 19650 23844 11199 6260 13471 30993 16984 22873 0 19319 10703 8017 46945 2293 10145 26881 15889 6157 17728 16757 16158 13513 14856 7665 50147 14257 4959 11984 34713 24051 50189 48040 41634 36675 13492 14897

19258 15154 4883 8660 22473 5240 12851 10822 25140 18677 8930 6798 9435 4715 11943 18148 11947 9496 14265 19106 16203 11616 7106 3553 10898 5631 28226 6684 7117 7725 6509 5973 7911 10537 11924 12593 9496 9405 33421 7486 7881 13444 24198 13429 31946 32615 29081 22522 8227 12293

32600 22120 24063 31410 36263 20115 39682 24603 43406 26098 11050 13644 18976 29538 20197 24684 10012 17796 19495 34493 23056 27157 10541 33424 5270 20594 59259 12362 14845 44597 26668 15282 26495 35297 14936 10622 32488 21866 64743 31379 8099 15669 41636 27879 64804 63420 53958 43640 30250 11650

19133 14415 4124 7502 21736 4258 12148 8180 24693 17191 5611 2952 5851 5337 11613 17111 9697 5918 11525 19369 13673 12852 3268 8547 9073 1634 29479 2801 5623 13172 7620 3075 8745 9583 10952 10784 8420 6693 33190 6967 5560 10615 23935 14794 33148 32667 28750 23156 7022 11361

175156 190444 281463 355282 238383 258749 406770 325852 225170 205569 253234 264755 294457 314332 211356 210756 242970 289434 287742 170788 273327 239639 248102 332568 222222 279224 124051 257875 238875 392519 271962 254436 261534 380835 205405 233251 365874 308872 262243 348348 234998 267212 177231 219819 183947 276549 279934 151733 352989 210046

31417 23339 11056 15023 33379 9282 22113 11424 38298 25597 5582 2430 7436 13292 19279 25460 12766 7551 15708 32571 19387 22351 1601 18629 11698 6794 49650 800 9022 26549 15038 4846 16963 18384 18146 14626 16408 8878 52990 15002 5683 14150 36827 24738 53033 52629 45921 39055 14201 16091

22292 15532 8585 15815 27305 6079 22449 14122 31534 21286 7458 6609 10790 12212 11525 20448 11037 10887 16351 22629 18460 14092 5916 13959 8953 7422 37089 5247 2958 20575 9380 4675 9917 18779 10579 12122 17129 11995 44699 15038 5121 14086 30040 16086 42325 43386 37782 28046 15128 11164

35887 29205 12480 18630 41122 13061 25455 22151 45465 34940 19069 15598 19892 12207 23976 34080 23982 19991 27757 35640 30912 23444 16099 10314 22275 13699 50490 15413 16118 8049 15128 14256 17411 21687 23945 25034 19991 19843 58502 16718 17362 26420 43931 26395 56547 57636 51882 41202 17925 24545

12035 8916 3727 7937 15528 2988 11116 8229 17556 12413 5826 4628 6632 5471 6476 11884 7270 6678 9817 11792 10828 6101 4440 5425 6843 4123 18722 4120 3693 8596 2220 3580 3285 9358 7288 8021 8567 7210 23593 7374 4435 8731 16331 7478 21757 23235 20550 14388 7608 8162

16816 12300 4673 8907 19038 3674 13346 7880 21863 14695 4330 2861 5655 6838 9623 14610 7526 5719 9982 17041 12034 11338 2398 8891 6931 3300 26701 1952 3900 13310 6886 1199 7961 10895 8991 8573 9784 6460 29982 8388 3574 9112 21992 12670 30199 29780 26037 20660 8448 9382

33291 24043 13451 25678 45466 10386 35106 25927 51477 34720 17347 15249 21192 18623 16808 32845 22433 21329 29985 32571 32982 15695 14693 18486 19385 13751 53121 13742 10951 27888 8982 12141 7346 30148 19402 23889 27802 22904 67566 24266 14025 26766 46032 19779 62514 69570 61607 40269 24685 21808

946126 772783 372672 171891 941607 399465 229188 203364 1052973 801673 322800 261306 229995 336196 681269 810550 496143 258078 549405 987768 631719 728398 261790 467575 512606 298912 1361570 298428 451435 644793 516318 354111 575875 130895 640112 556184 145421 201588 1394657 221440 377998 514543 1052973 803126 1415639 1359472 1209370 1121245 178024 610899

11074 6516 9745 14620 17265 8055 18070 12049 20125 11582 7198 7592 9802 12191 5780 10692 6792 9607 10578 11927 12000 8559 6353 13369 4891 8961 21336 7495 5951 17830 10200 7109 9514 16229 3176 7028 15116 10875 27174 14096 5378 9051 16956 8848 24582 28075 24330 15579 14222 4326

15829 11730 12055 14909 14887 10463 18181 11400 18098 9950 5307 7379 8870 14516 10865 10202 3806 8340 7557 17293 9159 13994 5984 16447 4154 10495 26946 6793 8459 21470 13235 8116 13697 16483 8500 2992 15221 10444 27326 15353 4886 5837 17073 14319 27353 27097 22842 21406 14443 7022

260549 211357 97602 40426 259264 105128 73603 59561 291477 219479 83331 65940 56946 87232 185247 222003 132614 73007 147849 269818 171160 198738 65986 124584 137295 76540 378755 76494 119995 174969 138442 92233 155375 45566 173638 149685 32993 48961 388070 54606 99025 137846 290926 219984 394035 378067 335391 310337 42170 165240

137814 108160 60774 37261 137095 58008 63568 27330 156514 113056 30982 20497 15076 61549 97731 114578 60691 24757 69875 142959 83983 109515 20525 84066 63513 44425 209073 26860 58395 114439 80082 42378 87468 46721 85421 70981 39142 10262 214743 41936 40442 63900 156127 117123 218284 208713 182987 167828 34439 80359

45190 41683 54470 59493 29821 51403 65177 52117 27688 32544 40378 44494 47243 59211 47631 34351 38581 46820 37823 48504 35461 53659 42775 64357 39250 51465 40960 44335 48318 73399 57395 46882 55712 61907 44450 37012 59475 50292 21387 60630 40660 36889 30385 54285 34060 23696 24243 45428 59070 41092

22574 17974 7146 4104 23542 8089 8618 6428 26371 19848 7822 5211 5621 5744 15256 19762 12226 7047 13579 22804 15670 16305 5658 9081 11939 5543 32644 6154 9417 13583 10795 6937 12308 6121 14604 13612 4997 4907 35329 2829 8519 12693 26231 18261 35444 34157 30344 26490 3636 14436

80057 56481 38011 53182 85773 30699 70728 39587 100523 63100 15801 16494 27925 49316 49862 62659 25677 26917 44210 82915 51564 61965 10086 58183 22567 30846 133135 13847 23134 81255 43390 19877 47404 61209 39209 31140 55409 33472 142906 53119 5043 36309 95817 63289 143032 141855 122313 103360 50787 35364

58028 43758 39723 42962 45043 36260 52917 32225 54677 40086 13627 20427 24504 44777 41119 40854 14800 22884 13348 60736 18235 50669 16196 54356 20636 32504 91957 20846 31401 69686 44861 27673 47528 47737 33928 18849 43884 29335 84235 44763 19379 8098 61825 51661 93199 81191 68206 73289 41538 29391

11687 10319 16111 18256 9625 14832 20714 15620 8793 7559 11041 12598 13719 17960 12502 7885 9913 13320 12732 13667 11825 14853 11550 19329 10071 15090 13193 12158 13052 23103 16310 14031 15654 19439 11261 9301 18490 14901 14420 18590 10725 11440 5775 15097 13994 15320 12357 14935 17905 9951

19812 14312 16981 25818 30875 14743 32575 23312 35262 22118 16250 16268 19856 20756 9331 20750 16000 19556 21825 17087 24012 9543 14550 20656 13087 17100 32087 14856 12481 27518 13718 14262 12525 28893 11225 16375 27181 21506 46393 24875 13050 19475 30675 7275 38943 47856 42043 22706 25093 12993

107792 115691 168663 190737 120397 157010 210766 169251 113618 103562 131938 144628 153760 185526 134768 109304 122750 150511 145721 113954 138325 149278 136084 193650 124879 163256 89976 141042 142499 224408 164573 150483 160511 200373 123367 117764 192641 163396 108212 193454 129361 135188 93057 139110 68042 115551 117288 104178 187935 125748

50320 46673 57109 60151 29943 53921 66703 53124 27725 37172 40919 45381 48057 62039 52583 39050 40589 46994 38262 53765 35074 58814 42605 65905 40553 53307 45922 46572 49175 75966 59473 49220 61003 63303 49184 38958 60774 51227 25572 61352 42752 37291 34927 59519 38748 21302 24143 50567 59235 45803

13547 12443 15576 16502 7348 14610 18481 14368 6676 9565 10672 12024 12834 17069 14205 10134 10572 12512 9867 15145 8902 16103 11183 18240 10561 14424 14940 12384 13172 21287 16292 13186 16755 17451 13197 10078 16686 13794 8777 16860 11227 9573 9046 16305 12767 8172 5591 17640 16219 12151

1568 1572 2542 3371 2975 2287 3928 3020 3140 2117 2205 2361 2682 2911 1756 1983 2142 2611 2713 1300 2927 2073 2174 3115 1857 2517 2006 2297 2064 3788 2435 2239 2318 3664 1740 2179 3495 2856 3556 3292 2072 2483 2603 1850 2678 3717 4040 1087 3300 1792

101089 81178 34056 14036 101528 37057 34221 24448 114155 85625 31329 21905 20807 29883 69009 86632 50983 27212 57059 102699 66392 74352 23899 44780 51935 25656 147937 26114 42986 64873 50343 31915 56510 23076 66429 57791 18025 17622 155129 16909 36673 53106 114118 82825 155275 148907 131888 119151 11949 63080

7969 4856 7095 9693 10916 5941 11999 7886 12864 7029 4190 4847 6351 8766 4903 6421 3907 6030 6493 8552 7464 6801 4001 9570 2614 6560 14979 4498 4503 12617 7978 5294 7448 10753 3124 4073 9987 7090 17673 9684 3335 5450 10694 6998 17196 18323 15742 11047 9376 2000

0 1 18765
0 2 34072
0 3 45632
0 4 60649
0 5 44381
0 6 16848
0 7 61198
0 8 40020
0 9 57226
0 10 27486
0 11 39005
0 12 42373
0 13 26460
0 14 68873
0 15 67967
0 16 69727
0 17 33308
0 18 52361
0 19 62071
0 20 44365
0 21 44037
0 22 38665
0 23 47623
0 24 28607
0 25 46865
0 26 37615
0 27 39773
0 28 39553
0 29 60723
0 30 36989
0 31 19773
0 32 18127
0 33 36868
0 34 18373
0 35 69850
0 36 31744
0 37 10303
0 38 45474
0 39 11798
0 40 25479
0 41 16527
0 42 30886
0 43 29434
0 44 21589
0 45 65218
0 46 21552
0 47 51646
0 48 60776
0 49 56519
1 2 13806
1 3 64591
1 4 66609
1 5 62312
1 6 55524
1 7 48869
1 8 55478
1 9 54097
1 10 44400
1 11 19507
1 12 60042
1 13 34567
1 14 32421
1 15 67626
1 16 61080
1 17 35051
1 18 16867
1 19 30437
1 20 37241
1 21 58265
1 22 29563
1 23 60121
1 24 58883
1 25 57757
1 26 60455
1 27 55625
1 28 48343
1 29 28443
1 30 39110
1 31 60314
1 32 10215
1 33 25077
1 34 34065
1 35 33263
1 36 47319
1 37 26776
1 38 25015
1 39 48276
1 40 63821
1 41 49885
1 42 69651
1 43 11125
1 44 58407
1 45 25110
1 46 21990
1 47 47708
1 48 43495
1 49 41991
2 3 27356
2 4 35218
2 5 53135
2 6 37911
2 7 35245
2 8 48400
2 9 18573
2 10 49694
2 11 30148
2 12 68922
2 13 23091
2 14 36073
2 15 65810
2 16 59990
2 17 55623
2 18 13217
2 19 63589
2 20 44008
2 21 20430
2 22 21227
2 23 54458
2 24 17445
2 25 17913
2 26 47608
2 27 27014
2 28 22969
2 29 36916
2 30 41539
2 31 41880
2 32 14735
2 33 66216
2 34 66835
2 35 22739
2 36 12881
2 37 19114
2 38 21549
2 39 50088
2 40 32957
2 41 28838
2 42 38767
2 43 23448
2 44 15959
2 45 43483
2 46 62146
2 47 21732
2 48 69219
2 49 27537
3 4 20457
3 5 13250
3 6 39799
3 7 13799
3 8 52289
3 9 46695
3 10 54593
3 11 52164
3 12 17739
3 13 17801
3 14 35033
3 15 50252
3 16 69352
3 17 36765
3 18 22637
3 19 40978
3 20 24579
3 21 46434
3 22 69296
3 23 48431
3 24 46825
3 25 69536
3 26 33364
3 27 57482
3 28 36369
3 29 67505
3 30 59273
3 31 31285
3 32 16095
3 33 57197
3 34 42353
3 35 28179
3 36 15107
3 37 30367
3 38 57551
3 39 45045
3 40 60276
3 41 44850
3 42 38986
3 43 31096
3 44 63968
3 45 69461
3 46 42712
3 47 18219
3 48 18797
3 49 20243
4 5 12647
4 6 27139
4 7 69388
4 8 34861
4 9 46304
4 10 10371
4 11 57193
4 12 26573
4 13 67554
4 14 34239
4 15 18976
4 16 33820
4 17 54447
4 18 43199
4 19 50159
4 20 57099
4 21 58217
4 22 13264
4 23 51744
4 24 57249
4 25 50736
4 26 67333
4 27 32842
4 28 30461
4 29 50632
4 30 10975
4 31 18400
4 32 54000
4 33 43186
4 34 32445
4 35 23346
4 36 18855
4 37 60135
4 38 11873
4 39 26596
4 40 12632
4 41 46744
4 42 35262
4 43 36575
4 44 42687
4 45 16775
4 46 43168
4 47 44809
4 48 54376
4 49 57072
5 6 44044
5 7 62717
5 8 24686
5 9 65018
5 10 61084
5 11 15682
5 12 55299
5 13 16385
5 14 41069
5 15 18989
5 16 26520
5 17 60122
5 18 17293
5 19 29562
5 20 19278
5 21 44842
5 22 29757
5 23 12573
5 24 56764
5 25 61002
5 26 31909
5 27 54268
5 28 38167
5 29 40475
5 30 69965
5 31 49344
5 32 41581
5 33 28879
5 34 40749
5 35 53247
5 36 67779
5 37 69701
5 38 68353
5 39 38331
5 40 22569
5 41 45669
5 42 15075
5 43 51688
5 44 33294
5 45 18831
5 46 37979
5 47 26097
5 48 63994
5 49 61139
6 7 36121
6 8 27475
6 9 38828
6 10 64141
6 11 42155
6 12 35002
6 13 64511
6 14 29203
6 15 19664
6 16 19180
6 17 59406
6 18 42570
6 19 52539
6 20 63299
6 21 46348
6 22 23980
6 23 65177
6 24 49074
6 25 34984
6 26 50243
6 27 42041
6 28 51863
6 29 28621
6 30 48842
6 31 24662
6 32 47596
6 33 28738
6 34 44159
6 35 45186
6 36 60514
6 37 34600
6 38 36707
6 39 45950
6 40 66488
6 41 25350
6 42 44425
6 43 28329
6 44 36647
6 45 40059
6 46 27941
6 47 16215
6 48 35143
6 49 28408
7 8 48934
7 9 13112
7 10 27832
7 11 20295
7 12 57490
7 13 36673
7 14 69883
7 15 67062
7 16 15766
7 17 36948
7 18 15046
7 19 24254
7 20 51730
7 21 41229
7 22 31775
7 23 16175
7 24 29583
7 25 16510
7 26 46999
7 27 44658
7 28 25754
7 29 31172
7 30 29707
7 31 59945
7 32 56330
7 33 44239
7 34 60254
7 35 37068
7 36 31668
7 37 25209
7 38 10638
7 39 30505
7 40 53375
7 41 20340
7 42 66525
7 43 43920
7 44 32682
7 45 37917
7 46 36031
7 47 30568
7 48 57461
7 49 26442
8 9 42357
8 10 32403
8 11 64511
8 12 23821
8 13 58052
8 14 38074
8 15 24046
8 16 14505
8 17 46116
8 18 32852
8 19 19871
8 20 63893
8 21 31336
8 22 34616
8 23 31972
8 24 32864
8 25 10920
8 26 34707
8 27 45583
8 28 36932
8 29 59207
8 30 41414
8 31 56124
8 32 60177
8 33 60698
8 34 67391
8 35 26503
8 36 22823
8 37 28449
8 38 32989
8 39 64849
8 40 57456
8 41 53825
8 42 13904
8 43 37044
8 44 29396
8 45 48546
8 46 65856
8 47 49434
8 48 33263
8 49 45415
9 10 17053
9 11 34643
9 12 16110
9 13 20020
9 14 46218
9 15 61304
9 16 23343
9 17 22190
9 18 40890
9 19 34436
9 20 41837
9 21 40152
9 22 50357
9 23 60079
9 24 26071
9 25 10627
9 26 63765
9 27 29354
9 28 54714
9 29 15326
9 30 56948
9 31 30959
9 32 54464
9 33 27540
9 34 58735
9 35 28344
9 36 67663
9 37 34618
9 38 44436
9 39 27993
9 40 62896
9 41 23632
9 42 30242
9 43 69241
9 44 61417
9 45 12242
9 46 23903
9 47 48657
9 48 19055
9 49 60074
10 11 37230
10 12 41067
10 13 43267
10 14 25618
10 15 56734
10 16 68211
10 17 62232
10 18 12645
10 19 43886
10 20 63784
10 21 52806
10 22 50020
10 23 41931
10 24 65077
10 25 37579
10 26 25129
10 27 16273
10 28 66055
10 29 28233
10 30 33596
10 31 31637
10 32 67302
10 33 32707
10 34 49049
10 35 48186
10 36 44600
10 37 15211
10 38 64054
10 39 19650
10 40 28129
10 41 56986
10 42 18391
10 43 65806
10 44 19152
10 45 38824
10 46 41710
10 47 53612
10 48 27035
10 49 15312
11 12 25616
11 13 38917
11 14 50843
11 15 14837
11 16 33975
11 17 46732
11 18 38069
11 19 38066
11 20 63329
11 21 63611
11 22 60615
11 23 34287
11 24 59249
11 25 37690
11 26 60571
11 27 12369
11 28 62853
11 29 42756
11 30 28119
11 31 31297
11 32 14784
11 33 10550
11 34 68099
11 35 32019
11 36 15192
11 37 16615
11 38 24418
11 39 40836
11 40 25153
11 41 19951
11 42 54234
11 43 34616
11 44 66311
11 45 57136
11 46 57669
11 47 19228
11 48 52815
11 49 24363
12 13 61098
12 14 18695
12 15 62013
12 16 14801
12 17 32564
12 18 56450
12 19 56868
12 20 66146
12 21 31426
12 22 54542
12 23 40838
12 24 54871
12 25 62815
12 26 10017
12 27 26581
12 28 62897
12 29 60763
12 30 63025
12 31 63255
12 32 11911
12 33 56167
12 34 52593
12 35 31114
12 36 50490
12 37 22206
12 38 22981
12 39 19414
12 40 60608
12 41 14655
12 42 24212
12 43 51358
12 44 27971
12 45 55054
12 46 37601
12 47 31526
12 48 53184
12 49 40577
13 14 27082
13 15 27222
13 16 56936
13 17 68957
13 18 35177
13 19 20474
13 20 33305
13 21 52763
13 22 35422
13 23 67331
13 24 18946
13 25 40742
13 26 19750
13 27 28763
13 28 46314
13 29 65065
13 30 27384
13 31 60969
13 32 28067
13 33 26941
13 34 21001
13 35 45383
13 36 28897
13 37 34529
13 38 64972
13 39 14064
13 40 63302
13 41 63170
13 42 49779
13 43 65987
13 44 23978
13 45 55842
13 46 49691
13 47 58386
13 48 49441
13 49 63708
14 15 19095
14 16 47453
14 17 69941
14 18 35015
14 19 22899
14 20 21536
14 21 26590
14 22 19253
14 23 39343
14 24 35166
14 25 18997
14 26 37387
14 27 34171
14 28 69152
14 29 43805
14 30 16759
14 31 68303
14 32 57244
14 33 45251
14 34 15862
14 35 64042
14 36 64351
14 37 44808
14 38 29705
14 39 31549
14 40 10177
14 41 65880
14 42 18292
14 43 66042
14 44 46368
14 45 46656
14 46 59099
14 47 13692
14 48 32259
14 49 11306
15 16 13445
15 17 68223
15 18 52333
15 19 24104
15 20 59887
15 21 56910
15 22 65257
15 23 63980
15 24 25547
15 25 57345
15 26 66221
15 27 21395
15 28 58016
15 29 68015
15 30 40382
15 31 24749
15 32 41022
15 33 54327
15 34 32356
15 35 25393
15 36 56789
15 37 12307
15 38 44151
15 39 31947
15 40 69014
15 41 27965
15 42 55997
15 43 26908
15 44 67151
15 45 30641
15 46 36949
15 47 24064
15 48 34714
15 49 57678
16 17 43175
16 18 69313
16 19 64431
16 20 12011
16 21 20612
16 22 64632
16 23 19603
16 24 51213
16 25 64662
16 26 52318
16 27 35749
16 28 65699
16 29 24701
16 30 37021
16 31 18155
16 32 36486
16 33 40474
16 34 47647
16 35 50124
16 36 39840
16 37 26320
16 38 46714
16 39 23423
16 40 44228
16 41 26049
16 42 46251
16 43 29505
16 44 20848
16 45 28067
16 46 59973
16 47 15272
16 48 30257
16 49 64963
17 18 23356
17 19 60266
17 20 12175
17 21 54022
17 22 18862
17 23 43168
17 24 51882
17 25 45988
17 26 53719
17 27 12789
17 28 52403
17 29 55140
17 30 69782
17 31 11540
17 32 25215
17 33 40647
17 34 17942
17 35 34472
17 36 13852
17 37 11710
17 38 52291
17 39 54860
17 40 46800
17 41 41364
17 42 39045
17 43 61439
17 44 41361
17 45 30176
17 46 49696
17 47 13887
17 48 40923
17 49 69834
18 19 18152
18 20 11686
18 21 19153
18 22 23774
18 23 60979
18 24 14675
18 25 65834
18 26 34650
18 27 56544
18 28 22679
18 29 39021
18 30 35400
18 31 17276
18 32 49980
18 33 62878
18 34 63417
18 35 63177
18 36 35738
18 37 57556
18 38 16480
18 39 60850
18 40 52666
18 41 33546
18 42 57915
18 43 69758
18 44 14347
18 45 19801
18 46 60200
18 47 21739
18 48 17981
18 49 69050
19 20 28351
19 21 19205
19 22 40911
19 23 46305
19 24 21648
19 25 34898
19 26 23839
19 27 24335
19 28 21238
19 29 48700
19 30 29224
19 31 31684
19 32 28283
19 33 62308
19 34 60744
19 35 14014
19 36 29938
19 37 39536
19 38 32685
19 39 14592
19 40 19348
19 41 51352
19 42 16990
19 43 11293
19 44 56132
19 45 43813
19 46 51199
19 47 61132
19 48 51625
19 49 12098
20 21 57502
20 22 27817
20 23 42035
20 24 68290
20 25 15899
20 26 51758
20 27 55077
20 28 61139
20 29 41501
20 30 56648
20 31 55130
20 32 69341
20 33 62312
20 34 48515
20 35 56617
20 36 52659
20 37 45781
20 38 27912
20 39 10535
20 40 25241
20 41 41790
20 42 44386
20 43 42813
20 44 31639
20 45 40663
20 46 31947
20 47 38750
20 48 64827
20 49 34465
21 22 41351
21 23 36660
21 24 31554
21 25 60840
21 26 56610
21 27 18373
21 28 20513
21 29 45203
21 30 43383
21 31 33130
21 32 58683
21 33 49662
21 34 55938
21 35 54623
21 36 15826
21 37 60460
21 38 66523
21 39 37541
21 40 65913
21 41 20248
21 42 56108
21 43 67080
21 44 45137
21 45 40577
21 46 63004
21 47 49894
21 48 33852
21 49 38671
22 23 14321
22 24 36908
22 25 68735
22 26 10030
22 27 20840
22 28 36040
22 29 32304
22 30 35630
22 31 41262
22 32 64089
22 33 41345
22 34 24919
22 35 64726
22 36 52390
22 37 37074
22 38 14722
22 39 10707
22 40 40600
22 41 35351
22 42 41054
22 43 44553
22 44 29297
22 45 19735
22 46 51621
22 47 53989
22 48 57396
22 49 46729
23 24 62389
23 25 19832
23 26 36387
23 27 32192
23 28 67359
23 29 25443
23 30 45046
23 31 44941
23 32 39690
23 33 49547
23 34 52703
23 35 20267
23 36 16631
23 37 22738
23 38 68647
23 39 19046
23 40 67276
23 41 12167
23 42 54841
23 43 53828
23 44 69963
23 45 56511
23 46 62770
23 47 27462
23 48 17298
23 49 21447
24 25 68995
24 26 60677
24 27 38675
24 28 22357
24 29 39236
24 30 64711
24 31 62985
24 32 49231
24 33 43942
24 34 66379
24 35 68682
24 36 55266
24 37 50695
24 38 60264
24 39 46089
24 40 47995
24 41 46130
24 42 39766
24 43 54793
24 44 54832
24 45 26230
24 46 39597
24 47 59125
24 48 69747
24 49 18239
25 26 43324
25 27 25369
25 28 21078
25 29 31319
25 30 54059
25 31 25758
25 32 31549
25 33 49783
25 34 43046
25 35 56143
25 36 24957
25 37 43773
25 38 57942
25 39 39734
25 40 68670
25 41 30167
25 42 43951
25 43 60586
25 44 17954
25 45 69075
25 46 68370
25 47 36771
25 48 16723
25 49 33940
26 27 17483
26 28 44000
26 29 22457
26 30 29699
26 31 53376
26 32 10792
26 33 50111
26 34 60394
26 35 19201
26 36 21795
26 37 15589
26 38 55520
26 39 48409
26 40 46584
26 41 41550
26 42 47605
26 43 20607
26 44 24179
26 45 42083
26 46 22520
26 47 69664
26 48 20210
26 49 56977
27 28 16542
27 29 64288
27 30 59685
27 31 51913
27 32 26542
27 33 46552
27 34 51806
27 35 16354
27 36 33489
27 37 53721
27 38 62730
27 39 34250
27 40 53967
27 41 41268
27 42 26395
27 43 17486
27 44 60775
27 45 27627
27 46 60709
27 47 38369
27 48 66214
27 49 23081
28 29 59376
28 30 20136
28 31 22748
28 32 13237
28 33 56013
28 34 57082
28 35 37755
28 36 46862
28 37 22947
28 38 53439
28 39 68828
28 40 66886
28 41 23311
28 42 19492
28 43 16528
28 44 10250
28 45 52008
28 46 31474
28 47 14243
28 48 46587
28 49 38552
29 30 66589
29 31 64723
29 32 26809
29 33 40504
29 34 34096
29 35 47667
29 36 41573
29 37 68941
29 38 46857
29 39 49990
29 40 24079
29 41 33846
29 42 39459
29 43 46617
29 44 64698
29 45 28772
29 46 47828
29 47 47442
29 48 43870
29 49 17590
30 31 59983
30 32 41653
30 33 58940
30 34 48974
30 35 58768
30 36 25609
30 37 27315
30 38 48401
30 39 30248
30 40 15525
30 41 66540
30 42 65289
30 43 24144
30 44 28062
30 45 27031
30 46 32333
30 47 33613
30 48 51275
30 49 47284
31 32 24703
31 33 61919
31 34 38900
31 35 32471
31 36 18713
31 37 45024
31 38 20370
31 39 24887
31 40 28636
31 41 48392
31 42 63398
31 43 25054
31 44 61493
31 45 32421
31 46 61222
31 47 15723
31 48 35758
31 49 58942
32 33 29580
32 34 24664
32 35 40485
32 36 65235
32 37 43956
32 38 56516
32 39 61858
32 40 51995
32 41 19387
32 42 47339
32 43 45718
32 44 20001
32 45 45817
32 46 19217
32 47 12422
32 48 18939
32 49 55925
33 34 13000
33 35 35996
33 36 43618
33 37 31062
33 38 38897
33 39 67746
33 40 20880
33 41 17943
33 42 54366
33 43 10683
33 44 56953
33 45 32796
33 46 24429
33 47 17034
33 48 33573
33 49 69675
34 35 32073
34 36 47514
34 37 35624
34 38 62178
34 39 34201
34 40 51766
34 41 43410
34 42 69653
34 43 56074
34 44 34848
34 45 23189
34 46 51902
34 47 35566
34 48 13690
34 49 64599
35 36 38418
35 37 15389
35 38 58716
35 39 50860
35 40 48239
35 41 17172
35 42 26495
35 43 68771
35 44 44711
35 45 15540
35 46 40577
35 47 69907
35 48 69052
35 49 24119
36 37 60965
36 38 28813
36 39 11742
36 40 35315
36 41 54272
36 42 17706
36 43 33941
36 44 41572
36 45 41812
36 46 55640
36 47 61541
36 48 28786
36 49 56263
37 38 57301
37 39 30519
37 40 10762
37 41 32842
37 42 40868
37 43 42834
37 44 61395
37 45 25063
37 46 25969
37 47 60331
37 48 42145
37 49 64237
38 39 27723
38 40 18967
38 41 30600
38 42 17907
38 43 63249
38 44 55673
38 45 49911
38 46 12643
38 47 19451
38 48 29666
38 49 38935
39 40 22652
39 41 60087
39 42 55150
39 43 24184
39 44 26370
39 45 47869
39 46 54769
39 47 43271
39 48 16370
39 49 67455
40 41 43237
40 42 46910
40 43 10849
40 44 21358
40 45 69912
40 46 17950
40 47 47902
40 48 38253
40 49 42973
41 42 48791
41 43 60696
41 44 61033
41 45 25129
41 46 14495
41 47 37178
41 48 12598
41 49 38373
42 43 22647
42 44 48573
42 45 12442
42 46 27003
42 47 13755
42 48 54781
42 49 64309
43 44 60797
43 45 53451
43 46 12464
43 47 63311
43 48 21493
43 49 38148
44 45 22461
44 46 61790
44 47 56606
44 48 56408
44 49 51147
45 46 26369
45 47 45595
45 48 39407
45 49 38484
46 47 60836
46 48 55872
46 49 47127
47 48 31475
47 49 28633
48 49 50949
