50 50 1225
25000 25000 25000 25000 25000 25000 25000 25000 25000 25000 25000 25000 25000 25000 25000 25000 25000 25000 25000 25000 25000 25000 0 25000 25000 25000 25000 25000 25000 25000 25000 25000 25000 25000 25000 25000 25000 25000 25000 25000 25000 25000 25000 25000 25000 25000 25000 25000 25000 25000
2609 3292 6739 8933 6803 5984 10355 7650 8084 4246 5219 5776 6641 7816 4374 3847 5033 6429 6719 3660 7358 5396 5219 8345 4182 6387 7391 5542 5038 10349 6400 5558 6051 9568 3792 4898 9064 7159 11178 8697 4781 6033 6661 5299 8845 11656 9977 5301 8663 3947

2368 1148 3204 4509 4028 2752 5457 3845 4791 2504 2396 2628 3220 3859 1838 2266 2285 3117 3299 2596 3680 2582 2296 4205 1779 2994 5115 2491 2189 5399 3046 2499 2838 4940 1446 2351 4642 3507 6634 4369 2035 2890 3943 2607 5984 6919 5919 3574 4385 1538

38119 28711 4914 17161 44553 7030 26409 19622 50450 35490 13876 9147 14977 9987 21848 35330 20546 15111 25670 37312 29954 23679 9828 13734 19303 6568 57472 8895 11180 22957 12390 7341 15489 21294 21806 22713 18992 16657 67393 15523 12297 23856 48568 27686 66066 66973 59161 44864 16203 22621

94158 75406 32372 11548 94124 35112 29982 21024 105322 79267 29681 21275 20071 28595 64292 80186 47630 25921 53179 95094 61702 69206 23096 42165 48700 24701 135170 25118 40527 60515 47246 30416 52911 19804 61669 53847 15191 17163 141838 16712 34762 49569 105288 76944 142841 137025 121516 110118 12183 58878

1432 1277 1715 1883 566 1580 2152 1577 838 876 1061 1250 1363 1923 1524 955 1016 1318 949 1655 814 1789 1133 2087 1015 1583 2005 1269 1379 2512 1815 1381 1823 2008 1383 947 1901 1497 1685 1925 1108 908 1169 1798 2040 1600 1240 2003 1836 1237

29389 21549 6421 15994 35203 3514 23701 16197 40108 27663 10383 7483 12332 10627 15840 27251 15232 12444 20193 28704 23757 17769 7029 12654 13919 6260 45474 6253 6966 20326 9090 4947 10956 19446 15805 17035 17517 13730 54202 15093 8371 18684 38375 21102 52622 53852 47354 34986 15197 16483

181956 151443 81972 45118 179349 86890 28499 43134 199791 153664 65767 58805 48555 75277 138615 155294 97584 53176 107361 187467 122469 147325 56998 99391 102384 68433 259515 65619 96429 131920 108338 78565 118381 37594 126439 108605 40319 50569 262507 54213 78328 100962 199791 160389 266358 256048 228497 214099 46244 120958

70158 56137 33391 20160 68960 32030 26544 6370 78353 57158 16770 13571 8861 34044 51550 57907 31390 10985 35882 72690 42824 57376 12741 45125 33595 25346 105796 16702 32220 60071 42892 24339 46527 21820 44649 36454 21085 12128 107171 24366 22542 32942 78353 60248 108940 104203 91544 84928 20704 42130

1719 1555 2020 2186 797 1877 2480 1869 697 1127 1324 1525 1646 2242 1817 1211 1359 1593 1205 1956 1061 2099 1395 2416 1275 1880 1940 1538 1663 2869 2127 1665 2135 2327 1668 1203 2218 1789 1599 2239 1374 1156 1050 2109 1977 1509 1125 2149 2144 1511

1038 879 1459 1709 1024 1320 1995 1402 1305 464 869 1050 1181 1674 1133 546 738 1134 1066 1268 1206 1406 928 1875 768 1323 1950 999 1145 2314 1562 1115 1500 1846 988 667 1736 1318 1983 1748 832 916 1087 1416 1986 2088 1720 1628 1668 837

282030 211282 141015 156813 275986 123980 205925 104130 324205 216434 12638 46089 66146 165880 198300 220212 86408 58178 109075 294806 144106 241573 25277 212999 97536 105504 461992 48149 106122 288418 178793 81738 185456 180442 162789 111960 161484 89774 468792 165811 55499 94239 323380 245901 477721 453818 389938 356556 149807 140603

50691 38013 17684 20961 51754 16554 32069 15322 59686 41572 8429 1231 9073 20938 32781 41335 20566 9254 24295 52228 30058 37595 2463 29549 19775 11074 79235 3830 16712 41956 25571 10170 28589 26227 28724 24385 23131 11333 83247 20927 10350 21854 59166 41335 84557 81009 70500 62387 19673 26656

87703 68425 38207 29484 86090 36375 42477 15319 98955 70203 15832 11526 5185 43485 62653 71210 35513 11563 41561 91111 50906 70496 10371 57448 38482 27377 135275 15741 36631 77569 50998 26021 55891 35788 53362 42330 30731 11599 137529 32581 23565 37602 98735 74362 139911 133534 116492 107586 27615 49972

8994 7014 1953 3076 10270 2400 5044 4089 11525 8342 3428 2289 3530 1217 5553 8308 5162 3558 5938 8844 6878 5947 2434 2672 4897 1741 13134 2275 3283 4634 3544 2352 4204 3955 5544 5623 3465 3423 15131 2520 3406 5551 11125 6799 14963 15041 13379 10451 2868 5718

22109 13806 17181 27575 34163 13983 36054 25399 39559 23393 16297 15828 21148 21809 7310 21709 15513 20779 22678 21463 25368 12569 14621 24038 11931 16866 39913 14091 11169 32479 15843 13360 14375 31372 9640 15974 29250 22701 52897 26598 12776 19787 33563 13114 48346 54681 47531 28374 26698 11815

16807 14001 25640 30561 19556 22905 35602 25154 24505 9679 15763 18421 21255 29433 18478 8135 13451 20437 19232 20868 21699 23300 16271 32126 12619 23236 35094 17533 19253 39867 26303 19556 24957 32986 15933 12196 31041 23680 36455 30709 14579 16581 19881 23476 36497 38302 31816 27205 29842 13261

10299 7390 7031 8472 10011 6048 10492 6305 12559 6963 2542 3918 4743 8551 6856 7119 1531 4415 4164 10825 5152 8788 3062 9992 2712 6068 17458 3782 5031 13093 7754 4593 8294 9443 5401 2666 8664 5714 17692 8842 2599 3101 11362 8989 17709 17551 14924 13365 8184 4483

175305 136474 78453 73100 171987 74683 92515 36644 198000 139301 27445 23562 23034 89311 126332 141375 67935 11423 80376 182317 99603 144881 22846 118038 74042 56173 274079 32233 75211 159433 104768 53383 114834 79433 107218 81959 75663 36305 280374 79396 45918 72233 198000 150423 282712 269592 234531 216209 69254 97680

14104 10872 9452 10186 10309 8668 12441 7754 12529 10040 3542 5082 6005 10597 10274 10214 4313 5638 2061 14718 4237 12438 4123 12767 5635 7817 21789 5177 8073 16239 11122 6723 11726 11267 8646 5230 10401 7099 19186 10594 5350 2795 14964 12662 22071 18497 15556 17561 9863 7618

4719 4738 8597 11897 10320 7583 14113 10500 12031 6905 7254 7875 9152 10064 5467 6371 7005 8870 9277 3656 10130 6729 7312 10878 5869 8497 9506 7622 6695 13554 8172 7390 7707 13238 5406 7151 12428 9845 15675 11583 6547 8360 10130 5845 12180 16314 14559 5847 11614 5613

2204 1718 1581 1691 1302 1463 2030 1326 1635 1593 693 924 1063 1760 1628 1619 733 1008 555 2296 390 1953 780 2079 931 1335 3066 939 1298 2600 1756 1171 1846 1853 1384 871 1722 1227 2673 1752 889 505 2041 1987 3108 2532 2090 2723 1643 1229

33087 23443 23170 37575 50155 19559 48702 36072 57236 36022 26166 23493 30494 29263 14919 33813 25682 30655 35084 31815 38614 11166 22333 29102 20982 23524 56025 21214 17380 40178 17905 20255 15978 42538 17975 26288 39775 32512 74738 35911 21002 31291 49368 15978 67091 77038 67697 40884 36405 20830

29547 21819 12087 14277 30208 10393 19877 9670 34960 23989 3801 2252 5847 14071 19650 23844 11199 6260 13471 30993 16984 22873 0 19319 10703 8017 46945 2293 10145 26881 15889 6157 17728 16757 16158 13513 14856 7665 50147 14257 4959 11984 34713 24051 50189 48040 41634 36675 13492 14897

19258 15154 4883 8660 22473 5240 12851 10822 25140 18677 8930 6798 9435 4715 11943 18148 11947 9496 14265 19106 16203 11616 7106 3553 10898 5631 28226 6684 7117 7725 6509 5973 7911 10537 11924 12593 9496 9405 33421 7486 7881 13444 24198 13429 31946 32615 29081 22522 8227 12293

32600 22120 24063 31410 36263 20115 39682 24603 43406 26098 11050 13644 18976 29538 20197 24684 10012 17796 19495 34493 23056 27157 10541 33424 5270 20594 59259 12362 14845 44597 26668 15282 26495 35297 14936 10622 32488 21866 64743 31379 8099 15669 41636 27879 64804 63420 53958 43640 30250 11650

19133 14415 4124 7502 21736 4258 12148 8180 24693 17191 5611 2952 5851 5337 11613 17111 9697 5918 11525 19369 13673 12852 3268 8547 9073 1634 29479 2801 5623 13172 7620 3075 8745 9583 10952 10784 8420 6693 33190 6967 5560 10615 23935 14794 33148 32667 28750 23156 7022 11361

175156 190444 281463 355282 238383 258749 406770 325852 225170 205569 253234 264755 294457 314332 211356 210756 242970 289434 287742 170788 273327 239639 248102 332568 222222 279224 124051 257875 238875 392519 271962 254436 261534 380835 205405 233251 365874 308872 262243 348348 234998 267212 177231 219819 183947 276549 279934 151733 352989 210046

31417 23339 11056 15023 33379 9282 22113 11424 38298 25597 5582 2430 7436 13292 19279 25460 12766 7551 15708 32571 19387 22351 1601 18629 11698 6794 49650 800 9022 26549 15038 4846 16963 18384 18146 14626 16408 8878 52990 15002 5683 14150 36827 24738 53033 52629 45921 39055 14201 16091

22292 15532 8585 15815 27305 6079 22449 14122 31534 21286 7458 6609 10790 12212 11525 20448 11037 10887 16351 22629 18460 14092 5916 13959 8953 7422 37089 5247 2958 20575 9380 4675 9917 18779 10579 12122 17129 11995 44699 15038 5121 14086 30040 16086 42325 43386 37782 28046 15128 11164

35887 29205 12480 18630 41122 13061 25455 22151 45465 34940 19069 15598 19892 12207 23976 34080 23982 19991 27757 35640 30912 23444 16099 10314 22275 13699 50490 15413 16118 8049 15128 14256 17411 21687 23945 25034 19991 19843 58502 16718 17362 26420 43931 26395 56547 57636 51882 41202 17925 24545

12035 8916 3727 7937 15528 2988 11116 8229 17556 12413 5826 4628 6632 5471 6476 11884 7270 6678 9817 11792 10828 6101 4440 5425 6843 4123 18722 4120 3693 8596 2220 3580 3285 9358 7288 8021 8567 7210 23593 7374 4435 8731 16331 7478 21757 23235 20550 14388 7608 8162

16816 12300 4673 8907 19038 3674 13346 7880 21863 14695 4330 2861 5655 6838 9623 14610 7526 5719 9982 17041 12034 11338 2398 8891 6931 3300 26701 1952 3900 13310 6886 1199 7961 10895 8991 8573 9784 6460 29982 8388 3574 9112 21992 12670 30199 29780 26037 20660 8448 9382

33291 24043 13451 25678 45466 10386 35106 25927 51477 34720 17347 15249 21192 18623 16808 32845 22433 21329 29985 32571 32982 15695 14693 18486 19385 13751 53121 13742 10951 27888 8982 12141 7346 30148 19402 23889 27802 22904 67566 24266 14025 26766 46032 19779 62514 69570 61607 40269 24685 21808

946126 772783 372672 171891 941607 399465 229188 203364 1052973 801673 322800 261306 229995 336196 681269 810550 496143 258078 549405 987768 631719 728398 261790 467575 512606 298912 1361570 298428 451435 644793 516318 354111 575875 130895 640112 556184 145421 201588 1394657 221440 377998 514543 1052973 803126 1415639 1359472 1209370 1121245 178024 610899

11074 6516 9745 14620 17265 8055 18070 12049 20125 11582 7198 7592 9802 12191 5780 10692 6792 9607 10578 11927 12000 8559 6353 13369 4891 8961 21336 7495 5951 17830 10200 7109 9514 16229 3176 7028 15116 10875 27174 14096 5378 9051 16956 8848 24582 28075 24330 15579 14222 4326

15829 11730 12055 14909 14887 10463 18181 11400 18098 9950 5307 7379 8870 14516 10865 10202 3806 8340 7557 17293 9159 13994 5984 16447 4154 10495 26946 6793 8459 21470 13235 8116 13697 16483 8500 2992 15221 10444 27326 15353 4886 5837 17073 14319 27353 27097 22842 21406 14443 7022

260549 211357 97602 40426 259264 105128 73603 59561 291477 219479 83331 65940 56946 87232 185247 222003 132614 73007 147849 269818 171160 198738 65986 124584 137295 76540 378755 76494 119995 174969 138442 92233 155375 45566 173638 149685 32993 48961 388070 54606 99025 137846 290926 219984 394035 378067 335391 310337 42170 165240

137814 108160 60774 37261 137095 58008 63568 27330 156514 113056 30982 20497 15076 61549 97731 114578 60691 24757 69875 142959 83983 109515 20525 84066 63513 44425 209073 26860 58395 114439 80082 42378 87468 46721 85421 70981 39142 10262 214743 41936 40442 63900 156127 117123 218284 208713 182987 167828 34439 80359

45190 41683 54470 59493 29821 51403 65177 52117 27688 32544 40378 44494 47243 59211 47631 34351 38581 46820 37823 48504 35461 53659 42775 64357 39250 51465 40960 44335 48318 73399 57395 46882 55712 61907 44450 37012 59475 50292 21387 60630 40660 36889 30385 54285 34060 23696 24243 45428 59070 41092

22574 17974 7146 4104 23542 8089 8618 6428 26371 19848 7822 5211 5621 5744 15256 19762 12226 7047 13579 22804 15670 16305 5658 9081 11939 5543 32644 6154 9417 13583 10795 6937 12308 6121 14604 13612 4997 4907 35329 2829 8519 12693 26231 18261 35444 34157 30344 26490 3636 14436

80057 56481 38011 53182 85773 30699 70728 39587 100523 63100 15801 16494 27925 49316 49862 62659 25677 26917 44210 82915 51564 61965 10086 58183 22567 30846 133135 13847 23134 81255 43390 19877 47404 61209 39209 31140 55409 33472 142906 53119 5043 36309 95817 63289 143032 141855 122313 103360 50787 35364

58028 43758 39723 42962 45043 36260 52917 32225 54677 40086 13627 20427 24504 44777 41119 40854 14800 22884 13348 60736 18235 50669 16196 54356 20636 32504 91957 20846 31401 69686 44861 27673 47528 47737 33928 18849 43884 29335 84235 44763 19379 8098 61825 51661 93199 81191 68206 73289 41538 29391

11687 10319 16111 18256 9625 14832 20714 15620 8793 7559 11041 12598 13719 17960 12502 7885 9913 13320 12732 13667 11825 14853 11550 19329 10071 15090 13193 12158 13052 23103 16310 14031 15654 19439 11261 9301 18490 14901 14420 18590 10725 11440 5775 15097 13994 15320 12357 14935 17905 9951

19812 14312 16981 25818 30875 14743 32575 23312 35262 22118 16250 16268 19856 20756 9331 20750 16000 19556 21825 17087 24012 9543 14550 20656 13087 17100 32087 14856 12481 27518 13718 14262 12525 28893 11225 16375 27181 21506 46393 24875 13050 19475 30675 7275 38943 47856 42043 22706 25093 12993

107792 115691 168663 190737 120397 157010 210766 169251 113618 103562 131938 144628 153760 185526 134768 109304 122750 150511 145721 113954 138325 149278 136084 193650 124879 163256 89976 141042 142499 224408 164573 150483 160511 200373 123367 117764 192641 163396 108212 193454 129361 135188 93057 139110 68042 115551 117288 104178 187935 125748

50320 46673 57109 60151 29943 53921 66703 53124 27725 37172 40919 45381 48057 62039 52583 39050 40589 46994 38262 53765 35074 58814 42605 65905 40553 53307 45922 46572 49175 75966 59473 49220 61003 63303 49184 38958 60774 51227 25572 61352 42752 37291 34927 59519 38748 21302 24143 50567 59235 45803

13547 12443 15576 16502 7348 14610 18481 14368 6676 9565 10672 12024 12834 17069 14205 10134 10572 12512 9867 15145 8902 16103 11183 18240 10561 14424 14940 12384 13172 21287 16292 13186 16755 17451 13197 10078 16686 13794 8777 16860 11227 9573 9046 16305 12767 8172 5591 17640 16219 12151

1568 1572 2542 3371 2975 2287 3928 3020 3140 2117 2205 2361 2682 2911 1756 1983 2142 2611 2713 1300 2927 2073 2174 3115 1857 2517 2006 2297 2064 3788 2435 2239 2318 3664 1740 2179 3495 2856 3556 3292 2072 2483 2603 1850 2678 3717 4040 1087 3300 1792

101089 81178 34056 14036 101528 37057 34221 24448 114155 85625 31329 21905 20807 29883 69009 86632 50983 27212 57059 102699 66392 74352 23899 44780 51935 25656 147937 26114 42986 64873 50343 31915 56510 23076 66429 57791 18025 17622 155129 16909 36673 53106 114118 82825 155275 148907 131888 119151 11949 63080

7969 4856 7095 9693 10916 5941 11999 7886 12864 7029 4190 4847 6351 8766 4903 6421 3907 6030 6493 8552 7464 6801 4001 9570 2614 6560 14979 4498 4503 12617 7978 5294 7448 10753 3124 4073 9987 7090 17673 9684 3335 5450 10694 6998 17196 18323 15742 11047 9376 2000

5 35 62092
40 42 61298
24 35 41437
11 23 43513
30 33 62788
5 40 60637
13 49 39274
20 39 22261
17 49 35638
2 34 15576
19 28 25226
2 47 26548
10 14 36152
16 18 46690
19 44 68110
27 40 67135
26 33 22035
14 42 37355
16 45 16498
15 38 38598
30 34 10787
28 38 11562
2 29 58274
12 41 22447
5 12 28893
6 40 46836
23 48 34425
17 29 54390
0 12 55921
0 43 67676
8 15 42692
15 24 60155
43 47 11115
42 44 26272
33 49 33667
32 38 63904
27 35 16908
46 47 15083
24 28 28307
18 45 42547
12 42 20659
8 49 43533
0 24 59095
2 22 46811
21 31 20222
2 35 69347
20 42 56088
6 42 44400
15 18 36701
11 27 14728
13 22 12998
20 27 49631
2 42 16290
1 43 13414
14 43 62079
35 45 35184
3 15 62393
14 48 38646
8 46 31716
3 22 60456
17 42 36321
21 35 64409
7 17 50610
16 26 49580
12 15 20680
11 13 14276
40 41 55626
13 20 39731
16 22 31502
19 30 13932
29 46 12277
19 22 54305
3 8 59608
9 28 13514
20 48 43258
0 44 21972
25 28 12860
3 39 29346
8 37 68515
16 24 51704
39 42 34074
11 48 23655
33 45 31335
9 34 52508
15 30 27069
21 48 35556
26 27 17691
20 44 19461
18 44 16344
8 23 39407
1 21 22059
13 31 42666
3 7 45958
2 41 62669
15 28 34388
19 35 68781
22 41 19087
13 35 20013
25 40 38512
25 37 40590
7 44 23945
9 46 52932
3 19 24894
16 47 25695
36 39 56447
2 8 58152
9 45 37667
19 42 11449
23 33 29640
6 24 36181
34 43 65297
23 41 65858
3 36 49837
44 47 38774
7 13 48365
2 48 19048
6 47 16472
0 28 56056
0 25 40653
27 46 22816
12 45 37605
12 13 52712
24 48 67625
18 37 25706
9 17 45381
9 10 32012
0 46 24486
35 41 66611
19 24 42025
13 24 65141
38 49 37200
27 41 68113
16 34 48073
30 32 64237
20 25 23807
6 26 46662
33 48 64532
0 35 63617
41 48 60254
11 44 24171
2 31 41941
40 44 67693
18 19 32171
3 13 33920
6 23 36466
25 32 10535
11 35 42968
29 43 55081
26 38 56591
20 40 25763
29 32 67898
21 40 36339
24 46 68476
29 33 17664
18 28 52045
22 39 55999
15 48 39677
2 24 18673
7 21 52609
14 21 23844
20 22 13814
3 35 31952
26 45 21957
18 48 64030
11 36 38331
10 48 47907
9 25 52834
24 34 32862
21 28 53667
43 46 43087
15 49 59177
3 23 25607
36 38 40780
38 40 21347
20 33 61670
13 48 19388
23 47 21883
29 39 34637
4 23 64470
4 12 20616
16 30 50401
0 31 14509
23 24 59098
9 33 61019
19 43 22173
1 33 53285
7 26 47017
16 19 51850
17 21 61959
2 17 41768
8 34 17837
8 47 17915
33 41 63720
28 34 41937
17 33 24087
26 32 32051
14 19 19843
0 19 66921
21 41 67056
6 33 15652
24 25 40007
9 36 56232
7 8 43402
29 34 22929
32 36 19722
23 37 35071
19 21 44461
29 45 43748
19 31 59709
23 45 38930
12 19 66507
20 36 52252
7 29 43439
23 32 55605
11 16 55413
8 39 67755
18 47 38889
9 23 44572
1 32 61748
26 30 42990
14 38 16339
35 49 69585
3 37 63048
32 42 10059
24 45 41521
2 26 17134
29 37 44253
30 41 63507
23 28 14054
25 41 41308
0 32 69160
11 17 56205
0 18 39683
1 48 42561
15 42 21276
5 20 49405
11 22 67633
0 10 55737
17 35 35295
33 42 69484
17 36 24666
2 30 31801
2 44 63878
21 32 10247
26 40 17405
23 29 49290
6 19 20145
5 21 58438
9 43 23861
10 25 11892
44 45 31427
24 37 42343
10 37 11476
16 28 24475
11 37 42402
31 39 42997
42 43 43752
24 47 16654
4 26 48646
19 23 47807
15 27 60106
13 42 47805
0 36 46154
17 18 29788
1 25 32509
6 13 57430
8 11 21335
10 23 30141
6 10 43167
25 26 46630
17 41 41767
1 40 69976
9 47 68431
7 12 35644
17 22 22366
1 27 27979
16 27 27076
5 47 32511
30 45 16416
18 23 53080
7 9 34403
38 41 49986
1 29 25422
26 39 48022
11 42 16603
11 34 69968
16 49 33161
1 30 50356
8 30 28764
3 17 11806
36 37 28162
3 48 18869
22 44 49612
12 22 64316
25 27 50800
15 46 24263
43 49 63888
29 49 62135
20 34 44404
7 42 49197
10 19 50907
27 37 28313
19 27 49173
12 17 61481
5 19 66100
5 17 13681
4 40 19459
26 42 23175
37 39 36192
15 23 38018
12 25 18397
22 38 12737
28 31 18003
28 29 45962
41 47 50759
6 12 24607
24 30 45929
10 41 13919
14 18 17105
24 27 16836
39 41 15725
28 45 35267
19 40 37848
24 42 67480
2 43 41725
3 41 18648
2 19 21742
26 49 47755
31 36 22925
10 34 68289
1 42 26952
17 30 63833
11 28 26601
17 27 18267
10 30 67456
27 30 22700
22 32 21948
22 40 16914
45 47 48018
15 22 48140
0 29 44932
3 42 68558
7 19 50877
20 21 65078
16 17 44520
23 49 31635
35 48 31827
27 33 32591
0 3 47697
41 49 38932
6 29 39427
26 46 53422
15 17 16341
41 43 19418
19 25 63045
6 11 60209
34 45 28066
0 16 14786
11 19 37964
2 27 53134
31 44 13075
4 9 67059
12 43 59109
28 33 41819
12 49 15325
5 13 56564
20 43 54520
23 39 27273
30 31 63478
16 21 44680
26 41 17555
0 9 50552
8 12 43238
2 28 58432
2 37 57773
10 28 29900
6 22 32209
37 46 31742
13 36 52491
22 43 69906
18 38 60675
30 43 34061
33 35 65470
9 22 19158
31 34 43479
41 44 58514
4 49 21510
1 13 13687
0 7 63301
26 47 61617
7 33 56821
18 24 18518
18 42 58675
9 26 45930
1 36 50337
12 32 64000
9 24 32493
8 13 46999
32 35 33415
21 27 38114
16 25 21679
2 12 40970
6 7 30808
11 43 67060
27 49 41544
10 46 30723
7 45 26959
30 48 63753
4 14 52466
24 26 21592
15 29 15800
8 18 43140
36 42 45653
5 23 23412
13 14 64441
39 43 19131
19 26 11926
28 39 15950
32 47 34961
23 46 17369
13 37 67567
22 30 21782
14 40 38030
9 27 56241
28 30 69855
35 37 18366
41 42 62383
7 15 44490
17 20 67509
3 27 37940
1 22 12603
2 6 19187
31 33 68910
21 24 45555
38 42 28389
9 48 52596
10 13 66278
8 27 45348
22 36 58491
2 39 48743
23 42 56940
0 1 64291
1 23 34025
22 34 44736
13 28 29846
5 18 28466
17 46 66010
20 46 31772
3 29 34416
6 17 30971
28 46 51284
29 38 44126
46 49 42753
13 30 19313
11 26 42509
14 45 54750
31 49 39822
5 31 34892
1 12 29239
1 41 37330
8 14 14974
19 45 43986
3 31 58660
37 45 13884
32 44 19540
15 36 29191
14 41 56480
20 23 27960
23 35 64539
24 43 57114
39 45 18846
2 11 63622
4 47 51404
11 33 42871
13 26 38357
2 10 23392
4 7 13479
25 46 34366
22 45 45164
12 24 50039
8 41 55337
2 9 38590
23 34 24164
18 32 40232
6 37 60046
19 36 56673
42 48 24981
5 16 29868
2 21 33707
8 16 56364
12 40 69341
21 22 38682
5 28 30349
1 7 10143
16 29 54709
1 38 52032
39 44 29334
37 49 53331
36 46 69992
24 33 36016
14 39 40444
7 46 18837
16 41 41780
5 26 33991
7 31 63852
23 25 10136
21 37 47383
21 25 67331
6 15 46645
39 48 34690
9 40 47369
6 39 44125
26 35 63280
12 47 61533
17 19 26499
28 35 53326
13 47 60349
7 10 53624
19 38 25336
34 38 24055
18 36 39987
7 22 36819
13 17 64880
31 43 12478
1 26 49105
47 48 49588
26 36 54510
5 38 20582
11 41 45062
20 31 66644
25 49 46598
7 14 15505
5 14 15481
35 39 30520
34 46 39496
14 29 21475
17 38 30656
6 41 29022
29 47 18805
21 44 19443
23 40 53712
0 8 68318
32 34 53568
4 46 59134
16 42 59850
9 14 10067
5 46 54602
18 30 62341
3 43 65834
10 22 69938
36 47 16396
7 43 35820
40 45 48900
38 39 23418
10 24 38298
12 28 28004
26 29 63007
11 45 22807
19 32 38586
19 49 38068
3 10 31593
1 44 27326
36 44 55716
14 31 49217
5 44 47846
25 47 37355
34 44 60692
22 35 20644
15 26 56377
11 18 69498
1 9 30088
12 29 52231
11 25 67815
8 45 25798
23 26 53507
5 42 69807
25 31 25865
16 37 38109
28 49 62148
27 31 33841
12 31 50189
2 32 20686
12 48 59661
34 36 29088
19 33 46247
24 44 40101
5 48 59236
17 32 39253
28 42 65051
6 14 27821
1 6 19463
13 25 26644
3 44 45148
12 44 17322
1 39 65861
11 38 35136
28 43 44677
18 22 56553
11 31 45781
33 43 43196
28 40 68193
5 30 65869
27 43 37569
26 31 18149
1 24 21666
1 49 21075
4 24 30098
30 47 49675
3 28 49184
12 27 34388
6 34 13515
9 32 41516
3 14 57217
4 28 15319
15 31 12746
14 20 33464
15 40 45420
4 6 61982
41 46 14859
42 49 40471
9 35 31946
25 38 24323
4 36 57115
10 18 19236
32 37 43788
39 47 65118
34 35 44372
7 11 18464
38 44 51670
39 40 20152
2 25 63803
6 49 62005
35 43 28163
27 39 31371
29 36 22296
9 42 51973
4 38 54589
9 12 42395
8 20 43790
40 46 33773
18 33 18925
8 28 59448
5 25 17431
3 26 66143
22 46 64767
7 18 20177
0 33 29606
35 47 52330
20 29 12159
14 30 34465
16 40 22800
24 41 34105
25 39 60931
17 40 22057
7 32 43341
18 29 34718
15 34 29317
17 24 29855
9 16 55325
0 41 23130
0 21 40008
3 21 61270
13 16 15134
35 36 10313
4 15 34783
6 28 27431
36 49 52286
11 39 19372
17 23 11968
7 20 26075
15 47 43145
4 10 20893
23 36 15523
2 5 62719
39 49 17035
19 41 22432
19 34 12895
28 37 48784
13 19 64762
4 41 27197
7 40 13249
6 36 29704
44 46 63445
0 14 16322
21 23 41761
3 25 48928
29 42 53184
33 39 13221
32 39 68784
32 40 50651
24 49 26351
12 36 50934
22 49 41921
25 30 31485
3 38 51247
14 49 66704
15 19 61059
1 35 33533
1 16 16075
25 29 15169
11 32 61751
5 29 61363
3 20 26063
0 13 19416
4 8 66224
1 37 45241
24 29 31849
17 34 69120
1 20 24025
9 44 26610
33 36 38459
5 33 39417
40 43 46315
30 35 31904
13 15 57882
13 23 30218
10 27 10831
5 34 41065
27 28 33439
5 39 21757
16 38 33859
35 42 61933
7 24 62691
10 42 65780
5 15 23418
1 14 43938
14 16 14625
6 9 26619
18 39 19613
26 34 32844
5 36 31789
28 36 11363
13 34 36349
0 4 47852
31 46 32923
0 49 32573
9 18 35235
23 31 54772
25 43 43835
4 32 61403
17 47 23524
6 38 12293
3 40 42962
14 27 11981
13 27 34197
13 39 30844
17 28 32200
37 48 47172
12 18 14051
38 45 67782
1 34 58929
14 37 37910
36 43 59715
6 46 63763
1 8 45832
22 47 25275
12 14 37700
37 40 62601
20 30 41894
14 32 59456
1 19 25444
24 32 63683
1 28 60819
16 39 63936
4 30 53677
26 44 35884
21 30 26508
18 35 31055
42 46 20655
15 44 60343
17 25 22457
21 36 34180
4 22 62637
7 27 55420
11 14 36161
3 16 38976
27 44 28406
27 29 10503
38 46 28290
15 16 44600
3 9 20428
27 34 29362
2 4 24653
30 38 22285
2 20 23124
12 20 60485
1 4 37560
3 11 62967
23 38 65228
10 44 21596
0 34 52422
0 38 20671
31 47 27422
16 32 55383
24 38 26750
4 27 23241
14 22 21267
7 23 43258
6 25 44296
44 49 31922
9 15 45744
10 16 68897
25 35 68245
9 19 50523
47 49 66459
10 45 46549
3 5 31641
16 20 37007
22 23 47052
23 30 49932
22 24 11606
29 48 69623
14 33 21436
4 21 26259
2 3 21907
9 29 34560
17 31 28887
34 49 61610
13 41 27526
21 42 24114
4 17 25349
14 36 69948
7 41 46929
28 44 42771
14 17 55330
4 37 63679
15 32 68155
17 43 18739
25 33 49079
25 48 42451
16 46 52805
10 39 24822
21 33 53490
37 42 51049
6 35 65345
0 27 49948
23 44 27597
8 35 26986
13 38 16954
0 39 16792
11 24 19060
18 21 30703
10 47 28557
8 25 30496
8 17 46963
20 49 52608
39 46 67199
11 46 17992
42 45 44217
12 37 24724
21 38 32106
12 21 59566
22 27 36814
37 43 21177
10 31 44479
29 30 34286
27 38 26998
13 45 42634
19 47 43026
8 48 66078
20 32 27227
20 41 25830
10 20 20899
28 32 10716
1 46 19021
12 26 28387
8 22 62807
18 20 48762
27 32 57516
7 38 21903
0 20 67697
9 37 66576
12 33 42606
10 17 26253
6 16 27071
14 24 31711
23 27 68861
5 37 24269
2 13 39703
18 25 43078
27 45 51136
20 45 13952
17 26 44786
20 28 30092
7 16 37272
4 48 19265
14 28 54378
10 32 54271
25 34 51899
33 44 39546
31 45 50348
43 48 69126
6 20 67519
30 40 13389
10 35 21984
2 14 16540
4 29 31776
1 3 14790
7 47 55302
8 19 19291
1 5 26693
3 49 52998
4 18 28009
9 30 11441
12 23 21393
6 44 57223
18 46 33153
8 31 20254
16 43 23634
37 47 14998
8 43 65475
3 46 16912
14 34 31093
32 46 52403
31 41 37004
8 42 58366
16 35 61668
7 28 21382
10 21 42636
16 23 55709
38 48 63071
11 20 35126
33 34 66977
25 36 60590
3 18 50658
11 49 18960
29 44 67130
4 16 12434
30 49 35893
45 46 64574
7 37 33868
15 41 64729
40 47 47571
2 23 64021
18 31 66171
1 45 58964
15 37 51243
21 46 41466
18 49 21360
0 11 64878
13 43 46464
4 33 16834
13 33 11789
0 17 67558
2 38 59238
40 48 50937
15 25 68066
9 38 63048
0 40 14461
0 37 52844
7 25 60900
6 48 67532
15 45 17969
35 44 10018
19 37 58121
10 11 58627
27 48 31122
21 47 67393
0 5 13203
21 29 57015
3 30 61966
4 19 49215
18 34 51744
22 25 51679
10 33 43235
8 9 47914
35 40 52786
36 40 36620
2 40 31522
0 30 64146
22 29 43640
27 36 67986
30 37 23123
31 42 57573
22 37 17685
6 21 12360
9 49 38509
7 34 27893
2 15 17550
20 37 42970
19 29 10736
25 42 68450
0 45 52644
11 30 30848
30 42 20611
10 49 40765
10 40 19475
3 34 41733
24 31 50300
13 29 34821
3 33 28747
5 41 42266
16 31 26178
5 24 22633
11 21 36087
33 47 11555
18 26 12689
45 48 18872
9 13 38176
8 33 34211
34 42 13018
3 12 11815
13 40 32197
4 44 26141
2 18 11530
34 37 52025
6 30 40644
13 44 40039
14 35 69919
11 29 60337
3 6 25151
32 43 10654
22 33 10929
38 47 67796
14 26 31503
9 21 21540
10 29 50703
9 11 53121
43 45 53273
1 15 31002
10 15 30084
22 26 12019
27 47 15410
5 27 46263
4 39 24653
37 41 41498
11 47 59961
0 47 39485
14 44 50370
9 39 28136
40 49 63697
29 40 65531
32 33 42095
31 40 38036
17 48 33814
24 36 43625
33 37 20060
12 35 64458
20 24 25807
34 40 19978
8 44 54795
0 6 40958
29 41 32776
34 39 67867
21 49 50896
22 48 66422
27 42 19406
5 8 31598
13 18 61685
45 49 62679
32 41 64744
10 43 33911
31 32 16840
18 27 10153
20 26 10173
0 42 43636
2 16 53794
20 47 12277
7 49 13121
19 46 46307
22 31 30413
30 39 66818
6 43 41837
33 46 14650
46 48 34853
3 32 65652
33 38 60419
5 49 57056
5 22 12251
21 26 28368
24 40 19177
7 35 69189
29 31 59326
12 38 54096
25 44 67055
34 47 52365
6 8 50517
2 45 16460
4 13 13962
15 21 54344
9 20 21281
0 23 20848
5 32 18254
4 11 40265
1 10 33145
17 44 30571
48 49 13900
8 40 16938
41 45 32848
12 16 29164
4 25 53245
28 47 65404
42 47 25981
11 40 37225
10 26 10054
15 20 62977
8 26 45019
1 2 12615
24 39 62176
16 36 47270
28 41 30983
10 12 11352
11 12 58602
38 43 32451
6 32 55448
44 48 55656
18 40 14815
1 18 48107
31 48 14259
14 25 30921
0 15 32450
3 47 37683
10 36 41769
2 7 40704
5 45 67948
19 39 64914
4 20 61275
15 39 11848
1 47 23995
12 46 36265
9 31 31012
21 34 19382
4 43 31669
36 48 59137
22 42 46607
3 4 43866
7 48 64256
7 39 33768
19 48 46481
23 43 56431
20 38 23181
14 15 67464
32 49 69926
12 30 11782
9 41 42057
3 24 67516
8 21 69581
3 45 59016
2 46 45622
31 38 13839
34 41 19936
0 26 20214
4 34 41523
7 36 63848
43 44 63062
5 6 39470
1 11 10904
17 45 66479
16 44 53461
13 46 37042
8 10 32744
35 46 14473
26 37 46424
7 30 54413
11 15 15752
17 39 35174
16 33 28278
5 10 10007
30 36 58942
26 43 16901
18 41 68582
4 45 12122
16 48 14364
8 36 20649
14 47 26047
0 48 58564
21 39 18165
31 35 25628
10 38 47579
32 45 65930
26 48 29467
8 32 69658
34 48 28287
12 34 13132
0 2 63506
30 44 21348
4 42 42603
13 32 16552
2 36 17826
28 48 38206
37 38 43594
8 38 52713
14 23 42679
1 31 20017
1 17 37125
21 43 60574
25 45 45191
19 20 67546
33 40 12724
36 41 46276
2 33 14446
13 21 23448
6 27 60541
35 38 30953
37 44 34097
4 35 16588
14 46 19517
36 45 54405
18 43 32216
17 37 57096
20 35 50335
26 28 63826
8 29 68897
15 33 68622
32 48 66959
6 45 62402
30 46 32112
5 7 51704
0 22 21096
21 45 52081
5 9 19909
15 43 54690
6 18 34794
5 11 64732
22 28 16849
31 37 61919
4 5 55305
6 31 64184
8 24 11607
29 35 58029
2 49 40459
5 43 16053
12 39 11476
15 35 30999
4 31 49150
