50 50 1225
25000 25000 25000 25000 25000 25000 25000 25000 25000 25000 25000 25000 25000 25000 25000 25000 25000 25000 25000 25000 25000 25000 0 25000 25000 25000 25000 25000 25000 25000 25000 25000 25000 25000 25000 25000 25000 25000 25000 25000 25000 25000 25000 25000 25000 25000 25000 25000 25000 25000
2609 3292 6739 8933 6803 5984 10355 7650 8084 4246 5219 5776 6641 7816 4374 3847 5033 6429 6719 3660 7358 5396 5219 8345 4182 6387 7391 5542 5038 10349 6400 5558 6051 9568 3792 4898 9064 7159 11178 8697 4781 6033 6661 5299 8845 11656 9977 5301 8663 3947

2368 1148 3204 4509 4028 2752 5457 3845 4791 2504 2396 2628 3220 3859 1838 2266 2285 3117 3299 2596 3680 2582 2296 4205 1779 2994 5115 2491 2189 5399 3046 2499 2838 4940 1446 2351 4642 3507 6634 4369 2035 2890 3943 2607 5984 6919 5919 3574 4385 1538

38119 28711 4914 17161 44553 7030 26409 19622 50450 35490 13876 9147 14977 9987 21848 35330 20546 15111 25670 37312 29954 23679 9828 13734 19303 6568 57472 8895 11180 22957 12390 7341 15489 21294 21806 22713 18992 16657 67393 15523 12297 23856 48568 27686 66066 66973 59161 44864 16203 22621

94158 75406 32372 11548 94124 35112 29982 21024 105322 79267 29681 21275 20071 28595 64292 80186 47630 25921 53179 95094 61702 69206 23096 42165 48700 24701 135170 25118 40527 60515 47246 30416 52911 19804 61669 53847 15191 17163 141838 16712 34762 49569 105288 76944 142841 137025 121516 110118 12183 58878

1432 1277 1715 1883 566 1580 2152 1577 838 876 1061 1250 1363 1923 1524 955 1016 1318 949 1655 814 1789 1133 2087 1015 1583 2005 1269 1379 2512 1815 1381 1823 2008 1383 947 1901 1497 1685 1925 1108 908 1169 1798 2040 1600 1240 2003 1836 1237

29389 21549 6421 15994 35203 3514 23701 16197 40108 27663 10383 7483 12332 10627 15840 27251 15232 12444 20193 28704 23757 17769 7029 12654 13919 6260 45474 6253 6966 20326 9090 4947 10956 19446 15805 17035 17517 13730 54202 15093 8371 18684 38375 21102 52622 53852 47354 34986 15197 16483

181956 151443 81972 45118 179349 86890 28499 43134 199791 153664 65767 58805 48555 75277 138615 155294 97584 53176 107361 187467 122469 147325 56998 99391 102384 68433 259515 65619 96429 131920 108338 78565 118381 37594 126439 108605 40319 50569 262507 54213 78328 100962 199791 160389 266358 256048 228497 214099 46244 120958

70158 56137 33391 20160 68960 32030 26544 6370 78353 57158 16770 13571 8861 34044 51550 57907 31390 10985 35882 72690 42824 57376 12741 45125 33595 25346 105796 16702 32220 60071 42892 24339 46527 21820 44649 36454 21085 12128 107171 24366 22542 32942 78353 60248 108940 104203 91544 84928 20704 42130

1719 1555 2020 2186 797 1877 2480 1869 697 1127 1324 1525 1646 2242 1817 1211 1359 1593 1205 1956 1061 2099 1395 2416 1275 1880 1940 1538 1663 2869 2127 1665 2135 2327 1668 1203 2218 1789 1599 2239 1374 1156 1050 2109 1977 1509 1125 2149 2144 1511

1038 879 1459 1709 1024 1320 1995 1402 1305 464 869 1050 1181 1674 1133 546 738 1134 1066 1268 1206 1406 928 1875 768 1323 1950 999 1145 2314 1562 1115 1500 1846 988 667 1736 1318 1983 1748 832 916 1087 1416 1986 2088 1720 1628 1668 837

282030 211282 141015 156813 275986 123980 205925 104130 324205 216434 12638 46089 66146 165880 198300 220212 86408 58178 109075 294806 144106 241573 25277 212999 97536 105504 461992 48149 106122 288418 178793 81738 185456 180442 162789 111960 161484 89774 468792 165811 55499 94239 323380 245901 477721 453818 389938 356556 149807 140603

50691 38013 17684 20961 51754 16554 32069 15322 59686 41572 8429 1231 9073 20938 32781 41335 20566 9254 24295 52228 30058 37595 2463 29549 19775 11074 79235 3830 16712 41956 25571 10170 28589 26227 28724 24385 23131 11333 83247 20927 10350 21854 59166 41335 84557 81009 70500 62387 19673 26656

87703 68425 38207 29484 86090 36375 42477 15319 98955 70203 15832 11526 5185 43485 62653 71210 35513 11563 41561 91111 50906 70496 10371 57448 38482 27377 135275 15741 36631 77569 50998 26021 55891 35788 53362 42330 30731 11599 137529 32581 23565 37602 98735 74362 139911 133534 116492 107586 27615 49972

8994 7014 1953 3076 10270 2400 5044 4089 11525 8342 3428 2289 3530 1217 5553 8308 5162 3558 5938 8844 6878 5947 2434 2672 4897 1741 13134 2275 3283 4634 3544 2352 4204 3955 5544 5623 3465 3423 15131 2520 3406 5551 11125 6799 14963 15041 13379 10451 2868 5718

22109 13806 17181 27575 34163 13983 36054 25399 39559 23393 16297 15828 21148 21809 7310 21709 15513 20779 22678 21463 25368 12569 14621 24038 11931 16866 39913 14091 11169 32479 15843 13360 14375 31372 9640 15974 29250 22701 52897 26598 12776 19787 33563 13114 48346 54681 47531 28374 26698 11815

16807 14001 25640 30561 19556 22905 35602 25154 24505 9679 15763 18421 21255 29433 18478 8135 13451 20437 19232 20868 21699 23300 16271 32126 12619 23236 35094 17533 19253 39867 26303 19556 24957 32986 15933 12196 31041 23680 36455 30709 14579 16581 19881 23476 36497 38302 31816 27205 29842 13261

10299 7390 7031 8472 10011 6048 10492 6305 12559 6963 2542 3918 4743 8551 6856 7119 1531 4415 4164 10825 5152 8788 3062 9992 2712 6068 17458 3782 5031 13093 7754 4593 8294 9443 5401 2666 8664 5714 17692 8842 2599 3101 11362 8989 17709 17551 14924 13365 8184 4483

175305 136474 78453 73100 171987 74683 92515 36644 198000 139301 27445 23562 23034 89311 126332 141375 67935 11423 80376 182317 99603 144881 22846 118038 74042 56173 274079 32233 75211 159433 104768 53383 114834 79433 107218 81959 75663 36305 280374 79396 45918 72233 198000 150423 282712 269592 234531 216209 69254 97680

14104 10872 9452 10186 10309 8668 12441 7754 12529 10040 3542 5082 6005 10597 10274 10214 4313 5638 2061 14718 4237 12438 4123 12767 5635 7817 21789 5177 8073 16239 11122 6723 11726 11267 8646 5230 10401 7099 19186 10594 5350 2795 14964 12662 22071 18497 15556 17561 9863 7618

4719 4738 8597 11897 10320 7583 14113 10500 12031 6905 7254 7875 9152 10064 5467 6371 7005 8870 9277 3656 10130 6729 7312 10878 5869 8497 9506 7622 6695 13554 8172 7390 7707 13238 5406 7151 12428 9845 15675 11583 6547 8360 10130 5845 12180 16314 14559 5847 11614 5613

2204 1718 1581 1691 1302 1463 2030 1326 1635 1593 693 924 1063 1760 1628 1619 733 1008 555 2296 390 1953 780 2079 931 1335 3066 939 1298 2600 1756 1171 1846 1853 1384 871 1722 1227 2673 1752 889 505 2041 1987 3108 2532 2090 2723 1643 1229

33087 23443 23170 37575 50155 19559 48702 36072 57236 36022 26166 23493 30494 29263 14919 33813 25682 30655 35084 31815 38614 11166 22333 29102 20982 23524 56025 21214 17380 40178 17905 20255 15978 42538 17975 26288 39775 32512 74738 35911 21002 31291 49368 15978 67091 77038 67697 40884 36405 20830

29547 21819 12087 14277 30208 10393 19877 9670 34960 23989 3801 2252 5847 14071 19650 23844 11199 6260 13471 30993 16984 22873 0 19319 10703 8017 46945 2293 10145 26881 15889 6157 17728 16757 16158 13513 14856 7665 50147 14257 4959 11984 34713 24051 50189 48040 41634 36675 13492 14897

19258 15154 4883 8660 22473 5240 12851 10822 25140 18677 8930 6798 9435 4715 11943 18148 11947 9496 14265 19106 16203 11616 7106 3553 10898 5631 28226 6684 7117 7725 6509 5973 7911 10537 11924 12593 9496 9405 33421 7486 7881 13444 24198 13429 31946 32615 29081 22522 8227 12293

32600 22120 24063 31410 36263 20115 39682 24603 43406 26098 11050 13644 18976 29538 20197 24684 10012 17796 19495 34493 23056 27157 10541 33424 5270 20594 59259 12362 14845 44597 26668 15282 26495 35297 14936 10622 32488 21866 64743 31379 8099 15669 41636 27879 64804 63420 53958 43640 30250 11650

19133 14415 4124 7502 21736 4258 12148 8180 24693 17191 5611 2952 5851 5337 11613 17111 9697 5918 11525 19369 13673 12852 3268 8547 9073 1634 29479 2801 5623 13172 7620 3075 8745 9583 10952 10784 8420 6693 33190 6967 5560 10615 23935 14794 33148 32667 28750 23156 7022 11361

175156 190444 281463 355282 238383 258749 406770 325852 225170 205569 253234 264755 294457 314332 211356 210756 242970 289434 287742 170788 273327 239639 248102 332568 222222 279224 124051 257875 238875 392519 271962 254436 261534 380835 205405 233251 365874 308872 262243 348348 234998 267212 177231 219819 183947 276549 279934 151733 352989 210046

31417 23339 11056 15023 33379 9282 22113 11424 38298 25597 5582 2430 7436 13292 19279 25460 12766 7551 15708 32571 19387 22351 1601 18629 11698 6794 49650 800 9022 26549 15038 4846 16963 18384 18146 14626 16408 8878 52990 15002 5683 14150 36827 24738 53033 52629 45921 39055 14201 16091

22292 15532 8585 15815 27305 6079 22449 14122 31534 21286 7458 6609 10790 12212 11525 20448 11037 10887 16351 22629 18460 14092 5916 13959 8953 7422 37089 5247 2958 20575 9380 4675 9917 18779 10579 12122 17129 11995 44699 15038 5121 14086 30040 16086 42325 43386 37782 28046 15128 11164

35887 29205 12480 18630 41122 13061 25455 22151 45465 34940 19069 15598 19892 12207 23976 34080 23982 19991 27757 35640 30912 23444 16099 10314 22275 13699 50490 15413 16118 8049 15128 14256 17411 21687 23945 25034 19991 19843 58502 16718 17362 26420 43931 26395 56547 57636 51882 41202 17925 24545

12035 8916 3727 7937 15528 2988 11116 8229 17556 12413 5826 4628 6632 5471 6476 11884 7270 6678 9817 11792 10828 6101 4440 5425 6843 4123 18722 4120 3693 8596 2220 3580 3285 9358 7288 8021 8567 7210 23593 7374 4435 8731 16331 7478 21757 23235 20550 14388 7608 8162

16816 12300 4673 8907 19038 3674 13346 7880 21863 14695 4330 2861 5655 6838 9623 14610 7526 5719 9982 17041 12034 11338 2398 8891 6931 3300 26701 1952 3900 13310 6886 1199 7961 10895 8991 8573 9784 6460 29982 8388 3574 9112 21992 12670 30199 29780 26037 20660 8448 9382

33291 24043 13451 25678 45466 10386 35106 25927 51477 34720 17347 15249 21192 18623 16808 32845 22433 21329 29985 32571 32982 15695 14693 18486 19385 13751 53121 13742 10951 27888 8982 12141 7346 30148 19402 23889 27802 22904 67566 24266 14025 26766 46032 19779 62514 69570 61607 40269 24685 21808

946126 772783 372672 171891 941607 399465 229188 203364 1052973 801673 322800 261306 229995 336196 681269 810550 496143 258078 549405 987768 631719 728398 261790 467575 512606 298912 1361570 298428 451435 644793 516318 354111 575875 130895 640112 556184 145421 201588 1394657 221440 377998 514543 1052973 803126 1415639 1359472 1209370 1121245 178024 610899

11074 6516 9745 14620 17265 8055 18070 12049 20125 11582 7198 7592 9802 12191 5780 10692 6792 9607 10578 11927 12000 8559 6353 13369 4891 8961 21336 7495 5951 17830 10200 7109 9514 16229 3176 7028 15116 10875 27174 14096 5378 9051 16956 8848 24582 28075 24330 15579 14222 4326

15829 11730 12055 14909 14887 10463 18181 11400 18098 9950 5307 7379 8870 14516 10865 10202 3806 8340 7557 17293 9159 13994 5984 16447 4154 10495 26946 6793 8459 21470 13235 8116 13697 16483 8500 2992 15221 10444 27326 15353 4886 5837 17073 14319 27353 27097 22842 21406 14443 7022

260549 211357 97602 40426 259264 105128 73603 59561 291477 219479 83331 65940 56946 87232 185247 222003 132614 73007 147849 269818 171160 198738 65986 124584 137295 76540 378755 76494 119995 174969 138442 92233 155375 45566 173638 149685 32993 48961 388070 54606 99025 137846 290926 219984 394035 378067 335391 310337 42170 165240

137814 108160 60774 37261 137095 58008 63568 27330 156514 113056 30982 20497 15076 61549 97731 114578 60691 24757 69875 142959 83983 109515 20525 84066 63513 44425 209073 26860 58395 114439 80082 42378 87468 46721 85421 70981 39142 10262 214743 41936 40442 63900 156127 117123 218284 208713 182987 167828 34439 80359

45190 41683 54470 59493 29821 51403 65177 52117 27688 32544 40378 44494 47243 59211 47631 34351 38581 46820 37823 48504 35461 53659 42775 64357 39250 51465 40960 44335 48318 73399 57395 46882 55712 61907 44450 37012 59475 50292 21387 60630 40660 36889 30385 54285 34060 23696 24243 45428 59070 41092

22574 17974 7146 4104 23542 8089 8618 6428 26371 19848 7822 5211 5621 5744 15256 19762 12226 7047 13579 22804 15670 16305 5658 9081 11939 5543 32644 6154 9417 13583 10795 6937 12308 6121 14604 13612 4997 4907 35329 2829 8519 12693 26231 18261 35444 34157 30344 26490 3636 14436

80057 56481 38011 53182 85773 30699 70728 39587 100523 63100 15801 16494 27925 49316 49862 62659 25677 26917 44210 82915 51564 61965 10086 58183 22567 30846 133135 13847 23134 81255 43390 19877 47404 61209 39209 31140 55409 33472 142906 53119 5043 36309 95817 63289 143032 141855 122313 103360 50787 35364

58028 43758 39723 42962 45043 36260 52917 32225 54677 40086 13627 20427 24504 44777 41119 40854 14800 22884 13348 60736 18235 50669 16196 54356 20636 32504 91957 20846 31401 69686 44861 27673 47528 47737 33928 18849 43884 29335 84235 44763 19379 8098 61825 51661 93199 81191 68206 73289 41538 29391

11687 10319 16111 18256 9625 14832 20714 15620 8793 7559 11041 12598 13719 17960 12502 7885 9913 13320 12732 13667 11825 14853 11550 19329 10071 15090 13193 12158 13052 23103 16310 14031 15654 19439 11261 9301 18490 14901 14420 18590 10725 11440 5775 15097 13994 15320 12357 14935 17905 9951

19812 14312 16981 25818 30875 14743 32575 23312 35262 22118 16250 16268 19856 20756 9331 20750 16000 19556 21825 17087 24012 9543 14550 20656 13087 17100 32087 14856 12481 27518 13718 14262 12525 28893 11225 16375 27181 21506 46393 24875 13050 19475 30675 7275 38943 47856 42043 22706 25093 12993

107792 115691 168663 190737 120397 157010 210766 169251 113618 103562 131938 144628 153760 185526 134768 109304 122750 150511 145721 113954 138325 149278 136084 193650 124879 163256 89976 141042 142499 224408 164573 150483 160511 200373 123367 117764 192641 163396 108212 193454 129361 135188 93057 139110 68042 115551 117288 104178 187935 125748

50320 46673 57109 60151 29943 53921 66703 53124 27725 37172 40919 45381 48057 62039 52583 39050 40589 46994 38262 53765 35074 58814 42605 65905 40553 53307 45922 46572 49175 75966 59473 49220 61003 63303 49184 38958 60774 51227 25572 61352 42752 37291 34927 59519 38748 21302 24143 50567 59235 45803

13547 12443 15576 16502 7348 14610 18481 14368 6676 9565 10672 12024 12834 17069 14205 10134 10572 12512 9867 15145 8902 16103 11183 18240 10561 14424 14940 12384 13172 21287 16292 13186 16755 17451 13197 10078 16686 13794 8777 16860 11227 9573 9046 16305 12767 8172 5591 17640 16219 12151

1568 1572 2542 3371 2975 2287 3928 3020 3140 2117 2205 2361 2682 2911 1756 1983 2142 2611 2713 1300 2927 2073 2174 3115 1857 2517 2006 2297 2064 3788 2435 2239 2318 3664 1740 2179 3495 2856 3556 3292 2072 2483 2603 1850 2678 3717 4040 1087 3300 1792

101089 81178 34056 14036 101528 37057 34221 24448 114155 85625 31329 21905 20807 29883 69009 86632 50983 27212 57059 102699 66392 74352 23899 44780 51935 25656 147937 26114 42986 64873 50343 31915 56510 23076 66429 57791 18025 17622 155129 16909 36673 53106 114118 82825 155275 148907 131888 119151 11949 63080

7969 4856 7095 9693 10916 5941 11999 7886 12864 7029 4190 4847 6351 8766 4903 6421 3907 6030 6493 8552 7464 6801 4001 9570 2614 6560 14979 4498 4503 12617 7978 5294 7448 10753 3124 4073 9987 7090 17673 9684 3335 5450 10694 6998 17196 18323 15742 11047 9376 2000

0 1 40744
0 2 57549
0 3 68093
0 4 42021
0 5 15313
0 6 46981
0 7 61047
0 8 50694
0 9 15398
0 10 66597
0 11 15038
0 12 20462
0 13 60247
0 14 38937
0 15 30883
0 16 57952
0 17 18947
0 18 42643
0 19 39035
0 20 48170
0 21 68416
0 22 32897
0 23 40510
0 24 61916
0 25 13208
0 26 28966
0 27 56762
0 28 40539
0 29 41114
0 30 23417
0 31 68534
0 32 42681
0 33 23223
0 34 37226
0 35 32694
0 36 62959
0 37 43252
0 38 56926
0 39 42151
0 40 26024
0 41 13707
0 42 66310
0 43 50770
0 44 50184
0 45 49031
0 46 26585
0 47 41323
0 48 67750
0 49 17296
1 2 36804
1 3 16726
1 4 37452
1 5 34675
1 6 30093
1 7 39572
1 8 54890
1 9 21107
1 10 46454
1 11 30754
1 12 26465
1 13 20239
1 14 60054
1 15 45022
1 16 36108
1 17 59134
1 18 58660
1 19 11732
1 20 22190
1 21 16843
1 22 69586
1 23 54753
1 24 56047
1 25 12029
1 26 10442
1 27 49139
1 28 68921
1 29 12663
1 30 53645
1 31 23132
1 32 66355
1 33 25371
1 34 44478
1 35 23831
1 36 29863
1 37 18009
1 38 43442
1 39 26630
1 40 11327
1 41 64695
1 42 64147
1 43 41382
1 44 45917
1 45 64747
1 46 58082
1 47 52021
1 48 56498
1 49 52156
2 3 37199
2 4 66702
2 5 63014
2 6 65569
2 7 67473
2 8 68649
2 9 17211
2 10 23275
2 11 49883
2 12 40778
2 13 41406
2 14 58067
2 15 19757
2 16 26629
2 17 13832
2 18 39937
2 19 64772
2 20 17151
2 21 41350
2 22 36946
2 23 24919
2 24 26680
2 25 65292
2 26 69840
2 27 37316
2 28 13680
2 29 42496
2 30 64562
2 31 31836
2 32 61213
2 33 56328
2 34 19404
2 35 34141
2 36 15239
2 37 65627
2 38 23371
2 39 44134
2 40 19029
2 41 46359
2 42 27306
2 43 62192
2 44 48750
2 45 22733
2 46 53294
2 47 67208
2 48 22942
2 49 42010
3 4 10989
3 5 61606
3 6 14347
3 7 24767
3 8 44132
3 9 34121
3 10 41031
3 11 14736
3 12 50508
3 13 55675
3 14 67969
3 15 15274
3 16 55682
3 17 38474
3 18 32371
3 19 20027
3 20 19340
3 21 15941
3 22 11570
3 23 54109
3 24 55961
3 25 41569
3 26 55063
3 27 51682
3 28 19585
3 29 67533
3 30 48471
3 31 35169
3 32 64346
3 33 45482
3 34 16832
3 35 26429
3 36 69846
3 37 28915
3 38 29431
3 39 23471
3 40 57607
3 41 45090
3 42 67697
3 43 20945
3 44 66834
3 45 61189
3 46 10341
3 47 22163
3 48 32707
3 49 57756
4 5 55858
4 6 44768
4 7 12909
4 8 33472
4 9 43060
4 10 50437
4 11 44688
4 12 16041
4 13 18652
4 14 62373
4 15 48168
4 16 63496
4 17 58977
4 18 19549
4 19 39656
4 20 63928
4 21 47843
4 22 47570
4 23 68731
4 24 25797
4 25 37042
4 26 38810
4 27 58114
4 28 56821
4 29 14541
4 30 24956
4 31 21812
4 32 43923
4 33 60463
4 34 58826
4 35 27129
4 36 21985
4 37 57802
4 38 34781
4 39 13302
4 40 64677
4 41 59517
4 42 18427
4 43 21043
4 44 57101
4 45 57146
4 46 20998
4 47 33214
4 48 46101
4 49 14745
5 6 43797
5 7 54034
5 8 15904
5 9 21690
5 10 64722
5 11 57616
5 12 55336
5 13 35592
5 14 61116
5 15 11716
5 16 14924
5 17 62978
5 18 10526
5 19 47196
5 20 16222
5 21 11554
5 22 62873
5 23 48505
5 24 63777
5 25 15814
5 26 51539
5 27 24251
5 28 16915
5 29 43344
5 30 39183
5 31 35304
5 32 46627
5 33 12734
5 34 57179
5 35 23780
5 36 44577
5 37 56124
5 38 23627
5 39 12579
5 40 61177
5 41 42256
5 42 48176
5 43 45945
5 44 49055
5 45 42179
5 46 67053
5 47 65049
5 48 38470
5 49 57186
6 7 24067
6 8 55403
6 9 15358
6 10 62446
6 11 66158
6 12 12742
6 13 49770
6 14 66404
6 15 44209
6 16 25742
6 17 40694
6 18 44206
6 19 31756
6 20 47781
6 21 37040
6 22 15877
6 23 48638
6 24 52455
6 25 69160
6 26 25686
6 27 16278
6 28 65358
6 29 16130
6 30 50347
6 31 46816
6 32 16308
6 33 30362
6 34 21610
6 35 56122
6 36 18697
6 37 37063
6 38 40621
6 39 28559
6 40 48754
6 41 34329
6 42 35742
6 43 59220
6 44 39360
6 45 35566
6 46 22041
6 47 28500
6 48 56245
6 49 45216
7 8 67332
7 9 46303
7 10 20853
7 11 66956
7 12 31771
7 13 17255
7 14 19587
7 15 41317
7 16 61248
7 17 19133
7 18 25887
7 19 53019
7 20 23434
7 21 68982
7 22 26733
7 23 56590
7 24 41889
7 25 66447
7 26 12611
7 27 46920
7 28 31623
7 29 47612
7 30 38464
7 31 29243
7 32 39467
7 33 26672
7 34 49428
7 35 35988
7 36 47562
7 37 15245
7 38 45521
7 39 67416
7 40 24729
7 41 36504
7 42 69972
7 43 28075
7 44 33952
7 45 39158
7 46 50970
7 47 58480
7 48 26778
7 49 18496
8 9 51195
8 10 35420
8 11 22159
8 12 35756
8 13 68852
8 14 41442
8 15 63388
8 16 17274
8 17 24074
8 18 61308
8 19 43741
8 20 16794
8 21 55219
8 22 47853
8 23 46778
8 24 20907
8 25 43538
8 26 23082
8 27 29696
8 28 19729
8 29 24715
8 30 54834
8 31 61821
8 32 24168
8 33 40162
8 34 30274
8 35 48646
8 36 41319
8 37 45047
8 38 12215
8 39 41873
8 40 16151
8 41 12154
8 42 37460
8 43 57128
8 44 26751
8 45 64712
8 46 32650
8 47 40046
8 48 15133
8 49 41350
9 10 26816
9 11 15179
9 12 20214
9 13 43659
9 14 38404
9 15 48255
9 16 20944
9 17 40140
9 18 48612
9 19 61946
9 20 65463
9 21 19653
9 22 55896
9 23 53988
9 24 38964
9 25 62788
9 26 35335
9 27 20267
9 28 24546
9 29 10682
9 30 59459
9 31 63857
9 32 42051
9 33 61511
9 34 27618
9 35 28731
9 36 52820
9 37 53899
9 38 30788
9 39 66097
9 40 53227
9 41 21885
9 42 69556
9 43 66816
9 44 52431
9 45 19756
9 46 59140
9 47 54997
9 48 37611
9 49 18207
10 11 66318
10 12 44662
10 13 18027
10 14 17854
10 15 56450
10 16 41272
10 17 15540
10 18 60943
10 19 51663
10 20 65551
10 21 67962
10 22 42337
10 23 55273
10 24 54646
10 25 40195
10 26 20817
10 27 42496
10 28 15652
10 29 50394
10 30 32043
10 31 16514
10 32 55577
10 33 22825
10 34 27152
10 35 46984
10 36 64935
10 37 40715
10 38 68400
10 39 67310
10 40 15225
10 41 58605
10 42 40372
10 43 47875
10 44 24329
10 45 12235
10 46 44169
10 47 28743
10 48 67157
10 49 42618
11 12 12409
11 13 49716
11 14 30900
11 15 23672
11 16 12773
11 17 48700
11 18 48489
11 19 10393
11 20 11110
11 21 31237
11 22 19241
11 23 50867
11 24 54927
11 25 49508
11 26 17532
11 27 19097
11 28 68081
11 29 29990
11 30 21949
11 31 24635
11 32 30997
11 33 69073
11 34 43344
11 35 54699
11 36 24087
11 37 12598
11 38 28466
11 39 53091
11 40 29428
11 41 31829
11 42 57430
11 43 23254
11 44 42443
11 45 50846
11 46 29610
11 47 45467
11 48 11520
11 49 26446
12 13 20359
12 14 55670
12 15 29787
12 16 34126
12 17 18086
12 18 27998
12 19 52521
12 20 64475
12 21 33457
12 22 61815
12 23 63677
12 24 26645
12 25 50846
12 26 40247
12 27 49357
12 28 39934
12 29 10544
12 30 60514
12 31 50225
12 32 44936
12 33 20914
12 34 62178
12 35 55465
12 36 33387
12 37 17086
12 38 51174
12 39 46920
12 40 36754
12 41 48989
12 42 22837
12 43 42752
12 44 54415
12 45 44728
12 46 39979
12 47 12274
12 48 25969
12 49 67849
13 14 52976
13 15 17504
13 16 38588
13 17 20622
13 18 38057
13 19 66638
13 20 51660
13 21 50870
13 22 40326
13 23 59973
13 24 33270
13 25 36022
13 26 62359
13 27 68164
13 28 64190
13 29 62828
13 30 62031
13 31 66234
13 32 61275
13 33 53085
13 34 64398
13 35 13201
13 36 61703
13 37 53260
13 38 44045
13 39 23122
13 40 44286
13 41 60564
13 42 66498
13 43 44975
13 44 67445
13 45 50558
13 46 14488
13 47 32799
13 48 30000
13 49 37801
14 15 68312
14 16 13161
14 17 61425
14 18 34749
14 19 66006
14 20 69137
14 21 39721
14 22 43290
14 23 61133
14 24 63259
14 25 22421
14 26 60758
14 27 56962
14 28 59025
14 29 42145
14 30 44065
14 31 34180
14 32 43178
14 33 46351
14 34 51075
14 35 45799
14 36 49001
14 37 52617
14 38 18091
14 39 66909
14 40 45032
14 41 21520
14 42 12592
14 43 38403
14 44 28148
14 45 31148
14 46 17359
14 47 15791
14 48 10934
14 49 48464
15 16 60851
15 17 44926
15 18 42488
15 19 64849
15 20 37646
15 21 28282
15 22 23793
15 23 51173
15 24 50988
15 25 30706
15 26 56477
15 27 37702
15 28 37183
15 29 20725
15 30 61988
15 31 32830
15 32 26158
15 33 11749
15 34 25300
15 35 51930
15 36 34708
15 37 68328
15 38 52719
15 39 41238
15 40 35430
15 41 32845
15 42 20151
15 43 52096
15 44 10393
15 45 28155
15 46 64715
15 47 34278
15 48 48742
15 49 45872
16 17 45329
16 18 59692
16 19 64367
16 20 24891
16 21 13874
16 22 47147
16 23 37130
16 24 63916
16 25 13243
16 26 37320
16 27 51537
16 28 55075
16 29 12814
16 30 33478
16 31 58084
16 32 58303
16 33 63505
16 34 69802
16 35 48720
16 36 11311
16 37 59879
16 38 34603
16 39 61154
16 40 40643
16 41 17235
16 42 44387
16 43 29792
16 44 11378
16 45 15167
16 46 26866
16 47 10559
16 48 63016
16 49 65869
17 18 64640
17 19 53864
17 20 63536
17 21 57114
17 22 37104
17 23 23011
17 24 19019
17 25 65712
17 26 55372
17 27 49220
17 28 24462
17 29 57958
17 30 60342
17 31 22850
17 32 65285
17 33 22528
17 34 53308
17 35 44934
17 36 52839
17 37 41337
17 38 23021
17 39 17692
17 40 14595
17 41 51798
17 42 41612
17 43 23069
17 44 64461
17 45 40106
17 46 12249
17 47 14513
17 48 38027
17 49 10165
18 19 59786
18 20 10885
18 21 19851
18 22 52570
18 23 26570
18 24 31265
18 25 16370
18 26 33837
18 27 23138
18 28 10408
18 29 24287
18 30 62403
18 31 59823
18 32 36775
18 33 60311
18 34 51890
18 35 24743
18 36 35427
18 37 37701
18 38 57468
18 39 20963
18 40 28142
18 41 34501
18 42 41667
18 43 65238
18 44 55240
18 45 48942
18 46 48766
18 47 57264
18 48 45671
18 49 18834
19 20 40377
19 21 23041
19 22 34524
19 23 50154
19 24 11367
19 25 43430
19 26 31155
19 27 24192
19 28 21923
19 29 11250
19 30 65308
19 31 33863
19 32 68013
19 33 25968
19 34 11407
19 35 37598
19 36 34731
19 37 13940
19 38 31383
19 39 47600
19 40 57916
19 41 64963
19 42 55314
19 43 48245
19 44 64938
19 45 53457
19 46 42391
19 47 47025
19 48 64799
19 49 14089
20 21 64147
20 22 14342
20 23 58679
20 24 54487
20 25 15081
20 26 55516
20 27 19470
20 28 24772
20 29 12339
20 30 51077
20 31 55217
20 32 46580
20 33 41854
20 34 34365
20 35 52951
20 36 32860
20 37 46494
20 38 18682
20 39 21838
20 40 57940
20 41 61608
20 42 32621
20 43 36640
20 44 54918
20 45 53115
20 46 48960
20 47 60530
20 48 32294
20 49 51851
21 22 59039
21 23 61466
21 24 24605
21 25 61806
21 26 15837
21 27 62808
21 28 43268
21 29 13586
21 30 68199
21 31 55986
21 32 21909
21 33 55466
21 34 67435
21 35 29114
21 36 44733
21 37 52740
21 38 12120
21 39 58376
21 40 24870
21 41 50013
21 42 42883
21 43 60837
21 44 39942
21 45 24744
21 46 11001
21 47 33964
21 48 39832
21 49 50132
22 23 31778
22 24 69700
22 25 46564
22 26 66636
22 27 62999
22 28 41761
22 29 24251
22 30 38578
22 31 67300
22 32 39637
22 33 60191
22 34 41736
22 35 55111
22 36 50455
22 37 51482
22 38 41267
22 39 42537
22 40 46125
22 41 59761
22 42 10489
22 43 64126
22 44 36982
22 45 30377
22 46 41863
22 47 37680
22 48 31272
22 49 55881
23 24 31767
23 25 11413
23 26 68640
23 27 21865
23 28 32508
23 29 47228
23 30 16208
23 31 17747
23 32 32453
23 33 25301
23 34 32954
23 35 31348
23 36 16060
23 37 42669
23 38 29603
23 39 43044
23 40 12246
23 41 29945
23 42 40057
23 43 17147
23 44 38918
23 45 13903
23 46 34068
23 47 28176
23 48 36227
23 49 45957
24 25 68212
24 26 66702
24 27 69038
24 28 17956
24 29 34273
24 30 46365
24 31 38162
24 32 13758
24 33 50825
24 34 13488
24 35 41632
24 36 31222
24 37 65393
24 38 52222
24 39 35580
24 40 33505
24 41 38189
24 42 14416
24 43 35930
24 44 68574
24 45 39724
24 46 63075
24 47 17601
24 48 18809
24 49 54091
25 26 44522
25 27 66041
25 28 34128
25 29 21495
25 30 35759
25 31 47233
25 32 47219
25 33 55824
25 34 55355
25 35 40359
25 36 48310
25 37 65220
25 38 20674
25 39 14571
25 40 37600
25 41 18133
25 42 27089
25 43 44219
25 44 41962
25 45 10271
25 46 45493
25 47 33338
25 48 65632
25 49 17051
26 27 30918
26 28 11268
26 29 60198
26 30 16966
26 31 45661
26 32 66707
26 33 22903
26 34 28089
26 35 55368
26 36 33914
26 37 37079
26 38 61403
26 39 48042
26 40 37989
26 41 33905
26 42 61013
26 43 35155
26 44 30403
26 45 35121
26 46 62577
26 47 37962
26 48 26749
26 49 16829
27 28 33562
27 29 26202
27 30 55879
27 31 58013
27 32 32206
27 33 62025
27 34 22434
27 35 47939
27 36 23457
27 37 54785
27 38 64799
27 39 23934
27 40 33394
27 41 59365
27 42 69114
27 43 37685
27 44 34744
27 45 56504
27 46 13521
27 47 34258
27 48 59629
27 49 38626
28 29 18565
28 30 28216
28 31 32364
28 32 42235
28 33 59260
28 34 27244
28 35 14417
28 36 15501
28 37 25507
28 38 12559
28 39 63426
28 40 37227
28 41 46285
28 42 45378
28 43 54121
28 44 50682
28 45 56921
28 46 61061
28 47 48252
28 48 49153
28 49 55817
29 30 62871
29 31 49358
29 32 16470
29 33 17911
29 34 21469
29 35 20797
29 36 20988
29 37 52885
29 38 35700
29 39 36722
29 40 66045
29 41 51633
29 42 45633
29 43 20402
29 44 46454
29 45 57535
29 46 69157
29 47 50401
29 48 68110
29 49 37361
30 31 12353
30 32 47331
30 33 47944
30 34 46059
30 35 33575
30 36 56379
30 37 62777
30 38 16726
30 39 46954
30 40 29548
30 41 59699
30 42 65437
30 43 20328
30 44 17188
30 45 46855
30 46 17074
30 47 22707
30 48 38902
30 49 50974
31 32 40648
31 33 54095
31 34 34170
31 35 44096
31 36 27986
31 37 34377
31 38 10811
31 39 30969
31 40 25638
31 41 54792
31 42 26088
31 43 67376
31 44 10856
31 45 53919
31 46 23439
31 47 57425
31 48 39444
31 49 60170
32 33 54745
32 34 47215
32 35 21670
32 36 62970
32 37 62022
32 38 31434
32 39 55237
32 40 16838
32 41 37874
32 42 47191
32 43 37002
32 44 21193
32 45 32356
32 46 23584
32 47 40139
32 48 68119
32 49 38021
33 34 16671
33 35 23279
33 36 14877
33 37 23581
33 38 35665
33 39 18890
33 40 59199
33 41 59422
33 42 51846
33 43 33852
33 44 19569
33 45 38010
33 46 60713
33 47 36908
33 48 35737
33 49 46871
34 35 57325
34 36 18402
34 37 41804
34 38 41217
34 39 43505
34 40 16325
34 41 63223
34 42 35446
34 43 34876
34 44 50814
34 45 58212
34 46 43951
34 47 53326
34 48 50462
34 49 54845
35 36 27824
35 37 53835
35 38 47076
35 39 34562
35 40 35813
35 41 34753
35 42 67124
35 43 50590
35 44 15750
35 45 34574
35 46 26265
35 47 41741
35 48 38063
35 49 50132
36 37 10482
36 38 48562
36 39 43499
36 40 67238
36 41 37093
36 42 41572
36 43 66220
36 44 47749
36 45 13358
36 46 62268
36 47 10158
36 48 18377
36 49 15980
37 38 29344
37 39 41537
37 40 65273
37 41 10805
37 42 13030
37 43 18937
37 44 43935
37 45 68421
37 46 15289
37 47 24537
37 48 34338
37 49 47730
38 39 49707
38 40 56152
38 41 17016
38 42 14554
38 43 12528
38 44 48540
38 45 54463
38 46 17988
38 47 60001
38 48 34114
38 49 39309
39 40 15795
39 41 63528
39 42 63989
39 43 60931
39 44 57177
39 45 55959
39 46 28723
39 47 35462
39 48 65687
39 49 45721
40 41 12143
40 42 59924
40 43 30382
40 44 49762
40 45 50213
40 46 29735
40 47 30021
40 48 65397
40 49 53834
41 42 32081
41 43 63320
41 44 27046
41 45 11016
41 46 21673
41 47 33203
41 48 53635
41 49 30283
42 43 58182
42 44 59837
42 45 11513
42 46 23367
42 47 38764
42 48 57216
42 49 33751
43 44 56842
43 45 61118
43 46 40226
43 47 38558
43 48 37025
43 49 27002
44 45 50330
44 46 61926
44 47 44198
44 48 27631
44 49 54405
45 46 40438
45 47 39449
45 48 53866
45 49 46068
46 47 10420
46 48 16154
46 49 49425
47 48 46055
47 49 30327
48 49 47270
