50 50 890
25000 25000 25000 25000 25000 25000 25000 25000 25000 25000 25000 25000 25000 25000 25000 25000 25000 25000 25000 25000 25000 25000 0 25000 25000 25000 25000 25000 25000 25000 25000 25000 25000 25000 25000 25000 25000 25000 25000 25000 25000 25000 25000 25000 25000 25000 25000 25000 25000 25000
2609 3292 6739 8933 6803 5984 10355 7650 8084 4246 5219 5776 6641 7816 4374 3847 5033 6429 6719 3660 7358 5396 5219 8345 4182 6387 7391 5542 5038 10349 6400 5558 6051 9568 3792 4898 9064 7159 11178 8697 4781 6033 6661 5299 8845 11656 9977 5301 8663 3947

2368 1148 3204 4509 4028 2752 5457 3845 4791 2504 2396 2628 3220 3859 1838 2266 2285 3117 3299 2596 3680 2582 2296 4205 1779 2994 5115 2491 2189 5399 3046 2499 2838 4940 1446 2351 4642 3507 6634 4369 2035 2890 3943 2607 5984 6919 5919 3574 4385 1538

38119 28711 4914 17161 44553 7030 26409 19622 50450 35490 13876 9147 14977 9987 21848 35330 20546 15111 25670 37312 29954 23679 9828 13734 19303 6568 57472 8895 11180 22957 12390 7341 15489 21294 21806 22713 18992 16657 67393 15523 12297 23856 48568 27686 66066 66973 59161 44864 16203 22621

94158 75406 32372 11548 94124 35112 29982 21024 105322 79267 29681 21275 20071 28595 64292 80186 47630 25921 53179 95094 61702 69206 23096 42165 48700 24701 135170 25118 40527 60515 47246 30416 52911 19804 61669 53847 15191 17163 141838 16712 34762 49569 105288 76944 142841 137025 121516 110118 12183 58878

1432 1277 1715 1883 566 1580 2152 1577 838 876 1061 1250 1363 1923 1524 955 1016 1318 949 1655 814 1789 1133 2087 1015 1583 2005 1269 1379 2512 1815 1381 1823 2008 1383 947 1901 1497 1685 1925 1108 908 1169 1798 2040 1600 1240 2003 1836 1237

29389 21549 6421 15994 35203 3514 23701 16197 40108 27663 10383 7483 12332 10627 15840 27251 15232 12444 20193 28704 23757 17769 7029 12654 13919 6260 45474 6253 6966 20326 9090 4947 10956 19446 15805 17035 17517 13730 54202 15093 8371 18684 38375 21102 52622 53852 47354 34986 15197 16483

181956 151443 81972 45118 179349 86890 28499 43134 199791 153664 65767 58805 48555 75277 138615 155294 97584 53176 107361 187467 122469 147325 56998 99391 102384 68433 259515 65619 96429 131920 108338 78565 118381 37594 126439 108605 40319 50569 262507 54213 78328 100962 199791 160389 266358 256048 228497 214099 46244 120958

70158 56137 33391 20160 68960 32030 26544 6370 78353 57158 16770 13571 8861 34044 51550 57907 31390 10985 35882 72690 42824 57376 12741 45125 33595 25346 105796 16702 32220 60071 42892 24339 46527 21820 44649 36454 21085 12128 107171 24366 22542 32942 78353 60248 108940 104203 91544 84928 20704 42130

1719 1555 2020 2186 797 1877 2480 1869 697 1127 1324 1525 1646 2242 1817 1211 1359 1593 1205 1956 1061 2099 1395 2416 1275 1880 1940 1538 1663 2869 2127 1665 2135 2327 1668 1203 2218 1789 1599 2239 1374 1156 1050 2109 1977 1509 1125 2149 2144 1511

1038 879 1459 1709 1024 1320 1995 1402 1305 464 869 1050 1181 1674 1133 546 738 1134 1066 1268 1206 1406 928 1875 768 1323 1950 999 1145 2314 1562 1115 1500 1846 988 667 1736 1318 1983 1748 832 916 1087 1416 1986 2088 1720 1628 1668 837

282030 211282 141015 156813 275986 123980 205925 104130 324205 216434 12638 46089 66146 165880 198300 220212 86408 58178 109075 294806 144106 241573 25277 212999 97536 105504 461992 48149 106122 288418 178793 81738 185456 180442 162789 111960 161484 89774 468792 165811 55499 94239 323380 245901 477721 453818 389938 356556 149807 140603

50691 38013 17684 20961 51754 16554 32069 15322 59686 41572 8429 1231 9073 20938 32781 41335 20566 9254 24295 52228 30058 37595 2463 29549 19775 11074 79235 3830 16712 41956 25571 10170 28589 26227 28724 24385 23131 11333 83247 20927 10350 21854 59166 41335 84557 81009 70500 62387 19673 26656

87703 68425 38207 29484 86090 36375 42477 15319 98955 70203 15832 11526 5185 43485 62653 71210 35513 11563 41561 91111 50906 70496 10371 57448 38482 27377 135275 15741 36631 77569 50998 26021 55891 35788 53362 42330 30731 11599 137529 32581 23565 37602 98735 74362 139911 133534 116492 107586 27615 49972

8994 7014 1953 3076 10270 2400 5044 4089 11525 8342 3428 2289 3530 1217 5553 8308 5162 3558 5938 8844 6878 5947 2434 2672 4897 1741 13134 2275 3283 4634 3544 2352 4204 3955 5544 5623 3465 3423 15131 2520 3406 5551 11125 6799 14963 15041 13379 10451 2868 5718

22109 13806 17181 27575 34163 13983 36054 25399 39559 23393 16297 15828 21148 21809 7310 21709 15513 20779 22678 21463 25368 12569 14621 24038 11931 16866 39913 14091 11169 32479 15843 13360 14375 31372 9640 15974 29250 22701 52897 26598 12776 19787 33563 13114 48346 54681 47531 28374 26698 11815

16807 14001 25640 30561 19556 22905 35602 25154 24505 9679 15763 18421 21255 29433 18478 8135 13451 20437 19232 20868 21699 23300 16271 32126 12619 23236 35094 17533 19253 39867 26303 19556 24957 32986 15933 12196 31041 23680 36455 30709 14579 16581 19881 23476 36497 38302 31816 27205 29842 13261

10299 7390 7031 8472 10011 6048 10492 6305 12559 6963 2542 3918 4743 8551 6856 7119 1531 4415 4164 10825 5152 8788 3062 9992 2712 6068 17458 3782 5031 13093 7754 4593 8294 9443 5401 2666 8664 5714 17692 8842 2599 3101 11362 8989 17709 17551 14924 13365 8184 4483

175305 136474 78453 73100 171987 74683 92515 36644 198000 139301 27445 23562 23034 89311 126332 141375 67935 11423 80376 182317 99603 144881 22846 118038 74042 56173 274079 32233 75211 159433 104768 53383 114834 79433 107218 81959 75663 36305 280374 79396 45918 72233 198000 150423 282712 269592 234531 216209 69254 97680

14104 10872 9452 10186 10309 8668 12441 7754 12529 10040 3542 5082 6005 10597 10274 10214 4313 5638 2061 14718 4237 12438 4123 12767 5635 7817 21789 5177 8073 16239 11122 6723 11726 11267 8646 5230 10401 7099 19186 10594 5350 2795 14964 12662 22071 18497 15556 17561 9863 7618

4719 4738 8597 11897 10320 7583 14113 10500 12031 6905 7254 7875 9152 10064 5467 6371 7005 8870 9277 3656 10130 6729 7312 10878 5869 8497 9506 7622 6695 13554 8172 7390 7707 13238 5406 7151 12428 9845 15675 11583 6547 8360 10130 5845 12180 16314 14559 5847 11614 5613

2204 1718 1581 1691 1302 1463 2030 1326 1635 1593 693 924 1063 1760 1628 1619 733 1008 555 2296 390 1953 780 2079 931 1335 3066 939 1298 2600 1756 1171 1846 1853 1384 871 1722 1227 2673 1752 889 505 2041 1987 3108 2532 2090 2723 1643 1229

33087 23443 23170 37575 50155 19559 48702 36072 57236 36022 26166 23493 30494 29263 14919 33813 25682 30655 35084 31815 38614 11166 22333 29102 20982 23524 56025 21214 17380 40178 17905 20255 15978 42538 17975 26288 39775 32512 74738 35911 21002 31291 49368 15978 67091 77038 67697 40884 36405 20830

29547 21819 12087 14277 30208 10393 19877 9670 34960 23989 3801 2252 5847 14071 19650 23844 11199 6260 13471 30993 16984 22873 0 19319 10703 8017 46945 2293 10145 26881 15889 6157 17728 16757 16158 13513 14856 7665 50147 14257 4959 11984 34713 24051 50189 48040 41634 36675 13492 14897

19258 15154 4883 8660 22473 5240 12851 10822 25140 18677 8930 6798 9435 4715 11943 18148 11947 9496 14265 19106 16203 11616 7106 3553 10898 5631 28226 6684 7117 7725 6509 5973 7911 10537 11924 12593 9496 9405 33421 7486 7881 13444 24198 13429 31946 32615 29081 22522 8227 12293

32600 22120 24063 31410 36263 20115 39682 24603 43406 26098 11050 13644 18976 29538 20197 24684 10012 17796 19495 34493 23056 27157 10541 33424 5270 20594 59259 12362 14845 44597 26668 15282 26495 35297 14936 10622 32488 21866 64743 31379 8099 15669 41636 27879 64804 63420 53958 43640 30250 11650

19133 14415 4124 7502 21736 4258 12148 8180 24693 17191 5611 2952 5851 5337 11613 17111 9697 5918 11525 19369 13673 12852 3268 8547 9073 1634 29479 2801 5623 13172 7620 3075 8745 9583 10952 10784 8420 6693 33190 6967 5560 10615 23935 14794 33148 32667 28750 23156 7022 11361

175156 190444 281463 355282 238383 258749 406770 325852 225170 205569 253234 264755 294457 314332 211356 210756 242970 289434 287742 170788 273327 239639 248102 332568 222222 279224 124051 257875 238875 392519 271962 254436 261534 380835 205405 233251 365874 308872 262243 348348 234998 267212 177231 219819 183947 276549 279934 151733 352989 210046

31417 23339 11056 15023 33379 9282 22113 11424 38298 25597 5582 2430 7436 13292 19279 25460 12766 7551 15708 32571 19387 22351 1601 18629 11698 6794 49650 800 9022 26549 15038 4846 16963 18384 18146 14626 16408 8878 52990 15002 5683 14150 36827 24738 53033 52629 45921 39055 14201 16091

22292 15532 8585 15815 27305 6079 22449 14122 31534 21286 7458 6609 10790 12212 11525 20448 11037 10887 16351 22629 18460 14092 5916 13959 8953 7422 37089 5247 2958 20575 9380 4675 9917 18779 10579 12122 17129 11995 44699 15038 5121 14086 30040 16086 42325 43386 37782 28046 15128 11164

35887 29205 12480 18630 41122 13061 25455 22151 45465 34940 19069 15598 19892 12207 23976 34080 23982 19991 27757 35640 30912 23444 16099 10314 22275 13699 50490 15413 16118 8049 15128 14256 17411 21687 23945 25034 19991 19843 58502 16718 17362 26420 43931 26395 56547 57636 51882 41202 17925 24545

12035 8916 3727 7937 15528 2988 11116 8229 17556 12413 5826 4628 6632 5471 6476 11884 7270 6678 9817 11792 10828 6101 4440 5425 6843 4123 18722 4120 3693 8596 2220 3580 3285 9358 7288 8021 8567 7210 23593 7374 4435 8731 16331 7478 21757 23235 20550 14388 7608 8162

16816 12300 4673 8907 19038 3674 13346 7880 21863 14695 4330 2861 5655 6838 9623 14610 7526 5719 9982 17041 12034 11338 2398 8891 6931 3300 26701 1952 3900 13310 6886 1199 7961 10895 8991 8573 9784 6460 29982 8388 3574 9112 21992 12670 30199 29780 26037 20660 8448 9382

33291 24043 13451 25678 45466 10386 35106 25927 51477 34720 17347 15249 21192 18623 16808 32845 22433 21329 29985 32571 32982 15695 14693 18486 19385 13751 53121 13742 10951 27888 8982 12141 7346 30148 19402 23889 27802 22904 67566 24266 14025 26766 46032 19779 62514 69570 61607 40269 24685 21808

946126 772783 372672 171891 941607 399465 229188 203364 1052973 801673 322800 261306 229995 336196 681269 810550 496143 258078 549405 987768 631719 728398 261790 467575 512606 298912 1361570 298428 451435 644793 516318 354111 575875 130895 640112 556184 145421 201588 1394657 221440 377998 514543 1052973 803126 1415639 1359472 1209370 1121245 178024 610899

11074 6516 9745 14620 17265 8055 18070 12049 20125 11582 7198 7592 9802 12191 5780 10692 6792 9607 10578 11927 12000 8559 6353 13369 4891 8961 21336 7495 5951 17830 10200 7109 9514 16229 3176 7028 15116 10875 27174 14096 5378 9051 16956 8848 24582 28075 24330 15579 14222 4326

15829 11730 12055 14909 14887 10463 18181 11400 18098 9950 5307 7379 8870 14516 10865 10202 3806 8340 7557 17293 9159 13994 5984 16447 4154 10495 26946 6793 8459 21470 13235 8116 13697 16483 8500 2992 15221 10444 27326 15353 4886 5837 17073 14319 27353 27097 22842 21406 14443 7022

260549 211357 97602 40426 259264 105128 73603 59561 291477 219479 83331 65940 56946 87232 185247 222003 132614 73007 147849 269818 171160 198738 65986 124584 137295 76540 378755 76494 119995 174969 138442 92233 155375 45566 173638 149685 32993 48961 388070 54606 99025 137846 290926 219984 394035 378067 335391 310337 42170 165240

137814 108160 60774 37261 137095 58008 63568 27330 156514 113056 30982 20497 15076 61549 97731 114578 60691 24757 69875 142959 83983 109515 20525 84066 63513 44425 209073 26860 58395 114439 80082 42378 87468 46721 85421 70981 39142 10262 214743 41936 40442 63900 156127 117123 218284 208713 182987 167828 34439 80359

45190 41683 54470 59493 29821 51403 65177 52117 27688 32544 40378 44494 47243 59211 47631 34351 38581 46820 37823 48504 35461 53659 42775 64357 39250 51465 40960 44335 48318 73399 57395 46882 55712 61907 44450 37012 59475 50292 21387 60630 40660 36889 30385 54285 34060 23696 24243 45428 59070 41092

22574 17974 7146 4104 23542 8089 8618 6428 26371 19848 7822 5211 5621 5744 15256 19762 12226 7047 13579 22804 15670 16305 5658 9081 11939 5543 32644 6154 9417 13583 10795 6937 12308 6121 14604 13612 4997 4907 35329 2829 8519 12693 26231 18261 35444 34157 30344 26490 3636 14436

80057 56481 38011 53182 85773 30699 70728 39587 100523 63100 15801 16494 27925 49316 49862 62659 25677 26917 44210 82915 51564 61965 10086 58183 22567 30846 133135 13847 23134 81255 43390 19877 47404 61209 39209 31140 55409 33472 142906 53119 5043 36309 95817 63289 143032 141855 122313 103360 50787 35364

58028 43758 39723 42962 45043 36260 52917 32225 54677 40086 13627 20427 24504 44777 41119 40854 14800 22884 13348 60736 18235 50669 16196 54356 20636 32504 91957 20846 31401 69686 44861 27673 47528 47737 33928 18849 43884 29335 84235 44763 19379 8098 61825 51661 93199 81191 68206 73289 41538 29391

11687 10319 16111 18256 9625 14832 20714 15620 8793 7559 11041 12598 13719 17960 12502 7885 9913 13320 12732 13667 11825 14853 11550 19329 10071 15090 13193 12158 13052 23103 16310 14031 15654 19439 11261 9301 18490 14901 14420 18590 10725 11440 5775 15097 13994 15320 12357 14935 17905 9951

19812 14312 16981 25818 30875 14743 32575 23312 35262 22118 16250 16268 19856 20756 9331 20750 16000 19556 21825 17087 24012 9543 14550 20656 13087 17100 32087 14856 12481 27518 13718 14262 12525 28893 11225 16375 27181 21506 46393 24875 13050 19475 30675 7275 38943 47856 42043 22706 25093 12993

107792 115691 168663 190737 120397 157010 210766 169251 113618 103562 131938 144628 153760 185526 134768 109304 122750 150511 145721 113954 138325 149278 136084 193650 124879 163256 89976 141042 142499 224408 164573 150483 160511 200373 123367 117764 192641 163396 108212 193454 129361 135188 93057 139110 68042 115551 117288 104178 187935 125748

50320 46673 57109 60151 29943 53921 66703 53124 27725 37172 40919 45381 48057 62039 52583 39050 40589 46994 38262 53765 35074 58814 42605 65905 40553 53307 45922 46572 49175 75966 59473 49220 61003 63303 49184 38958 60774 51227 25572 61352 42752 37291 34927 59519 38748 21302 24143 50567 59235 45803

13547 12443 15576 16502 7348 14610 18481 14368 6676 9565 10672 12024 12834 17069 14205 10134 10572 12512 9867 15145 8902 16103 11183 18240 10561 14424 14940 12384 13172 21287 16292 13186 16755 17451 13197 10078 16686 13794 8777 16860 11227 9573 9046 16305 12767 8172 5591 17640 16219 12151

1568 1572 2542 3371 2975 2287 3928 3020 3140 2117 2205 2361 2682 2911 1756 1983 2142 2611 2713 1300 2927 2073 2174 3115 1857 2517 2006 2297 2064 3788 2435 2239 2318 3664 1740 2179 3495 2856 3556 3292 2072 2483 2603 1850 2678 3717 4040 1087 3300 1792

101089 81178 34056 14036 101528 37057 34221 24448 114155 85625 31329 21905 20807 29883 69009 86632 50983 27212 57059 102699 66392 74352 23899 44780 51935 25656 147937 26114 42986 64873 50343 31915 56510 23076 66429 57791 18025 17622 155129 16909 36673 53106 114118 82825 155275 148907 131888 119151 11949 63080

7969 4856 7095 9693 10916 5941 11999 7886 12864 7029 4190 4847 6351 8766 4903 6421 3907 6030 6493 8552 7464 6801 4001 9570 2614 6560 14979 4498 4503 12617 7978 5294 7448 10753 3124 4073 9987 7090 17673 9684 3335 5450 10694 6998 17196 18323 15742 11047 9376 2000

0 1 40744
0 3 38311
0 4 27182
0 7 51047
0 8 22196
0 9 12655
0 10 36100
0 11 33265
0 13 15038
0 14 20462
0 15 60247
0 16 38937
0 17 30883
0 19 37980
0 21 42643
0 22 39035
0 23 48170
0 24 68416
0 25 32897
0 26 40510
0 27 61916
0 28 13208
0 29 28966
0 30 56762
0 31 40539
0 34 23417
0 35 68534
0 36 42681
0 37 23223
0 38 37226
0 39 32694
0 40 62959
0 41 43252
0 42 56926
0 43 42151
0 44 26024
0 45 13707
0 46 66310
0 47 50770
0 48 50184
0 49 49031
1 2 26585
1 3 41323
1 4 67750
1 5 17296
1 6 36804
1 9 37452
1 10 34675
1 11 30093
1 12 39572
1 13 54890
1 17 38229
1 18 26638
1 19 69785
1 20 19403
1 21 51562
1 22 57805
1 24 59134
1 26 65860
1 27 62464
1 29 16843
1 30 69586
1 34 42213
1 36 10442
1 39 68921
1 40 12663
1 41 53645
1 43 56106
1 44 12266
1 46 44478
1 47 23831
1 48 29863
2 3 65802
2 6 65841
2 7 65011
2 8 48122
2 9 20186
2 10 39420
2 13 65915
2 14 17880
2 15 30789
2 16 43744
2 17 67329
2 19 66702
2 20 63014
2 21 65569
2 22 67473
2 23 68649
2 24 17211
2 27 49883
2 28 40778
2 29 41406
2 30 58067
2 32 40088
2 33 42608
2 35 39937
2 36 64772
2 37 17151
2 40 36946
2 42 35596
2 43 32130
2 45 69840
2 46 37316
2 47 13680
2 49 61747
3 5 31836
3 7 12020
3 8 31150
3 10 34141
3 11 15239
3 12 65627
3 14 20547
3 15 40051
3 16 15778
3 17 55222
3 18 13675
3 19 30986
3 23 53294
3 24 67208
3 25 22942
3 26 42010
3 28 42503
3 30 14347
3 31 24767
3 33 58901
3 34 29514
3 35 10480
3 36 58337
3 38 55675
3 39 67969
3 40 15274
3 41 55682
3 42 38474
3 43 32371
3 44 20027
3 45 19340
3 46 15941
3 47 11570
3 49 45703
4 5 18230
4 6 63345
4 7 46305
4 9 19585
4 10 67533
4 11 48471
4 14 64346
4 15 45482
4 18 26429
4 19 69846
4 21 11416
4 22 13024
4 24 57607
4 25 45090
4 26 67697
4 27 20945
4 28 66834
4 29 61189
4 31 62711
4 32 64687
4 34 57756
4 35 55858
4 37 55704
4 38 63683
4 40 43060
4 42 67019
4 44 16041
4 47 62373
4 48 48168
4 49 63496
5 6 58977
5 7 19549
5 9 43657
5 10 25514
5 13 27104
5 14 47394
5 17 42586
5 19 58114
5 20 56821
5 21 14541
5 22 24956
5 23 21812
5 25 10790
5 26 53472
5 27 30119
5 30 41325
5 31 59555
5 32 56534
5 33 26930
5 34 40344
5 35 69840
5 36 47631
5 38 57101
5 39 57146
5 40 20998
5 42 54921
5 43 23677
5 44 34927
5 46 54034
5 48 41836
5 49 40685
6 7 24992
6 12 40116
6 14 11716
6 15 14924
6 16 62978
6 17 10526
6 18 47196
6 19 16222
6 20 11554
6 21 62873
6 23 68777
6 24 60195
6 25 58499
6 26 39782
6 27 13228
6 29 43344
6 31 21412
6 32 20459
6 33 64635
6 34 47153
6 35 26283
6 38 61687
6 39 37450
6 40 34630
6 41 17404
6 42 18393
6 43 42717
6 44 32859
6 46 49055
6 47 42179
6 49 67483
7 8 20033
7 9 67784
7 10 25650
7 11 47319
7 12 34996
7 13 41528
7 14 28985
7 19 21350
7 20 27946
7 22 25742
7 23 40694
7 24 44206
7 26 39256
7 28 37040
7 29 15877
7 30 48638
7 31 52455
7 32 69160
7 34 41670
7 37 32400
7 38 38114
7 40 46816
7 42 17510
7 43 50514
7 44 52118
7 45 35743
7 46 23162
8 10 59428
8 11 27719
8 13 35742
8 15 67452
8 17 35566
8 18 22041
8 20 28349
8 23 44207
8 24 31338
8 25 16030
8 26 49718
8 27 27826
8 30 46877
8 32 41317
8 33 61248
8 34 19133
8 37 53019
8 38 23434
8 40 46031
8 42 56590
8 43 41889
8 44 66447
8 46 39756
8 47 10735
8 48 54175
8 49 41210
9 10 18930
9 11 29712
9 13 26672
9 14 49428
9 20 40647
9 21 61835
9 22 17410
9 23 63864
9 25 69972
9 28 33952
9 30 62416
9 31 58401
9 32 56789
9 34 18496
9 35 51195
9 36 35420
9 37 22159
9 38 35756
9 40 33172
9 42 63388
9 43 17274
9 44 24074
9 45 61308
9 47 30466
9 48 24711
9 49 65274
10 11 48349
10 12 56349
10 13 27973
10 14 22679
10 16 29696
10 18 64901
10 20 54834
10 22 62108
10 25 51828
10 27 48646
10 28 41319
10 30 19172
10 32 41873
10 33 16151
10 34 12154
10 35 37460
10 37 47189
10 39 64712
10 42 40046
10 44 46560
10 45 35407
10 46 19996
10 47 58135
10 48 50226
10 49 58781
11 12 15532
11 13 44555
11 16 48404
11 18 61946
11 19 65463
11 20 19653
11 21 55896
11 22 53988
11 24 25339
11 26 35335
11 27 20267
11 28 24546
11 29 10682
11 31 25290
11 32 46755
11 33 33997
11 34 57015
11 35 53457
11 36 23081
11 37 14736
11 38 38716
11 40 66097
11 42 35237
11 43 54914
11 44 32153
11 45 60454
11 46 43850
11 47 41890
11 48 13613
11 49 31192
12 14 18207
12 15 66318
12 16 44662
12 17 18027
12 20 56450
12 21 41272
12 22 15540
12 23 60943
12 24 51663
12 25 65551
12 26 67962
12 28 57102
12 29 27334
12 30 22884
12 31 39206
12 32 36514
12 34 15652
12 35 50394
12 39 39667
12 40 22055
12 44 46984
12 45 64935
12 46 40715
12 47 68400
12 48 67310
12 49 15225
13 14 58605
13 15 40372
13 16 47875
13 17 24329
13 18 12235
13 20 18750
13 21 29746
13 22 41569
13 23 60661
13 25 49716
13 27 56784
13 28 29301
13 29 20983
13 30 17998
13 31 13657
13 32 18861
13 33 48268
13 35 19241
13 37 53410
13 39 49508
13 40 17532
13 41 19097
13 42 68081
13 43 29990
13 45 43662
13 46 24722
13 47 39687
13 48 69486
13 49 69466
14 15 44454
14 16 52289
14 17 33328
14 18 53465
14 19 13393
14 20 68951
14 22 57430
14 23 23254
14 24 42443
14 25 50846
14 27 41833
14 28 50608
14 29 44540
14 30 44864
14 31 11146
14 32 10798
14 33 58268
14 35 18086
14 36 27998
14 37 52521
14 38 64475
14 39 33457
14 40 61815
14 41 63677
14 42 26645
14 43 50846
14 44 40247
14 45 49357
14 46 39934
14 48 25605
15 16 50225
15 18 34663
15 19 62934
15 20 63435
15 21 33005
15 25 51174
15 26 46920
15 29 48989
15 32 42752
15 34 43296
15 35 21281
15 36 61306
15 38 25969
15 39 67849
15 41 53314
15 42 52715
15 43 60942
15 44 56114
15 46 66638
15 48 45627
15 49 40849
16 17 23622
16 18 24741
16 19 34701
16 21 62359
16 23 18329
16 25 62828
16 26 62031
16 27 66234
16 28 61275
16 29 53085
16 30 64398
16 31 13201
16 32 61703
16 34 68381
16 35 43233
16 36 67315
16 37 25497
16 39 66498
16 40 44975
16 41 67445
16 43 35828
16 44 46792
16 45 65764
16 46 52236
16 47 60750
16 48 41002
16 49 36368
17 18 32773
17 19 35470
17 20 47872
17 21 40292
17 22 36053
17 23 36219
17 26 34930
17 27 43817
17 30 59909
17 31 53314
17 32 26826
17 33 40458
17 34 23578
17 35 25605
17 36 67927
17 40 49001
17 41 52617
17 43 43750
17 44 11350
17 45 55682
17 46 12142
17 48 38403
17 49 28148
18 19 31148
18 20 17359
18 21 15791
18 22 10934
18 23 48464
18 24 60851
18 25 44926
18 26 42488
18 27 64849
18 28 37646
18 29 28282
18 30 23793
18 31 51173
18 33 19576
18 34 69137
18 35 51854
18 36 63836
18 37 43494
18 38 38117
18 41 29192
18 42 67756
18 43 34998
18 44 66598
18 45 29298
18 48 48501
18 49 49501
19 21 35430
19 22 32845
19 23 20151
19 24 52096
19 25 10393
19 26 28155
19 28 50986
19 30 48742
19 31 45872
19 32 45329
19 34 10037
19 35 58021
19 40 15656
19 41 46344
19 42 47282
19 43 22364
19 44 49989
19 45 55476
19 46 46253
19 47 19353
19 48 27908
19 49 69350
20 22 63505
20 23 69802
20 24 48720
20 25 11311
20 27 24810
20 28 27009
20 29 28519
20 30 64398
20 31 67964
20 32 58773
20 33 29462
20 34 32606
20 35 34856
20 36 63251
20 39 40416
20 40 62818
20 42 53864
20 44 43743
20 46 37104
20 47 23011
20 48 19019
20 49 65712
21 22 55372
21 23 49220
21 26 57958
21 28 34869
21 33 36278
21 35 44934
21 37 68400
21 38 19944
21 39 54348
21 40 32040
21 41 49756
21 43 41612
21 45 32426
21 46 47380
21 47 54803
21 48 52956
21 49 43887
22 23 27042
22 25 59786
22 26 10885
22 28 42222
22 30 26570
22 31 31265
22 32 16370
22 33 33837
22 34 23138
22 35 10408
22 36 24287
22 39 59823
22 40 36775
22 41 60311
22 42 51890
22 43 24743
22 44 35427
22 45 37701
22 46 57468
22 47 20963
22 48 28142
23 24 51979
23 25 47640
23 26 18427
23 28 48942
23 29 48766
23 30 57264
23 31 45671
23 32 18834
23 34 33577
23 35 65804
23 36 50743
23 38 11367
23 39 43430
23 40 31155
23 42 62822
23 43 19431
23 44 43515
23 46 33863
23 48 21127
23 49 43684
24 25 34802
24 26 41784
24 27 50640
24 28 59256
24 30 47600
24 31 57916
24 34 55314
24 35 48245
24 36 64938
24 37 53457
24 38 42391
24 39 47025
24 40 64799
24 43 64147
24 45 65231
24 46 18283
24 47 56414
24 48 32087
24 49 39349
25 27 24772
25 28 12339
25 29 51077
25 30 55217
25 31 46580
25 32 41854
25 34 36654
25 36 32860
25 37 46494
25 39 11525
25 42 63271
25 45 47430
25 46 23745
25 47 15331
25 48 35996
26 27 60530
26 28 32294
26 29 51851
26 30 59039
26 32 58251
26 33 14312
26 35 15837
26 36 62808
26 37 43268
26 38 13586
26 39 68199
26 41 29470
26 42 39102
26 43 37221
26 45 29114
26 47 10965
26 48 10124
26 49 44206
27 29 24870
27 30 50013
27 31 42883
27 32 60837
27 34 64423
27 35 14494
27 36 10730
27 37 22910
27 39 50132
27 41 45598
27 42 66512
27 43 52441
27 44 48684
27 45 31364
27 46 17870
27 47 58126
27 49 67300
28 29 39637
28 30 60191
28 31 41736
28 32 55111
28 33 50455
28 34 51482
28 36 13261
28 39 55453
28 40 42761
28 41 52760
28 43 36982
28 44 30377
28 45 41863
28 46 37680
28 47 31272
28 48 55881
28 49 31767
29 30 11413
29 31 68640
29 32 21865
29 35 47228
29 36 16208
29 37 17747
29 38 32453
29 39 25301
29 40 32954
29 41 31348
29 42 16060
29 43 42669
29 44 29603
29 46 51371
29 47 20809
29 49 40057
30 32 38917
30 33 54375
30 34 45126
30 35 21650
30 37 36227
30 38 45957
30 39 68212
30 40 66702
30 41 69038
30 42 17956
30 44 27352
30 45 36519
30 46 42662
30 47 68219
30 48 20905
30 49 19743
31 34 65700
31 36 52222
31 37 35580
31 38 33505
31 39 38189
31 40 14416
31 41 35930
31 42 68574
31 45 63075
31 46 17601
31 48 34779
31 49 22298
32 33 62075
32 34 65744
32 35 61435
32 36 52702
32 37 23427
32 38 59265
32 40 55824
32 42 21755
32 43 53929
32 44 46435
32 45 41385
32 46 12821
32 47 29483
32 49 18133
33 34 27089
33 35 44219
33 36 41962
33 37 10271
33 38 45493
33 40 59064
33 41 19163
33 42 50987
33 43 23762
33 44 69228
33 45 66488
33 46 10872
33 47 57889
33 48 49614
34 37 55368
34 39 27330
34 40 34185
34 41 48924
34 43 37989
34 44 33905
34 45 61013
34 46 35155
34 47 30403
35 36 62577
35 37 37962
35 38 26749
35 40 21190
35 41 62197
35 42 57476
35 43 53281
35 45 32206
35 47 36547
36 37 49800
36 38 49446
36 39 43860
36 42 33728
36 43 51896
36 45 69114
36 46 37685
36 47 34744
36 49 20623
37 38 20869
37 39 12079
37 40 26283
37 41 48416
37 42 52917
37 44 32364
37 46 27163
37 48 27244
37 49 14417
38 39 15501
38 40 25507
38 44 35415
38 45 43299
38 47 45378
38 48 54121
38 49 50682
39 40 56921
39 41 61061
39 42 48252
39 43 49153
39 45 66397
39 47 49358
39 48 16470
39 49 17911
40 41 21469
40 42 20797
40 43 20988
40 44 52885
40 45 35700
40 46 36722
40 48 59995
41 42 45633
41 44 24786
41 45 42571
41 46 15677
41 47 36893
41 48 15627
42 43 37361
42 45 48158
42 46 23341
42 47 30217
42 48 13644
42 49 12781
43 45 62777
43 46 16726
43 47 46954
43 49 23408
44 46 65437
44 47 20328
44 49 54790
45 46 44549
45 47 49209
45 49 38902
46 47 50974
47 48 54095
48 49 23224
