50 50 980
25000 25000 25000 25000 25000 25000 25000 25000 25000 25000 25000 25000 25000 25000 25000 25000 25000 25000 25000 25000 25000 25000 0 25000 25000 25000 25000 25000 25000 25000 25000 25000 25000 25000 25000 25000 25000 25000 25000 25000 25000 25000 25000 25000 25000 25000 25000 25000 25000 25000
2609 3292 6739 8933 6803 5984 10355 7650 8084 4246 5219 5776 6641 7816 4374 3847 5033 6429 6719 3660 7358 5396 5219 8345 4182 6387 7391 5542 5038 10349 6400 5558 6051 9568 3792 4898 9064 7159 11178 8697 4781 6033 6661 5299 8845 11656 9977 5301 8663 3947

2368 1148 3204 4509 4028 2752 5457 3845 4791 2504 2396 2628 3220 3859 1838 2266 2285 3117 3299 2596 3680 2582 2296 4205 1779 2994 5115 2491 2189 5399 3046 2499 2838 4940 1446 2351 4642 3507 6634 4369 2035 2890 3943 2607 5984 6919 5919 3574 4385 1538

38119 28711 4914 17161 44553 7030 26409 19622 50450 35490 13876 9147 14977 9987 21848 35330 20546 15111 25670 37312 29954 23679 9828 13734 19303 6568 57472 8895 11180 22957 12390 7341 15489 21294 21806 22713 18992 16657 67393 15523 12297 23856 48568 27686 66066 66973 59161 44864 16203 22621

94158 75406 32372 11548 94124 35112 29982 21024 105322 79267 29681 21275 20071 28595 64292 80186 47630 25921 53179 95094 61702 69206 23096 42165 48700 24701 135170 25118 40527 60515 47246 30416 52911 19804 61669 53847 15191 17163 141838 16712 34762 49569 105288 76944 142841 137025 121516 110118 12183 58878

1432 1277 1715 1883 566 1580 2152 1577 838 876 1061 1250 1363 1923 1524 955 1016 1318 949 1655 814 1789 1133 2087 1015 1583 2005 1269 1379 2512 1815 1381 1823 2008 1383 947 1901 1497 1685 1925 1108 908 1169 1798 2040 1600 1240 2003 1836 1237

29389 21549 6421 15994 35203 3514 23701 16197 40108 27663 10383 7483 12332 10627 15840 27251 15232 12444 20193 28704 23757 17769 7029 12654 13919 6260 45474 6253 6966 20326 9090 4947 10956 19446 15805 17035 17517 13730 54202 15093 8371 18684 38375 21102 52622 53852 47354 34986 15197 16483

181956 151443 81972 45118 179349 86890 28499 43134 199791 153664 65767 58805 48555 75277 138615 155294 97584 53176 107361 187467 122469 147325 56998 99391 102384 68433 259515 65619 96429 131920 108338 78565 118381 37594 126439 108605 40319 50569 262507 54213 78328 100962 199791 160389 266358 256048 228497 214099 46244 120958

70158 56137 33391 20160 68960 32030 26544 6370 78353 57158 16770 13571 8861 34044 51550 57907 31390 10985 35882 72690 42824 57376 12741 45125 33595 25346 105796 16702 32220 60071 42892 24339 46527 21820 44649 36454 21085 12128 107171 24366 22542 32942 78353 60248 108940 104203 91544 84928 20704 42130

1719 1555 2020 2186 797 1877 2480 1869 697 1127 1324 1525 1646 2242 1817 1211 1359 1593 1205 1956 1061 2099 1395 2416 1275 1880 1940 1538 1663 2869 2127 1665 2135 2327 1668 1203 2218 1789 1599 2239 1374 1156 1050 2109 1977 1509 1125 2149 2144 1511

1038 879 1459 1709 1024 1320 1995 1402 1305 464 869 1050 1181 1674 1133 546 738 1134 1066 1268 1206 1406 928 1875 768 1323 1950 999 1145 2314 1562 1115 1500 1846 988 667 1736 1318 1983 1748 832 916 1087 1416 1986 2088 1720 1628 1668 837

282030 211282 141015 156813 275986 123980 205925 104130 324205 216434 12638 46089 66146 165880 198300 220212 86408 58178 109075 294806 144106 241573 25277 212999 97536 105504 461992 48149 106122 288418 178793 81738 185456 180442 162789 111960 161484 89774 468792 165811 55499 94239 323380 245901 477721 453818 389938 356556 149807 140603

50691 38013 17684 20961 51754 16554 32069 15322 59686 41572 8429 1231 9073 20938 32781 41335 20566 9254 24295 52228 30058 37595 2463 29549 19775 11074 79235 3830 16712 41956 25571 10170 28589 26227 28724 24385 23131 11333 83247 20927 10350 21854 59166 41335 84557 81009 70500 62387 19673 26656

87703 68425 38207 29484 86090 36375 42477 15319 98955 70203 15832 11526 5185 43485 62653 71210 35513 11563 41561 91111 50906 70496 10371 57448 38482 27377 135275 15741 36631 77569 50998 26021 55891 35788 53362 42330 30731 11599 137529 32581 23565 37602 98735 74362 139911 133534 116492 107586 27615 49972

8994 7014 1953 3076 10270 2400 5044 4089 11525 8342 3428 2289 3530 1217 5553 8308 5162 3558 5938 8844 6878 5947 2434 2672 4897 1741 13134 2275 3283 4634 3544 2352 4204 3955 5544 5623 3465 3423 15131 2520 3406 5551 11125 6799 14963 15041 13379 10451 2868 5718

22109 13806 17181 27575 34163 13983 36054 25399 39559 23393 16297 15828 21148 21809 7310 21709 15513 20779 22678 21463 25368 12569 14621 24038 11931 16866 39913 14091 11169 32479 15843 13360 14375 31372 9640 15974 29250 22701 52897 26598 12776 19787 33563 13114 48346 54681 47531 28374 26698 11815

16807 14001 25640 30561 19556 22905 35602 25154 24505 9679 15763 18421 21255 29433 18478 8135 13451 20437 19232 20868 21699 23300 16271 32126 12619 23236 35094 17533 19253 39867 26303 19556 24957 32986 15933 12196 31041 23680 36455 30709 14579 16581 19881 23476 36497 38302 31816 27205 29842 13261

10299 7390 7031 8472 10011 6048 10492 6305 12559 6963 2542 3918 4743 8551 6856 7119 1531 4415 4164 10825 5152 8788 3062 9992 2712 6068 17458 3782 5031 13093 7754 4593 8294 9443 5401 2666 8664 5714 17692 8842 2599 3101 11362 8989 17709 17551 14924 13365 8184 4483

175305 136474 78453 73100 171987 74683 92515 36644 198000 139301 27445 23562 23034 89311 126332 141375 67935 11423 80376 182317 99603 144881 22846 118038 74042 56173 274079 32233 75211 159433 104768 53383 114834 79433 107218 81959 75663 36305 280374 79396 45918 72233 198000 150423 282712 269592 234531 216209 69254 97680

14104 10872 9452 10186 10309 8668 12441 7754 12529 10040 3542 5082 6005 10597 10274 10214 4313 5638 2061 14718 4237 12438 4123 12767 5635 7817 21789 5177 8073 16239 11122 6723 11726 11267 8646 5230 10401 7099 19186 10594 5350 2795 14964 12662 22071 18497 15556 17561 9863 7618

4719 4738 8597 11897 10320 7583 14113 10500 12031 6905 7254 7875 9152 10064 5467 6371 7005 8870 9277 3656 10130 6729 7312 10878 5869 8497 9506 7622 6695 13554 8172 7390 7707 13238 5406 7151 12428 9845 15675 11583 6547 8360 10130 5845 12180 16314 14559 5847 11614 5613

2204 1718 1581 1691 1302 1463 2030 1326 1635 1593 693 924 1063 1760 1628 1619 733 1008 555 2296 390 1953 780 2079 931 1335 3066 939 1298 2600 1756 1171 1846 1853 1384 871 1722 1227 2673 1752 889 505 2041 1987 3108 2532 2090 2723 1643 1229

33087 23443 23170 37575 50155 19559 48702 36072 57236 36022 26166 23493 30494 29263 14919 33813 25682 30655 35084 31815 38614 11166 22333 29102 20982 23524 56025 21214 17380 40178 17905 20255 15978 42538 17975 26288 39775 32512 74738 35911 21002 31291 49368 15978 67091 77038 67697 40884 36405 20830

29547 21819 12087 14277 30208 10393 19877 9670 34960 23989 3801 2252 5847 14071 19650 23844 11199 6260 13471 30993 16984 22873 0 19319 10703 8017 46945 2293 10145 26881 15889 6157 17728 16757 16158 13513 14856 7665 50147 14257 4959 11984 34713 24051 50189 48040 41634 36675 13492 14897

19258 15154 4883 8660 22473 5240 12851 10822 25140 18677 8930 6798 9435 4715 11943 18148 11947 9496 14265 19106 16203 11616 7106 3553 10898 5631 28226 6684 7117 7725 6509 5973 7911 10537 11924 12593 9496 9405 33421 7486 7881 13444 24198 13429 31946 32615 29081 22522 8227 12293

32600 22120 24063 31410 36263 20115 39682 24603 43406 26098 11050 13644 18976 29538 20197 24684 10012 17796 19495 34493 23056 27157 10541 33424 5270 20594 59259 12362 14845 44597 26668 15282 26495 35297 14936 10622 32488 21866 64743 31379 8099 15669 41636 27879 64804 63420 53958 43640 30250 11650

19133 14415 4124 7502 21736 4258 12148 8180 24693 17191 5611 2952 5851 5337 11613 17111 9697 5918 11525 19369 13673 12852 3268 8547 9073 1634 29479 2801 5623 13172 7620 3075 8745 9583 10952 10784 8420 6693 33190 6967 5560 10615 23935 14794 33148 32667 28750 23156 7022 11361

175156 190444 281463 355282 238383 258749 406770 325852 225170 205569 253234 264755 294457 314332 211356 210756 242970 289434 287742 170788 273327 239639 248102 332568 222222 279224 124051 257875 238875 392519 271962 254436 261534 380835 205405 233251 365874 308872 262243 348348 234998 267212 177231 219819 183947 276549 279934 151733 352989 210046

31417 23339 11056 15023 33379 9282 22113 11424 38298 25597 5582 2430 7436 13292 19279 25460 12766 7551 15708 32571 19387 22351 1601 18629 11698 6794 49650 800 9022 26549 15038 4846 16963 18384 18146 14626 16408 8878 52990 15002 5683 14150 36827 24738 53033 52629 45921 39055 14201 16091

22292 15532 8585 15815 27305 6079 22449 14122 31534 21286 7458 6609 10790 12212 11525 20448 11037 10887 16351 22629 18460 14092 5916 13959 8953 7422 37089 5247 2958 20575 9380 4675 9917 18779 10579 12122 17129 11995 44699 15038 5121 14086 30040 16086 42325 43386 37782 28046 15128 11164

35887 29205 12480 18630 41122 13061 25455 22151 45465 34940 19069 15598 19892 12207 23976 34080 23982 19991 27757 35640 30912 23444 16099 10314 22275 13699 50490 15413 16118 8049 15128 14256 17411 21687 23945 25034 19991 19843 58502 16718 17362 26420 43931 26395 56547 57636 51882 41202 17925 24545

12035 8916 3727 7937 15528 2988 11116 8229 17556 12413 5826 4628 6632 5471 6476 11884 7270 6678 9817 11792 10828 6101 4440 5425 6843 4123 18722 4120 3693 8596 2220 3580 3285 9358 7288 8021 8567 7210 23593 7374 4435 8731 16331 7478 21757 23235 20550 14388 7608 8162

16816 12300 4673 8907 19038 3674 13346 7880 21863 14695 4330 2861 5655 6838 9623 14610 7526 5719 9982 17041 12034 11338 2398 8891 6931 3300 26701 1952 3900 13310 6886 1199 7961 10895 8991 8573 9784 6460 29982 8388 3574 9112 21992 12670 30199 29780 26037 20660 8448 9382

33291 24043 13451 25678 45466 10386 35106 25927 51477 34720 17347 15249 21192 18623 16808 32845 22433 21329 29985 32571 32982 15695 14693 18486 19385 13751 53121 13742 10951 27888 8982 12141 7346 30148 19402 23889 27802 22904 67566 24266 14025 26766 46032 19779 62514 69570 61607 40269 24685 21808

946126 772783 372672 171891 941607 399465 229188 203364 1052973 801673 322800 261306 229995 336196 681269 810550 496143 258078 549405 987768 631719 728398 261790 467575 512606 298912 1361570 298428 451435 644793 516318 354111 575875 130895 640112 556184 145421 201588 1394657 221440 377998 514543 1052973 803126 1415639 1359472 1209370 1121245 178024 610899

11074 6516 9745 14620 17265 8055 18070 12049 20125 11582 7198 7592 9802 12191 5780 10692 6792 9607 10578 11927 12000 8559 6353 13369 4891 8961 21336 7495 5951 17830 10200 7109 9514 16229 3176 7028 15116 10875 27174 14096 5378 9051 16956 8848 24582 28075 24330 15579 14222 4326

15829 11730 12055 14909 14887 10463 18181 11400 18098 9950 5307 7379 8870 14516 10865 10202 3806 8340 7557 17293 9159 13994 5984 16447 4154 10495 26946 6793 8459 21470 13235 8116 13697 16483 8500 2992 15221 10444 27326 15353 4886 5837 17073 14319 27353 27097 22842 21406 14443 7022

260549 211357 97602 40426 259264 105128 73603 59561 291477 219479 83331 65940 56946 87232 185247 222003 132614 73007 147849 269818 171160 198738 65986 124584 137295 76540 378755 76494 119995 174969 138442 92233 155375 45566 173638 149685 32993 48961 388070 54606 99025 137846 290926 219984 394035 378067 335391 310337 42170 165240

137814 108160 60774 37261 137095 58008 63568 27330 156514 113056 30982 20497 15076 61549 97731 114578 60691 24757 69875 142959 83983 109515 20525 84066 63513 44425 209073 26860 58395 114439 80082 42378 87468 46721 85421 70981 39142 10262 214743 41936 40442 63900 156127 117123 218284 208713 182987 167828 34439 80359

45190 41683 54470 59493 29821 51403 65177 52117 27688 32544 40378 44494 47243 59211 47631 34351 38581 46820 37823 48504 35461 53659 42775 64357 39250 51465 40960 44335 48318 73399 57395 46882 55712 61907 44450 37012 59475 50292 21387 60630 40660 36889 30385 54285 34060 23696 24243 45428 59070 41092

22574 17974 7146 4104 23542 8089 8618 6428 26371 19848 7822 5211 5621 5744 15256 19762 12226 7047 13579 22804 15670 16305 5658 9081 11939 5543 32644 6154 9417 13583 10795 6937 12308 6121 14604 13612 4997 4907 35329 2829 8519 12693 26231 18261 35444 34157 30344 26490 3636 14436

80057 56481 38011 53182 85773 30699 70728 39587 100523 63100 15801 16494 27925 49316 49862 62659 25677 26917 44210 82915 51564 61965 10086 58183 22567 30846 133135 13847 23134 81255 43390 19877 47404 61209 39209 31140 55409 33472 142906 53119 5043 36309 95817 63289 143032 141855 122313 103360 50787 35364

58028 43758 39723 42962 45043 36260 52917 32225 54677 40086 13627 20427 24504 44777 41119 40854 14800 22884 13348 60736 18235 50669 16196 54356 20636 32504 91957 20846 31401 69686 44861 27673 47528 47737 33928 18849 43884 29335 84235 44763 19379 8098 61825 51661 93199 81191 68206 73289 41538 29391

11687 10319 16111 18256 9625 14832 20714 15620 8793 7559 11041 12598 13719 17960 12502 7885 9913 13320 12732 13667 11825 14853 11550 19329 10071 15090 13193 12158 13052 23103 16310 14031 15654 19439 11261 9301 18490 14901 14420 18590 10725 11440 5775 15097 13994 15320 12357 14935 17905 9951

19812 14312 16981 25818 30875 14743 32575 23312 35262 22118 16250 16268 19856 20756 9331 20750 16000 19556 21825 17087 24012 9543 14550 20656 13087 17100 32087 14856 12481 27518 13718 14262 12525 28893 11225 16375 27181 21506 46393 24875 13050 19475 30675 7275 38943 47856 42043 22706 25093 12993

107792 115691 168663 190737 120397 157010 210766 169251 113618 103562 131938 144628 153760 185526 134768 109304 122750 150511 145721 113954 138325 149278 136084 193650 124879 163256 89976 141042 142499 224408 164573 150483 160511 200373 123367 117764 192641 163396 108212 193454 129361 135188 93057 139110 68042 115551 117288 104178 187935 125748

50320 46673 57109 60151 29943 53921 66703 53124 27725 37172 40919 45381 48057 62039 52583 39050 40589 46994 38262 53765 35074 58814 42605 65905 40553 53307 45922 46572 49175 75966 59473 49220 61003 63303 49184 38958 60774 51227 25572 61352 42752 37291 34927 59519 38748 21302 24143 50567 59235 45803

13547 12443 15576 16502 7348 14610 18481 14368 6676 9565 10672 12024 12834 17069 14205 10134 10572 12512 9867 15145 8902 16103 11183 18240 10561 14424 14940 12384 13172 21287 16292 13186 16755 17451 13197 10078 16686 13794 8777 16860 11227 9573 9046 16305 12767 8172 5591 17640 16219 12151

1568 1572 2542 3371 2975 2287 3928 3020 3140 2117 2205 2361 2682 2911 1756 1983 2142 2611 2713 1300 2927 2073 2174 3115 1857 2517 2006 2297 2064 3788 2435 2239 2318 3664 1740 2179 3495 2856 3556 3292 2072 2483 2603 1850 2678 3717 4040 1087 3300 1792

101089 81178 34056 14036 101528 37057 34221 24448 114155 85625 31329 21905 20807 29883 69009 86632 50983 27212 57059 102699 66392 74352 23899 44780 51935 25656 147937 26114 42986 64873 50343 31915 56510 23076 66429 57791 18025 17622 155129 16909 36673 53106 114118 82825 155275 148907 131888 119151 11949 63080

7969 4856 7095 9693 10916 5941 11999 7886 12864 7029 4190 4847 6351 8766 4903 6421 3907 6030 6493 8552 7464 6801 4001 9570 2614 6560 14979 4498 4503 12617 7978 5294 7448 10753 3124 4073 9987 7090 17673 9684 3335 5450 10694 6998 17196 18323 15742 11047 9376 2000

5 35 22598
40 42 29073
24 35 29059
11 23 18141
30 33 10083
5 40 23618
13 49 21671
20 39 63510
17 49 10982
2 34 61927
19 28 24707
2 47 36947
10 14 37789
16 18 43387
19 44 33709
27 40 19948
26 33 11794
14 42 31949
16 45 11284
15 38 34405
30 34 33238
28 38 67884
2 29 18352
12 41 33513
5 12 33969
6 40 68352
23 48 20171
17 29 40520
0 12 67036
0 43 56217
8 15 26300
15 24 31776
43 47 27432
42 44 57502
33 49 52060
32 38 27515
27 35 11120
46 47 63731
24 28 33168
18 45 24245
12 42 67801
8 49 47875
0 24 63335
2 22 35589
21 31 33404
2 35 27043
20 42 45537
6 42 35198
15 18 48992
11 27 46821
13 22 11745
20 27 24372
2 42 56847
1 43 20098
14 43 60028
35 45 20816
3 15 30592
14 48 10199
8 46 63479
3 22 27627
17 42 56416
21 35 19779
7 17 61546
16 26 13847
12 15 67281
11 13 43605
40 41 43505
13 20 20543
16 22 49479
19 30 66673
29 46 34788
19 22 47279
3 8 56691
9 28 28122
20 48 12867
0 44 20094
25 28 57309
3 39 60547
8 37 57436
16 24 36300
39 42 49510
11 48 59181
33 45 62816
9 34 48499
15 30 21421
21 48 52843
26 27 11457
20 44 42013
18 44 53042
8 23 64937
1 21 11782
13 31 51600
3 7 14715
2 41 63328
15 28 55447
19 35 11995
22 41 49076
13 35 41095
25 40 22539
25 37 40697
7 44 37767
9 46 59470
3 19 17975
16 47 36600
36 39 17592
2 8 32985
9 45 58838
19 42 64901
23 33 35674
6 24 46273
34 43 43343
23 41 27326
3 36 47596
44 47 48301
7 13 65825
2 48 59018
6 47 43287
0 28 19425
0 25 31030
27 46 26328
12 45 14361
12 13 44956
24 48 20071
18 37 31219
9 17 38283
9 10 17660
0 46 33214
35 41 29501
19 24 48755
13 24 57896
38 49 60198
27 41 28665
16 34 59509
30 32 20315
20 25 55265
6 26 67101
33 48 55443
0 35 44102
41 48 14143
11 44 33259
2 31 32517
40 44 59629
18 19 50585
3 13 10113
6 23 50073
25 32 58553
11 35 59131
29 43 23359
26 38 67978
20 40 32303
29 32 51830
21 40 12338
24 46 67259
29 33 61901
18 28 33557
22 39 47685
15 48 69562
2 24 68914
7 21 67186
14 21 60459
20 22 68953
3 35 69527
26 45 19123
18 48 58461
11 36 31984
10 48 64389
9 25 67704
24 34 17427
21 28 50633
43 46 23989
15 49 52829
3 23 13150
36 38 25760
38 40 33414
20 33 13263
13 48 65833
23 47 21966
29 39 14536
4 23 31334
4 12 19943
16 30 36839
0 31 13164
23 24 34424
9 33 34098
19 43 17207
1 33 10123
7 26 23925
16 19 28911
17 21 21179
2 17 21110
8 34 19370
8 47 20131
33 41 32779
28 34 28493
17 33 20734
26 32 54764
14 19 22881
0 19 18437
21 41 14333
6 33 15657
24 25 44569
9 36 57162
7 8 18807
29 34 60330
32 36 32718
23 37 34213
19 21 68305
29 45 44684
19 31 38749
23 45 41782
12 19 66770
20 36 17730
7 29 44946
23 32 43336
11 16 53971
8 39 64296
18 47 43459
9 23 67896
1 32 23207
26 30 66782
14 38 31149
35 49 44720
3 37 16912
32 42 53928
24 45 63213
2 26 27647
29 37 50834
30 41 28237
23 28 48227
25 41 67310
0 32 33894
11 17 34939
0 18 66615
1 48 54844
15 42 37411
5 20 29332
11 22 19056
0 10 35715
17 35 16159
33 42 59948
17 36 67497
2 30 25071
2 44 67678
21 32 54585
26 40 58408
23 29 51649
6 19 61024
5 21 44009
9 43 49544
10 25 14230
44 45 40790
24 37 22835
10 37 61093
16 28 59846
11 37 66764
31 39 66448
42 43 29635
24 47 59740
4 26 24684
19 23 20004
15 27 57050
13 42 60721
0 36 44943
17 18 53664
1 25 57707
6 13 12353
8 11 25138
10 23 66763
6 10 50212
25 26 31297
17 41 68853
1 40 59851
9 47 46369
7 12 66531
17 22 44436
1 27 46919
16 27 48179
5 47 35459
30 45 33070
18 23 39865
7 9 51832
38 41 16003
1 29 52701
26 39 55067
11 42 65849
11 34 61607
16 49 51514
1 30 37626
8 30 63489
3 17 18341
36 37 47630
3 48 62681
22 44 69062
12 22 22573
25 27 58487
15 46 68912
43 49 37069
29 49 13625
20 34 17816
7 42 17280
10 19 47065
27 37 16669
19 27 67132
12 17 35576
5 19 13199
5 17 53710
4 40 12494
26 42 63521
37 39 19168
15 23 47708
12 25 45528
22 38 13142
28 31 53711
28 29 40371
41 47 58209
6 12 61702
24 30 44120
10 41 51865
14 18 29327
24 27 37609
39 41 60206
28 45 66957
19 40 42432
24 42 59268
2 43 31672
3 41 30919
2 19 10321
26 49 58742
31 36 46687
10 34 18137
1 42 66022
17 30 23751
11 28 24806
17 27 63153
10 30 49328
27 30 40148
22 32 59005
22 40 63965
45 47 33668
15 22 20315
0 29 41672
3 42 21339
7 19 23457
20 21 37525
16 17 63853
23 49 23808
35 48 29226
27 33 37973
0 3 65674
41 49 48553
6 29 17724
26 46 68022
15 17 45510
41 43 50156
19 25 69432
6 11 67182
34 45 23217
0 16 69753
11 19 55923
2 27 59904
31 44 17890
4 9 64088
12 43 25798
28 33 32696
12 49 69383
5 13 17268
20 43 62845
23 39 58388
30 31 23375
16 21 38655
26 41 68703
0 9 67191
8 12 62137
2 28 34303
2 37 34715
10 28 55990
6 22 60254
37 46 53942
13 36 23962
22 43 68070
18 38 44637
30 43 43829
33 35 66092
9 22 20146
31 34 23984
41 44 65523
4 49 29471
1 13 37202
0 7 65276
26 47 27536
7 33 39248
18 24 13165
18 42 33766
9 26 67189
1 36 48004
12 32 33149
9 24 26599
8 13 52991
32 35 21536
21 27 39975
16 25 21646
2 12 32381
6 7 37165
11 43 25925
27 49 68827
10 46 14022
7 45 11914
30 48 59081
4 14 57964
24 26 38019
15 29 57150
8 18 32601
36 42 11847
5 23 65384
13 14 54890
39 43 37975
19 26 60907
28 39 26503
32 47 65177
23 46 56182
13 37 44040
22 30 46567
14 40 11489
9 27 67806
28 30 55899
35 37 49493
41 42 43097
7 15 12497
17 20 32484
3 27 66776
1 22 42472
2 6 56273
31 33 29157
21 24 21779
38 42 24340
9 48 40126
10 13 25802
8 27 26255
22 36 29206
2 39 25908
23 42 66417
0 1 28499
1 23 60652
22 34 68265
13 28 23882
5 18 45542
17 46 36239
20 46 26931
3 29 62045
6 17 43558
28 46 25255
29 38 48227
46 49 32267
13 30 26744
11 26 58176
14 45 18165
31 49 18380
5 31 31272
1 12 20663
1 41 53007
8 14 28048
19 45 65278
3 31 51422
37 45 59348
32 44 17057
15 36 65762
14 41 29473
20 23 32859
23 35 34159
24 43 60823
39 45 60910
2 11 30576
4 47 19321
11 33 51562
13 26 40983
2 10 45346
4 7 27103
25 46 67222
22 45 14420
12 24 31290
8 41 52922
2 9 29675
23 34 21660
18 32 27331
6 37 58563
19 36 69836
42 48 35497
5 16 66943
2 21 43250
8 16 46160
12 40 62092
21 22 61298
5 28 41437
1 7 43513
16 29 62788
1 38 60637
39 44 39274
37 49 22261
36 46 35638
24 33 15576
14 39 25226
7 46 26548
16 41 36152
5 26 46690
7 31 68110
23 25 67135
21 37 22035
21 25 37355
6 15 16498
39 48 38598
9 40 10787
6 39 11562
26 35 58274
12 47 22447
17 19 28893
28 35 46836
13 47 34425
7 10 54390
19 38 55921
34 38 67676
18 36 42692
7 22 60155
13 17 11115
31 43 26272
1 26 33667
47 48 63904
26 36 16908
5 38 15083
11 41 28307
20 31 42547
25 49 20659
7 14 43533
5 14 59095
35 39 46811
34 46 20222
14 29 69347
17 38 56088
6 41 44400
29 47 36701
21 44 14728
23 40 12998
0 8 49631
32 34 16290
4 46 13414
16 42 62079
9 14 35184
5 46 62393
18 30 38646
3 43 31716
10 22 60456
36 47 36321
7 43 64409
40 45 50610
38 39 49580
10 24 20680
12 28 14276
26 29 55626
11 45 39731
19 32 31502
19 49 13932
3 10 12277
1 44 54305
36 44 59608
14 31 13514
5 44 43258
25 47 21972
34 44 12860
22 35 29346
15 26 68515
11 18 51704
1 9 34074
12 29 23655
11 25 31335
8 45 52508
23 26 27069
5 42 35556
25 31 17691
16 37 19461
28 49 16344
27 31 39407
12 31 22059
2 32 42666
12 48 45958
34 36 62669
19 33 34388
24 44 68781
5 48 19087
17 32 20013
28 42 38512
6 14 40590
1 6 23945
13 25 52932
3 44 24894
12 44 25695
1 39 56447
11 38 58152
28 43 37667
18 22 11449
11 31 29640
33 43 36181
28 40 65297
5 30 65858
27 43 49837
26 31 38774
1 24 48365
1 49 19048
4 24 16472
30 47 56056
3 28 40653
12 27 22816
6 34 37605
9 32 52712
3 14 67625
4 28 25706
15 31 45381
14 20 32012
15 40 24486
4 6 66611
41 46 42025
42 49 65141
9 35 37200
25 38 68113
4 36 48073
10 18 64237
32 37 23807
39 47 46662
34 35 64532
7 11 63617
38 44 60254
39 40 24171
2 25 41941
6 49 67693
35 43 32171
27 39 33920
29 36 36466
9 42 10535
4 38 42968
9 12 55081
8 20 56591
40 46 25763
18 33 67898
8 28 36339
5 25 68476
3 26 17664
22 46 52045
7 18 55999
0 33 39677
35 47 18673
20 29 52609
14 30 23844
16 40 13814
24 41 31952
25 39 21957
17 40 64030
7 32 38331
18 29 47907
15 34 52834
17 24 32862
9 16 53667
0 41 43087
0 21 59177
3 21 25607
13 16 40780
35 36 21347
4 15 61670
6 28 19388
36 49 21883
11 39 34637
17 23 64470
7 20 20616
15 47 50401
4 10 14509
23 36 59098
2 5 61019
39 49 22173
19 41 53285
19 34 47017
28 37 51850
13 19 61959
4 41 41768
7 40 17837
6 36 17915
44 46 63720
0 14 41937
21 23 24087
3 25 32051
29 42 19843
33 39 66921
32 39 67056
32 40 15652
24 49 40007
12 36 56232
22 49 43402
25 30 22929
3 38 19722
14 49 35071
15 19 44461
1 35 43748
1 16 59709
25 29 38930
11 32 66507
5 29 52252
3 20 43439
0 13 55605
4 8 55413
1 37 67755
24 29 38889
17 34 44572
1 20 61748
9 44 42990
33 36 16339
5 33 69585
40 43 63048
30 35 10059
13 15 41521
13 23 17134
10 27 44253
5 34 63507
27 28 14054
5 39 41308
16 38 69160
35 42 56205
7 24 39683
10 42 42561
5 15 21276
1 14 49405
14 16 67633
6 9 55737
18 39 35295
26 34 69484
5 36 24666
28 36 31801
13 34 63878
0 4 10247
31 46 17405
0 49 49290
9 18 20145
23 31 58438
25 43 23861
4 32 11892
17 47 31427
6 38 42343
3 40 11476
14 27 24475
13 27 42402
13 39 42997
17 28 43752
37 48 16654
12 18 48646
38 45 47807
1 34 60106
14 37 47805
36 43 46154
6 46 29788
1 8 32509
22 47 57430
12 14 21335
37 40 30141
20 30 43167
14 32 46630
1 19 41767
24 32 69976
1 28 68431
16 39 35644
4 30 22366
26 44 27979
21 30 27076
18 35 32511
42 46 16416
15 44 53080
17 25 34403
21 36 49986
4 22 25422
7 27 48022
11 14 16603
3 16 69968
27 44 33161
27 29 50356
38 46 28764
15 16 11806
3 9 28162
27 34 18869
2 4 49612
30 38 64316
2 20 50800
12 20 24263
1 4 63888
3 11 62135
23 38 44404
10 44 49197
0 34 50907
0 38 28313
31 47 49173
16 32 61481
24 38 66100
4 27 13681
14 22 19459
7 23 23175
6 25 36192
44 49 38018
9 15 18397
10 16 12737
25 35 18003
9 19 45962
47 49 50759
10 45 24607
3 5 45929
16 20 13919
22 23 17105
23 30 16836
22 24 15725
29 48 35267
14 33 37848
4 21 67480
2 3 41725
9 29 18648
17 31 21742
34 49 47755
13 41 22925
21 42 68289
4 17 26952
14 36 63833
7 41 26601
28 44 18267
14 17 67456
4 37 22700
15 32 21948
17 43 16914
25 33 48018
25 48 48140
16 46 44932
10 39 68558
21 33 50877
37 42 65078
6 35 44520
0 27 31635
23 44 31827
8 35 32591
13 38 47697
0 39 38932
11 24 39427
18 21 53422
10 47 16341
8 25 19418
8 17 63045
20 49 60209
39 46 28066
11 46 14786
42 45 37964
12 37 53134
21 38 13075
12 21 67059
22 27 59109
37 43 41819
10 31 15325
29 30 56564
27 38 54520
13 45 27273
19 47 63478
8 48 44680
20 32 17555
20 41 50552
10 20 43238
28 32 58432
1 46 57773
12 26 29900
8 22 32209
18 20 31742
27 32 52491
7 38 69906
0 20 60675
9 37 34061
12 33 65470
10 17 19158
6 16 43479
14 24 58514
23 27 21510
5 37 13687
2 13 63301
18 25 61617
27 45 56821
20 45 18518
17 26 58675
20 28 45930
7 16 50337
4 48 64000
14 28 32493
10 32 46999
25 34 33415
33 44 38114
31 45 21679
43 48 40970
6 20 30808
30 40 67060
10 35 41544
2 14 30723
4 29 26959
1 3 63753
7 47 52466
8 19 21592
1 5 15800
3 49 43140
4 18 45653
9 30 23412
12 23 64441
6 44 19131
18 46 11926
8 31 15950
16 43 34961
37 47 17369
8 43 67567
3 46 21782
14 34 38030
32 46 56241
31 41 69855
8 42 18366
16 35 62383
7 28 44490
10 21 67509
16 23 37940
38 48 12603
11 20 19187
33 34 68910
25 36 45555
3 18 28389
11 49 52596
29 44 66278
4 16 45348
30 49 58491
45 46 48743
7 37 56940
15 41 64291
40 47 34025
2 23 44736
18 31 29846
1 45 28466
15 37 66010
21 46 31772
18 49 34416
0 11 30971
13 43 51284
4 33 44126
13 33 42753
0 17 19313
2 38 42509
40 48 54750
15 25 39822
9 38 34892
0 40 29239
0 37 37330
7 25 14974
6 48 43986
15 45 58660
35 44 13884
19 37 19540
10 11 29191
27 48 56480
21 47 27960
0 5 64539
21 29 57114
3 30 18846
4 19 63622
18 34 51404
22 25 42871
10 33 38357
8 9 23392
35 40 13479
36 40 34366
2 40 45164
0 30 50039
22 29 55337
27 36 38590
30 37 24164
31 42 40232
22 37 60046
6 21 56673
9 49 24981
7 34 29868
2 15 33707
20 37 56364
