50 50 835
25000 25000 25000 25000 25000 25000 25000 25000 25000 25000 25000 25000 25000 25000 25000 25000 25000 25000 25000 25000 25000 25000 0 25000 25000 25000 25000 25000 25000 25000 25000 25000 25000 25000 25000 25000 25000 25000 25000 25000 25000 25000 25000 25000 25000 25000 25000 25000 25000 25000
2609 3292 6739 8933 6803 5984 10355 7650 8084 4246 5219 5776 6641 7816 4374 3847 5033 6429 6719 3660 7358 5396 5219 8345 4182 6387 7391 5542 5038 10349 6400 5558 6051 9568 3792 4898 9064 7159 11178 8697 4781 6033 6661 5299 8845 11656 9977 5301 8663 3947

2368 1148 3204 4509 4028 2752 5457 3845 4791 2504 2396 2628 3220 3859 1838 2266 2285 3117 3299 2596 3680 2582 2296 4205 1779 2994 5115 2491 2189 5399 3046 2499 2838 4940 1446 2351 4642 3507 6634 4369 2035 2890 3943 2607 5984 6919 5919 3574 4385 1538

38119 28711 4914 17161 44553 7030 26409 19622 50450 35490 13876 9147 14977 9987 21848 35330 20546 15111 25670 37312 29954 23679 9828 13734 19303 6568 57472 8895 11180 22957 12390 7341 15489 21294 21806 22713 18992 16657 67393 15523 12297 23856 48568 27686 66066 66973 59161 44864 16203 22621

94158 75406 32372 11548 94124 35112 29982 21024 105322 79267 29681 21275 20071 28595 64292 80186 47630 25921 53179 95094 61702 69206 23096 42165 48700 24701 135170 25118 40527 60515 47246 30416 52911 19804 61669 53847 15191 17163 141838 16712 34762 49569 105288 76944 142841 137025 121516 110118 12183 58878

1432 1277 1715 1883 566 1580 2152 1577 838 876 1061 1250 1363 1923 1524 955 1016 1318 949 1655 814 1789 1133 2087 1015 1583 2005 1269 1379 2512 1815 1381 1823 2008 1383 947 1901 1497 1685 1925 1108 908 1169 1798 2040 1600 1240 2003 1836 1237

29389 21549 6421 15994 35203 3514 23701 16197 40108 27663 10383 7483 12332 10627 15840 27251 15232 12444 20193 28704 23757 17769 7029 12654 13919 6260 45474 6253 6966 20326 9090 4947 10956 19446 15805 17035 17517 13730 54202 15093 8371 18684 38375 21102 52622 53852 47354 34986 15197 16483

181956 151443 81972 45118 179349 86890 28499 43134 199791 153664 65767 58805 48555 75277 138615 155294 97584 53176 107361 187467 122469 147325 56998 99391 102384 68433 259515 65619 96429 131920 108338 78565 118381 37594 126439 108605 40319 50569 262507 54213 78328 100962 199791 160389 266358 256048 228497 214099 46244 120958

70158 56137 33391 20160 68960 32030 26544 6370 78353 57158 16770 13571 8861 34044 51550 57907 31390 10985 35882 72690 42824 57376 12741 45125 33595 25346 105796 16702 32220 60071 42892 24339 46527 21820 44649 36454 21085 12128 107171 24366 22542 32942 78353 60248 108940 104203 91544 84928 20704 42130

1719 1555 2020 2186 797 1877 2480 1869 697 1127 1324 1525 1646 2242 1817 1211 1359 1593 1205 1956 1061 2099 1395 2416 1275 1880 1940 1538 1663 2869 2127 1665 2135 2327 1668 1203 2218 1789 1599 2239 1374 1156 1050 2109 1977 1509 1125 2149 2144 1511

1038 879 1459 1709 1024 1320 1995 1402 1305 464 869 1050 1181 1674 1133 546 738 1134 1066 1268 1206 1406 928 1875 768 1323 1950 999 1145 2314 1562 1115 1500 1846 988 667 1736 1318 1983 1748 832 916 1087 1416 1986 2088 1720 1628 1668 837

282030 211282 141015 156813 275986 123980 205925 104130 324205 216434 12638 46089 66146 165880 198300 220212 86408 58178 109075 294806 144106 241573 25277 212999 97536 105504 461992 48149 106122 288418 178793 81738 185456 180442 162789 111960 161484 89774 468792 165811 55499 94239 323380 245901 477721 453818 389938 356556 149807 140603

50691 38013 17684 20961 51754 16554 32069 15322 59686 41572 8429 1231 9073 20938 32781 41335 20566 9254 24295 52228 30058 37595 2463 29549 19775 11074 79235 3830 16712 41956 25571 10170 28589 26227 28724 24385 23131 11333 83247 20927 10350 21854 59166 41335 84557 81009 70500 62387 19673 26656

87703 68425 38207 29484 86090 36375 42477 15319 98955 70203 15832 11526 5185 43485 62653 71210 35513 11563 41561 91111 50906 70496 10371 57448 38482 27377 135275 15741 36631 77569 50998 26021 55891 35788 53362 42330 30731 11599 137529 32581 23565 37602 98735 74362 139911 133534 116492 107586 27615 49972

8994 7014 1953 3076 10270 2400 5044 4089 11525 8342 3428 2289 3530 1217 5553 8308 5162 3558 5938 8844 6878 5947 2434 2672 4897 1741 13134 2275 3283 4634 3544 2352 4204 3955 5544 5623 3465 3423 15131 2520 3406 5551 11125 6799 14963 15041 13379 10451 2868 5718

22109 13806 17181 27575 34163 13983 36054 25399 39559 23393 16297 15828 21148 21809 7310 21709 15513 20779 22678 21463 25368 12569 14621 24038 11931 16866 39913 14091 11169 32479 15843 13360 14375 31372 9640 15974 29250 22701 52897 26598 12776 19787 33563 13114 48346 54681 47531 28374 26698 11815

16807 14001 25640 30561 19556 22905 35602 25154 24505 9679 15763 18421 21255 29433 18478 8135 13451 20437 19232 20868 21699 23300 16271 32126 12619 23236 35094 17533 19253 39867 26303 19556 24957 32986 15933 12196 31041 23680 36455 30709 14579 16581 19881 23476 36497 38302 31816 27205 29842 13261

10299 7390 7031 8472 10011 6048 10492 6305 12559 6963 2542 3918 4743 8551 6856 7119 1531 4415 4164 10825 5152 8788 3062 9992 2712 6068 17458 3782 5031 13093 7754 4593 8294 9443 5401 2666 8664 5714 17692 8842 2599 3101 11362 8989 17709 17551 14924 13365 8184 4483

175305 136474 78453 73100 171987 74683 92515 36644 198000 139301 27445 23562 23034 89311 126332 141375 67935 11423 80376 182317 99603 144881 22846 118038 74042 56173 274079 32233 75211 159433 104768 53383 114834 79433 107218 81959 75663 36305 280374 79396 45918 72233 198000 150423 282712 269592 234531 216209 69254 97680

14104 10872 9452 10186 10309 8668 12441 7754 12529 10040 3542 5082 6005 10597 10274 10214 4313 5638 2061 14718 4237 12438 4123 12767 5635 7817 21789 5177 8073 16239 11122 6723 11726 11267 8646 5230 10401 7099 19186 10594 5350 2795 14964 12662 22071 18497 15556 17561 9863 7618

4719 4738 8597 11897 10320 7583 14113 10500 12031 6905 7254 7875 9152 10064 5467 6371 7005 8870 9277 3656 10130 6729 7312 10878 5869 8497 9506 7622 6695 13554 8172 7390 7707 13238 5406 7151 12428 9845 15675 11583 6547 8360 10130 5845 12180 16314 14559 5847 11614 5613

2204 1718 1581 1691 1302 1463 2030 1326 1635 1593 693 924 1063 1760 1628 1619 733 1008 555 2296 390 1953 780 2079 931 1335 3066 939 1298 2600 1756 1171 1846 1853 1384 871 1722 1227 2673 1752 889 505 2041 1987 3108 2532 2090 2723 1643 1229

33087 23443 23170 37575 50155 19559 48702 36072 57236 36022 26166 23493 30494 29263 14919 33813 25682 30655 35084 31815 38614 11166 22333 29102 20982 23524 56025 21214 17380 40178 17905 20255 15978 42538 17975 26288 39775 32512 74738 35911 21002 31291 49368 15978 67091 77038 67697 40884 36405 20830

29547 21819 12087 14277 30208 10393 19877 9670 34960 23989 3801 2252 5847 14071 19650 23844 11199 6260 13471 30993 16984 22873 0 19319 10703 8017 46945 2293 10145 26881 15889 6157 17728 16757 16158 13513 14856 7665 50147 14257 4959 11984 34713 24051 50189 48040 41634 36675 13492 14897

19258 15154 4883 8660 22473 5240 12851 10822 25140 18677 8930 6798 9435 4715 11943 18148 11947 9496 14265 19106 16203 11616 7106 3553 10898 5631 28226 6684 7117 7725 6509 5973 7911 10537 11924 12593 9496 9405 33421 7486 7881 13444 24198 13429 31946 32615 29081 22522 8227 12293

32600 22120 24063 31410 36263 20115 39682 24603 43406 26098 11050 13644 18976 29538 20197 24684 10012 17796 19495 34493 23056 27157 10541 33424 5270 20594 59259 12362 14845 44597 26668 15282 26495 35297 14936 10622 32488 21866 64743 31379 8099 15669 41636 27879 64804 63420 53958 43640 30250 11650

19133 14415 4124 7502 21736 4258 12148 8180 24693 17191 5611 2952 5851 5337 11613 17111 9697 5918 11525 19369 13673 12852 3268 8547 9073 1634 29479 2801 5623 13172 7620 3075 8745 9583 10952 10784 8420 6693 33190 6967 5560 10615 23935 14794 33148 32667 28750 23156 7022 11361

175156 190444 281463 355282 238383 258749 406770 325852 225170 205569 253234 264755 294457 314332 211356 210756 242970 289434 287742 170788 273327 239639 248102 332568 222222 279224 124051 257875 238875 392519 271962 254436 261534 380835 205405 233251 365874 308872 262243 348348 234998 267212 177231 219819 183947 276549 279934 151733 352989 210046

31417 23339 11056 15023 33379 9282 22113 11424 38298 25597 5582 2430 7436 13292 19279 25460 12766 7551 15708 32571 19387 22351 1601 18629 11698 6794 49650 800 9022 26549 15038 4846 16963 18384 18146 14626 16408 8878 52990 15002 5683 14150 36827 24738 53033 52629 45921 39055 14201 16091

22292 15532 8585 15815 27305 6079 22449 14122 31534 21286 7458 6609 10790 12212 11525 20448 11037 10887 16351 22629 18460 14092 5916 13959 8953 7422 37089 5247 2958 20575 9380 4675 9917 18779 10579 12122 17129 11995 44699 15038 5121 14086 30040 16086 42325 43386 37782 28046 15128 11164

35887 29205 12480 18630 41122 13061 25455 22151 45465 34940 19069 15598 19892 12207 23976 34080 23982 19991 27757 35640 30912 23444 16099 10314 22275 13699 50490 15413 16118 8049 15128 14256 17411 21687 23945 25034 19991 19843 58502 16718 17362 26420 43931 26395 56547 57636 51882 41202 17925 24545

12035 8916 3727 7937 15528 2988 11116 8229 17556 12413 5826 4628 6632 5471 6476 11884 7270 6678 9817 11792 10828 6101 4440 5425 6843 4123 18722 4120 3693 8596 2220 3580 3285 9358 7288 8021 8567 7210 23593 7374 4435 8731 16331 7478 21757 23235 20550 14388 7608 8162

16816 12300 4673 8907 19038 3674 13346 7880 21863 14695 4330 2861 5655 6838 9623 14610 7526 5719 9982 17041 12034 11338 2398 8891 6931 3300 26701 1952 3900 13310 6886 1199 7961 10895 8991 8573 9784 6460 29982 8388 3574 9112 21992 12670 30199 29780 26037 20660 8448 9382

33291 24043 13451 25678 45466 10386 35106 25927 51477 34720 17347 15249 21192 18623 16808 32845 22433 21329 29985 32571 32982 15695 14693 18486 19385 13751 53121 13742 10951 27888 8982 12141 7346 30148 19402 23889 27802 22904 67566 24266 14025 26766 46032 19779 62514 69570 61607 40269 24685 21808

946126 772783 372672 171891 941607 399465 229188 203364 1052973 801673 322800 261306 229995 336196 681269 810550 496143 258078 549405 987768 631719 728398 261790 467575 512606 298912 1361570 298428 451435 644793 516318 354111 575875 130895 640112 556184 145421 201588 1394657 221440 377998 514543 1052973 803126 1415639 1359472 1209370 1121245 178024 610899

11074 6516 9745 14620 17265 8055 18070 12049 20125 11582 7198 7592 9802 12191 5780 10692 6792 9607 10578 11927 12000 8559 6353 13369 4891 8961 21336 7495 5951 17830 10200 7109 9514 16229 3176 7028 15116 10875 27174 14096 5378 9051 16956 8848 24582 28075 24330 15579 14222 4326

15829 11730 12055 14909 14887 10463 18181 11400 18098 9950 5307 7379 8870 14516 10865 10202 3806 8340 7557 17293 9159 13994 5984 16447 4154 10495 26946 6793 8459 21470 13235 8116 13697 16483 8500 2992 15221 10444 27326 15353 4886 5837 17073 14319 27353 27097 22842 21406 14443 7022

260549 211357 97602 40426 259264 105128 73603 59561 291477 219479 83331 65940 56946 87232 185247 222003 132614 73007 147849 269818 171160 198738 65986 124584 137295 76540 378755 76494 119995 174969 138442 92233 155375 45566 173638 149685 32993 48961 388070 54606 99025 137846 290926 219984 394035 378067 335391 310337 42170 165240

137814 108160 60774 37261 137095 58008 63568 27330 156514 113056 30982 20497 15076 61549 97731 114578 60691 24757 69875 142959 83983 109515 20525 84066 63513 44425 209073 26860 58395 114439 80082 42378 87468 46721 85421 70981 39142 10262 214743 41936 40442 63900 156127 117123 218284 208713 182987 167828 34439 80359

45190 41683 54470 59493 29821 51403 65177 52117 27688 32544 40378 44494 47243 59211 47631 34351 38581 46820 37823 48504 35461 53659 42775 64357 39250 51465 40960 44335 48318 73399 57395 46882 55712 61907 44450 37012 59475 50292 21387 60630 40660 36889 30385 54285 34060 23696 24243 45428 59070 41092

22574 17974 7146 4104 23542 8089 8618 6428 26371 19848 7822 5211 5621 5744 15256 19762 12226 7047 13579 22804 15670 16305 5658 9081 11939 5543 32644 6154 9417 13583 10795 6937 12308 6121 14604 13612 4997 4907 35329 2829 8519 12693 26231 18261 35444 34157 30344 26490 3636 14436

80057 56481 38011 53182 85773 30699 70728 39587 100523 63100 15801 16494 27925 49316 49862 62659 25677 26917 44210 82915 51564 61965 10086 58183 22567 30846 133135 13847 23134 81255 43390 19877 47404 61209 39209 31140 55409 33472 142906 53119 5043 36309 95817 63289 143032 141855 122313 103360 50787 35364

58028 43758 39723 42962 45043 36260 52917 32225 54677 40086 13627 20427 24504 44777 41119 40854 14800 22884 13348 60736 18235 50669 16196 54356 20636 32504 91957 20846 31401 69686 44861 27673 47528 47737 33928 18849 43884 29335 84235 44763 19379 8098 61825 51661 93199 81191 68206 73289 41538 29391

11687 10319 16111 18256 9625 14832 20714 15620 8793 7559 11041 12598 13719 17960 12502 7885 9913 13320 12732 13667 11825 14853 11550 19329 10071 15090 13193 12158 13052 23103 16310 14031 15654 19439 11261 9301 18490 14901 14420 18590 10725 11440 5775 15097 13994 15320 12357 14935 17905 9951

19812 14312 16981 25818 30875 14743 32575 23312 35262 22118 16250 16268 19856 20756 9331 20750 16000 19556 21825 17087 24012 9543 14550 20656 13087 17100 32087 14856 12481 27518 13718 14262 12525 28893 11225 16375 27181 21506 46393 24875 13050 19475 30675 7275 38943 47856 42043 22706 25093 12993

107792 115691 168663 190737 120397 157010 210766 169251 113618 103562 131938 144628 153760 185526 134768 109304 122750 150511 145721 113954 138325 149278 136084 193650 124879 163256 89976 141042 142499 224408 164573 150483 160511 200373 123367 117764 192641 163396 108212 193454 129361 135188 93057 139110 68042 115551 117288 104178 187935 125748

50320 46673 57109 60151 29943 53921 66703 53124 27725 37172 40919 45381 48057 62039 52583 39050 40589 46994 38262 53765 35074 58814 42605 65905 40553 53307 45922 46572 49175 75966 59473 49220 61003 63303 49184 38958 60774 51227 25572 61352 42752 37291 34927 59519 38748 21302 24143 50567 59235 45803

13547 12443 15576 16502 7348 14610 18481 14368 6676 9565 10672 12024 12834 17069 14205 10134 10572 12512 9867 15145 8902 16103 11183 18240 10561 14424 14940 12384 13172 21287 16292 13186 16755 17451 13197 10078 16686 13794 8777 16860 11227 9573 9046 16305 12767 8172 5591 17640 16219 12151

1568 1572 2542 3371 2975 2287 3928 3020 3140 2117 2205 2361 2682 2911 1756 1983 2142 2611 2713 1300 2927 2073 2174 3115 1857 2517 2006 2297 2064 3788 2435 2239 2318 3664 1740 2179 3495 2856 3556 3292 2072 2483 2603 1850 2678 3717 4040 1087 3300 1792

101089 81178 34056 14036 101528 37057 34221 24448 114155 85625 31329 21905 20807 29883 69009 86632 50983 27212 57059 102699 66392 74352 23899 44780 51935 25656 147937 26114 42986 64873 50343 31915 56510 23076 66429 57791 18025 17622 155129 16909 36673 53106 114118 82825 155275 148907 131888 119151 11949 63080

7969 4856 7095 9693 10916 5941 11999 7886 12864 7029 4190 4847 6351 8766 4903 6421 3907 6030 6493 8552 7464 6801 4001 9570 2614 6560 14979 4498 4503 12617 7978 5294 7448 10753 3124 4073 9987 7090 17673 9684 3335 5450 10694 6998 17196 18323 15742 11047 9376 2000

0 1 17299
0 2 55871
0 3 14443
0 5 61600
0 6 21315
0 7 25331
0 10 22178
0 13 30504
0 14 35788
0 15 42749
0 16 22961
0 18 43230
0 19 52934
0 24 37744
0 28 14829
0 29 45498
0 32 17145
0 33 18413
0 34 16186
0 36 48935
0 37 17466
0 38 52695
0 39 17893
0 42 40787
0 44 44883
0 46 41133
0 47 34307
0 48 13561
0 49 50366
1 2 32851
1 5 66126
1 7 45062
1 8 51527
1 9 14041
1 10 33987
1 11 42506
1 12 46810
1 13 28963
1 15 48440
1 18 11892
1 19 28453
1 23 27009
1 26 64921
1 28 22800
1 29 15305
1 32 30234
1 34 31230
1 35 22535
1 36 67625
1 37 33819
1 38 43605
1 39 41530
1 40 51888
1 41 34414
1 43 39091
1 44 27673
1 45 39136
1 47 20793
1 49 68472
2 3 60113
2 5 55650
2 6 36334
2 8 36505
2 9 63520
2 10 37883
2 11 31980
2 12 56501
2 13 26174
2 14 35102
2 15 47126
2 17 40845
2 21 36365
2 22 12818
2 23 42853
2 24 15069
2 25 44581
2 28 21667
2 29 23837
2 30 56492
2 31 17230
2 32 38635
2 33 59217
2 34 49275
2 35 22959
2 36 27819
2 37 10514
2 38 67250
2 39 32920
2 40 40703
2 41 45288
2 42 45916
2 44 57583
2 46 67583
2 47 46618
3 5 54623
3 8 46677
3 10 56725
3 11 15573
3 13 38493
3 14 47037
3 15 48424
3 16 42399
3 18 66334
3 20 63917
3 21 14958
3 22 17884
3 23 34932
3 25 40408
3 27 66543
3 28 20037
3 29 56685
3 30 39527
3 31 19852
3 32 58012
3 33 11591
3 35 40004
3 36 69617
3 37 57015
3 38 49655
3 39 66332
3 43 27438
3 45 60334
3 46 56201
3 47 59065
3 48 29406
3 49 12770
4 6 61047
4 7 35371
4 8 56621
4 9 64191
4 10 15484
4 11 47325
4 13 13543
4 14 14164
4 15 54755
4 17 45089
4 18 48761
4 19 26877
4 23 33048
4 24 11848
4 25 37802
4 26 36287
4 27 36966
4 28 38108
4 30 42042
4 31 14826
4 32 39093
4 35 36486
4 36 32337
4 37 30523
4 39 51249
4 41 50649
4 42 48632
4 43 29624
4 44 32955
4 45 24724
4 46 56708
4 47 58195
4 48 35611
4 49 40813
5 7 61279
5 8 39785
5 9 57920
5 10 53709
5 11 47366
5 12 26525
5 14 54699
5 15 48627
5 18 69275
5 19 58495
5 21 23042
5 22 31558
5 23 58251
5 26 28197
5 28 52469
5 29 56427
5 30 63305
5 31 48833
5 32 16049
5 33 10236
5 35 50776
5 36 13483
5 38 35818
5 39 10500
5 40 16249
5 41 17860
5 44 63413
5 48 22887
5 49 28780
6 8 12587
6 9 10556
6 10 50407
6 12 13019
6 13 42343
6 14 20417
6 15 37330
6 16 33283
6 18 68499
6 21 47467
6 22 50500
6 24 48691
6 25 27953
6 26 47014
6 27 62623
6 28 64091
6 29 22492
6 30 28337
6 31 10292
6 33 13974
6 34 47858
6 35 23017
6 36 41206
6 38 55026
6 39 55122
6 43 51664
6 44 69411
6 45 18503
6 49 45606
7 8 11985
7 9 52037
7 12 28065
7 13 40185
7 14 60706
7 15 45397
7 16 37565
7 17 10053
7 19 68802
7 20 22918
7 22 67773
7 24 26367
7 25 52392
7 26 42947
7 28 59507
7 32 45393
7 33 20129
7 36 57790
7 37 68619
7 40 58359
7 42 63001
7 43 68504
7 45 39466
7 46 16124
7 48 27811
8 9 33019
8 11 68413
8 13 64989
8 15 29131
8 16 37130
8 17 23377
8 18 32909
8 19 42890
8 20 53112
8 21 38401
8 24 35709
8 25 22808
8 26 17899
8 27 29244
8 28 32071
8 30 14720
8 35 46712
8 36 20384
8 37 64646
8 38 20506
8 40 28252
8 41 58792
8 43 60853
8 44 14105
8 45 52990
8 46 16323
8 48 10332
8 49 43153
9 10 16773
9 11 20166
9 12 29448
9 13 24165
9 14 46548
9 15 53922
9 16 39466
9 18 64610
9 19 52767
9 20 42730
9 22 62072
9 23 25217
9 24 31668
9 25 67945
9 26 27585
9 27 23910
9 28 18499
9 29 56005
9 30 53127
9 31 69276
9 32 45067
9 33 51928
9 34 69704
9 37 58649
9 38 16765
9 39 12117
9 40 58585
9 42 32883
9 43 17821
9 46 22453
9 47 20633
9 49 19539
10 12 54606
10 16 38363
10 17 36119
10 19 42885
10 20 43208
10 21 45375
10 23 44610
10 25 12212
10 28 32922
10 29 48840
10 30 60429
10 31 30554
10 32 40834
10 33 45236
10 34 24066
10 37 49480
10 38 40572
10 40 52300
10 41 13465
10 42 49746
10 43 65475
10 44 49350
10 45 27955
10 47 17993
10 48 37623
10 49 68410
11 12 60601
11 13 43891
11 14 64739
11 17 43531
11 18 69611
11 19 47674
11 20 29006
11 21 48095
11 22 60060
11 23 53803
11 25 50395
11 26 21780
11 28 26679
11 31 22177
11 32 58300
11 33 60005
11 35 69888
11 36 39802
11 37 56151
11 38 20788
11 39 52598
11 42 45395
11 43 29513
11 44 44643
11 45 29560
11 46 34325
11 48 17958
11 49 34791
12 13 16242
12 14 19361
12 15 37389
12 18 50342
12 19 16311
12 20 63337
12 21 50931
12 22 43299
12 24 35442
12 26 31354
12 27 35956
12 28 12715
12 29 28772
12 32 65007
12 33 11447
12 34 20077
12 35 51568
12 36 41126
12 39 55782
12 41 65433
12 42 50215
12 43 28097
12 44 64934
12 46 60732
12 47 51716
12 49 21889
13 14 34867
13 15 58670
13 17 42705
13 18 14625
13 20 38827
13 21 61549
13 22 13582
13 26 44527
13 27 25496
13 28 43444
13 29 33814
13 30 38437
13 31 13401
13 32 64893
13 33 37978
13 35 47035
13 36 49065
13 38 17893
13 41 11801
13 43 31950
13 45 57592
13 46 16976
13 48 17143
13 49 17774
14 15 25950
14 17 69832
14 18 49627
14 19 38447
14 20 46985
14 21 55484
14 24 13084
14 25 37190
14 27 18449
14 28 41581
14 29 16563
14 30 30893
14 31 51518
14 32 13579
14 33 62101
14 40 18558
14 42 39788
14 44 19224
14 45 25867
14 46 21189
14 47 56530
14 49 39445
15 16 13118
15 17 39611
15 20 46590
15 21 10732
15 22 62103
15 24 46099
15 26 51931
15 27 46612
15 29 50165
15 30 29524
15 31 57145
15 32 20477
15 33 21852
15 34 18840
15 35 14534
15 37 17966
15 38 28569
15 39 36374
15 40 27355
15 42 44570
15 44 67926
15 46 64154
15 47 68493
15 49 31990
16 17 47554
16 18 54288
16 19 10200
16 21 63529
16 22 11328
16 24 56379
16 25 14732
16 26 23668
16 27 24657
16 28 31969
16 30 20338
16 31 35779
16 32 43119
16 33 17174
16 34 64058
16 35 59844
16 36 45087
16 37 69897
16 38 14626
16 40 68685
16 42 13418
16 43 18259
16 44 65052
16 47 40929
16 48 37076
16 49 24173
17 18 59565
17 19 52102
17 20 66234
17 22 41321
17 23 12758
17 25 50336
17 26 39802
17 29 18335
17 30 39903
17 32 58555
17 34 27545
17 35 38772
17 39 19452
17 40 35652
17 42 66973
17 43 66636
17 44 49005
17 45 47969
17 46 27616
17 47 64731
18 19 52043
18 20 35893
18 21 28021
18 28 43374
18 29 32931
18 31 66256
18 32 33011
18 33 60723
18 34 53839
18 35 40304
18 36 16966
18 37 17691
18 38 61003
18 39 20198
18 40 34374
18 42 57519
18 43 39972
18 45 49698
18 47 17174
18 48 24315
19 20 30186
19 24 43877
19 26 52837
19 27 46768
19 31 38958
19 32 59368
19 33 48452
19 34 55478
19 35 45390
19 38 37555
19 40 28441
19 44 42921
19 46 35385
19 47 54346
19 48 35275
19 49 11823
20 21 27888
20 22 67962
20 23 43581
20 24 66195
20 25 15397
20 26 21506
20 30 28225
20 31 35899
20 32 50938
20 33 58836
20 34 34205
20 35 57751
20 36 39193
20 37 50885
20 38 40921
20 39 22101
20 42 47833
20 45 50968
20 46 43492
20 49 30145
21 24 61365
21 25 14488
21 28 17337
21 29 38920
21 31 46193
21 33 51479
21 34 14013
21 35 49648
21 36 15725
21 37 26040
21 38 41751
21 39 53639
21 40 57934
21 43 60854
21 45 14623
21 46 61263
21 47 41330
21 48 43742
21 49 26427
22 23 11706
22 25 67370
22 26 13883
22 27 13230
22 28 65016
22 29 61666
22 30 49581
22 31 66012
22 32 65252
22 33 65435
22 35 67845
22 36 38130
22 37 32630
22 38 59402
22 39 20224
22 40 52022
22 41 34830
22 43 14277
22 45 69294
22 46 60767
22 47 41485
22 48 56665
22 49 11972
23 24 58537
23 25 47725
23 26 34295
23 27 38262
23 29 27665
23 30 17009
23 31 30709
23 33 55345
23 34 24233
23 36 59879
23 41 13550
23 42 40985
23 45 37512
23 47 56072
23 48 22412
23 49 15015
24 26 60141
24 28 10097
24 30 60682
24 31 22471
24 33 44764
24 35 50130
24 36 60715
24 38 20716
24 39 41000
24 40 35089
24 41 14450
24 42 69928
24 44 12498
24 45 50409
24 46 22408
24 47 49259
24 49 61730
25 27 12847
25 28 48886
25 29 17505
25 32 26669
25 33 15641
25 34 54193
25 36 31694
25 37 10390
25 38 11491
25 39 17056
25 40 35109
25 41 61769
25 44 10908
25 45 69051
25 46 42829
25 47 48568
25 48 35176
26 27 17928
26 28 51926
26 31 60167
26 32 19592
26 35 10222
26 36 33754
26 37 69032
26 38 41853
26 39 15565
26 40 64287
26 41 68626
26 42 61549
26 43 24195
26 44 19213
26 45 46313
26 47 40581
26 49 33842
27 28 56634
27 29 42226
27 30 12209
27 35 19181
27 36 28404
27 38 63382
27 40 17143
27 41 14549
27 42 27862
27 49 64123
28 29 52936
28 30 58122
28 32 42524
28 33 22024
28 34 18271
28 36 58091
28 37 10567
28 38 59906
28 41 10420
28 42 21670
28 48 21638
29 30 60692
29 31 61888
29 33 60978
29 36 18683
29 37 10044
29 38 34768
29 39 11410
29 40 63290
29 42 57469
29 44 12810
29 45 10090
29 46 53512
29 47 14018
29 48 48772
29 49 52143
30 31 25259
30 32 64953
30 33 55074
30 35 55118
30 36 67595
30 37 39254
30 39 47823
30 40 65555
30 43 40472
30 45 60336
30 47 50591
30 48 68541
31 32 60153
31 34 32428
31 36 28903
31 37 31535
31 38 63547
31 40 11633
31 41 37659
31 42 49380
31 43 65554
31 44 12367
31 45 10188
31 46 24570
31 47 62097
32 33 49617
32 36 28409
32 37 30948
32 38 51536
32 39 49763
32 43 27088
32 44 39375
32 46 49227
32 47 59897
32 48 58621
33 35 63932
33 37 43549
33 39 21946
33 40 60579
33 43 33046
33 44 63497
33 46 53492
33 47 17317
33 48 47971
33 49 38446
34 35 30410
34 37 11230
34 38 64437
34 39 28930
34 40 15063
34 41 51987
34 42 27825
34 43 36256
34 46 57324
34 47 48129
34 48 64376
34 49 33373
35 38 22042
35 40 42607
35 41 25527
35 42 28917
35 43 31353
35 44 14809
35 45 22314
35 46 34704
35 47 34426
36 37 11074
36 38 14561
36 40 22253
36 41 37473
36 42 20741
36 43 55029
36 44 22123
36 45 26917
36 46 38426
36 47 45899
36 48 31471
37 39 17483
37 41 31233
37 43 68659
37 45 62142
37 46 50020
37 47 34475
37 48 66091
37 49 45670
38 39 62466
38 40 60750
38 41 23606
38 42 29263
38 44 12042
38 45 58526
38 47 18946
38 48 31107
38 49 15769
39 40 57214
39 41 41233
39 42 16909
39 43 27874
39 44 22404
39 47 48724
40 42 30201
40 43 13879
40 44 52579
40 45 54472
40 46 11352
40 47 11172
40 48 67352
40 49 67069
41 42 16637
41 43 48524
41 45 51524
41 46 58426
41 47 18676
41 49 19614
42 43 30936
42 44 48633
42 46 31212
42 47 59235
42 48 64925
42 49 12449
43 44 24522
43 45 11850
43 46 67193
43 47 34662
43 48 67387
43 49 49697
44 45 10896
44 47 33188
44 48 20557
45 46 59190
45 48 20403
46 47 58032
46 49 36833
47 49 51037
48 49 27743
