50 50 980
25000 25000 25000 25000 25000 25000 25000 25000 25000 25000 25000 25000 25000 25000 25000 25000 25000 25000 25000 25000 25000 25000 0 25000 25000 25000 25000 25000 25000 25000 25000 25000 25000 25000 25000 25000 25000 25000 25000 25000 25000 25000 25000 25000 25000 25000 25000 25000 25000 25000
2609 3292 6739 8933 6803 5984 10355 7650 8084 4246 5219 5776 6641 7816 4374 3847 5033 6429 6719 3660 7358 5396 5219 8345 4182 6387 7391 5542 5038 10349 6400 5558 6051 9568 3792 4898 9064 7159 11178 8697 4781 6033 6661 5299 8845 11656 9977 5301 8663 3947

2368 1148 3204 4509 4028 2752 5457 3845 4791 2504 2396 2628 3220 3859 1838 2266 2285 3117 3299 2596 3680 2582 2296 4205 1779 2994 5115 2491 2189 5399 3046 2499 2838 4940 1446 2351 4642 3507 6634 4369 2035 2890 3943 2607 5984 6919 5919 3574 4385 1538

38119 28711 4914 17161 44553 7030 26409 19622 50450 35490 13876 9147 14977 9987 21848 35330 20546 15111 25670 37312 29954 23679 9828 13734 19303 6568 57472 8895 11180 22957 12390 7341 15489 21294 21806 22713 18992 16657 67393 15523 12297 23856 48568 27686 66066 66973 59161 44864 16203 22621

94158 75406 32372 11548 94124 35112 29982 21024 105322 79267 29681 21275 20071 28595 64292 80186 47630 25921 53179 95094 61702 69206 23096 42165 48700 24701 135170 25118 40527 60515 47246 30416 52911 19804 61669 53847 15191 17163 141838 16712 34762 49569 105288 76944 142841 137025 121516 110118 12183 58878

1432 1277 1715 1883 566 1580 2152 1577 838 876 1061 1250 1363 1923 1524 955 1016 1318 949 1655 814 1789 1133 2087 1015 1583 2005 1269 1379 2512 1815 1381 1823 2008 1383 947 1901 1497 1685 1925 1108 908 1169 1798 2040 1600 1240 2003 1836 1237

29389 21549 6421 15994 35203 3514 23701 16197 40108 27663 10383 7483 12332 10627 15840 27251 15232 12444 20193 28704 23757 17769 7029 12654 13919 6260 45474 6253 6966 20326 9090 4947 10956 19446 15805 17035 17517 13730 54202 15093 8371 18684 38375 21102 52622 53852 47354 34986 15197 16483

181956 151443 81972 45118 179349 86890 28499 43134 199791 153664 65767 58805 48555 75277 138615 155294 97584 53176 107361 187467 122469 147325 56998 99391 102384 68433 259515 65619 96429 131920 108338 78565 118381 37594 126439 108605 40319 50569 262507 54213 78328 100962 199791 160389 266358 256048 228497 214099 46244 120958

70158 56137 33391 20160 68960 32030 26544 6370 78353 57158 16770 13571 8861 34044 51550 57907 31390 10985 35882 72690 42824 57376 12741 45125 33595 25346 105796 16702 32220 60071 42892 24339 46527 21820 44649 36454 21085 12128 107171 24366 22542 32942 78353 60248 108940 104203 91544 84928 20704 42130

1719 1555 2020 2186 797 1877 2480 1869 697 1127 1324 1525 1646 2242 1817 1211 1359 1593 1205 1956 1061 2099 1395 2416 1275 1880 1940 1538 1663 2869 2127 1665 2135 2327 1668 1203 2218 1789 1599 2239 1374 1156 1050 2109 1977 1509 1125 2149 2144 1511

1038 879 1459 1709 1024 1320 1995 1402 1305 464 869 1050 1181 1674 1133 546 738 1134 1066 1268 1206 1406 928 1875 768 1323 1950 999 1145 2314 1562 1115 1500 1846 988 667 1736 1318 1983 1748 832 916 1087 1416 1986 2088 1720 1628 1668 837

282030 211282 141015 156813 275986 123980 205925 104130 324205 216434 12638 46089 66146 165880 198300 220212 86408 58178 109075 294806 144106 241573 25277 212999 97536 105504 461992 48149 106122 288418 178793 81738 185456 180442 162789 111960 161484 89774 468792 165811 55499 94239 323380 245901 477721 453818 389938 356556 149807 140603

50691 38013 17684 20961 51754 16554 32069 15322 59686 41572 8429 1231 9073 20938 32781 41335 20566 9254 24295 52228 30058 37595 2463 29549 19775 11074 79235 3830 16712 41956 25571 10170 28589 26227 28724 24385 23131 11333 83247 20927 10350 21854 59166 41335 84557 81009 70500 62387 19673 26656

87703 68425 38207 29484 86090 36375 42477 15319 98955 70203 15832 11526 5185 43485 62653 71210 35513 11563 41561 91111 50906 70496 10371 57448 38482 27377 135275 15741 36631 77569 50998 26021 55891 35788 53362 42330 30731 11599 137529 32581 23565 37602 98735 74362 139911 133534 116492 107586 27615 49972

8994 7014 1953 3076 10270 2400 5044 4089 11525 8342 3428 2289 3530 1217 5553 8308 5162 3558 5938 8844 6878 5947 2434 2672 4897 1741 13134 2275 3283 4634 3544 2352 4204 3955 5544 5623 3465 3423 15131 2520 3406 5551 11125 6799 14963 15041 13379 10451 2868 5718

22109 13806 17181 27575 34163 13983 36054 25399 39559 23393 16297 15828 21148 21809 7310 21709 15513 20779 22678 21463 25368 12569 14621 24038 11931 16866 39913 14091 11169 32479 15843 13360 14375 31372 9640 15974 29250 22701 52897 26598 12776 19787 33563 13114 48346 54681 47531 28374 26698 11815

16807 14001 25640 30561 19556 22905 35602 25154 24505 9679 15763 18421 21255 29433 18478 8135 13451 20437 19232 20868 21699 23300 16271 32126 12619 23236 35094 17533 19253 39867 26303 19556 24957 32986 15933 12196 31041 23680 36455 30709 14579 16581 19881 23476 36497 38302 31816 27205 29842 13261

10299 7390 7031 8472 10011 6048 10492 6305 12559 6963 2542 3918 4743 8551 6856 7119 1531 4415 4164 10825 5152 8788 3062 9992 2712 6068 17458 3782 5031 13093 7754 4593 8294 9443 5401 2666 8664 5714 17692 8842 2599 3101 11362 8989 17709 17551 14924 13365 8184 4483

175305 136474 78453 73100 171987 74683 92515 36644 198000 139301 27445 23562 23034 89311 126332 141375 67935 11423 80376 182317 99603 144881 22846 118038 74042 56173 274079 32233 75211 159433 104768 53383 114834 79433 107218 81959 75663 36305 280374 79396 45918 72233 198000 150423 282712 269592 234531 216209 69254 97680

14104 10872 9452 10186 10309 8668 12441 7754 12529 10040 3542 5082 6005 10597 10274 10214 4313 5638 2061 14718 4237 12438 4123 12767 5635 7817 21789 5177 8073 16239 11122 6723 11726 11267 8646 5230 10401 7099 19186 10594 5350 2795 14964 12662 22071 18497 15556 17561 9863 7618

4719 4738 8597 11897 10320 7583 14113 10500 12031 6905 7254 7875 9152 10064 5467 6371 7005 8870 9277 3656 10130 6729 7312 10878 5869 8497 9506 7622 6695 13554 8172 7390 7707 13238 5406 7151 12428 9845 15675 11583 6547 8360 10130 5845 12180 16314 14559 5847 11614 5613

2204 1718 1581 1691 1302 1463 2030 1326 1635 1593 693 924 1063 1760 1628 1619 733 1008 555 2296 390 1953 780 2079 931 1335 3066 939 1298 2600 1756 1171 1846 1853 1384 871 1722 1227 2673 1752 889 505 2041 1987 3108 2532 2090 2723 1643 1229

33087 23443 23170 37575 50155 19559 48702 36072 57236 36022 26166 23493 30494 29263 14919 33813 25682 30655 35084 31815 38614 11166 22333 29102 20982 23524 56025 21214 17380 40178 17905 20255 15978 42538 17975 26288 39775 32512 74738 35911 21002 31291 49368 15978 67091 77038 67697 40884 36405 20830

29547 21819 12087 14277 30208 10393 19877 9670 34960 23989 3801 2252 5847 14071 19650 23844 11199 6260 13471 30993 16984 22873 0 19319 10703 8017 46945 2293 10145 26881 15889 6157 17728 16757 16158 13513 14856 7665 50147 14257 4959 11984 34713 24051 50189 48040 41634 36675 13492 14897

19258 15154 4883 8660 22473 5240 12851 10822 25140 18677 8930 6798 9435 4715 11943 18148 11947 9496 14265 19106 16203 11616 7106 3553 10898 5631 28226 6684 7117 7725 6509 5973 7911 10537 11924 12593 9496 9405 33421 7486 7881 13444 24198 13429 31946 32615 29081 22522 8227 12293

32600 22120 24063 31410 36263 20115 39682 24603 43406 26098 11050 13644 18976 29538 20197 24684 10012 17796 19495 34493 23056 27157 10541 33424 5270 20594 59259 12362 14845 44597 26668 15282 26495 35297 14936 10622 32488 21866 64743 31379 8099 15669 41636 27879 64804 63420 53958 43640 30250 11650

19133 14415 4124 7502 21736 4258 12148 8180 24693 17191 5611 2952 5851 5337 11613 17111 9697 5918 11525 19369 13673 12852 3268 8547 9073 1634 29479 2801 5623 13172 7620 3075 8745 9583 10952 10784 8420 6693 33190 6967 5560 10615 23935 14794 33148 32667 28750 23156 7022 11361

175156 190444 281463 355282 238383 258749 406770 325852 225170 205569 253234 264755 294457 314332 211356 210756 242970 289434 287742 170788 273327 239639 248102 332568 222222 279224 124051 257875 238875 392519 271962 254436 261534 380835 205405 233251 365874 308872 262243 348348 234998 267212 177231 219819 183947 276549 279934 151733 352989 210046

31417 23339 11056 15023 33379 9282 22113 11424 38298 25597 5582 2430 7436 13292 19279 25460 12766 7551 15708 32571 19387 22351 1601 18629 11698 6794 49650 800 9022 26549 15038 4846 16963 18384 18146 14626 16408 8878 52990 15002 5683 14150 36827 24738 53033 52629 45921 39055 14201 16091

22292 15532 8585 15815 27305 6079 22449 14122 31534 21286 7458 6609 10790 12212 11525 20448 11037 10887 16351 22629 18460 14092 5916 13959 8953 7422 37089 5247 2958 20575 9380 4675 9917 18779 10579 12122 17129 11995 44699 15038 5121 14086 30040 16086 42325 43386 37782 28046 15128 11164

35887 29205 12480 18630 41122 13061 25455 22151 45465 34940 19069 15598 19892 12207 23976 34080 23982 19991 27757 35640 30912 23444 16099 10314 22275 13699 50490 15413 16118 8049 15128 14256 17411 21687 23945 25034 19991 19843 58502 16718 17362 26420 43931 26395 56547 57636 51882 41202 17925 24545

12035 8916 3727 7937 15528 2988 11116 8229 17556 12413 5826 4628 6632 5471 6476 11884 7270 6678 9817 11792 10828 6101 4440 5425 6843 4123 18722 4120 3693 8596 2220 3580 3285 9358 7288 8021 8567 7210 23593 7374 4435 8731 16331 7478 21757 23235 20550 14388 7608 8162

16816 12300 4673 8907 19038 3674 13346 7880 21863 14695 4330 2861 5655 6838 9623 14610 7526 5719 9982 17041 12034 11338 2398 8891 6931 3300 26701 1952 3900 13310 6886 1199 7961 10895 8991 8573 9784 6460 29982 8388 3574 9112 21992 12670 30199 29780 26037 20660 8448 9382

33291 24043 13451 25678 45466 10386 35106 25927 51477 34720 17347 15249 21192 18623 16808 32845 22433 21329 29985 32571 32982 15695 14693 18486 19385 13751 53121 13742 10951 27888 8982 12141 7346 30148 19402 23889 27802 22904 67566 24266 14025 26766 46032 19779 62514 69570 61607 40269 24685 21808

946126 772783 372672 171891 941607 399465 229188 203364 1052973 801673 322800 261306 229995 336196 681269 810550 496143 258078 549405 987768 631719 728398 261790 467575 512606 298912 1361570 298428 451435 644793 516318 354111 575875 130895 640112 556184 145421 201588 1394657 221440 377998 514543 1052973 803126 1415639 1359472 1209370 1121245 178024 610899

11074 6516 9745 14620 17265 8055 18070 12049 20125 11582 7198 7592 9802 12191 5780 10692 6792 9607 10578 11927 12000 8559 6353 13369 4891 8961 21336 7495 5951 17830 10200 7109 9514 16229 3176 7028 15116 10875 27174 14096 5378 9051 16956 8848 24582 28075 24330 15579 14222 4326

15829 11730 12055 14909 14887 10463 18181 11400 18098 9950 5307 7379 8870 14516 10865 10202 3806 8340 7557 17293 9159 13994 5984 16447 4154 10495 26946 6793 8459 21470 13235 8116 13697 16483 8500 2992 15221 10444 27326 15353 4886 5837 17073 14319 27353 27097 22842 21406 14443 7022

260549 211357 97602 40426 259264 105128 73603 59561 291477 219479 83331 65940 56946 87232 185247 222003 132614 73007 147849 269818 171160 198738 65986 124584 137295 76540 378755 76494 119995 174969 138442 92233 155375 45566 173638 149685 32993 48961 388070 54606 99025 137846 290926 219984 394035 378067 335391 310337 42170 165240

137814 108160 60774 37261 137095 58008 63568 27330 156514 113056 30982 20497 15076 61549 97731 114578 60691 24757 69875 142959 83983 109515 20525 84066 63513 44425 209073 26860 58395 114439 80082 42378 87468 46721 85421 70981 39142 10262 214743 41936 40442 63900 156127 117123 218284 208713 182987 167828 34439 80359

45190 41683 54470 59493 29821 51403 65177 52117 27688 32544 40378 44494 47243 59211 47631 34351 38581 46820 37823 48504 35461 53659 42775 64357 39250 51465 40960 44335 48318 73399 57395 46882 55712 61907 44450 37012 59475 50292 21387 60630 40660 36889 30385 54285 34060 23696 24243 45428 59070 41092

22574 17974 7146 4104 23542 8089 8618 6428 26371 19848 7822 5211 5621 5744 15256 19762 12226 7047 13579 22804 15670 16305 5658 9081 11939 5543 32644 6154 9417 13583 10795 6937 12308 6121 14604 13612 4997 4907 35329 2829 8519 12693 26231 18261 35444 34157 30344 26490 3636 14436

80057 56481 38011 53182 85773 30699 70728 39587 100523 63100 15801 16494 27925 49316 49862 62659 25677 26917 44210 82915 51564 61965 10086 58183 22567 30846 133135 13847 23134 81255 43390 19877 47404 61209 39209 31140 55409 33472 142906 53119 5043 36309 95817 63289 143032 141855 122313 103360 50787 35364

58028 43758 39723 42962 45043 36260 52917 32225 54677 40086 13627 20427 24504 44777 41119 40854 14800 22884 13348 60736 18235 50669 16196 54356 20636 32504 91957 20846 31401 69686 44861 27673 47528 47737 33928 18849 43884 29335 84235 44763 19379 8098 61825 51661 93199 81191 68206 73289 41538 29391

11687 10319 16111 18256 9625 14832 20714 15620 8793 7559 11041 12598 13719 17960 12502 7885 9913 13320 12732 13667 11825 14853 11550 19329 10071 15090 13193 12158 13052 23103 16310 14031 15654 19439 11261 9301 18490 14901 14420 18590 10725 11440 5775 15097 13994 15320 12357 14935 17905 9951

19812 14312 16981 25818 30875 14743 32575 23312 35262 22118 16250 16268 19856 20756 9331 20750 16000 19556 21825 17087 24012 9543 14550 20656 13087 17100 32087 14856 12481 27518 13718 14262 12525 28893 11225 16375 27181 21506 46393 24875 13050 19475 30675 7275 38943 47856 42043 22706 25093 12993

107792 115691 168663 190737 120397 157010 210766 169251 113618 103562 131938 144628 153760 185526 134768 109304 122750 150511 145721 113954 138325 149278 136084 193650 124879 163256 89976 141042 142499 224408 164573 150483 160511 200373 123367 117764 192641 163396 108212 193454 129361 135188 93057 139110 68042 115551 117288 104178 187935 125748

50320 46673 57109 60151 29943 53921 66703 53124 27725 37172 40919 45381 48057 62039 52583 39050 40589 46994 38262 53765 35074 58814 42605 65905 40553 53307 45922 46572 49175 75966 59473 49220 61003 63303 49184 38958 60774 51227 25572 61352 42752 37291 34927 59519 38748 21302 24143 50567 59235 45803

13547 12443 15576 16502 7348 14610 18481 14368 6676 9565 10672 12024 12834 17069 14205 10134 10572 12512 9867 15145 8902 16103 11183 18240 10561 14424 14940 12384 13172 21287 16292 13186 16755 17451 13197 10078 16686 13794 8777 16860 11227 9573 9046 16305 12767 8172 5591 17640 16219 12151

1568 1572 2542 3371 2975 2287 3928 3020 3140 2117 2205 2361 2682 2911 1756 1983 2142 2611 2713 1300 2927 2073 2174 3115 1857 2517 2006 2297 2064 3788 2435 2239 2318 3664 1740 2179 3495 2856 3556 3292 2072 2483 2603 1850 2678 3717 4040 1087 3300 1792

101089 81178 34056 14036 101528 37057 34221 24448 114155 85625 31329 21905 20807 29883 69009 86632 50983 27212 57059 102699 66392 74352 23899 44780 51935 25656 147937 26114 42986 64873 50343 31915 56510 23076 66429 57791 18025 17622 155129 16909 36673 53106 114118 82825 155275 148907 131888 119151 11949 63080

7969 4856 7095 9693 10916 5941 11999 7886 12864 7029 4190 4847 6351 8766 4903 6421 3907 6030 6493 8552 7464 6801 4001 9570 2614 6560 14979 4498 4503 12617 7978 5294 7448 10753 3124 4073 9987 7090 17673 9684 3335 5450 10694 6998 17196 18323 15742 11047 9376 2000

6 46 29933
3 12 64552
16 25 59759
35 45 42429
17 29 51004
20 29 43440
41 42 69329
11 26 12559
19 30 17774
7 39 24006
25 26 14024
1 30 65129
37 40 63199
0 34 20280
43 44 19704
2 6 45718
3 25 62121
18 43 43004
30 36 56314
18 45 12776
2 18 62291
26 39 34542
7 31 45144
0 39 49526
19 27 24987
25 31 31332
31 41 27007
11 20 16490
20 30 42144
4 22 53412
30 49 14792
6 13 45771
18 27 23684
8 30 60935
39 42 36351
9 44 61601
21 22 52070
7 30 32403
10 41 65388
25 42 22273
10 17 41888
8 18 39385
11 38 12209
29 34 21243
12 20 26931
36 47 38343
11 45 48071
28 36 52921
21 27 35032
32 46 26038
18 25 49709
4 35 32166
6 28 33782
33 35 61134
23 30 32926
8 46 51686
40 49 59156
15 39 65853
14 20 33373
28 44 47860
19 40 36036
5 39 36312
19 48 32459
20 46 18004
35 40 65232
7 45 61016
25 27 41681
2 37 18861
29 47 44180
6 31 48917
0 30 37687
5 14 14062
5 19 18100
32 43 30349
5 42 29153
3 41 33920
42 47 38697
28 38 11438
29 31 21608
6 44 12932
2 30 55627
18 33 16064
18 19 53558
3 18 59199
1 29 37063
16 40 49129
39 47 35146
18 41 33735
0 29 17391
29 42 26863
10 30 28721
27 39 46018
9 11 53158
22 38 12858
6 30 69041
24 47 35890
23 40 34024
11 12 36261
41 47 69023
28 37 47462
1 18 17860
12 34 55121
27 38 21923
18 36 28396
24 39 27224
11 31 68001
10 39 26041
18 26 45505
15 40 33617
36 39 28250
20 39 66297
8 29 41611
3 27 26095
36 42 50045
9 29 47616
12 21 15488
34 45 44096
0 41 40626
4 42 21606
21 26 27476
25 40 34280
0 9 39061
9 42 11637
1 14 13805
0 25 65072
14 35 10055
1 15 16196
3 26 45974
41 49 51680
17 40 11693
34 46 55667
11 32 39057
18 42 32075
30 47 27924
3 14 10846
39 44 36797
0 46 13018
7 13 39733
47 49 22565
40 48 52054
23 35 29879
4 44 45434
9 40 35917
22 46 22651
6 11 49569
27 28 61177
39 41 55812
6 39 67141
1 11 54202
5 8 63711
20 27 24749
28 39 44460
5 27 38507
42 48 44566
36 45 24159
11 14 22995
37 43 20870
15 19 22256
0 44 21978
27 49 18668
27 45 61395
3 23 38925
30 45 54365
30 48 19379
1 41 15414
4 30 47900
2 39 57883
33 34 60073
17 18 50838
12 19 19604
7 42 63401
19 42 51178
3 30 21027
26 36 15343
4 38 28340
5 12 36695
2 27 60286
42 49 33370
23 42 55970
4 6 37501
2 11 57981
6 18 33689
10 11 52047
8 33 14395
13 27 60544
3 44 52167
6 14 58742
6 38 22500
30 40 26777
26 42 57060
27 33 66142
11 23 31280
24 42 43660
40 41 43219
6 10 39541
32 39 45299
11 40 28263
13 29 27670
22 25 34893
21 40 45337
13 39 58208
11 15 21522
22 40 62990
15 46 11002
22 29 16152
1 40 19168
12 41 36103
3 46 10862
4 46 37241
13 14 65821
5 6 56943
4 40 48590
6 36 64394
7 41 39801
27 34 40468
13 48 69008
18 48 44783
22 41 29909
4 18 68838
27 30 11823
0 2 55402
16 31 17282
18 24 63584
12 47 57696
3 38 64368
11 24 51892
22 44 48921
28 34 20802
11 36 26741
36 40 26885
24 44 67884
18 44 40169
30 33 48565
11 13 34724
25 33 45274
3 11 52392
16 39 59682
10 21 66466
23 25 32104
22 47 38375
16 19 49820
8 25 19924
2 3 40748
8 45 14197
7 49 23472
26 49 56840
13 26 59118
26 35 18306
41 45 29228
7 22 39369
24 45 21720
18 20 49463
3 4 35720
18 23 66810
17 48 42232
40 42 26437
23 38 45450
7 18 52935
31 36 69231
10 34 27971
14 39 30356
6 12 58343
24 26 43961
30 37 11440
24 46 51822
30 42 34119
40 44 64713
2 21 17086
27 46 13795
39 48 30398
17 35 51222
15 27 22364
2 28 25340
25 36 69298
9 27 64573
26 44 13701
25 38 32079
0 24 58688
0 26 10835
17 25 23514
12 40 43081
26 40 58342
0 42 63357
35 38 22511
41 46 33608
32 37 55323
19 45 44030
11 18 55787
20 41 15128
0 17 50369
12 31 12351
24 30 61058
34 41 58256
11 47 54756
8 42 64160
31 33 53892
13 17 58045
35 42 41461
19 25 61947
21 24 12838
29 43 51167
13 16 42527
1 37 67991
5 28 26709
27 29 25539
6 37 49247
33 44 63290
13 33 28749
9 15 44336
33 48 40636
3 40 36059
32 42 30020
0 10 68904
34 42 29789
33 36 69739
29 45 16403
26 33 32931
1 5 66101
17 41 19385
19 23 58325
2 23 32029
13 43 17100
39 40 32162
31 43 19006
39 43 51496
11 43 47135
37 38 16312
26 45 55943
8 35 35063
38 39 30350
1 42 38359
16 43 15705
46 49 39969
23 27 46497
11 16 48901
6 23 38564
2 36 26679
42 44 38391
10 13 35798
35 36 57481
23 28 39182
42 46 36990
12 26 56055
5 40 14994
9 35 40806
15 24 58062
6 24 14239
8 11 24741
4 14 17715
2 41 35705
1 22 50345
18 49 69690
33 38 64218
7 27 10149
29 39 27620
3 43 49451
22 33 46530
16 18 56581
13 30 53658
43 47 55845
6 29 26918
29 46 47914
6 15 49815
11 28 17508
29 30 18178
22 39 44147
8 20 61767
14 42 31975
7 11 36201
8 39 15998
32 40 44040
16 44 64908
9 28 26174
2 31 55297
34 49 43062
5 45 36437
16 27 39332
15 21 57566
32 35 31291
6 32 66677
7 44 62572
9 43 64421
40 43 51087
4 36 52464
24 40 60662
27 43 13251
10 36 56053
15 30 57414
11 19 61790
20 22 24200
18 30 25993
1 27 61260
30 39 19273
2 17 16613
4 45 56041
1 24 34319
3 39 20541
12 28 45092
30 46 57277
7 8 68917
9 19 28159
12 16 36925
11 25 22469
18 35 40723
29 36 69191
12 36 63397
5 22 47703
10 42 34793
29 32 33481
13 34 39683
15 29 68983
5 31 10276
7 16 34884
14 36 11151
14 21 62924
14 41 24385
0 13 36521
26 41 37437
25 30 29934
6 45 17534
38 40 65226
28 30 68594
2 22 67730
6 42 54189
38 41 16935
29 41 65017
5 41 42160
0 12 37584
13 15 40661
15 18 43490
20 48 50946
13 21 56809
29 35 63471
14 47 68599
27 41 46691
11 41 66814
1 48 29206
41 43 26986
29 48 40936
25 28 24573
13 42 49332
27 31 18074
11 29 27025
1 6 30678
5 29 14392
18 40 45555
33 41 64186
11 21 14946
30 41 23037
10 40 35345
11 48 43964
25 39 31643
24 36 27565
33 40 44391
27 47 14089
6 41 60657
22 27 20696
29 49 17055
11 27 56531
13 46 49693
0 43 31900
13 18 58404
1 39 24040
24 38 38026
27 42 43324
0 28 26805
14 32 25529
17 47 34742
24 35 51363
21 28 55880
19 29 22382
18 28 51015
31 40 69553
40 46 25085
12 48 25802
0 27 59149
29 40 44312
29 37 28073
0 18 17331
5 10 37571
48 49 61613
4 13 10084
2 29 44967
16 29 26663
18 29 46102
11 39 23923
6 16 13364
28 45 45847
4 21 65151
30 32 23284
2 13 67854
10 19 35083
13 45 14271
20 42 54802
42 45 63542
3 17 14399
17 39 66749
34 48 26581
12 29 51452
3 28 22329
27 44 57930
28 49 40322
0 40 55475
28 35 28495
12 33 19244
6 26 25863
6 43 56355
3 24 25690
18 34 46245
21 29 24370
1 33 35006
20 40 49226
4 11 57538
6 47 27754
17 42 63336
7 9 20828
2 12 18477
11 37 18986
7 28 69463
21 46 56720
18 37 33546
37 42 50089
10 16 65672
10 14 22669
45 48 66270
6 35 35988
0 6 32237
6 9 17315
12 14 35305
23 39 60907
2 42 17295
4 12 34191
16 41 65029
14 18 31867
8 13 22801
6 34 25339
10 23 45455
3 5 68390
47 48 61206
38 43 25185
28 29 24526
32 36 43035
21 36 20671
27 48 68680
14 30 27562
14 26 28901
34 35 13464
15 43 14914
20 26 38412
14 17 27268
6 19 21797
16 20 51845
35 44 50177
30 31 28378
9 41 37721
34 38 65285
21 31 61164
4 16 41152
9 16 42955
24 27 12095
14 38 53703
21 32 49659
19 22 38374
37 48 19944
18 32 57783
25 46 24426
14 40 21961
12 25 56832
13 40 10789
7 21 57805
17 31 25200
14 19 32899
7 47 45694
31 44 30340
2 16 10310
19 47 33450
39 46 17716
43 45 53323
6 8 34109
4 9 55018
37 39 30479
7 10 33614
0 31 17856
30 44 58864
0 35 62083
6 20 59299
6 27 54043
17 49 35788
16 38 52677
29 44 50527
40 47 30705
20 49 49143
2 4 29227
16 33 26654
31 35 25731
2 40 17370
42 43 23258
19 39 42936
33 42 15715
12 43 64047
2 10 32752
25 48 27223
3 7 29828
20 37 48673
25 41 51282
12 39 19777
0 33 45318
9 37 64695
24 34 21384
20 44 12166
28 48 35163
9 45 49754
15 41 14806
6 49 33822
2 20 68774
31 32 30463
0 15 23355
22 24 50463
34 43 42840
23 45 69975
23 26 60478
35 46 38252
8 37 20814
44 48 54626
36 38 56437
21 30 35742
21 48 18471
4 10 24307
7 33 40328
17 23 33799
40 45 30282
25 29 24913
17 38 44091
18 38 53249
6 25 24511
5 36 43195
19 41 27260
45 49 52928
20 36 46535
16 42 12414
26 43 24345
32 33 68858
5 26 55796
28 42 58236
14 22 25578
17 43 19510
32 34 30582
19 20 43782
22 48 29799
1 36 35889
4 32 22396
27 36 13584
23 29 34816
14 29 67730
28 41 36208
5 46 58608
43 48 62587
20 31 37654
26 38 22771
10 29 28790
25 32 50067
22 43 26351
3 31 14866
8 22 17464
39 45 29307
16 37 45404
21 37 54580
17 46 11359
2 33 59786
13 35 32888
24 43 45661
4 29 30831
0 11 21103
10 18 40914
1 13 14373
22 35 14366
18 21 52291
21 49 67233
14 27 45137
3 49 46108
10 38 60193
4 15 36146
31 37 24784
13 36 54167
9 39 13022
37 41 30562
19 46 52836
1 35 41216
14 43 52020
19 43 39957
3 42 26119
4 27 65120
34 39 41469
11 35 67710
11 49 19190
8 15 11048
8 40 67471
6 40 56297
30 35 28985
8 31 38967
0 7 11803
5 34 34976
1 9 65208
23 46 12863
10 15 32606
0 14 57906
22 32 41429
2 44 47135
8 16 69662
41 44 31646
13 41 30803
7 29 42520
7 36 24174
0 21 64814
10 43 11422
35 41 29452
22 42 35451
15 16 22150
25 44 62762
11 46 20028
18 22 22119
12 30 16236
16 24 15244
18 39 20730
4 31 40358
4 47 35900
23 49 17213
24 48 55863
10 49 27237
20 28 28832
2 34 26598
10 47 68314
18 31 44855
35 39 24850
10 20 47619
32 47 17270
1 31 44954
2 48 55428
15 42 31162
29 33 67247
5 24 50677
16 34 16966
10 27 43709
4 49 43563
5 38 55647
18 47 43891
26 30 52822
32 41 66436
3 33 64810
16 48 31722
15 17 10448
19 35 44309
19 28 64641
4 33 37743
46 48 38037
11 33 29465
38 46 10278
0 49 30889
4 41 53545
5 11 47076
31 39 68990
8 14 65721
21 38 17455
5 20 33773
43 46 37727
6 7 68978
12 27 36629
21 25 25720
6 17 15165
8 17 59215
8 38 30595
23 44 16201
21 44 69396
31 48 17003
16 21 43685
9 23 46416
8 24 41473
24 29 36628
23 32 58577
34 36 15477
2 45 58039
9 32 66622
13 24 59884
24 31 58080
8 21 30090
23 34 50393
11 34 68116
36 46 35844
7 43 35828
17 36 26878
36 43 51211
5 49 42187
23 24 47572
46 47 25896
16 49 23500
26 27 64595
17 27 47971
0 4 26206
17 22 25699
3 29 32902
39 49 63722
45 47 38618
17 30 24174
10 28 35775
10 45 49452
27 32 61658
16 30 45946
13 19 67632
4 34 56944
36 44 61808
31 42 57044
0 45 24125
5 30 59760
33 49 62868
28 43 56759
19 49 63392
6 22 53349
8 28 18744
10 25 50756
38 42 11810
4 7 39314
33 45 63013
12 45 51597
5 17 53062
17 45 26313
0 23 63270
0 3 55557
18 46 38370
20 38 59868
4 20 15060
22 37 11291
12 18 51391
13 25 54746
38 44 16449
7 34 46796
12 23 55709
7 19 36013
30 38 33511
21 47 51507
14 15 10435
20 33 15726
3 37 23319
5 47 23241
16 22 48742
16 46 25069
19 34 14019
10 44 64397
21 42 35287
4 24 69830
8 41 26786
1 20 62138
12 24 17019
3 48 15501
8 27 47903
28 40 11387
0 22 19114
11 17 54185
13 20 20539
12 38 26265
22 30 22676
10 48 55225
2 38 21981
14 44 24247
1 26 40906
5 25 31146
2 15 24986
34 40 24472
13 28 53577
26 34 14677
9 33 41268
8 34 34102
35 47 35320
1 4 24957
17 34 27854
8 47 47282
14 46 24700
13 31 69368
3 32 24270
25 49 26091
15 20 14118
20 23 67154
3 47 12662
0 8 63252
5 48 53742
17 37 42003
20 34 26135
28 46 29676
9 17 26533
1 32 39457
1 7 40142
26 28 39202
9 24 51388
2 47 33665
7 38 28611
5 18 62977
32 45 39135
0 37 51833
2 43 23898
2 14 40179
8 43 67298
5 33 59078
12 13 20429
9 38 29173
22 26 65530
5 43 35635
7 14 29653
2 26 32655
1 45 57692
17 26 18842
11 44 60361
7 20 39032
2 9 14091
23 48 13435
9 14 20234
14 16 49914
38 45 10080
7 23 30964
10 26 59888
35 49 11757
15 49 63052
7 24 45374
11 30 56514
1 25 35888
4 48 18634
24 28 50508
8 12 58692
36 41 52776
5 13 54689
2 7 57200
1 46 54110
8 19 12454
5 44 30390
34 37 16842
2 32 37840
3 19 29979
36 37 10276
17 32 43595
16 45 27667
37 47 43138
33 39 56356
9 49 47438
4 5 57470
15 47 62115
38 49 28566
1 2 49224
24 41 28570
4 8 69009
20 25 39381
19 44 11379
15 26 60878
25 34 40254
14 23 38854
41 48 12228
15 23 37617
34 47 34964
25 35 35439
8 32 11162
20 24 56901
36 48 19352
1 44 54734
1 16 42428
23 41 52396
11 22 64406
19 38 11571
0 47 31139
2 49 51429
16 35 17887
23 31 17383
11 42 18945
9 30 31910
22 31 58974
14 33 10595
15 31 22400
10 24 17698
0 38 27248
37 45 44613
27 35 17878
14 48 43254
31 45 50927
14 24 44497
