50 50 969
25000 25000 25000 25000 25000 25000 25000 25000 25000 25000 25000 25000 25000 25000 25000 25000 25000 25000 25000 25000 25000 25000 0 25000 25000 25000 25000 25000 25000 25000 25000 25000 25000 25000 25000 25000 25000 25000 25000 25000 25000 25000 25000 25000 25000 25000 25000 25000 25000 25000
2609 3292 6739 8933 6803 5984 10355 7650 8084 4246 5219 5776 6641 7816 4374 3847 5033 6429 6719 3660 7358 5396 5219 8345 4182 6387 7391 5542 5038 10349 6400 5558 6051 9568 3792 4898 9064 7159 11178 8697 4781 6033 6661 5299 8845 11656 9977 5301 8663 3947

2368 1148 3204 4509 4028 2752 5457 3845 4791 2504 2396 2628 3220 3859 1838 2266 2285 3117 3299 2596 3680 2582 2296 4205 1779 2994 5115 2491 2189 5399 3046 2499 2838 4940 1446 2351 4642 3507 6634 4369 2035 2890 3943 2607 5984 6919 5919 3574 4385 1538

38119 28711 4914 17161 44553 7030 26409 19622 50450 35490 13876 9147 14977 9987 21848 35330 20546 15111 25670 37312 29954 23679 9828 13734 19303 6568 57472 8895 11180 22957 12390 7341 15489 21294 21806 22713 18992 16657 67393 15523 12297 23856 48568 27686 66066 66973 59161 44864 16203 22621

94158 75406 32372 11548 94124 35112 29982 21024 105322 79267 29681 21275 20071 28595 64292 80186 47630 25921 53179 95094 61702 69206 23096 42165 48700 24701 135170 25118 40527 60515 47246 30416 52911 19804 61669 53847 15191 17163 141838 16712 34762 49569 105288 76944 142841 137025 121516 110118 12183 58878

1432 1277 1715 1883 566 1580 2152 1577 838 876 1061 1250 1363 1923 1524 955 1016 1318 949 1655 814 1789 1133 2087 1015 1583 2005 1269 1379 2512 1815 1381 1823 2008 1383 947 1901 1497 1685 1925 1108 908 1169 1798 2040 1600 1240 2003 1836 1237

29389 21549 6421 15994 35203 3514 23701 16197 40108 27663 10383 7483 12332 10627 15840 27251 15232 12444 20193 28704 23757 17769 7029 12654 13919 6260 45474 6253 6966 20326 9090 4947 10956 19446 15805 17035 17517 13730 54202 15093 8371 18684 38375 21102 52622 53852 47354 34986 15197 16483

181956 151443 81972 45118 179349 86890 28499 43134 199791 153664 65767 58805 48555 75277 138615 155294 97584 53176 107361 187467 122469 147325 56998 99391 102384 68433 259515 65619 96429 131920 108338 78565 118381 37594 126439 108605 40319 50569 262507 54213 78328 100962 199791 160389 266358 256048 228497 214099 46244 120958

70158 56137 33391 20160 68960 32030 26544 6370 78353 57158 16770 13571 8861 34044 51550 57907 31390 10985 35882 72690 42824 57376 12741 45125 33595 25346 105796 16702 32220 60071 42892 24339 46527 21820 44649 36454 21085 12128 107171 24366 22542 32942 78353 60248 108940 104203 91544 84928 20704 42130

1719 1555 2020 2186 797 1877 2480 1869 697 1127 1324 1525 1646 2242 1817 1211 1359 1593 1205 1956 1061 2099 1395 2416 1275 1880 1940 1538 1663 2869 2127 1665 2135 2327 1668 1203 2218 1789 1599 2239 1374 1156 1050 2109 1977 1509 1125 2149 2144 1511

1038 879 1459 1709 1024 1320 1995 1402 1305 464 869 1050 1181 1674 1133 546 738 1134 1066 1268 1206 1406 928 1875 768 1323 1950 999 1145 2314 1562 1115 1500 1846 988 667 1736 1318 1983 1748 832 916 1087 1416 1986 2088 1720 1628 1668 837

282030 211282 141015 156813 275986 123980 205925 104130 324205 216434 12638 46089 66146 165880 198300 220212 86408 58178 109075 294806 144106 241573 25277 212999 97536 105504 461992 48149 106122 288418 178793 81738 185456 180442 162789 111960 161484 89774 468792 165811 55499 94239 323380 245901 477721 453818 389938 356556 149807 140603

50691 38013 17684 20961 51754 16554 32069 15322 59686 41572 8429 1231 9073 20938 32781 41335 20566 9254 24295 52228 30058 37595 2463 29549 19775 11074 79235 3830 16712 41956 25571 10170 28589 26227 28724 24385 23131 11333 83247 20927 10350 21854 59166 41335 84557 81009 70500 62387 19673 26656

87703 68425 38207 29484 86090 36375 42477 15319 98955 70203 15832 11526 5185 43485 62653 71210 35513 11563 41561 91111 50906 70496 10371 57448 38482 27377 135275 15741 36631 77569 50998 26021 55891 35788 53362 42330 30731 11599 137529 32581 23565 37602 98735 74362 139911 133534 116492 107586 27615 49972

8994 7014 1953 3076 10270 2400 5044 4089 11525 8342 3428 2289 3530 1217 5553 8308 5162 3558 5938 8844 6878 5947 2434 2672 4897 1741 13134 2275 3283 4634 3544 2352 4204 3955 5544 5623 3465 3423 15131 2520 3406 5551 11125 6799 14963 15041 13379 10451 2868 5718

22109 13806 17181 27575 34163 13983 36054 25399 39559 23393 16297 15828 21148 21809 7310 21709 15513 20779 22678 21463 25368 12569 14621 24038 11931 16866 39913 14091 11169 32479 15843 13360 14375 31372 9640 15974 29250 22701 52897 26598 12776 19787 33563 13114 48346 54681 47531 28374 26698 11815

16807 14001 25640 30561 19556 22905 35602 25154 24505 9679 15763 18421 21255 29433 18478 8135 13451 20437 19232 20868 21699 23300 16271 32126 12619 23236 35094 17533 19253 39867 26303 19556 24957 32986 15933 12196 31041 23680 36455 30709 14579 16581 19881 23476 36497 38302 31816 27205 29842 13261

10299 7390 7031 8472 10011 6048 10492 6305 12559 6963 2542 3918 4743 8551 6856 7119 1531 4415 4164 10825 5152 8788 3062 9992 2712 6068 17458 3782 5031 13093 7754 4593 8294 9443 5401 2666 8664 5714 17692 8842 2599 3101 11362 8989 17709 17551 14924 13365 8184 4483

175305 136474 78453 73100 171987 74683 92515 36644 198000 139301 27445 23562 23034 89311 126332 141375 67935 11423 80376 182317 99603 144881 22846 118038 74042 56173 274079 32233 75211 159433 104768 53383 114834 79433 107218 81959 75663 36305 280374 79396 45918 72233 198000 150423 282712 269592 234531 216209 69254 97680

14104 10872 9452 10186 10309 8668 12441 7754 12529 10040 3542 5082 6005 10597 10274 10214 4313 5638 2061 14718 4237 12438 4123 12767 5635 7817 21789 5177 8073 16239 11122 6723 11726 11267 8646 5230 10401 7099 19186 10594 5350 2795 14964 12662 22071 18497 15556 17561 9863 7618

4719 4738 8597 11897 10320 7583 14113 10500 12031 6905 7254 7875 9152 10064 5467 6371 7005 8870 9277 3656 10130 6729 7312 10878 5869 8497 9506 7622 6695 13554 8172 7390 7707 13238 5406 7151 12428 9845 15675 11583 6547 8360 10130 5845 12180 16314 14559 5847 11614 5613

2204 1718 1581 1691 1302 1463 2030 1326 1635 1593 693 924 1063 1760 1628 1619 733 1008 555 2296 390 1953 780 2079 931 1335 3066 939 1298 2600 1756 1171 1846 1853 1384 871 1722 1227 2673 1752 889 505 2041 1987 3108 2532 2090 2723 1643 1229

33087 23443 23170 37575 50155 19559 48702 36072 57236 36022 26166 23493 30494 29263 14919 33813 25682 30655 35084 31815 38614 11166 22333 29102 20982 23524 56025 21214 17380 40178 17905 20255 15978 42538 17975 26288 39775 32512 74738 35911 21002 31291 49368 15978 67091 77038 67697 40884 36405 20830

29547 21819 12087 14277 30208 10393 19877 9670 34960 23989 3801 2252 5847 14071 19650 23844 11199 6260 13471 30993 16984 22873 0 19319 10703 8017 46945 2293 10145 26881 15889 6157 17728 16757 16158 13513 14856 7665 50147 14257 4959 11984 34713 24051 50189 48040 41634 36675 13492 14897

19258 15154 4883 8660 22473 5240 12851 10822 25140 18677 8930 6798 9435 4715 11943 18148 11947 9496 14265 19106 16203 11616 7106 3553 10898 5631 28226 6684 7117 7725 6509 5973 7911 10537 11924 12593 9496 9405 33421 7486 7881 13444 24198 13429 31946 32615 29081 22522 8227 12293

32600 22120 24063 31410 36263 20115 39682 24603 43406 26098 11050 13644 18976 29538 20197 24684 10012 17796 19495 34493 23056 27157 10541 33424 5270 20594 59259 12362 14845 44597 26668 15282 26495 35297 14936 10622 32488 21866 64743 31379 8099 15669 41636 27879 64804 63420 53958 43640 30250 11650

19133 14415 4124 7502 21736 4258 12148 8180 24693 17191 5611 2952 5851 5337 11613 17111 9697 5918 11525 19369 13673 12852 3268 8547 9073 1634 29479 2801 5623 13172 7620 3075 8745 9583 10952 10784 8420 6693 33190 6967 5560 10615 23935 14794 33148 32667 28750 23156 7022 11361

175156 190444 281463 355282 238383 258749 406770 325852 225170 205569 253234 264755 294457 314332 211356 210756 242970 289434 287742 170788 273327 239639 248102 332568 222222 279224 124051 257875 238875 392519 271962 254436 261534 380835 205405 233251 365874 308872 262243 348348 234998 267212 177231 219819 183947 276549 279934 151733 352989 210046

31417 23339 11056 15023 33379 9282 22113 11424 38298 25597 5582 2430 7436 13292 19279 25460 12766 7551 15708 32571 19387 22351 1601 18629 11698 6794 49650 800 9022 26549 15038 4846 16963 18384 18146 14626 16408 8878 52990 15002 5683 14150 36827 24738 53033 52629 45921 39055 14201 16091

22292 15532 8585 15815 27305 6079 22449 14122 31534 21286 7458 6609 10790 12212 11525 20448 11037 10887 16351 22629 18460 14092 5916 13959 8953 7422 37089 5247 2958 20575 9380 4675 9917 18779 10579 12122 17129 11995 44699 15038 5121 14086 30040 16086 42325 43386 37782 28046 15128 11164

35887 29205 12480 18630 41122 13061 25455 22151 45465 34940 19069 15598 19892 12207 23976 34080 23982 19991 27757 35640 30912 23444 16099 10314 22275 13699 50490 15413 16118 8049 15128 14256 17411 21687 23945 25034 19991 19843 58502 16718 17362 26420 43931 26395 56547 57636 51882 41202 17925 24545

12035 8916 3727 7937 15528 2988 11116 8229 17556 12413 5826 4628 6632 5471 6476 11884 7270 6678 9817 11792 10828 6101 4440 5425 6843 4123 18722 4120 3693 8596 2220 3580 3285 9358 7288 8021 8567 7210 23593 7374 4435 8731 16331 7478 21757 23235 20550 14388 7608 8162

16816 12300 4673 8907 19038 3674 13346 7880 21863 14695 4330 2861 5655 6838 9623 14610 7526 5719 9982 17041 12034 11338 2398 8891 6931 3300 26701 1952 3900 13310 6886 1199 7961 10895 8991 8573 9784 6460 29982 8388 3574 9112 21992 12670 30199 29780 26037 20660 8448 9382

33291 24043 13451 25678 45466 10386 35106 25927 51477 34720 17347 15249 21192 18623 16808 32845 22433 21329 29985 32571 32982 15695 14693 18486 19385 13751 53121 13742 10951 27888 8982 12141 7346 30148 19402 23889 27802 22904 67566 24266 14025 26766 46032 19779 62514 69570 61607 40269 24685 21808

946126 772783 372672 171891 941607 399465 229188 203364 1052973 801673 322800 261306 229995 336196 681269 810550 496143 258078 549405 987768 631719 728398 261790 467575 512606 298912 1361570 298428 451435 644793 516318 354111 575875 130895 640112 556184 145421 201588 1394657 221440 377998 514543 1052973 803126 1415639 1359472 1209370 1121245 178024 610899

11074 6516 9745 14620 17265 8055 18070 12049 20125 11582 7198 7592 9802 12191 5780 10692 6792 9607 10578 11927 12000 8559 6353 13369 4891 8961 21336 7495 5951 17830 10200 7109 9514 16229 3176 7028 15116 10875 27174 14096 5378 9051 16956 8848 24582 28075 24330 15579 14222 4326

15829 11730 12055 14909 14887 10463 18181 11400 18098 9950 5307 7379 8870 14516 10865 10202 3806 8340 7557 17293 9159 13994 5984 16447 4154 10495 26946 6793 8459 21470 13235 8116 13697 16483 8500 2992 15221 10444 27326 15353 4886 5837 17073 14319 27353 27097 22842 21406 14443 7022

260549 211357 97602 40426 259264 105128 73603 59561 291477 219479 83331 65940 56946 87232 185247 222003 132614 73007 147849 269818 171160 198738 65986 124584 137295 76540 378755 76494 119995 174969 138442 92233 155375 45566 173638 149685 32993 48961 388070 54606 99025 137846 290926 219984 394035 378067 335391 310337 42170 165240

137814 108160 60774 37261 137095 58008 63568 27330 156514 113056 30982 20497 15076 61549 97731 114578 60691 24757 69875 142959 83983 109515 20525 84066 63513 44425 209073 26860 58395 114439 80082 42378 87468 46721 85421 70981 39142 10262 214743 41936 40442 63900 156127 117123 218284 208713 182987 167828 34439 80359

45190 41683 54470 59493 29821 51403 65177 52117 27688 32544 40378 44494 47243 59211 47631 34351 38581 46820 37823 48504 35461 53659 42775 64357 39250 51465 40960 44335 48318 73399 57395 46882 55712 61907 44450 37012 59475 50292 21387 60630 40660 36889 30385 54285 34060 23696 24243 45428 59070 41092

22574 17974 7146 4104 23542 8089 8618 6428 26371 19848 7822 5211 5621 5744 15256 19762 12226 7047 13579 22804 15670 16305 5658 9081 11939 5543 32644 6154 9417 13583 10795 6937 12308 6121 14604 13612 4997 4907 35329 2829 8519 12693 26231 18261 35444 34157 30344 26490 3636 14436

80057 56481 38011 53182 85773 30699 70728 39587 100523 63100 15801 16494 27925 49316 49862 62659 25677 26917 44210 82915 51564 61965 10086 58183 22567 30846 133135 13847 23134 81255 43390 19877 47404 61209 39209 31140 55409 33472 142906 53119 5043 36309 95817 63289 143032 141855 122313 103360 50787 35364

58028 43758 39723 42962 45043 36260 52917 32225 54677 40086 13627 20427 24504 44777 41119 40854 14800 22884 13348 60736 18235 50669 16196 54356 20636 32504 91957 20846 31401 69686 44861 27673 47528 47737 33928 18849 43884 29335 84235 44763 19379 8098 61825 51661 93199 81191 68206 73289 41538 29391

11687 10319 16111 18256 9625 14832 20714 15620 8793 7559 11041 12598 13719 17960 12502 7885 9913 13320 12732 13667 11825 14853 11550 19329 10071 15090 13193 12158 13052 23103 16310 14031 15654 19439 11261 9301 18490 14901 14420 18590 10725 11440 5775 15097 13994 15320 12357 14935 17905 9951

19812 14312 16981 25818 30875 14743 32575 23312 35262 22118 16250 16268 19856 20756 9331 20750 16000 19556 21825 17087 24012 9543 14550 20656 13087 17100 32087 14856 12481 27518 13718 14262 12525 28893 11225 16375 27181 21506 46393 24875 13050 19475 30675 7275 38943 47856 42043 22706 25093 12993

107792 115691 168663 190737 120397 157010 210766 169251 113618 103562 131938 144628 153760 185526 134768 109304 122750 150511 145721 113954 138325 149278 136084 193650 124879 163256 89976 141042 142499 224408 164573 150483 160511 200373 123367 117764 192641 163396 108212 193454 129361 135188 93057 139110 68042 115551 117288 104178 187935 125748

50320 46673 57109 60151 29943 53921 66703 53124 27725 37172 40919 45381 48057 62039 52583 39050 40589 46994 38262 53765 35074 58814 42605 65905 40553 53307 45922 46572 49175 75966 59473 49220 61003 63303 49184 38958 60774 51227 25572 61352 42752 37291 34927 59519 38748 21302 24143 50567 59235 45803

13547 12443 15576 16502 7348 14610 18481 14368 6676 9565 10672 12024 12834 17069 14205 10134 10572 12512 9867 15145 8902 16103 11183 18240 10561 14424 14940 12384 13172 21287 16292 13186 16755 17451 13197 10078 16686 13794 8777 16860 11227 9573 9046 16305 12767 8172 5591 17640 16219 12151

1568 1572 2542 3371 2975 2287 3928 3020 3140 2117 2205 2361 2682 2911 1756 1983 2142 2611 2713 1300 2927 2073 2174 3115 1857 2517 2006 2297 2064 3788 2435 2239 2318 3664 1740 2179 3495 2856 3556 3292 2072 2483 2603 1850 2678 3717 4040 1087 3300 1792

101089 81178 34056 14036 101528 37057 34221 24448 114155 85625 31329 21905 20807 29883 69009 86632 50983 27212 57059 102699 66392 74352 23899 44780 51935 25656 147937 26114 42986 64873 50343 31915 56510 23076 66429 57791 18025 17622 155129 16909 36673 53106 114118 82825 155275 148907 131888 119151 11949 63080

7969 4856 7095 9693 10916 5941 11999 7886 12864 7029 4190 4847 6351 8766 4903 6421 3907 6030 6493 8552 7464 6801 4001 9570 2614 6560 14979 4498 4503 12617 7978 5294 7448 10753 3124 4073 9987 7090 17673 9684 3335 5450 10694 6998 17196 18323 15742 11047 9376 2000

0 2 22777
0 3 17793
0 4 15386
0 5 66649
0 6 52362
0 7 18690
0 8 47763
0 10 13426
0 11 25736
0 12 25368
0 13 46429
0 14 31530
0 15 35123
0 17 43929
0 19 33058
0 20 68167
0 21 68456
0 22 68042
0 23 27373
0 24 14919
0 25 68537
0 28 54370
0 29 13526
0 30 58980
0 32 56862
0 33 56996
0 34 32305
0 38 56505
0 39 31729
0 40 55857
0 41 63895
0 42 50545
0 44 25434
0 45 54043
0 46 41087
0 47 67276
1 2 15403
1 4 62399
1 6 59676
1 8 20012
1 9 48586
1 10 67539
1 11 50570
1 14 36601
1 15 22902
1 16 40492
1 17 30756
1 18 50280
1 19 59441
1 20 19689
1 21 56619
1 22 34729
1 23 38117
1 26 60675
1 27 68927
1 28 67856
1 29 62353
1 30 46965
1 31 34683
1 32 18624
1 33 42871
1 34 38829
1 35 20019
1 36 53368
1 37 56715
1 38 68149
1 39 30723
1 40 12245
1 41 63451
1 42 33555
1 43 27488
1 44 18228
1 46 55193
1 47 47034
1 48 60124
1 49 66987
2 4 56491
2 5 18365
2 8 22551
2 9 29228
2 10 25407
2 11 46121
2 12 24395
2 13 11237
2 14 43793
2 15 64428
2 21 54443
2 23 44538
2 24 26840
2 26 65128
2 27 67369
2 28 19917
2 29 33324
2 30 29470
2 31 68490
2 32 19772
2 34 65590
2 35 38139
2 36 59786
2 38 38542
2 40 49507
2 41 38804
2 43 23622
2 44 19299
2 45 45746
2 46 64340
2 47 13311
2 48 17605
2 49 55661
3 4 54878
3 5 59320
3 6 29444
3 7 58522
3 8 36708
3 9 58282
3 10 42924
3 12 15624
3 13 22036
3 14 61899
3 15 55550
3 16 40071
3 17 37131
3 19 38933
3 20 68660
3 21 67199
3 23 62996
3 24 23773
3 25 29668
3 29 15084
3 30 32090
3 34 69107
3 35 49756
3 37 16887
3 39 22172
3 40 52009
3 41 15210
3 42 37587
3 44 27713
3 45 65321
3 46 54819
3 47 27721
4 5 23940
4 7 16228
4 8 39150
4 9 46658
4 10 39224
4 11 37269
4 12 44081
4 13 30084
4 14 61972
4 15 23850
4 16 15385
4 17 69299
4 19 53898
4 20 62298
4 21 50524
4 22 58209
4 23 58819
4 24 67732
4 25 65994
4 26 50379
4 27 55273
4 28 18850
4 29 51860
4 30 45579
4 31 11993
4 32 57621
4 33 12504
4 34 31961
4 35 41326
4 36 48944
4 37 43202
4 38 26784
4 39 32842
4 40 19528
4 41 18872
4 42 39958
4 43 58036
4 45 16248
4 46 23333
4 47 51648
4 48 69754
4 49 41746
5 7 64500
5 8 23788
5 9 36249
5 11 53033
5 12 22497
5 13 64892
5 14 29125
5 15 23996
5 16 19188
5 17 13729
5 18 42460
5 19 13921
5 20 56304
5 21 38027
5 22 56748
5 23 58902
5 24 27697
5 25 61043
5 26 22002
5 27 36403
5 28 30681
5 29 18538
5 30 65151
5 31 52134
5 32 61692
5 33 66127
5 34 25629
5 36 48285
5 37 65343
5 38 13177
5 39 55238
5 40 26949
5 41 65367
5 42 42292
5 44 43144
5 45 68390
5 46 65340
5 48 23826
5 49 42261
6 7 40360
6 8 38023
6 9 10081
6 10 33190
6 12 36367
6 13 34234
6 14 21626
6 16 19614
6 17 18205
6 20 55100
6 21 52726
6 22 34916
6 23 35578
6 24 18946
6 25 52647
6 28 29631
6 29 60857
6 30 51312
6 31 69214
6 32 43512
6 33 24412
6 34 59610
6 35 16189
6 36 56355
6 37 46620
6 38 28987
6 39 48338
6 40 57770
6 41 26856
6 43 42260
6 44 30237
6 45 63059
6 46 38518
6 47 40783
6 48 58458
6 49 17637
7 8 50483
7 12 64471
7 13 21100
7 14 33618
7 15 68025
7 17 61233
7 18 23681
7 20 20270
7 22 51839
7 23 38363
7 24 18794
7 25 49847
7 26 47462
7 27 69390
7 29 15057
7 30 61521
7 31 58574
7 32 51947
7 33 49231
7 34 60537
7 35 55054
7 37 65325
7 40 63002
7 41 36139
7 42 15404
7 43 64580
7 45 63970
7 46 54812
7 47 44977
7 48 61536
7 49 14176
8 10 29759
8 11 59744
8 12 59911
8 13 33950
8 15 17818
8 16 20563
8 17 11244
8 18 11805
8 19 53291
8 20 68955
8 21 43589
8 23 54918
8 24 26882
8 26 36717
8 28 41574
8 29 36593
8 30 60253
8 32 17814
8 33 28179
8 35 65775
8 37 25710
8 38 40294
8 39 50346
8 40 21137
8 41 35153
8 42 32573
8 43 30925
8 45 64018
8 46 26836
8 47 65055
8 48 33858
9 11 42661
9 12 39685
9 13 63073
9 14 66851
9 16 57868
9 17 59485
9 18 52195
9 19 52949
9 20 10967
9 21 16763
9 22 20596
9 23 10865
9 26 17770
9 27 69211
9 29 55196
9 30 37321
9 32 34172
9 35 57283
9 36 57398
9 37 51063
9 38 56950
9 39 20573
9 40 36059
9 41 44047
9 42 15082
9 43 21232
9 44 32954
9 45 41898
9 48 59159
9 49 69262
10 11 31041
10 12 11723
10 14 59122
10 16 65821
10 17 59365
10 18 41171
10 19 50269
10 21 31703
10 24 23959
10 25 52806
10 26 58720
10 27 11308
10 28 12698
10 29 66376
10 30 62715
10 31 15171
10 32 41559
10 33 24010
10 34 48224
10 35 26539
10 36 23378
10 37 35053
10 38 59114
10 39 55989
10 40 58067
10 41 25223
10 42 42231
10 45 53875
10 46 60179
10 48 65350
10 49 43813
11 12 31494
11 13 56081
11 14 45720
11 15 17982
11 16 27487
11 17 69296
11 18 15404
11 22 60032
11 23 33181
11 24 40415
11 25 69708
11 26 29999
11 27 62297
11 28 45776
11 30 41309
11 31 29932
11 32 25021
11 33 63563
11 34 33682
11 35 67685
11 37 20930
11 38 24583
11 39 21476
11 40 25820
11 42 25528
11 43 27525
11 45 31360
11 46 17643
11 47 10928
11 48 16621
12 13 20888
12 14 16815
12 15 53437
12 16 50008
12 18 42350
12 20 53827
12 21 31269
12 22 16651
12 23 50910
12 24 40639
12 25 31888
12 26 42393
12 27 23890
12 28 25199
12 29 46931
12 30 58777
12 31 10657
12 32 10952
12 33 22641
12 35 41298
12 36 43195
12 37 65805
12 39 18954
12 41 49593
12 42 32197
12 43 59672
12 45 15000
12 46 50997
12 47 58412
12 48 48382
12 49 24693
13 14 52439
13 15 18421
13 16 44985
13 17 51354
13 18 48762
13 19 61541
13 20 31852
13 21 13662
13 22 60399
13 26 56506
13 27 66364
13 28 18263
13 29 53172
13 30 63537
13 31 38828
13 32 17280
13 33 65856
13 34 28341
13 35 15352
13 36 25511
13 37 19517
13 39 11351
13 40 39300
13 42 54667
13 43 61489
13 44 44154
13 45 29875
13 46 56141
13 47 62538
13 48 20636
14 15 52844
14 17 16814
14 18 44314
14 20 30183
14 22 31535
14 24 14393
14 26 20109
14 27 64673
14 28 25735
14 29 24295
14 30 14313
14 32 24949
14 33 55155
14 34 68468
14 35 50960
14 37 13286
14 38 25358
14 40 23245
14 41 22761
14 42 60323
14 44 39954
14 45 58364
14 46 45624
14 47 33919
14 48 55844
14 49 41238
15 16 24976
15 17 50019
15 18 56343
15 21 42475
15 22 58011
15 23 56912
15 25 50902
15 26 18131
15 27 33174
15 28 19718
15 29 51183
15 30 55487
15 32 48957
15 33 26125
15 34 56797
15 35 63418
15 36 18153
15 37 45474
15 38 55393
15 39 55948
15 40 60030
15 41 59559
15 42 22160
15 43 16424
15 44 54280
15 47 23480
15 48 17583
15 49 24140
16 19 42557
16 20 20431
16 21 14220
16 22 67690
16 24 53638
16 25 69421
16 27 52671
16 28 68743
16 29 63899
16 31 39154
16 32 40569
16 33 69969
16 34 62373
16 35 68433
16 36 42587
16 37 50094
16 38 41499
16 39 57339
16 40 21742
16 41 42086
16 42 41349
16 44 53881
16 45 65634
16 46 24387
16 47 53287
16 48 29643
17 18 65354
17 19 53124
17 20 66259
17 21 67418
17 23 15269
17 25 12733
17 26 22734
17 28 30435
17 30 50669
17 31 26487
17 32 26837
17 33 48089
17 34 35205
17 35 16704
17 36 12557
17 37 13403
17 38 51892
17 40 33605
17 41 36579
17 42 31528
17 43 64447
17 44 54045
17 45 13787
17 46 65551
17 47 31386
17 49 36948
18 19 33036
18 20 27107
18 21 35417
18 22 65921
18 25 15994
18 26 24123
18 28 29484
18 29 36312
18 30 29017
18 31 15165
18 32 61608
18 33 51745
18 36 26295
18 37 50559
18 39 56652
18 40 55340
18 41 61743
18 42 43091
18 43 56527
18 44 68878
18 45 53050
18 46 32124
18 47 14213
18 48 48499
18 49 46794
19 20 55115
19 21 29342
19 22 52437
19 23 53198
19 24 39939
19 25 36513
19 26 35128
19 27 41804
19 28 62346
19 29 68138
19 30 60495
19 31 46421
19 32 37226
19 33 44158
19 34 30356
19 36 15472
19 37 63339
19 38 65883
19 39 37661
19 40 37542
19 41 12339
19 42 45344
19 44 56267
19 45 32013
19 46 50519
19 47 24650
19 48 47832
19 49 20279
20 22 40635
20 23 31598
20 26 30570
20 27 22540
20 28 30801
20 30 69492
20 31 56496
20 32 12939
20 34 11304
20 35 12606
20 36 54523
20 37 14349
20 38 52530
20 40 23165
20 41 58302
20 42 51079
20 43 32547
20 44 38484
20 45 69561
20 46 31931
20 47 30528
20 48 65494
20 49 27543
21 22 11123
21 23 30187
21 24 54643
21 26 57394
21 27 34680
21 29 63018
21 31 44098
21 32 59010
21 33 33179
21 34 46066
21 35 44425
21 36 14978
21 37 16966
21 38 46748
21 40 10516
21 41 19912
21 42 59877
21 44 11197
21 45 33003
21 46 45951
21 47 38498
21 49 63861
22 23 42334
22 24 45325
22 25 14428
22 26 31763
22 27 40115
22 29 41014
22 30 10897
22 33 28329
22 34 41313
22 35 42634
22 37 18585
22 38 12765
22 39 27930
22 40 27892
22 41 36629
22 42 29752
22 43 26366
22 44 17395
22 45 54428
22 47 39613
22 48 32300
22 49 53786
23 24 60763
23 25 46508
23 26 19416
23 27 41982
23 28 23540
23 29 58826
23 30 67565
23 31 59499
23 32 21546
23 33 29853
23 36 23842
23 37 46534
23 38 19810
23 39 30869
23 40 25815
23 41 18696
23 44 49451
23 45 35361
23 46 33037
23 47 25861
24 25 34088
24 26 48620
24 27 33293
24 29 47135
24 30 13162
24 32 11996
24 34 27811
24 35 42515
24 37 13332
24 38 35950
24 39 41633
24 40 52880
24 41 32293
24 44 65444
24 46 28738
25 26 46465
25 28 24813
25 29 62499
25 30 64535
25 33 38346
25 34 13072
25 35 15740
25 37 39587
25 38 27836
25 39 23439
25 41 30114
25 42 67371
25 43 50596
25 44 39883
25 46 54697
25 47 16067
25 49 17433
26 28 22132
26 29 30529
26 30 51690
26 31 48147
26 32 62349
26 33 56422
26 34 31968
26 35 12255
26 36 36766
26 37 20936
26 38 48260
26 39 35220
26 41 41287
26 47 17127
26 48 22728
26 49 49170
27 28 22798
27 29 69563
27 30 23660
27 31 38616
27 32 38223
27 35 17035
27 37 18608
27 40 41198
27 41 64968
27 42 11009
27 44 24887
27 45 44673
27 48 11929
27 49 33044
28 29 22280
28 30 54209
28 31 69747
28 32 42366
28 33 33759
28 34 61742
28 35 39401
28 38 12958
28 39 24422
28 40 67755
28 41 59090
28 42 46071
28 43 42603
28 44 28320
28 45 39942
28 46 10012
28 47 33807
28 48 45358
28 49 52894
29 31 44636
29 33 52626
29 34 22973
29 35 68865
29 36 33421
29 37 19409
29 38 15400
29 39 62786
29 41 57458
29 42 16127
29 43 56368
29 44 64569
29 45 18341
29 46 15374
29 48 50010
29 49 43165
30 31 41867
30 32 30926
30 33 36238
30 34 13705
30 35 19562
30 36 43832
30 39 59807
30 40 62497
30 41 42538
30 42 25139
30 43 67470
30 45 51280
30 46 26754
30 47 11707
30 48 44400
30 49 23021
31 32 36788
31 33 55190
31 34 29634
31 35 35325
31 37 21694
31 39 14191
31 40 35520
31 42 30538
31 43 41492
31 44 18422
31 45 47685
31 46 48094
31 47 31708
31 48 52802
31 49 51784
32 33 11087
32 35 41735
32 36 44492
32 37 20296
32 38 41530
32 39 54049
32 40 30512
32 41 27589
32 43 24872
32 45 62557
32 46 16576
32 47 27797
32 48 15139
32 49 37005
33 34 44782
33 35 20523
33 36 45236
33 38 31884
33 39 39299
33 40 50754
33 41 43236
33 42 30292
33 44 45164
33 46 37721
33 48 36410
34 35 17902
34 37 15916
34 38 52781
34 40 28017
34 43 44511
34 45 25265
34 46 48566
34 47 47669
34 48 69134
34 49 64536
35 36 26906
35 37 37697
35 40 37570
35 42 43486
35 43 65767
35 44 26966
35 45 50435
35 46 40037
35 47 39719
35 48 40212
35 49 23934
36 37 11117
36 38 68674
36 39 30631
36 40 17208
36 41 22851
36 43 29690
36 44 21161
36 45 37934
36 46 14795
36 47 31135
36 48 57351
36 49 11320
37 39 46688
37 40 62996
37 41 18401
37 42 63069
37 43 54416
37 44 38582
37 45 53682
37 46 28502
37 47 11123
37 48 16790
37 49 27235
38 39 24946
38 41 56229
38 42 54628
38 45 10589
38 46 29876
38 47 53766
38 49 37194
39 40 57036
39 41 36384
39 42 47209
39 43 12700
39 44 20539
39 45 34835
39 46 30450
39 48 15250
39 49 13428
40 41 36264
40 42 26758
40 44 46634
40 45 22711
40 46 14105
40 47 11736
40 48 22034
40 49 44565
41 44 26632
41 46 51467
41 47 53558
41 48 42302
41 49 69963
42 43 25038
42 44 52014
42 45 39433
42 46 18430
42 47 33669
42 48 50659
43 44 41801
43 45 27967
43 46 40260
43 47 66335
43 48 42631
43 49 14712
44 45 49353
44 46 31662
44 47 48628
44 48 29551
45 46 37699
45 47 13069
45 48 57195
45 49 57889
46 47 29369
46 48 46008
46 49 65704
47 49 25733
48 49 51187
