50 50 856
25000 25000 25000 25000 25000 25000 25000 25000 25000 25000 25000 25000 25000 25000 25000 25000 25000 25000 25000 25000 25000 25000 0 25000 25000 25000 25000 25000 25000 25000 25000 25000 25000 25000 25000 25000 25000 25000 25000 25000 25000 25000 25000 25000 25000 25000 25000 25000 25000 25000
2609 3292 6739 8933 6803 5984 10355 7650 8084 4246 5219 5776 6641 7816 4374 3847 5033 6429 6719 3660 7358 5396 5219 8345 4182 6387 7391 5542 5038 10349 6400 5558 6051 9568 3792 4898 9064 7159 11178 8697 4781 6033 6661 5299 8845 11656 9977 5301 8663 3947

2368 1148 3204 4509 4028 2752 5457 3845 4791 2504 2396 2628 3220 3859 1838 2266 2285 3117 3299 2596 3680 2582 2296 4205 1779 2994 5115 2491 2189 5399 3046 2499 2838 4940 1446 2351 4642 3507 6634 4369 2035 2890 3943 2607 5984 6919 5919 3574 4385 1538

38119 28711 4914 17161 44553 7030 26409 19622 50450 35490 13876 9147 14977 9987 21848 35330 20546 15111 25670 37312 29954 23679 9828 13734 19303 6568 57472 8895 11180 22957 12390 7341 15489 21294 21806 22713 18992 16657 67393 15523 12297 23856 48568 27686 66066 66973 59161 44864 16203 22621

94158 75406 32372 11548 94124 35112 29982 21024 105322 79267 29681 21275 20071 28595 64292 80186 47630 25921 53179 95094 61702 69206 23096 42165 48700 24701 135170 25118 40527 60515 47246 30416 52911 19804 61669 53847 15191 17163 141838 16712 34762 49569 105288 76944 142841 137025 121516 110118 12183 58878

1432 1277 1715 1883 566 1580 2152 1577 838 876 1061 1250 1363 1923 1524 955 1016 1318 949 1655 814 1789 1133 2087 1015 1583 2005 1269 1379 2512 1815 1381 1823 2008 1383 947 1901 1497 1685 1925 1108 908 1169 1798 2040 1600 1240 2003 1836 1237

29389 21549 6421 15994 35203 3514 23701 16197 40108 27663 10383 7483 12332 10627 15840 27251 15232 12444 20193 28704 23757 17769 7029 12654 13919 6260 45474 6253 6966 20326 9090 4947 10956 19446 15805 17035 17517 13730 54202 15093 8371 18684 38375 21102 52622 53852 47354 34986 15197 16483

181956 151443 81972 45118 179349 86890 28499 43134 199791 153664 65767 58805 48555 75277 138615 155294 97584 53176 107361 187467 122469 147325 56998 99391 102384 68433 259515 65619 96429 131920 108338 78565 118381 37594 126439 108605 40319 50569 262507 54213 78328 100962 199791 160389 266358 256048 228497 214099 46244 120958

70158 56137 33391 20160 68960 32030 26544 6370 78353 57158 16770 13571 8861 34044 51550 57907 31390 10985 35882 72690 42824 57376 12741 45125 33595 25346 105796 16702 32220 60071 42892 24339 46527 21820 44649 36454 21085 12128 107171 24366 22542 32942 78353 60248 108940 104203 91544 84928 20704 42130

1719 1555 2020 2186 797 1877 2480 1869 697 1127 1324 1525 1646 2242 1817 1211 1359 1593 1205 1956 1061 2099 1395 2416 1275 1880 1940 1538 1663 2869 2127 1665 2135 2327 1668 1203 2218 1789 1599 2239 1374 1156 1050 2109 1977 1509 1125 2149 2144 1511

1038 879 1459 1709 1024 1320 1995 1402 1305 464 869 1050 1181 1674 1133 546 738 1134 1066 1268 1206 1406 928 1875 768 1323 1950 999 1145 2314 1562 1115 1500 1846 988 667 1736 1318 1983 1748 832 916 1087 1416 1986 2088 1720 1628 1668 837

282030 211282 141015 156813 275986 123980 205925 104130 324205 216434 12638 46089 66146 165880 198300 220212 86408 58178 109075 294806 144106 241573 25277 212999 97536 105504 461992 48149 106122 288418 178793 81738 185456 180442 162789 111960 161484 89774 468792 165811 55499 94239 323380 245901 477721 453818 389938 356556 149807 140603

50691 38013 17684 20961 51754 16554 32069 15322 59686 41572 8429 1231 9073 20938 32781 41335 20566 9254 24295 52228 30058 37595 2463 29549 19775 11074 79235 3830 16712 41956 25571 10170 28589 26227 28724 24385 23131 11333 83247 20927 10350 21854 59166 41335 84557 81009 70500 62387 19673 26656

87703 68425 38207 29484 86090 36375 42477 15319 98955 70203 15832 11526 5185 43485 62653 71210 35513 11563 41561 91111 50906 70496 10371 57448 38482 27377 135275 15741 36631 77569 50998 26021 55891 35788 53362 42330 30731 11599 137529 32581 23565 37602 98735 74362 139911 133534 116492 107586 27615 49972

8994 7014 1953 3076 10270 2400 5044 4089 11525 8342 3428 2289 3530 1217 5553 8308 5162 3558 5938 8844 6878 5947 2434 2672 4897 1741 13134 2275 3283 4634 3544 2352 4204 3955 5544 5623 3465 3423 15131 2520 3406 5551 11125 6799 14963 15041 13379 10451 2868 5718

22109 13806 17181 27575 34163 13983 36054 25399 39559 23393 16297 15828 21148 21809 7310 21709 15513 20779 22678 21463 25368 12569 14621 24038 11931 16866 39913 14091 11169 32479 15843 13360 14375 31372 9640 15974 29250 22701 52897 26598 12776 19787 33563 13114 48346 54681 47531 28374 26698 11815

16807 14001 25640 30561 19556 22905 35602 25154 24505 9679 15763 18421 21255 29433 18478 8135 13451 20437 19232 20868 21699 23300 16271 32126 12619 23236 35094 17533 19253 39867 26303 19556 24957 32986 15933 12196 31041 23680 36455 30709 14579 16581 19881 23476 36497 38302 31816 27205 29842 13261

10299 7390 7031 8472 10011 6048 10492 6305 12559 6963 2542 3918 4743 8551 6856 7119 1531 4415 4164 10825 5152 8788 3062 9992 2712 6068 17458 3782 5031 13093 7754 4593 8294 9443 5401 2666 8664 5714 17692 8842 2599 3101 11362 8989 17709 17551 14924 13365 8184 4483

175305 136474 78453 73100 171987 74683 92515 36644 198000 139301 27445 23562 23034 89311 126332 141375 67935 11423 80376 182317 99603 144881 22846 118038 74042 56173 274079 32233 75211 159433 104768 53383 114834 79433 107218 81959 75663 36305 280374 79396 45918 72233 198000 150423 282712 269592 234531 216209 69254 97680

14104 10872 9452 10186 10309 8668 12441 7754 12529 10040 3542 5082 6005 10597 10274 10214 4313 5638 2061 14718 4237 12438 4123 12767 5635 7817 21789 5177 8073 16239 11122 6723 11726 11267 8646 5230 10401 7099 19186 10594 5350 2795 14964 12662 22071 18497 15556 17561 9863 7618

4719 4738 8597 11897 10320 7583 14113 10500 12031 6905 7254 7875 9152 10064 5467 6371 7005 8870 9277 3656 10130 6729 7312 10878 5869 8497 9506 7622 6695 13554 8172 7390 7707 13238 5406 7151 12428 9845 15675 11583 6547 8360 10130 5845 12180 16314 14559 5847 11614 5613

2204 1718 1581 1691 1302 1463 2030 1326 1635 1593 693 924 1063 1760 1628 1619 733 1008 555 2296 390 1953 780 2079 931 1335 3066 939 1298 2600 1756 1171 1846 1853 1384 871 1722 1227 2673 1752 889 505 2041 1987 3108 2532 2090 2723 1643 1229

33087 23443 23170 37575 50155 19559 48702 36072 57236 36022 26166 23493 30494 29263 14919 33813 25682 30655 35084 31815 38614 11166 22333 29102 20982 23524 56025 21214 17380 40178 17905 20255 15978 42538 17975 26288 39775 32512 74738 35911 21002 31291 49368 15978 67091 77038 67697 40884 36405 20830

29547 21819 12087 14277 30208 10393 19877 9670 34960 23989 3801 2252 5847 14071 19650 23844 11199 6260 13471 30993 16984 22873 0 19319 10703 8017 46945 2293 10145 26881 15889 6157 17728 16757 16158 13513 14856 7665 50147 14257 4959 11984 34713 24051 50189 48040 41634 36675 13492 14897

19258 15154 4883 8660 22473 5240 12851 10822 25140 18677 8930 6798 9435 4715 11943 18148 11947 9496 14265 19106 16203 11616 7106 3553 10898 5631 28226 6684 7117 7725 6509 5973 7911 10537 11924 12593 9496 9405 33421 7486 7881 13444 24198 13429 31946 32615 29081 22522 8227 12293

32600 22120 24063 31410 36263 20115 39682 24603 43406 26098 11050 13644 18976 29538 20197 24684 10012 17796 19495 34493 23056 27157 10541 33424 5270 20594 59259 12362 14845 44597 26668 15282 26495 35297 14936 10622 32488 21866 64743 31379 8099 15669 41636 27879 64804 63420 53958 43640 30250 11650

19133 14415 4124 7502 21736 4258 12148 8180 24693 17191 5611 2952 5851 5337 11613 17111 9697 5918 11525 19369 13673 12852 3268 8547 9073 1634 29479 2801 5623 13172 7620 3075 8745 9583 10952 10784 8420 6693 33190 6967 5560 10615 23935 14794 33148 32667 28750 23156 7022 11361

175156 190444 281463 355282 238383 258749 406770 325852 225170 205569 253234 264755 294457 314332 211356 210756 242970 289434 287742 170788 273327 239639 248102 332568 222222 279224 124051 257875 238875 392519 271962 254436 261534 380835 205405 233251 365874 308872 262243 348348 234998 267212 177231 219819 183947 276549 279934 151733 352989 210046

31417 23339 11056 15023 33379 9282 22113 11424 38298 25597 5582 2430 7436 13292 19279 25460 12766 7551 15708 32571 19387 22351 1601 18629 11698 6794 49650 800 9022 26549 15038 4846 16963 18384 18146 14626 16408 8878 52990 15002 5683 14150 36827 24738 53033 52629 45921 39055 14201 16091

22292 15532 8585 15815 27305 6079 22449 14122 31534 21286 7458 6609 10790 12212 11525 20448 11037 10887 16351 22629 18460 14092 5916 13959 8953 7422 37089 5247 2958 20575 9380 4675 9917 18779 10579 12122 17129 11995 44699 15038 5121 14086 30040 16086 42325 43386 37782 28046 15128 11164

35887 29205 12480 18630 41122 13061 25455 22151 45465 34940 19069 15598 19892 12207 23976 34080 23982 19991 27757 35640 30912 23444 16099 10314 22275 13699 50490 15413 16118 8049 15128 14256 17411 21687 23945 25034 19991 19843 58502 16718 17362 26420 43931 26395 56547 57636 51882 41202 17925 24545

12035 8916 3727 7937 15528 2988 11116 8229 17556 12413 5826 4628 6632 5471 6476 11884 7270 6678 9817 11792 10828 6101 4440 5425 6843 4123 18722 4120 3693 8596 2220 3580 3285 9358 7288 8021 8567 7210 23593 7374 4435 8731 16331 7478 21757 23235 20550 14388 7608 8162

16816 12300 4673 8907 19038 3674 13346 7880 21863 14695 4330 2861 5655 6838 9623 14610 7526 5719 9982 17041 12034 11338 2398 8891 6931 3300 26701 1952 3900 13310 6886 1199 7961 10895 8991 8573 9784 6460 29982 8388 3574 9112 21992 12670 30199 29780 26037 20660 8448 9382

33291 24043 13451 25678 45466 10386 35106 25927 51477 34720 17347 15249 21192 18623 16808 32845 22433 21329 29985 32571 32982 15695 14693 18486 19385 13751 53121 13742 10951 27888 8982 12141 7346 30148 19402 23889 27802 22904 67566 24266 14025 26766 46032 19779 62514 69570 61607 40269 24685 21808

946126 772783 372672 171891 941607 399465 229188 203364 1052973 801673 322800 261306 229995 336196 681269 810550 496143 258078 549405 987768 631719 728398 261790 467575 512606 298912 1361570 298428 451435 644793 516318 354111 575875 130895 640112 556184 145421 201588 1394657 221440 377998 514543 1052973 803126 1415639 1359472 1209370 1121245 178024 610899

11074 6516 9745 14620 17265 8055 18070 12049 20125 11582 7198 7592 9802 12191 5780 10692 6792 9607 10578 11927 12000 8559 6353 13369 4891 8961 21336 7495 5951 17830 10200 7109 9514 16229 3176 7028 15116 10875 27174 14096 5378 9051 16956 8848 24582 28075 24330 15579 14222 4326

15829 11730 12055 14909 14887 10463 18181 11400 18098 9950 5307 7379 8870 14516 10865 10202 3806 8340 7557 17293 9159 13994 5984 16447 4154 10495 26946 6793 8459 21470 13235 8116 13697 16483 8500 2992 15221 10444 27326 15353 4886 5837 17073 14319 27353 27097 22842 21406 14443 7022

260549 211357 97602 40426 259264 105128 73603 59561 291477 219479 83331 65940 56946 87232 185247 222003 132614 73007 147849 269818 171160 198738 65986 124584 137295 76540 378755 76494 119995 174969 138442 92233 155375 45566 173638 149685 32993 48961 388070 54606 99025 137846 290926 219984 394035 378067 335391 310337 42170 165240

137814 108160 60774 37261 137095 58008 63568 27330 156514 113056 30982 20497 15076 61549 97731 114578 60691 24757 69875 142959 83983 109515 20525 84066 63513 44425 209073 26860 58395 114439 80082 42378 87468 46721 85421 70981 39142 10262 214743 41936 40442 63900 156127 117123 218284 208713 182987 167828 34439 80359

45190 41683 54470 59493 29821 51403 65177 52117 27688 32544 40378 44494 47243 59211 47631 34351 38581 46820 37823 48504 35461 53659 42775 64357 39250 51465 40960 44335 48318 73399 57395 46882 55712 61907 44450 37012 59475 50292 21387 60630 40660 36889 30385 54285 34060 23696 24243 45428 59070 41092

22574 17974 7146 4104 23542 8089 8618 6428 26371 19848 7822 5211 5621 5744 15256 19762 12226 7047 13579 22804 15670 16305 5658 9081 11939 5543 32644 6154 9417 13583 10795 6937 12308 6121 14604 13612 4997 4907 35329 2829 8519 12693 26231 18261 35444 34157 30344 26490 3636 14436

80057 56481 38011 53182 85773 30699 70728 39587 100523 63100 15801 16494 27925 49316 49862 62659 25677 26917 44210 82915 51564 61965 10086 58183 22567 30846 133135 13847 23134 81255 43390 19877 47404 61209 39209 31140 55409 33472 142906 53119 5043 36309 95817 63289 143032 141855 122313 103360 50787 35364

58028 43758 39723 42962 45043 36260 52917 32225 54677 40086 13627 20427 24504 44777 41119 40854 14800 22884 13348 60736 18235 50669 16196 54356 20636 32504 91957 20846 31401 69686 44861 27673 47528 47737 33928 18849 43884 29335 84235 44763 19379 8098 61825 51661 93199 81191 68206 73289 41538 29391

11687 10319 16111 18256 9625 14832 20714 15620 8793 7559 11041 12598 13719 17960 12502 7885 9913 13320 12732 13667 11825 14853 11550 19329 10071 15090 13193 12158 13052 23103 16310 14031 15654 19439 11261 9301 18490 14901 14420 18590 10725 11440 5775 15097 13994 15320 12357 14935 17905 9951

19812 14312 16981 25818 30875 14743 32575 23312 35262 22118 16250 16268 19856 20756 9331 20750 16000 19556 21825 17087 24012 9543 14550 20656 13087 17100 32087 14856 12481 27518 13718 14262 12525 28893 11225 16375 27181 21506 46393 24875 13050 19475 30675 7275 38943 47856 42043 22706 25093 12993

107792 115691 168663 190737 120397 157010 210766 169251 113618 103562 131938 144628 153760 185526 134768 109304 122750 150511 145721 113954 138325 149278 136084 193650 124879 163256 89976 141042 142499 224408 164573 150483 160511 200373 123367 117764 192641 163396 108212 193454 129361 135188 93057 139110 68042 115551 117288 104178 187935 125748

50320 46673 57109 60151 29943 53921 66703 53124 27725 37172 40919 45381 48057 62039 52583 39050 40589 46994 38262 53765 35074 58814 42605 65905 40553 53307 45922 46572 49175 75966 59473 49220 61003 63303 49184 38958 60774 51227 25572 61352 42752 37291 34927 59519 38748 21302 24143 50567 59235 45803

13547 12443 15576 16502 7348 14610 18481 14368 6676 9565 10672 12024 12834 17069 14205 10134 10572 12512 9867 15145 8902 16103 11183 18240 10561 14424 14940 12384 13172 21287 16292 13186 16755 17451 13197 10078 16686 13794 8777 16860 11227 9573 9046 16305 12767 8172 5591 17640 16219 12151

1568 1572 2542 3371 2975 2287 3928 3020 3140 2117 2205 2361 2682 2911 1756 1983 2142 2611 2713 1300 2927 2073 2174 3115 1857 2517 2006 2297 2064 3788 2435 2239 2318 3664 1740 2179 3495 2856 3556 3292 2072 2483 2603 1850 2678 3717 4040 1087 3300 1792

101089 81178 34056 14036 101528 37057 34221 24448 114155 85625 31329 21905 20807 29883 69009 86632 50983 27212 57059 102699 66392 74352 23899 44780 51935 25656 147937 26114 42986 64873 50343 31915 56510 23076 66429 57791 18025 17622 155129 16909 36673 53106 114118 82825 155275 148907 131888 119151 11949 63080

7969 4856 7095 9693 10916 5941 11999 7886 12864 7029 4190 4847 6351 8766 4903 6421 3907 6030 6493 8552 7464 6801 4001 9570 2614 6560 14979 4498 4503 12617 7978 5294 7448 10753 3124 4073 9987 7090 17673 9684 3335 5450 10694 6998 17196 18323 15742 11047 9376 2000

0 2 22777
0 5 15386
0 7 31421
0 8 20027
0 9 30059
0 12 13426
0 13 25736
0 14 25368
0 15 46429
0 16 31530
0 17 35123
0 19 43929
0 21 33058
0 22 68167
0 23 68456
0 24 68042
0 25 27373
0 26 14919
0 27 68537
0 30 54370
0 31 13526
0 32 58980
0 34 56862
0 35 56996
0 36 32305
0 40 56505
0 41 31729
0 42 55857
0 43 63895
0 44 50545
0 47 20364
0 48 63750
0 49 36808
1 2 17178
1 4 15403
1 6 62399
1 8 59676
1 10 20012
1 11 48586
1 12 67539
1 13 50570
1 16 36601
1 17 22902
1 18 40492
1 20 67301
1 21 14286
1 22 63865
1 23 38444
1 25 34729
1 26 38117
1 29 60675
1 31 34567
1 32 49497
1 33 24586
1 35 34683
1 36 18624
1 37 42871
1 38 38829
1 39 20019
1 42 56715
1 43 68149
1 44 30723
1 45 12245
1 46 63451
1 47 33555
1 48 27488
1 49 18228
2 4 55193
2 5 47034
2 6 60124
2 7 66987
2 9 56491
2 10 18365
2 13 22551
2 14 29228
2 15 25407
2 16 46121
2 17 24395
2 18 11237
2 20 55818
2 30 44538
2 31 26840
2 33 65128
2 34 67369
2 35 19917
2 36 33324
2 37 29470
2 38 68490
2 39 19772
2 41 65590
2 43 12954
2 44 37669
2 45 38542
2 47 49507
2 48 38804
3 4 23622
3 5 19299
3 6 45746
3 7 64340
3 8 13311
3 9 17605
3 10 55661
3 11 54878
3 12 59320
3 13 29444
3 14 58522
3 15 36708
3 16 58282
3 17 42924
3 19 15624
3 20 22036
3 21 61899
3 22 55550
3 24 30973
3 25 53881
3 26 38933
3 27 68660
3 28 67199
3 31 62959
3 32 62813
3 37 15084
3 38 32090
3 42 69107
3 43 49756
3 45 16887
3 47 22172
3 48 52009
4 5 16342
4 6 68206
4 8 37372
4 9 11255
4 10 54599
4 11 59904
4 13 23940
4 15 16228
4 16 39150
4 17 46658
4 18 39224
4 19 37269
4 20 44081
4 21 30084
4 22 61972
4 23 23850
4 24 15385
4 25 69299
4 27 53898
4 28 62298
4 29 50524
4 30 58209
4 31 58819
4 32 67732
4 33 65994
4 34 50379
4 35 55273
4 37 17255
4 40 15884
4 43 29567
4 45 31961
4 46 41326
4 47 48944
4 48 43202
4 49 26784
5 7 60868
5 8 65189
5 9 59908
5 10 40498
5 11 48808
5 12 16248
5 13 23333
5 14 51648
5 15 69754
5 16 41746
5 18 64500
5 19 23788
5 20 36249
5 22 53033
5 23 22497
5 24 64892
5 25 29125
5 26 23996
5 27 19188
5 28 13729
5 31 13921
5 32 56304
5 33 38027
5 34 56748
5 35 58902
5 36 27697
5 37 61043
5 38 22002
5 39 36403
5 40 30681
5 41 18538
5 42 65151
5 43 52134
5 44 61692
5 45 66127
5 46 25629
5 48 48285
5 49 65343
6 7 13177
6 8 55238
6 9 26949
6 10 65367
6 11 42292
6 13 43144
6 14 68390
6 15 65340
6 17 23826
6 18 42261
6 19 40360
6 20 38023
6 23 33190
6 25 36367
6 26 34234
6 27 21626
6 31 18205
6 34 55100
6 35 52726
6 39 43529
6 40 42290
6 44 29631
6 45 60857
6 46 51312
6 47 69214
6 48 43512
6 49 24412
7 8 59610
7 9 16189
7 10 56355
7 11 46620
7 12 28987
7 13 48338
7 14 57770
7 16 40417
7 17 42260
7 18 30237
7 19 63059
7 20 38518
7 21 40783
7 22 58458
7 24 54289
7 30 55729
7 31 23459
7 33 68025
7 35 61233
7 39 20270
7 41 51839
7 42 38363
7 43 18794
7 44 49847
7 45 47462
7 46 69390
7 48 15057
7 49 61521
8 9 58574
8 10 51947
8 11 49231
8 12 60537
8 13 55054
8 15 65325
8 18 63002
8 19 36139
8 20 15404
8 21 64580
8 23 63970
8 25 45379
8 27 61536
8 28 14176
8 30 29759
8 31 59744
8 32 59911
8 33 33950
8 35 17818
8 36 20563
8 37 11244
8 38 11805
8 39 53291
8 40 68955
8 41 43589
8 43 54918
8 44 26882
8 47 54030
8 48 41574
8 49 36593
9 10 60253
9 12 17814
9 13 28179
9 15 65775
9 17 25710
9 18 40294
9 19 50346
9 20 21137
9 21 35153
9 22 32573
9 23 30925
9 25 64018
9 26 26836
9 27 65055
9 28 33858
9 31 42661
9 33 14789
9 34 12604
9 35 29805
9 36 57868
9 37 59485
9 38 52195
9 39 52949
9 40 10967
9 41 16763
9 43 13981
9 44 17560
9 46 17770
9 47 69211
9 49 55196
10 11 37321
10 13 34172
10 17 60072
10 18 15830
10 19 40347
10 20 52030
10 22 36059
10 23 44047
10 24 15082
10 25 21232
10 26 32954
10 27 41898
10 30 59159
10 33 31041
10 37 59122
10 39 65821
10 40 59365
10 41 41171
10 42 50269
10 45 24653
10 47 23959
10 48 52806
10 49 58720
11 12 11308
11 13 12698
11 14 66376
11 15 62715
11 16 15171
11 17 41559
11 18 24010
11 20 43109
11 21 40000
11 22 68109
11 23 45081
11 24 41338
11 25 49426
11 26 15147
11 29 26532
11 31 53875
11 32 60179
11 34 65350
11 35 43813
11 37 29181
11 39 45720
11 40 17982
11 41 27487
11 42 69296
11 43 15404
11 48 29134
11 49 48506
12 13 17057
12 14 30595
12 15 11962
12 16 37483
12 20 32587
12 21 53382
12 23 63563
12 24 33682
12 25 67685
12 27 20930
12 30 21476
12 31 25820
12 33 25528
12 34 27525
12 37 39618
12 38 20337
12 40 16621
12 42 20888
12 43 16815
12 44 53437
12 45 50008
12 47 42350
13 14 19126
13 15 12071
13 16 23149
13 18 40639
13 19 31888
13 20 42393
13 21 23890
13 22 25199
13 23 46931
13 24 58777
13 25 10657
13 26 10952
13 27 22641
13 29 41298
13 30 43195
13 31 65805
13 34 62528
13 35 49593
13 36 32197
13 37 59672
13 40 32325
13 42 58412
13 43 48382
13 44 24693
13 45 52439
13 46 18421
13 47 44985
13 48 51354
13 49 48762
14 15 61541
14 16 31852
14 17 13662
14 18 60399
14 22 56506
14 23 66364
14 24 18263
14 25 53172
14 26 63537
14 27 38828
14 28 17280
14 29 65856
14 30 28341
14 31 15352
14 32 25511
14 36 11351
14 37 39300
14 39 54667
14 40 61489
14 42 46104
14 43 63679
14 44 23412
14 46 20636
14 48 52844
15 16 16814
15 17 44314
15 19 30183
15 21 31535
15 23 14393
15 25 20109
15 26 64673
15 27 25735
15 29 11877
15 30 16833
15 31 24949
15 32 55155
15 33 68468
15 34 50960
15 36 13286
15 37 25358
15 39 23245
15 41 63990
15 42 60050
15 43 39954
15 44 58364
15 45 45624
15 46 33919
15 47 55844
15 48 41238
15 49 24976
16 17 50019
16 18 56343
16 21 42475
16 22 58011
16 23 56912
16 25 50902
16 26 18131
16 27 33174
16 28 19718
16 29 51183
16 30 55487
16 32 48957
16 34 63933
16 35 42496
16 36 43141
16 37 21726
16 38 26980
16 39 33485
16 40 42305
16 41 14029
16 42 16898
16 43 44562
16 44 27719
16 45 61641
16 47 23480
16 49 38789
17 18 33708
17 20 42557
17 21 20431
17 22 14220
17 23 67690
17 25 53638
17 26 69421
17 29 46180
17 30 59095
17 33 39154
17 34 40569
17 35 69969
17 36 62373
17 37 68433
17 38 42587
17 39 50094
17 40 41499
17 41 57339
17 42 21742
17 44 57515
17 47 53881
17 48 65634
17 49 24387
18 20 16773
18 21 31519
18 25 40139
18 26 62063
18 29 15269
18 31 12733
18 32 22734
18 34 30435
18 36 50669
18 37 26487
18 38 26837
18 39 48089
18 40 35205
18 41 16704
18 42 12557
18 43 13403
18 44 51892
18 46 33605
18 47 36579
18 48 31528
18 49 64447
19 20 54045
19 23 65551
19 24 31386
19 26 36948
19 27 33036
19 28 27107
19 29 35417
19 30 65921
19 33 15994
19 34 24123
19 36 29484
19 37 36312
19 38 29017
19 39 15165
19 40 61608
19 41 51745
19 44 26295
19 45 50559
19 47 56652
19 48 55340
19 49 61743
20 21 43091
20 22 56527
20 23 68878
20 24 53050
20 25 32124
20 26 14213
20 27 48499
20 28 46794
20 30 36141
20 31 12639
20 33 53198
20 34 39939
20 35 36513
20 36 35128
20 37 41804
20 39 64683
20 41 60495
20 43 58972
20 44 50634
20 45 15725
20 46 20952
20 47 15472
20 48 63339
21 23 37661
21 24 37542
21 25 12339
21 26 45344
21 28 56267
21 29 32013
21 32 24650
21 33 47832
21 34 20279
21 36 40635
21 38 46107
21 40 30570
21 41 22540
21 42 30801
21 44 69492
21 45 56496
21 46 12939
21 48 11304
21 49 12606
22 23 54523
22 24 14349
22 25 52530
22 27 23165
22 30 51079
22 31 32547
22 32 38484
22 33 69561
22 34 31931
22 35 30528
22 36 65494
22 37 27543
22 38 11123
22 39 30187
22 40 54643
22 42 57394
22 43 34680
22 46 48752
22 47 44098
22 48 59010
23 24 46142
23 26 44425
23 27 14978
23 30 46748
23 32 10516
23 34 55159
23 35 51900
23 37 52932
23 39 45951
23 41 20049
23 42 63861
23 43 42334
23 44 45325
23 45 14428
23 46 31763
23 47 40115
23 49 41014
24 25 10897
24 28 28329
24 30 65879
24 31 64316
24 32 18585
24 33 12765
24 34 27930
24 35 27892
24 38 29752
24 39 26366
24 40 17395
24 41 54428
24 43 39613
24 45 11062
24 46 50629
24 47 25100
24 49 19416
25 26 41982
25 27 23540
25 28 58826
25 29 67565
25 30 59499
25 31 21546
25 33 63062
25 35 23842
25 37 29807
25 38 68834
25 40 25815
25 41 18696
25 44 49451
25 45 35361
25 46 33037
25 47 25861
26 27 34088
26 28 48620
26 29 33293
26 31 47135
26 32 13162
26 34 11996
26 38 42515
26 40 13332
26 41 35950
26 42 41633
26 43 52880
26 44 32293
26 47 65444
26 49 28738
27 31 46465
27 33 24813
27 35 18977
27 36 35014
27 38 38346
27 39 13072
27 40 15740
27 42 39587
27 43 27836
27 44 23439
27 46 30114
27 47 67371
27 48 50596
27 49 39883
28 30 54697
28 31 16067
28 34 35490
28 35 22132
28 36 30529
28 37 51690
28 38 48147
28 39 62349
28 40 56422
28 41 31968
28 42 12255
28 43 36766
28 44 20936
28 45 48260
28 46 35220
28 48 41287
29 34 17127
29 35 22728
29 36 49170
29 37 22798
29 38 69563
29 41 38616
29 42 38223
29 45 17035
29 48 11862
30 35 11009
30 39 44673
30 42 11929
30 43 33044
30 44 22280
30 45 54209
30 46 69747
30 47 42366
30 48 33759
30 49 61742
31 32 39401
31 35 12958
31 36 24422
31 37 67755
31 38 59090
31 39 46071
31 40 42603
31 41 28320
31 42 39942
31 43 10012
31 44 33807
31 45 45358
31 46 52894
31 48 44636
32 33 52626
32 35 31937
32 36 13748
32 38 19409
32 39 15400
32 40 62786
32 43 56356
32 44 64410
32 45 66631
32 46 56128
32 47 13446
32 48 17458
32 49 50010
33 35 68989
33 36 32490
33 37 40732
33 39 13705
33 41 55457
33 47 62497
33 48 42538
33 49 25139
34 35 67470
34 37 51280
34 38 26754
34 39 11707
34 40 44400
34 41 23021
34 42 36788
34 43 55190
34 45 40647
34 46 31983
34 48 58142
35 36 55063
35 37 63320
35 38 30538
35 39 41492
35 40 18422
35 41 47685
35 42 48094
35 43 31708
35 44 52802
35 45 51784
35 46 11087
36 37 44492
36 38 20296
36 39 41530
36 40 54049
36 41 30512
36 42 27589
36 44 24872
36 46 62557
36 47 16576
36 48 27797
36 49 15139
37 38 37005
37 39 44782
37 40 20523
37 41 45236
37 43 31884
37 44 39299
37 45 50754
37 46 43236
37 47 30292
37 49 45164
38 40 37721
38 42 36410
38 45 39955
38 46 15916
38 47 52781
38 49 28017
39 42 44511
39 44 25265
39 45 48566
39 46 47669
39 47 69134
39 48 64536
39 49 26906
40 41 37697
40 44 37570
40 46 43486
40 47 65767
40 49 60136
41 42 48693
41 44 39719
41 45 40212
41 46 23934
41 47 11117
41 48 68674
42 43 18802
42 44 63630
42 45 60525
42 46 29690
42 47 21161
43 44 14795
43 45 31135
43 47 46180
43 48 12297
43 49 46688
44 45 62996
44 46 18401
44 48 53428
44 49 60052
45 46 61625
45 48 28502
45 49 11123
46 47 16790
46 48 27235
46 49 24946
47 49 56229
48 49 54628
