50 50 980
25000 25000 25000 25000 25000 25000 25000 25000 25000 25000 25000 25000 25000 25000 25000 25000 25000 25000 25000 25000 25000 25000 0 25000 25000 25000 25000 25000 25000 25000 25000 25000 25000 25000 25000 25000 25000 25000 25000 25000 25000 25000 25000 25000 25000 25000 25000 25000 25000 25000
2609 3292 6739 8933 6803 5984 10355 7650 8084 4246 5219 5776 6641 7816 4374 3847 5033 6429 6719 3660 7358 5396 5219 8345 4182 6387 7391 5542 5038 10349 6400 5558 6051 9568 3792 4898 9064 7159 11178 8697 4781 6033 6661 5299 8845 11656 9977 5301 8663 3947

2368 1148 3204 4509 4028 2752 5457 3845 4791 2504 2396 2628 3220 3859 1838 2266 2285 3117 3299 2596 3680 2582 2296 4205 1779 2994 5115 2491 2189 5399 3046 2499 2838 4940 1446 2351 4642 3507 6634 4369 2035 2890 3943 2607 5984 6919 5919 3574 4385 1538

38119 28711 4914 17161 44553 7030 26409 19622 50450 35490 13876 9147 14977 9987 21848 35330 20546 15111 25670 37312 29954 23679 9828 13734 19303 6568 57472 8895 11180 22957 12390 7341 15489 21294 21806 22713 18992 16657 67393 15523 12297 23856 48568 27686 66066 66973 59161 44864 16203 22621

94158 75406 32372 11548 94124 35112 29982 21024 105322 79267 29681 21275 20071 28595 64292 80186 47630 25921 53179 95094 61702 69206 23096 42165 48700 24701 135170 25118 40527 60515 47246 30416 52911 19804 61669 53847 15191 17163 141838 16712 34762 49569 105288 76944 142841 137025 121516 110118 12183 58878

1432 1277 1715 1883 566 1580 2152 1577 838 876 1061 1250 1363 1923 1524 955 1016 1318 949 1655 814 1789 1133 2087 1015 1583 2005 1269 1379 2512 1815 1381 1823 2008 1383 947 1901 1497 1685 1925 1108 908 1169 1798 2040 1600 1240 2003 1836 1237

29389 21549 6421 15994 35203 3514 23701 16197 40108 27663 10383 7483 12332 10627 15840 27251 15232 12444 20193 28704 23757 17769 7029 12654 13919 6260 45474 6253 6966 20326 9090 4947 10956 19446 15805 17035 17517 13730 54202 15093 8371 18684 38375 21102 52622 53852 47354 34986 15197 16483

181956 151443 81972 45118 179349 86890 28499 43134 199791 153664 65767 58805 48555 75277 138615 155294 97584 53176 107361 187467 122469 147325 56998 99391 102384 68433 259515 65619 96429 131920 108338 78565 118381 37594 126439 108605 40319 50569 262507 54213 78328 100962 199791 160389 266358 256048 228497 214099 46244 120958

70158 56137 33391 20160 68960 32030 26544 6370 78353 57158 16770 13571 8861 34044 51550 57907 31390 10985 35882 72690 42824 57376 12741 45125 33595 25346 105796 16702 32220 60071 42892 24339 46527 21820 44649 36454 21085 12128 107171 24366 22542 32942 78353 60248 108940 104203 91544 84928 20704 42130

1719 1555 2020 2186 797 1877 2480 1869 697 1127 1324 1525 1646 2242 1817 1211 1359 1593 1205 1956 1061 2099 1395 2416 1275 1880 1940 1538 1663 2869 2127 1665 2135 2327 1668 1203 2218 1789 1599 2239 1374 1156 1050 2109 1977 1509 1125 2149 2144 1511

1038 879 1459 1709 1024 1320 1995 1402 1305 464 869 1050 1181 1674 1133 546 738 1134 1066 1268 1206 1406 928 1875 768 1323 1950 999 1145 2314 1562 1115 1500 1846 988 667 1736 1318 1983 1748 832 916 1087 1416 1986 2088 1720 1628 1668 837

282030 211282 141015 156813 275986 123980 205925 104130 324205 216434 12638 46089 66146 165880 198300 220212 86408 58178 109075 294806 144106 241573 25277 212999 97536 105504 461992 48149 106122 288418 178793 81738 185456 180442 162789 111960 161484 89774 468792 165811 55499 94239 323380 245901 477721 453818 389938 356556 149807 140603

50691 38013 17684 20961 51754 16554 32069 15322 59686 41572 8429 1231 9073 20938 32781 41335 20566 9254 24295 52228 30058 37595 2463 29549 19775 11074 79235 3830 16712 41956 25571 10170 28589 26227 28724 24385 23131 11333 83247 20927 10350 21854 59166 41335 84557 81009 70500 62387 19673 26656

87703 68425 38207 29484 86090 36375 42477 15319 98955 70203 15832 11526 5185 43485 62653 71210 35513 11563 41561 91111 50906 70496 10371 57448 38482 27377 135275 15741 36631 77569 50998 26021 55891 35788 53362 42330 30731 11599 137529 32581 23565 37602 98735 74362 139911 133534 116492 107586 27615 49972

8994 7014 1953 3076 10270 2400 5044 4089 11525 8342 3428 2289 3530 1217 5553 8308 5162 3558 5938 8844 6878 5947 2434 2672 4897 1741 13134 2275 3283 4634 3544 2352 4204 3955 5544 5623 3465 3423 15131 2520 3406 5551 11125 6799 14963 15041 13379 10451 2868 5718

22109 13806 17181 27575 34163 13983 36054 25399 39559 23393 16297 15828 21148 21809 7310 21709 15513 20779 22678 21463 25368 12569 14621 24038 11931 16866 39913 14091 11169 32479 15843 13360 14375 31372 9640 15974 29250 22701 52897 26598 12776 19787 33563 13114 48346 54681 47531 28374 26698 11815

16807 14001 25640 30561 19556 22905 35602 25154 24505 9679 15763 18421 21255 29433 18478 8135 13451 20437 19232 20868 21699 23300 16271 32126 12619 23236 35094 17533 19253 39867 26303 19556 24957 32986 15933 12196 31041 23680 36455 30709 14579 16581 19881 23476 36497 38302 31816 27205 29842 13261

10299 7390 7031 8472 10011 6048 10492 6305 12559 6963 2542 3918 4743 8551 6856 7119 1531 4415 4164 10825 5152 8788 3062 9992 2712 6068 17458 3782 5031 13093 7754 4593 8294 9443 5401 2666 8664 5714 17692 8842 2599 3101 11362 8989 17709 17551 14924 13365 8184 4483

175305 136474 78453 73100 171987 74683 92515 36644 198000 139301 27445 23562 23034 89311 126332 141375 67935 11423 80376 182317 99603 144881 22846 118038 74042 56173 274079 32233 75211 159433 104768 53383 114834 79433 107218 81959 75663 36305 280374 79396 45918 72233 198000 150423 282712 269592 234531 216209 69254 97680

14104 10872 9452 10186 10309 8668 12441 7754 12529 10040 3542 5082 6005 10597 10274 10214 4313 5638 2061 14718 4237 12438 4123 12767 5635 7817 21789 5177 8073 16239 11122 6723 11726 11267 8646 5230 10401 7099 19186 10594 5350 2795 14964 12662 22071 18497 15556 17561 9863 7618

4719 4738 8597 11897 10320 7583 14113 10500 12031 6905 7254 7875 9152 10064 5467 6371 7005 8870 9277 3656 10130 6729 7312 10878 5869 8497 9506 7622 6695 13554 8172 7390 7707 13238 5406 7151 12428 9845 15675 11583 6547 8360 10130 5845 12180 16314 14559 5847 11614 5613

2204 1718 1581 1691 1302 1463 2030 1326 1635 1593 693 924 1063 1760 1628 1619 733 1008 555 2296 390 1953 780 2079 931 1335 3066 939 1298 2600 1756 1171 1846 1853 1384 871 1722 1227 2673 1752 889 505 2041 1987 3108 2532 2090 2723 1643 1229

33087 23443 23170 37575 50155 19559 48702 36072 57236 36022 26166 23493 30494 29263 14919 33813 25682 30655 35084 31815 38614 11166 22333 29102 20982 23524 56025 21214 17380 40178 17905 20255 15978 42538 17975 26288 39775 32512 74738 35911 21002 31291 49368 15978 67091 77038 67697 40884 36405 20830

29547 21819 12087 14277 30208 10393 19877 9670 34960 23989 3801 2252 5847 14071 19650 23844 11199 6260 13471 30993 16984 22873 0 19319 10703 8017 46945 2293 10145 26881 15889 6157 17728 16757 16158 13513 14856 7665 50147 14257 4959 11984 34713 24051 50189 48040 41634 36675 13492 14897

19258 15154 4883 8660 22473 5240 12851 10822 25140 18677 8930 6798 9435 4715 11943 18148 11947 9496 14265 19106 16203 11616 7106 3553 10898 5631 28226 6684 7117 7725 6509 5973 7911 10537 11924 12593 9496 9405 33421 7486 7881 13444 24198 13429 31946 32615 29081 22522 8227 12293

32600 22120 24063 31410 36263 20115 39682 24603 43406 26098 11050 13644 18976 29538 20197 24684 10012 17796 19495 34493 23056 27157 10541 33424 5270 20594 59259 12362 14845 44597 26668 15282 26495 35297 14936 10622 32488 21866 64743 31379 8099 15669 41636 27879 64804 63420 53958 43640 30250 11650

19133 14415 4124 7502 21736 4258 12148 8180 24693 17191 5611 2952 5851 5337 11613 17111 9697 5918 11525 19369 13673 12852 3268 8547 9073 1634 29479 2801 5623 13172 7620 3075 8745 9583 10952 10784 8420 6693 33190 6967 5560 10615 23935 14794 33148 32667 28750 23156 7022 11361

175156 190444 281463 355282 238383 258749 406770 325852 225170 205569 253234 264755 294457 314332 211356 210756 242970 289434 287742 170788 273327 239639 248102 332568 222222 279224 124051 257875 238875 392519 271962 254436 261534 380835 205405 233251 365874 308872 262243 348348 234998 267212 177231 219819 183947 276549 279934 151733 352989 210046

31417 23339 11056 15023 33379 9282 22113 11424 38298 25597 5582 2430 7436 13292 19279 25460 12766 7551 15708 32571 19387 22351 1601 18629 11698 6794 49650 800 9022 26549 15038 4846 16963 18384 18146 14626 16408 8878 52990 15002 5683 14150 36827 24738 53033 52629 45921 39055 14201 16091

22292 15532 8585 15815 27305 6079 22449 14122 31534 21286 7458 6609 10790 12212 11525 20448 11037 10887 16351 22629 18460 14092 5916 13959 8953 7422 37089 5247 2958 20575 9380 4675 9917 18779 10579 12122 17129 11995 44699 15038 5121 14086 30040 16086 42325 43386 37782 28046 15128 11164

35887 29205 12480 18630 41122 13061 25455 22151 45465 34940 19069 15598 19892 12207 23976 34080 23982 19991 27757 35640 30912 23444 16099 10314 22275 13699 50490 15413 16118 8049 15128 14256 17411 21687 23945 25034 19991 19843 58502 16718 17362 26420 43931 26395 56547 57636 51882 41202 17925 24545

12035 8916 3727 7937 15528 2988 11116 8229 17556 12413 5826 4628 6632 5471 6476 11884 7270 6678 9817 11792 10828 6101 4440 5425 6843 4123 18722 4120 3693 8596 2220 3580 3285 9358 7288 8021 8567 7210 23593 7374 4435 8731 16331 7478 21757 23235 20550 14388 7608 8162

16816 12300 4673 8907 19038 3674 13346 7880 21863 14695 4330 2861 5655 6838 9623 14610 7526 5719 9982 17041 12034 11338 2398 8891 6931 3300 26701 1952 3900 13310 6886 1199 7961 10895 8991 8573 9784 6460 29982 8388 3574 9112 21992 12670 30199 29780 26037 20660 8448 9382

33291 24043 13451 25678 45466 10386 35106 25927 51477 34720 17347 15249 21192 18623 16808 32845 22433 21329 29985 32571 32982 15695 14693 18486 19385 13751 53121 13742 10951 27888 8982 12141 7346 30148 19402 23889 27802 22904 67566 24266 14025 26766 46032 19779 62514 69570 61607 40269 24685 21808

946126 772783 372672 171891 941607 399465 229188 203364 1052973 801673 322800 261306 229995 336196 681269 810550 496143 258078 549405 987768 631719 728398 261790 467575 512606 298912 1361570 298428 451435 644793 516318 354111 575875 130895 640112 556184 145421 201588 1394657 221440 377998 514543 1052973 803126 1415639 1359472 1209370 1121245 178024 610899

11074 6516 9745 14620 17265 8055 18070 12049 20125 11582 7198 7592 9802 12191 5780 10692 6792 9607 10578 11927 12000 8559 6353 13369 4891 8961 21336 7495 5951 17830 10200 7109 9514 16229 3176 7028 15116 10875 27174 14096 5378 9051 16956 8848 24582 28075 24330 15579 14222 4326

15829 11730 12055 14909 14887 10463 18181 11400 18098 9950 5307 7379 8870 14516 10865 10202 3806 8340 7557 17293 9159 13994 5984 16447 4154 10495 26946 6793 8459 21470 13235 8116 13697 16483 8500 2992 15221 10444 27326 15353 4886 5837 17073 14319 27353 27097 22842 21406 14443 7022

260549 211357 97602 40426 259264 105128 73603 59561 291477 219479 83331 65940 56946 87232 185247 222003 132614 73007 147849 269818 171160 198738 65986 124584 137295 76540 378755 76494 119995 174969 138442 92233 155375 45566 173638 149685 32993 48961 388070 54606 99025 137846 290926 219984 394035 378067 335391 310337 42170 165240

137814 108160 60774 37261 137095 58008 63568 27330 156514 113056 30982 20497 15076 61549 97731 114578 60691 24757 69875 142959 83983 109515 20525 84066 63513 44425 209073 26860 58395 114439 80082 42378 87468 46721 85421 70981 39142 10262 214743 41936 40442 63900 156127 117123 218284 208713 182987 167828 34439 80359

45190 41683 54470 59493 29821 51403 65177 52117 27688 32544 40378 44494 47243 59211 47631 34351 38581 46820 37823 48504 35461 53659 42775 64357 39250 51465 40960 44335 48318 73399 57395 46882 55712 61907 44450 37012 59475 50292 21387 60630 40660 36889 30385 54285 34060 23696 24243 45428 59070 41092

22574 17974 7146 4104 23542 8089 8618 6428 26371 19848 7822 5211 5621 5744 15256 19762 12226 7047 13579 22804 15670 16305 5658 9081 11939 5543 32644 6154 9417 13583 10795 6937 12308 6121 14604 13612 4997 4907 35329 2829 8519 12693 26231 18261 35444 34157 30344 26490 3636 14436

80057 56481 38011 53182 85773 30699 70728 39587 100523 63100 15801 16494 27925 49316 49862 62659 25677 26917 44210 82915 51564 61965 10086 58183 22567 30846 133135 13847 23134 81255 43390 19877 47404 61209 39209 31140 55409 33472 142906 53119 5043 36309 95817 63289 143032 141855 122313 103360 50787 35364

58028 43758 39723 42962 45043 36260 52917 32225 54677 40086 13627 20427 24504 44777 41119 40854 14800 22884 13348 60736 18235 50669 16196 54356 20636 32504 91957 20846 31401 69686 44861 27673 47528 47737 33928 18849 43884 29335 84235 44763 19379 8098 61825 51661 93199 81191 68206 73289 41538 29391

11687 10319 16111 18256 9625 14832 20714 15620 8793 7559 11041 12598 13719 17960 12502 7885 9913 13320 12732 13667 11825 14853 11550 19329 10071 15090 13193 12158 13052 23103 16310 14031 15654 19439 11261 9301 18490 14901 14420 18590 10725 11440 5775 15097 13994 15320 12357 14935 17905 9951

19812 14312 16981 25818 30875 14743 32575 23312 35262 22118 16250 16268 19856 20756 9331 20750 16000 19556 21825 17087 24012 9543 14550 20656 13087 17100 32087 14856 12481 27518 13718 14262 12525 28893 11225 16375 27181 21506 46393 24875 13050 19475 30675 7275 38943 47856 42043 22706 25093 12993

107792 115691 168663 190737 120397 157010 210766 169251 113618 103562 131938 144628 153760 185526 134768 109304 122750 150511 145721 113954 138325 149278 136084 193650 124879 163256 89976 141042 142499 224408 164573 150483 160511 200373 123367 117764 192641 163396 108212 193454 129361 135188 93057 139110 68042 115551 117288 104178 187935 125748

50320 46673 57109 60151 29943 53921 66703 53124 27725 37172 40919 45381 48057 62039 52583 39050 40589 46994 38262 53765 35074 58814 42605 65905 40553 53307 45922 46572 49175 75966 59473 49220 61003 63303 49184 38958 60774 51227 25572 61352 42752 37291 34927 59519 38748 21302 24143 50567 59235 45803

13547 12443 15576 16502 7348 14610 18481 14368 6676 9565 10672 12024 12834 17069 14205 10134 10572 12512 9867 15145 8902 16103 11183 18240 10561 14424 14940 12384 13172 21287 16292 13186 16755 17451 13197 10078 16686 13794 8777 16860 11227 9573 9046 16305 12767 8172 5591 17640 16219 12151

1568 1572 2542 3371 2975 2287 3928 3020 3140 2117 2205 2361 2682 2911 1756 1983 2142 2611 2713 1300 2927 2073 2174 3115 1857 2517 2006 2297 2064 3788 2435 2239 2318 3664 1740 2179 3495 2856 3556 3292 2072 2483 2603 1850 2678 3717 4040 1087 3300 1792

101089 81178 34056 14036 101528 37057 34221 24448 114155 85625 31329 21905 20807 29883 69009 86632 50983 27212 57059 102699 66392 74352 23899 44780 51935 25656 147937 26114 42986 64873 50343 31915 56510 23076 66429 57791 18025 17622 155129 16909 36673 53106 114118 82825 155275 148907 131888 119151 11949 63080

7969 4856 7095 9693 10916 5941 11999 7886 12864 7029 4190 4847 6351 8766 4903 6421 3907 6030 6493 8552 7464 6801 4001 9570 2614 6560 14979 4498 4503 12617 7978 5294 7448 10753 3124 4073 9987 7090 17673 9684 3335 5450 10694 6998 17196 18323 15742 11047 9376 2000

8 48 23600
6 10 23344
7 29 48596
19 39 52419
23 27 68422
4 28 38056
2 11 45662
32 43 60594
24 45 18324
19 23 22749
11 48 28120
9 39 30824
22 28 25047
1 46 55045
8 27 40885
10 37 17332
24 30 68793
15 47 13711
6 18 23672
13 15 35022
35 40 53588
1 30 58009
12 41 63312
11 23 32707
26 44 67724
21 29 51043
11 41 67679
11 26 19306
23 30 45610
17 26 63084
24 29 44725
13 23 59210
15 22 16427
2 24 23321
39 41 41628
27 39 26992
6 12 51377
8 36 29432
5 39 29728
18 44 11844
30 36 54324
21 45 47848
23 45 44811
15 45 69371
40 42 45035
15 40 15695
13 29 16702
7 18 43827
23 48 19406
25 40 42518
12 21 20991
30 40 15137
2 15 42669
32 47 14303
41 43 37844
6 39 40392
38 39 67489
0 13 47666
22 26 49698
8 39 43098
14 24 40749
9 10 24422
16 41 44450
11 29 59320
8 42 49886
0 6 16078
31 45 16311
30 46 43406
2 13 47653
0 46 36039
12 45 45250
10 43 31977
3 20 26029
15 32 20060
6 26 43490
27 35 61065
3 33 37898
31 47 50193
9 27 47034
4 17 47305
0 7 34853
6 33 58026
15 23 64585
6 7 67522
38 48 14471
3 48 44571
27 28 37913
11 27 11959
8 20 22236
27 48 29753
9 20 45058
18 22 65129
13 37 56318
19 25 19507
25 33 54448
8 41 36204
16 33 37728
38 47 60759
22 24 69610
7 17 27524
29 32 38940
2 14 57002
4 14 61644
8 23 54969
8 46 67062
3 44 35133
22 35 46033
19 34 34959
9 25 27468
15 33 35210
15 20 24406
29 45 52321
32 37 23235
14 23 31133
30 42 49842
24 26 39849
1 24 65705
15 36 29897
28 36 41808
17 20 30083
11 46 49650
23 38 29008
4 12 25211
34 45 35968
14 31 50659
29 49 69659
20 29 14314
23 34 30529
5 11 60417
23 28 13923
12 42 48053
5 48 29356
6 9 60925
17 48 51839
18 25 26468
7 15 10128
46 47 16972
8 17 14643
34 48 47230
23 44 46583
3 49 39853
23 40 13779
13 35 28904
41 46 53088
11 36 34912
32 45 20888
28 29 35079
34 38 42759
31 34 40786
7 34 66888
30 41 62843
25 45 32578
37 38 38038
9 32 18053
11 43 10688
21 26 30839
32 40 17712
6 25 15002
17 34 51369
29 30 20271
41 47 18925
20 44 41564
18 38 51771
1 26 21992
27 29 35546
6 8 68239
1 36 22120
7 22 54661
9 43 12881
43 45 59351
37 40 31243
0 9 42735
15 26 63130
24 48 50147
8 11 37965
40 41 40184
10 36 13178
6 19 63045
12 25 12943
44 47 56107
5 26 12074
29 47 65786
19 31 18684
11 16 52255
18 37 25981
3 12 19373
10 46 13094
39 42 45836
14 37 36518
36 43 66606
26 47 56108
13 42 57587
26 46 50312
42 46 37878
20 27 69579
6 43 15857
15 16 48259
11 20 21699
12 30 60518
9 13 51140
9 28 23192
6 22 21761
2 16 36017
19 43 28464
27 37 14050
19 32 63983
5 9 58648
2 6 17228
17 40 69170
2 22 13733
24 47 63335
2 48 23386
37 42 21661
25 27 12019
32 41 65641
0 8 37643
24 43 33535
15 29 68735
34 35 13478
19 22 12195
3 27 17482
9 19 11728
12 37 59782
5 27 57795
7 44 39606
28 33 59361
40 45 63652
10 17 30007
21 33 23202
13 17 66313
18 49 11147
0 36 48537
17 25 18073
31 41 49307
0 10 67001
18 26 22123
2 10 55432
36 48 67791
31 35 29352
9 17 54601
33 41 23667
13 26 34829
16 40 67987
0 14 35328
33 44 36848
12 18 63628
9 40 15113
17 27 12525
4 41 14504
29 41 30735
24 37 14721
13 33 21987
35 38 32463
22 42 16645
9 24 21924
36 42 14212
25 42 66006
30 39 27718
7 38 34219
34 40 31350
16 26 24030
4 5 47509
0 16 69887
34 47 44246
20 24 38959
16 39 19029
2 20 68513
2 8 24390
8 30 28963
11 35 40007
14 39 68992
10 13 42630
5 6 64836
11 25 19120
7 33 20100
15 31 43827
3 17 24890
1 31 25214
22 36 46352
12 36 41538
25 39 58092
5 30 63216
14 18 65668
23 41 20554
11 13 69862
6 31 17591
10 18 36909
0 44 18009
2 40 47452
20 37 13271
27 34 39360
3 46 61483
26 48 62923
38 42 51389
9 35 47871
10 29 31881
22 41 60419
8 26 46383
10 40 46272
15 24 31524
36 41 28532
1 22 57406
8 16 64154
6 14 23368
6 27 18668
13 22 14253
13 30 57195
20 31 45702
3 28 41610
25 35 45689
11 32 17239
1 2 29701
8 43 51048
10 12 12906
28 39 52399
16 29 63052
1 23 32640
26 49 31450
0 49 11060
0 39 10091
37 41 34721
3 45 52563
18 21 13716
38 43 39787
1 17 33952
30 33 63731
31 46 61668
13 49 36513
22 38 52256
26 45 50082
8 33 58037
25 28 10788
40 48 49630
23 26 64333
29 36 24156
19 33 58299
2 44 68586
3 23 23493
1 13 34000
1 10 52339
5 19 11324
28 48 53382
7 48 12039
7 47 52372
21 23 68431
37 46 66581
0 2 45423
29 48 43213
2 26 28031
3 19 58627
6 46 43304
4 43 64895
10 42 41189
5 21 59164
7 45 34681
23 35 17283
17 28 52894
8 35 38492
40 49 55939
14 34 47292
27 47 18573
37 45 56118
23 29 48080
8 34 10346
26 41 50450
14 19 14378
17 31 10787
7 23 61179
36 45 27871
45 49 46930
21 32 43517
35 42 29196
24 38 30311
6 15 57699
19 46 23710
18 45 28741
7 30 54280
24 39 59134
29 33 61954
9 15 24453
4 47 59903
26 33 47400
39 47 19347
34 49 31091
0 38 48706
39 49 56172
15 30 50518
0 30 43742
16 27 24663
1 40 36456
2 46 21034
41 42 45379
9 31 22574
14 43 59114
44 46 45725
9 49 63024
6 28 63493
36 46 46512
34 46 66345
34 44 33506
13 20 23441
28 42 39861
6 49 64845
9 12 55895
25 44 39703
2 42 18555
43 44 14635
20 39 36125
4 31 19831
35 47 18731
1 44 50578
38 40 69734
8 9 68275
28 38 12067
20 26 42967
30 34 59123
38 44 58239
23 37 23484
17 35 32865
12 26 25044
1 39 62084
10 45 56042
13 44 60424
9 47 26800
33 42 57298
20 25 36148
29 31 19823
43 47 50790
0 24 24803
35 49 28311
16 31 26439
9 18 50387
31 49 10314
18 39 21283
32 35 36282
2 49 40017
23 25 29838
14 44 53060
0 42 66142
4 48 39669
3 32 13934
1 41 58862
4 13 51545
30 45 12208
15 19 13072
10 30 24512
3 34 61331
1 28 61311
4 10 50139
13 36 36338
16 17 28498
1 38 54365
5 8 22379
3 25 18921
20 22 11164
5 10 69678
0 37 57212
25 29 33131
11 24 62610
18 48 24157
14 41 51442
1 12 19048
30 44 64545
11 38 51756
1 47 42475
1 6 30826
39 46 21773
18 20 62313
47 49 13885
24 33 30057
28 32 44125
2 4 17819
6 23 31062
18 31 37812
6 48 32170
37 48 34134
2 37 52324
1 9 35644
9 38 37587
8 18 44606
15 44 61982
7 42 56085
4 38 28970
17 41 26504
2 45 17148
13 39 42278
22 34 38324
34 43 64361
7 8 65409
1 34 43076
10 38 18517
7 32 46850
3 29 52125
4 15 13061
25 37 28605
21 36 36742
14 33 46030
13 24 52521
9 48 29054
3 4 49916
10 14 24721
5 36 15321
25 30 69878
1 27 45783
14 22 43134
26 27 32048
24 35 22059
24 31 37600
4 21 69835
21 49 49646
5 23 24348
21 47 13958
13 16 47874
31 39 55462
15 49 30462
33 48 55022
28 46 27739
14 32 10928
43 48 61525
4 8 23147
3 8 44005
27 41 10042
31 42 59997
5 32 38272
41 44 25246
30 49 30744
19 20 65014
3 36 13419
7 37 25408
10 21 36210
1 49 65478
23 39 40129
21 48 41532
12 27 65355
30 48 15911
12 15 26808
7 21 39545
37 43 40113
8 38 54408
39 48 39379
33 49 19758
8 28 68757
26 43 43338
13 38 57632
32 33 54218
22 40 15942
21 46 54797
19 48 11956
42 47 16871
19 37 46321
1 16 37246
2 25 50876
8 25 46363
10 19 39385
15 21 31290
32 38 13752
2 41 60129
2 23 26303
12 49 17171
2 31 15536
3 10 52513
13 32 24791
17 46 57808
6 32 36187
9 30 20145
0 45 15861
0 23 52995
13 27 61834
1 14 45974
12 47 49546
6 24 31212
6 40 55733
22 39 48302
4 37 16692
16 25 55507
17 29 44662
8 37 34778
25 48 40303
26 34 58761
36 47 41649
8 14 16624
10 32 26006
24 27 34667
16 19 65130
37 49 55391
24 40 68100
28 40 21024
38 45 57662
5 16 24402
36 38 40338
12 48 15341
17 33 19057
15 48 55129
23 49 63149
13 40 57388
20 40 17417
22 31 69011
18 34 40382
33 35 69251
0 48 44984
5 28 19927
3 43 42605
32 44 42859
7 12 10371
0 22 49298
4 44 28366
36 39 57176
28 31 26218
7 26 10811
7 28 45936
16 42 10009
39 44 29578
0 41 14084
27 46 34676
33 43 24708
22 43 59475
15 17 44918
1 29 47875
20 49 59280
3 21 59320
7 39 18213
26 38 64621
2 17 20519
1 33 15484
4 27 57769
30 35 67907
37 47 22901
17 30 68922
9 22 50432
2 9 22151
22 37 56049
11 14 12501
22 45 54757
42 49 28907
5 37 12873
20 35 46197
5 7 59416
7 49 60049
20 41 62415
26 35 60228
10 44 35985
4 20 62424
9 36 19805
12 46 52212
0 27 39242
3 9 46656
26 39 41687
29 38 14159
16 36 36674
4 25 43109
18 46 15621
9 14 44887
4 34 37729
18 30 38283
28 41 62514
14 46 37640
42 44 48333
21 25 15415
30 31 48705
10 22 28764
29 46 39709
14 27 34753
7 43 31265
3 30 24465
11 47 53660
24 36 46281
4 18 12804
4 19 43076
47 48 36330
21 22 17361
16 45 45446
23 31 14457
12 24 21927
19 27 67394
29 37 56669
7 40 51169
27 43 44050
1 7 40498
19 44 67471
37 39 10723
25 32 13606
32 42 25234
3 22 57753
24 28 53478
7 19 65661
15 41 62409
1 35 33261
11 18 43993
6 42 67824
48 49 11965
7 9 62757
13 41 49676
0 18 36718
5 40 36164
10 33 64141
7 25 32520
8 21 12445
26 29 19088
31 43 65596
0 19 50918
17 37 26449
34 41 53184
25 36 55375
12 40 38377
6 13 50578
5 20 54186
25 43 31688
18 43 36770
10 20 36827
28 47 41302
34 36 49636
12 28 40433
20 43 68679
13 18 37388
46 48 36054
9 37 64339
12 31 41939
17 49 59315
3 5 38331
29 43 51906
12 43 13422
16 37 43230
13 19 31581
21 42 40140
2 21 69395
17 32 37864
32 39 14802
1 32 11839
33 38 46952
0 43 10398
4 23 52757
6 21 15544
7 46 53582
3 40 50274
3 26 43921
43 46 46302
19 24 46602
9 16 17751
11 49 13071
10 11 13428
4 29 49053
46 49 52707
3 7 56005
14 28 47732
8 13 32237
1 21 22058
4 32 54213
31 33 64177
3 15 23515
40 43 22544
3 35 46082
24 42 26937
11 42 55774
2 27 67663
27 38 69220
20 47 67311
15 39 35526
1 48 14021
16 18 69150
10 49 24621
19 29 26562
21 34 64049
20 46 30165
28 43 22287
5 42 56465
21 41 16228
23 33 58589
11 30 33067
6 36 23979
5 41 61661
14 25 36495
6 29 15175
27 40 44367
9 45 22499
1 20 65050
23 47 66605
7 11 34557
7 24 49262
1 43 12923
32 46 60215
1 5 13948
16 21 49005
20 32 17151
20 45 59723
15 37 58810
21 37 28513
6 38 57033
16 48 24335
19 42 44678
9 26 68326
5 15 38956
35 39 61240
26 28 14516
7 13 11263
17 38 13526
21 39 60982
19 40 17491
4 6 14258
6 45 36191
15 34 43614
27 31 65919
6 30 62686
27 36 60932
5 12 52428
17 42 15185
19 36 55981
14 17 61175
23 32 51885
1 3 47385
16 34 64098
9 33 54243
3 41 51334
11 44 43102
10 23 13536
23 24 53199
40 44 44054
12 32 32050
25 26 52374
16 35 58390
30 32 66728
4 42 62842
16 23 39488
6 16 10109
22 30 67359
12 44 40752
6 47 13636
4 33 10482
6 11 60386
20 28 17894
1 11 36673
15 28 33999
25 34 25955
14 29 29358
14 16 24930
7 16 20525
5 47 46686
15 46 10910
22 25 11700
27 44 40714
24 34 60439
9 21 65798
22 44 24956
12 13 41772
10 15 51043
32 48 28492
2 34 24970
16 46 25096
22 48 62685
5 14 67344
4 45 25628
40 46 59412
28 37 60186
28 45 55117
10 27 59522
1 4 69687
11 21 38011
15 42 15300
35 46 10168
3 31 28396
13 47 35337
11 39 48984
5 31 52396
2 5 63435
11 12 68342
9 42 19468
16 49 13959
21 24 57171
17 18 32522
10 31 27802
11 40 27884
14 45 22960
6 44 23600
10 41 54983
17 43 54732
28 44 16785
24 41 25617
6 17 21844
13 14 44024
6 20 18302
4 40 31330
3 11 59653
15 43 19856
0 1 33658
1 37 56912
26 42 21520
0 31 33344
18 28 37065
17 21 38963
8 49 45655
0 28 55461
35 48 16442
14 15 24638
20 33 49999
22 46 69877
31 32 35123
16 22 59468
11 17 25979
3 39 34436
7 31 21989
16 20 43781
14 47 64463
33 39 34949
10 35 69524
18 24 49445
2 39 31823
45 48 16308
0 25 17204
31 37 43667
24 49 62476
34 39 37649
14 30 17139
7 20 64271
39 43 47506
2 18 40798
21 40 63325
22 47 11168
21 31 16284
20 38 30389
19 47 40132
33 37 64083
10 28 27992
2 12 58717
33 47 30863
4 36 67992
16 38 58594
27 49 55986
26 36 69602
2 28 26715
24 32 32564
12 33 21590
11 22 60496
12 34 27026
15 38 58682
9 46 60020
35 44 18613
26 31 20504
28 30 18470
44 49 25818
11 31 66314
0 12 10945
0 47 53467
8 22 25595
36 49 17358
19 41 43115
21 44 56393
20 34 10682
2 29 44284
21 30 14820
8 45 31071
27 42 26558
38 41 68903
21 43 49064
42 45 15274
27 33 29765
31 40 47055
29 42 16010
4 11 27894
29 40 58799
22 27 32725
36 40 50458
8 44 10388
12 20 35364
29 39 67485
42 48 11212
25 41 37526
18 35 28240
18 23 33859
15 18 45996
31 36 44058
41 45 30172
11 33 59085
7 36 39668
11 37 57910
20 21 66443
21 38 12782
19 26 56446
15 27 67126
7 35 59209
18 41 61266
41 48 40339
