35 80 2850
6279 3042 3683 273 1902 650 5268 3719 1831 2554 5128 5363 1345 1409 4349 3418 5380 6580 2959 1293 3662 7436 4483 4408 1351 2490 5141 5936 1021 2453 2640 7299 4346 6322 6423
6247 6971 4190 2466 154 5595 6445 5516 6940 6705 2364 2857 3436 296 4668 4728 2809 3455 562 6068 4806 1903 3708 2093 2924 5013 4732 2722 710 2405 1645 6957 727 4686 774 880 2781 7218 6396 2220 6422 111 3928 2357 406 1095 5936 2066 4550 6497 634 707 899 3193 2799 2674 705 6382 4248 1415 1286 4744 7223 2012 1929 496 1744 4709 6565 6991 5780 5486 7101 2208 6694 6359 3302 5129 7276 6703
2977 409 7409 2727 3602 2707 5401 3158 1588 2148 3424 1725 6891 1998 3737 171 2493 4332 3732 409 3822 2011 5894 2274 4218 3939 1132 6372 419 908 5574 3395 168 4335 4974 2621 7041 1726 4631 7481 2725 6906 1705 2115 1404 4293 1137 2748 1124 4868 3157 3797 6879 402 6071 2448 4341 7202 1319 4759 6961 5745 7006 5981 2579 4479 1101 971 5056 5731 7303 280 5137 1508 1246 5392 4652 2382 639 5776
7250 2647 924 5480 3049 6994 427 6241 5548 598 3499 3860 5194 1856 2340 6624 5186 3441 94 2741 523 7397 3020 4511 256 4265 1254 4907 6647 745 2034 5248 3391 2958 3227 5291 1303 2505 4031 6850 3102 6382 2062 7147 737 4401 6270 5923 6693 5216 1163 6068 3964 3035 3078 3071 7299 3184 477 5297 3928 1363 3044 7318 3172 6270 5109 3326 127 491 2676 2080 6872 3589 1727 109 489 6848 4883 6034
4563 4897 4601 7378 431 6530 2948 6582 2213 2277 4378 6140 2491 7422 4810 4514 5043 1270 339 5169 1760 1866 7249 1132 5454 1475 92 4795 7174 4974 3328 3089 1222 6780 2966 1653 5809 4766 734 6874 5894 3963 4365 884 3884 1674 5397 279 1795 4587 5447 3555 6453 4047 3538 4406 4373 3629 1700 4047 7454 3879 7135 1175 3158 1452 1679 1467 5069 2412 840 3462 5227 5204 3197 1610 5730 7445 740 24
4532 6187 2430 3484 1585 5967 6741 5958 2095 941 1356 900 4819 7342 2075 477 1293 3753 795 6362 5017 486 1175 2743 5689 4372 3204 2770 4316 3944 2794 199 1482 5223 3682 3066 2542 2923 375 4636 2715 1730 5536 6385 423 6462 6861 1716 2714 6507 6929 6582 6992 603 1824 5181 3826 5028 6802 642 323 947 840 1804 5022 3374 3721 63 5148 4096 3550 362 4677 1585 5598 5100 6898 4959 5667 2112
3965 3947 1193 3457 4549 1869 7489 875 5748 5642 368 6070 6589 59 6725 4110 2284 2945 4172 7431 5892 221 6644 1921 658 4742 5872 55 1052 4038 1018 3868 484 1063 6176 3884 2931 5016 3610 30 3158 3977 6099 2246 2888 5323 5207 5171 7119 1878 3954 5511 950 3097 7431 1607 6690 5802 514 241 1191 1531 4109 526 2593 1636 4409 4375 6652 6871 3256 2309 3347 1854 3406 5086 6028 1112 2757 5647
1841 6710 3657 2790 1158 2439 4397 348 740 4910 6940 1930 5292 2400 2455 6737 4036 5715 2463 2039 5085 5719 4347 7284 72 6604 4869 4952 215 6477 1950 2055 4538 4458 3696 5696 6896 592 4895 6487 4353 3186 7268 2145 5586 2222 233 973 6788 2695 3011 3225 913 6209 3008 7337 5312 6728 4788 4378 5705 6737 6432 1594 3694 2627 6141 1941 2071 3535 927 5275 5573 694 6271 3658 1767 6503 4630 1054
1698 6492 4278 2610 5200 6137 1298 3011 5365 6085 7388 2421 4173 5171 4014 6718 6649 2655 1158 71 5041 936 5346 3113 1629 4116 5622 3395 3119 1603 3301 4816 594 6430 6277 5793 3919 75 1303 1783 5011 42 3055 536 5212 7068 7253 4361 1074 7263 4431 4967 698 1128 6931 1179 5244 3905 3425 862 5507 5577 4529 4953 4507 2157 3245 7277 2231 3400 1559 6094 3441 4613 6629 5 3032 5233 3217 2958
3847 6499 6776 4545 127 6206 5723 5370 2610 499 5083 6969 6076 2111 4421 1934 3119 6517 1710 5350 1268 3268 2795 4709 6732 775 3565 1115 6007 6781 2924 2354 5779 2199 5750 4757 905 2824 2626 2366 3322 6560 686 1897 22 3958 3830 3141 1827 5539 7342 3094 158 2636 6654 5741 3410 2718 6856 768 850 1131 3121 6629 3330 222 2737 3086 3045 5363 4303 6367 3274 4989 763 3296 298 3445 5288 2124
1483 5129 5218 1641 6616 3223 6233 1377 5941 4440 2144 6790 5571 4117 4770 1400 4338 7 4485 7383 4221 1287 6249 7494 5127 5863 2141 4277 1807 6280 6400 3290 3908 2969 3782 1875 6192 1366 3251 3484 5806 5395 2773 3876 863 6395 5275 5200 6401 1111 3934 1973 1249 2682 818 5228 7397 1811 2004 1703 590 7255 3844 3350 2724 6477 5224 267 343 975 3750 6148 5221 6522 2523 4935 4268 6649 2634 2020
259 6568 3992 359 601 4810 5586 497 5472 6441 2200 6061 6196 4895 1910 1419 3872 7134 537 4214 6960 4286 1713 3532 2159 3087 966 6427 2235 3599 946 1345 1518 3790 1703 2119 1099 6141 1467 6570 5081 2518 3982 3776 7413 5892 4046 3784 4377 4582 6849 3836 1367 1061 7367 2378 4147 7184 1304 5233 3282 1101 5429 3652 4890 5983 4622 4840 4623 6088 2761 1056 7458 6743 4831 7370 5134 229 2505 862
4810 1853 4697 5029 1765 3415 7406 4763 3098 61 2495 5231 1161 6775 1382 6051 5257 4855 3390 1232 2295 6151 2287 2252 4245 5969 2121 1878 6197 4625 2739 2359 5329 6287 6239 7093 1053 4996 3207 4150 5056 4553 732 5068 3827 2114 2470 1583 5820 5860 2814 614 3362 5100 2865 106 2421 3837 835 1117 7313 2425 2327 5141 63 1065 3585 1115 6060 6791 5264 2467 3843 5995 35 169 6960 2504 604 5280
7215 3417 4745 1928 7369 110 885 2289 3946 1719 2257 2611 2995 4584 251 3057 4500 2688 4171 1912 1978 786 4378 4673 5633 3264 3693 5092 5768 4296 1723 4334 6565 6468 6262 5285 5429 7146 73 1874 217 1181 4484 3211 4616 3587 5120 1616 6274 642 3527 7103 1428 404 4275 7060 3668 468 3503 787 4763 5226 5120 2679 3045 2733 463 973 1231 6887 1698 1447 568 5034 3509 5183 1120 1128 5650 6245
622 1676 5847 2049 932 2622 1608 3451 1941 5110 4237 5555 1687 708 734 4731 2293 1196 5703 3523 583 7401 4969 2 4934 7329 5184 4905 7309 3334 3649 430 3861 847 2478 4792 3468 2937 742 4260 6898 3830 2315 7437 3390 3048 4667 5682 4243 1722 1704 3677 1622 5524 3678 5407 5352 214 1663 5160 2399 5311 4441 5111 6157 5770 2403 977 1206 1996 5236 6956 4678 50 6892 567 1949 2910 6248 6192
4631 451 1220 5104 5974 3750 1862 2677 3963 3524 337 5213 186 3629 2823 5195 1899 4077 5023 1956 4925 2758 1411 2102 1660 802 2668 2460 2564 1415 3 7194 1865 1223 4798 6690 4972 6659 1866 286 1535 1054 4350 1720 4683 7172 6914 5433 2601 4436 7388 25 6046 1299 2126 6557 952 4793 1516 3515 5059 1519 2061 5775 1593 6858 4964 6564 4868 5681 5701 5254 6735 2550 6974 2769 1073 5239 701 2525
1027 588 2549 5924 738 3526 3832 542 818 5347 2908 5876 5717 4968 4150 6161 3177 465 4076 545 6146 2276 4650 4232 3677 4123 7000 3602 714 6552 6126 592 7139 27 6515 6729 3552 1698 7270 4370 5896 2677 1597 4113 6497 4599 2773 2173 3915 6849 1569 2560 476 6219 6791 3005 1693 5142 6606 2406 4193 5231 1849 2684 5257 7215 1912 1309 1412 533 4530 7308 2061 4978 2772 1057 928 4396 3230 3695
2596 4798 6254 1924 3516 4397 4928 4061 2038 4033 6466 5083 615 7167 266 4724 6881 2177 4884 7145 1561 765 6952 2473 4594 1075 3530 5522 5470 5611 1716 6918 1760 6821 1341 4128 2569 6268 688 4607 1652 6005 2189 2266 5671 1306 6989 3904 2334 3224 3548 3894 3988 1851 6366 1082 2925 1247 5455 7246 5709 7170 6663 7469 5342 6855 2948 411 5622 3635 3869 6125 991 4909 7243 6662 6214 6731 1917 1047
2455 5464 3792 5294 7314 1509 6375 1590 2756 4329 1335 7316 2850 6850 7284 692 6204 1583 7454 3178 5217 3822 1802 6208 1230 1544 4221 6295 7127 6137 7341 933 2952 2484 6226 1617 3992 3953 3206 5599 781 3392 5415 3631 2741 4050 3174 297 5633 3127 2326 2201 6948 2979 908 7029 3375 3980 5823 1853 1468 4515 2785 3271 6998 362 4887 2341 3166 6944 440 3947 1688 4706 6429 3280 1255 2102 3576 6887
5228 4753 1588 3527 232 1347 3055 3606 4179 229 5458 5646 3595 7094 269 1944 6307 5155 4284 1973 3451 3575 5919 3990 780 4847 7269 2035 5800 2197 273 3527 6949 712 5905 7180 911 311 2137 5089 539 94 2086 2985 7187 2354 4928 5994 6361 563 466 1163 4138 5236 5152 4917 1434 3772 5803 7233 5968 4928 2111 4269 5639 515 3948 6549 825 4937 2989 215 5030 5075 3199 3569 6280 6978 914 5140
6392 231 5154 3029 5466 2805 6798 5751 6577 3952 5483 3896 1379 6445 664 7018 5811 4612 4918 6635 900 407 5701 5929 4333 251 849 3112 7228 1762 7104 6119 1992 4757 500 6309 62 6149 3411 5490 2600 245 1885 3979 6689 2549 2348 4999 6012 7265 2985 6911 6523 1185 5339 3355 1435 5040 5319 14 6801 4922 6133 145 2178 5484 5305 2239 4132 1216 6580 6731 1460 965 2061 7001 3513 4408 4499 2024
3025 7484 1434 2047 20 5624 4254 307 3163 2072 320 1316 5845 5304 1460 522 3287 6764 1613 7418 6831 692 5501 7143 1656 61 6643 4020 3321 2493 6043 6345 2476 6328 7243 1348 4452 2848 1654 6466 3771 1973 281 2115 7277 592 2637 1915 6208 3101 685 5538 3792 6185 5180 4300 5097 3174 819 7269 5667 5714 6113 6994 4541 4708 841 344 55 2494 6810 2678 3319 5942 4792 1947 6534 6280 2713 5241
732 3397 2130 3376 933 6162 175 4882 1835 7345 4650 1 5558 2115 6995 1451 6822 335 1794 5728 1681 7455 905 3851 5897 4549 4649 3782 3328 7361 374 4060 2110 2503 7435 3042 1164 6461 6775 1851 5157 3925 1851 3215 6039 1345 3517 4212 532 5310 1291 1064 4117 2196 3766 1365 5596 914 5146 275 7126 5519 3186 1735 6873 1972 3629 537 932 1755 2387 6089 5679 3089 655 3069 3286 4171 6132 2669
832 7423 2584 4948 970 6349 6312 5417 6114 2809 5691 4591 827 1377 5178 6552 3348 1306 7088 4280 1912 826 1720 6443 2766 1226 863 6051 5396 6995 1219 5079 5769 3802 1379 5590 1502 190 3506 6467 1851 1696 3558 1529 1924 1235 580 5272 1392 6519 903 3303 6196 2622 2245 1462 2699 3108 6364 594 1454 6435 5672 6074 1588 5902 4163 3090 6092 6520 2056 6794 715 4465 822 2639 5699 254 6762 5942
6772 164 1745 5468 1637 2841 5781 4335 4800 4644 3780 5105 3578 803 3678 5166 6705 340 7107 4148 5711 1662 3441 6426 6127 3114 416 3177 3367 7177 1619 2639 6192 2215 6958 328 5055 5238 3514 1207 2381 7293 6311 4811 595 2489 2476 7299 1680 2082 2798 7391 2595 6238 5168 73 1852 4435 2102 5218 4111 3720 6708 1654 4786 6165 1981 1192 3902 5494 2398 5135 4138 61 2445 4732 1401 3772 3383 1932
5853 6180 674 7299 3770 5841 7372 5621 2775 1973 2190 5737 4544 250 6242 1829 6414 722 3020 1668 5067 4270 5654 1704 4330 6950 5288 5730 3221 22 6513 425 5053 7187 223 1322 5527 94 5794 7154 918 6836 4242 4313 7085 2984 6141 4850 2557 513 6517 6476 3634 3522 7031 6815 2971 3670 5044 6191 3691 4056 6615 1244 2594 6838 1417 621 5783 7211 6626 5553 6546 2219 1217 6130 4054 6210 3479 5463
6722 1348 4438 1707 3721 2820 1021 6692 6490 4916 4234 1532 323 2201 1627 2917 390 3044 2389 5024 1606 1514 3076 651 2584 3145 5632 6638 1854 462 4600 7427 661 389 1633 4382 3208 2653 2425 1049 68 5510 2581 390 210 4207 3306 599 6102 5694 5623 207 6059 50 857 1143 3194 5340 6632 3899 5802 2583 3825 5314 1823 5457 1047 3882 609 3471 4931 7028 1481 11 7418 542 3069 2075 1141 1671
6621 5615 1877 5179 4516 1586 5173 6562 5777 3156 2960 2930 4590 6785 744 6412 4741 1790 2794 4202 4113 224 3729 5593 6586 2498 4986 2154 4573 6126 2676 3693 3092 3405 223 108 4990 4248 5521 2118 7403 980 5048 3345 264 5791 2256 3857 6432 3901 558 3044 2976 3138 7488 2061 5636 4974 3067 2708 2451 4594 5252 5543 498 4326 4502 4339 1073 2522 6457 7328 3501 4004 2024 2617 1146 4279 5325 77
7032 4734 3121 2507 371 1960 3420 6006 6933 5338 65 1884 2431 4168 7426 1781 994 3279 6119 918 5800 5075 7097 652 430 1620 2120 1575 4751 7444 504 4282 4677 2476 5640 5048 4435 411 2405 2720 5748 2470 4603 7031 5489 3380 1311 6482 6658 7429 6252 4957 3856 5848 4460 4285 6320 6580 4712 3570 6523 4067 6703 2552 5394 3694 6451 2328 4105 207 5047 2352 1528 1001 1882 7017 3232 2044 4850 2389
1973 3601 6197 4680 801 3157 316 7120 2236 5027 2041 110 445 1243 1513 5838 4936 463 7018 392 670 3416 1596 2197 4417 3477 565 148 4373 5415 1389 6345 1515 85 3524 2315 2093 3839 786 3180 218 2826 2142 7014 2920 3654 5352 6708 2969 3721 7099 2490 7136 1194 3538 2904 3523 4103 1904 395 2017 3292 5591 2383 2228 466 4698 3173 3156 4335 6352 2225 7161 993 1739 1432 3499 5942 639 5319
2162 6590 308 1797 6635 3845 3553 2657 447 5456 1903 1315 1247 6345 3698 2326 6810 7247 5498 1318 4081 4350 3542 2593 4194 4132 4025 6544 2573 3515 4362 4734 1456 4669 5383 591 7366 1435 2099 6664 6890 4002 479 6988 1698 4176 1813 7360 2774 6163 1177 6854 1864 4718 799 4909 1350 3675 3953 2774 7189 814 6360 7497 4335 4242 587 4200 4528 2685 2215 2769 5538 2693 1108 7236 5720 1772 7095 7345
434 7123 6699 2297 4340 6349 7206 4541 2523 2510 7315 1063 2175 6174 1059 6509 1767 1645 2060 5146 3182 3127 414 1219 5819 1521 7306 2891 2144 5752 2735 2578 5374 785 3726 1066 7133 2283 4458 2155 4792 4272 2070 5819 1797 3128 3679 2415 4773 4591 60 6806 217 6825 6876 6035 7197 6682 277 1841 3785 3012 3270 511 2648 6995 1576 1133 630 6033 2139 4273 1657 4208 2591 2305 7336 6270 4720 3460
3360 3631 2765 3576 2956 992 962 2652 173 1239 3344 2810 3102 6613 3320 4601 4960 4895 5733 5589 2279 372 2361 3935 4579 4952 6240 3266 2573 2311 6725 5932 5941 841 859 1396 1833 1820 2900 857 1910 6243 3666 3863 4208 5837 7316 1667 2083 5548 7255 4362 5919 967 7148 1850 4770 4739 5115 7342 7049 3192 4625 4342 4032 5483 4589 4716 6155 7488 5573 564 5083 590 3279 642 6427 3094 2308 1009
1141 914 4222 5912 732 2722 6613 5502 7460 4227 5343 5861 7418 2468 2702 2802 450 7290 17 6604 6130 4441 6020 2564 5031 650 3205 2809 3743 5512 2669 3735 5277 6891 998 6008 2112 110 4009 923 3189 704 6783 1958 3171 836 4759 2472 626 3628 428 5607 6920 6447 670 4450 7096 3874 6110 2190 737 1279 5924 6013 7021 5774 4520 484 5883 7381 1406 1571 584 7041 2381 2606 6728 7139 5077 6205
2118 4356 4311 1538 2154 4980 4839 1749 1353 3449 2790 941 4727 66 6953 3099 5839 2825 3582 4221 1557 3839 4644 2140 3379 7024 3597 2607 5514 1173 1311 6484 4381 4474 521 6534 1953 4211 7135 2158 159 2424 3098 3737 2489 1403 6835 7179 3079 1768 2752 4635 5607 7395 6774 337 5770 2870 1795 2635 2894 1958 1618 6126 6431 990 5160 7235 5201 4794 744 4211 7217 2694 448 1058 4096 6134 736 7174
402 3487 3160 4860 2233 1285 5196 6854 3006 6991 841 5899 1448 1310 4525 6730 1152 1036 6464 6352 5829 6060 1914 4397 1253 1213 4306 4200 7347 5042 3873 6600 7380 5884 3959 965 7168 506 6670 2673 7496 10 7423 295 172 4447 5876 1323 4334 3692 6526 2662 2251 939 5911 3503 1004 2716 202 7202 257 2926 6301 6489 1309 1611 6305 976 2116 4326 3648 964 3188 3570 1258 3359 6869 7134 4681 3702
0 1 7120
0 2 2969
0 3 2436
0 4 5114
0 5 2640
0 7 2477
0 8 1212
0 9 1164
0 10 4384
0 11 2233
0 12 5252
0 13 4293
0 15 3739
0 16 3758
0 17 7072
0 18 251
0 20 2686
0 21 5747
0 22 1703
0 23 6190
0 25 6254
0 26 4739
0 27 5804
0 28 4870
0 29 2430
0 30 4641
0 31 5003
0 32 4670
0 33 3458
0 34 3489
0 35 4485
0 36 5245
0 38 4273
0 39 2529
0 40 781
0 41 567
0 42 3343
0 43 6857
0 44 5778
0 45 2950
0 46 4345
0 47 4049
0 48 6781
0 50 2373
0 51 2591
0 52 4270
0 53 2905
0 54 2311
0 55 517
0 56 288
0 57 3543
0 58 2464
0 59 696
0 62 4786
0 63 4744
0 64 5823
0 65 6177
0 66 1349
0 67 2631
0 68 6758
0 69 830
0 71 3140
0 72 3109
0 75 1011
0 76 3544
0 77 3991
0 78 5893
0 79 2665
1 2 1634
1 3 4842
1 4 7089
1 5 3152
1 6 159
1 7 6247
1 8 6772
1 9 1002
1 10 281
1 11 6231
1 12 5190
1 13 3236
1 14 2905
1 15 6613
1 16 2968
1 17 6668
1 18 1541
1 19 5257
1 20 389
1 21 6969
1 22 6850
1 23 5308
1 24 4327
1 25 6236
1 26 622
1 27 4548
1 28 2410
1 29 5897
1 30 6360
1 31 3167
1 32 4489
1 34 4881
1 35 1889
1 37 2796
1 38 3833
1 39 248
1 40 4822
1 41 5653
1 42 533
1 43 6226
1 44 3438
1 45 4214
1 46 3005
1 47 5694
1 48 3753
1 49 7357
1 50 5266
1 53 7190
1 55 2375
1 56 3757
1 57 7443
1 58 7371
1 59 6567
1 60 7429
1 61 934
1 62 7212
1 63 2919
1 64 6164
1 65 4241
1 66 298
1 67 4314
1 68 3453
1 69 1595
1 70 653
1 71 197
1 72 6835
1 73 4091
1 75 3158
1 76 122
1 77 3987
2 3 1807
2 4 3121
2 5 1948
2 6 249
2 7 5335
2 8 229
2 9 3748
2 10 1982
2 11 4354
2 12 5902
2 13 1833
2 14 2389
2 15 7011
2 16 1349
2 17 1398
2 18 5659
2 19 2626
2 20 3155
2 21 1152
2 22 202
2 23 5556
2 24 6668
2 26 1149
2 27 292
2 28 5623
2 29 1870
2 30 3728
2 31 443
2 32 5911
2 33 5338
2 34 7302
2 35 4807
2 36 1899
2 37 1084
2 38 7285
2 39 1061
2 40 4441
2 41 3653
2 42 2585
2 43 4479
2 44 5282
2 45 1640
2 46 2263
2 47 5450
2 48 2578
2 50 2379
2 51 6513
2 53 7244
2 54 5787
2 55 20
2 56 6095
2 57 1063
2 58 1401
2 59 3894
2 60 2058
2 62 2549
2 63 4693
2 64 6337
2 65 4912
2 66 5923
2 67 1858
2 68 953
2 69 3530
2 70 1778
2 71 922
2 72 6856
2 73 7391
2 74 5635
2 75 3199
2 76 3299
2 78 5848
2 79 191
3 4 3449
3 5 5593
3 6 1682
3 7 5133
3 8 5186
3 9 349
3 10 605
3 11 7010
3 12 466
3 13 6824
3 14 729
3 15 2970
3 16 3864
3 17 6592
3 18 3807
3 19 1744
3 20 1394
3 21 1882
3 22 2921
3 23 7394
3 24 5841
3 25 5546
3 26 1352
3 27 5878
3 28 150
3 29 1589
3 30 5766
3 31 3323
3 32 3753
3 33 3191
3 34 6901
3 35 6166
3 37 547
3 38 4246
3 39 1465
3 40 3604
3 41 6953
3 42 1910
3 43 7278
3 44 3509
3 45 4167
3 46 2096
3 47 6561
3 48 3828
3 49 5119
3 50 6079
3 51 256
3 52 2729
3 54 6974
3 55 1259
3 57 668
3 59 2577
3 60 2196
3 61 7201
3 62 673
3 63 6974
3 64 1998
3 65 3428
3 66 6520
3 68 6776
3 69 5477
3 70 4926
3 71 330
3 72 5381
3 74 6049
3 75 6928
3 76 6384
3 77 3984
3 78 6501
3 79 373
4 6 1223
4 7 184
4 8 2950
4 9 2152
4 10 2974
4 11 4230
4 12 3103
4 13 2741
4 14 5769
4 15 5883
4 16 5528
4 17 5047
4 18 47
4 19 3855
4 20 2855
4 21 310
4 23 493
4 24 559
4 25 6329
4 27 5309
4 28 6769
4 31 745
4 32 6961
4 33 7356
4 34 1543
4 35 3491
4 36 6236
4 37 5142
4 38 6228
4 39 3370
4 40 4795
4 41 3247
4 42 24
4 43 7061
4 44 3247
4 45 3946
4 46 7189
4 47 3918
4 48 373
4 50 1915
4 52 2355
4 53 4028
4 54 4406
4 56 275
4 57 6798
4 58 41
4 59 345
4 60 7049
4 61 7022
4 62 7325
4 63 3270
4 66 2591
4 67 3112
4 68 2462
4 69 5712
4 70 3822
4 72 5428
4 73 3606
4 74 4711
4 75 2263
4 76 3123
4 77 3100
4 78 5558
4 79 4030
5 6 1302
5 7 2412
5 9 4848
5 10 4694
5 11 4331
5 12 5086
5 13 6316
5 14 3784
5 16 4857
5 17 5005
5 18 4991
5 19 4508
5 20 4833
5 21 6122
5 22 4017
5 23 110
5 24 1347
5 25 1480
5 26 6140
5 27 1565
5 28 4077
5 29 6712
5 30 3703
5 32 7412
5 33 2428
5 34 1223
5 35 2889
5 36 5592
5 37 5637
5 38 822
5 39 4767
5 40 4610
5 41 81
5 42 3704
5 43 2260
5 44 2001
5 45 1016
5 46 4734
5 47 2121
5 49 3400
5 50 762
5 51 4767
5 52 1102
5 53 5913
5 54 2393
5 55 4173
5 56 7433
5 58 628
5 60 2887
5 61 7351
5 62 7111
5 64 1770
5 65 3498
5 66 271
5 67 923
5 68 1494
5 69 4382
5 70 7112
5 71 4309
5 72 5664
5 73 71
5 74 2934
5 75 1896
5 76 2436
5 77 6986
5 78 6453
5 79 5206
6 7 7256
6 8 2031
6 9 6579
6 11 6924
6 12 6540
6 13 2616
6 14 6796
6 15 6195
6 16 2825
6 17 5236
6 19 4871
6 20 6184
6 21 3662
6 23 220
6 24 4699
6 25 5592
6 26 6853
6 27 6882
6 28 2901
6 29 1263
6 30 6453
6 31 7122
6 32 564
6 33 1445
6 35 7138
6 37 5821
6 38 3496
6 39 1523
6 40 7017
6 41 5137
6 42 1149
6 43 3856
6 44 3264
6 46 3378
6 47 3107
6 48 2097
6 49 2203
6 50 7402
6 51 7067
6 52 226
6 53 5360
6 54 4043
6 55 4680
6 56 4888
6 57 5393
6 58 3400
6 59 5202
6 60 3348
6 61 6936
6 62 4635
6 64 6731
6 65 770
6 66 7253
6 67 1043
6 68 6699
6 69 3504
6 70 4485
6 71 7035
6 72 7410
6 73 338
6 75 1571
6 76 5671
6 77 7469
6 78 1847
6 79 4204
7 8 2686
7 9 1183
7 10 1512
7 11 4057
7 12 6855
7 13 3158
7 15 5680
7 16 3928
7 17 733
7 18 4548
7 19 4688
7 20 644
7 22 4602
7 23 4631
7 24 920
7 25 3064
7 26 2829
7 27 1110
7 28 4229
7 29 2735
7 30 7377
7 31 4418
7 32 5849
7 33 7056
7 34 4758
7 35 5005
7 36 2673
7 37 5993
7 38 6468
7 39 6283
7 40 1790
7 41 7193
7 42 4124
7 44 7204
7 45 4442
7 46 5197
7 48 4020
7 49 1922
7 50 3881
7 51 4457
7 52 2848
7 53 6198
7 54 4607
7 55 2167
7 56 2757
7 57 1790
7 59 5913
7 60 6837
7 61 7423
7 62 2910
7 63 1492
7 64 491
7 65 5394
7 66 6639
7 67 6226
7 68 5124
7 69 4425
7 70 1813
7 71 5186
7 72 2550
7 73 4694
7 74 4476
7 75 4804
7 76 73
7 77 6442
7 78 1198
7 79 6454
8 9 2044
8 10 3458
8 11 5475
8 12 556
8 13 6889
8 14 6117
8 15 4773
8 16 2957
8 17 2000
8 18 2524
8 19 2107
8 20 1639
8 21 2257
8 22 2865
8 23 6218
8 24 3994
8 25 2721
8 26 794
8 27 985
8 28 1496
8 29 5181
8 30 6778
8 31 1618
8 32 7479
8 33 88
8 34 1443
8 35 6384
8 36 2078
8 37 2514
8 38 3446
8 39 3316
8 40 1991
8 41 6241
8 42 5583
8 43 2984
8 44 5303
8 45 6042
8 46 821
8 47 3370
8 48 2627
8 49 7356
8 50 4504
8 51 6003
8 52 7379
8 53 578
8 54 2246
8 55 2115
8 56 1282
8 57 4723
8 58 5785
8 59 5294
8 60 6074
8 61 5870
8 62 1698
8 63 5396
8 64 5197
8 65 7246
8 66 3989
8 67 5336
8 69 5913
8 70 360
8 71 658
8 72 1291
8 73 5873
8 74 6149
8 75 3652
8 77 6339
8 78 1748
8 79 1196
9 10 3713
9 11 3745
9 12 5147
9 13 557
9 14 2953
9 15 246
9 16 5382
9 17 1005
9 18 2694
9 19 4904
9 20 6370
9 21 4704
9 22 4688
9 23 6913
9 24 2930
9 25 4930
9 26 4703
9 27 303
9 28 259
9 29 5330
9 30 4733
9 32 2614
9 33 1119
9 34 1024
9 35 5400
9 36 209
9 37 6778
9 38 3772
9 39 7077
9 40 3453
9 41 6487
9 42 3738
9 43 601
9 44 5623
9 45 1619
9 46 3896
9 47 299
9 48 4375
9 49 5858
9 50 2756
9 51 6325
9 52 1694
9 53 3129
9 54 6125
9 55 5874
9 56 6945
9 57 1228
9 59 1828
9 60 847
9 61 1091
9 62 3739
9 63 183
9 64 2862
9 65 6309
9 66 4355
9 67 4788
9 68 1963
9 69 651
9 70 6718
9 71 4653
9 72 1653
9 73 1374
9 76 2010
9 78 3100
10 11 1587
10 12 6085
10 13 6099
10 14 2912
10 15 5163
10 16 475
10 17 791
10 18 4756
10 19 2185
10 20 6506
10 21 2772
10 22 5227
10 23 136
10 24 3294
10 25 1688
10 26 5368
10 27 4612
10 28 6575
10 29 196
10 30 3867
10 31 1036
10 32 2687
10 33 4319
10 34 686
10 35 1849
10 36 544
10 37 5274
10 38 2331
10 39 3210
10 40 6291
10 41 4588
10 42 7024
10 44 6098
10 45 6008
10 46 5332
10 47 1618
10 48 4256
10 49 4195
10 50 2980
10 51 6045
10 52 1444
10 53 5648
10 55 2408
10 57 50
10 58 3612
10 59 5047
10 60 2519
10 61 6775
10 62 3078
10 63 2595
10 64 5630
10 65 5842
10 66 3546
10 67 3225
10 68 547
10 69 1809
10 70 937
10 71 6305
10 72 2883
10 73 7087
10 74 3060
10 76 5578
10 77 1283
10 78 1559
10 79 550
11 12 1722
11 13 2298
11 14 2297
11 15 4973
11 16 1869
11 17 2751
11 18 1929
11 19 4571
11 20 843
11 21 1931
11 22 5336
11 23 696
11 24 3896
11 25 221
11 26 5569
11 27 1911
11 28 4725
11 29 1539
11 31 6511
11 32 6251
11 33 3214
11 35 1174
11 36 3127
11 37 2715
11 38 7056
11 39 676
11 40 1668
11 41 7432
11 42 2525
11 43 361
11 44 2994
11 45 7495
11 46 3459
11 47 3542
11 48 3126
11 51 3180
11 52 6933
11 53 5732
11 54 1567
11 55 1549
11 56 3241
11 57 5665
11 58 3955
11 60 3168
11 61 1869
11 62 2822
11 64 846
11 65 4688
11 66 3689
11 68 6868
11 69 1249
11 72 4944
11 73 2648
11 74 5001
11 75 4202
11 76 1170
11 77 3603
11 79 5471
12 13 1892
12 14 4707
12 15 3367
12 16 4411
12 17 3919
12 18 6423
12 19 6327
12 20 2078
12 21 6095
12 22 2573
12 23 189
12 24 184
12 25 7308
12 26 2167
12 27 2996
12 28 5788
12 29 1063
12 30 5327
12 31 4887
12 32 3984
12 33 7316
12 34 4614
12 35 2909
12 36 4919
12 37 1879
12 38 4985
12 39 6130
12 40 6984
12 41 446
12 42 1433
12 43 5843
12 45 5758
12 46 3857
12 47 6452
12 48 4373
12 49 4761
12 50 4870
12 52 2912
12 53 1892
12 54 4867
12 55 4562
12 56 2249
12 57 7137
12 58 3398
12 60 593
12 61 3517
12 62 57
12 63 6739
12 64 3671
12 65 5617
12 66 1093
12 67 888
12 68 4750
12 69 2226
12 70 3131
12 71 4305
12 72 2702
12 73 5114
12 74 1951
12 75 1734
12 77 4102
12 78 3582
12 79 5834
13 14 6497
13 15 7059
13 16 3038
13 17 7167
13 18 3850
13 19 5597
13 20 1060
13 21 398
13 22 6456
13 23 1855
13 24 901
13 25 3788
13 26 1766
13 27 1390
13 28 3216
13 29 5641
13 30 520
13 31 7343
13 32 4299
13 33 5780
13 34 2643
13 35 4241
13 36 130
13 37 6795
13 38 2441
13 39 1140
13 40 6890
13 41 5635
13 43 7024
13 44 6236
13 45 49
13 46 6117
13 47 5995
13 48 7249
13 49 6804
13 50 5849
13 51 2341
13 52 1013
13 53 197
13 54 771
13 55 90
13 56 5939
13 57 1097
13 58 537
13 59 6706
13 60 5070
13 61 5424
13 62 2205
13 63 2415
13 64 7124
13 65 53
13 66 2601
13 67 5227
13 68 7076
13 69 2563
13 70 3325
13 71 2161
13 72 5372
13 73 5412
13 74 1581
13 75 2884
13 76 2722
13 77 540
13 78 4724
13 79 4583
14 15 3523
14 16 23
14 17 4732
14 18 7441
14 19 876
14 20 2358
14 21 2859
14 22 3666
14 23 5479
14 24 4342
14 25 3897
14 26 3913
14 27 531
14 28 2896
14 29 5109
14 30 7304
14 31 2317
14 32 4959
14 33 3927
14 34 1559
14 35 3957
14 37 6815
14 38 1723
14 39 4116
14 40 942
14 41 4900
14 42 5292
14 43 48
14 44 5765
14 45 6204
14 47 6187
14 48 1486
14 49 4162
14 50 6247
14 51 6770
14 52 988
14 53 870
14 55 6118
14 56 6403
14 57 3971
14 58 6576
14 59 5523
14 60 2857
14 61 979
14 62 7234
14 63 6598
14 64 4124
14 65 1009
14 66 340
14 67 6509
14 68 5421
14 69 3911
14 70 587
14 71 6489
14 72 7290
14 73 2143
14 74 3573
14 75 4339
14 76 2805
14 77 5692
14 78 6807
14 79 5737
15 16 6382
15 17 2021
15 19 7381
15 20 450
15 21 5025
15 22 3154
15 23 2187
15 24 5046
15 25 2490
15 26 6422
15 27 7101
15 28 4311
15 29 2394
15 30 780
15 31 1640
15 33 7236
15 34 1841
15 35 2665
15 36 418
15 37 6831
15 38 7238
15 39 4654
15 40 2133
15 41 3721
15 42 6424
15 43 3347
15 44 889
15 46 5440
15 47 1758
15 48 11
15 49 5667
15 51 5635
15 52 1671
15 53 3191
15 54 2168
15 56 5673
15 57 6572
15 58 6732
15 59 3450
15 60 5017
15 61 4199
15 62 1151
15 63 435
15 64 6921
15 65 6136
15 67 6001
15 68 1199
15 69 626
15 70 24
15 71 5021
15 72 7317
15 73 2387
15 74 6115
15 75 1440
15 76 1573
15 77 4976
15 78 5721
15 79 4342
16 17 4238
16 18 6116
16 19 526
16 20 2750
16 21 2490
16 22 3816
16 23 3871
16 24 4681
16 26 7067
16 27 6834
16 28 820
16 29 4047
16 30 3937
16 31 3611
16 32 4796
16 33 4344
16 34 7410
16 36 3377
16 37 886
16 39 4702
16 40 4069
16 41 2115
16 42 5608
16 43 5987
16 44 3008
16 45 3902
16 46 4696
16 47 9
16 48 444
16 49 2101
16 50 4590
16 51 1158
16 52 4238
16 53 4638
16 54 6828
16 56 3396
16 57 6208
16 58 3686
16 59 7340
16 60 1101
16 61 3880
16 62 2693
16 64 1203
16 65 3170
16 66 7152
16 67 4164
16 68 2863
16 69 5143
16 71 4470
16 72 4153
16 73 6268
16 74 571
16 76 411
16 77 905
16 79 411
17 19 7425
17 20 4244
17 21 2161
17 23 6325
17 24 2771
17 25 49
17 26 4988
17 27 1163
17 28 2588
17 29 2204
17 30 87
17 31 1272
17 32 616
17 33 6531
17 34 4835
17 36 4841
17 37 599
17 38 6751
17 39 4677
17 40 2129
17 41 558
17 42 7093
17 43 2616
17 44 5367
17 45 1140
17 46 336
17 47 7500
17 48 1466
17 49 736
17 51 497
17 52 7056
17 53 594
17 54 2603
17 55 2585
17 56 2081
17 57 3668
17 58 4283
17 59 7298
17 60 4313
17 61 4358
17 62 383
17 63 1892
17 66 1674
17 68 1022
17 69 1044
17 70 2251
17 71 6976
17 72 1537
17 74 6226
17 75 318
17 76 5201
17 77 6226
17 78 6514
17 79 3905
18 19 1938
18 20 334
18 21 5069
18 22 1624
18 23 1881
18 24 100
18 25 4384
18 27 5438
18 28 816
18 29 5665
18 30 2538
18 31 3622
18 32 6250
18 33 518
18 34 891
18 35 2622
18 36 6598
18 38 6309
18 39 2162
18 40 5192
18 41 5796
18 42 165
18 43 6364
18 45 1085
18 46 2114
18 47 4144
18 48 3978
18 49 2720
18 50 4726
18 51 2111
18 53 61
18 54 4753
18 55 5489
18 56 5910
18 57 528
18 58 4106
18 59 7082
18 61 3274
18 62 2118
18 63 4231
18 64 3621
18 65 507
18 68 1302
18 69 2782
18 70 5077
18 71 201
18 72 904
18 74 4083
18 75 5412
18 76 7185
18 77 1360
18 78 7118
18 79 7301
19 20 7347
19 22 554
19 23 4019
19 24 7207
19 25 7329
19 26 7120
19 28 7321
19 29 6306
19 30 261
19 31 4781
19 32 131
19 33 868
19 34 1000
19 35 4607
19 36 2044
19 38 871
19 40 3741
19 41 6246
19 42 4850
19 44 2254
19 45 7352
19 46 1997
19 47 420
19 48 1771
19 49 3867
19 50 3514
19 51 3790
19 52 1315
19 53 4893
19 54 5709
19 55 7329
19 56 855
19 57 1197
19 58 2199
19 59 2447
19 60 4473
19 61 3463
19 62 5640
19 63 1557
19 64 6528
19 65 2701
19 67 6490
19 68 1151
19 69 486
19 70 5843
19 71 3301
19 72 5955
19 73 1991
19 74 1700
19 75 2167
19 76 5448
19 79 308
20 21 3677
20 22 6783
20 23 1770
20 24 288
20 25 4917
20 26 893
20 28 5588
20 29 1859
20 30 308
20 31 7224
20 32 3060
20 33 1047
20 34 6147
20 35 5584
20 36 3523
20 37 4444
20 38 5122
20 39 3213
20 40 4034
20 41 917
20 42 2568
20 43 2881
20 45 3591
20 46 7332
20 47 5611
20 48 6861
20 49 7259
20 50 3809
20 51 3211
20 52 5347
20 53 1518
20 54 5522
20 55 3650
20 56 650
20 57 3587
20 58 392
20 60 7398
20 61 3943
20 62 6965
20 63 2747
20 66 4286
20 67 4217
20 68 441
20 69 3957
20 70 1661
20 71 6363
20 72 6896
20 73 6426
20 75 2750
20 76 2931
20 77 2712
20 78 7044
20 79 880
21 22 2595
21 23 6892
21 24 2193
21 25 6071
21 26 4563
21 27 4759
21 28 6725
21 29 3118
21 30 6253
21 32 2324
21 33 4380
21 34 607
21 35 1498
21 36 5877
21 37 4049
21 38 2792
21 39 2759
21 40 2999
21 41 920
21 42 2795
21 43 7412
21 44 5209
21 45 1519
21 46 5520
21 47 2043
21 48 1548
21 49 5482
21 51 5831
21 52 3632
21 54 7000
21 55 382
21 56 4816
21 57 490
21 58 4885
21 59 3071
21 61 779
21 62 3204
21 63 935
21 65 1278
21 66 1008
21 67 981
21 68 3941
21 69 2394
21 70 3582
21 71 2639
21 72 3003
21 74 3492
21 75 1282
21 76 6463
21 78 7241
21 79 1867
22 23 1278
22 24 1869
22 25 269
22 26 7017
22 27 1638
22 28 4107
22 29 4777
22 30 3628
22 31 1854
22 32 6222
22 33 1473
22 34 7033
22 35 1077
22 36 6912
22 37 4805
22 38 6952
22 39 1572
22 41 692
22 42 5856
22 43 4684
22 44 4898
22 45 4293
22 46 2546
22 48 1675
22 49 2894
22 50 3894
22 51 1599
22 52 6888
22 53 3491
22 54 1139
22 55 1625
22 56 1966
22 57 1105
22 58 5171
22 59 2196
22 60 5646
22 61 330
22 62 3659
22 63 5577
22 64 5169
22 65 6183
22 66 3397
22 67 4236
22 68 142
22 69 5827
22 70 2020
22 71 1694
22 72 6766
22 73 348
22 74 3546
22 75 6825
22 76 2508
22 77 1477
22 78 3043
22 79 554
23 25 6737
23 27 7017
23 28 4407
23 29 4439
23 30 7291
23 31 387
23 32 646
23 34 993
23 35 6680
23 36 1115
23 37 2599
23 38 1199
23 40 752
23 41 2227
23 42 6258
23 43 2898
23 44 6416
23 45 3137
23 46 240
23 47 15
23 48 2114
23 49 6629
23 50 505
23 51 2131
23 52 2033
23 53 3194
23 54 1902
23 57 1684
23 58 1631
23 60 4528
23 61 6513
23 62 5907
23 63 3422
23 64 1233
23 65 3
23 66 2027
23 67 1249
23 68 6232
23 69 3830
23 71 4335
23 72 7199
23 73 3989
23 74 5397
23 76 4346
23 77 3445
23 78 3534
24 25 5807
24 26 4661
24 28 5405
24 29 3843
24 30 3881
24 31 6200
24 32 860
24 33 2248
24 34 2286
24 37 6498
24 39 2195
24 40 5489
24 42 6191
24 43 3050
24 44 4992
24 45 4523
24 46 5190
24 47 6104
24 48 1142
24 49 6983
24 50 6242
24 51 4197
24 52 2831
24 53 2398
24 54 3740
24 55 2874
24 56 1282
24 57 4488
24 58 109
24 59 3606
24 60 3143
24 61 4551
24 62 6697
24 63 106
24 64 5660
24 65 1192
24 66 6522
24 67 4280
24 68 5973
24 69 1384
24 70 2471
24 71 809
24 72 1739
24 73 1429
24 74 3037
24 75 4650
24 76 3366
24 77 4716
24 78 2557
24 79 1753
25 26 965
25 27 3968
25 28 7183
25 29 691
25 30 7425
25 31 6719
25 32 4035
25 33 3851
25 34 3027
25 35 6471
25 36 6869
25 37 2447
25 38 3023
25 39 3000
25 40 2186
25 41 5146
25 44 1989
25 45 2361
25 48 2456
25 49 1235
25 50 185
25 52 3211
25 53 1438
25 54 6288
25 55 3072
25 56 6932
25 57 2225
25 58 2623
25 59 1508
25 60 3727
25 61 5465
25 62 4333
25 63 3396
25 64 1950
25 65 6703
25 66 4885
25 67 3407
25 68 2560
25 69 6425
25 70 1252
25 71 572
25 72 1285
25 74 2759
25 75 4904
25 76 3703
25 77 4199
25 78 3708
25 79 7258
26 27 5643
26 28 6082
26 29 7047
26 30 192
26 32 3887
26 33 2183
26 34 5118
26 35 3525
26 36 4403
26 37 1661
26 38 3176
26 39 6933
26 41 3295
26 42 787
26 43 4489
26 44 5214
26 45 2066
26 46 2496
26 47 1457
26 48 3848
26 49 6662
26 50 3344
26 51 3863
26 52 5170
26 53 2758
26 54 4163
26 55 6685
26 56 6599
26 57 3175
26 58 3235
26 59 4017
26 60 937
26 61 3411
26 62 4895
26 63 411
26 64 1944
26 65 1580
26 66 340
26 67 6384
26 69 1642
26 71 3646
26 72 7
26 73 2332
26 74 1480
26 75 1048
26 76 4217
26 77 634
26 78 4268
26 79 2697
27 28 5622
27 29 3102
27 33 6514
27 34 627
27 35 971
27 36 2005
27 37 1428
27 38 4303
27 39 3932
27 40 2211
27 41 4288
27 42 264
27 43 6166
27 44 3666
27 45 2765
27 46 4149
27 47 7287
27 48 3017
27 49 3300
27 50 4659
27 51 5064
27 52 3945
27 53 2763
27 54 6506
27 56 1217
27 57 5105
27 58 5440
27 59 1780
27 60 2239
27 61 4199
27 62 622
27 63 534
27 64 1033
27 65 566
27 66 1697
27 67 7442
27 69 4136
27 70 6083
27 71 518
27 72 3210
27 73 3357
27 74 3633
27 75 6955
27 76 3021
27 78 3768
28 29 4301
28 31 1339
28 32 2044
28 33 977
28 34 2745
28 35 6121
28 36 4894
28 37 3439
28 38 3823
28 39 6502
28 41 7283
28 42 1682
28 44 2299
28 45 4984
28 46 2223
28 47 6948
28 48 3589
28 49 5447
28 50 3475
28 51 2228
28 52 4760
28 53 1560
28 55 5382
28 56 6972
28 57 4150
28 58 330
28 59 909
28 60 6981
28 61 7396
28 62 6256
28 63 6211
28 64 6339
28 65 6614
28 66 2527
28 67 4483
28 69 1808
28 70 1818
28 71 1767
28 72 2897
28 73 7149
28 74 6679
28 75 762
28 76 2664
28 77 1486
28 78 4699
28 79 6989
29 30 4223
29 31 3832
29 32 1067
29 33 1164
29 34 3608
29 35 7277
29 36 6396
29 37 7276
29 38 6743
29 39 497
29 40 1459
29 41 6363
29 45 2104
29 46 4388
29 47 159
29 49 5488
29 50 3345
29 51 5090
29 52 973
29 53 3729
29 54 4112
29 55 6863
29 57 7360
29 58 942
29 59 5841
29 61 6189
29 62 5830
29 63 4553
29 64 1136
29 65 4861
29 66 1677
29 67 3478
29 68 5361
29 70 441
29 72 1648
29 73 652
29 74 95
29 75 3220
29 76 5970
29 77 2642
29 78 7299
29 79 5635
30 31 3827
30 32 2034
30 33 3597
30 34 7095
30 35 680
30 36 1727
30 37 3099
30 38 960
30 39 5132
30 40 5877
30 41 592
30 42 4142
30 43 6434
30 46 6606
30 47 1935
30 48 4032
30 49 1822
30 50 5383
30 51 4905
30 52 2927
30 53 7428
30 54 2879
30 55 2124
30 56 6554
30 57 3439
30 58 7300
30 59 5059
30 60 4567
30 61 2670
30 62 4891
30 64 1422
30 65 4981
30 66 3010
30 67 5305
30 68 676
30 69 6703
30 70 5018
30 71 6528
30 72 4348
30 73 317
30 74 4531
30 75 403
30 76 2667
30 77 4785
30 78 3126
30 79 1997
31 32 7016
31 33 3800
31 34 3578
31 36 4253
31 37 7355
31 38 1261
31 39 184
31 40 7199
31 42 2543
31 43 1759
31 44 4060
31 45 32
31 46 967
31 47 935
31 48 6557
31 49 1292
31 50 679
31 51 3312
31 52 474
31 53 1184
31 54 7167
31 55 666
31 56 3734
31 57 316
31 58 24
31 59 573
31 60 5351
31 61 3130
31 63 4065
31 64 1670
31 65 775
31 66 2896
31 67 337
31 68 4969
31 69 4261
31 70 5910
31 71 4969
31 72 4530
31 73 585
31 74 1924
31 75 2730
31 76 5713
31 77 6840
31 78 3651
31 79 4011
32 33 4473
32 35 7369
32 36 1533
32 37 5601
32 38 7206
32 39 5036
32 40 7371
32 42 1771
32 44 2546
32 45 1269
32 46 5612
32 47 5594
32 48 7105
32 49 5503
32 50 3674
32 52 2394
32 53 5357
32 55 4483
32 56 477
32 57 4397
32 59 779
32 60 4565
32 61 3515
32 62 1735
32 64 4041
32 65 2920
32 66 4767
32 67 6273
32 68 264
32 69 2185
32 70 453
32 71 608
32 72 2771
32 75 284
32 76 6798
32 77 6749
32 78 2471
32 79 349
33 34 5141
33 35 2805
33 36 5738
33 38 3362
33 40 5959
33 41 834
33 42 6126
33 43 402
33 44 1377
33 46 512
33 47 4416
33 48 5344
33 49 3086
33 50 2231
33 51 3252
33 52 833
33 53 2560
33 54 1847
33 55 5971
33 56 3232
33 57 2128
33 60 1396
33 61 3797
33 63 3160
33 64 5480
33 65 6948
33 66 4565
33 67 2091
33 69 62
33 70 4621
33 71 2033
33 72 7394
33 73 262
33 75 1241
33 76 775
33 77 3218
33 78 6308
33 79 5285
34 35 2627
34 36 4595
34 37 3124
34 38 7133
34 39 4252
34 40 4128
34 41 5063
34 42 1061
34 43 5494
34 44 3143
34 45 5491
34 46 1792
34 47 6895
34 48 1837
34 49 2588
34 50 169
34 51 1736
34 52 6140
34 53 4126
34 54 278
34 56 4405
34 57 2628
34 58 7317
34 59 6849
34 61 5671
34 62 3239
34 63 2191
34 64 3823
34 65 7186
34 66 2500
34 67 2975
34 68 2321
34 69 6799
34 70 5089
34 71 6174
34 72 3980
34 73 4134
34 74 3599
34 75 4684
34 76 998
34 77 6108
34 78 2815
34 79 5720
35 36 4826
35 37 3250
35 38 4112
35 39 2912
35 40 5542
35 41 3082
35 42 1785
35 43 3488
35 44 4389
35 45 2451
35 46 7467
35 47 872
35 48 2487
35 49 5200
35 50 278
35 51 994
35 52 177
35 53 2631
35 54 671
35 55 7275
35 56 6604
35 58 7241
35 59 738
35 60 5555
35 61 6806
35 62 7177
35 63 4616
35 64 6629
35 65 4693
35 66 3224
35 68 7178
35 69 6221
35 70 483
35 71 6703
35 72 3308
35 73 1965
35 74 4398
35 75 2443
35 76 37
35 78 3781
35 79 4702
36 37 174
36 38 4991
36 39 5963
36 40 2033
36 41 6744
36 43 404
36 44 6053
36 45 6467
36 46 4263
36 47 2417
36 48 2913
36 49 1266
36 50 5864
36 51 6729
36 53 6476
36 54 1707
36 55 1788
36 56 2384
36 57 610
36 58 3196
36 59 2030
36 60 5823
36 61 871
36 62 3601
36 63 1450
36 64 2417
36 65 6026
36 66 3523
36 67 2297
36 68 3430
36 69 6989
36 70 4090
36 71 4157
36 72 3947
36 73 6951
36 74 3388
36 75 399
36 77 121
36 78 3271
36 79 1044
37 38 2042
37 41 1078
37 42 7407
37 44 31
37 45 2231
37 46 7315
37 47 797
37 49 6600
37 50 4743
37 51 1505
37 52 5453
37 54 75
37 55 3645
37 56 2144
37 57 3717
37 58 2276
37 59 6013
37 60 4273
37 61 3311
37 62 367
37 63 1945
37 64 5739
37 65 6615
37 66 6894
37 67 7202
37 68 1701
37 69 7298
37 71 3442
37 72 2424
37 73 3800
37 74 5768
37 75 7042
37 76 4306
37 77 5201
37 78 4803
37 79 4104
38 39 5416
38 40 3932
38 41 4500
38 42 3314
38 43 1881
38 44 345
38 45 2624
38 46 1442
38 47 6129
38 49 4396
38 50 4469
38 51 2080
38 52 2839
38 53 5059
38 54 6046
38 55 6784
38 56 6307
38 58 6486
38 59 1198
38 60 7404
38 61 1077
38 62 3031
38 63 5277
38 65 1557
38 66 4385
38 67 2544
38 68 5133
38 69 906
38 70 5602
38 73 3102
38 74 6632
38 75 562
38 76 4949
38 77 1799
38 78 207
38 79 7224
39 40 7305
39 41 687
39 42 5141
39 43 6238
39 44 1739
39 45 4418
39 46 6561
39 48 2978
39 49 1753
39 50 4238
39 51 3967
39 52 1805
39 53 431
39 54 2156
39 55 4574
39 56 3411
39 57 3270
39 59 6045
39 60 6687
39 61 6230
39 62 632
39 63 3826
39 64 5972
39 65 1034
39 66 5669
39 67 6991
39 68 6046
39 69 4731
39 70 2446
39 71 6820
39 72 3100
39 73 799
39 74 1982
39 75 1583
39 76 5978
39 77 2476
39 78 3306
39 79 3595
40 41 233
40 42 3653
40 44 1995
40 45 6266
40 46 6285
40 47 5879
40 48 1480
40 49 424
40 50 4205
40 51 5292
40 52 6432
40 53 7229
40 54 1436
40 55 1401
40 56 136
40 57 6821
40 58 5681
40 59 3836
40 60 4480
40 61 2459
40 62 3613
40 63 588
40 64 3096
40 65 7255
40 66 5861
40 67 7403
40 68 2858
40 69 2888
40 70 2525
40 71 2233
40 72 4020
40 73 5126
40 74 4479
40 75 1226
40 76 2914
40 77 3573
40 78 2225
40 79 2970
41 42 2875
41 43 2823
41 44 6622
41 45 4880
41 46 1209
41 47 3975
41 48 2258
41 49 5244
41 50 6611
41 51 7328
41 52 3182
41 53 2750
41 54 2440
41 55 3972
41 56 7038
41 57 1335
41 58 7369
41 59 2499
41 60 4587
41 61 7320
41 62 144
41 63 879
41 64 1352
41 65 29
41 66 342
41 67 607
41 69 3357
41 70 2200
41 71 4941
41 73 2086
41 74 683
41 75 2559
41 76 7296
42 45 4021
42 46 2464
42 47 2187
42 48 687
42 49 2385
42 50 7006
42 51 2882
42 52 3326
42 53 7420
42 54 1259
42 55 2279
42 56 879
42 57 3008
42 58 6221
42 59 2517
42 60 2586
42 61 1785
42 62 5734
42 63 5679
42 64 3717
42 65 7185
42 66 4007
42 67 3779
42 68 1740
42 69 1429
42 70 2018
42 71 5063
42 72 6869
42 73 7474
42 75 2490
42 76 2333
42 77 5852
42 78 4963
42 79 4412
43 44 3743
43 45 1271
43 46 6685
43 47 2095
43 48 3281
43 49 6797
43 50 5514
43 51 1545
43 52 76
43 53 7235
43 55 1077
43 56 1896
43 57 5787
43 58 4121
43 59 2745
43 60 2054
43 61 4681
43 62 5755
43 63 1317
43 64 2002
43 65 1772
43 66 3974
43 67 1176
43 69 993
43 70 4774
43 71 2250
43 72 2452
43 73 1847
43 74 5527
43 75 3528
43 77 1450
43 78 1433
44 45 2749
44 46 488
44 47 3951
44 48 4035
44 49 6498
44 50 6686
44 51 294
44 52 545
44 53 19
44 54 3950
44 55 2632
44 56 875
44 57 2265
44 58 109
44 59 2222
44 60 6868
44 63 3883
44 66 279
44 68 5816
44 69 6183
44 70 3559
44 71 7497
44 72 4027
44 73 6890
44 74 1588
44 75 7118
44 76 5656
44 77 4598
44 78 6218
45 46 4924
45 47 5365
45 48 5219
45 49 4477
45 50 2810
45 51 2291
45 53 2368
45 54 6660
45 55 2350
45 56 3747
45 57 2948
45 58 6313
45 60 3410
45 61 1433
45 62 5994
45 63 1632
45 64 6660
45 65 852
45 67 3661
45 68 1804
45 69 3732
45 70 1733
45 72 4082
45 73 5662
45 74 3238
45 75 4534
45 76 3093
45 77 6320
45 79 3665
46 47 2959
46 48 243
46 49 873
46 50 1822
46 51 5209
46 52 2333
46 53 6647
46 54 2034
46 55 5850
46 57 4071
46 58 4805
46 59 106
46 61 5277
46 63 1441
46 64 4685
46 65 5099
46 66 38
46 67 5370
46 68 4389
46 69 4607
46 70 5844
46 71 5565
46 74 3831
46 75 2504
46 76 103
46 77 383
46 78 6737
46 79 7430
47 48 6715
47 49 7342
47 50 7014
47 51 3493
47 53 6733
47 54 6759
47 55 2423
47 56 7180
47 57 561
47 58 3362
47 59 274
47 60 7162
47 61 3731
47 62 7323
47 63 4147
47 64 3655
47 65 5545
47 66 5978
47 68 2213
47 69 895
47 71 2510
47 72 1522
47 73 7097
47 74 5163
47 75 1642
47 76 6306
47 77 6023
47 78 6668
47 79 5828
48 49 4048
48 50 1130
48 51 1301
48 52 6368
48 53 672
48 54 2710
48 55 1184
48 56 5881
48 57 5112
48 59 1627
48 60 5280
48 61 6092
48 62 4437
48 63 3453
48 64 4659
48 65 6829
48 66 5600
48 67 6793
48 68 6640
48 69 5878
48 71 4193
48 73 1425
48 74 4352
48 75 2164
48 76 5541
48 77 4392
48 78 4229
48 79 667
49 50 4109
49 51 3503
49 52 3317
49 53 2561
49 54 6809
49 55 3717
49 56 4985
49 57 7083
49 58 422
49 59 477
49 60 5613
49 61 2103
49 62 1435
49 63 4340
49 64 322
49 65 3547
49 66 1682
49 67 4422
49 68 1152
49 69 5311
49 70 6385
49 71 2202
49 72 412
49 73 3525
49 74 1643
49 75 3309
49 76 5493
49 77 7463
49 78 3257
49 79 3941
50 51 660
50 52 4563
50 53 5888
50 54 5043
50 55 7317
50 56 4055
50 57 3231
50 58 1421
50 59 540
50 60 2178
50 61 297
50 62 5992
50 63 1101
50 64 4067
50 65 2755
50 66 5638
50 67 5698
50 68 3459
50 69 4183
50 70 180
50 71 1557
50 72 403
50 73 2989
50 74 6132
50 75 4471
50 76 3413
50 77 3998
50 79 5098
51 52 5974
51 53 816
51 54 6443
51 55 2382
51 56 5391
51 57 3528
51 58 5497
51 59 5651
51 60 6780
51 61 4071
51 62 6772
51 64 5284
51 65 6895
51 66 1970
51 67 5731
51 68 6127
51 69 1994
51 70 4331
51 71 5192
51 72 1817
51 73 852
51 74 6210
51 75 4062
51 76 4213
51 78 3019
51 79 515
52 53 6961
52 54 4540
52 55 2551
52 56 5825
52 57 3320
52 58 3426
52 59 543
52 61 4219
52 62 4535
52 63 5282
52 64 2504
52 65 1887
52 66 4248
52 67 2234
52 69 7380
52 70 4547
52 71 5479
52 72 1612
52 73 1029
52 74 6367
52 75 2412
52 77 5085
52 78 2527
52 79 6402
53 55 1405
53 56 4953
53 57 4102
53 59 2526
53 60 437
53 61 769
53 62 5890
53 63 5319
53 65 1601
53 67 4012
53 68 4412
53 70 5790
53 71 7053
53 72 4485
53 73 4803
53 74 5633
53 75 546
53 76 3930
53 77 6627
53 78 5036
54 55 3105
54 56 2625
54 57 1104
54 58 3458
54 59 1854
54 61 1356
54 62 5834
54 63 2459
54 64 7069
54 65 3608
54 66 17
54 68 2798
54 69 722
54 70 3659
54 71 70
54 73 2694
54 74 1866
54 75 2627
54 76 5933
54 77 2748
54 79 1082
55 56 667
55 57 5468
55 58 5211
55 59 5648
55 60 3615
55 61 486
55 62 5787
55 63 6743
55 64 2259
55 65 6254
55 66 1870
55 67 4054
55 68 118
55 69 1802
55 70 4108
55 71 4657
55 72 4486
55 73 2905
55 74 2349
55 75 2910
55 76 7201
55 77 1651
55 78 5243
55 79 1547
56 57 7249
56 58 281
56 59 1984
56 60 7024
56 61 1586
56 62 858
56 63 764
56 64 2966
56 65 5843
56 67 691
56 68 559
56 71 7155
56 72 6899
56 73 2710
56 74 5499
56 75 6032
56 76 2697
56 77 3196
56 78 3302
56 79 3359
57 58 2989
57 59 3311
57 60 6067
57 61 4738
57 62 5157
57 63 4761
57 64 5805
57 65 3145
57 66 2666
57 68 7017
57 69 837
57 70 6967
57 71 32
57 72 5855
57 73 5326
57 74 5245
57 75 2011
57 76 2968
57 77 923
57 79 5071
58 60 3375
58 61 4176
58 62 825
58 63 2235
58 64 6801
58 65 3529
58 66 5624
58 68 2831
58 69 6059
58 70 2412
58 72 6097
58 73 4935
58 74 4706
58 75 4590
58 76 3868
58 77 52
58 78 5596
58 79 777
59 60 68
59 61 3401
59 62 6344
59 63 4860
59 64 3206
59 65 3340
59 67 5151
59 68 1887
59 69 3415
59 70 5987
59 71 3699
59 72 1471
59 74 2014
59 75 4215
59 77 3135
59 78 2543
59 79 6914
60 61 2941
60 62 4976
60 63 1182
60 65 5184
60 66 348
60 67 1810
60 68 4952
60 69 3156
60 70 884
60 71 6374
60 72 4983
60 73 3391
60 74 3927
60 78 7290
61 62 3617
61 63 102
61 64 4933
61 65 3075
61 67 3737
61 68 553
61 69 6745
61 70 2884
61 71 165
61 72 6952
61 73 6875
61 74 6031
61 75 1595
61 76 6711
61 77 2043
61 78 3853
61 79 5733
62 63 4798
62 64 1811
62 65 267
62 66 5018
62 67 47
62 68 3259
62 70 2275
62 71 4534
62 73 6961
62 74 6829
62 75 4
62 76 1291
62 77 3021
62 78 763
62 79 5027
63 64 4770
63 65 5841
63 66 3735
63 67 4708
63 68 5323
63 69 5563
63 70 1592
63 71 7438
63 72 6822
63 73 5437
63 74 6805
63 75 3540
63 76 5190
63 77 4590
63 78 6665
63 79 2864
64 65 6656
64 66 6674
64 67 3413
64 68 5523
64 69 2050
64 70 2991
64 72 2928
64 73 3939
64 74 5252
64 75 6834
64 76 3831
64 77 7233
64 78 2222
64 79 7258
65 66 7399
65 67 1197
65 68 569
65 69 3366
65 70 7313
65 71 5351
65 72 6442
65 73 5718
65 74 6512
65 75 1898
65 76 3595
65 77 5158
65 79 4890
66 67 1084
66 68 276
66 69 676
66 70 3174
66 71 2240
66 72 1699
66 73 3628
66 74 2243
66 75 2944
66 76 2946
66 77 1598
66 78 4414
66 79 6400
67 68 2370
67 69 3358
67 70 5694
67 71 6888
67 72 5270
67 73 140
67 74 5897
67 75 3610
67 76 6771
67 77 4097
67 78 3316
67 79 2952
68 69 2057
68 70 1566
68 71 612
68 72 2317
68 73 5640
68 75 2686
68 76 7331
68 78 5098
68 79 1937
69 70 1377
69 71 1293
69 72 4134
69 73 1012
69 74 2633
69 75 5062
69 76 7363
69 77 214
69 78 5943
69 79 2307
70 71 5907
70 72 6768
70 73 1433
70 74 6071
70 75 5771
70 76 228
70 77 4905
70 78 5498
70 79 4612
71 72 340
71 73 1824
71 74 989
71 75 3380
71 76 1012
71 77 2584
71 78 5904
71 79 3772
72 73 3771
72 74 3296
72 75 1938
72 76 1700
72 78 6605
72 79 4414
73 74 4851
73 76 3447
73 77 4086
73 78 3487
73 79 4490
74 75 1787
74 76 5521
74 78 1792
74 79 889
75 76 5212
75 77 285
75 78 2633
75 79 4547
76 77 2688
76 78 83
76 79 1438
77 78 1189
77 79 2854
78 79 5578
