35 80 2491
6279 3042 3683 273 1902 650 5268 3719 1831 2554 5128 5363 1345 1409 4349 3418 5380 6580 2959 1293 3662 7436 4483 4408 1351 2490 5141 5936 1021 2453 2640 7299 4346 6322 6423
6247 6971 4190 2466 154 5595 6445 5516 6940 6705 2364 2857 3436 296 4668 4728 2809 3455 562 6068 4806 1903 3708 2093 2924 5013 4732 2722 710 2405 1645 6957 727 4686 774 880 2781 7218 6396 2220 6422 111 3928 2357 406 1095 5936 2066 4550 6497 634 707 899 3193 2799 2674 705 6382 4248 1415 1286 4744 7223 2012 1929 496 1744 4709 6565 6991 5780 5486 7101 2208 6694 6359 3302 5129 7276 6703
2977 409 7409 2727 3602 2707 5401 3158 1588 2148 3424 1725 6891 1998 3737 171 2493 4332 3732 409 3822 2011 5894 2274 4218 3939 1132 6372 419 908 5574 3395 168 4335 4974 2621 7041 1726 4631 7481 2725 6906 1705 2115 1404 4293 1137 2748 1124 4868 3157 3797 6879 402 6071 2448 4341 7202 1319 4759 6961 5745 7006 5981 2579 4479 1101 971 5056 5731 7303 280 5137 1508 1246 5392 4652 2382 639 5776
7250 2647 924 5480 3049 6994 427 6241 5548 598 3499 3860 5194 1856 2340 6624 5186 3441 94 2741 523 7397 3020 4511 256 4265 1254 4907 6647 745 2034 5248 3391 2958 3227 5291 1303 2505 4031 6850 3102 6382 2062 7147 737 4401 6270 5923 6693 5216 1163 6068 3964 3035 3078 3071 7299 3184 477 5297 3928 1363 3044 7318 3172 6270 5109 3326 127 491 2676 2080 6872 3589 1727 109 489 6848 4883 6034
4563 4897 4601 7378 431 6530 2948 6582 2213 2277 4378 6140 2491 7422 4810 4514 5043 1270 339 5169 1760 1866 7249 1132 5454 1475 92 4795 7174 4974 3328 3089 1222 6780 2966 1653 5809 4766 734 6874 5894 3963 4365 884 3884 1674 5397 279 1795 4587 5447 3555 6453 4047 3538 4406 4373 3629 1700 4047 7454 3879 7135 1175 3158 1452 1679 1467 5069 2412 840 3462 5227 5204 3197 1610 5730 7445 740 24
4532 6187 2430 3484 1585 5967 6741 5958 2095 941 1356 900 4819 7342 2075 477 1293 3753 795 6362 5017 486 1175 2743 5689 4372 3204 2770 4316 3944 2794 199 1482 5223 3682 3066 2542 2923 375 4636 2715 1730 5536 6385 423 6462 6861 1716 2714 6507 6929 6582 6992 603 1824 5181 3826 5028 6802 642 323 947 840 1804 5022 3374 3721 63 5148 4096 3550 362 4677 1585 5598 5100 6898 4959 5667 2112
3965 3947 1193 3457 4549 1869 7489 875 5748 5642 368 6070 6589 59 6725 4110 2284 2945 4172 7431 5892 221 6644 1921 658 4742 5872 55 1052 4038 1018 3868 484 1063 6176 3884 2931 5016 3610 30 3158 3977 6099 2246 2888 5323 5207 5171 7119 1878 3954 5511 950 3097 7431 1607 6690 5802 514 241 1191 1531 4109 526 2593 1636 4409 4375 6652 6871 3256 2309 3347 1854 3406 5086 6028 1112 2757 5647
1841 6710 3657 2790 1158 2439 4397 348 740 4910 6940 1930 5292 2400 2455 6737 4036 5715 2463 2039 5085 5719 4347 7284 72 6604 4869 4952 215 6477 1950 2055 4538 4458 3696 5696 6896 592 4895 6487 4353 3186 7268 2145 5586 2222 233 973 6788 2695 3011 3225 913 6209 3008 7337 5312 6728 4788 4378 5705 6737 6432 1594 3694 2627 6141 1941 2071 3535 927 5275 5573 694 6271 3658 1767 6503 4630 1054
1698 6492 4278 2610 5200 6137 1298 3011 5365 6085 7388 2421 4173 5171 4014 6718 6649 2655 1158 71 5041 936 5346 3113 1629 4116 5622 3395 3119 1603 3301 4816 594 6430 6277 5793 3919 75 1303 1783 5011 42 3055 536 5212 7068 7253 4361 1074 7263 4431 4967 698 1128 6931 1179 5244 3905 3425 862 5507 5577 4529 4953 4507 2157 3245 7277 2231 3400 1559 6094 3441 4613 6629 5 3032 5233 3217 2958
3847 6499 6776 4545 127 6206 5723 5370 2610 499 5083 6969 6076 2111 4421 1934 3119 6517 1710 5350 1268 3268 2795 4709 6732 775 3565 1115 6007 6781 2924 2354 5779 2199 5750 4757 905 2824 2626 2366 3322 6560 686 1897 22 3958 3830 3141 1827 5539 7342 3094 158 2636 6654 5741 3410 2718 6856 768 850 1131 3121 6629 3330 222 2737 3086 3045 5363 4303 6367 3274 4989 763 3296 298 3445 5288 2124
1483 5129 5218 1641 6616 3223 6233 1377 5941 4440 2144 6790 5571 4117 4770 1400 4338 7 4485 7383 4221 1287 6249 7494 5127 5863 2141 4277 1807 6280 6400 3290 3908 2969 3782 1875 6192 1366 3251 3484 5806 5395 2773 3876 863 6395 5275 5200 6401 1111 3934 1973 1249 2682 818 5228 7397 1811 2004 1703 590 7255 3844 3350 2724 6477 5224 267 343 975 3750 6148 5221 6522 2523 4935 4268 6649 2634 2020
259 6568 3992 359 601 4810 5586 497 5472 6441 2200 6061 6196 4895 1910 1419 3872 7134 537 4214 6960 4286 1713 3532 2159 3087 966 6427 2235 3599 946 1345 1518 3790 1703 2119 1099 6141 1467 6570 5081 2518 3982 3776 7413 5892 4046 3784 4377 4582 6849 3836 1367 1061 7367 2378 4147 7184 1304 5233 3282 1101 5429 3652 4890 5983 4622 4840 4623 6088 2761 1056 7458 6743 4831 7370 5134 229 2505 862
4810 1853 4697 5029 1765 3415 7406 4763 3098 61 2495 5231 1161 6775 1382 6051 5257 4855 3390 1232 2295 6151 2287 2252 4245 5969 2121 1878 6197 4625 2739 2359 5329 6287 6239 7093 1053 4996 3207 4150 5056 4553 732 5068 3827 2114 2470 1583 5820 5860 2814 614 3362 5100 2865 106 2421 3837 835 1117 7313 2425 2327 5141 63 1065 3585 1115 6060 6791 5264 2467 3843 5995 35 169 6960 2504 604 5280
7215 3417 4745 1928 7369 110 885 2289 3946 1719 2257 2611 2995 4584 251 3057 4500 2688 4171 1912 1978 786 4378 4673 5633 3264 3693 5092 5768 4296 1723 4334 6565 6468 6262 5285 5429 7146 73 1874 217 1181 4484 3211 4616 3587 5120 1616 6274 642 3527 7103 1428 404 4275 7060 3668 468 3503 787 4763 5226 5120 2679 3045 2733 463 973 1231 6887 1698 1447 568 5034 3509 5183 1120 1128 5650 6245
622 1676 5847 2049 932 2622 1608 3451 1941 5110 4237 5555 1687 708 734 4731 2293 1196 5703 3523 583 7401 4969 2 4934 7329 5184 4905 7309 3334 3649 430 3861 847 2478 4792 3468 2937 742 4260 6898 3830 2315 7437 3390 3048 4667 5682 4243 1722 1704 3677 1622 5524 3678 5407 5352 214 1663 5160 2399 5311 4441 5111 6157 5770 2403 977 1206 1996 5236 6956 4678 50 6892 567 1949 2910 6248 6192
4631 451 1220 5104 5974 3750 1862 2677 3963 3524 337 5213 186 3629 2823 5195 1899 4077 5023 1956 4925 2758 1411 2102 1660 802 2668 2460 2564 1415 3 7194 1865 1223 4798 6690 4972 6659 1866 286 1535 1054 4350 1720 4683 7172 6914 5433 2601 4436 7388 25 6046 1299 2126 6557 952 4793 1516 3515 5059 1519 2061 5775 1593 6858 4964 6564 4868 5681 5701 5254 6735 2550 6974 2769 1073 5239 701 2525
1027 588 2549 5924 738 3526 3832 542 818 5347 2908 5876 5717 4968 4150 6161 3177 465 4076 545 6146 2276 4650 4232 3677 4123 7000 3602 714 6552 6126 592 7139 27 6515 6729 3552 1698 7270 4370 5896 2677 1597 4113 6497 4599 2773 2173 3915 6849 1569 2560 476 6219 6791 3005 1693 5142 6606 2406 4193 5231 1849 2684 5257 7215 1912 1309 1412 533 4530 7308 2061 4978 2772 1057 928 4396 3230 3695
2596 4798 6254 1924 3516 4397 4928 4061 2038 4033 6466 5083 615 7167 266 4724 6881 2177 4884 7145 1561 765 6952 2473 4594 1075 3530 5522 5470 5611 1716 6918 1760 6821 1341 4128 2569 6268 688 4607 1652 6005 2189 2266 5671 1306 6989 3904 2334 3224 3548 3894 3988 1851 6366 1082 2925 1247 5455 7246 5709 7170 6663 7469 5342 6855 2948 411 5622 3635 3869 6125 991 4909 7243 6662 6214 6731 1917 1047
2455 5464 3792 5294 7314 1509 6375 1590 2756 4329 1335 7316 2850 6850 7284 692 6204 1583 7454 3178 5217 3822 1802 6208 1230 1544 4221 6295 7127 6137 7341 933 2952 2484 6226 1617 3992 3953 3206 5599 781 3392 5415 3631 2741 4050 3174 297 5633 3127 2326 2201 6948 2979 908 7029 3375 3980 5823 1853 1468 4515 2785 3271 6998 362 4887 2341 3166 6944 440 3947 1688 4706 6429 3280 1255 2102 3576 6887
5228 4753 1588 3527 232 1347 3055 3606 4179 229 5458 5646 3595 7094 269 1944 6307 5155 4284 1973 3451 3575 5919 3990 780 4847 7269 2035 5800 2197 273 3527 6949 712 5905 7180 911 311 2137 5089 539 94 2086 2985 7187 2354 4928 5994 6361 563 466 1163 4138 5236 5152 4917 1434 3772 5803 7233 5968 4928 2111 4269 5639 515 3948 6549 825 4937 2989 215 5030 5075 3199 3569 6280 6978 914 5140
6392 231 5154 3029 5466 2805 6798 5751 6577 3952 5483 3896 1379 6445 664 7018 5811 4612 4918 6635 900 407 5701 5929 4333 251 849 3112 7228 1762 7104 6119 1992 4757 500 6309 62 6149 3411 5490 2600 245 1885 3979 6689 2549 2348 4999 6012 7265 2985 6911 6523 1185 5339 3355 1435 5040 5319 14 6801 4922 6133 145 2178 5484 5305 2239 4132 1216 6580 6731 1460 965 2061 7001 3513 4408 4499 2024
3025 7484 1434 2047 20 5624 4254 307 3163 2072 320 1316 5845 5304 1460 522 3287 6764 1613 7418 6831 692 5501 7143 1656 61 6643 4020 3321 2493 6043 6345 2476 6328 7243 1348 4452 2848 1654 6466 3771 1973 281 2115 7277 592 2637 1915 6208 3101 685 5538 3792 6185 5180 4300 5097 3174 819 7269 5667 5714 6113 6994 4541 4708 841 344 55 2494 6810 2678 3319 5942 4792 1947 6534 6280 2713 5241
732 3397 2130 3376 933 6162 175 4882 1835 7345 4650 1 5558 2115 6995 1451 6822 335 1794 5728 1681 7455 905 3851 5897 4549 4649 3782 3328 7361 374 4060 2110 2503 7435 3042 1164 6461 6775 1851 5157 3925 1851 3215 6039 1345 3517 4212 532 5310 1291 1064 4117 2196 3766 1365 5596 914 5146 275 7126 5519 3186 1735 6873 1972 3629 537 932 1755 2387 6089 5679 3089 655 3069 3286 4171 6132 2669
832 7423 2584 4948 970 6349 6312 5417 6114 2809 5691 4591 827 1377 5178 6552 3348 1306 7088 4280 1912 826 1720 6443 2766 1226 863 6051 5396 6995 1219 5079 5769 3802 1379 5590 1502 190 3506 6467 1851 1696 3558 1529 1924 1235 580 5272 1392 6519 903 3303 6196 2622 2245 1462 2699 3108 6364 594 1454 6435 5672 6074 1588 5902 4163 3090 6092 6520 2056 6794 715 4465 822 2639 5699 254 6762 5942
6772 164 1745 5468 1637 2841 5781 4335 4800 4644 3780 5105 3578 803 3678 5166 6705 340 7107 4148 5711 1662 3441 6426 6127 3114 416 3177 3367 7177 1619 2639 6192 2215 6958 328 5055 5238 3514 1207 2381 7293 6311 4811 595 2489 2476 7299 1680 2082 2798 7391 2595 6238 5168 73 1852 4435 2102 5218 4111 3720 6708 1654 4786 6165 1981 1192 3902 5494 2398 5135 4138 61 2445 4732 1401 3772 3383 1932
5853 6180 674 7299 3770 5841 7372 5621 2775 1973 2190 5737 4544 250 6242 1829 6414 722 3020 1668 5067 4270 5654 1704 4330 6950 5288 5730 3221 22 6513 425 5053 7187 223 1322 5527 94 5794 7154 918 6836 4242 4313 7085 2984 6141 4850 2557 513 6517 6476 3634 3522 7031 6815 2971 3670 5044 6191 3691 4056 6615 1244 2594 6838 1417 621 5783 7211 6626 5553 6546 2219 1217 6130 4054 6210 3479 5463
6722 1348 4438 1707 3721 2820 1021 6692 6490 4916 4234 1532 323 2201 1627 2917 390 3044 2389 5024 1606 1514 3076 651 2584 3145 5632 6638 1854 462 4600 7427 661 389 1633 4382 3208 2653 2425 1049 68 5510 2581 390 210 4207 3306 599 6102 5694 5623 207 6059 50 857 1143 3194 5340 6632 3899 5802 2583 3825 5314 1823 5457 1047 3882 609 3471 4931 7028 1481 11 7418 542 3069 2075 1141 1671
6621 5615 1877 5179 4516 1586 5173 6562 5777 3156 2960 2930 4590 6785 744 6412 4741 1790 2794 4202 4113 224 3729 5593 6586 2498 4986 2154 4573 6126 2676 3693 3092 3405 223 108 4990 4248 5521 2118 7403 980 5048 3345 264 5791 2256 3857 6432 3901 558 3044 2976 3138 7488 2061 5636 4974 3067 2708 2451 4594 5252 5543 498 4326 4502 4339 1073 2522 6457 7328 3501 4004 2024 2617 1146 4279 5325 77
7032 4734 3121 2507 371 1960 3420 6006 6933 5338 65 1884 2431 4168 7426 1781 994 3279 6119 918 5800 5075 7097 652 430 1620 2120 1575 4751 7444 504 4282 4677 2476 5640 5048 4435 411 2405 2720 5748 2470 4603 7031 5489 3380 1311 6482 6658 7429 6252 4957 3856 5848 4460 4285 6320 6580 4712 3570 6523 4067 6703 2552 5394 3694 6451 2328 4105 207 5047 2352 1528 1001 1882 7017 3232 2044 4850 2389
1973 3601 6197 4680 801 3157 316 7120 2236 5027 2041 110 445 1243 1513 5838 4936 463 7018 392 670 3416 1596 2197 4417 3477 565 148 4373 5415 1389 6345 1515 85 3524 2315 2093 3839 786 3180 218 2826 2142 7014 2920 3654 5352 6708 2969 3721 7099 2490 7136 1194 3538 2904 3523 4103 1904 395 2017 3292 5591 2383 2228 466 4698 3173 3156 4335 6352 2225 7161 993 1739 1432 3499 5942 639 5319
2162 6590 308 1797 6635 3845 3553 2657 447 5456 1903 1315 1247 6345 3698 2326 6810 7247 5498 1318 4081 4350 3542 2593 4194 4132 4025 6544 2573 3515 4362 4734 1456 4669 5383 591 7366 1435 2099 6664 6890 4002 479 6988 1698 4176 1813 7360 2774 6163 1177 6854 1864 4718 799 4909 1350 3675 3953 2774 7189 814 6360 7497 4335 4242 587 4200 4528 2685 2215 2769 5538 2693 1108 7236 5720 1772 7095 7345
434 7123 6699 2297 4340 6349 7206 4541 2523 2510 7315 1063 2175 6174 1059 6509 1767 1645 2060 5146 3182 3127 414 1219 5819 1521 7306 2891 2144 5752 2735 2578 5374 785 3726 1066 7133 2283 4458 2155 4792 4272 2070 5819 1797 3128 3679 2415 4773 4591 60 6806 217 6825 6876 6035 7197 6682 277 1841 3785 3012 3270 511 2648 6995 1576 1133 630 6033 2139 4273 1657 4208 2591 2305 7336 6270 4720 3460
3360 3631 2765 3576 2956 992 962 2652 173 1239 3344 2810 3102 6613 3320 4601 4960 4895 5733 5589 2279 372 2361 3935 4579 4952 6240 3266 2573 2311 6725 5932 5941 841 859 1396 1833 1820 2900 857 1910 6243 3666 3863 4208 5837 7316 1667 2083 5548 7255 4362 5919 967 7148 1850 4770 4739 5115 7342 7049 3192 4625 4342 4032 5483 4589 4716 6155 7488 5573 564 5083 590 3279 642 6427 3094 2308 1009
1141 914 4222 5912 732 2722 6613 5502 7460 4227 5343 5861 7418 2468 2702 2802 450 7290 17 6604 6130 4441 6020 2564 5031 650 3205 2809 3743 5512 2669 3735 5277 6891 998 6008 2112 110 4009 923 3189 704 6783 1958 3171 836 4759 2472 626 3628 428 5607 6920 6447 670 4450 7096 3874 6110 2190 737 1279 5924 6013 7021 5774 4520 484 5883 7381 1406 1571 584 7041 2381 2606 6728 7139 5077 6205
2118 4356 4311 1538 2154 4980 4839 1749 1353 3449 2790 941 4727 66 6953 3099 5839 2825 3582 4221 1557 3839 4644 2140 3379 7024 3597 2607 5514 1173 1311 6484 4381 4474 521 6534 1953 4211 7135 2158 159 2424 3098 3737 2489 1403 6835 7179 3079 1768 2752 4635 5607 7395 6774 337 5770 2870 1795 2635 2894 1958 1618 6126 6431 990 5160 7235 5201 4794 744 4211 7217 2694 448 1058 4096 6134 736 7174
402 3487 3160 4860 2233 1285 5196 6854 3006 6991 841 5899 1448 1310 4525 6730 1152 1036 6464 6352 5829 6060 1914 4397 1253 1213 4306 4200 7347 5042 3873 6600 7380 5884 3959 965 7168 506 6670 2673 7496 10 7423 295 172 4447 5876 1323 4334 3692 6526 2662 2251 939 5911 3503 1004 2716 202 7202 257 2926 6301 6489 1309 1611 6305 976 2116 4326 3648 964 3188 3570 1258 3359 6869 7134 4681 3702
0 1 239
0 3 738
0 4 1539
0 6 2240
0 8 6407
0 10 2627
0 11 5447
0 12 2642
0 15 5700
0 16 3667
0 17 2347
0 18 6428
0 19 3555
0 20 3940
0 21 7404
0 22 862
0 23 7370
0 25 2768
0 27 6735
0 28 1435
0 29 718
0 30 4795
0 32 2994
0 33 530
0 34 4652
0 35 963
0 36 637
0 37 3008
0 38 6384
0 40 2180
0 41 1625
0 42 4854
0 44 4088
0 45 2952
0 46 4388
0 47 3767
0 48 2742
0 49 3388
0 50 147
0 51 354
0 52 5960
0 54 1467
0 55 6472
0 56 6974
0 57 6919
0 58 4212
0 59 2433
0 60 7212
0 61 6385
0 62 695
0 63 153
0 65 5765
0 67 5911
0 69 5871
0 70 27
0 71 7388
0 73 4720
0 74 1489
0 75 5603
0 76 6113
0 77 1634
0 78 4343
0 79 3359
1 5 2991
1 6 6237
1 7 5389
1 8 3007
1 9 6916
1 10 7421
1 11 1712
1 13 6216
1 14 4716
1 15 7447
1 16 3706
1 17 504
1 18 2098
1 19 3288
1 20 5076
1 23 5394
1 24 3591
1 25 48
1 26 2360
1 27 4974
1 28 3643
1 29 2241
1 31 5808
1 32 1721
1 33 586
1 34 2138
1 35 3102
1 36 3272
1 37 1279
1 38 2404
1 39 6674
1 40 1923
1 41 5845
1 43 6628
1 44 4990
1 46 7230
1 48 5537
1 49 2232
1 50 1446
1 51 7013
1 52 7485
1 53 2405
1 54 4494
1 55 3071
1 56 4006
1 57 4748
1 58 4915
1 59 3098
1 60 5229
1 61 5665
1 62 317
1 63 420
1 64 1857
1 65 3229
1 66 5886
1 68 5870
1 69 4839
1 71 1024
1 74 29
1 75 2503
1 76 2653
1 77 1486
1 78 5040
1 79 5493
2 3 646
2 4 1413
2 5 7414
2 6 3507
2 7 5086
2 8 3020
2 9 2131
2 10 3046
2 11 718
2 12 5887
2 13 6100
2 14 5690
2 15 4193
2 17 584
2 18 5977
2 21 5056
2 23 7401
2 24 6656
2 26 1028
2 27 806
2 28 627
2 29 1505
2 30 50
2 31 5749
2 32 5644
2 34 4170
2 35 3418
2 36 4812
2 37 17
2 38 3469
2 40 3369
2 41 6916
2 43 6795
2 44 2201
2 46 5012
2 47 3915
2 48 392
2 50 6035
2 51 6537
2 52 6851
2 54 3014
2 55 5064
2 56 2039
2 57 1529
2 60 3964
2 61 6591
2 62 624
2 63 4367
2 64 4813
2 65 900
2 66 1796
2 67 3738
2 68 2490
2 71 2840
2 72 2366
2 73 3646
2 74 2211
2 76 6739
2 77 3977
2 78 2913
3 4 7289
3 5 1625
3 6 577
3 7 1157
3 12 2687
3 14 4378
3 15 5979
3 16 272
3 17 5843
3 19 5082
3 21 1595
3 22 1153
3 23 1024
3 24 356
3 26 1732
3 27 1601
3 28 1878
3 30 3416
3 31 4789
3 32 2360
3 33 2778
3 34 3853
3 35 5780
3 36 3905
3 37 2674
3 38 6486
3 39 4231
3 40 3626
3 41 4486
3 42 5170
3 43 4454
3 45 2087
3 46 411
3 47 2692
3 48 2680
3 49 2333
3 50 15
3 52 4465
3 53 5395
3 54 3060
3 55 1167
3 56 3241
3 57 2080
3 58 6498
3 59 1695
3 60 2830
3 61 4390
3 62 4304
3 63 2277
3 64 5093
3 65 6191
3 66 5953
3 67 750
3 69 6144
3 70 6817
3 71 1426
3 72 3968
3 73 6390
3 74 2918
3 75 3592
3 76 6672
3 77 962
3 78 4288
3 79 1034
4 5 2115
4 6 5688
4 7 5425
4 8 3469
4 9 1791
4 11 7459
4 12 229
4 13 4509
4 15 5258
4 16 7001
4 17 2491
4 18 1333
4 19 3781
4 21 3666
4 22 2588
4 23 3304
4 24 7413
4 25 6479
4 26 830
4 27 5910
4 28 6836
4 29 5057
4 30 1639
4 31 453
4 32 6567
4 33 1400
4 34 1985
4 35 6723
4 36 4177
4 38 5617
4 39 6227
4 40 4789
4 41 106
4 42 6096
4 43 1655
4 44 5734
4 46 7282
4 47 2859
4 48 7192
4 49 887
4 50 4868
4 51 4795
4 52 679
4 53 5829
4 54 7087
4 55 2329
4 56 6844
4 58 1442
4 59 6069
4 60 3278
4 62 5422
4 64 7132
4 65 1566
4 69 4630
4 70 1865
4 72 6545
4 73 6212
4 74 1441
4 75 6796
4 76 243
4 78 6312
4 79 58
5 8 4901
5 9 3962
5 10 864
5 11 2328
5 13 6957
5 14 2863
5 15 300
5 16 3876
5 17 1859
5 18 4788
5 19 5703
5 20 743
5 21 1545
5 22 1392
5 23 6055
5 24 6114
5 26 5535
5 28 362
5 29 6403
5 32 2285
5 34 6160
5 36 2828
5 37 4388
5 38 2203
5 39 2365
5 40 6261
5 42 3667
5 43 3574
5 44 1865
5 46 6122
5 47 3079
5 48 6990
5 49 5641
5 50 5066
5 51 434
5 52 3898
5 53 6716
5 54 1995
5 56 4360
5 57 1232
5 58 1477
5 59 6649
5 61 7366
5 62 2057
5 63 5182
5 64 2363
5 65 4734
5 66 5297
5 67 19
5 68 898
5 69 6695
5 72 6735
5 73 4400
5 74 902
5 75 2431
5 76 3016
5 77 3567
6 7 219
6 8 962
6 9 5546
6 10 1937
6 11 5697
6 12 6776
6 14 5970
6 15 775
6 16 1350
6 17 4058
6 18 1347
6 19 4735
6 20 1144
6 21 916
6 23 5391
6 24 135
6 27 2250
6 28 6726
6 29 6122
6 32 3323
6 33 2970
6 34 7061
6 35 5891
6 36 2464
6 37 6599
6 38 6310
6 39 729
6 40 7129
6 44 657
6 45 6071
6 46 1224
6 47 2296
6 48 1464
6 50 7174
6 51 3732
6 53 2122
6 54 1245
6 55 5401
6 56 6097
6 57 1786
6 58 6546
6 59 2763
6 60 1929
6 61 7159
6 62 7093
6 64 1889
6 65 3885
6 66 6562
6 67 2895
6 68 1644
6 69 4915
6 71 3554
6 72 5125
6 73 5263
6 74 135
6 75 5017
6 76 7172
6 77 5167
6 78 6295
6 79 6564
7 9 4874
7 10 3230
7 11 1159
7 12 5579
7 13 299
7 15 3219
7 16 445
7 17 6401
7 18 5457
7 19 218
7 20 784
7 22 4802
7 23 5268
7 24 4634
7 25 60
7 26 4085
7 27 3645
7 30 5749
7 32 348
7 33 1466
7 35 6718
7 36 4840
7 37 4420
7 38 4240
7 40 1541
7 41 3405
7 42 4717
7 44 4427
7 47 3067
7 49 168
7 50 5862
7 51 6783
7 52 159
7 53 5397
7 56 131
7 57 5592
7 58 4863
7 62 5794
7 63 2302
7 65 4660
7 66 1750
7 68 1917
7 69 1651
7 70 4361
7 71 293
7 73 3505
7 75 2487
7 76 4022
7 78 2506
7 79 1589
8 9 2852
8 11 4423
8 12 2904
8 13 2879
8 17 4004
8 18 531
8 23 291
8 24 2564
8 25 2714
8 26 5720
8 27 4251
8 28 14
8 29 2254
8 30 2877
8 32 1942
8 33 6105
8 34 2407
8 35 7151
8 36 3953
8 38 6361
8 39 3986
8 40 2937
8 42 4503
8 44 1074
8 45 6130
8 46 6650
8 47 3401
8 48 4266
8 49 1671
8 51 5965
8 52 3144
8 53 4120
8 55 6880
8 56 4046
8 59 1266
8 60 2837
8 61 2237
8 63 866
8 64 2759
8 65 4952
8 66 4867
8 69 6938
8 70 3529
8 71 7089
8 72 1029
8 73 5880
8 74 3436
8 75 6351
8 77 2265
8 79 4501
9 10 2033
9 11 5474
9 12 4819
9 13 6131
9 14 1494
9 16 7283
9 17 2661
9 20 2244
9 22 6932
9 23 4693
9 24 7297
9 25 6899
9 27 3899
9 28 3565
9 30 6060
9 31 6926
9 32 5322
9 33 1127
9 35 5389
9 36 768
9 37 5331
9 38 4979
9 39 1294
9 40 267
9 41 3950
9 42 6474
9 43 6056
9 44 4582
9 45 1192
9 47 5477
9 48 4222
9 49 279
9 50 5456
9 51 940
9 52 598
9 53 605
9 54 157
9 55 3754
9 56 2798
9 58 6173
9 59 5667
9 60 1730
9 62 2921
9 63 2936
9 64 3190
9 66 3468
9 67 6207
9 68 3649
9 69 2748
9 70 937
9 72 3467
9 73 997
9 74 2493
9 75 3789
9 78 4228
10 11 7149
10 12 6208
10 13 6245
10 14 6501
10 15 6278
10 16 3213
10 17 5539
10 19 5327
10 21 1294
10 22 5287
10 23 4174
10 24 1549
10 25 2373
10 26 3400
10 27 3541
10 28 4653
10 30 2249
10 31 6649
10 32 4594
10 35 98
10 38 5206
10 39 5569
10 41 4478
10 42 1852
10 44 4224
10 46 5821
10 47 6883
10 48 2287
10 49 4074
10 50 3883
10 51 5197
10 52 4114
10 53 6038
10 54 6097
10 55 4507
10 58 2521
10 59 5158
10 60 1589
10 61 7447
10 62 3077
10 63 421
10 65 2708
10 66 722
10 67 2427
10 68 6211
10 70 1130
10 72 6079
10 73 5083
10 74 7156
10 75 6515
10 77 2238
10 78 2431
10 79 2392
11 12 4508
11 14 2304
11 17 5386
11 18 1336
11 19 4064
11 20 4078
11 21 5483
11 22 1094
11 23 6649
11 24 2244
11 25 2318
11 26 6753
11 29 1515
11 30 3648
11 31 6946
11 32 6402
11 33 327
11 34 5708
11 35 7235
11 36 4273
11 37 2294
11 38 5319
11 39 3024
11 40 1839
11 41 334
11 42 3199
11 43 2132
11 44 3930
11 45 4838
11 46 4529
11 47 4879
11 49 4057
11 50 2705
11 51 6303
11 54 4973
11 55 6784
11 56 3176
11 57 402
11 58 1787
11 59 1845
11 60 4393
11 61 3005
11 62 447
11 63 2770
11 64 6811
11 65 1727
11 66 2972
11 69 7110
11 70 2091
11 71 3692
11 72 3144
11 74 2397
11 75 2318
11 77 1393
11 78 2967
12 13 3413
12 15 642
12 18 5564
12 19 5650
12 20 1412
12 21 6096
12 23 2287
12 24 2040
12 25 4258
12 27 5427
12 30 1995
12 31 2568
12 32 3608
12 33 2051
12 34 3594
12 35 4320
12 37 1321
12 38 2064
12 40 4418
12 41 3946
12 42 5218
12 43 2605
12 44 2970
12 45 2599
12 48 6745
12 49 4083
12 50 6722
12 52 2815
12 53 1623
12 54 4354
12 55 6387
12 57 546
12 58 4053
12 59 534
12 61 1991
12 62 968
12 64 1166
12 66 410
12 67 3104
12 68 4620
12 70 6287
12 71 1038
12 72 1143
12 73 7348
12 74 3706
12 75 1098
12 76 2588
12 77 7231
12 78 1325
12 79 2702
13 14 4434
13 15 6827
13 16 1980
13 17 5410
13 19 4849
13 21 1638
13 24 7375
13 25 543
13 26 7035
13 27 1541
13 28 7326
13 29 2708
13 30 2629
13 31 2700
13 32 6979
13 35 5603
13 36 3253
13 37 3479
13 38 5781
13 39 2654
13 42 5365
13 43 3812
13 44 5484
13 45 5872
13 46 6623
13 47 5311
13 48 4191
13 49 6517
13 50 240
13 51 1682
13 52 5866
13 53 3492
13 54 3044
13 56 4549
13 58 5929
13 60 2240
13 61 1144
13 64 5566
13 65 3115
13 66 2305
13 68 3677
13 69 3772
13 70 7409
13 71 2792
13 72 537
13 73 4023
13 74 1736
13 75 3368
13 76 5782
13 77 107
13 78 1320
14 15 6624
14 16 3038
14 17 2134
14 18 2419
14 19 6722
14 20 2441
14 21 3894
14 22 6224
14 23 2819
14 27 3738
14 28 1866
14 29 1765
14 30 112
14 31 1021
14 34 6924
14 35 269
14 36 4568
14 38 1053
14 39 5122
14 40 2512
14 41 2442
14 43 3960
14 44 1457
14 45 5139
14 48 5293
14 49 1340
14 52 3300
14 53 4549
14 57 7500
14 58 439
14 59 5318
14 60 6670
14 61 5983
14 62 3071
14 63 4436
14 64 6023
14 66 4278
14 68 4469
14 70 6868
14 71 68
14 72 6638
14 74 494
14 75 4755
14 76 1200
14 77 1585
14 78 536
14 79 4497
15 16 951
15 18 6974
15 19 1413
15 20 3794
15 21 7072
15 22 1357
15 23 1429
15 24 558
15 25 6152
15 26 7412
15 27 7399
15 28 3430
15 29 1280
15 30 710
15 32 3167
15 35 622
15 36 1656
15 37 1967
15 39 6678
15 40 6937
15 41 1565
15 43 6568
15 45 1298
15 46 5982
15 47 414
15 48 6229
15 50 4727
15 51 7458
15 53 579
15 54 5040
15 55 3649
15 56 4301
15 57 6262
15 58 1136
15 60 12
15 61 4072
15 62 7042
15 63 3631
15 64 4724
15 65 701
15 66 1053
15 69 6640
15 70 6793
15 71 6466
15 72 2173
15 73 5099
15 74 1552
15 75 3838
15 76 475
15 77 6474
15 78 2647
15 79 209
16 18 3784
16 19 6392
16 20 7276
16 23 1162
16 24 6429
16 25 563
16 27 4501
16 29 4905
16 31 5634
16 32 4747
16 33 5441
16 34 826
16 37 784
16 38 6557
16 39 3520
16 40 7140
16 41 1093
16 42 937
16 43 652
16 47 7198
16 48 3613
16 49 7041
16 50 4194
16 51 3595
16 52 2677
16 53 6812
16 57 847
16 58 680
16 59 7434
16 60 575
16 61 2550
16 62 5589
16 64 6484
16 66 2596
16 68 7103
16 69 6881
16 72 2644
16 73 3750
16 74 588
16 75 3720
16 77 3058
16 78 4654
17 19 3710
17 20 2594
17 22 4033
17 23 3040
17 24 3309
17 25 2498
17 26 3543
17 28 6186
17 29 5051
17 30 6340
17 31 2982
17 33 6040
17 34 937
17 35 4377
17 36 4733
17 37 937
17 39 3821
17 40 673
17 42 2166
17 45 3307
17 46 3245
17 47 7001
17 48 398
17 49 6637
17 50 3036
17 51 5106
17 53 1982
17 54 1135
17 55 3251
17 56 4303
17 61 5992
17 62 5776
17 63 3259
17 64 6296
17 66 1303
17 67 5332
17 68 668
17 69 3318
17 70 3691
17 72 6006
17 73 4627
17 74 4716
17 76 4379
17 78 3153
17 79 4995
18 19 5650
18 20 506
18 21 4422
18 23 988
18 24 2741
18 25 4135
18 26 5131
18 27 5777
18 28 4035
18 30 4642
18 32 2524
18 33 3453
18 34 2728
18 35 5061
18 36 3052
18 40 301
18 43 5040
18 44 6555
18 45 7063
18 46 726
18 47 1118
18 48 567
18 49 1405
18 50 783
18 51 3366
18 54 4762
18 56 1927
18 58 3514
18 59 3818
18 60 856
18 61 6872
18 62 2658
18 63 3346
18 64 6787
18 65 942
18 66 1574
18 67 6118
18 68 3325
18 69 2057
18 70 2751
18 72 5422
18 73 937
18 74 3610
18 75 2110
18 76 5431
18 77 6773
18 78 3828
19 20 6062
19 21 3352
19 22 2550
19 23 700
19 24 6133
19 25 2002
19 26 112
19 27 5211
19 28 1525
19 29 2701
19 30 1417
19 31 3075
19 32 5206
19 33 6942
19 34 572
19 35 7138
19 36 5549
19 37 3839
19 38 5618
19 39 617
19 41 1471
19 42 5228
19 43 354
19 45 5660
19 46 6415
19 47 821
19 48 6097
19 50 4391
19 51 5656
19 52 5265
19 54 7105
19 57 1071
19 58 824
19 59 4530
19 60 2767
19 61 2671
19 62 6406
19 64 5320
19 65 1828
19 66 3059
19 68 6301
19 70 4894
19 71 5540
19 73 3222
19 74 5126
19 75 5890
19 76 683
19 77 766
19 78 2727
19 79 3412
20 21 3119
20 22 5803
20 23 3950
20 24 3138
20 25 1856
20 26 5690
20 28 7137
20 29 6071
20 30 5016
20 31 4665
20 32 7290
20 33 194
20 35 2495
20 37 4759
20 38 637
20 39 777
20 40 3331
20 41 1558
20 42 5946
20 43 3526
20 45 2014
20 46 6600
20 47 363
20 48 6218
20 49 6642
20 51 7054
20 52 266
20 53 7282
20 54 4018
20 56 4794
20 58 1385
20 59 4423
20 60 1593
20 61 2031
20 62 1313
20 63 74
20 65 574
20 66 5114
20 67 7468
20 68 5620
20 69 3150
20 70 7217
20 71 3682
20 73 975
20 76 3421
20 77 1041
20 78 3293
20 79 5988
21 22 1596
21 23 5173
21 25 5607
21 26 4052
21 27 6184
21 28 5508
21 29 1835
21 30 211
21 31 3062
21 32 4195
21 33 3711
21 34 861
21 35 6445
21 36 3496
21 37 3213
21 38 2462
21 39 4624
21 40 6111
21 41 3948
21 42 6007
21 43 3685
21 44 2169
21 45 590
21 46 1239
21 47 5370
21 49 1580
21 50 1951
21 52 6676
21 53 3149
21 54 3581
21 55 1864
21 56 5110
21 57 7490
21 58 840
21 59 1893
21 60 214
21 61 247
21 62 6439
21 63 2158
21 64 4622
21 65 3591
21 66 4050
21 68 2077
21 69 1297
21 70 3286
21 71 2884
21 72 3368
21 75 1900
21 77 5276
21 78 7433
21 79 6398
22 24 7408
22 25 685
22 26 4472
22 27 4909
22 28 5643
22 29 2049
22 30 505
22 31 5197
22 32 7026
22 34 1208
22 35 5200
22 36 5916
22 37 6979
22 39 4729
22 41 4636
22 42 1799
22 44 6997
22 45 1469
22 46 1239
22 47 4578
22 48 202
22 51 7393
22 52 7286
22 54 22
22 55 3362
22 56 3254
22 57 1933
22 58 2028
22 59 1477
22 60 4561
22 61 2174
22 65 3290
22 70 922
22 71 7316
22 72 2104
22 74 7011
22 75 4285
22 77 6217
22 78 5357
22 79 119
23 24 1196
23 25 1560
23 26 1642
23 27 62
23 28 2318
23 29 7274
23 30 743
23 31 6354
23 32 254
23 33 7114
23 34 6819
23 35 2970
23 37 538
23 38 3216
23 39 7195
23 40 5868
23 41 4161
23 42 909
23 43 3643
23 44 5554
23 46 2443
23 47 4012
23 49 4265
23 50 1820
23 51 4479
23 52 5919
23 53 2857
23 55 6072
23 56 3535
23 58 1654
23 59 4428
23 60 6273
23 61 7253
23 62 2625
23 63 5620
23 64 7080
23 65 6480
23 66 3426
23 67 6793
23 68 3500
23 70 6356
23 71 7360
23 72 4349
23 73 3804
23 74 3900
23 75 7327
23 76 5613
23 77 5065
23 78 725
23 79 6909
24 25 6565
24 26 3977
24 27 5156
24 28 1053
24 29 5979
24 30 431
24 31 4689
24 32 6317
24 33 1389
24 34 3288
24 35 1961
24 36 3100
24 37 2363
24 38 214
24 40 7122
24 41 5564
24 42 2265
24 43 6507
24 44 7228
24 45 2073
24 46 3849
24 47 882
24 48 4575
24 49 4379
24 50 3410
24 51 507
24 52 2969
24 54 2484
24 56 335
24 57 1614
24 58 6968
24 60 5975
24 61 3153
24 62 2045
24 63 4592
24 65 82
24 66 5554
24 67 2276
24 68 4329
24 69 487
24 70 7417
24 71 1132
24 72 606
24 73 2881
24 74 5069
24 75 4948
24 76 6026
24 77 4146
24 78 5815
24 79 2713
25 26 6626
25 28 4679
25 29 1177
25 30 1787
25 31 5480
25 32 1578
25 33 1567
25 35 3033
25 36 5583
25 37 2921
25 38 446
25 39 5652
25 40 716
25 41 4637
25 44 5074
25 45 7293
25 46 364
25 47 3170
25 48 2765
25 49 3603
25 50 4022
25 51 3684
25 53 618
25 54 5938
25 55 5803
25 56 7003
25 57 6951
25 58 5234
25 59 1459
25 60 5656
25 61 140
25 62 7362
25 64 1887
25 65 5163
25 66 6862
25 68 1897
25 69 3450
25 70 5448
25 71 5013
25 72 622
25 73 3199
25 75 932
25 76 5998
25 77 6308
25 79 5846
26 28 7405
26 29 5385
26 30 5233
26 31 4456
26 32 5494
26 34 508
26 35 56
26 36 2798
26 37 239
26 38 7100
26 39 5779
26 40 3275
26 43 5030
26 44 6626
26 46 6369
26 47 6433
26 48 3058
26 49 7470
26 50 6785
26 51 411
26 52 5695
26 53 2277
26 54 3873
26 56 1150
26 57 3927
26 58 2662
26 59 4545
26 60 5595
26 61 1768
26 63 80
26 64 5492
26 65 1781
26 66 1891
26 67 2451
26 68 6896
26 69 5935
26 70 4720
26 71 148
26 72 1161
26 73 4820
26 74 7063
26 75 1481
26 78 373
26 79 6542
27 30 2440
27 32 3183
27 33 351
27 35 7348
27 36 7128
27 37 2781
27 39 3941
27 40 483
27 41 3739
27 42 1210
27 43 2094
27 45 4009
27 47 4317
27 48 2164
27 49 4389
27 50 4964
27 52 4067
27 53 4949
27 54 6857
27 55 2320
27 56 3022
27 57 4150
27 58 438
27 60 2781
27 62 3201
27 63 1331
27 64 2114
27 66 7370
27 67 4081
27 69 6260
27 70 1941
27 71 2796
27 72 1641
27 73 3816
27 76 6264
27 77 809
27 78 2736
27 79 7300
28 29 1043
28 31 3157
28 32 95
28 33 417
28 34 5562
28 35 1787
28 36 6064
28 37 7459
28 38 5987
28 39 2528
28 41 697
28 42 5693
28 43 41
28 44 3602
28 47 7323
28 48 6652
28 49 818
28 50 4596
28 51 6590
28 52 5630
28 53 931
28 55 7143
28 56 136
28 57 667
28 58 1718
28 60 926
28 61 2698
28 62 5366
28 64 4040
28 65 6026
28 66 156
28 67 6463
28 68 3848
28 69 2129
28 71 3457
28 72 7105
28 73 1650
28 74 2789
28 75 1196
28 76 6997
28 77 1095
28 78 5500
28 79 810
29 31 1296
29 32 2571
29 34 385
29 35 3357
29 36 6431
29 38 1239
29 39 132
29 40 6621
29 43 806
29 44 2696
29 45 6869
29 46 7278
29 47 3402
29 49 3549
29 50 1602
29 51 5264
29 52 654
29 55 3429
29 57 7252
29 58 3036
29 59 1671
29 60 2071
29 61 7458
29 63 6826
29 65 2858
29 66 5238
29 67 5660
29 68 3491
29 69 6459
29 70 1517
29 71 5730
29 73 159
29 74 962
29 75 366
29 77 902
29 78 6365
29 79 4373
30 31 5388
30 32 4852
30 33 5193
30 34 1485
30 35 3785
30 36 3067
30 37 655
30 38 6878
30 39 3387
30 40 5395
30 41 1549
30 42 1083
30 44 836
30 45 571
30 47 1392
30 48 7295
30 49 4381
30 51 5865
30 52 1673
30 56 5043
30 57 6933
30 58 2084
30 59 497
30 60 2644
30 61 1568
30 62 1266
30 63 4920
30 64 4472
30 67 2758
30 68 604
30 69 7044
30 72 7106
30 74 3500
30 77 515
30 78 1481
31 33 3418
31 35 3677
31 37 648
31 38 6990
31 39 6783
31 40 4368
31 41 6563
31 42 2244
31 43 823
31 44 7136
31 45 6259
31 46 5306
31 47 2154
31 48 7475
31 49 49
31 50 690
31 51 5920
31 52 4767
31 53 1282
31 54 2831
31 57 6842
31 58 915
31 59 191
31 60 764
31 61 4912
31 62 6381
31 63 3998
31 64 855
31 65 6633
31 66 5067
31 67 2979
31 68 4578
31 69 2552
31 70 2205
31 71 5274
31 72 2784
31 73 5373
31 75 5563
31 76 5815
31 77 550
31 78 3121
32 33 1859
32 34 1213
32 35 3875
32 36 6016
32 37 2265
32 38 4801
32 39 304
32 40 402
32 41 2040
32 43 7413
32 45 5475
32 46 2615
32 47 1923
32 48 4188
32 50 4898
32 51 4108
32 52 2239
32 53 2107
32 54 2855
32 55 4095
32 56 3208
32 57 5777
32 59 313
32 60 3255
32 61 4832
32 62 5124
32 64 5898
32 65 4187
32 66 7346
32 67 7154
32 68 6323
32 70 930
32 71 6250
32 72 4132
32 75 1252
32 76 1278
32 77 5412
32 79 1596
33 34 1790
33 35 2317
33 36 4844
33 37 328
33 38 587
33 39 5198
33 40 724
33 41 5542
33 42 6194
33 46 2827
33 47 5146
33 48 3337
33 49 5192
33 50 3504
33 51 645
33 54 92
33 55 11
33 58 1331
33 59 715
33 60 3419
33 61 7468
33 62 6367
33 63 3262
33 64 4556
33 66 6744
33 67 2340
33 70 5095
33 71 2375
33 72 6863
33 73 3639
33 74 2169
33 75 2029
33 76 3196
33 77 2316
33 79 5312
34 35 4906
34 37 813
34 38 1230
34 39 1351
34 40 3359
34 41 3621
34 42 5792
34 43 4581
34 44 7400
34 45 5852
34 46 3201
34 47 965
34 48 3683
34 49 2417
34 50 7443
34 51 2062
34 53 1726
34 54 320
34 55 2049
34 56 3992
34 57 5213
34 58 4564
34 59 7229
34 61 448
34 62 4526
34 64 5490
34 65 1187
34 66 2663
34 67 64
34 68 404
34 69 205
34 70 629
34 71 1615
34 72 2116
34 74 6180
34 75 4865
34 76 482
34 77 3696
34 78 3058
35 37 5063
35 38 600
35 39 6337
35 40 5247
35 41 6846
35 42 4212
35 43 4658
35 44 1942
35 45 5703
35 46 5340
35 48 1556
35 49 6487
35 50 668
35 51 750
35 52 1047
35 53 5303
35 55 1838
35 56 7205
35 57 63
35 58 2465
35 59 5729
35 61 6522
35 63 5421
35 64 7002
35 65 2907
35 66 2911
35 68 1678
35 69 4882
35 70 1512
35 71 5147
35 72 3373
35 73 830
35 74 6469
35 75 4273
35 76 3311
35 77 1308
35 78 6259
35 79 6604
36 37 3429
36 38 1868
36 39 4791
36 41 6468
36 42 777
36 43 4179
36 44 4542
36 45 4536
36 46 4985
36 47 2416
36 48 819
36 49 4730
36 50 4670
36 51 1175
36 52 5017
36 53 4526
36 54 2004
36 55 4187
36 56 6675
36 57 7137
36 58 1401
36 59 7466
36 60 1618
36 61 741
36 65 718
36 67 3134
36 68 3662
36 69 2489
36 72 5778
36 73 1645
36 74 7473
36 75 3323
36 76 5973
36 77 3424
36 78 869
36 79 642
37 38 2995
37 39 2469
37 40 109
37 42 3243
37 43 2629
37 44 5367
37 45 7402
37 46 7288
37 47 3080
37 49 2750
37 50 3633
37 51 5705
37 52 4863
37 53 2301
37 55 4147
37 56 854
37 57 5004
37 58 5480
37 59 4070
37 60 4852
37 63 2223
37 64 157
37 65 713
37 66 551
37 67 6666
37 68 1047
37 71 6225
37 75 3412
37 76 2443
37 78 2040
38 39 5743
38 40 6643
38 41 1887
38 43 6041
38 44 6184
38 45 1159
38 46 6067
38 47 1774
38 48 6379
38 49 5245
38 50 1073
38 51 4849
38 52 5126
38 54 6017
38 55 5046
38 56 5696
38 58 6435
38 60 4975
38 61 6792
38 62 2414
38 63 1483
38 65 4387
38 66 3467
38 67 2636
38 68 3666
38 69 5197
38 71 4569
38 72 4523
38 73 2917
38 74 4006
38 75 504
38 76 2129
38 77 7052
38 78 895
38 79 4911
39 41 380
39 42 4337
39 43 6597
39 44 7236
39 45 3512
39 47 2002
39 48 1562
39 49 1818
39 50 594
39 51 4851
39 52 2971
39 54 1374
39 55 6321
39 56 3512
39 58 3891
39 59 7367
39 60 3612
39 61 6323
39 63 2607
39 64 2555
39 65 1043
39 66 4128
39 67 1024
39 69 2120
39 70 52
39 72 7301
39 74 2165
39 75 2219
39 76 1134
39 77 5143
39 78 6627
40 41 828
40 42 1951
40 43 1381
40 44 3813
40 45 7364
40 46 4515
40 47 5807
40 48 6841
40 50 5494
40 51 381
40 52 5392
40 53 6212
40 54 3535
40 55 1474
40 56 5523
40 57 3489
40 58 4745
40 59 3678
40 60 2035
40 62 5722
40 63 5742
40 64 2894
40 65 1233
40 66 1927
40 67 5615
40 68 398
40 69 7148
40 70 4247
40 71 7247
40 73 2542
40 76 6323
40 77 4079
40 78 6886
40 79 5431
41 42 6476
41 43 5034
41 44 3191
41 46 5697
41 47 6919
41 50 3219
41 51 271
41 52 1804
41 53 4359
41 54 3316
41 55 1227
41 57 936
41 58 6660
41 59 1393
41 60 6029
41 61 1044
41 62 546
41 63 6267
41 66 7077
41 68 1973
41 69 1248
41 71 4458
41 72 2853
41 73 5110
41 74 3583
41 75 3121
41 76 2615
41 77 877
42 43 565
42 44 5502
42 46 1002
42 47 396
42 48 177
42 49 3108
42 51 2645
42 53 5497
42 54 138
42 56 3886
42 59 1997
42 60 6494
42 61 2860
42 62 5975
42 63 5242
42 64 715
42 65 838
42 68 4594
42 69 7054
42 71 933
42 72 6062
42 74 5681
42 75 1137
42 76 2807
42 77 334
42 78 6271
43 44 3598
43 45 4304
43 47 1643
43 48 3957
43 49 5785
43 50 5599
43 51 5991
43 52 5123
43 53 6684
43 54 6229
43 55 1351
43 56 1960
43 58 2293
43 59 6971
43 60 2724
43 62 5879
43 65 1038
43 66 6680
43 67 3776
43 68 2364
43 70 7486
43 71 2287
43 72 2422
43 73 5232
43 76 2986
43 77 4402
43 79 5977
44 45 3389
44 46 1686
44 49 6031
44 50 7249
44 51 4888
44 52 2276
44 53 950
44 54 1629
44 57 1415
44 59 2155
44 60 5103
44 61 5171
44 62 3885
44 64 740
44 65 5646
44 66 4158
44 67 6373
44 68 5334
44 70 109
44 71 3524
44 72 4730
44 74 3711
44 75 6696
44 76 3275
44 77 3663
44 78 7082
44 79 3919
45 46 900
45 48 6545
45 49 6071
45 50 5200
45 51 7407
45 52 5050
45 53 3412
45 54 3796
45 55 778
45 56 3203
45 58 1763
45 59 923
45 60 4058
45 61 2835
45 62 983
45 63 3986
45 64 483
45 65 1466
45 66 513
45 67 1313
45 68 6694
45 69 4235
45 70 2827
45 71 7396
45 72 6930
45 73 2803
45 75 2578
45 76 6429
45 78 5756
45 79 1092
46 47 4662
46 48 3906
46 49 2980
46 50 272
46 51 4092
46 52 3324
46 55 3405
46 56 2440
46 58 4095
46 59 6697
46 60 7196
46 61 1104
46 62 2732
46 63 440
46 65 2013
46 66 6159
46 68 5282
46 69 6442
46 70 3960
46 72 2609
46 73 2417
46 74 4857
46 75 494
46 76 2494
46 77 6280
46 78 7121
46 79 1054
47 49 4878
47 50 5784
47 51 32
47 52 5161
47 53 2764
47 54 6615
47 55 2721
47 57 4744
47 58 3435
47 59 3564
47 60 6388
47 62 4019
47 63 6121
47 64 5432
47 65 5918
47 66 1336
47 67 4471
47 71 6796
47 72 2350
47 73 305
47 74 3257
47 75 5670
47 76 4852
47 77 7175
47 78 5494
47 79 6610
48 49 5943
48 50 6656
48 51 4877
48 52 7240
48 53 5287
48 54 4462
48 55 3195
48 56 2706
48 57 6331
48 59 940
48 60 1616
48 62 2201
48 63 4557
48 65 3666
48 66 3272
48 67 574
48 68 2
48 69 6620
48 70 4380
48 75 5854
48 76 1739
48 78 1530
48 79 5378
49 50 6794
49 51 4371
49 52 5475
49 53 6368
49 55 1493
49 56 3204
49 57 6559
49 58 5981
49 60 7428
49 61 1376
49 62 2644
49 63 4575
49 64 4304
49 65 6540
49 66 4319
49 67 7462
49 68 1035
49 69 1742
49 70 2533
49 71 6598
49 72 120
49 73 6760
49 75 1549
49 76 3055
49 77 2921
49 78 7335
49 79 1816
50 51 6618
50 52 6936
50 53 3590
50 54 5316
50 55 4007
50 56 4224
50 57 4636
50 58 1857
50 59 1260
50 60 4096
50 61 3278
50 62 4099
50 63 1687
50 64 4721
50 65 685
50 69 1353
50 70 7101
50 71 2972
50 72 831
50 73 6307
50 75 7447
50 76 5899
50 77 3301
50 79 6578
51 52 4414
51 53 6381
51 55 402
51 56 6869
51 57 973
51 58 3671
51 59 2481
51 60 452
51 61 1326
51 62 2222
51 63 4292
51 65 2691
51 66 2717
51 68 646
51 69 5807
51 70 4167
51 71 35
51 74 5738
51 75 2283
51 76 713
51 77 1256
51 78 678
51 79 4394
52 54 1185
52 56 3875
52 57 5037
52 60 3401
52 61 4236
52 62 1193
52 63 3487
52 64 1377
52 66 2511
52 67 5102
52 69 5118
52 70 2876
52 71 7404
52 72 3195
52 73 1748
52 74 6523
52 75 2888
52 77 6289
52 78 554
52 79 4413
53 56 3903
53 57 2458
53 58 3106
53 59 2741
53 61 7246
53 62 4891
53 63 4556
53 66 5358
53 68 7098
53 69 3052
53 71 3605
53 72 2298
53 74 1514
53 78 6217
54 57 6840
54 58 3153
54 59 4301
54 60 164
54 62 6714
54 63 6396
54 65 3633
54 66 4399
54 67 413
54 68 1066
54 69 2119
54 70 3602
54 71 1746
54 72 7214
54 73 3598
54 74 2460
54 75 5542
54 76 7042
54 77 66
54 78 3771
54 79 5235
55 58 2117
55 59 6295
55 60 7179
55 62 1797
55 63 4612
55 65 2447
55 66 5052
55 67 7035
55 68 2997
55 69 4474
55 70 7338
55 71 230
55 74 6460
55 76 7428
55 77 2182
55 78 723
55 79 1171
56 58 5783
56 60 729
56 61 6579
56 62 2155
56 63 7473
56 64 1267
56 65 4772
56 66 1593
56 67 7005
56 68 5043
56 69 647
56 70 3794
56 71 3982
56 73 5153
56 75 3435
56 76 2142
56 78 1220
56 79 4152
57 58 1112
57 59 6780
57 60 6358
57 61 2918
57 62 2293
57 63 2482
57 65 6304
57 66 208
57 68 485
57 69 794
57 70 2723
57 73 3315
57 74 6876
57 75 176
57 76 403
57 79 2243
58 59 3052
58 60 2612
58 61 7281
58 62 3188
58 63 1347
58 64 2375
58 65 4113
58 66 6985
58 67 3338
58 69 6652
58 70 1004
58 73 4723
58 74 1007
58 75 2166
58 76 4738
58 77 6051
58 78 4184
59 60 3003
59 61 7338
59 62 6923
59 63 1045
59 64 7341
59 65 6835
59 66 1237
59 67 3621
59 68 3542
59 69 2780
59 70 2673
59 71 4482
59 72 555
59 73 4663
59 76 2393
59 77 1944
59 79 1367
60 61 5196
60 62 3724
60 63 5960
60 64 2166
60 65 165
60 68 1854
60 69 4503
60 70 2076
60 71 5725
60 72 6628
60 74 1184
60 75 302
60 76 1578
60 77 3345
60 78 1001
60 79 6889
61 62 7282
61 63 2947
61 64 3597
61 65 647
61 69 396
61 70 4394
61 71 2629
61 72 1928
61 73 3557
61 74 2162
61 76 5466
61 77 6018
61 78 2701
61 79 7247
62 63 190
62 66 3566
62 67 6916
62 68 5590
62 69 6687
62 70 3941
62 71 6238
62 72 6086
62 73 2370
62 74 1611
62 75 1565
62 76 1784
62 77 4894
62 79 4640
63 64 3380
63 65 6168
63 67 7165
63 70 4979
63 71 1364
63 72 3238
63 73 233
63 74 7051
63 75 6887
63 76 1859
63 77 7088
63 79 4481
64 65 1928
64 67 4159
64 68 1666
64 70 1330
64 71 152
64 73 6732
64 74 4709
64 75 4605
64 76 1996
64 77 5247
64 79 5957
65 66 4902
65 67 7422
65 69 701
65 70 7480
65 71 1511
65 72 6386
65 73 1827
65 75 6114
65 77 4265
65 78 1325
66 68 4375
66 69 2405
66 70 2893
66 71 5943
66 72 2363
66 75 1531
66 76 421
66 77 153
66 78 2514
66 79 2855
67 68 6944
67 70 2561
67 71 3466
67 72 1370
67 73 7156
67 76 1199
67 78 3893
67 79 5814
68 69 4963
68 71 4235
68 72 7432
68 73 1954
68 74 5247
68 75 6558
68 76 7382
68 77 970
68 79 2340
69 70 1757
69 71 3785
69 72 1843
69 73 442
69 76 7007
69 77 4951
69 78 567
69 79 6718
70 71 7493
70 72 7058
70 73 4241
70 74 2817
70 75 465
70 76 459
70 77 1907
70 78 3449
70 79 2372
71 72 1513
71 73 2378
71 74 1568
71 75 4215
71 76 22
71 77 3409
71 78 5444
72 75 1163
72 76 1653
72 77 3813
72 78 5182
72 79 6278
73 74 1417
73 76 5559
73 77 2785
73 79 3204
74 75 780
74 76 6397
74 78 3340
74 79 6735
75 76 5061
75 77 6628
75 78 6076
75 79 4722
76 77 1533
76 79 5485
78 79 7368
