35 80 2843
6279 3042 3683 273 1902 650 5268 3719 1831 2554 5128 5363 1345 1409 4349 3418 5380 6580 2959 1293 3662 7436 4483 4408 1351 2490 5141 5936 1021 2453 2640 7299 4346 6322 6423
6247 6971 4190 2466 154 5595 6445 5516 6940 6705 2364 2857 3436 296 4668 4728 2809 3455 562 6068 4806 1903 3708 2093 2924 5013 4732 2722 710 2405 1645 6957 727 4686 774 880 2781 7218 6396 2220 6422 111 3928 2357 406 1095 5936 2066 4550 6497 634 707 899 3193 2799 2674 705 6382 4248 1415 1286 4744 7223 2012 1929 496 1744 4709 6565 6991 5780 5486 7101 2208 6694 6359 3302 5129 7276 6703
2977 409 7409 2727 3602 2707 5401 3158 1588 2148 3424 1725 6891 1998 3737 171 2493 4332 3732 409 3822 2011 5894 2274 4218 3939 1132 6372 419 908 5574 3395 168 4335 4974 2621 7041 1726 4631 7481 2725 6906 1705 2115 1404 4293 1137 2748 1124 4868 3157 3797 6879 402 6071 2448 4341 7202 1319 4759 6961 5745 7006 5981 2579 4479 1101 971 5056 5731 7303 280 5137 1508 1246 5392 4652 2382 639 5776
7250 2647 924 5480 3049 6994 427 6241 5548 598 3499 3860 5194 1856 2340 6624 5186 3441 94 2741 523 7397 3020 4511 256 4265 1254 4907 6647 745 2034 5248 3391 2958 3227 5291 1303 2505 4031 6850 3102 6382 2062 7147 737 4401 6270 5923 6693 5216 1163 6068 3964 3035 3078 3071 7299 3184 477 5297 3928 1363 3044 7318 3172 6270 5109 3326 127 491 2676 2080 6872 3589 1727 109 489 6848 4883 6034
4563 4897 4601 7378 431 6530 2948 6582 2213 2277 4378 6140 2491 7422 4810 4514 5043 1270 339 5169 1760 1866 7249 1132 5454 1475 92 4795 7174 4974 3328 3089 1222 6780 2966 1653 5809 4766 734 6874 5894 3963 4365 884 3884 1674 5397 279 1795 4587 5447 3555 6453 4047 3538 4406 4373 3629 1700 4047 7454 3879 7135 1175 3158 1452 1679 1467 5069 2412 840 3462 5227 5204 3197 1610 5730 7445 740 24
4532 6187 2430 3484 1585 5967 6741 5958 2095 941 1356 900 4819 7342 2075 477 1293 3753 795 6362 5017 486 1175 2743 5689 4372 3204 2770 4316 3944 2794 199 1482 5223 3682 3066 2542 2923 375 4636 2715 1730 5536 6385 423 6462 6861 1716 2714 6507 6929 6582 6992 603 1824 5181 3826 5028 6802 642 323 947 840 1804 5022 3374 3721 63 5148 4096 3550 362 4677 1585 5598 5100 6898 4959 5667 2112
3965 3947 1193 3457 4549 1869 7489 875 5748 5642 368 6070 6589 59 6725 4110 2284 2945 4172 7431 5892 221 6644 1921 658 4742 5872 55 1052 4038 1018 3868 484 1063 6176 3884 2931 5016 3610 30 3158 3977 6099 2246 2888 5323 5207 5171 7119 1878 3954 5511 950 3097 7431 1607 6690 5802 514 241 1191 1531 4109 526 2593 1636 4409 4375 6652 6871 3256 2309 3347 1854 3406 5086 6028 1112 2757 5647
1841 6710 3657 2790 1158 2439 4397 348 740 4910 6940 1930 5292 2400 2455 6737 4036 5715 2463 2039 5085 5719 4347 7284 72 6604 4869 4952 215 6477 1950 2055 4538 4458 3696 5696 6896 592 4895 6487 4353 3186 7268 2145 5586 2222 233 973 6788 2695 3011 3225 913 6209 3008 7337 5312 6728 4788 4378 5705 6737 6432 1594 3694 2627 6141 1941 2071 3535 927 5275 5573 694 6271 3658 1767 6503 4630 1054
1698 6492 4278 2610 5200 6137 1298 3011 5365 6085 7388 2421 4173 5171 4014 6718 6649 2655 1158 71 5041 936 5346 3113 1629 4116 5622 3395 3119 1603 3301 4816 594 6430 6277 5793 3919 75 1303 1783 5011 42 3055 536 5212 7068 7253 4361 1074 7263 4431 4967 698 1128 6931 1179 5244 3905 3425 862 5507 5577 4529 4953 4507 2157 3245 7277 2231 3400 1559 6094 3441 4613 6629 5 3032 5233 3217 2958
3847 6499 6776 4545 127 6206 5723 5370 2610 499 5083 6969 6076 2111 4421 1934 3119 6517 1710 5350 1268 3268 2795 4709 6732 775 3565 1115 6007 6781 2924 2354 5779 2199 5750 4757 905 2824 2626 2366 3322 6560 686 1897 22 3958 3830 3141 1827 5539 7342 3094 158 2636 6654 5741 3410 2718 6856 768 850 1131 3121 6629 3330 222 2737 3086 3045 5363 4303 6367 3274 4989 763 3296 298 3445 5288 2124
1483 5129 5218 1641 6616 3223 6233 1377 5941 4440 2144 6790 5571 4117 4770 1400 4338 7 4485 7383 4221 1287 6249 7494 5127 5863 2141 4277 1807 6280 6400 3290 3908 2969 3782 1875 6192 1366 3251 3484 5806 5395 2773 3876 863 6395 5275 5200 6401 1111 3934 1973 1249 2682 818 5228 7397 1811 2004 1703 590 7255 3844 3350 2724 6477 5224 267 343 975 3750 6148 5221 6522 2523 4935 4268 6649 2634 2020
259 6568 3992 359 601 4810 5586 497 5472 6441 2200 6061 6196 4895 1910 1419 3872 7134 537 4214 6960 4286 1713 3532 2159 3087 966 6427 2235 3599 946 1345 1518 3790 1703 2119 1099 6141 1467 6570 5081 2518 3982 3776 7413 5892 4046 3784 4377 4582 6849 3836 1367 1061 7367 2378 4147 7184 1304 5233 3282 1101 5429 3652 4890 5983 4622 4840 4623 6088 2761 1056 7458 6743 4831 7370 5134 229 2505 862
4810 1853 4697 5029 1765 3415 7406 4763 3098 61 2495 5231 1161 6775 1382 6051 5257 4855 3390 1232 2295 6151 2287 2252 4245 5969 2121 1878 6197 4625 2739 2359 5329 6287 6239 7093 1053 4996 3207 4150 5056 4553 732 5068 3827 2114 2470 1583 5820 5860 2814 614 3362 5100 2865 106 2421 3837 835 1117 7313 2425 2327 5141 63 1065 3585 1115 6060 6791 5264 2467 3843 5995 35 169 6960 2504 604 5280
7215 3417 4745 1928 7369 110 885 2289 3946 1719 2257 2611 2995 4584 251 3057 4500 2688 4171 1912 1978 786 4378 4673 5633 3264 3693 5092 5768 4296 1723 4334 6565 6468 6262 5285 5429 7146 73 1874 217 1181 4484 3211 4616 3587 5120 1616 6274 642 3527 7103 1428 404 4275 7060 3668 468 3503 787 4763 5226 5120 2679 3045 2733 463 973 1231 6887 1698 1447 568 5034 3509 5183 1120 1128 5650 6245
622 1676 5847 2049 932 2622 1608 3451 1941 5110 4237 5555 1687 708 734 4731 2293 1196 5703 3523 583 7401 4969 2 4934 7329 5184 4905 7309 3334 3649 430 3861 847 2478 4792 3468 2937 742 4260 6898 3830 2315 7437 3390 3048 4667 5682 4243 1722 1704 3677 1622 5524 3678 5407 5352 214 1663 5160 2399 5311 4441 5111 6157 5770 2403 977 1206 1996 5236 6956 4678 50 6892 567 1949 2910 6248 6192
4631 451 1220 5104 5974 3750 1862 2677 3963 3524 337 5213 186 3629 2823 5195 1899 4077 5023 1956 4925 2758 1411 2102 1660 802 2668 2460 2564 1415 3 7194 1865 1223 4798 6690 4972 6659 1866 286 1535 1054 4350 1720 4683 7172 6914 5433 2601 4436 7388 25 6046 1299 2126 6557 952 4793 1516 3515 5059 1519 2061 5775 1593 6858 4964 6564 4868 5681 5701 5254 6735 2550 6974 2769 1073 5239 701 2525
1027 588 2549 5924 738 3526 3832 542 818 5347 2908 5876 5717 4968 4150 6161 3177 465 4076 545 6146 2276 4650 4232 3677 4123 7000 3602 714 6552 6126 592 7139 27 6515 6729 3552 1698 7270 4370 5896 2677 1597 4113 6497 4599 2773 2173 3915 6849 1569 2560 476 6219 6791 3005 1693 5142 6606 2406 4193 5231 1849 2684 5257 7215 1912 1309 1412 533 4530 7308 2061 4978 2772 1057 928 4396 3230 3695
2596 4798 6254 1924 3516 4397 4928 4061 2038 4033 6466 5083 615 7167 266 4724 6881 2177 4884 7145 1561 765 6952 2473 4594 1075 3530 5522 5470 5611 1716 6918 1760 6821 1341 4128 2569 6268 688 4607 1652 6005 2189 2266 5671 1306 6989 3904 2334 3224 3548 3894 3988 1851 6366 1082 2925 1247 5455 7246 5709 7170 6663 7469 5342 6855 2948 411 5622 3635 3869 6125 991 4909 7243 6662 6214 6731 1917 1047
2455 5464 3792 5294 7314 1509 6375 1590 2756 4329 1335 7316 2850 6850 7284 692 6204 1583 7454 3178 5217 3822 1802 6208 1230 1544 4221 6295 7127 6137 7341 933 2952 2484 6226 1617 3992 3953 3206 5599 781 3392 5415 3631 2741 4050 3174 297 5633 3127 2326 2201 6948 2979 908 7029 3375 3980 5823 1853 1468 4515 2785 3271 6998 362 4887 2341 3166 6944 440 3947 1688 4706 6429 3280 1255 2102 3576 6887
5228 4753 1588 3527 232 1347 3055 3606 4179 229 5458 5646 3595 7094 269 1944 6307 5155 4284 1973 3451 3575 5919 3990 780 4847 7269 2035 5800 2197 273 3527 6949 712 5905 7180 911 311 2137 5089 539 94 2086 2985 7187 2354 4928 5994 6361 563 466 1163 4138 5236 5152 4917 1434 3772 5803 7233 5968 4928 2111 4269 5639 515 3948 6549 825 4937 2989 215 5030 5075 3199 3569 6280 6978 914 5140
6392 231 5154 3029 5466 2805 6798 5751 6577 3952 5483 3896 1379 6445 664 7018 5811 4612 4918 6635 900 407 5701 5929 4333 251 849 3112 7228 1762 7104 6119 1992 4757 500 6309 62 6149 3411 5490 2600 245 1885 3979 6689 2549 2348 4999 6012 7265 2985 6911 6523 1185 5339 3355 1435 5040 5319 14 6801 4922 6133 145 2178 5484 5305 2239 4132 1216 6580 6731 1460 965 2061 7001 3513 4408 4499 2024
3025 7484 1434 2047 20 5624 4254 307 3163 2072 320 1316 5845 5304 1460 522 3287 6764 1613 7418 6831 692 5501 7143 1656 61 6643 4020 3321 2493 6043 6345 2476 6328 7243 1348 4452 2848 1654 6466 3771 1973 281 2115 7277 592 2637 1915 6208 3101 685 5538 3792 6185 5180 4300 5097 3174 819 7269 5667 5714 6113 6994 4541 4708 841 344 55 2494 6810 2678 3319 5942 4792 1947 6534 6280 2713 5241
732 3397 2130 3376 933 6162 175 4882 1835 7345 4650 1 5558 2115 6995 1451 6822 335 1794 5728 1681 7455 905 3851 5897 4549 4649 3782 3328 7361 374 4060 2110 2503 7435 3042 1164 6461 6775 1851 5157 3925 1851 3215 6039 1345 3517 4212 532 5310 1291 1064 4117 2196 3766 1365 5596 914 5146 275 7126 5519 3186 1735 6873 1972 3629 537 932 1755 2387 6089 5679 3089 655 3069 3286 4171 6132 2669
832 7423 2584 4948 970 6349 6312 5417 6114 2809 5691 4591 827 1377 5178 6552 3348 1306 7088 4280 1912 826 1720 6443 2766 1226 863 6051 5396 6995 1219 5079 5769 3802 1379 5590 1502 190 3506 6467 1851 1696 3558 1529 1924 1235 580 5272 1392 6519 903 3303 6196 2622 2245 1462 2699 3108 6364 594 1454 6435 5672 6074 1588 5902 4163 3090 6092 6520 2056 6794 715 4465 822 2639 5699 254 6762 5942
6772 164 1745 5468 1637 2841 5781 4335 4800 4644 3780 5105 3578 803 3678 5166 6705 340 7107 4148 5711 1662 3441 6426 6127 3114 416 3177 3367 7177 1619 2639 6192 2215 6958 328 5055 5238 3514 1207 2381 7293 6311 4811 595 2489 2476 7299 1680 2082 2798 7391 2595 6238 5168 73 1852 4435 2102 5218 4111 3720 6708 1654 4786 6165 1981 1192 3902 5494 2398 5135 4138 61 2445 4732 1401 3772 3383 1932
5853 6180 674 7299 3770 5841 7372 5621 2775 1973 2190 5737 4544 250 6242 1829 6414 722 3020 1668 5067 4270 5654 1704 4330 6950 5288 5730 3221 22 6513 425 5053 7187 223 1322 5527 94 5794 7154 918 6836 4242 4313 7085 2984 6141 4850 2557 513 6517 6476 3634 3522 7031 6815 2971 3670 5044 6191 3691 4056 6615 1244 2594 6838 1417 621 5783 7211 6626 5553 6546 2219 1217 6130 4054 6210 3479 5463
6722 1348 4438 1707 3721 2820 1021 6692 6490 4916 4234 1532 323 2201 1627 2917 390 3044 2389 5024 1606 1514 3076 651 2584 3145 5632 6638 1854 462 4600 7427 661 389 1633 4382 3208 2653 2425 1049 68 5510 2581 390 210 4207 3306 599 6102 5694 5623 207 6059 50 857 1143 3194 5340 6632 3899 5802 2583 3825 5314 1823 5457 1047 3882 609 3471 4931 7028 1481 11 7418 542 3069 2075 1141 1671
6621 5615 1877 5179 4516 1586 5173 6562 5777 3156 2960 2930 4590 6785 744 6412 4741 1790 2794 4202 4113 224 3729 5593 6586 2498 4986 2154 4573 6126 2676 3693 3092 3405 223 108 4990 4248 5521 2118 7403 980 5048 3345 264 5791 2256 3857 6432 3901 558 3044 2976 3138 7488 2061 5636 4974 3067 2708 2451 4594 5252 5543 498 4326 4502 4339 1073 2522 6457 7328 3501 4004 2024 2617 1146 4279 5325 77
7032 4734 3121 2507 371 1960 3420 6006 6933 5338 65 1884 2431 4168 7426 1781 994 3279 6119 918 5800 5075 7097 652 430 1620 2120 1575 4751 7444 504 4282 4677 2476 5640 5048 4435 411 2405 2720 5748 2470 4603 7031 5489 3380 1311 6482 6658 7429 6252 4957 3856 5848 4460 4285 6320 6580 4712 3570 6523 4067 6703 2552 5394 3694 6451 2328 4105 207 5047 2352 1528 1001 1882 7017 3232 2044 4850 2389
1973 3601 6197 4680 801 3157 316 7120 2236 5027 2041 110 445 1243 1513 5838 4936 463 7018 392 670 3416 1596 2197 4417 3477 565 148 4373 5415 1389 6345 1515 85 3524 2315 2093 3839 786 3180 218 2826 2142 7014 2920 3654 5352 6708 2969 3721 7099 2490 7136 1194 3538 2904 3523 4103 1904 395 2017 3292 5591 2383 2228 466 4698 3173 3156 4335 6352 2225 7161 993 1739 1432 3499 5942 639 5319
2162 6590 308 1797 6635 3845 3553 2657 447 5456 1903 1315 1247 6345 3698 2326 6810 7247 5498 1318 4081 4350 3542 2593 4194 4132 4025 6544 2573 3515 4362 4734 1456 4669 5383 591 7366 1435 2099 6664 6890 4002 479 6988 1698 4176 1813 7360 2774 6163 1177 6854 1864 4718 799 4909 1350 3675 3953 2774 7189 814 6360 7497 4335 4242 587 4200 4528 2685 2215 2769 5538 2693 1108 7236 5720 1772 7095 7345
434 7123 6699 2297 4340 6349 7206 4541 2523 2510 7315 1063 2175 6174 1059 6509 1767 1645 2060 5146 3182 3127 414 1219 5819 1521 7306 2891 2144 5752 2735 2578 5374 785 3726 1066 7133 2283 4458 2155 4792 4272 2070 5819 1797 3128 3679 2415 4773 4591 60 6806 217 6825 6876 6035 7197 6682 277 1841 3785 3012 3270 511 2648 6995 1576 1133 630 6033 2139 4273 1657 4208 2591 2305 7336 6270 4720 3460
3360 3631 2765 3576 2956 992 962 2652 173 1239 3344 2810 3102 6613 3320 4601 4960 4895 5733 5589 2279 372 2361 3935 4579 4952 6240 3266 2573 2311 6725 5932 5941 841 859 1396 1833 1820 2900 857 1910 6243 3666 3863 4208 5837 7316 1667 2083 5548 7255 4362 5919 967 7148 1850 4770 4739 5115 7342 7049 3192 4625 4342 4032 5483 4589 4716 6155 7488 5573 564 5083 590 3279 642 6427 3094 2308 1009
1141 914 4222 5912 732 2722 6613 5502 7460 4227 5343 5861 7418 2468 2702 2802 450 7290 17 6604 6130 4441 6020 2564 5031 650 3205 2809 3743 5512 2669 3735 5277 6891 998 6008 2112 110 4009 923 3189 704 6783 1958 3171 836 4759 2472 626 3628 428 5607 6920 6447 670 4450 7096 3874 6110 2190 737 1279 5924 6013 7021 5774 4520 484 5883 7381 1406 1571 584 7041 2381 2606 6728 7139 5077 6205
2118 4356 4311 1538 2154 4980 4839 1749 1353 3449 2790 941 4727 66 6953 3099 5839 2825 3582 4221 1557 3839 4644 2140 3379 7024 3597 2607 5514 1173 1311 6484 4381 4474 521 6534 1953 4211 7135 2158 159 2424 3098 3737 2489 1403 6835 7179 3079 1768 2752 4635 5607 7395 6774 337 5770 2870 1795 2635 2894 1958 1618 6126 6431 990 5160 7235 5201 4794 744 4211 7217 2694 448 1058 4096 6134 736 7174
402 3487 3160 4860 2233 1285 5196 6854 3006 6991 841 5899 1448 1310 4525 6730 1152 1036 6464 6352 5829 6060 1914 4397 1253 1213 4306 4200 7347 5042 3873 6600 7380 5884 3959 965 7168 506 6670 2673 7496 10 7423 295 172 4447 5876 1323 4334 3692 6526 2662 2251 939 5911 3503 1004 2716 202 7202 257 2926 6301 6489 1309 1611 6305 976 2116 4326 3648 964 3188 3570 1258 3359 6869 7134 4681 3702
0 2 5649
0 3 1869
0 4 2404
0 5 4710
0 6 4431
0 7 5474
0 8 4115
0 9 3115
0 10 4834
0 11 3003
0 12 5391
0 13 5041
0 14 3301
0 16 1036
0 17 5369
0 18 5846
0 19 6346
0 20 5479
0 21 6287
0 22 5693
0 23 6337
0 24 5063
0 25 3110
0 27 6886
0 29 4776
0 30 5716
0 31 3798
0 32 2669
0 33 6279
0 34 1810
0 35 2464
0 36 6202
0 37 1918
0 38 157
0 39 4788
0 40 6457
0 41 1471
0 42 5092
0 43 1451
0 44 1957
0 45 4982
0 46 4419
0 47 5105
0 48 4964
0 49 5328
0 50 6211
0 51 5132
0 52 7085
0 53 1251
0 54 6010
0 55 3937
0 56 6091
0 57 5883
0 58 5541
0 59 7019
0 60 4911
0 61 169
0 62 4630
0 63 267
0 64 6860
0 65 218
0 66 3590
0 67 1833
0 69 1936
0 70 1110
0 71 4555
0 72 5416
0 73 3310
0 74 6854
0 75 1116
0 76 6905
0 77 5871
0 78 1596
1 2 3689
1 4 2758
1 5 7238
1 6 5813
1 7 4354
1 8 2382
1 9 5925
1 10 2890
1 11 749
1 12 5437
1 13 694
1 14 5804
1 15 3518
1 16 182
1 17 4373
1 18 153
1 19 3033
1 20 411
1 21 2367
1 22 4533
1 23 4175
1 24 4683
1 25 5202
1 26 6438
1 27 5123
1 28 3756
1 29 2277
1 30 4765
1 32 4946
1 33 808
1 34 1263
1 35 6214
1 36 4001
1 37 5391
1 38 6016
1 39 5750
1 40 645
1 41 1982
1 42 6138
1 43 3543
1 44 1891
1 45 4140
1 47 1286
1 48 624
1 49 5247
1 50 2510
1 51 2518
1 52 4188
1 53 2277
1 54 220
1 55 2865
1 56 5235
1 57 4186
1 58 1202
1 59 6048
1 60 4211
1 61 6057
1 63 7342
1 64 1911
1 65 6900
1 66 4746
1 67 5937
1 68 4923
1 70 2037
1 71 998
1 72 3712
1 73 6317
1 74 1237
1 75 2717
1 76 1935
1 78 6843
2 4 4646
2 5 272
2 6 2214
2 7 3631
2 8 4353
2 9 791
2 10 1942
2 11 6961
2 12 3714
2 13 4511
2 15 3381
2 17 4167
2 19 3510
2 21 2693
2 22 896
2 23 4693
2 24 5686
2 25 3759
2 26 728
2 27 1001
2 29 461
2 30 765
2 31 5372
2 33 1252
2 35 4271
2 36 1971
2 37 5917
2 38 1824
2 39 6115
2 40 1461
2 41 677
2 42 4334
2 44 235
2 45 3382
2 46 3526
2 47 4402
2 48 7319
2 49 868
2 50 6585
2 51 4193
2 52 5944
2 53 5118
2 54 6295
2 55 7481
2 56 4494
2 57 1963
2 58 4889
2 59 5194
2 60 7094
2 61 112
2 63 3365
2 64 1693
2 65 2719
2 66 779
2 67 4659
2 68 3988
2 69 3949
2 70 5628
2 71 6483
2 72 2827
2 74 6158
2 76 3851
2 77 3850
2 78 6215
2 79 5651
3 4 173
3 5 2625
3 6 6661
3 7 935
3 8 2234
3 9 3152
3 10 2775
3 11 4515
3 12 7045
3 13 6498
3 14 4850
3 15 4029
3 16 7230
3 17 3830
3 18 5051
3 19 5726
3 20 7027
3 21 6966
3 22 3104
3 23 210
3 24 3025
3 25 1722
3 26 3492
3 27 5260
3 28 2632
3 29 2809
3 30 5384
3 31 6386
3 33 1567
3 34 3618
3 35 6986
3 36 776
3 37 6010
3 38 2291
3 39 4876
3 40 7137
3 41 5905
3 42 3080
3 43 898
3 44 4976
3 45 276
3 46 742
3 47 398
3 49 1964
3 50 650
3 51 5452
3 52 1693
3 54 6359
3 55 2315
3 56 4760
3 57 3322
3 58 3941
3 59 4361
3 60 5016
3 61 197
3 63 938
3 65 5643
3 66 4562
3 68 6627
3 69 6333
3 70 5550
3 72 4978
3 73 3411
3 74 6503
3 75 3106
3 76 5632
3 77 4338
3 78 653
4 5 4001
4 7 247
4 8 887
4 10 6379
4 11 5188
4 12 3604
4 13 1098
4 14 7067
4 16 7008
4 17 3627
4 18 5300
4 19 1430
4 20 2609
4 21 5522
4 23 1196
4 24 4033
4 25 1089
4 26 5641
4 27 2977
4 28 5177
4 29 3121
4 30 65
4 31 3276
4 32 1046
4 33 1734
4 34 4579
4 35 2791
4 36 3805
4 37 3588
4 38 10
4 39 5256
4 41 6344
4 42 3138
4 43 4913
4 44 2838
4 45 7290
4 46 2909
4 47 1443
4 48 2373
4 49 453
4 51 2797
4 52 3366
4 53 2747
4 55 2757
4 56 5965
4 57 584
4 58 87
4 59 2469
4 60 6743
4 61 6695
4 62 2326
4 64 3768
4 65 1583
4 66 1275
4 67 1140
4 68 4339
4 69 875
4 70 1661
4 71 45
4 72 49
4 74 3708
4 75 403
4 76 2131
4 77 1687
4 78 5028
4 79 1132
5 6 6631
5 7 4672
5 8 3228
5 9 3610
5 10 4529
5 12 2966
5 13 7459
5 14 4724
5 15 56
5 16 3715
5 17 1808
5 18 5671
5 19 1781
5 20 4184
5 21 5831
5 22 2626
5 23 4445
5 25 5783
5 26 1012
5 27 5874
5 28 4629
5 29 5698
5 30 1926
5 32 3330
5 33 2585
5 34 864
5 36 2644
5 39 2637
5 40 116
5 41 5192
5 42 5283
5 43 2971
5 44 5138
5 45 3385
5 46 6046
5 47 1255
5 48 4989
5 49 2653
5 50 2885
5 51 5474
5 52 2285
5 53 6797
5 54 4460
5 55 1712
5 56 3704
5 58 338
5 59 2961
5 60 4570
5 61 220
5 63 7005
5 64 1024
5 65 6093
5 66 2751
5 67 1669
5 68 1672
5 70 7320
5 71 3505
5 72 6628
5 73 4307
5 74 570
5 75 5463
5 76 332
5 78 6903
6 8 6512
6 9 3399
6 10 3289
6 11 4285
6 12 4578
6 13 262
6 14 5775
6 15 5979
6 16 3157
6 17 2036
6 20 4852
6 21 4715
6 22 6397
6 23 5806
6 24 727
6 25 6896
6 26 1272
6 27 6831
6 28 141
6 29 2863
6 30 5234
6 31 3283
6 32 6366
6 33 474
6 34 5828
6 35 4137
6 36 6165
6 37 7119
6 40 2548
6 41 1592
6 42 5728
6 43 4626
6 44 6123
6 45 6669
6 46 2871
6 47 1474
6 48 5817
6 49 3943
6 50 6444
6 51 2947
6 52 4302
6 53 3284
6 54 4377
6 55 695
6 56 6909
6 57 1366
6 58 1704
6 59 397
6 60 961
6 61 663
6 62 1670
6 63 188
6 64 6530
6 65 3981
6 66 6400
6 67 7406
6 68 7390
6 69 4824
6 70 7347
6 71 2541
6 72 5507
6 73 3243
6 74 101
6 75 6388
6 76 908
6 77 1447
6 79 1634
7 8 5919
7 9 4248
7 10 2367
7 11 2649
7 12 2416
7 13 595
7 15 4965
7 16 2642
7 18 4737
7 19 1135
7 20 421
7 21 6987
7 22 198
7 23 4563
7 24 1183
7 25 5298
7 26 3428
7 28 6076
7 30 2116
7 31 7255
7 32 6698
7 33 6996
7 34 6567
7 35 2553
7 36 2811
7 37 6452
7 38 647
7 39 3213
7 40 6183
7 41 5893
7 42 1177
7 43 1849
7 44 6747
7 45 4502
7 47 3108
7 48 6215
7 49 5210
7 50 206
7 52 6758
7 53 2964
7 55 2462
7 56 6816
7 57 96
7 58 3766
7 60 4437
7 61 5369
7 62 263
7 63 2748
7 64 3182
7 65 4845
7 67 3431
7 68 5816
7 69 1487
7 70 33
7 71 6670
7 72 6312
7 73 367
7 74 1046
7 75 7038
7 76 6272
7 77 356
7 79 1578
8 9 2058
8 11 6902
8 12 241
8 13 2660
8 14 7402
8 15 475
8 16 6749
8 17 131
8 18 3332
8 19 2171
8 20 1184
8 21 6864
8 22 2577
8 23 112
8 24 149
8 25 6913
8 26 4585
8 27 3041
8 28 498
8 29 2234
8 30 49
8 31 4388
8 32 55
8 34 2238
8 35 4732
8 36 3901
8 37 3682
8 38 369
8 39 2818
8 40 2401
8 41 4636
8 42 622
8 43 6903
8 44 1651
8 45 6532
8 46 4002
8 47 5289
8 48 6997
8 49 4712
8 50 2728
8 51 6051
8 52 6087
8 53 687
8 54 4484
8 55 1882
8 57 5369
8 58 6514
8 59 1500
8 61 5453
8 62 1572
8 63 1785
8 64 1809
8 65 5722
8 66 1866
8 67 7316
8 68 6428
8 69 2648
8 70 2561
8 71 822
8 72 3071
8 73 1163
8 74 4579
8 75 5520
8 76 855
8 77 436
8 78 1982
8 79 5842
9 10 1204
9 11 1663
9 12 5011
9 13 3484
9 14 6231
9 15 1256
9 16 2318
9 17 3437
9 18 1290
9 19 759
9 20 3634
9 21 3961
9 22 7454
9 23 4617
9 25 1810
9 26 4374
9 27 6239
9 28 2234
9 29 3425
9 30 5299
9 32 4293
9 33 855
9 34 6316
9 35 2531
9 36 5715
9 37 4704
9 39 3509
9 40 4324
9 41 6296
9 42 1372
9 44 6462
9 45 5590
9 46 5386
9 47 2180
9 48 1891
9 49 7221
9 50 5553
9 51 2592
9 52 4462
9 53 4451
9 54 7036
9 55 4025
9 56 7332
9 57 6660
9 58 1042
9 59 1821
9 60 3141
9 61 4385
9 62 1875
9 63 3875
9 64 5535
9 67 7335
9 68 726
9 69 4167
9 70 4812
9 71 684
9 72 4067
9 73 7359
9 74 5332
9 75 3258
9 77 6398
9 78 2991
9 79 6639
10 12 608
10 13 5098
10 14 231
10 15 681
10 16 580
10 17 4983
10 18 6253
10 19 4431
10 20 6182
10 21 3748
10 22 2892
10 23 2516
10 24 5903
10 25 3341
10 26 5271
10 27 5032
10 28 2039
10 29 902
10 32 2077
10 33 5281
10 34 2586
10 35 5225
10 36 4555
10 37 360
10 38 6770
10 39 307
10 40 2454
10 41 417
10 44 1392
10 45 1768
10 46 6454
10 47 3403
10 48 3102
10 49 2561
10 50 3889
10 51 2618
10 53 7172
10 54 1578
10 55 1345
10 56 7132
10 57 6134
10 58 1249
10 60 5787
10 61 958
10 62 5804
10 63 426
10 64 2981
10 65 6036
10 68 892
10 69 2890
10 70 2106
10 71 2538
10 72 7456
10 73 1062
10 74 2555
10 75 3185
10 76 590
10 77 7060
10 78 6729
11 12 7155
11 13 3291
11 14 4456
11 15 2998
11 16 7427
11 17 1121
11 18 6390
11 19 2277
11 20 6040
11 21 234
11 23 3690
11 24 4790
11 25 1688
11 26 4678
11 27 1063
11 28 5774
11 29 7129
11 30 1643
11 31 1009
11 32 6090
11 33 995
11 34 5329
11 35 605
11 36 5618
11 37 3586
11 38 554
11 39 7458
11 40 2906
11 41 1043
11 42 264
11 43 2773
11 44 6792
11 45 5196
11 46 7417
11 47 808
11 48 3996
11 49 3187
11 50 232
11 51 5176
11 52 3092
11 54 2498
11 55 2103
11 57 2599
11 58 579
11 59 6396
11 60 252
11 61 2308
11 62 5473
11 63 1855
11 64 5935
11 65 6933
11 67 6016
11 68 3053
11 69 6206
11 70 158
11 71 1904
11 72 6747
11 73 3711
11 74 2978
11 75 3580
11 76 3380
11 77 6340
11 78 6090
12 13 3721
12 14 6733
12 15 5174
12 16 520
12 19 6994
12 20 3893
12 21 4082
12 22 6294
12 23 66
12 24 1959
12 26 5991
12 27 6527
12 28 6751
12 29 2450
12 30 189
12 31 6867
12 32 3677
12 33 2713
12 34 1841
12 35 3957
12 36 2840
12 37 6951
12 38 2298
12 39 5613
12 40 390
12 41 1888
12 42 379
12 43 1413
12 44 3734
12 45 6114
12 46 2365
12 47 4966
12 48 7159
12 49 1856
12 50 5477
12 51 4369
12 52 1817
12 53 6363
12 54 2250
12 55 6445
12 56 4632
12 57 6722
12 59 635
12 61 3348
12 62 3660
12 63 5287
12 64 3104
12 65 6507
12 66 4148
12 68 1016
12 69 3940
12 70 717
12 71 5936
12 72 3554
12 73 27
12 74 5500
12 75 391
12 77 130
12 78 7185
12 79 4249
13 14 3766
13 15 120
13 16 3664
13 17 4960
13 18 4135
13 19 1078
13 21 6834
13 23 1739
13 24 4099
13 25 7090
13 26 3071
13 27 5568
13 28 3113
13 29 5840
13 30 426
13 31 6065
13 35 41
13 36 6651
13 37 443
13 39 6129
13 40 4605
13 41 3874
13 42 3047
13 43 6893
13 44 6890
13 45 668
13 46 2711
13 47 67
13 50 2534
13 52 3902
13 54 1904
13 55 4723
13 56 2470
13 57 1362
13 58 2569
13 59 5981
13 61 5373
13 62 5791
13 63 1454
13 64 3247
13 65 6063
13 66 5628
13 67 6620
13 68 959
13 69 961
13 70 4925
13 71 2461
13 72 4221
13 74 2646
13 75 803
13 76 4198
13 77 5351
13 78 5495
13 79 86
14 15 1633
14 17 6868
14 18 2653
14 19 3401
14 20 360
14 21 202
14 22 7260
14 23 1786
14 24 7324
14 25 5478
14 26 5657
14 27 2603
14 28 2157
14 29 2206
14 30 172
14 31 1028
14 32 6452
14 33 2297
14 35 5698
14 36 5592
14 37 3121
14 38 22
14 41 4457
14 42 831
14 43 5874
14 44 5465
14 45 7294
14 46 4791
14 47 5722
14 48 215
14 49 6494
14 50 5290
14 51 4694
14 54 3749
14 55 3864
14 56 3770
14 57 6624
14 58 6945
14 59 1292
14 60 3942
14 61 6756
14 62 3658
14 64 731
14 65 1989
14 66 1934
14 67 1513
14 68 6143
14 69 3752
14 70 100
14 71 2994
14 73 1073
14 74 2791
14 75 650
14 76 3540
14 77 2189
14 78 7178
14 79 3396
15 17 6336
15 18 6855
15 19 4890
15 20 1003
15 21 3571
15 22 1514
15 23 5346
15 24 5244
15 25 4432
15 26 4997
15 27 6590
15 28 988
15 29 1471
15 30 3358
15 31 6030
15 32 1800
15 33 750
15 34 4485
15 36 5487
15 37 4444
15 38 887
15 39 6938
15 40 3560
15 41 1178
15 42 4344
15 43 1089
15 44 4818
15 47 6978
15 48 3684
15 49 4416
15 50 3888
15 51 4384
15 53 1223
15 54 1090
15 55 7490
15 56 7456
15 57 1818
15 58 3116
15 59 3646
15 60 3757
15 61 4263
15 62 6016
15 63 6855
15 64 6749
15 65 4399
15 66 4085
15 67 2384
15 69 2458
15 70 6557
15 71 2906
15 73 4844
15 74 3381
15 75 653
15 77 4409
15 78 4167
15 79 4164
16 17 2492
16 19 3836
16 20 3331
16 21 2366
16 22 4234
16 24 7150
16 26 1407
16 28 6250
16 29 160
16 30 6894
16 31 5465
16 32 4186
16 33 5791
16 34 7066
16 35 4996
16 36 3470
16 37 726
16 38 7258
16 39 6974
16 40 4813
16 41 3533
16 42 6881
16 43 4089
16 44 3031
16 45 1395
16 46 1637
16 47 2782
16 48 6694
16 49 5522
16 50 706
16 51 2507
16 52 1557
16 54 166
16 55 5241
16 56 3539
16 57 2639
16 58 1448
16 59 6289
16 60 1311
16 61 6176
16 62 2377
16 63 4219
16 64 3581
16 65 5071
16 66 5996
16 67 3697
16 68 996
16 69 936
16 70 4507
16 71 6620
16 72 7095
16 73 2745
16 75 1534
16 76 199
16 77 3350
16 78 4650
16 79 5855
17 18 1521
17 19 621
17 20 992
17 21 4112
17 22 1056
17 23 2301
17 24 6898
17 25 1336
17 26 6922
17 27 1539
17 28 1981
17 29 2841
17 30 4197
17 31 3816
17 32 4131
17 34 4503
17 35 3868
17 36 5658
17 37 2676
17 38 4983
17 39 2971
17 41 1650
17 42 962
17 43 1830
17 44 5590
17 45 4423
17 46 3693
17 47 5973
17 48 168
17 49 7382
17 50 5957
17 51 4986
17 52 1557
17 53 6049
17 54 6395
17 55 2901
17 56 4635
17 57 3682
17 58 3326
17 59 6947
17 60 7025
17 61 1197
17 62 2691
17 63 929
17 64 7475
17 65 3976
17 66 3061
17 67 656
17 68 2874
17 69 5696
17 70 6874
17 71 4417
17 72 4498
17 73 7307
17 74 4961
17 76 3337
17 78 4257
17 79 6659
18 19 6372
18 20 3698
18 22 6758
18 23 2275
18 24 6033
18 25 922
18 26 6055
18 27 2420
18 28 5367
18 29 73
18 30 5682
18 32 1518
18 33 5768
18 34 3665
18 35 1163
18 36 1762
18 37 3087
18 38 4118
18 39 4507
18 40 3630
18 41 265
18 42 1095
18 43 2905
18 44 5351
18 45 1433
18 46 2955
18 47 21
18 48 6112
18 49 449
18 50 7269
18 51 2515
18 52 5323
18 53 3763
18 54 2050
18 55 6487
18 56 2161
18 57 6164
18 58 5587
18 59 3467
18 60 5193
18 62 6999
18 63 4701
18 64 1972
18 66 3099
18 68 4466
18 69 6759
18 70 4606
18 71 3468
18 72 4240
18 74 2342
18 75 6198
18 76 728
18 77 3865
18 78 5915
18 79 4270
19 21 5943
19 22 6438
19 23 5698
19 24 2001
19 26 111
19 27 4846
19 28 6399
19 29 2103
19 30 4514
19 31 6057
19 32 3723
19 33 4227
19 34 2908
19 35 7484
19 36 2120
19 38 4719
19 39 5036
19 40 2916
19 41 3282
19 42 4850
19 43 6853
19 44 3964
19 45 3667
19 46 3141
19 47 7120
19 48 2037
19 49 1930
19 50 7016
19 51 7311
19 52 5542
19 53 2516
19 54 409
19 55 3379
19 56 3643
19 57 5331
19 58 5372
19 59 1409
19 60 3310
19 61 2898
19 63 2518
19 64 4277
19 65 4935
19 66 4992
19 67 2767
19 68 6397
19 69 4404
19 70 5270
19 71 3886
19 72 4653
19 73 4128
19 74 7269
19 75 5906
19 76 2324
19 78 126
19 79 3574
20 21 6554
20 22 565
20 23 190
20 24 3627
20 26 2136
20 27 7177
20 28 6342
20 29 5055
20 30 5459
20 31 491
20 32 696
20 33 3385
20 34 6432
20 35 3145
20 36 514
20 37 1410
20 38 6840
20 39 2253
20 40 5897
20 41 6281
20 42 7365
20 43 5641
20 45 3195
20 46 4032
20 47 395
20 48 4424
20 49 2847
20 50 3426
20 51 1940
20 52 301
20 53 4895
20 54 5258
20 55 3468
20 56 5560
20 57 2502
20 58 5364
20 59 1936
20 60 7031
20 61 2825
20 62 211
20 63 3024
20 64 213
20 65 2281
20 66 4509
20 67 7123
20 68 2638
20 69 4876
20 70 3032
20 71 4116
20 72 6342
20 73 4887
20 74 5278
20 75 5979
20 76 3304
20 77 6075
20 78 3374
20 79 7000
21 22 6320
21 23 6075
21 24 4851
21 25 5840
21 26 1565
21 27 5586
21 28 2909
21 29 4539
21 30 6522
21 32 4300
21 33 2137
21 34 3402
21 35 5386
21 36 6813
21 37 5267
21 38 4654
21 39 6676
21 40 4396
21 41 4024
21 42 4140
21 43 1320
21 44 1498
21 45 4626
21 46 1395
21 47 6906
21 48 4352
21 49 3857
21 51 1742
21 52 1998
21 53 2639
21 54 4730
21 56 2914
21 57 6645
21 58 17
21 59 4379
21 60 3370
21 61 2561
21 62 476
21 63 4749
21 64 7352
21 66 2560
21 67 2960
21 68 4429
21 69 2080
21 70 1203
21 72 4124
21 73 4884
21 74 6864
21 75 4255
21 77 6477
21 78 148
21 79 1445
22 23 1923
22 24 1657
22 25 6804
22 26 3079
22 27 6220
22 29 799
22 30 7275
22 31 6528
22 33 2763
22 34 4601
22 35 1624
22 36 5250
22 37 664
22 38 5275
22 39 7202
22 40 1137
22 42 6793
22 43 4002
22 44 1996
22 45 127
22 46 1286
22 47 6957
22 48 2651
22 49 1928
22 50 2942
22 52 2636
22 53 1095
22 54 2939
22 56 2640
22 57 3099
22 58 6988
22 60 3489
22 61 6972
22 62 2924
22 64 2825
22 65 4503
22 66 5267
22 67 4346
22 68 6223
22 69 2196
22 70 4786
22 71 351
22 72 6307
22 73 7423
22 74 4690
22 75 1999
22 76 1750
22 77 489
22 78 6572
22 79 4787
23 24 7382
23 25 6222
23 26 7070
23 27 4709
23 28 6758
23 29 2056
23 30 1453
23 31 6549
23 32 3099
23 33 7368
23 34 3584
23 35 1305
23 36 5514
23 37 3634
23 38 2250
23 39 5332
23 40 1561
23 41 6131
23 42 4823
23 43 4626
23 44 446
23 45 5827
23 47 4876
23 48 3538
23 49 7228
23 51 445
23 52 2966
23 53 4626
23 54 1894
23 55 6372
23 56 358
23 57 333
23 58 6766
23 59 31
23 60 6939
23 61 3073
23 62 1226
23 63 1492
23 64 7048
23 65 7165
23 66 675
23 67 5058
23 68 4919
23 69 443
23 70 1558
23 71 5389
23 72 4950
23 73 6106
23 74 1080
23 75 6958
23 77 1382
23 78 5541
23 79 4978
24 25 3292
24 26 5142
24 27 45
24 28 1925
24 29 2668
24 30 683
24 31 4517
24 32 6220
24 33 3797
24 34 2740
24 35 3223
24 36 5173
24 37 5691
24 38 6078
24 39 2799
24 40 2856
24 41 2925
24 42 2958
24 43 4598
24 44 2060
24 45 341
24 46 6949
24 47 1590
24 48 1491
24 49 6663
24 50 2453
24 51 4458
24 52 3829
24 53 5532
24 54 6378
24 55 5960
24 56 6919
24 57 7433
24 58 2056
24 61 1999
24 62 5709
24 63 363
24 64 5966
24 65 2888
24 66 4935
24 67 6366
24 68 4317
24 69 4539
24 70 3952
24 71 2029
24 72 2852
24 73 351
24 74 1527
24 75 5018
24 76 5373
24 77 846
24 78 963
24 79 2231
25 26 1912
25 27 2260
25 28 662
25 29 90
25 30 1523
25 31 5030
25 32 5748
25 33 4440
25 34 7357
25 35 1587
25 36 6048
25 37 4427
25 38 4972
25 39 6353
25 40 5331
25 41 3065
25 42 3905
25 43 5441
25 44 3005
25 45 896
25 47 4777
25 48 6110
25 49 4644
25 50 3043
25 52 3278
25 53 3307
25 54 3252
25 55 4328
25 56 5563
25 57 891
25 60 3007
25 61 7065
25 62 4222
25 63 1890
25 64 4088
25 65 2044
25 66 5589
25 67 2816
25 68 4807
25 69 5705
25 70 4000
25 71 1390
25 72 115
25 73 1837
25 74 4634
25 75 3505
25 76 1280
25 77 5004
25 78 2381
25 79 1435
26 27 6690
26 28 5093
26 30 408
26 31 6592
26 32 7059
26 33 704
26 34 1093
26 35 6332
26 36 1070
26 37 2882
26 38 2193
26 40 4114
26 41 641
26 42 3973
26 43 4313
26 44 3257
26 45 6792
26 46 1165
26 47 2986
26 48 204
26 49 4924
26 50 2634
26 51 4105
26 52 5227
26 53 2615
26 55 3340
26 56 451
26 57 3516
26 58 4392
26 59 2608
26 60 6551
26 61 5698
26 62 5678
26 63 5930
26 64 5399
26 65 969
26 66 3753
26 67 7275
26 68 2851
26 69 6100
26 70 5257
26 72 5707
26 73 1976
26 74 5601
26 75 6609
26 76 4320
26 77 2704
26 78 651
26 79 4545
27 28 4648
27 30 6671
27 31 492
27 34 6716
27 35 5280
27 36 2494
27 37 1530
27 38 5716
27 39 1803
27 40 4640
27 41 304
27 42 364
27 43 263
27 46 4261
27 47 7325
27 48 98
27 49 1228
27 50 2510
27 51 3757
27 52 3767
27 53 2882
27 54 2452
27 55 2179
27 56 3434
27 57 1915
27 58 5282
27 59 360
27 60 1891
27 61 1353
27 62 2005
27 63 934
27 64 6696
27 65 4155
27 67 411
27 68 2926
27 70 7073
27 71 2528
27 72 3568
27 73 1068
27 74 6254
27 75 6612
27 76 3244
27 77 639
27 78 4857
27 79 3476
28 30 1524
28 31 250
28 32 4814
28 33 1779
28 34 6171
28 36 5485
28 38 404
28 39 1482
28 40 7007
28 41 2701
28 43 2554
28 44 4725
28 45 751
28 46 4553
28 47 1076
28 48 3447
28 49 6373
28 51 6611
28 52 643
28 53 5964
28 54 5688
28 55 5984
28 56 3604
28 57 5202
28 58 2960
28 59 210
28 60 2556
28 61 670
28 62 4672
28 64 6230
28 65 5190
28 66 2770
28 67 3065
28 68 2117
28 69 2860
28 70 5377
28 71 4683
28 72 3034
28 73 451
28 74 4484
28 75 899
28 76 836
28 78 2943
28 79 1439
29 31 1252
29 33 4021
29 34 2788
29 35 6256
29 36 1481
29 37 354
29 38 989
29 39 3945
29 41 4634
29 42 1833
29 43 1602
29 44 4253
29 45 4463
29 47 1939
29 48 715
29 49 3137
29 50 1244
29 51 3357
29 52 7253
29 53 3806
29 54 5748
29 55 2059
29 56 5009
29 58 3356
29 59 1412
29 60 314
29 61 2982
29 62 4660
29 63 5567
29 64 2012
29 65 2562
29 66 2766
29 67 307
29 68 5941
29 69 5422
29 70 1094
29 71 5809
29 72 6576
29 73 6665
29 74 1565
29 75 5091
29 76 3943
29 77 4358
29 78 1868
29 79 527
30 31 3946
30 32 829
30 34 1135
30 35 6569
30 36 6249
30 37 6223
30 38 1126
30 39 5743
30 40 6376
30 41 4312
30 42 4615
30 43 1098
30 44 751
30 45 5905
30 46 1578
30 47 4823
30 48 1964
30 49 4144
30 51 2064
30 52 1313
30 53 4654
30 54 3711
30 55 6222
30 56 945
30 57 3270
30 58 564
30 60 3453
30 61 248
30 62 142
30 63 1844
30 64 4193
30 65 6701
30 66 5758
30 67 1752
30 68 1928
30 69 194
30 70 1696
30 71 6332
30 72 4355
30 73 2775
30 74 2844
30 75 502
30 76 554
30 77 653
30 78 1426
30 79 3363
31 32 5155
31 35 3179
31 36 6452
31 37 5043
31 38 5217
31 39 1408
31 40 7391
31 41 7477
31 42 7067
31 44 68
31 45 3360
31 48 1095
31 49 6269
31 50 6474
31 51 4519
31 52 2214
31 53 5393
31 54 1618
31 55 3887
31 58 7097
31 59 6763
31 60 328
31 61 5067
31 62 1401
31 64 1372
31 65 1158
31 66 305
31 67 516
31 68 3740
31 69 2701
31 70 4848
31 71 785
31 72 4110
31 73 3237
31 74 88
31 76 1201
31 77 1295
31 78 4720
31 79 4897
32 33 2919
32 34 3644
32 35 384
32 36 4976
32 37 6604
32 38 1275
32 39 631
32 40 5406
32 41 4459
32 43 6706
32 44 6306
32 46 3130
32 48 349
32 49 5106
32 50 5327
32 52 2287
32 53 1842
32 54 2996
32 55 1898
32 56 4419
32 58 2324
32 60 7072
32 61 7134
32 62 1564
32 63 6998
32 64 61
32 66 2468
32 67 6728
32 68 2498
32 69 2581
32 70 6399
32 71 118
32 72 3092
32 74 4471
32 75 3141
32 76 7138
32 78 5624
32 79 595
33 34 3173
33 36 2880
33 37 5055
33 38 6112
33 39 2690
33 40 6780
33 41 2067
33 42 7429
33 44 3167
33 45 4592
33 46 3572
33 48 5136
33 49 137
33 51 3811
33 52 4628
33 53 7361
33 54 3952
33 55 2623
33 56 1594
33 57 7431
33 58 6709
33 59 185
33 60 6877
33 61 5605
33 62 3431
33 63 4832
33 64 5663
33 65 4432
33 66 5216
33 68 1195
33 69 3815
33 70 2442
33 71 328
33 72 5460
33 73 727
33 74 4179
33 75 4752
33 76 5710
33 78 1029
33 79 6837
34 35 7179
34 36 1938
34 37 3323
34 38 2556
34 39 7200
34 40 1295
34 41 3488
34 42 4085
34 43 1972
34 44 5010
34 45 5732
34 46 3790
34 48 2095
34 49 1933
34 51 6645
34 52 931
34 53 5323
34 54 5939
34 56 4490
34 57 1880
34 58 2614
34 59 4830
34 60 363
34 61 4406
34 62 3467
34 63 894
34 64 1653
34 65 147
34 66 4522
34 67 433
34 69 1515
34 70 6466
34 71 2786
34 72 3294
34 73 2578
34 74 5674
34 76 3922
34 77 6604
34 78 4787
34 79 428
35 36 3824
35 37 6372
35 38 3368
35 39 48
35 40 1627
35 41 4167
35 42 2374
35 43 6820
35 44 5116
35 45 3354
35 46 5757
35 47 3022
35 48 3357
35 49 1857
35 50 2399
35 51 4027
35 52 3215
35 53 1544
35 54 6291
35 55 587
35 56 3851
35 57 3304
35 58 5427
35 59 649
35 60 2706
35 61 4695
35 62 7176
35 63 1992
35 64 45
35 65 1380
35 66 4984
35 67 17
35 68 7156
35 70 5946
35 71 4422
35 73 6878
35 74 3429
35 75 2492
35 76 345
35 77 6930
35 78 3863
36 37 4706
36 38 1856
36 39 73
36 40 3740
36 41 2019
36 42 3985
36 43 7125
36 44 3283
36 45 5348
36 46 1128
36 47 3915
36 48 6559
36 49 5128
36 50 6273
36 51 6970
36 52 4478
36 53 2923
36 54 2931
36 55 7188
36 56 7324
36 58 3809
36 59 936
36 60 5121
36 61 2937
36 62 3814
36 63 2022
36 64 6063
36 65 6224
36 66 6489
36 67 7491
36 68 3572
36 69 4992
36 70 5948
36 71 7296
36 72 6661
36 73 6429
36 74 2191
36 75 6911
36 76 1402
36 77 5419
36 78 703
36 79 4015
37 38 6508
37 39 7287
37 40 1832
37 41 5269
37 42 2794
37 43 3216
37 44 2097
37 45 5210
37 46 2216
37 47 3078
37 48 2854
37 50 3107
37 51 988
37 52 2093
37 53 2539
37 54 3991
37 55 7497
37 56 5960
37 58 1567
37 59 6570
37 60 1512
37 61 293
37 62 1276
37 63 2211
37 64 5767
37 65 4545
37 66 7022
37 67 1175
37 68 1675
37 69 584
37 71 5859
37 72 2337
37 73 6858
37 75 776
37 76 2018
37 77 5234
37 78 360
37 79 2522
38 40 7140
38 41 5610
38 42 6006
38 43 1001
38 44 4570
38 45 4634
38 46 3452
38 47 6038
38 48 3866
38 49 4434
38 50 3875
38 51 1970
38 52 5087
38 53 4224
38 54 4505
38 55 2865
38 56 4629
38 57 3971
38 58 3869
38 59 4888
38 60 4629
38 62 6932
38 63 3633
38 64 6582
38 65 7357
38 66 3106
38 67 1004
38 68 5945
38 69 4842
38 70 7491
38 71 3108
38 72 6467
38 73 5810
38 74 6801
38 75 5840
38 76 6761
38 77 4185
38 78 780
38 79 1615
39 40 5901
39 41 5247
39 42 1181
39 43 975
39 44 588
39 45 6220
39 46 154
39 47 1269
39 48 3611
39 49 5275
39 50 1710
39 51 853
39 52 1678
39 53 4865
39 54 3058
39 55 22
39 56 5655
39 57 667
39 58 1721
39 59 4164
39 61 2883
39 62 5314
39 64 3285
39 65 286
39 66 287
39 67 3525
39 68 668
39 69 5027
39 70 4215
39 71 2216
39 72 7246
39 73 855
39 74 6056
39 75 906
39 76 2586
39 77 4454
39 78 3880
39 79 3883
40 42 4168
40 43 5676
40 44 1952
40 45 4534
40 46 2045
40 47 1571
40 48 1337
40 49 78
40 50 4364
40 51 6614
40 52 247
40 53 875
40 54 6285
40 55 2692
40 56 6783
40 57 2393
40 58 7134
40 59 6168
40 61 3202
40 62 5982
40 64 7462
40 65 2873
40 66 5365
40 67 5733
40 68 5526
40 69 5162
40 70 4791
40 71 653
40 72 7301
40 74 1045
40 75 7174
40 76 7256
40 77 4401
40 78 4254
41 42 2469
41 43 290
41 44 6938
41 46 5170
41 47 1955
41 48 4349
41 49 7291
41 50 6711
41 51 5799
41 52 5016
41 53 6585
41 54 5010
41 55 2502
41 56 648
41 57 3644
41 58 1724
41 59 5068
41 60 3628
41 61 2346
41 62 2409
41 63 2648
41 64 2859
41 65 5256
41 66 6266
41 67 6418
41 68 600
41 69 6174
41 71 1175
41 72 3840
41 73 1367
41 74 1006
41 75 5037
41 76 6888
41 77 1768
41 78 7222
42 43 6479
42 44 2325
42 45 51
42 46 5491
42 47 3722
42 48 3322
42 49 1903
42 50 2422
42 51 1706
42 54 2708
42 55 5563
42 56 3638
42 57 2749
42 58 2598
42 59 4208
42 60 4501
42 61 3514
42 62 121
42 63 1224
42 64 5298
42 65 3941
42 66 2411
42 67 5676
42 68 564
42 69 4643
42 70 2269
42 71 4253
42 72 5581
42 73 431
42 74 4872
42 75 7458
42 76 2521
42 77 4127
42 78 2678
42 79 3039
43 44 1247
43 45 5378
43 46 5840
43 47 6625
43 48 6776
43 49 1026
43 50 4177
43 51 5154
43 52 2482
43 53 639
43 54 426
43 55 6929
43 56 2918
43 57 2143
43 58 257
43 59 4922
43 60 4659
43 61 2863
43 62 2908
43 63 7105
43 64 3459
43 65 2579
43 66 3612
43 67 1243
43 68 3520
43 69 3650
43 70 1328
43 71 4596
43 72 5484
43 74 4592
43 75 4965
43 76 6781
43 77 309
43 78 2023
43 79 7087
44 46 5420
44 47 2444
44 48 4719
44 49 5328
44 50 4419
44 51 3535
44 52 3406
44 53 195
44 54 5072
44 55 5981
44 56 6350
44 57 122
44 58 1438
44 59 5190
44 60 6042
44 61 3746
44 62 6381
44 64 3599
44 65 2171
44 66 4497
44 67 5575
44 68 5904
44 69 640
44 70 2628
44 71 3477
44 72 7226
44 73 2442
44 74 6044
44 75 1731
44 76 7439
44 77 2578
44 78 210
44 79 7096
45 46 196
45 47 5848
45 48 3117
45 50 372
45 51 4629
45 52 2958
45 53 2492
45 54 5231
45 55 5423
45 56 5641
45 57 1207
45 58 5611
45 59 7049
45 60 1596
45 61 6809
45 62 7362
45 63 1455
45 64 1895
45 65 6247
45 66 4559
45 67 1282
45 68 232
45 69 1849
45 70 2222
45 71 6086
45 72 6591
45 73 4834
45 74 1179
45 76 2774
45 77 2575
45 78 1614
45 79 7336
46 48 2916
46 49 5513
46 50 5991
46 52 6223
46 53 5895
46 54 2992
46 55 474
46 56 3608
46 57 7038
46 58 296
46 59 2927
46 60 5671
46 61 302
46 63 6489
46 65 1904
46 66 612
46 67 3613
46 68 3628
46 70 2022
46 71 1370
46 72 3548
46 74 1517
46 75 1158
46 77 4084
46 78 2905
47 49 290
47 50 4046
47 51 1481
47 52 2353
47 53 4132
47 54 3542
47 55 5839
47 56 7244
47 57 3453
47 58 3282
47 59 3660
47 60 7256
47 61 3627
47 62 5759
47 63 3627
47 64 6923
47 65 721
47 66 5657
47 67 3988
47 69 619
47 70 5657
47 71 5160
47 72 2235
47 73 6023
47 74 7000
47 76 4744
47 77 3711
47 78 5918
47 79 6253
48 49 817
48 50 4812
48 51 6847
48 52 2590
48 53 2328
48 54 2804
48 56 6443
48 57 5431
48 58 1878
48 59 4406
48 60 7425
48 61 4973
48 62 6355
48 63 6772
48 64 2298
48 65 492
48 66 4979
48 67 6171
48 68 3470
48 69 1625
48 70 3660
48 71 2387
48 72 6635
48 73 1483
48 74 3122
48 75 92
48 76 1033
48 77 3900
48 78 1110
48 79 4766
49 51 5257
49 52 7169
49 53 6606
49 54 958
49 55 6942
49 56 2473
49 58 3927
49 59 2038
49 60 6914
49 62 7006
49 63 2533
49 64 1159
49 65 3382
49 66 6037
49 67 5372
49 68 6075
49 69 6486
49 70 1709
49 71 3993
49 72 425
49 73 1567
49 74 1744
49 75 4183
49 77 693
49 78 5240
49 79 1390
50 51 6610
50 52 2246
50 53 6402
50 54 6515
50 55 6460
50 57 2992
50 58 5678
50 59 4617
50 60 4801
50 61 7099
50 62 5003
50 63 3901
50 64 3325
50 65 2124
50 67 2136
50 68 3364
50 69 381
50 70 3618
50 71 2663
50 72 1153
50 73 3272
50 74 6575
50 75 588
50 76 56
50 77 3627
50 78 3124
50 79 705
51 52 7288
51 53 984
51 55 1971
51 56 1177
51 57 7033
51 58 1320
51 59 3808
51 60 6432
51 61 4872
51 62 2632
51 63 1842
51 64 5387
51 66 3338
51 67 5601
51 68 7150
51 69 5208
51 70 5304
51 71 1456
51 72 1900
51 73 3988
51 74 6830
51 75 6852
51 76 7049
51 77 4654
51 78 5539
51 79 2644
52 53 370
52 54 4040
52 55 2248
52 56 5453
52 57 28
52 58 1382
52 59 2736
52 60 1138
52 61 848
52 62 6531
52 64 5882
52 65 4143
52 66 2316
52 67 4532
52 68 89
52 69 5169
52 70 3473
52 71 2646
52 72 4532
52 73 3344
52 74 5924
52 75 631
52 76 2312
52 77 960
52 78 3148
52 79 3382
53 54 6298
53 55 522
53 57 5054
53 58 3910
53 59 1284
53 61 363
53 62 3774
53 63 2847
53 64 1641
53 65 7143
53 66 234
53 67 4092
53 68 7093
53 69 32
53 70 6471
53 71 1851
53 72 5146
53 73 3398
53 76 2544
53 78 2906
53 79 1171
54 55 4095
54 56 7144
54 58 7119
54 59 6439
54 60 2197
54 61 2300
54 63 1270
54 64 1059
54 65 3907
54 66 3011
54 67 6515
54 68 6563
54 70 1969
54 71 7166
54 72 2098
54 73 5967
54 74 4938
54 75 7318
54 76 646
54 77 110
54 78 3094
54 79 3067
55 56 5581
55 57 4614
55 58 4543
55 59 2677
55 60 195
55 61 5283
55 62 3785
55 63 7338
55 66 2399
55 67 1593
55 68 972
55 70 1081
55 71 6175
55 72 5953
55 73 3684
55 74 3994
55 75 3379
55 76 2522
55 77 4173
55 78 5652
55 79 4588
56 57 3877
56 58 3906
56 60 2150
56 63 4863
56 64 3054
56 65 5893
56 66 5054
56 67 4839
56 68 619
56 69 7268
56 70 6057
56 71 6473
56 72 4641
56 73 2800
56 74 6887
56 75 1849
56 76 6544
56 77 3044
56 78 5971
56 79 2900
57 58 5859
57 59 1532
57 60 4270
57 61 6154
57 62 2406
57 63 7188
57 64 3763
57 65 6674
57 66 1671
57 67 6346
57 68 4297
57 69 1476
57 70 3545
57 71 4225
57 72 2628
57 73 3539
57 74 6120
57 75 3251
57 77 756
57 78 4048
57 79 5168
58 59 643
58 60 3035
58 62 2711
58 63 4258
58 65 4585
58 66 3481
58 67 4774
58 68 3083
58 69 6738
58 70 721
58 71 6171
58 72 5949
58 73 441
58 74 3807
58 75 5210
58 76 7140
58 77 3698
58 78 2306
58 79 746
59 60 2877
59 61 65
59 62 4637
59 63 2057
59 64 5790
59 65 3139
59 68 323
59 69 1235
59 70 1952
59 71 4075
59 72 7193
59 75 6554
59 76 5183
59 77 1076
59 78 2834
60 61 7470
60 62 5528
60 63 1971
60 64 3327
60 65 1476
60 66 154
60 67 4074
60 68 4031
60 70 2544
60 72 651
60 73 3166
60 74 5286
60 76 3549
60 77 983
60 78 3472
60 79 3900
61 62 6633
61 63 4690
61 64 1252
61 65 5470
61 66 5250
61 67 6213
61 69 1256
61 70 1101
61 71 1384
61 72 674
61 73 4935
61 74 1570
61 76 1089
61 77 5013
61 78 5770
61 79 4764
62 63 813
62 64 2988
62 65 697
62 66 576
62 67 3008
62 68 7017
62 69 6164
62 70 5672
62 71 948
62 72 5568
62 73 5262
62 74 1813
62 76 6825
62 77 5735
62 78 6305
62 79 1986
63 64 3034
63 65 5515
63 67 3775
63 68 5259
63 69 1270
63 70 2417
63 71 4555
63 72 3133
63 73 3679
63 74 6829
63 75 4947
63 76 4815
63 77 5028
63 78 5292
63 79 472
64 65 6959
64 66 6976
64 68 2103
64 69 3248
64 70 6683
64 71 6662
64 72 780
64 73 6959
64 74 5055
64 75 1581
64 76 4151
64 77 6711
64 78 5902
64 79 930
65 66 4521
65 67 1785
65 68 7071
65 69 1453
65 70 630
65 72 6165
65 73 5078
65 74 1703
65 76 3956
65 78 5536
65 79 5303
66 67 6264
66 68 2515
66 69 722
66 70 7334
66 71 5477
66 72 1534
66 73 3601
66 74 174
66 75 475
66 76 575
66 77 1329
66 78 4506
66 79 5085
67 68 4430
67 70 2233
67 71 5683
67 72 2247
67 73 1598
67 74 829
67 75 2767
67 76 2799
67 77 5429
67 78 2485
67 79 4182
68 69 4506
68 71 5635
68 72 4779
68 73 5457
68 74 5191
68 75 1645
68 77 2521
68 78 4054
69 70 3734
69 71 6079
69 72 680
69 73 2342
69 74 3373
69 75 7421
69 76 2130
69 77 3900
69 78 6597
69 79 2335
70 71 6943
70 72 1929
70 73 2652
70 74 3607
70 75 6744
70 76 3336
70 77 3309
70 78 7390
70 79 507
71 72 7228
71 73 7355
71 74 5129
71 75 7006
71 76 7452
71 77 411
71 78 2006
71 79 15
72 73 7291
72 74 6624
72 75 1542
72 76 1324
72 77 195
72 78 4495
72 79 6324
73 74 18
73 75 232
73 77 4212
73 78 2908
74 75 1509
74 76 7001
74 77 3706
74 78 4004
74 79 7385
75 76 5744
75 77 346
75 78 5156
75 79 1903
76 77 5828
76 78 4855
76 79 5629
77 78 4569
77 79 649
78 79 3290
