35 80 2497
6279 3042 3683 273 1902 650 5268 3719 1831 2554 5128 5363 1345 1409 4349 3418 5380 6580 2959 1293 3662 7436 4483 4408 1351 2490 5141 5936 1021 2453 2640 7299 4346 6322 6423
6247 6971 4190 2466 154 5595 6445 5516 6940 6705 2364 2857 3436 296 4668 4728 2809 3455 562 6068 4806 1903 3708 2093 2924 5013 4732 2722 710 2405 1645 6957 727 4686 774 880 2781 7218 6396 2220 6422 111 3928 2357 406 1095 5936 2066 4550 6497 634 707 899 3193 2799 2674 705 6382 4248 1415 1286 4744 7223 2012 1929 496 1744 4709 6565 6991 5780 5486 7101 2208 6694 6359 3302 5129 7276 6703
2977 409 7409 2727 3602 2707 5401 3158 1588 2148 3424 1725 6891 1998 3737 171 2493 4332 3732 409 3822 2011 5894 2274 4218 3939 1132 6372 419 908 5574 3395 168 4335 4974 2621 7041 1726 4631 7481 2725 6906 1705 2115 1404 4293 1137 2748 1124 4868 3157 3797 6879 402 6071 2448 4341 7202 1319 4759 6961 5745 7006 5981 2579 4479 1101 971 5056 5731 7303 280 5137 1508 1246 5392 4652 2382 639 5776
7250 2647 924 5480 3049 6994 427 6241 5548 598 3499 3860 5194 1856 2340 6624 5186 3441 94 2741 523 7397 3020 4511 256 4265 1254 4907 6647 745 2034 5248 3391 2958 3227 5291 1303 2505 4031 6850 3102 6382 2062 7147 737 4401 6270 5923 6693 5216 1163 6068 3964 3035 3078 3071 7299 3184 477 5297 3928 1363 3044 7318 3172 6270 5109 3326 127 491 2676 2080 6872 3589 1727 109 489 6848 4883 6034
4563 4897 4601 7378 431 6530 2948 6582 2213 2277 4378 6140 2491 7422 4810 4514 5043 1270 339 5169 1760 1866 7249 1132 5454 1475 92 4795 7174 4974 3328 3089 1222 6780 2966 1653 5809 4766 734 6874 5894 3963 4365 884 3884 1674 5397 279 1795 4587 5447 3555 6453 4047 3538 4406 4373 3629 1700 4047 7454 3879 7135 1175 3158 1452 1679 1467 5069 2412 840 3462 5227 5204 3197 1610 5730 7445 740 24
4532 6187 2430 3484 1585 5967 6741 5958 2095 941 1356 900 4819 7342 2075 477 1293 3753 795 6362 5017 486 1175 2743 5689 4372 3204 2770 4316 3944 2794 199 1482 5223 3682 3066 2542 2923 375 4636 2715 1730 5536 6385 423 6462 6861 1716 2714 6507 6929 6582 6992 603 1824 5181 3826 5028 6802 642 323 947 840 1804 5022 3374 3721 63 5148 4096 3550 362 4677 1585 5598 5100 6898 4959 5667 2112
3965 3947 1193 3457 4549 1869 7489 875 5748 5642 368 6070 6589 59 6725 4110 2284 2945 4172 7431 5892 221 6644 1921 658 4742 5872 55 1052 4038 1018 3868 484 1063 6176 3884 2931 5016 3610 30 3158 3977 6099 2246 2888 5323 5207 5171 7119 1878 3954 5511 950 3097 7431 1607 6690 5802 514 241 1191 1531 4109 526 2593 1636 4409 4375 6652 6871 3256 2309 3347 1854 3406 5086 6028 1112 2757 5647
1841 6710 3657 2790 1158 2439 4397 348 740 4910 6940 1930 5292 2400 2455 6737 4036 5715 2463 2039 5085 5719 4347 7284 72 6604 4869 4952 215 6477 1950 2055 4538 4458 3696 5696 6896 592 4895 6487 4353 3186 7268 2145 5586 2222 233 973 6788 2695 3011 3225 913 6209 3008 7337 5312 6728 4788 4378 5705 6737 6432 1594 3694 2627 6141 1941 2071 3535 927 5275 5573 694 6271 3658 1767 6503 4630 1054
1698 6492 4278 2610 5200 6137 1298 3011 5365 6085 7388 2421 4173 5171 4014 6718 6649 2655 1158 71 5041 936 5346 3113 1629 4116 5622 3395 3119 1603 3301 4816 594 6430 6277 5793 3919 75 1303 1783 5011 42 3055 536 5212 7068 7253 4361 1074 7263 4431 4967 698 1128 6931 1179 5244 3905 3425 862 5507 5577 4529 4953 4507 2157 3245 7277 2231 3400 1559 6094 3441 4613 6629 5 3032 5233 3217 2958
3847 6499 6776 4545 127 6206 5723 5370 2610 499 5083 6969 6076 2111 4421 1934 3119 6517 1710 5350 1268 3268 2795 4709 6732 775 3565 1115 6007 6781 2924 2354 5779 2199 5750 4757 905 2824 2626 2366 3322 6560 686 1897 22 3958 3830 3141 1827 5539 7342 3094 158 2636 6654 5741 3410 2718 6856 768 850 1131 3121 6629 3330 222 2737 3086 3045 5363 4303 6367 3274 4989 763 3296 298 3445 5288 2124
1483 5129 5218 1641 6616 3223 6233 1377 5941 4440 2144 6790 5571 4117 4770 1400 4338 7 4485 7383 4221 1287 6249 7494 5127 5863 2141 4277 1807 6280 6400 3290 3908 2969 3782 1875 6192 1366 3251 3484 5806 5395 2773 3876 863 6395 5275 5200 6401 1111 3934 1973 1249 2682 818 5228 7397 1811 2004 1703 590 7255 3844 3350 2724 6477 5224 267 343 975 3750 6148 5221 6522 2523 4935 4268 6649 2634 2020
259 6568 3992 359 601 4810 5586 497 5472 6441 2200 6061 6196 4895 1910 1419 3872 7134 537 4214 6960 4286 1713 3532 2159 3087 966 6427 2235 3599 946 1345 1518 3790 1703 2119 1099 6141 1467 6570 5081 2518 3982 3776 7413 5892 4046 3784 4377 4582 6849 3836 1367 1061 7367 2378 4147 7184 1304 5233 3282 1101 5429 3652 4890 5983 4622 4840 4623 6088 2761 1056 7458 6743 4831 7370 5134 229 2505 862
4810 1853 4697 5029 1765 3415 7406 4763 3098 61 2495 5231 1161 6775 1382 6051 5257 4855 3390 1232 2295 6151 2287 2252 4245 5969 2121 1878 6197 4625 2739 2359 5329 6287 6239 7093 1053 4996 3207 4150 5056 4553 732 5068 3827 2114 2470 1583 5820 5860 2814 614 3362 5100 2865 106 2421 3837 835 1117 7313 2425 2327 5141 63 1065 3585 1115 6060 6791 5264 2467 3843 5995 35 169 6960 2504 604 5280
7215 3417 4745 1928 7369 110 885 2289 3946 1719 2257 2611 2995 4584 251 3057 4500 2688 4171 1912 1978 786 4378 4673 5633 3264 3693 5092 5768 4296 1723 4334 6565 6468 6262 5285 5429 7146 73 1874 217 1181 4484 3211 4616 3587 5120 1616 6274 642 3527 7103 1428 404 4275 7060 3668 468 3503 787 4763 5226 5120 2679 3045 2733 463 973 1231 6887 1698 1447 568 5034 3509 5183 1120 1128 5650 6245
622 1676 5847 2049 932 2622 1608 3451 1941 5110 4237 5555 1687 708 734 4731 2293 1196 5703 3523 583 7401 4969 2 4934 7329 5184 4905 7309 3334 3649 430 3861 847 2478 4792 3468 2937 742 4260 6898 3830 2315 7437 3390 3048 4667 5682 4243 1722 1704 3677 1622 5524 3678 5407 5352 214 1663 5160 2399 5311 4441 5111 6157 5770 2403 977 1206 1996 5236 6956 4678 50 6892 567 1949 2910 6248 6192
4631 451 1220 5104 5974 3750 1862 2677 3963 3524 337 5213 186 3629 2823 5195 1899 4077 5023 1956 4925 2758 1411 2102 1660 802 2668 2460 2564 1415 3 7194 1865 1223 4798 6690 4972 6659 1866 286 1535 1054 4350 1720 4683 7172 6914 5433 2601 4436 7388 25 6046 1299 2126 6557 952 4793 1516 3515 5059 1519 2061 5775 1593 6858 4964 6564 4868 5681 5701 5254 6735 2550 6974 2769 1073 5239 701 2525
1027 588 2549 5924 738 3526 3832 542 818 5347 2908 5876 5717 4968 4150 6161 3177 465 4076 545 6146 2276 4650 4232 3677 4123 7000 3602 714 6552 6126 592 7139 27 6515 6729 3552 1698 7270 4370 5896 2677 1597 4113 6497 4599 2773 2173 3915 6849 1569 2560 476 6219 6791 3005 1693 5142 6606 2406 4193 5231 1849 2684 5257 7215 1912 1309 1412 533 4530 7308 2061 4978 2772 1057 928 4396 3230 3695
2596 4798 6254 1924 3516 4397 4928 4061 2038 4033 6466 5083 615 7167 266 4724 6881 2177 4884 7145 1561 765 6952 2473 4594 1075 3530 5522 5470 5611 1716 6918 1760 6821 1341 4128 2569 6268 688 4607 1652 6005 2189 2266 5671 1306 6989 3904 2334 3224 3548 3894 3988 1851 6366 1082 2925 1247 5455 7246 5709 7170 6663 7469 5342 6855 2948 411 5622 3635 3869 6125 991 4909 7243 6662 6214 6731 1917 1047
2455 5464 3792 5294 7314 1509 6375 1590 2756 4329 1335 7316 2850 6850 7284 692 6204 1583 7454 3178 5217 3822 1802 6208 1230 1544 4221 6295 7127 6137 7341 933 2952 2484 6226 1617 3992 3953 3206 5599 781 3392 5415 3631 2741 4050 3174 297 5633 3127 2326 2201 6948 2979 908 7029 3375 3980 5823 1853 1468 4515 2785 3271 6998 362 4887 2341 3166 6944 440 3947 1688 4706 6429 3280 1255 2102 3576 6887
5228 4753 1588 3527 232 1347 3055 3606 4179 229 5458 5646 3595 7094 269 1944 6307 5155 4284 1973 3451 3575 5919 3990 780 4847 7269 2035 5800 2197 273 3527 6949 712 5905 7180 911 311 2137 5089 539 94 2086 2985 7187 2354 4928 5994 6361 563 466 1163 4138 5236 5152 4917 1434 3772 5803 7233 5968 4928 2111 4269 5639 515 3948 6549 825 4937 2989 215 5030 5075 3199 3569 6280 6978 914 5140
6392 231 5154 3029 5466 2805 6798 5751 6577 3952 5483 3896 1379 6445 664 7018 5811 4612 4918 6635 900 407 5701 5929 4333 251 849 3112 7228 1762 7104 6119 1992 4757 500 6309 62 6149 3411 5490 2600 245 1885 3979 6689 2549 2348 4999 6012 7265 2985 6911 6523 1185 5339 3355 1435 5040 5319 14 6801 4922 6133 145 2178 5484 5305 2239 4132 1216 6580 6731 1460 965 2061 7001 3513 4408 4499 2024
3025 7484 1434 2047 20 5624 4254 307 3163 2072 320 1316 5845 5304 1460 522 3287 6764 1613 7418 6831 692 5501 7143 1656 61 6643 4020 3321 2493 6043 6345 2476 6328 7243 1348 4452 2848 1654 6466 3771 1973 281 2115 7277 592 2637 1915 6208 3101 685 5538 3792 6185 5180 4300 5097 3174 819 7269 5667 5714 6113 6994 4541 4708 841 344 55 2494 6810 2678 3319 5942 4792 1947 6534 6280 2713 5241
732 3397 2130 3376 933 6162 175 4882 1835 7345 4650 1 5558 2115 6995 1451 6822 335 1794 5728 1681 7455 905 3851 5897 4549 4649 3782 3328 7361 374 4060 2110 2503 7435 3042 1164 6461 6775 1851 5157 3925 1851 3215 6039 1345 3517 4212 532 5310 1291 1064 4117 2196 3766 1365 5596 914 5146 275 7126 5519 3186 1735 6873 1972 3629 537 932 1755 2387 6089 5679 3089 655 3069 3286 4171 6132 2669
832 7423 2584 4948 970 6349 6312 5417 6114 2809 5691 4591 827 1377 5178 6552 3348 1306 7088 4280 1912 826 1720 6443 2766 1226 863 6051 5396 6995 1219 5079 5769 3802 1379 5590 1502 190 3506 6467 1851 1696 3558 1529 1924 1235 580 5272 1392 6519 903 3303 6196 2622 2245 1462 2699 3108 6364 594 1454 6435 5672 6074 1588 5902 4163 3090 6092 6520 2056 6794 715 4465 822 2639 5699 254 6762 5942
6772 164 1745 5468 1637 2841 5781 4335 4800 4644 3780 5105 3578 803 3678 5166 6705 340 7107 4148 5711 1662 3441 6426 6127 3114 416 3177 3367 7177 1619 2639 6192 2215 6958 328 5055 5238 3514 1207 2381 7293 6311 4811 595 2489 2476 7299 1680 2082 2798 7391 2595 6238 5168 73 1852 4435 2102 5218 4111 3720 6708 1654 4786 6165 1981 1192 3902 5494 2398 5135 4138 61 2445 4732 1401 3772 3383 1932
5853 6180 674 7299 3770 5841 7372 5621 2775 1973 2190 5737 4544 250 6242 1829 6414 722 3020 1668 5067 4270 5654 1704 4330 6950 5288 5730 3221 22 6513 425 5053 7187 223 1322 5527 94 5794 7154 918 6836 4242 4313 7085 2984 6141 4850 2557 513 6517 6476 3634 3522 7031 6815 2971 3670 5044 6191 3691 4056 6615 1244 2594 6838 1417 621 5783 7211 6626 5553 6546 2219 1217 6130 4054 6210 3479 5463
6722 1348 4438 1707 3721 2820 1021 6692 6490 4916 4234 1532 323 2201 1627 2917 390 3044 2389 5024 1606 1514 3076 651 2584 3145 5632 6638 1854 462 4600 7427 661 389 1633 4382 3208 2653 2425 1049 68 5510 2581 390 210 4207 3306 599 6102 5694 5623 207 6059 50 857 1143 3194 5340 6632 3899 5802 2583 3825 5314 1823 5457 1047 3882 609 3471 4931 7028 1481 11 7418 542 3069 2075 1141 1671
6621 5615 1877 5179 4516 1586 5173 6562 5777 3156 2960 2930 4590 6785 744 6412 4741 1790 2794 4202 4113 224 3729 5593 6586 2498 4986 2154 4573 6126 2676 3693 3092 3405 223 108 4990 4248 5521 2118 7403 980 5048 3345 264 5791 2256 3857 6432 3901 558 3044 2976 3138 7488 2061 5636 4974 3067 2708 2451 4594 5252 5543 498 4326 4502 4339 1073 2522 6457 7328 3501 4004 2024 2617 1146 4279 5325 77
7032 4734 3121 2507 371 1960 3420 6006 6933 5338 65 1884 2431 4168 7426 1781 994 3279 6119 918 5800 5075 7097 652 430 1620 2120 1575 4751 7444 504 4282 4677 2476 5640 5048 4435 411 2405 2720 5748 2470 4603 7031 5489 3380 1311 6482 6658 7429 6252 4957 3856 5848 4460 4285 6320 6580 4712 3570 6523 4067 6703 2552 5394 3694 6451 2328 4105 207 5047 2352 1528 1001 1882 7017 3232 2044 4850 2389
1973 3601 6197 4680 801 3157 316 7120 2236 5027 2041 110 445 1243 1513 5838 4936 463 7018 392 670 3416 1596 2197 4417 3477 565 148 4373 5415 1389 6345 1515 85 3524 2315 2093 3839 786 3180 218 2826 2142 7014 2920 3654 5352 6708 2969 3721 7099 2490 7136 1194 3538 2904 3523 4103 1904 395 2017 3292 5591 2383 2228 466 4698 3173 3156 4335 6352 2225 7161 993 1739 1432 3499 5942 639 5319
2162 6590 308 1797 6635 3845 3553 2657 447 5456 1903 1315 1247 6345 3698 2326 6810 7247 5498 1318 4081 4350 3542 2593 4194 4132 4025 6544 2573 3515 4362 4734 1456 4669 5383 591 7366 1435 2099 6664 6890 4002 479 6988 1698 4176 1813 7360 2774 6163 1177 6854 1864 4718 799 4909 1350 3675 3953 2774 7189 814 6360 7497 4335 4242 587 4200 4528 2685 2215 2769 5538 2693 1108 7236 5720 1772 7095 7345
434 7123 6699 2297 4340 6349 7206 4541 2523 2510 7315 1063 2175 6174 1059 6509 1767 1645 2060 5146 3182 3127 414 1219 5819 1521 7306 2891 2144 5752 2735 2578 5374 785 3726 1066 7133 2283 4458 2155 4792 4272 2070 5819 1797 3128 3679 2415 4773 4591 60 6806 217 6825 6876 6035 7197 6682 277 1841 3785 3012 3270 511 2648 6995 1576 1133 630 6033 2139 4273 1657 4208 2591 2305 7336 6270 4720 3460
3360 3631 2765 3576 2956 992 962 2652 173 1239 3344 2810 3102 6613 3320 4601 4960 4895 5733 5589 2279 372 2361 3935 4579 4952 6240 3266 2573 2311 6725 5932 5941 841 859 1396 1833 1820 2900 857 1910 6243 3666 3863 4208 5837 7316 1667 2083 5548 7255 4362 5919 967 7148 1850 4770 4739 5115 7342 7049 3192 4625 4342 4032 5483 4589 4716 6155 7488 5573 564 5083 590 3279 642 6427 3094 2308 1009
1141 914 4222 5912 732 2722 6613 5502 7460 4227 5343 5861 7418 2468 2702 2802 450 7290 17 6604 6130 4441 6020 2564 5031 650 3205 2809 3743 5512 2669 3735 5277 6891 998 6008 2112 110 4009 923 3189 704 6783 1958 3171 836 4759 2472 626 3628 428 5607 6920 6447 670 4450 7096 3874 6110 2190 737 1279 5924 6013 7021 5774 4520 484 5883 7381 1406 1571 584 7041 2381 2606 6728 7139 5077 6205
2118 4356 4311 1538 2154 4980 4839 1749 1353 3449 2790 941 4727 66 6953 3099 5839 2825 3582 4221 1557 3839 4644 2140 3379 7024 3597 2607 5514 1173 1311 6484 4381 4474 521 6534 1953 4211 7135 2158 159 2424 3098 3737 2489 1403 6835 7179 3079 1768 2752 4635 5607 7395 6774 337 5770 2870 1795 2635 2894 1958 1618 6126 6431 990 5160 7235 5201 4794 744 4211 7217 2694 448 1058 4096 6134 736 7174
402 3487 3160 4860 2233 1285 5196 6854 3006 6991 841 5899 1448 1310 4525 6730 1152 1036 6464 6352 5829 6060 1914 4397 1253 1213 4306 4200 7347 5042 3873 6600 7380 5884 3959 965 7168 506 6670 2673 7496 10 7423 295 172 4447 5876 1323 4334 3692 6526 2662 2251 939 5911 3503 1004 2716 202 7202 257 2926 6301 6489 1309 1611 6305 976 2116 4326 3648 964 3188 3570 1258 3359 6869 7134 4681 3702
0 1 1451
0 2 6795
0 3 2326
0 4 1115
0 5 698
0 6 1755
0 7 35
0 8 1572
0 9 2843
0 10 3981
0 11 6740
0 13 5325
0 14 1894
0 15 6512
0 16 1795
0 18 4321
0 19 4913
0 20 2672
0 23 6973
0 24 4752
0 25 7245
0 26 5168
0 27 6518
0 28 1443
0 29 3344
0 30 3582
0 31 1724
0 32 2225
0 33 5534
0 35 2354
0 36 1296
0 37 16
0 38 3598
0 39 5647
0 40 6987
0 41 7196
0 42 524
0 44 1023
0 45 786
0 46 1259
0 47 1228
0 48 6958
0 49 7087
0 50 6191
0 51 6196
0 52 5913
0 55 1496
0 56 1585
0 57 4123
0 58 2290
0 59 6113
0 60 3812
0 61 3704
0 63 3814
0 64 2932
0 65 7273
0 66 4086
0 67 3925
0 68 2311
0 69 5967
0 71 3053
0 72 6996
0 74 2470
0 75 4292
0 77 6567
0 78 6176
1 2 1528
1 3 383
1 5 155
1 7 3770
1 8 5425
1 9 4929
1 10 3993
1 13 5636
1 15 6958
1 16 3342
1 18 1260
1 19 1075
1 20 6247
1 21 6021
1 22 5914
1 23 5635
1 25 1905
1 26 1953
1 27 710
1 28 1033
1 29 2990
1 30 3837
1 31 4632
1 32 632
1 33 4207
1 34 585
1 35 4106
1 37 5560
1 38 5964
1 40 4098
1 41 1228
1 42 4416
1 44 3977
1 45 4075
1 46 2217
1 47 6014
1 48 4491
1 50 3816
1 51 2002
1 52 6603
1 53 4422
1 54 3018
1 55 5549
1 58 4681
1 61 5717
1 62 3276
1 63 5467
1 64 6012
1 65 3966
1 66 2317
1 67 4471
1 68 1990
1 69 736
1 70 3931
1 71 7029
1 72 1769
1 73 1846
1 74 4927
1 75 5616
1 77 2684
1 78 1600
2 3 7052
2 4 6814
2 5 1841
2 6 5846
2 7 5466
2 8 4135
2 9 6631
2 10 2710
2 11 5216
2 13 5913
2 14 6366
2 15 3375
2 16 2114
2 17 6812
2 18 2741
2 20 6583
2 21 2189
2 22 6947
2 23 4938
2 24 6072
2 25 2465
2 26 7340
2 27 2713
2 29 4152
2 30 6263
2 31 4961
2 32 4011
2 33 7048
2 34 991
2 35 1826
2 36 222
2 37 2999
2 38 6589
2 40 4001
2 43 6157
2 45 221
2 46 3993
2 47 6829
2 49 3142
2 50 454
2 51 2144
2 52 1410
2 53 3304
2 54 3505
2 55 5218
2 56 3183
2 59 1056
2 61 6064
2 62 6840
2 63 458
2 64 2007
2 65 3792
2 66 1780
2 67 6403
2 68 1031
2 69 3608
2 71 4680
2 72 278
2 73 373
2 74 1350
2 75 846
2 76 5911
2 77 6172
2 78 1740
2 79 1169
3 6 6567
3 8 5454
3 9 3784
3 10 3544
3 11 1000
3 13 169
3 14 4671
3 15 21
3 16 4755
3 18 3165
3 19 3651
3 20 5005
3 21 5044
3 22 6917
3 23 6846
3 26 5693
3 27 1486
3 28 6664
3 29 316
3 31 5525
3 32 898
3 33 2331
3 34 5263
3 36 1029
3 37 4044
3 39 1587
3 41 6436
3 42 3065
3 44 1257
3 45 998
3 51 5387
3 52 3590
3 53 5032
3 54 46
3 55 7113
3 56 4856
3 57 4811
3 58 4094
3 59 6510
3 60 6984
3 61 4954
3 62 2182
3 64 2878
3 66 2740
3 67 6168
3 69 1109
3 70 6785
3 71 659
3 73 585
3 74 3821
3 75 6308
3 76 6721
3 77 2295
3 78 6243
4 5 7276
4 8 4301
4 9 4245
4 10 3891
4 11 7402
4 12 5484
4 13 5552
4 14 1015
4 15 5578
4 16 2037
4 18 1303
4 19 2027
4 21 769
4 23 6897
4 24 4899
4 25 4898
4 27 750
4 29 651
4 32 6118
4 33 7203
4 34 1273
4 35 5223
4 36 4112
4 37 2844
4 39 7147
4 41 501
4 42 3120
4 43 4907
4 45 2552
4 47 3918
4 48 3007
4 49 5807
4 51 5509
4 53 3114
4 54 1535
4 55 6761
4 56 4715
4 58 1825
4 59 2230
4 60 5228
4 61 3237
4 63 4640
4 65 1058
4 66 1503
4 67 2638
4 68 7343
4 69 5640
4 70 2612
4 72 1189
4 73 250
4 74 4721
4 75 6579
4 77 4909
4 78 891
4 79 6855
5 6 4137
5 7 1794
5 10 4926
5 11 4126
5 12 738
5 13 252
5 14 640
5 15 3389
5 19 6998
5 20 1176
5 21 4629
5 22 3446
5 23 1642
5 24 5966
5 25 1037
5 26 3162
5 27 6288
5 29 1259
5 30 2073
5 31 6191
5 32 7429
5 33 6191
5 35 538
5 36 2442
5 37 5853
5 38 2853
5 39 252
5 40 6245
5 41 406
5 42 6431
5 43 2964
5 44 6820
5 45 5328
5 46 3697
5 47 852
5 49 2930
5 50 1917
5 51 3341
5 52 6945
5 53 2417
5 54 5610
5 55 4470
5 56 663
5 57 3009
5 59 6576
5 60 5037
5 61 3883
5 62 6908
5 63 1052
5 64 4191
5 67 7437
5 68 1685
5 70 4442
5 71 2705
5 75 350
5 76 7014
5 77 1530
5 78 1904
5 79 1039
6 8 447
6 9 1833
6 10 258
6 11 2745
6 12 7289
6 13 6639
6 17 1831
6 18 1245
6 19 1488
6 20 919
6 21 91
6 23 1994
6 24 4683
6 26 5129
6 27 1830
6 29 1682
6 30 409
6 31 1717
6 32 2963
6 33 1978
6 34 2673
6 35 4617
6 36 6151
6 38 6003
6 41 7147
6 42 5682
6 43 4460
6 44 6679
6 45 6847
6 46 6823
6 47 245
6 48 7345
6 49 1459
6 50 621
6 51 2211
6 52 1946
6 54 7008
6 55 2437
6 56 41
6 57 3159
6 58 469
6 59 6667
6 61 4308
6 62 7302
6 63 105
6 65 7449
6 66 1288
6 67 6809
6 68 1698
6 69 5767
6 70 2174
6 71 1732
6 72 1287
6 73 5750
6 74 3979
6 75 4083
6 76 199
6 77 6304
6 78 1553
6 79 7483
7 8 7467
7 9 6638
7 10 6919
7 12 7468
7 13 3342
7 15 7468
7 16 5229
7 17 5814
7 18 5698
7 19 2195
7 20 4288
7 21 4031
7 22 2272
7 23 3228
7 24 4885
7 26 2874
7 27 6808
7 28 7226
7 29 7265
7 30 2734
7 31 738
7 32 5612
7 34 441
7 35 7381
7 38 2733
7 40 5004
7 41 690
7 42 2576
7 43 5999
7 44 4886
7 45 2177
7 46 3433
7 47 4233
7 49 4970
7 50 6786
7 51 1883
7 52 4851
7 53 1214
7 55 3946
7 58 3470
7 59 5263
7 60 4522
7 61 2846
7 63 5022
7 64 4999
7 66 2516
7 68 6809
7 69 4233
7 70 3704
7 71 658
7 72 3159
7 73 214
7 74 5389
7 76 7176
7 78 3049
7 79 2852
8 9 2455
8 11 6305
8 12 1479
8 13 3379
8 14 6981
8 15 2984
8 16 3560
8 17 181
8 20 42
8 21 1213
8 22 825
8 23 5184
8 24 2788
8 26 6594
8 27 2906
8 29 444
8 30 6355
8 31 6201
8 32 2530
8 33 4211
8 34 3953
8 35 5916
8 36 6566
8 37 5300
8 38 4216
8 40 751
8 41 6860
8 43 5953
8 44 3745
8 47 3225
8 48 5714
8 49 6629
8 50 3608
8 51 4535
8 52 6581
8 53 5996
8 56 3628
8 59 2929
8 61 1103
8 62 5512
8 63 714
8 64 2241
8 66 4182
8 67 6437
8 68 6765
8 69 5500
8 70 6660
8 71 4452
8 72 1578
8 73 301
8 74 4592
8 75 5404
8 76 2905
8 77 1122
8 78 2975
8 79 588
9 10 1368
9 11 125
9 12 2863
9 13 211
9 14 5661
9 16 4820
9 17 581
9 18 3219
9 19 2774
9 22 6327
9 23 4952
9 24 5281
9 25 6763
9 26 3117
9 27 5776
9 28 2501
9 30 6765
9 31 2651
9 32 6301
9 33 2244
9 37 57
9 38 2288
9 40 7466
9 41 4692
9 42 933
9 44 4193
9 45 4244
9 46 1646
9 48 2170
9 49 4586
9 50 1137
9 52 3381
9 53 7013
9 56 4643
9 57 4913
9 58 6297
9 59 426
9 61 146
9 62 4542
9 63 6366
9 64 4628
9 65 2356
9 66 7026
9 67 672
9 69 1973
9 71 1485
9 72 7256
9 75 4818
9 76 3736
9 78 5138
9 79 2141
10 11 1624
10 12 7273
10 13 1101
10 14 43
10 15 1463
10 16 6272
10 17 6366
10 18 2722
10 19 1081
10 20 684
10 21 1104
10 22 5803
10 23 1857
10 26 5971
10 27 6753
10 28 3283
10 29 5282
10 31 5324
10 32 1278
10 33 107
10 34 1377
10 35 4975
10 37 243
10 39 1346
10 40 4127
10 41 7022
10 43 5367
10 44 4553
10 45 2930
10 46 2497
10 47 3569
10 48 4886
10 50 6249
10 51 4693
10 53 1020
10 55 1262
10 56 1524
10 57 7136
10 58 4330
10 59 3664
10 60 4524
10 61 6626
10 63 5812
10 64 1490
10 65 5301
10 66 4488
10 67 3976
10 68 4933
10 69 2118
10 70 3084
10 71 6065
10 72 3397
10 73 3542
10 74 3205
10 75 2914
10 76 6074
10 77 3255
10 78 3840
10 79 2058
11 12 1150
11 13 760
11 14 6450
11 15 5338
11 17 6307
11 18 2121
11 19 7251
11 20 5225
11 21 921
11 22 1830
11 24 5960
11 25 2947
11 26 5315
11 27 3280
11 28 2319
11 29 6081
11 30 1417
11 31 6665
11 32 6617
11 34 302
11 36 6404
11 37 3964
11 38 3825
11 40 5147
11 41 4170
11 42 4919
11 43 1708
11 44 514
11 46 3794
11 47 7304
11 48 2894
11 49 2167
11 51 6579
11 52 1548
11 53 67
11 56 7129
11 59 2394
11 60 21
11 61 3561
11 63 2926
11 65 5572
11 66 4602
11 67 1767
11 68 4300
11 69 4794
11 71 5193
11 72 1560
11 73 4735
11 74 6977
11 75 6515
11 76 49
11 77 1975
11 78 6605
11 79 1580
12 13 4713
12 14 6453
12 15 3478
12 16 4204
12 17 4237
12 18 2044
12 19 1972
12 20 3068
12 21 7085
12 23 6561
12 25 1015
12 26 2448
12 27 4216
12 28 5544
12 29 2434
12 30 3524
12 32 5853
12 33 1896
12 34 4411
12 35 5147
12 36 901
12 37 4147
12 38 2171
12 39 4821
12 40 108
12 41 1097
12 42 5524
12 43 32
12 44 981
12 45 7213
12 46 7053
12 47 6632
12 48 1273
12 52 5006
12 53 857
12 54 3409
12 55 1114
12 56 313
12 57 5668
12 58 2293
12 59 264
12 60 2663
12 61 6211
12 62 5903
12 63 5745
12 64 6782
12 66 6660
12 67 3011
12 69 2273
12 70 6310
12 71 2963
12 72 2594
12 73 7471
12 74 5515
12 75 2244
12 76 6345
12 77 3321
12 78 3598
13 14 694
13 15 2189
13 16 4904
13 17 6703
13 19 5421
13 20 4491
13 21 6072
13 22 4154
13 23 2080
13 25 6446
13 27 4724
13 28 5630
13 30 579
13 31 1100
13 32 6399
13 33 4466
13 35 3669
13 36 508
13 38 3850
13 39 880
13 40 1324
13 41 4733
13 42 525
13 44 2397
13 45 2676
13 46 6650
13 47 7457
13 48 819
13 49 5519
13 50 5694
13 51 4151
13 52 2591
13 53 1154
13 54 7359
13 55 6927
13 56 6000
13 58 2799
13 59 1127
13 60 946
13 62 324
13 63 4934
13 64 5503
13 65 1507
13 66 63
13 67 3045
13 68 6765
13 69 223
13 70 3033
13 74 4742
13 76 6393
13 77 1169
13 78 1128
13 79 5499
14 15 6134
14 16 582
14 17 36
14 18 5361
14 19 6992
14 20 3164
14 21 4243
14 25 3120
14 26 3764
14 27 1570
14 28 4458
14 29 2678
14 31 3578
14 32 884
14 34 317
14 36 1257
14 37 4656
14 38 1667
14 39 3559
14 40 2557
14 41 4535
14 44 7491
14 45 4893
14 46 6078
14 47 4177
14 48 6077
14 49 6057
14 51 3079
14 52 4218
14 53 7385
14 54 5940
14 55 6646
14 56 1895
14 57 167
14 58 7293
14 59 4738
14 62 509
14 63 3788
14 64 910
14 65 3432
14 66 4515
14 67 6535
14 68 373
14 69 229
14 70 732
14 71 4945
14 72 2631
14 73 2635
14 74 6873
14 75 5541
14 76 5542
14 77 672
14 78 5009
15 16 4771
15 17 6837
15 18 3987
15 19 2671
15 20 1452
15 21 2012
15 22 5506
15 23 4357
15 24 1014
15 25 6868
15 26 771
15 27 703
15 28 6188
15 30 4737
15 31 4271
15 32 2608
15 34 6245
15 35 6261
15 37 213
15 39 7125
15 40 3556
15 41 7280
15 42 4231
15 43 6083
15 45 5637
15 46 5980
15 47 7395
15 48 3803
15 49 1561
15 50 408
15 51 4007
15 53 4273
15 54 5715
15 57 4859
15 58 671
15 59 7296
15 61 5878
15 63 4014
15 64 7260
15 66 1827
15 67 1951
15 69 1210
15 71 698
15 72 3674
15 73 5197
15 74 2518
15 75 2845
15 76 261
15 77 5039
15 79 2268
16 18 5133
16 19 3658
16 20 943
16 21 2948
16 22 223
16 23 4103
16 24 5243
16 25 1186
16 26 6998
16 27 6902
16 28 5973
16 29 7258
16 31 3649
16 32 2550
16 33 6863
16 34 1253
16 36 215
16 38 3162
16 39 7163
16 40 659
16 41 5598
16 42 256
16 43 3808
16 45 5822
16 46 5215
16 48 5147
16 49 1997
16 50 5347
16 51 6644
16 52 2729
16 53 5665
16 55 179
16 56 6055
16 57 2256
16 59 6566
16 60 3347
16 62 7464
16 63 5034
16 64 4476
16 65 1676
16 66 6280
16 67 1753
16 69 851
16 71 5367
16 73 5545
16 74 5412
16 75 6018
16 76 2412
16 78 4610
16 79 3133
17 18 5704
17 19 7455
17 20 3802
17 23 2353
17 24 6775
17 25 539
17 26 1537
17 27 2010
17 28 2802
17 29 5157
17 30 5437
17 31 1495
17 32 6808
17 33 29
17 34 2029
17 35 810
17 37 3463
17 38 7495
17 40 831
17 41 4740
17 42 1717
17 43 6127
17 44 4873
17 45 1997
17 46 511
17 47 923
17 48 655
17 49 610
17 50 1523
17 52 2332
17 53 6176
17 54 4789
17 55 2042
17 57 5063
17 58 6073
17 59 2175
17 60 709
17 61 4979
17 62 7279
17 63 342
17 65 7348
17 66 6955
17 69 3500
17 70 4417
17 71 7135
17 72 6048
17 73 365
17 74 5590
17 76 2573
17 77 4227
17 79 1705
18 19 2968
18 20 2882
18 22 1582
18 23 4345
18 25 5289
18 26 4950
18 27 4342
18 28 1613
18 29 5112
18 30 4992
18 31 4594
18 32 5773
18 33 1246
18 34 6221
18 35 2946
18 36 346
18 37 4209
18 38 7408
18 40 7223
18 41 6221
18 42 4126
18 44 1210
18 45 1619
18 46 1071
18 47 873
18 48 4778
18 49 48
18 50 4754
18 51 6676
18 52 6808
18 53 6026
18 54 3609
18 55 1381
18 56 4508
18 58 45
18 59 742
18 60 5892
18 61 393
18 62 906
18 64 5422
18 65 137
18 66 506
18 67 3088
18 69 2396
18 70 2466
18 71 1662
18 72 6144
18 73 4258
18 76 3882
18 79 243
19 20 3540
19 21 7027
19 22 5421
19 24 3389
19 25 2058
19 27 7147
19 28 4953
19 29 4987
19 30 1862
19 31 3019
19 32 533
19 33 6976
19 34 796
19 37 1427
19 38 7389
19 39 3814
19 40 2462
19 41 50
19 42 3039
19 43 3877
19 44 5601
19 46 1939
19 49 1165
19 50 4953
19 51 1308
19 52 2348
19 53 2813
19 55 2095
19 56 2792
19 57 6287
19 58 5741
19 59 1082
19 60 4214
19 61 3963
19 62 3991
19 63 3105
19 64 4471
19 65 3301
19 66 2680
19 68 2250
19 69 523
19 70 7142
19 71 6009
19 72 5154
19 73 5757
19 75 4592
19 76 2787
19 77 6650
19 79 3140
20 21 3279
20 22 1533
20 23 7429
20 24 3686
20 25 4500
20 26 1038
20 27 3497
20 28 6236
20 30 2742
20 31 5905
20 32 5634
20 33 7340
20 34 857
20 35 6520
20 36 7333
20 37 3161
20 38 5113
20 39 2741
20 40 352
20 41 150
20 42 6263
20 44 5794
20 45 844
20 46 3204
20 47 4347
20 48 3102
20 49 6395
20 51 4236
20 52 6934
20 53 5472
20 56 5612
20 57 5087
20 58 6198
20 59 2453
20 60 6964
20 61 2105
20 62 3282
20 63 4278
20 64 3745
20 65 2703
20 66 2227
20 67 6045
20 68 7466
20 69 735
20 70 6924
20 71 6225
20 73 2664
20 75 6752
20 76 2447
20 77 4944
20 78 6140
21 22 2917
21 23 194
21 24 1880
21 25 7328
21 26 6380
21 27 6271
21 28 4728
21 29 2633
21 30 636
21 31 3632
21 32 220
21 33 1402
21 35 116
21 37 6255
21 39 524
21 41 5624
21 42 2797
21 43 7105
21 44 796
21 45 3738
21 46 6638
21 47 1716
21 48 4240
21 49 775
21 50 4169
21 51 7184
21 52 1143
21 54 6249
21 55 7174
21 57 2135
21 58 6815
21 59 6902
21 60 4312
21 61 2498
21 62 5720
21 63 5770
21 64 5463
21 65 1838
21 66 4672
21 67 7264
21 68 3944
21 69 1911
21 70 6007
21 71 1021
21 72 6372
21 74 4539
21 75 6131
21 77 6328
21 78 2002
21 79 2998
22 23 2186
22 24 483
22 26 5155
22 27 5812
22 29 4422
22 30 5524
22 32 6545
22 33 852
22 34 5138
22 35 6842
22 36 5403
22 37 299
22 38 2796
22 39 3410
22 42 3548
22 43 2918
22 44 1491
22 45 7267
22 47 1390
22 48 6281
22 49 2734
22 50 3073
22 51 31
22 52 830
22 53 4068
22 54 2948
22 56 6644
22 57 6336
22 58 3611
22 59 3987
22 60 1289
22 61 5460
22 62 3643
22 63 1297
22 64 94
22 66 3635
22 67 4055
22 69 4884
22 70 674
22 71 613
22 72 2278
22 73 3247
22 74 1338
22 75 2349
22 76 3588
22 77 2153
22 78 3544
22 79 564
23 24 5628
23 27 3144
23 28 2451
23 30 6187
23 31 3580
23 32 1643
23 33 5175
23 34 3331
23 35 440
23 36 7488
23 37 3978
23 38 6769
23 39 4872
23 41 1064
23 43 774
23 45 5925
23 46 2308
23 47 6780
23 48 4909
23 51 7351
23 52 6027
23 53 4521
23 54 4978
23 56 6306
23 57 4974
23 58 3672
23 59 3593
23 60 2269
23 62 64
23 64 2372
23 67 380
23 68 3188
23 69 6903
23 70 2751
23 71 3141
23 72 1870
23 76 6090
23 77 7056
23 78 6797
23 79 7326
24 25 477
24 26 4156
24 27 7465
24 28 1153
24 30 704
24 31 3083
24 35 3120
24 36 2924
24 38 2451
24 39 3762
24 41 172
24 42 4013
24 44 3341
24 45 1825
24 46 5054
24 47 1918
24 48 6661
24 49 2289
24 50 6783
24 51 5780
24 52 3092
24 53 3259
24 54 6359
24 55 2676
24 57 2568
24 58 6518
24 59 492
24 60 2421
24 61 4862
24 63 4017
24 64 5213
24 65 5428
24 67 3562
24 68 1403
24 70 2589
24 71 4255
24 72 5364
24 73 2920
24 74 850
24 76 7430
24 78 2350
25 26 4388
25 27 1715
25 28 2834
25 31 514
25 32 1658
25 33 3931
25 34 3357
25 35 6679
25 37 4961
25 38 879
25 39 2489
25 40 5739
25 41 7163
25 42 881
25 43 2679
25 44 6575
25 45 187
25 46 6345
25 47 3331
25 48 1234
25 49 2809
25 50 7454
25 51 3985
25 53 1445
25 54 6425
25 57 4344
25 58 5412
25 59 2649
25 60 5314
25 61 698
25 62 188
25 63 5382
25 65 3112
25 67 4772
25 68 6304
25 69 2286
25 70 1711
25 71 2799
25 72 1187
25 73 5236
25 74 6293
25 75 7016
25 76 3623
25 78 3173
26 28 600
26 30 3711
26 31 288
26 32 5892
26 33 3499
26 34 355
26 36 2005
26 38 177
26 39 6529
26 40 986
26 41 6762
26 42 2225
26 43 6632
26 44 6388
26 45 5542
26 46 4960
26 47 6722
26 49 3965
26 50 2789
26 51 3544
26 52 4455
26 53 600
26 54 4577
26 56 2398
26 58 1659
26 59 5252
26 60 4310
26 61 6454
26 62 7087
26 63 4143
26 65 742
26 66 6474
26 67 2268
26 68 6327
26 69 5773
26 70 1067
26 71 6654
26 73 1551
26 75 2062
26 76 1487
26 77 913
27 28 2618
27 29 3089
27 30 5728
27 31 1139
27 32 5465
27 34 3143
27 35 3144
27 36 2644
27 37 5522
27 38 1227
27 39 2221
27 40 485
27 42 2612
27 43 1981
27 44 7330
27 45 5762
27 46 6257
27 47 5600
27 48 42
27 50 4913
27 51 2581
27 52 4426
27 54 1299
27 55 5208
27 57 2670
27 58 7265
27 59 1670
27 60 2450
27 61 6830
27 62 1326
27 63 4656
27 66 4208
27 67 3258
27 68 7172
27 71 2413
27 72 3099
27 73 1567
27 74 928
27 76 7045
27 77 1252
27 79 4315
28 30 4492
28 31 413
28 32 3875
28 34 4341
28 36 2864
28 38 5813
28 39 7279
28 40 3217
28 41 1935
28 42 4432
28 44 488
28 45 6788
28 46 5935
28 48 2926
28 50 2936
28 52 7153
28 53 6662
28 54 2469
28 56 7133
28 57 38
28 58 5278
28 60 7125
28 61 3347
28 62 4005
28 63 304
28 64 3400
28 66 5178
28 68 6965
28 69 1
28 70 5576
28 72 545
28 74 6529
28 75 3754
28 76 6480
28 77 5958
28 79 656
29 31 5621
29 34 3090
29 36 6295
29 37 3866
29 38 3481
29 39 2841
29 42 636
29 43 118
29 44 4112
29 45 6021
29 49 3357
29 50 3462
29 52 671
29 53 3812
29 54 5103
29 55 5460
29 56 5075
29 58 416
29 60 1504
29 61 1448
29 64 5866
29 65 5009
29 66 5108
29 67 4424
29 68 6775
29 69 278
29 70 5454
29 71 7128
29 72 4398
29 73 2227
29 74 4231
29 75 1240
29 76 3172
29 77 7290
29 78 2068
29 79 1529
30 31 2237
30 32 1499
30 34 5922
30 35 1625
30 38 7479
30 39 6401
30 40 4718
30 41 1816
30 42 4774
30 43 6781
30 44 718
30 45 3079
30 47 4832
30 49 7068
30 50 3725
30 53 2866
30 55 245
30 56 1854
30 57 3457
30 58 4134
30 59 4407
30 60 2421
30 61 307
30 62 1522
30 63 6493
30 64 1827
30 66 4052
30 69 6857
30 71 1074
30 73 1319
30 76 224
30 77 4868
30 78 1056
31 32 1860
31 34 3381
31 35 1549
31 36 558
31 38 4610
31 39 4395
31 40 3527
31 41 1566
31 43 2418
31 44 4559
31 45 4356
31 47 1723
31 48 3975
31 49 4704
31 50 6315
31 51 566
31 52 6513
31 53 5604
31 54 4224
31 58 2284
31 59 4571
31 60 3139
31 61 1857
31 62 3464
31 63 1535
31 64 435
31 65 1710
31 66 4298
31 67 5717
31 69 3263
31 70 4523
31 71 2861
31 72 635
31 73 1215
31 74 2753
31 75 7062
31 76 7200
31 77 2844
31 78 1365
32 33 6600
32 34 7378
32 36 3027
32 37 5959
32 38 923
32 40 5445
32 41 922
32 42 6628
32 43 6756
32 45 2169
32 46 5131
32 47 5434
32 48 5820
32 50 3806
32 51 573
32 53 7167
32 54 7020
32 55 2849
32 57 910
32 58 3542
32 59 2781
32 61 888
32 63 1908
32 64 2698
32 66 2023
32 67 404
32 69 4005
32 70 6138
32 71 845
32 72 5637
32 73 7048
32 74 573
32 75 2170
32 76 7491
32 77 5635
32 78 4689
32 79 7131
33 35 2328
33 37 3203
33 38 7102
33 39 1680
33 41 6669
33 42 4683
33 43 360
33 44 1767
33 45 1927
33 46 6311
33 47 1065
33 48 1879
33 49 6153
33 50 1609
33 51 6450
33 53 4501
33 54 2751
33 55 2299
33 56 5412
33 57 2451
33 58 3319
33 60 4673
33 61 3487
33 62 10
33 63 1694
33 64 3761
33 65 1904
33 66 4428
33 67 5365
33 68 6301
33 70 4791
33 71 2183
33 72 6275
33 73 5725
33 75 1543
33 77 5067
33 79 3017
34 35 1911
34 36 3615
34 37 5986
34 38 5787
34 39 383
34 40 5142
34 41 2745
34 42 2825
34 43 5406
34 45 4351
34 46 3441
34 47 1031
34 48 706
34 49 4367
34 50 6817
34 51 2229
34 52 3023
34 53 1363
34 54 5037
34 55 275
34 56 769
34 57 1636
34 58 1133
34 60 3545
34 61 3951
34 62 4382
34 63 1767
34 64 6938
34 65 1934
34 66 6031
34 67 1985
34 68 4365
34 69 1623
34 71 4750
34 72 2866
34 73 1692
34 74 7214
34 75 3226
34 76 5221
34 77 2116
34 78 1047
34 79 1372
35 36 6637
35 37 6900
35 38 5469
35 39 7229
35 40 2809
35 42 5918
35 44 1801
35 45 1471
35 46 2508
35 47 5168
35 48 6849
35 50 317
35 51 2297
35 52 1569
35 53 6653
35 54 6662
35 55 5328
35 57 3556
35 59 2259
35 61 6860
35 62 2292
35 63 2975
35 66 736
35 68 1986
35 69 3728
35 71 4148
35 72 3754
35 73 2057
35 74 1834
35 75 2478
35 76 77
35 77 6500
35 78 904
35 79 7039
36 38 2513
36 39 1813
36 40 81
36 41 4389
36 42 3168
36 43 5199
36 44 3616
36 46 122
36 47 2375
36 49 4852
36 50 93
36 51 4046
36 52 79
36 53 3742
36 55 5107
36 56 5164
36 57 403
36 58 2854
36 59 6914
36 60 5370
36 61 5936
36 62 1408
36 65 6863
36 66 7486
36 68 309
36 69 1983
36 71 4577
36 73 2183
36 74 6133
36 75 3236
36 76 3500
36 77 644
36 78 1277
36 79 3108
37 40 3762
37 41 7379
37 42 3203
37 44 2363
37 45 5266
37 46 565
37 47 2965
37 48 3376
37 49 166
37 51 1396
37 52 3792
37 53 3546
37 54 68
37 55 1364
37 56 7170
37 57 2720
37 58 4277
37 59 392
37 60 7136
37 61 5326
37 62 1606
37 63 3053
37 64 2395
37 65 3304
37 66 587
37 67 4142
37 68 5590
37 69 6002
37 70 5693
37 73 2694
37 74 3761
37 75 4005
37 76 5882
37 77 5193
37 78 2580
37 79 2725
38 39 2436
38 40 4686
38 41 591
38 42 643
38 43 7354
38 44 2624
38 45 3241
38 46 4572
38 47 5029
38 48 6482
38 50 1838
38 51 3968
38 52 1985
38 53 4613
38 54 602
38 55 1422
38 56 6282
38 58 4053
38 59 99
38 60 4239
38 61 1114
38 62 2389
38 65 4302
38 66 58
38 67 4605
38 68 4059
38 70 3084
38 71 4172
38 72 5346
38 74 4127
38 77 7317
38 78 2290
38 79 3000
39 41 4240
39 42 6670
39 43 3592
39 44 3066
39 45 6540
39 46 1389
39 47 1656
39 48 1927
39 50 6124
39 52 2751
39 54 2282
39 55 5926
39 57 277
39 58 392
39 59 6115
39 60 6376
39 61 349
39 62 5889
39 63 5911
39 64 3917
39 65 1953
39 66 3598
39 67 3318
39 68 2338
39 69 1155
39 70 7201
39 71 4114
39 73 3242
39 74 2304
39 76 716
39 77 972
39 78 3982
39 79 6804
40 41 4341
40 44 5618
40 45 4310
40 46 332
40 47 5207
40 48 4836
40 49 5891
40 50 5734
40 51 3543
40 52 2605
40 53 5797
40 54 5840
40 55 3236
40 56 3832
40 57 1269
40 59 1430
40 60 431
40 61 2627
40 62 3224
40 63 4776
40 64 5460
40 69 1803
40 70 3710
40 71 2299
40 72 497
40 74 1670
40 75 3008
40 76 2625
40 77 3219
40 78 3456
40 79 2420
41 42 687
41 43 300
41 44 1004
41 45 5052
41 46 5804
41 47 1066
41 48 2366
41 50 748
41 51 3875
41 52 5388
41 54 7177
41 55 7249
41 56 745
41 57 358
41 59 1044
41 60 5381
41 61 4915
41 62 1695
41 63 2721
41 64 4095
41 65 1568
41 66 2131
41 67 3535
41 69 275
41 71 6303
41 72 4059
41 73 4880
41 74 908
41 75 4844
41 76 3306
41 77 4946
41 78 7141
41 79 3749
42 43 5842
42 44 7387
42 45 5363
42 46 7428
42 47 5725
42 48 524
42 49 6621
42 51 3179
42 53 2942
42 54 1168
42 55 6789
42 57 3087
42 58 352
42 59 6646
42 60 5772
42 61 303
42 62 3703
42 64 2804
42 65 6770
42 66 7155
42 67 1504
42 68 1569
42 69 5822
42 70 6217
42 71 1350
42 72 1667
42 73 1092
42 74 2412
42 76 2827
42 77 2048
42 78 3824
42 79 3152
43 44 7405
43 45 6405
43 46 7405
43 48 2806
43 49 2669
43 50 7428
43 51 5820
43 52 5742
43 53 3337
43 55 4600
43 58 7145
43 59 3055
43 60 3960
43 62 2716
43 63 2008
43 64 5212
43 65 7236
43 66 2220
43 67 6848
43 68 1492
43 69 2275
43 70 2857
43 71 5418
43 72 2710
43 73 3568
43 74 3120
43 75 4542
43 76 6886
43 77 1043
43 78 7406
43 79 5751
44 45 56
44 47 2275
44 48 3833
44 49 7085
44 50 5548
44 51 3207
44 52 4735
44 53 4072
44 54 3235
44 55 3829
44 57 1768
44 59 1662
44 60 3455
44 61 5898
44 62 3618
44 63 5557
44 64 828
44 66 412
44 67 4917
44 68 4298
44 70 3964
44 72 6050
44 73 6704
44 75 7323
44 77 1484
44 78 1865
44 79 1299
45 46 16
45 49 3713
45 51 2976
45 53 1556
45 55 3722
45 57 5450
45 59 3505
45 61 3328
45 63 3663
45 64 4420
45 65 1705
45 66 77
45 67 4902
45 68 802
45 69 4373
45 71 3622
45 72 1037
45 73 6757
45 74 1379
45 76 3165
45 77 7316
45 78 1742
46 47 5404
46 49 5465
46 50 4344
46 51 2870
46 52 6932
46 54 2656
46 56 6277
46 57 2185
46 59 2211
46 60 4648
46 61 2672
46 63 1334
46 64 4411
46 65 2707
46 66 688
46 67 1564
46 68 3915
46 70 2198
46 72 4854
46 74 2482
46 75 4098
46 76 6382
46 77 118
46 78 4937
46 79 5443
47 48 2974
47 49 291
47 50 5452
47 51 5064
47 53 1447
47 54 6126
47 55 2437
47 56 5545
47 57 392
47 59 5683
47 60 1734
47 61 566
47 62 5798
47 63 3492
47 64 234
47 65 6485
47 67 3288
47 68 7257
47 69 3493
47 73 1141
47 74 2878
47 76 1687
47 77 3977
47 78 1491
48 50 4542
48 51 4537
48 52 7449
48 53 6118
48 54 4547
48 55 7476
48 57 3469
48 60 544
48 61 2342
48 62 5199
48 63 3960
48 64 3464
48 66 2209
48 67 7491
48 68 2482
48 69 5235
48 70 5733
48 71 6958
48 72 3462
48 73 4786
48 74 1754
48 75 6960
48 76 1040
48 77 7385
48 78 2576
48 79 7272
49 50 1687
49 51 5328
49 52 146
49 54 1480
49 56 2762
49 57 1287
49 59 3600
49 60 2400
49 61 2257
49 62 4594
49 65 7184
49 67 6555
49 68 4576
49 69 4398
49 71 3395
49 72 3188
49 73 3175
49 74 6487
49 75 1909
49 76 4273
49 78 6672
49 79 2818
50 51 5440
50 53 7410
50 54 2303
50 56 673
50 57 7300
50 58 488
50 59 7316
50 60 5327
50 61 5642
50 62 2528
50 63 1506
50 64 1572
50 66 7095
50 67 3667
50 68 4651
50 71 7435
50 73 6494
50 74 7101
50 75 1318
50 76 932
50 77 1407
51 52 4707
51 53 4347
51 54 1138
51 55 2281
51 57 1492
51 59 4995
51 61 7259
51 62 4671
51 63 1067
51 64 4929
51 65 4532
51 68 5275
51 70 3674
51 71 6595
51 72 4727
51 73 4141
51 74 1071
51 76 6723
51 77 3697
51 78 2883
51 79 4584
52 54 5650
52 55 7360
52 56 5502
52 58 1369
52 59 108
52 62 7356
52 63 4498
52 64 6390
52 65 6362
52 66 2707
52 67 1182
52 68 6946
52 70 4029
52 72 2178
52 73 1205
52 74 791
52 76 2159
52 77 7205
52 78 3572
52 79 2776
53 54 2825
53 55 2415
53 56 4632
53 57 7239
53 58 1193
53 59 7365
53 60 6204
53 63 4922
53 64 2400
53 66 5036
53 67 4165
53 68 2114
53 69 1800
53 70 1212
53 71 3265
53 72 240
53 73 4114
53 74 1183
53 75 1444
53 78 3732
53 79 3978
54 55 4563
54 56 6179
54 57 847
54 58 1135
54 60 3248
54 61 1445
54 63 6770
54 64 4140
54 65 6100
54 66 6111
54 68 54
54 69 2183
54 70 7393
54 73 6385
54 74 2350
54 75 5824
54 76 5097
54 77 4560
54 79 6004
55 59 4633
55 60 6637
55 62 5270
55 63 1149
55 65 5605
55 66 6028
55 67 4995
55 68 2868
55 69 1375
55 70 2462
55 71 1081
55 72 6166
55 73 4377
55 74 6057
55 76 3190
55 77 573
55 78 6877
55 79 1950
56 57 7273
56 60 3535
56 61 4943
56 63 3639
56 64 3485
56 65 143
56 66 5621
56 67 1480
56 68 6059
56 69 3497
56 70 2078
56 71 6919
56 72 5210
56 74 4587
56 76 920
56 78 2642
56 79 3644
57 59 4816
57 60 1217
57 61 4336
57 66 4703
57 68 6780
57 69 3495
57 70 5428
57 71 2941
57 73 3252
57 74 3231
57 75 3779
57 76 2093
57 78 5761
57 79 3746
58 61 2391
58 63 121
58 64 7410
58 65 5320
58 66 1340
58 67 5556
58 68 7247
58 69 7196
58 70 558
58 71 300
58 72 2839
58 73 6697
58 74 7004
58 75 1613
58 76 5500
58 77 1668
58 78 423
58 79 173
59 60 7133
59 61 460
59 62 2299
59 63 6474
59 64 3139
59 65 2748
59 66 6799
59 67 531
59 69 6079
59 71 6259
59 72 1923
59 73 1717
59 74 4743
59 75 5377
59 76 1323
59 77 1759
59 78 2538
59 79 5500
60 61 3807
60 62 5384
60 64 4683
60 67 2945
60 68 4527
60 69 1553
60 70 5216
60 71 4415
60 73 5405
60 74 5671
60 75 747
60 76 7360
60 79 2498
61 62 4201
61 63 2254
61 65 2057
61 66 938
61 67 1043
61 68 795
61 69 662
61 70 6110
61 71 6167
61 72 2980
61 73 5036
61 74 3798
61 75 7270
61 76 3211
61 77 930
61 78 681
61 79 2312
62 63 4078
62 64 5666
62 65 721
62 66 683
62 67 7008
62 69 5617
62 70 6190
62 72 1741
62 75 2890
62 76 3970
62 78 4900
62 79 2794
63 65 3859
63 66 1894
63 67 4359
63 68 6437
63 70 5944
63 72 2912
63 73 1693
63 74 1461
63 75 6965
63 76 323
63 78 3144
64 65 6895
64 66 5162
64 69 3800
64 73 6536
64 75 3831
64 76 4181
64 77 1849
64 78 4838
65 66 4303
65 67 6183
65 68 3388
65 69 4165
65 70 1221
65 71 1120
65 72 1525
65 73 828
65 74 1591
65 75 1661
65 77 2838
65 79 7018
66 67 5576
66 71 3042
66 72 1285
66 73 5609
66 75 2715
66 76 2102
66 77 212
66 79 7392
67 68 5768
67 69 1247
67 72 1055
67 74 2457
67 75 5548
67 76 6005
67 77 3090
67 78 786
67 79 6334
68 69 5908
68 70 5932
68 72 4995
68 73 912
68 74 1425
68 77 2129
68 78 4459
68 79 6976
69 71 4097
69 72 4538
69 73 3313
69 75 2950
69 76 7364
69 77 6729
69 78 2981
69 79 3350
70 71 1575
70 72 5361
70 73 7496
70 75 2124
70 76 332
70 77 6936
70 78 6352
70 79 1259
71 72 3837
71 73 2368
71 76 3582
71 77 2416
71 78 50
71 79 6047
72 73 1431
72 74 3590
72 75 1655
72 76 5505
72 77 5375
72 78 5639
72 79 2135
73 74 6046
73 75 5582
73 77 6801
73 79 2489
74 75 2756
74 76 3731
74 77 3612
74 79 3894
75 76 3475
75 77 3294
75 79 5923
76 77 6422
77 78 5106
78 79 3188
