35 80 3160
6279 3042 3683 273 1902 650 5268 3719 1831 2554 5128 5363 1345 1409 4349 3418 5380 6580 2959 1293 3662 7436 4483 4408 1351 2490 5141 5936 1021 2453 2640 7299 4346 6322 6423
6247 6971 4190 2466 154 5595 6445 5516 6940 6705 2364 2857 3436 296 4668 4728 2809 3455 562 6068 4806 1903 3708 2093 2924 5013 4732 2722 710 2405 1645 6957 727 4686 774 880 2781 7218 6396 2220 6422 111 3928 2357 406 1095 5936 2066 4550 6497 634 707 899 3193 2799 2674 705 6382 4248 1415 1286 4744 7223 2012 1929 496 1744 4709 6565 6991 5780 5486 7101 2208 6694 6359 3302 5129 7276 6703
2977 409 7409 2727 3602 2707 5401 3158 1588 2148 3424 1725 6891 1998 3737 171 2493 4332 3732 409 3822 2011 5894 2274 4218 3939 1132 6372 419 908 5574 3395 168 4335 4974 2621 7041 1726 4631 7481 2725 6906 1705 2115 1404 4293 1137 2748 1124 4868 3157 3797 6879 402 6071 2448 4341 7202 1319 4759 6961 5745 7006 5981 2579 4479 1101 971 5056 5731 7303 280 5137 1508 1246 5392 4652 2382 639 5776
7250 2647 924 5480 3049 6994 427 6241 5548 598 3499 3860 5194 1856 2340 6624 5186 3441 94 2741 523 7397 3020 4511 256 4265 1254 4907 6647 745 2034 5248 3391 2958 3227 5291 1303 2505 4031 6850 3102 6382 2062 7147 737 4401 6270 5923 6693 5216 1163 6068 3964 3035 3078 3071 7299 3184 477 5297 3928 1363 3044 7318 3172 6270 5109 3326 127 491 2676 2080 6872 3589 1727 109 489 6848 4883 6034
4563 4897 4601 7378 431 6530 2948 6582 2213 2277 4378 6140 2491 7422 4810 4514 5043 1270 339 5169 1760 1866 7249 1132 5454 1475 92 4795 7174 4974 3328 3089 1222 6780 2966 1653 5809 4766 734 6874 5894 3963 4365 884 3884 1674 5397 279 1795 4587 5447 3555 6453 4047 3538 4406 4373 3629 1700 4047 7454 3879 7135 1175 3158 1452 1679 1467 5069 2412 840 3462 5227 5204 3197 1610 5730 7445 740 24
4532 6187 2430 3484 1585 5967 6741 5958 2095 941 1356 900 4819 7342 2075 477 1293 3753 795 6362 5017 486 1175 2743 5689 4372 3204 2770 4316 3944 2794 199 1482 5223 3682 3066 2542 2923 375 4636 2715 1730 5536 6385 423 6462 6861 1716 2714 6507 6929 6582 6992 603 1824 5181 3826 5028 6802 642 323 947 840 1804 5022 3374 3721 63 5148 4096 3550 362 4677 1585 5598 5100 6898 4959 5667 2112
3965 3947 1193 3457 4549 1869 7489 875 5748 5642 368 6070 6589 59 6725 4110 2284 2945 4172 7431 5892 221 6644 1921 658 4742 5872 55 1052 4038 1018 3868 484 1063 6176 3884 2931 5016 3610 30 3158 3977 6099 2246 2888 5323 5207 5171 7119 1878 3954 5511 950 3097 7431 1607 6690 5802 514 241 1191 1531 4109 526 2593 1636 4409 4375 6652 6871 3256 2309 3347 1854 3406 5086 6028 1112 2757 5647
1841 6710 3657 2790 1158 2439 4397 348 740 4910 6940 1930 5292 2400 2455 6737 4036 5715 2463 2039 5085 5719 4347 7284 72 6604 4869 4952 215 6477 1950 2055 4538 4458 3696 5696 6896 592 4895 6487 4353 3186 7268 2145 5586 2222 233 973 6788 2695 3011 3225 913 6209 3008 7337 5312 6728 4788 4378 5705 6737 6432 1594 3694 2627 6141 1941 2071 3535 927 5275 5573 694 6271 3658 1767 6503 4630 1054
1698 6492 4278 2610 5200 6137 1298 3011 5365 6085 7388 2421 4173 5171 4014 6718 6649 2655 1158 71 5041 936 5346 3113 1629 4116 5622 3395 3119 1603 3301 4816 594 6430 6277 5793 3919 75 1303 1783 5011 42 3055 536 5212 7068 7253 4361 1074 7263 4431 4967 698 1128 6931 1179 5244 3905 3425 862 5507 5577 4529 4953 4507 2157 3245 7277 2231 3400 1559 6094 3441 4613 6629 5 3032 5233 3217 2958
3847 6499 6776 4545 127 6206 5723 5370 2610 499 5083 6969 6076 2111 4421 1934 3119 6517 1710 5350 1268 3268 2795 4709 6732 775 3565 1115 6007 6781 2924 2354 5779 2199 5750 4757 905 2824 2626 2366 3322 6560 686 1897 22 3958 3830 3141 1827 5539 7342 3094 158 2636 6654 5741 3410 2718 6856 768 850 1131 3121 6629 3330 222 2737 3086 3045 5363 4303 6367 3274 4989 763 3296 298 3445 5288 2124
1483 5129 5218 1641 6616 3223 6233 1377 5941 4440 2144 6790 5571 4117 4770 1400 4338 7 4485 7383 4221 1287 6249 7494 5127 5863 2141 4277 1807 6280 6400 3290 3908 2969 3782 1875 6192 1366 3251 3484 5806 5395 2773 3876 863 6395 5275 5200 6401 1111 3934 1973 1249 2682 818 5228 7397 1811 2004 1703 590 7255 3844 3350 2724 6477 5224 267 343 975 3750 6148 5221 6522 2523 4935 4268 6649 2634 2020
259 6568 3992 359 601 4810 5586 497 5472 6441 2200 6061 6196 4895 1910 1419 3872 7134 537 4214 6960 4286 1713 3532 2159 3087 966 6427 2235 3599 946 1345 1518 3790 1703 2119 1099 6141 1467 6570 5081 2518 3982 3776 7413 5892 4046 3784 4377 4582 6849 3836 1367 1061 7367 2378 4147 7184 1304 5233 3282 1101 5429 3652 4890 5983 4622 4840 4623 6088 2761 1056 7458 6743 4831 7370 5134 229 2505 862
4810 1853 4697 5029 1765 3415 7406 4763 3098 61 2495 5231 1161 6775 1382 6051 5257 4855 3390 1232 2295 6151 2287 2252 4245 5969 2121 1878 6197 4625 2739 2359 5329 6287 6239 7093 1053 4996 3207 4150 5056 4553 732 5068 3827 2114 2470 1583 5820 5860 2814 614 3362 5100 2865 106 2421 3837 835 1117 7313 2425 2327 5141 63 1065 3585 1115 6060 6791 5264 2467 3843 5995 35 169 6960 2504 604 5280
7215 3417 4745 1928 7369 110 885 2289 3946 1719 2257 2611 2995 4584 251 3057 4500 2688 4171 1912 1978 786 4378 4673 5633 3264 3693 5092 5768 4296 1723 4334 6565 6468 6262 5285 5429 7146 73 1874 217 1181 4484 3211 4616 3587 5120 1616 6274 642 3527 7103 1428 404 4275 7060 3668 468 3503 787 4763 5226 5120 2679 3045 2733 463 973 1231 6887 1698 1447 568 5034 3509 5183 1120 1128 5650 6245
622 1676 5847 2049 932 2622 1608 3451 1941 5110 4237 5555 1687 708 734 4731 2293 1196 5703 3523 583 7401 4969 2 4934 7329 5184 4905 7309 3334 3649 430 3861 847 2478 4792 3468 2937 742 4260 6898 3830 2315 7437 3390 3048 4667 5682 4243 1722 1704 3677 1622 5524 3678 5407 5352 214 1663 5160 2399 5311 4441 5111 6157 5770 2403 977 1206 1996 5236 6956 4678 50 6892 567 1949 2910 6248 6192
4631 451 1220 5104 5974 3750 1862 2677 3963 3524 337 5213 186 3629 2823 5195 1899 4077 5023 1956 4925 2758 1411 2102 1660 802 2668 2460 2564 1415 3 7194 1865 1223 4798 6690 4972 6659 1866 286 1535 1054 4350 1720 4683 7172 6914 5433 2601 4436 7388 25 6046 1299 2126 6557 952 4793 1516 3515 5059 1519 2061 5775 1593 6858 4964 6564 4868 5681 5701 5254 6735 2550 6974 2769 1073 5239 701 2525
1027 588 2549 5924 738 3526 3832 542 818 5347 2908 5876 5717 4968 4150 6161 3177 465 4076 545 6146 2276 4650 4232 3677 4123 7000 3602 714 6552 6126 592 7139 27 6515 6729 3552 1698 7270 4370 5896 2677 1597 4113 6497 4599 2773 2173 3915 6849 1569 2560 476 6219 6791 3005 1693 5142 6606 2406 4193 5231 1849 2684 5257 7215 1912 1309 1412 533 4530 7308 2061 4978 2772 1057 928 4396 3230 3695
2596 4798 6254 1924 3516 4397 4928 4061 2038 4033 6466 5083 615 7167 266 4724 6881 2177 4884 7145 1561 765 6952 2473 4594 1075 3530 5522 5470 5611 1716 6918 1760 6821 1341 4128 2569 6268 688 4607 1652 6005 2189 2266 5671 1306 6989 3904 2334 3224 3548 3894 3988 1851 6366 1082 2925 1247 5455 7246 5709 7170 6663 7469 5342 6855 2948 411 5622 3635 3869 6125 991 4909 7243 6662 6214 6731 1917 1047
2455 5464 3792 5294 7314 1509 6375 1590 2756 4329 1335 7316 2850 6850 7284 692 6204 1583 7454 3178 5217 3822 1802 6208 1230 1544 4221 6295 7127 6137 7341 933 2952 2484 6226 1617 3992 3953 3206 5599 781 3392 5415 3631 2741 4050 3174 297 5633 3127 2326 2201 6948 2979 908 7029 3375 3980 5823 1853 1468 4515 2785 3271 6998 362 4887 2341 3166 6944 440 3947 1688 4706 6429 3280 1255 2102 3576 6887
5228 4753 1588 3527 232 1347 3055 3606 4179 229 5458 5646 3595 7094 269 1944 6307 5155 4284 1973 3451 3575 5919 3990 780 4847 7269 2035 5800 2197 273 3527 6949 712 5905 7180 911 311 2137 5089 539 94 2086 2985 7187 2354 4928 5994 6361 563 466 1163 4138 5236 5152 4917 1434 3772 5803 7233 5968 4928 2111 4269 5639 515 3948 6549 825 4937 2989 215 5030 5075 3199 3569 6280 6978 914 5140
6392 231 5154 3029 5466 2805 6798 5751 6577 3952 5483 3896 1379 6445 664 7018 5811 4612 4918 6635 900 407 5701 5929 4333 251 849 3112 7228 1762 7104 6119 1992 4757 500 6309 62 6149 3411 5490 2600 245 1885 3979 6689 2549 2348 4999 6012 7265 2985 6911 6523 1185 5339 3355 1435 5040 5319 14 6801 4922 6133 145 2178 5484 5305 2239 4132 1216 6580 6731 1460 965 2061 7001 3513 4408 4499 2024
3025 7484 1434 2047 20 5624 4254 307 3163 2072 320 1316 5845 5304 1460 522 3287 6764 1613 7418 6831 692 5501 7143 1656 61 6643 4020 3321 2493 6043 6345 2476 6328 7243 1348 4452 2848 1654 6466 3771 1973 281 2115 7277 592 2637 1915 6208 3101 685 5538 3792 6185 5180 4300 5097 3174 819 7269 5667 5714 6113 6994 4541 4708 841 344 55 2494 6810 2678 3319 5942 4792 1947 6534 6280 2713 5241
732 3397 2130 3376 933 6162 175 4882 1835 7345 4650 1 5558 2115 6995 1451 6822 335 1794 5728 1681 7455 905 3851 5897 4549 4649 3782 3328 7361 374 4060 2110 2503 7435 3042 1164 6461 6775 1851 5157 3925 1851 3215 6039 1345 3517 4212 532 5310 1291 1064 4117 2196 3766 1365 5596 914 5146 275 7126 5519 3186 1735 6873 1972 3629 537 932 1755 2387 6089 5679 3089 655 3069 3286 4171 6132 2669
832 7423 2584 4948 970 6349 6312 5417 6114 2809 5691 4591 827 1377 5178 6552 3348 1306 7088 4280 1912 826 1720 6443 2766 1226 863 6051 5396 6995 1219 5079 5769 3802 1379 5590 1502 190 3506 6467 1851 1696 3558 1529 1924 1235 580 5272 1392 6519 903 3303 6196 2622 2245 1462 2699 3108 6364 594 1454 6435 5672 6074 1588 5902 4163 3090 6092 6520 2056 6794 715 4465 822 2639 5699 254 6762 5942
6772 164 1745 5468 1637 2841 5781 4335 4800 4644 3780 5105 3578 803 3678 5166 6705 340 7107 4148 5711 1662 3441 6426 6127 3114 416 3177 3367 7177 1619 2639 6192 2215 6958 328 5055 5238 3514 1207 2381 7293 6311 4811 595 2489 2476 7299 1680 2082 2798 7391 2595 6238 5168 73 1852 4435 2102 5218 4111 3720 6708 1654 4786 6165 1981 1192 3902 5494 2398 5135 4138 61 2445 4732 1401 3772 3383 1932
5853 6180 674 7299 3770 5841 7372 5621 2775 1973 2190 5737 4544 250 6242 1829 6414 722 3020 1668 5067 4270 5654 1704 4330 6950 5288 5730 3221 22 6513 425 5053 7187 223 1322 5527 94 5794 7154 918 6836 4242 4313 7085 2984 6141 4850 2557 513 6517 6476 3634 3522 7031 6815 2971 3670 5044 6191 3691 4056 6615 1244 2594 6838 1417 621 5783 7211 6626 5553 6546 2219 1217 6130 4054 6210 3479 5463
6722 1348 4438 1707 3721 2820 1021 6692 6490 4916 4234 1532 323 2201 1627 2917 390 3044 2389 5024 1606 1514 3076 651 2584 3145 5632 6638 1854 462 4600 7427 661 389 1633 4382 3208 2653 2425 1049 68 5510 2581 390 210 4207 3306 599 6102 5694 5623 207 6059 50 857 1143 3194 5340 6632 3899 5802 2583 3825 5314 1823 5457 1047 3882 609 3471 4931 7028 1481 11 7418 542 3069 2075 1141 1671
6621 5615 1877 5179 4516 1586 5173 6562 5777 3156 2960 2930 4590 6785 744 6412 4741 1790 2794 4202 4113 224 3729 5593 6586 2498 4986 2154 4573 6126 2676 3693 3092 3405 223 108 4990 4248 5521 2118 7403 980 5048 3345 264 5791 2256 3857 6432 3901 558 3044 2976 3138 7488 2061 5636 4974 3067 2708 2451 4594 5252 5543 498 4326 4502 4339 1073 2522 6457 7328 3501 4004 2024 2617 1146 4279 5325 77
7032 4734 3121 2507 371 1960 3420 6006 6933 5338 65 1884 2431 4168 7426 1781 994 3279 6119 918 5800 5075 7097 652 430 1620 2120 1575 4751 7444 504 4282 4677 2476 5640 5048 4435 411 2405 2720 5748 2470 4603 7031 5489 3380 1311 6482 6658 7429 6252 4957 3856 5848 4460 4285 6320 6580 4712 3570 6523 4067 6703 2552 5394 3694 6451 2328 4105 207 5047 2352 1528 1001 1882 7017 3232 2044 4850 2389
1973 3601 6197 4680 801 3157 316 7120 2236 5027 2041 110 445 1243 1513 5838 4936 463 7018 392 670 3416 1596 2197 4417 3477 565 148 4373 5415 1389 6345 1515 85 3524 2315 2093 3839 786 3180 218 2826 2142 7014 2920 3654 5352 6708 2969 3721 7099 2490 7136 1194 3538 2904 3523 4103 1904 395 2017 3292 5591 2383 2228 466 4698 3173 3156 4335 6352 2225 7161 993 1739 1432 3499 5942 639 5319
2162 6590 308 1797 6635 3845 3553 2657 447 5456 1903 1315 1247 6345 3698 2326 6810 7247 5498 1318 4081 4350 3542 2593 4194 4132 4025 6544 2573 3515 4362 4734 1456 4669 5383 591 7366 1435 2099 6664 6890 4002 479 6988 1698 4176 1813 7360 2774 6163 1177 6854 1864 4718 799 4909 1350 3675 3953 2774 7189 814 6360 7497 4335 4242 587 4200 4528 2685 2215 2769 5538 2693 1108 7236 5720 1772 7095 7345
434 7123 6699 2297 4340 6349 7206 4541 2523 2510 7315 1063 2175 6174 1059 6509 1767 1645 2060 5146 3182 3127 414 1219 5819 1521 7306 2891 2144 5752 2735 2578 5374 785 3726 1066 7133 2283 4458 2155 4792 4272 2070 5819 1797 3128 3679 2415 4773 4591 60 6806 217 6825 6876 6035 7197 6682 277 1841 3785 3012 3270 511 2648 6995 1576 1133 630 6033 2139 4273 1657 4208 2591 2305 7336 6270 4720 3460
3360 3631 2765 3576 2956 992 962 2652 173 1239 3344 2810 3102 6613 3320 4601 4960 4895 5733 5589 2279 372 2361 3935 4579 4952 6240 3266 2573 2311 6725 5932 5941 841 859 1396 1833 1820 2900 857 1910 6243 3666 3863 4208 5837 7316 1667 2083 5548 7255 4362 5919 967 7148 1850 4770 4739 5115 7342 7049 3192 4625 4342 4032 5483 4589 4716 6155 7488 5573 564 5083 590 3279 642 6427 3094 2308 1009
1141 914 4222 5912 732 2722 6613 5502 7460 4227 5343 5861 7418 2468 2702 2802 450 7290 17 6604 6130 4441 6020 2564 5031 650 3205 2809 3743 5512 2669 3735 5277 6891 998 6008 2112 110 4009 923 3189 704 6783 1958 3171 836 4759 2472 626 3628 428 5607 6920 6447 670 4450 7096 3874 6110 2190 737 1279 5924 6013 7021 5774 4520 484 5883 7381 1406 1571 584 7041 2381 2606 6728 7139 5077 6205
2118 4356 4311 1538 2154 4980 4839 1749 1353 3449 2790 941 4727 66 6953 3099 5839 2825 3582 4221 1557 3839 4644 2140 3379 7024 3597 2607 5514 1173 1311 6484 4381 4474 521 6534 1953 4211 7135 2158 159 2424 3098 3737 2489 1403 6835 7179 3079 1768 2752 4635 5607 7395 6774 337 5770 2870 1795 2635 2894 1958 1618 6126 6431 990 5160 7235 5201 4794 744 4211 7217 2694 448 1058 4096 6134 736 7174
402 3487 3160 4860 2233 1285 5196 6854 3006 6991 841 5899 1448 1310 4525 6730 1152 1036 6464 6352 5829 6060 1914 4397 1253 1213 4306 4200 7347 5042 3873 6600 7380 5884 3959 965 7168 506 6670 2673 7496 10 7423 295 172 4447 5876 1323 4334 3692 6526 2662 2251 939 5911 3503 1004 2716 202 7202 257 2926 6301 6489 1309 1611 6305 976 2116 4326 3648 964 3188 3570 1258 3359 6869 7134 4681 3702
0 1 1923
0 2 7015
0 3 1119
0 4 4127
0 5 1900
0 6 2507
0 7 7123
0 8 7032
0 9 6311
0 10 1118
0 11 438
0 12 2946
0 13 802
0 14 5246
0 15 2478
0 16 901
0 17 4248
0 18 4197
0 19 334
0 20 299
0 21 3698
0 22 26
0 23 4017
0 24 3642
0 25 3056
0 26 2885
0 27 745
0 28 4544
0 29 2669
0 30 3720
0 31 1713
0 32 898
0 33 2739
0 34 2677
0 35 3621
0 36 3008
0 37 3485
0 38 843
0 39 294
0 40 531
0 41 6946
0 42 4546
0 43 1745
0 44 587
0 45 3877
0 46 911
0 47 6630
0 48 1752
0 49 5753
0 50 3791
0 51 5107
0 52 6896
0 53 35
0 54 7443
0 55 2425
0 56 1380
0 57 2740
0 58 912
0 59 13
0 60 5453
0 61 3508
0 62 7181
0 63 7022
0 64 3356
0 65 3564
0 66 3703
0 67 4147
0 68 7465
0 69 2187
0 70 2212
0 71 5584
0 72 4185
0 73 868
0 74 1863
0 75 4297
0 76 3621
0 77 5029
0 78 1792
0 79 1289
1 2 6380
1 3 2496
1 4 4874
1 5 5680
1 6 1027
1 7 2448
1 8 2681
1 9 5682
1 10 6559
1 11 2164
1 12 6281
1 13 736
1 14 4468
1 15 2259
1 16 518
1 17 1610
1 18 899
1 19 1978
1 20 951
1 21 813
1 22 4579
1 23 4068
1 24 1495
1 25 4327
1 26 149
1 27 1474
1 28 3153
1 29 6535
1 30 5676
1 31 4083
1 32 4839
1 33 4441
1 34 1148
1 35 564
1 36 3131
1 37 2928
1 38 2340
1 39 6319
1 40 595
1 41 4387
1 42 7338
1 43 4876
1 44 5772
1 45 1962
1 46 4054
1 47 6696
1 48 1939
1 49 3685
1 50 258
1 51 2889
1 52 4476
1 53 2449
1 54 4162
1 55 3149
1 56 2116
1 57 3202
1 58 3598
1 59 3796
1 60 2191
1 61 2371
1 62 857
1 63 4193
1 64 4054
1 65 4733
1 66 3477
1 67 5403
1 68 4788
1 69 4971
1 70 5675
1 71 3908
1 72 5857
1 73 1095
1 74 5391
1 75 1526
1 76 7203
1 77 4029
1 78 4314
1 79 2205
2 3 7450
2 4 2882
2 5 5910
2 6 1582
2 7 5191
2 8 3498
2 9 4875
2 10 2507
2 11 5867
2 12 4037
2 13 6195
2 14 2689
2 15 811
2 16 5307
2 17 6290
2 18 4843
2 19 5800
2 20 7369
2 21 7359
2 22 6259
2 23 4558
2 24 7266
2 25 1013
2 26 4016
2 27 4725
2 28 1987
2 29 3818
2 30 7019
2 31 1597
2 32 1104
2 33 2539
2 34 4329
2 35 5021
2 36 3900
2 37 2202
2 38 1280
2 39 3765
2 40 44
2 41 1021
2 42 3008
2 43 2314
2 44 6867
2 45 7374
2 46 2111
2 47 1413
2 48 7059
2 49 511
2 50 3642
2 51 5787
2 52 1762
2 53 2698
2 54 6100
2 55 1790
2 56 2591
2 57 405
2 58 7407
2 59 797
2 60 201
2 61 3362
2 62 7343
2 63 4377
2 64 78
2 65 2140
2 66 1770
2 67 3759
2 68 6118
2 69 5424
2 70 3121
2 71 1063
2 72 1375
2 73 2662
2 74 3037
2 75 4611
2 76 2979
2 77 4400
2 78 4098
2 79 1073
3 4 3868
3 5 6745
3 6 2490
3 7 1668
3 8 6014
3 9 3528
3 10 4507
3 11 7346
3 12 6057
3 13 3719
3 14 3668
3 15 3681
3 16 152
3 17 7170
3 18 709
3 19 6128
3 20 2806
3 21 1564
3 22 4931
3 23 4105
3 24 525
3 25 5079
3 26 4722
3 27 2265
3 28 3986
3 29 3722
3 30 5663
3 31 4502
3 32 6834
3 33 267
3 34 3764
3 35 3469
3 36 1971
3 37 2067
3 38 5967
3 39 1697
3 40 4007
3 41 4023
3 42 1902
3 43 2209
3 44 1325
3 45 3743
3 46 4684
3 47 4152
3 48 4914
3 49 1763
3 50 1017
3 51 5450
3 52 467
3 53 1239
3 54 3892
3 55 5425
3 56 7414
3 57 478
3 58 4789
3 59 5406
3 60 7468
3 61 4451
3 62 2392
3 63 5223
3 64 3224
3 65 6187
3 66 3568
3 67 6078
3 68 1856
3 69 1819
3 70 1604
3 71 3849
3 72 6893
3 73 2184
3 74 5863
3 75 1645
3 76 590
3 77 7036
3 78 6049
3 79 490
4 5 4243
4 6 4864
4 7 1016
4 8 2048
4 9 3257
4 10 5174
4 11 2461
4 12 4081
4 13 4699
4 14 4886
4 15 4057
4 16 6595
4 17 3977
4 18 6479
4 19 3388
4 20 2000
4 21 3848
4 22 4496
4 23 2804
4 24 5437
4 25 1761
4 26 7476
4 27 3483
4 28 3777
4 29 1671
4 30 1446
4 31 5396
4 32 577
4 33 5521
4 34 3248
4 35 5375
4 36 6743
4 37 3462
4 38 5436
4 39 485
4 40 2528
4 41 4186
4 42 4169
4 43 5410
4 44 6053
4 45 5663
4 46 3012
4 47 537
4 48 4281
4 49 1995
4 50 6317
4 51 4126
4 52 442
4 53 7001
4 54 5203
4 55 5804
4 56 7433
4 57 437
4 58 361
4 59 2249
4 60 3131
4 61 6410
4 62 2820
4 63 1081
4 64 4354
4 65 5979
4 66 1795
4 67 5285
4 68 395
4 69 4668
4 70 3621
4 71 3532
4 72 4312
4 73 5357
4 74 1166
4 75 2436
4 76 6868
4 77 1789
4 78 5994
4 79 639
5 6 4796
5 7 2574
5 8 574
5 9 6530
5 10 3995
5 11 4269
5 12 5521
5 13 2520
5 14 1972
5 15 3560
5 16 5685
5 17 5137
5 18 5044
5 19 4944
5 20 7498
5 21 2940
5 22 4699
5 23 440
5 24 4723
5 25 3944
5 26 870
5 27 183
5 28 7364
5 29 5278
5 30 782
5 31 2675
5 32 6183
5 33 2870
5 34 6088
5 35 4967
5 36 4747
5 37 1082
5 38 3623
5 39 3773
5 40 7342
5 41 2061
5 42 7279
5 43 4805
5 44 2649
5 45 5532
5 46 3918
5 47 1247
5 48 7369
5 49 4030
5 50 2133
5 51 2245
5 52 7105
5 53 6528
5 54 2551
5 55 2923
5 56 719
5 57 806
5 58 4930
5 59 5343
5 60 7043
5 61 2359
5 62 2932
5 63 3764
5 64 5425
5 65 108
5 66 640
5 67 4640
5 68 3382
5 69 1175
5 70 4170
5 71 6027
5 72 432
5 73 4237
5 74 2646
5 75 4290
5 76 3156
5 77 4500
5 78 456
5 79 240
6 7 1055
6 8 3642
6 9 403
6 10 7141
6 11 1004
6 12 6271
6 13 3764
6 14 265
6 15 1832
6 16 7259
6 17 4283
6 18 5517
6 19 899
6 20 3729
6 21 2130
6 22 4938
6 23 2019
6 24 1433
6 25 7064
6 26 2760
6 27 7092
6 28 3443
6 29 4030
6 30 5253
6 31 7059
6 32 542
6 33 5614
6 34 1483
6 35 6277
6 36 6717
6 37 6883
6 38 1793
6 39 4085
6 40 377
6 41 2001
6 42 1918
6 43 2369
6 44 2650
6 45 6771
6 46 3610
6 47 3116
6 48 374
6 49 1560
6 50 6592
6 51 4771
6 52 93
6 53 1315
6 54 2109
6 55 2813
6 56 6751
6 57 3324
6 58 5257
6 59 4232
6 60 3441
6 61 7160
6 62 1184
6 63 1405
6 64 2856
6 65 1117
6 66 3300
6 67 6608
6 68 243
6 69 2981
6 70 3524
6 71 2539
6 72 810
6 73 2794
6 74 1757
6 75 5325
6 76 1879
6 77 2450
6 78 6611
6 79 2323
7 8 5670
7 9 1618
7 10 677
7 11 2564
7 12 7498
7 13 973
7 14 1541
7 15 6295
7 16 7076
7 17 7268
7 18 6316
7 19 5380
7 20 1428
7 21 1460
7 22 1887
7 23 208
7 24 6072
7 25 376
7 26 1401
7 27 6518
7 28 6187
7 29 4919
7 30 2352
7 31 280
7 32 1856
7 33 2110
7 34 3991
7 35 6569
7 36 5522
7 37 4808
7 38 2014
7 39 6315
7 40 4544
7 41 7333
7 42 980
7 43 6194
7 44 4044
7 45 5096
7 46 5028
7 47 6026
7 48 4275
7 49 6405
7 50 6976
7 51 6183
7 52 3706
7 53 2608
7 54 5060
7 55 5156
7 56 6963
7 57 6899
7 58 2691
7 59 5312
7 60 555
7 61 4481
7 62 7135
7 63 3816
7 64 2494
7 65 3525
7 66 5897
7 67 4670
7 68 3400
7 69 5525
7 70 51
7 71 1914
7 72 7020
7 73 6307
7 74 5755
7 75 296
7 76 5878
7 77 3242
7 78 6634
7 79 7124
8 9 1129
8 10 1300
8 11 3059
8 12 5683
8 13 2301
8 14 6269
8 15 5738
8 16 716
8 17 7198
8 18 6319
8 19 1344
8 20 3113
8 21 2742
8 22 1788
8 23 4763
8 24 1206
8 25 2263
8 26 3120
8 27 5029
8 28 3130
8 29 3860
8 30 1032
8 31 285
8 32 6206
8 33 6472
8 34 4286
8 35 2990
8 36 5240
8 37 5105
8 38 5310
8 39 7290
8 40 5962
8 41 5575
8 42 7372
8 43 1734
8 44 1783
8 45 3752
8 46 4245
8 47 2264
8 48 2869
8 49 6827
8 50 6755
8 51 5905
8 52 5751
8 53 2873
8 54 4727
8 55 278
8 56 3566
8 57 3620
8 58 6658
8 59 5291
8 60 1
8 61 1458
8 62 3281
8 63 6048
8 64 2660
8 65 4655
8 66 5393
8 67 5260
8 68 5419
8 69 6054
8 70 2146
8 71 4685
8 72 1238
8 73 501
8 74 3861
8 75 187
8 76 5036
8 77 607
8 78 3068
8 79 5816
9 10 2231
9 11 6493
9 12 4881
9 13 2618
9 14 3736
9 15 4297
9 16 4058
9 17 2944
9 18 1137
9 19 4542
9 20 586
9 21 211
9 22 4075
9 23 5288
9 24 4026
9 25 4221
9 26 5426
9 27 6378
9 28 6317
9 29 4457
9 30 1518
9 31 6137
9 32 438
9 33 2221
9 34 3876
9 35 4275
9 36 2841
9 37 286
9 38 1857
9 39 4261
9 40 6880
9 41 4637
9 42 3046
9 43 5315
9 44 3861
9 45 2118
9 46 1228
9 47 1156
9 48 1186
9 49 2090
9 50 1490
9 51 6077
9 52 1053
9 53 301
9 54 2139
9 55 1291
9 56 4394
9 57 4027
9 58 7146
9 59 653
9 60 1815
9 61 6588
9 62 1228
9 63 3558
9 64 1323
9 65 5177
9 66 2216
9 67 3699
9 68 1467
9 69 5029
9 70 7412
9 71 2827
9 72 2451
9 73 3095
9 74 6397
9 75 4453
9 76 4222
9 77 2605
9 78 1487
9 79 5566
10 11 2013
10 12 3325
10 13 4699
10 14 5200
10 15 1226
10 16 7474
10 17 6751
10 18 4293
10 19 7356
10 20 1500
10 21 2486
10 22 5815
10 23 844
10 24 2360
10 25 4784
10 26 2843
10 27 2518
10 28 2376
10 29 3394
10 30 3586
10 31 507
10 32 4607
10 33 5211
10 34 6662
10 35 1285
10 36 1522
10 37 6613
10 38 681
10 39 5958
10 40 7490
10 41 2316
10 42 1389
10 43 6703
10 44 2254
10 45 2691
10 46 4918
10 47 749
10 48 1806
10 49 3422
10 50 1229
10 51 1627
10 52 6180
10 53 1437
10 54 5900
10 55 2400
10 56 3134
10 57 6425
10 58 7253
10 59 7139
10 60 5926
10 61 344
10 62 3230
10 63 4218
10 64 5903
10 65 4853
10 66 3696
10 67 1232
10 68 4922
10 69 1736
10 70 1413
10 71 5766
10 72 6554
10 73 420
10 74 520
10 75 7163
10 76 91
10 77 7491
10 78 7450
10 79 7206
11 12 4346
11 13 4334
11 14 2388
11 15 1768
11 16 5936
11 17 7186
11 18 4194
11 19 2097
11 20 1492
11 21 905
11 22 278
11 23 6159
11 24 6925
11 25 2539
11 26 2856
11 27 4077
11 28 5653
11 29 5446
11 30 4178
11 31 4406
11 32 7272
11 33 164
11 34 2042
11 35 7211
11 36 3628
11 37 4396
11 38 6386
11 39 3125
11 40 555
11 41 5183
11 42 5611
11 43 7167
11 44 372
11 45 2008
11 46 1380
11 47 4865
11 48 1855
11 49 5115
11 50 6139
11 51 6281
11 52 3144
11 53 5024
11 54 3933
11 55 6690
11 56 4015
11 57 5601
11 58 3834
11 59 4741
11 60 582
11 61 6457
11 62 2216
11 63 3112
11 64 6552
11 65 6818
11 66 3255
11 67 6309
11 68 6477
11 69 6131
11 70 2183
11 71 5100
11 72 6248
11 73 7175
11 74 6170
11 75 4490
11 76 218
11 77 6415
11 78 6119
11 79 5354
12 13 456
12 14 1713
12 15 1620
12 16 312
12 17 2056
12 18 2357
12 19 1967
12 20 639
12 21 2007
12 22 2147
12 23 2431
12 24 5130
12 25 2583
12 26 2784
12 27 3774
12 28 4075
12 29 5308
12 30 6790
12 31 4011
12 32 6375
12 33 3748
12 34 508
12 35 38
12 36 6427
12 37 6663
12 38 423
12 39 210
12 40 1945
12 41 7300
12 42 1696
12 43 4217
12 44 6653
12 45 2909
12 46 6656
12 47 3247
12 48 4337
12 49 5613
12 50 4059
12 51 3694
12 52 4250
12 53 2911
12 54 2152
12 55 428
12 56 3615
12 57 6528
12 58 1503
12 59 2432
12 60 2972
12 61 3152
12 62 4760
12 63 6509
12 64 4744
12 65 2996
12 66 474
12 67 3140
12 68 7248
12 69 7099
12 70 521
12 71 3699
12 72 5456
12 73 796
12 74 3673
12 75 4168
12 76 1068
12 77 123
12 78 5069
12 79 5126
13 14 1455
13 15 1319
13 16 6161
13 17 5503
13 18 1859
13 19 6659
13 20 2830
13 21 5365
13 22 3286
13 23 5446
13 24 1887
13 25 2658
13 26 784
13 27 6484
13 28 7115
13 29 5868
13 30 3582
13 31 1850
13 32 2995
13 33 7002
13 34 2657
13 35 6083
13 36 6720
13 37 5123
13 38 1459
13 39 6019
13 40 4033
13 41 5151
13 42 2808
13 43 871
13 44 7095
13 45 2344
13 46 4128
13 47 3123
13 48 600
13 49 2179
13 50 6488
13 51 94
13 52 3560
13 53 4768
13 54 7135
13 55 7215
13 56 3313
13 57 5038
13 58 6702
13 59 7395
13 60 3999
13 61 825
13 62 4134
13 63 5452
13 64 5422
13 65 6841
13 66 7244
13 67 320
13 68 3501
13 69 6025
13 70 7224
13 71 4506
13 72 7159
13 73 1656
13 74 6803
13 75 5156
13 76 1491
13 77 1631
13 78 1278
13 79 561
14 15 6064
14 16 2460
14 17 5686
14 18 6814
14 19 5569
14 20 2524
14 21 132
14 22 7180
14 23 6776
14 24 6149
14 25 589
14 26 7083
14 27 7488
14 28 4259
14 29 7146
14 30 6817
14 31 3571
14 32 572
14 33 1111
14 34 1145
14 35 2926
14 36 3323
14 37 2049
14 38 1698
14 39 3188
14 40 6253
14 41 707
14 42 3559
14 43 5899
14 44 811
14 45 3987
14 46 1458
14 47 7107
14 48 664
14 49 766
14 50 6247
14 51 4327
14 52 4452
14 53 5070
14 54 6550
14 55 4199
14 56 2237
14 57 2489
14 58 4451
14 59 4963
14 60 5284
14 61 4240
14 62 357
14 63 6473
14 64 2266
14 65 1679
14 66 1133
14 67 3081
14 68 3732
14 69 1936
14 70 6611
14 71 6936
14 72 1243
14 73 5994
14 74 2811
14 75 2306
14 76 3757
14 77 5038
14 78 594
14 79 3985
15 16 2600
15 17 2722
15 18 3021
15 19 7019
15 20 4156
15 21 885
15 22 5293
15 23 2317
15 24 1096
15 25 3580
15 26 1971
15 27 2204
15 28 1485
15 29 1192
15 30 1455
15 31 2640
15 32 2192
15 33 5490
15 34 2515
15 35 2167
15 36 4167
15 37 6491
15 38 1075
15 39 7345
15 40 6174
15 41 3780
15 42 5864
15 43 5222
15 44 3427
15 45 7129
15 46 4090
15 47 288
15 48 6481
15 49 2844
15 50 989
15 51 5868
15 52 5765
15 53 5965
15 54 2721
15 55 361
15 56 6937
15 57 2037
15 58 1474
15 59 4000
15 60 5024
15 61 2282
15 62 5896
15 63 6745
15 64 6049
15 65 5222
15 66 4801
15 67 4692
15 68 5003
15 69 1257
15 70 318
15 71 469
15 72 3461
15 73 3906
15 74 7467
15 75 2334
15 76 2886
15 77 5454
15 78 4887
15 79 3861
16 17 4489
16 18 2973
16 19 1727
16 20 2559
16 21 1024
16 22 5803
16 23 1987
16 24 6299
16 25 128
16 26 2881
16 27 7165
16 28 5084
16 29 1181
16 30 1535
16 31 5439
16 32 854
16 33 4680
16 34 3068
16 35 1694
16 36 5634
16 37 5996
16 38 1762
16 39 1559
16 40 5929
16 41 967
16 42 632
16 43 5375
16 44 885
16 45 6455
16 46 2825
16 47 6665
16 48 5672
16 49 6356
16 50 2750
16 51 4569
16 52 3266
16 53 2524
16 54 2398
16 55 3290
16 56 3472
16 57 2135
16 58 2591
16 59 21
16 60 4267
16 61 5894
16 62 1072
16 63 2122
16 64 255
16 65 6833
16 66 1526
16 67 443
16 68 4669
16 69 21
16 70 4752
16 71 392
16 72 5269
16 73 2529
16 74 239
16 75 3835
16 76 6727
16 77 1801
16 78 4990
16 79 5892
17 18 2602
17 19 4804
17 20 6829
17 21 6621
17 22 7064
17 23 2415
17 24 154
17 25 2741
17 26 3036
17 27 4634
17 28 5521
17 29 4336
17 30 7251
17 31 2749
17 32 6613
17 33 188
17 34 4068
17 35 4693
17 36 1589
17 37 5097
17 38 658
17 39 4318
17 40 521
17 41 3937
17 42 2530
17 43 3386
17 44 7241
17 45 1852
17 46 4060
17 47 1936
17 48 3444
17 49 4886
17 50 4818
17 51 1111
17 52 3594
17 53 6409
17 54 3922
17 55 2766
17 56 6839
17 57 5702
17 58 5476
17 59 121
17 60 7012
17 61 1263
17 62 4276
17 63 6743
17 64 3025
17 65 6581
17 66 3909
17 67 5599
17 68 4103
17 69 3105
17 70 4288
17 71 2670
17 72 2775
17 73 4345
17 74 161
17 75 2522
17 76 2992
17 77 2095
17 78 5834
17 79 7485
18 19 3168
18 20 551
18 21 5609
18 22 5929
18 23 859
18 24 438
18 25 5106
18 26 123
18 27 1681
18 28 6334
18 29 5487
18 30 365
18 31 3991
18 32 745
18 33 1499
18 34 3681
18 35 4998
18 36 3093
18 37 583
18 38 3020
18 39 758
18 40 4290
18 41 5416
18 42 5096
18 43 5434
18 44 6642
18 45 4136
18 46 3249
18 47 7169
18 48 1801
18 49 2426
18 50 5833
18 51 7415
18 52 733
18 53 650
18 54 5993
18 55 6061
18 56 6123
18 57 3749
18 58 1277
18 59 6498
18 60 3953
18 61 5127
18 62 1462
18 63 2546
18 64 5962
18 65 5298
18 66 3745
18 67 3422
18 68 3412
18 69 7081
18 70 4331
18 71 2389
18 72 7321
18 73 5522
18 74 6670
18 75 366
18 76 5356
18 77 2823
18 78 2787
18 79 6635
19 20 542
19 21 3245
19 22 996
19 23 115
19 24 942
19 25 4015
19 26 4187
19 27 7076
19 28 2744
19 29 3956
19 30 7319
19 31 3887
19 32 1166
19 33 2195
19 34 1132
19 35 2904
19 36 5760
19 37 4810
19 38 4166
19 39 1366
19 40 2322
19 41 1730
19 42 1986
19 43 1868
19 44 4105
19 45 4346
19 46 348
19 47 449
19 48 3996
19 49 4317
19 50 3971
19 51 6799
19 52 4719
19 53 6689
19 54 6736
19 55 4195
19 56 4785
19 57 6917
19 58 4933
19 59 1703
19 60 5959
19 61 4313
19 62 3335
19 63 6671
19 64 6256
19 65 3808
19 66 2058
19 67 2660
19 68 4918
19 69 5864
19 70 2402
19 71 5709
19 72 6187
19 73 5309
19 74 5261
19 75 4008
19 76 2115
19 77 229
19 78 3285
19 79 4131
20 21 589
20 22 3617
20 23 2396
20 24 7125
20 25 6977
20 26 3965
20 27 5751
20 28 416
20 29 5002
20 30 6907
20 31 2939
20 32 4185
20 33 1938
20 34 705
20 35 2663
20 36 4965
20 37 5273
20 38 3600
20 39 5062
20 40 6332
20 41 6417
20 42 6415
20 43 1524
20 44 455
20 45 2758
20 46 640
20 47 2127
20 48 952
20 49 589
20 50 5842
20 51 5343
20 52 4206
20 53 2092
20 54 986
20 55 2381
20 56 4190
20 57 316
20 58 5963
20 59 6490
20 60 865
20 61 5130
20 62 6295
20 63 6327
20 64 1524
20 65 6607
20 66 370
20 67 2024
20 68 6416
20 69 4879
20 70 2619
20 71 6070
20 72 1056
20 73 115
20 74 724
20 75 3639
20 76 7204
20 77 795
20 78 7376
20 79 3448
21 22 4240
21 23 6468
21 24 5855
21 25 1683
21 26 3957
21 27 3522
21 28 4025
21 29 4734
21 30 7328
21 31 2302
21 32 1657
21 33 7343
21 34 7208
21 35 5061
21 36 6610
21 37 6186
21 38 1266
21 39 6810
21 40 4996
21 41 2093
21 42 5258
21 43 6879
21 44 6557
21 45 5713
21 46 6664
21 47 4639
21 48 5307
21 49 1031
21 50 2821
21 51 2301
21 52 5952
21 53 2984
21 54 4990
21 55 4541
21 56 989
21 57 2789
21 58 2451
21 59 6879
21 60 6278
21 61 5595
21 62 4458
21 63 5113
21 64 4917
21 65 6129
21 66 3587
21 67 7372
21 68 7118
21 69 6958
21 70 3999
21 71 5944
21 72 7187
21 73 2585
21 74 3398
21 75 1348
21 76 5907
21 77 5321
21 78 7379
21 79 2831
22 23 6780
22 24 2737
22 25 92
22 26 2607
22 27 4314
22 28 4316
22 29 2618
22 30 5799
22 31 2843
22 32 3293
22 33 1699
22 34 7268
22 35 2934
22 36 672
22 37 5724
22 38 4164
22 39 2664
22 40 5573
22 41 859
22 42 2464
22 43 448
22 44 4835
22 45 7242
22 46 4221
22 47 1721
22 48 177
22 49 3504
22 50 1227
22 51 2735
22 52 6954
22 53 3103
22 54 3665
22 55 1868
22 56 7373
22 57 1269
22 58 6749
22 59 6818
22 60 3632
22 61 6068
22 62 6848
22 63 6716
22 64 2558
22 65 4671
22 66 6861
22 67 3385
22 68 6066
22 69 1282
22 70 3605
22 71 2820
22 72 4726
22 73 4664
22 74 4655
22 75 6908
22 76 7096
22 77 6342
22 78 3467
22 79 4818
23 24 5980
23 25 12
23 26 744
23 27 4153
23 28 87
23 29 392
23 30 6286
23 31 6019
23 32 5002
23 33 4040
23 34 4867
23 35 645
23 36 6627
23 37 1109
23 38 2747
23 39 7469
23 40 5618
23 41 6566
23 42 1081
23 43 4522
23 44 5208
23 45 3710
23 46 4679
23 47 5208
23 48 4262
23 49 2039
23 50 4046
23 51 2645
23 52 7373
23 53 3469
23 54 1031
23 55 2697
23 56 1121
23 57 4360
23 58 1535
23 59 2220
23 60 2850
23 61 2087
23 62 7008
23 63 1060
23 64 6744
23 65 3100
23 66 4634
23 67 4165
23 68 849
23 69 4829
23 70 1274
23 71 7378
23 72 5842
23 73 2299
23 74 3323
23 75 5470
23 76 1798
23 77 5052
23 78 5053
23 79 3926
24 25 6914
24 26 5289
24 27 2973
24 28 6256
24 29 7290
24 30 3404
24 31 1312
24 32 1161
24 33 5223
24 34 7029
24 35 6828
24 36 4920
24 37 2757
24 38 1281
24 39 5139
24 40 1160
24 41 2435
24 42 7450
24 43 7254
24 44 6932
24 45 1141
24 46 5810
24 47 3821
24 48 2105
24 49 2928
24 50 6643
24 51 3186
24 52 1083
24 53 4237
24 54 3954
24 55 5273
24 56 5278
24 57 2913
24 58 3317
24 59 2784
24 60 7413
24 61 2140
24 62 6375
24 63 4043
24 64 5206
24 65 315
24 66 6928
24 67 7261
24 68 7145
24 69 1724
24 70 3576
24 71 63
24 72 6054
24 73 5432
24 74 2197
24 75 2323
24 76 4638
24 77 6682
24 78 1773
24 79 2195
25 26 1545
25 27 1529
25 28 3713
25 29 333
25 30 1842
25 31 5807
25 32 404
25 33 5623
25 34 5400
25 35 7179
25 36 4269
25 37 2204
25 38 5314
25 39 2622
25 40 2312
25 41 3119
25 42 3882
25 43 2531
25 44 3640
25 45 1155
25 46 3770
25 47 2250
25 48 3034
25 49 1982
25 50 2778
25 51 1028
25 52 2513
25 53 6155
25 54 1171
25 55 5116
25 56 2649
25 57 6189
25 58 3085
25 59 5475
25 60 2933
25 61 3556
25 62 4943
25 63 2227
25 64 3881
25 65 6613
25 66 4720
25 67 3907
25 68 1075
25 69 5261
25 70 1542
25 71 4579
25 72 2462
25 73 3219
25 74 3338
25 75 2473
25 76 5526
25 77 3176
25 78 2037
25 79 7500
26 27 7314
26 28 2779
26 29 6751
26 30 3116
26 31 599
26 32 274
26 33 2604
26 34 6329
26 35 6970
26 36 814
26 37 7295
26 38 6781
26 39 666
26 40 5992
26 41 5562
26 42 6323
26 43 3954
26 44 1260
26 45 787
26 46 1233
26 47 2956
26 48 3524
26 49 6357
26 50 828
26 51 954
26 52 7485
26 53 2631
26 54 4920
26 55 573
26 56 3701
26 57 754
26 58 4009
26 59 4125
26 60 6764
26 61 7348
26 62 5147
26 63 854
26 64 7213
26 65 77
26 66 3240
26 67 7385
26 68 1777
26 69 2489
26 70 3514
26 71 1460
26 72 547
26 73 2237
26 74 4624
26 75 27
26 76 1475
26 77 2087
26 78 380
26 79 5494
27 28 353
27 29 5836
27 30 6599
27 31 5669
27 32 7086
27 33 6424
27 34 1422
27 35 1665
27 36 6651
27 37 5374
27 38 466
27 39 5365
27 40 2978
27 41 7413
27 42 6946
27 43 2302
27 44 1180
27 45 1095
27 46 5209
27 47 6357
27 48 6271
27 49 5597
27 50 3366
27 51 1011
27 52 2513
27 53 3995
27 54 1989
27 55 3770
27 56 7014
27 57 823
27 58 6791
27 59 5109
27 60 2613
27 61 5952
27 62 5465
27 63 3966
27 64 1440
27 65 2131
27 66 674
27 67 5025
27 68 7230
27 69 6164
27 70 2230
27 71 5535
27 72 3818
27 73 701
27 74 7185
27 75 2430
27 76 4512
27 77 1469
27 78 4541
27 79 3268
28 29 6348
28 30 988
28 31 6243
28 32 2708
28 33 31
28 34 5393
28 35 1508
28 36 4002
28 37 7489
28 38 7285
28 39 1864
28 40 822
28 41 799
28 42 5407
28 43 6576
28 44 2670
28 45 4276
28 46 3797
28 47 2170
28 48 5546
28 49 5578
28 50 3312
28 51 5717
28 52 2614
28 53 2219
28 54 5378
28 55 3464
28 56 7013
28 57 7340
28 58 2101
28 59 3797
28 60 3191
28 61 7280
28 62 1293
28 63 4842
28 64 1852
28 65 1628
28 66 208
28 67 1532
28 68 4401
28 69 4070
28 70 5536
28 71 6180
28 72 3148
28 73 1318
28 74 4934
28 75 222
28 76 4537
28 77 6462
28 78 7153
28 79 4019
29 30 4426
29 31 5519
29 32 4342
29 33 6305
29 34 2152
29 35 2371
29 36 611
29 37 2938
29 38 5920
29 39 358
29 40 7073
29 41 2829
29 42 5784
29 43 142
29 44 4445
29 45 5792
29 46 10
29 47 4854
29 48 1064
29 49 4444
29 50 4236
29 51 1105
29 52 5567
29 53 7456
29 54 6001
29 55 7340
29 56 6095
29 57 7385
29 58 2162
29 59 18
29 60 1891
29 61 6828
29 62 971
29 63 3955
29 64 4395
29 65 4101
29 66 5416
29 67 3680
29 68 6951
29 69 7468
29 70 1651
29 71 1227
29 72 6531
29 73 2327
29 74 6342
29 75 6650
29 76 652
29 77 335
29 78 6715
29 79 2509
30 31 4039
30 32 2443
30 33 3166
30 34 5435
30 35 7460
30 36 6919
30 37 1765
30 38 7058
30 39 6961
30 40 1987
30 41 3079
30 42 5385
30 43 3669
30 44 3057
30 45 1360
30 46 4196
30 47 2377
30 48 7351
30 49 2963
30 50 5863
30 51 891
30 52 2235
30 53 3630
30 54 2302
30 55 2528
30 56 1391
30 57 3128
30 58 7040
30 59 2698
30 60 7383
30 61 5864
30 62 1954
30 63 919
30 64 3987
30 65 4792
30 66 4506
30 67 6481
30 68 6042
30 69 7383
30 70 5700
30 71 3983
30 72 5720
30 73 4069
30 74 2961
30 75 5559
30 76 2174
30 77 4624
30 78 2366
30 79 4782
31 32 7126
31 33 52
31 34 4312
31 35 2222
31 36 1643
31 37 1399
31 38 3366
31 39 4636
31 40 1546
31 41 5696
31 42 6822
31 43 6201
31 44 5379
31 45 4474
31 46 218
31 47 4300
31 48 385
31 49 2826
31 50 2236
31 51 5252
31 52 6004
31 53 275
31 54 3383
31 55 1158
31 56 4967
31 57 786
31 58 810
31 59 3487
31 60 1663
31 61 2988
31 62 7420
31 63 575
31 64 1843
31 65 3851
31 66 6152
31 67 4511
31 68 7103
31 69 3079
31 70 1047
31 71 5617
31 72 1292
31 73 6857
31 74 5888
31 75 4845
31 76 2155
31 77 7134
31 78 5323
31 79 1229
32 33 1312
32 34 1446
32 35 4384
32 36 2321
32 37 2093
32 38 4675
32 39 987
32 40 6856
32 41 545
32 42 2083
32 43 406
32 44 4186
32 45 6111
32 46 2338
32 47 2878
32 48 2450
32 49 5201
32 50 1856
32 51 1203
32 52 3775
32 53 928
32 54 4137
32 55 2592
32 56 1896
32 57 1055
32 58 7271
32 59 2257
32 60 577
32 61 6626
32 62 3652
32 63 4184
32 64 5045
32 65 1347
32 66 1673
32 67 2428
32 68 4695
32 69 5247
32 70 2973
32 71 3675
32 72 1177
32 73 6550
32 74 2746
32 75 4903
32 76 7377
32 77 5087
32 78 4884
32 79 980
33 34 1359
33 35 7031
33 36 3727
33 37 7329
33 38 4165
33 39 1105
33 40 4265
33 41 2209
33 42 7212
33 43 5240
33 44 268
33 45 5778
33 46 5523
33 47 1376
33 48 3987
33 49 3037
33 50 3534
33 51 7227
33 52 3377
33 53 7033
33 54 3481
33 55 4882
33 56 4268
33 57 4538
33 58 4904
33 59 6436
33 60 3771
33 61 3019
33 62 6929
33 63 1254
33 64 4454
33 65 6463
33 66 4561
33 67 6598
33 68 4595
33 69 6830
33 70 5619
33 71 6024
33 72 357
33 73 6365
33 74 4190
33 75 1783
33 76 1364
33 77 6309
33 78 6899
33 79 1911
34 35 2056
34 36 3190
34 37 4766
34 38 7052
34 39 6122
34 40 140
34 41 7149
34 42 5478
34 43 576
34 44 4117
34 45 6197
34 46 1780
34 47 903
34 48 6056
34 49 5854
34 50 4153
34 51 6544
34 52 7024
34 53 7334
34 54 4521
34 55 2012
34 56 398
34 57 3323
34 58 517
34 59 6772
34 60 6366
34 61 735
34 62 4380
34 63 6437
34 64 790
34 65 1105
34 66 5198
34 67 2489
34 68 3957
34 69 351
34 70 5980
34 71 4489
34 72 2874
34 73 3604
34 74 764
34 75 4578
34 76 7195
34 77 6625
34 78 5801
34 79 5860
35 36 1702
35 37 2884
35 38 5964
35 39 1823
35 40 5397
35 41 1101
35 42 3388
35 43 2753
35 44 3603
35 45 7355
35 46 6934
35 47 2846
35 48 1096
35 49 905
35 50 6383
35 51 4837
35 52 3933
35 53 6335
35 54 3296
35 55 3668
35 56 534
35 57 3920
35 58 1708
35 59 1534
35 60 3231
35 61 1027
35 62 4671
35 63 6996
35 64 3545
35 65 2865
35 66 6017
35 67 715
35 68 5626
35 69 4844
35 70 5409
35 71 317
35 72 3482
35 73 1215
35 74 2260
35 75 702
35 76 2987
35 77 7007
35 78 3303
35 79 3627
36 37 5754
36 38 6978
36 39 5545
36 40 5570
36 41 6092
36 42 2794
36 43 1628
36 44 1295
36 45 7347
36 46 502
36 47 4109
36 48 6448
36 49 1783
36 50 3808
36 51 2660
36 52 3285
36 53 5278
36 54 4035
36 55 1806
36 56 4695
36 57 2721
36 58 3249
36 59 3098
36 60 7162
36 61 4756
36 62 2754
36 63 218
36 64 6162
36 65 6507
36 66 5938
36 67 1256
36 68 1430
36 69 3335
36 70 58
36 71 5272
36 72 3241
36 73 4739
36 74 2544
36 75 1236
36 76 984
36 77 1220
36 78 5058
36 79 4290
37 38 2289
37 39 3892
37 40 3813
37 41 1299
37 42 735
37 43 910
37 44 7477
37 45 4395
37 46 5524
37 47 1058
37 48 7174
37 49 1624
37 50 5987
37 51 2098
37 52 1984
37 53 3818
37 54 1034
37 55 3850
37 56 3060
37 57 291
37 58 7485
37 59 3438
37 60 6232
37 61 2030
37 62 818
37 63 3675
37 64 1935
37 65 6351
37 66 5845
37 67 1668
37 68 6186
37 69 2303
37 70 4547
37 71 2268
37 72 1504
37 73 1604
37 74 1462
37 75 301
37 76 4226
37 77 3301
37 78 1973
37 79 4385
38 39 3624
38 40 2032
38 41 1887
38 42 6351
38 43 6889
38 44 5495
38 45 6157
38 46 1744
38 47 6876
38 48 500
38 49 7241
38 50 1031
38 51 834
38 52 360
38 53 2657
38 54 4418
38 55 5682
38 56 4804
38 57 352
38 58 4696
38 59 3659
38 60 1378
38 61 655
38 62 179
38 63 4173
38 64 868
38 65 6682
38 66 6730
38 67 3932
38 68 525
38 69 2036
38 70 3071
38 71 1595
38 72 4341
38 73 2880
38 74 538
38 75 3077
38 76 6557
38 77 2740
38 78 2613
38 79 5117
39 40 2176
39 41 1933
39 42 2017
39 43 6197
39 44 3803
39 45 5187
39 46 6153
39 47 6099
39 48 6430
39 49 3380
39 50 6868
39 51 234
39 52 1538
39 53 4011
39 54 1237
39 55 5334
39 56 3629
39 57 3669
39 58 4482
39 59 7038
39 60 801
39 61 5362
39 62 1708
39 63 1297
39 64 4290
39 65 6456
39 66 3631
39 67 7284
39 68 7365
39 69 7022
39 70 3126
39 71 3365
39 72 3474
39 73 4899
39 74 7101
39 75 6443
39 76 5715
39 77 6205
39 78 7116
39 79 6910
40 41 3528
40 42 5265
40 43 2757
40 44 2530
40 45 6546
40 46 2574
40 47 5758
40 48 277
40 49 3174
40 50 7390
40 51 6166
40 52 2027
40 53 1988
40 54 3153
40 55 7084
40 56 3211
40 57 6131
40 58 473
40 59 3726
40 60 1712
40 61 5053
40 62 2646
40 63 1575
40 64 3893
40 65 5800
40 66 6375
40 67 317
40 68 196
40 69 484
40 70 1610
40 71 3614
40 72 883
40 73 3498
40 74 2482
40 75 3209
40 76 1347
40 77 7331
40 78 2922
40 79 5766
41 42 3857
41 43 799
41 44 6234
41 45 2484
41 46 1123
41 47 7481
41 48 7090
41 49 5256
41 50 4689
41 51 7031
41 52 7329
41 53 1567
41 54 2351
41 55 4018
41 56 506
41 57 3438
41 58 5200
41 59 5945
41 60 3055
41 61 565
41 62 1598
41 63 4614
41 64 1842
41 65 5715
41 66 1326
41 67 3904
41 68 6835
41 69 1180
41 70 5719
41 71 6957
41 72 5184
41 73 1937
41 74 3685
41 75 4519
41 76 160
41 77 1121
41 78 3332
41 79 7001
42 43 5806
42 44 1907
42 45 1812
42 46 7137
42 47 1484
42 48 2831
42 49 2570
42 50 3629
42 51 1736
42 52 1988
42 53 4798
42 54 3511
42 55 1793
42 56 3270
42 57 1716
42 58 502
42 59 6837
42 60 4857
42 61 5922
42 62 1145
42 63 1865
42 64 5958
42 65 2817
42 66 4687
42 67 5354
42 68 176
42 69 4531
42 70 5312
42 71 7169
42 72 2800
42 73 1555
42 74 6609
42 75 3412
42 76 7242
42 77 7310
42 78 589
42 79 1417
43 44 4960
43 45 6335
43 46 6489
43 47 171
43 48 5691
43 49 1701
43 50 1228
43 51 2287
43 52 1605
43 53 5031
43 54 3583
43 55 4678
43 56 479
43 57 1913
43 58 3864
43 59 5317
43 60 5266
43 61 2320
43 62 6044
43 63 2269
43 64 3747
43 65 5440
43 66 5338
43 67 353
43 68 4066
43 69 6506
43 70 2881
43 71 1175
43 72 4725
43 73 2131
43 74 4120
43 75 115
43 76 1802
43 77 4990
43 78 2628
43 79 2283
44 45 2578
44 46 2700
44 47 6799
44 48 5060
44 49 6138
44 50 1215
44 51 5452
44 52 3730
44 53 3179
44 54 1469
44 55 4658
44 56 534
44 57 2869
44 58 4508
44 59 5280
44 60 3222
44 61 4715
44 62 5976
44 63 324
44 64 6228
44 65 6453
44 66 6832
44 67 34
44 68 4784
44 69 6624
44 70 714
44 71 6687
44 72 444
44 73 6770
44 74 51
44 75 1945
44 76 2611
44 77 545
44 78 2024
44 79 3473
45 46 5034
45 47 4749
45 48 4533
45 49 5129
45 50 5699
45 51 6920
45 52 6884
45 53 6511
45 54 660
45 55 3631
45 56 6886
45 57 1687
45 58 2438
45 59 785
45 60 803
45 61 2917
45 62 5534
45 63 404
45 64 3799
45 65 3234
45 66 1135
45 67 6113
45 68 1258
45 69 6698
45 70 1107
45 71 331
45 72 4958
45 73 1339
45 74 1952
45 75 3209
45 76 5233
45 77 7442
45 78 5141
45 79 4684
46 47 4729
46 48 1140
46 49 3069
46 50 4085
46 51 4875
46 52 5094
46 53 2665
46 54 5325
46 55 6293
46 56 18
46 57 138
46 58 2350
46 59 702
46 60 1136
46 61 1487
46 62 6133
46 63 5087
46 64 3430
46 65 7024
46 66 3832
46 67 1000
46 68 583
46 69 4553
46 70 2638
46 71 3921
46 72 1793
46 73 4732
46 74 1928
46 75 5284
46 76 2627
46 77 233
46 78 4337
46 79 1031
47 48 4825
47 49 5484
47 50 2656
47 51 6637
47 52 350
47 53 496
47 54 4738
47 55 3346
47 56 975
47 57 876
47 58 4862
47 59 3669
47 60 4282
47 61 1247
47 62 6924
47 63 236
47 64 6887
47 65 1960
47 66 1257
47 67 2984
47 68 3636
47 69 2297
47 70 6748
47 71 5108
47 72 5072
47 73 827
47 74 3494
47 75 2421
47 76 6100
47 77 1393
47 78 2499
47 79 7474
48 49 3902
48 50 2780
48 51 3028
48 52 5615
48 53 594
48 54 5241
48 55 4906
48 56 5266
48 57 182
48 58 4909
48 59 791
48 60 2802
48 61 51
48 62 3764
48 63 3525
48 64 3287
48 65 5670
48 66 5083
48 67 3180
48 68 5565
48 69 2461
48 70 1318
48 71 3856
48 72 2342
48 73 2880
48 74 6564
48 75 4783
48 76 764
48 77 4911
48 78 6234
48 79 7116
49 50 7213
49 51 6937
49 52 3039
49 53 5697
49 54 4094
49 55 3259
49 56 6874
49 57 3346
49 58 1354
49 59 6668
49 60 99
49 61 1135
49 62 135
49 63 4240
49 64 3536
49 65 7240
49 66 6845
49 67 5748
49 68 644
49 69 2337
49 70 3452
49 71 1500
49 72 2912
49 73 2243
49 74 1274
49 75 3534
49 76 4212
49 77 7437
49 78 7269
49 79 2065
50 51 6883
50 52 6552
50 53 7332
50 54 7461
50 55 94
50 56 4064
50 57 5595
50 58 4073
50 59 611
50 60 5271
50 61 5429
50 62 7311
50 63 3676
50 64 3041
50 65 3923
50 66 6747
50 67 4613
50 68 7236
50 69 801
50 70 3770
50 71 7197
50 72 995
50 73 3599
50 74 6297
50 75 1586
50 76 2649
50 77 3074
50 78 5709
50 79 2206
51 52 2692
51 53 5206
51 54 5989
51 55 5441
51 56 6761
51 57 3123
51 58 4839
51 59 1067
51 60 6962
51 61 2253
51 62 6578
51 63 28
51 64 7408
51 65 3038
51 66 1202
51 67 6865
51 68 1575
51 69 4683
51 70 5739
51 71 4638
51 72 216
51 73 4584
51 74 1931
51 75 2239
51 76 519
51 77 4853
51 78 4885
51 79 174
52 53 5684
52 54 2907
52 55 7306
52 56 2130
52 57 4544
52 58 6646
52 59 787
52 60 5484
52 61 2894
52 62 3759
52 63 7069
52 64 3919
52 65 7044
52 66 6035
52 67 2706
52 68 1719
52 69 7123
52 70 274
52 71 4600
52 72 6011
52 73 567
52 74 2129
52 75 290
52 76 58
52 77 384
52 78 5711
52 79 17
53 54 6391
53 55 7456
53 56 2840
53 57 2484
53 58 3550
53 59 6888
53 60 6737
53 61 3930
53 62 2186
53 63 1754
53 64 3552
53 65 2131
53 66 4078
53 67 5129
53 68 1317
53 69 2120
53 70 3557
53 71 2835
53 72 3588
53 73 2307
53 74 5128
53 75 1164
53 76 3384
53 77 963
53 78 6145
53 79 1236
54 55 3611
54 56 3509
54 57 4731
54 58 1327
54 59 5134
54 60 3958
54 61 3225
54 62 5290
54 63 3462
54 64 5301
54 65 641
54 66 4306
54 67 1761
54 68 946
54 69 484
54 70 1454
54 71 3250
54 72 3134
54 73 4951
54 74 4230
54 75 4463
54 76 329
54 77 6331
54 78 6999
54 79 4566
55 56 2233
55 57 2614
55 58 6935
55 59 3158
55 60 2484
55 61 6616
55 62 6587
55 63 6602
55 64 2844
55 65 4385
55 66 4339
55 67 6612
55 68 385
55 69 1638
55 70 6585
55 71 2385
55 72 1613
55 73 5559
55 74 7077
55 75 6630
55 76 3709
55 77 4848
55 78 6961
55 79 2719
56 57 6853
56 58 729
56 59 7301
56 60 6062
56 61 2985
56 62 5272
56 63 4106
56 64 7442
56 65 4007
56 66 5617
56 67 5568
56 68 4494
56 69 695
56 70 2275
56 71 4641
56 72 1311
56 73 3448
56 74 4240
56 75 5934
56 76 7489
56 77 704
56 78 1190
56 79 5417
57 58 1878
57 59 6632
57 60 4357
57 61 1296
57 62 4179
57 63 2042
57 64 7348
57 65 2797
57 66 879
57 67 7252
57 68 6048
57 69 5622
57 70 5954
57 71 3796
57 72 2485
57 73 775
57 74 2486
57 75 912
57 76 2308
57 77 7043
57 78 1900
57 79 4290
58 59 5970
58 60 6961
58 61 4682
58 62 2169
58 63 4897
58 64 617
58 65 5467
58 66 1846
58 67 4976
58 68 2517
58 69 229
58 70 5655
58 71 3339
58 72 374
58 73 4485
58 74 4690
58 75 3101
58 76 5
58 77 3362
58 78 1215
58 79 2462
59 60 665
59 61 6243
59 62 6083
59 63 3981
59 64 1382
59 65 3379
59 66 5596
59 67 2437
59 68 3308
59 69 836
59 70 78
59 71 3498
59 72 1922
59 73 1106
59 74 4174
59 75 4967
59 76 1699
59 77 7347
59 78 5130
59 79 1379
60 61 5739
60 62 4899
60 63 2827
60 64 6359
60 65 4459
60 66 4334
60 67 2481
60 68 3469
60 69 4894
60 70 6391
60 71 6993
60 72 5256
60 73 4122
60 74 1471
60 75 6632
60 76 7114
60 77 5310
60 78 5260
60 79 903
61 62 3325
61 63 2663
61 64 1249
61 65 5693
61 66 897
61 67 1791
61 68 2357
61 69 2496
61 70 1325
61 71 4066
61 72 6071
61 73 2200
61 74 5771
61 75 401
61 76 4701
61 77 6499
61 78 5516
61 79 5887
62 63 5655
62 64 3982
62 65 4868
62 66 5190
62 67 4759
62 68 7336
62 69 4505
62 70 6582
62 71 5949
62 72 112
62 73 6493
62 74 5452
62 75 7018
62 76 3070
62 77 4962
62 78 4298
62 79 3238
63 64 7372
63 65 4254
63 66 329
63 67 2950
63 68 6447
63 69 2916
63 70 1881
63 71 4512
63 72 3287
63 73 207
63 74 6049
63 75 4540
63 76 4758
63 77 777
63 78 2821
63 79 6389
64 65 4618
64 66 6605
64 67 3506
64 68 2813
64 69 2007
64 70 5683
64 71 5944
64 72 4731
64 73 3901
64 74 2967
64 75 3514
64 76 1770
64 77 7211
64 78 29
64 79 5411
65 66 4075
65 67 910
65 68 5178
65 69 4084
65 70 4570
65 71 6218
65 72 181
65 73 3149
65 74 5242
65 75 1201
65 76 850
65 77 7066
65 78 3188
65 79 5165
66 67 659
66 68 7336
66 69 3308
66 70 6763
66 71 2864
66 72 1475
66 73 787
66 74 1537
66 75 2557
66 76 4731
66 77 4234
66 78 1007
66 79 848
67 68 6555
67 69 6200
67 70 4954
67 71 4998
67 72 2942
67 73 3237
67 74 1790
67 75 4401
67 76 4885
67 77 1160
67 78 6154
67 79 2457
68 69 4015
68 70 7018
68 71 1978
68 72 3296
68 73 2103
68 74 4102
68 75 6556
68 76 2048
68 77 2404
68 78 1904
68 79 2736
69 70 6309
69 71 3991
69 72 5392
69 73 2536
69 74 3732
69 75 5891
69 76 1774
69 77 1318
69 78 251
69 79 3620
70 71 7032
70 72 4803
70 73 2376
70 74 5715
70 75 1603
70 76 3083
70 77 6274
70 78 5583
70 79 7421
71 72 3366
71 73 4872
71 74 4604
71 75 7327
71 76 1918
71 77 5897
71 78 3280
71 79 5917
72 73 7006
72 74 5493
72 75 3923
72 76 2727
72 77 5210
72 78 4282
72 79 4517
73 74 2761
73 75 5557
73 76 7341
73 77 6777
73 78 6285
73 79 6095
74 75 4435
74 76 2608
74 77 161
74 78 1347
74 79 3890
75 76 2951
75 77 2478
75 78 6967
75 79 2803
76 77 1165
76 78 2069
76 79 5695
77 78 7086
77 79 428
78 79 3869
