35 80 3160
6279 3042 3683 273 1902 650 5268 3719 1831 2554 5128 5363 1345 1409 4349 3418 5380 6580 2959 1293 3662 7436 4483 4408 1351 2490 5141 5936 1021 2453 2640 7299 4346 6322 6423
6247 6971 4190 2466 154 5595 6445 5516 6940 6705 2364 2857 3436 296 4668 4728 2809 3455 562 6068 4806 1903 3708 2093 2924 5013 4732 2722 710 2405 1645 6957 727 4686 774 880 2781 7218 6396 2220 6422 111 3928 2357 406 1095 5936 2066 4550 6497 634 707 899 3193 2799 2674 705 6382 4248 1415 1286 4744 7223 2012 1929 496 1744 4709 6565 6991 5780 5486 7101 2208 6694 6359 3302 5129 7276 6703
2977 409 7409 2727 3602 2707 5401 3158 1588 2148 3424 1725 6891 1998 3737 171 2493 4332 3732 409 3822 2011 5894 2274 4218 3939 1132 6372 419 908 5574 3395 168 4335 4974 2621 7041 1726 4631 7481 2725 6906 1705 2115 1404 4293 1137 2748 1124 4868 3157 3797 6879 402 6071 2448 4341 7202 1319 4759 6961 5745 7006 5981 2579 4479 1101 971 5056 5731 7303 280 5137 1508 1246 5392 4652 2382 639 5776
7250 2647 924 5480 3049 6994 427 6241 5548 598 3499 3860 5194 1856 2340 6624 5186 3441 94 2741 523 7397 3020 4511 256 4265 1254 4907 6647 745 2034 5248 3391 2958 3227 5291 1303 2505 4031 6850 3102 6382 2062 7147 737 4401 6270 5923 6693 5216 1163 6068 3964 3035 3078 3071 7299 3184 477 5297 3928 1363 3044 7318 3172 6270 5109 3326 127 491 2676 2080 6872 3589 1727 109 489 6848 4883 6034
4563 4897 4601 7378 431 6530 2948 6582 2213 2277 4378 6140 2491 7422 4810 4514 5043 1270 339 5169 1760 1866 7249 1132 5454 1475 92 4795 7174 4974 3328 3089 1222 6780 2966 1653 5809 4766 734 6874 5894 3963 4365 884 3884 1674 5397 279 1795 4587 5447 3555 6453 4047 3538 4406 4373 3629 1700 4047 7454 3879 7135 1175 3158 1452 1679 1467 5069 2412 840 3462 5227 5204 3197 1610 5730 7445 740 24
4532 6187 2430 3484 1585 5967 6741 5958 2095 941 1356 900 4819 7342 2075 477 1293 3753 795 6362 5017 486 1175 2743 5689 4372 3204 2770 4316 3944 2794 199 1482 5223 3682 3066 2542 2923 375 4636 2715 1730 5536 6385 423 6462 6861 1716 2714 6507 6929 6582 6992 603 1824 5181 3826 5028 6802 642 323 947 840 1804 5022 3374 3721 63 5148 4096 3550 362 4677 1585 5598 5100 6898 4959 5667 2112
3965 3947 1193 3457 4549 1869 7489 875 5748 5642 368 6070 6589 59 6725 4110 2284 2945 4172 7431 5892 221 6644 1921 658 4742 5872 55 1052 4038 1018 3868 484 1063 6176 3884 2931 5016 3610 30 3158 3977 6099 2246 2888 5323 5207 5171 7119 1878 3954 5511 950 3097 7431 1607 6690 5802 514 241 1191 1531 4109 526 2593 1636 4409 4375 6652 6871 3256 2309 3347 1854 3406 5086 6028 1112 2757 5647
1841 6710 3657 2790 1158 2439 4397 348 740 4910 6940 1930 5292 2400 2455 6737 4036 5715 2463 2039 5085 5719 4347 7284 72 6604 4869 4952 215 6477 1950 2055 4538 4458 3696 5696 6896 592 4895 6487 4353 3186 7268 2145 5586 2222 233 973 6788 2695 3011 3225 913 6209 3008 7337 5312 6728 4788 4378 5705 6737 6432 1594 3694 2627 6141 1941 2071 3535 927 5275 5573 694 6271 3658 1767 6503 4630 1054
1698 6492 4278 2610 5200 6137 1298 3011 5365 6085 7388 2421 4173 5171 4014 6718 6649 2655 1158 71 5041 936 5346 3113 1629 4116 5622 3395 3119 1603 3301 4816 594 6430 6277 5793 3919 75 1303 1783 5011 42 3055 536 5212 7068 7253 4361 1074 7263 4431 4967 698 1128 6931 1179 5244 3905 3425 862 5507 5577 4529 4953 4507 2157 3245 7277 2231 3400 1559 6094 3441 4613 6629 5 3032 5233 3217 2958
3847 6499 6776 4545 127 6206 5723 5370 2610 499 5083 6969 6076 2111 4421 1934 3119 6517 1710 5350 1268 3268 2795 4709 6732 775 3565 1115 6007 6781 2924 2354 5779 2199 5750 4757 905 2824 2626 2366 3322 6560 686 1897 22 3958 3830 3141 1827 5539 7342 3094 158 2636 6654 5741 3410 2718 6856 768 850 1131 3121 6629 3330 222 2737 3086 3045 5363 4303 6367 3274 4989 763 3296 298 3445 5288 2124
1483 5129 5218 1641 6616 3223 6233 1377 5941 4440 2144 6790 5571 4117 4770 1400 4338 7 4485 7383 4221 1287 6249 7494 5127 5863 2141 4277 1807 6280 6400 3290 3908 2969 3782 1875 6192 1366 3251 3484 5806 5395 2773 3876 863 6395 5275 5200 6401 1111 3934 1973 1249 2682 818 5228 7397 1811 2004 1703 590 7255 3844 3350 2724 6477 5224 267 343 975 3750 6148 5221 6522 2523 4935 4268 6649 2634 2020
259 6568 3992 359 601 4810 5586 497 5472 6441 2200 6061 6196 4895 1910 1419 3872 7134 537 4214 6960 4286 1713 3532 2159 3087 966 6427 2235 3599 946 1345 1518 3790 1703 2119 1099 6141 1467 6570 5081 2518 3982 3776 7413 5892 4046 3784 4377 4582 6849 3836 1367 1061 7367 2378 4147 7184 1304 5233 3282 1101 5429 3652 4890 5983 4622 4840 4623 6088 2761 1056 7458 6743 4831 7370 5134 229 2505 862
4810 1853 4697 5029 1765 3415 7406 4763 3098 61 2495 5231 1161 6775 1382 6051 5257 4855 3390 1232 2295 6151 2287 2252 4245 5969 2121 1878 6197 4625 2739 2359 5329 6287 6239 7093 1053 4996 3207 4150 5056 4553 732 5068 3827 2114 2470 1583 5820 5860 2814 614 3362 5100 2865 106 2421 3837 835 1117 7313 2425 2327 5141 63 1065 3585 1115 6060 6791 5264 2467 3843 5995 35 169 6960 2504 604 5280
7215 3417 4745 1928 7369 110 885 2289 3946 1719 2257 2611 2995 4584 251 3057 4500 2688 4171 1912 1978 786 4378 4673 5633 3264 3693 5092 5768 4296 1723 4334 6565 6468 6262 5285 5429 7146 73 1874 217 1181 4484 3211 4616 3587 5120 1616 6274 642 3527 7103 1428 404 4275 7060 3668 468 3503 787 4763 5226 5120 2679 3045 2733 463 973 1231 6887 1698 1447 568 5034 3509 5183 1120 1128 5650 6245
622 1676 5847 2049 932 2622 1608 3451 1941 5110 4237 5555 1687 708 734 4731 2293 1196 5703 3523 583 7401 4969 2 4934 7329 5184 4905 7309 3334 3649 430 3861 847 2478 4792 3468 2937 742 4260 6898 3830 2315 7437 3390 3048 4667 5682 4243 1722 1704 3677 1622 5524 3678 5407 5352 214 1663 5160 2399 5311 4441 5111 6157 5770 2403 977 1206 1996 5236 6956 4678 50 6892 567 1949 2910 6248 6192
4631 451 1220 5104 5974 3750 1862 2677 3963 3524 337 5213 186 3629 2823 5195 1899 4077 5023 1956 4925 2758 1411 2102 1660 802 2668 2460 2564 1415 3 7194 1865 1223 4798 6690 4972 6659 1866 286 1535 1054 4350 1720 4683 7172 6914 5433 2601 4436 7388 25 6046 1299 2126 6557 952 4793 1516 3515 5059 1519 2061 5775 1593 6858 4964 6564 4868 5681 5701 5254 6735 2550 6974 2769 1073 5239 701 2525
1027 588 2549 5924 738 3526 3832 542 818 5347 2908 5876 5717 4968 4150 6161 3177 465 4076 545 6146 2276 4650 4232 3677 4123 7000 3602 714 6552 6126 592 7139 27 6515 6729 3552 1698 7270 4370 5896 2677 1597 4113 6497 4599 2773 2173 3915 6849 1569 2560 476 6219 6791 3005 1693 5142 6606 2406 4193 5231 1849 2684 5257 7215 1912 1309 1412 533 4530 7308 2061 4978 2772 1057 928 4396 3230 3695
2596 4798 6254 1924 3516 4397 4928 4061 2038 4033 6466 5083 615 7167 266 4724 6881 2177 4884 7145 1561 765 6952 2473 4594 1075 3530 5522 5470 5611 1716 6918 1760 6821 1341 4128 2569 6268 688 4607 1652 6005 2189 2266 5671 1306 6989 3904 2334 3224 3548 3894 3988 1851 6366 1082 2925 1247 5455 7246 5709 7170 6663 7469 5342 6855 2948 411 5622 3635 3869 6125 991 4909 7243 6662 6214 6731 1917 1047
2455 5464 3792 5294 7314 1509 6375 1590 2756 4329 1335 7316 2850 6850 7284 692 6204 1583 7454 3178 5217 3822 1802 6208 1230 1544 4221 6295 7127 6137 7341 933 2952 2484 6226 1617 3992 3953 3206 5599 781 3392 5415 3631 2741 4050 3174 297 5633 3127 2326 2201 6948 2979 908 7029 3375 3980 5823 1853 1468 4515 2785 3271 6998 362 4887 2341 3166 6944 440 3947 1688 4706 6429 3280 1255 2102 3576 6887
5228 4753 1588 3527 232 1347 3055 3606 4179 229 5458 5646 3595 7094 269 1944 6307 5155 4284 1973 3451 3575 5919 3990 780 4847 7269 2035 5800 2197 273 3527 6949 712 5905 7180 911 311 2137 5089 539 94 2086 2985 7187 2354 4928 5994 6361 563 466 1163 4138 5236 5152 4917 1434 3772 5803 7233 5968 4928 2111 4269 5639 515 3948 6549 825 4937 2989 215 5030 5075 3199 3569 6280 6978 914 5140
6392 231 5154 3029 5466 2805 6798 5751 6577 3952 5483 3896 1379 6445 664 7018 5811 4612 4918 6635 900 407 5701 5929 4333 251 849 3112 7228 1762 7104 6119 1992 4757 500 6309 62 6149 3411 5490 2600 245 1885 3979 6689 2549 2348 4999 6012 7265 2985 6911 6523 1185 5339 3355 1435 5040 5319 14 6801 4922 6133 145 2178 5484 5305 2239 4132 1216 6580 6731 1460 965 2061 7001 3513 4408 4499 2024
3025 7484 1434 2047 20 5624 4254 307 3163 2072 320 1316 5845 5304 1460 522 3287 6764 1613 7418 6831 692 5501 7143 1656 61 6643 4020 3321 2493 6043 6345 2476 6328 7243 1348 4452 2848 1654 6466 3771 1973 281 2115 7277 592 2637 1915 6208 3101 685 5538 3792 6185 5180 4300 5097 3174 819 7269 5667 5714 6113 6994 4541 4708 841 344 55 2494 6810 2678 3319 5942 4792 1947 6534 6280 2713 5241
732 3397 2130 3376 933 6162 175 4882 1835 7345 4650 1 5558 2115 6995 1451 6822 335 1794 5728 1681 7455 905 3851 5897 4549 4649 3782 3328 7361 374 4060 2110 2503 7435 3042 1164 6461 6775 1851 5157 3925 1851 3215 6039 1345 3517 4212 532 5310 1291 1064 4117 2196 3766 1365 5596 914 5146 275 7126 5519 3186 1735 6873 1972 3629 537 932 1755 2387 6089 5679 3089 655 3069 3286 4171 6132 2669
832 7423 2584 4948 970 6349 6312 5417 6114 2809 5691 4591 827 1377 5178 6552 3348 1306 7088 4280 1912 826 1720 6443 2766 1226 863 6051 5396 6995 1219 5079 5769 3802 1379 5590 1502 190 3506 6467 1851 1696 3558 1529 1924 1235 580 5272 1392 6519 903 3303 6196 2622 2245 1462 2699 3108 6364 594 1454 6435 5672 6074 1588 5902 4163 3090 6092 6520 2056 6794 715 4465 822 2639 5699 254 6762 5942
6772 164 1745 5468 1637 2841 5781 4335 4800 4644 3780 5105 3578 803 3678 5166 6705 340 7107 4148 5711 1662 3441 6426 6127 3114 416 3177 3367 7177 1619 2639 6192 2215 6958 328 5055 5238 3514 1207 2381 7293 6311 4811 595 2489 2476 7299 1680 2082 2798 7391 2595 6238 5168 73 1852 4435 2102 5218 4111 3720 6708 1654 4786 6165 1981 1192 3902 5494 2398 5135 4138 61 2445 4732 1401 3772 3383 1932
5853 6180 674 7299 3770 5841 7372 5621 2775 1973 2190 5737 4544 250 6242 1829 6414 722 3020 1668 5067 4270 5654 1704 4330 6950 5288 5730 3221 22 6513 425 5053 7187 223 1322 5527 94 5794 7154 918 6836 4242 4313 7085 2984 6141 4850 2557 513 6517 6476 3634 3522 7031 6815 2971 3670 5044 6191 3691 4056 6615 1244 2594 6838 1417 621 5783 7211 6626 5553 6546 2219 1217 6130 4054 6210 3479 5463
6722 1348 4438 1707 3721 2820 1021 6692 6490 4916 4234 1532 323 2201 1627 2917 390 3044 2389 5024 1606 1514 3076 651 2584 3145 5632 6638 1854 462 4600 7427 661 389 1633 4382 3208 2653 2425 1049 68 5510 2581 390 210 4207 3306 599 6102 5694 5623 207 6059 50 857 1143 3194 5340 6632 3899 5802 2583 3825 5314 1823 5457 1047 3882 609 3471 4931 7028 1481 11 7418 542 3069 2075 1141 1671
6621 5615 1877 5179 4516 1586 5173 6562 5777 3156 2960 2930 4590 6785 744 6412 4741 1790 2794 4202 4113 224 3729 5593 6586 2498 4986 2154 4573 6126 2676 3693 3092 3405 223 108 4990 4248 5521 2118 7403 980 5048 3345 264 5791 2256 3857 6432 3901 558 3044 2976 3138 7488 2061 5636 4974 3067 2708 2451 4594 5252 5543 498 4326 4502 4339 1073 2522 6457 7328 3501 4004 2024 2617 1146 4279 5325 77
7032 4734 3121 2507 371 1960 3420 6006 6933 5338 65 1884 2431 4168 7426 1781 994 3279 6119 918 5800 5075 7097 652 430 1620 2120 1575 4751 7444 504 4282 4677 2476 5640 5048 4435 411 2405 2720 5748 2470 4603 7031 5489 3380 1311 6482 6658 7429 6252 4957 3856 5848 4460 4285 6320 6580 4712 3570 6523 4067 6703 2552 5394 3694 6451 2328 4105 207 5047 2352 1528 1001 1882 7017 3232 2044 4850 2389
1973 3601 6197 4680 801 3157 316 7120 2236 5027 2041 110 445 1243 1513 5838 4936 463 7018 392 670 3416 1596 2197 4417 3477 565 148 4373 5415 1389 6345 1515 85 3524 2315 2093 3839 786 3180 218 2826 2142 7014 2920 3654 5352 6708 2969 3721 7099 2490 7136 1194 3538 2904 3523 4103 1904 395 2017 3292 5591 2383 2228 466 4698 3173 3156 4335 6352 2225 7161 993 1739 1432 3499 5942 639 5319
2162 6590 308 1797 6635 3845 3553 2657 447 5456 1903 1315 1247 6345 3698 2326 6810 7247 5498 1318 4081 4350 3542 2593 4194 4132 4025 6544 2573 3515 4362 4734 1456 4669 5383 591 7366 1435 2099 6664 6890 4002 479 6988 1698 4176 1813 7360 2774 6163 1177 6854 1864 4718 799 4909 1350 3675 3953 2774 7189 814 6360 7497 4335 4242 587 4200 4528 2685 2215 2769 5538 2693 1108 7236 5720 1772 7095 7345
434 7123 6699 2297 4340 6349 7206 4541 2523 2510 7315 1063 2175 6174 1059 6509 1767 1645 2060 5146 3182 3127 414 1219 5819 1521 7306 2891 2144 5752 2735 2578 5374 785 3726 1066 7133 2283 4458 2155 4792 4272 2070 5819 1797 3128 3679 2415 4773 4591 60 6806 217 6825 6876 6035 7197 6682 277 1841 3785 3012 3270 511 2648 6995 1576 1133 630 6033 2139 4273 1657 4208 2591 2305 7336 6270 4720 3460
3360 3631 2765 3576 2956 992 962 2652 173 1239 3344 2810 3102 6613 3320 4601 4960 4895 5733 5589 2279 372 2361 3935 4579 4952 6240 3266 2573 2311 6725 5932 5941 841 859 1396 1833 1820 2900 857 1910 6243 3666 3863 4208 5837 7316 1667 2083 5548 7255 4362 5919 967 7148 1850 4770 4739 5115 7342 7049 3192 4625 4342 4032 5483 4589 4716 6155 7488 5573 564 5083 590 3279 642 6427 3094 2308 1009
1141 914 4222 5912 732 2722 6613 5502 7460 4227 5343 5861 7418 2468 2702 2802 450 7290 17 6604 6130 4441 6020 2564 5031 650 3205 2809 3743 5512 2669 3735 5277 6891 998 6008 2112 110 4009 923 3189 704 6783 1958 3171 836 4759 2472 626 3628 428 5607 6920 6447 670 4450 7096 3874 6110 2190 737 1279 5924 6013 7021 5774 4520 484 5883 7381 1406 1571 584 7041 2381 2606 6728 7139 5077 6205
2118 4356 4311 1538 2154 4980 4839 1749 1353 3449 2790 941 4727 66 6953 3099 5839 2825 3582 4221 1557 3839 4644 2140 3379 7024 3597 2607 5514 1173 1311 6484 4381 4474 521 6534 1953 4211 7135 2158 159 2424 3098 3737 2489 1403 6835 7179 3079 1768 2752 4635 5607 7395 6774 337 5770 2870 1795 2635 2894 1958 1618 6126 6431 990 5160 7235 5201 4794 744 4211 7217 2694 448 1058 4096 6134 736 7174
402 3487 3160 4860 2233 1285 5196 6854 3006 6991 841 5899 1448 1310 4525 6730 1152 1036 6464 6352 5829 6060 1914 4397 1253 1213 4306 4200 7347 5042 3873 6600 7380 5884 3959 965 7168 506 6670 2673 7496 10 7423 295 172 4447 5876 1323 4334 3692 6526 2662 2251 939 5911 3503 1004 2716 202 7202 257 2926 6301 6489 1309 1611 6305 976 2116 4326 3648 964 3188 3570 1258 3359 6869 7134 4681 3702
0 1 2427
0 2 453
0 3 968
0 4 6493
0 5 6409
0 6 2657
0 7 457
0 8 4380
0 9 6450
0 10 2428
0 11 5298
0 12 2138
0 13 2373
0 14 6112
0 15 7193
0 16 3531
0 17 2560
0 18 1778
0 19 1364
0 20 5415
0 21 1283
0 22 524
0 23 4787
0 24 7428
0 25 2906
0 26 1284
0 27 3081
0 28 5016
0 29 2282
0 30 3877
0 31 290
0 32 650
0 33 1594
0 34 4080
0 35 2049
0 36 2081
0 37 1418
0 38 2774
0 39 5210
0 40 6496
0 41 2760
0 42 170
0 43 2551
0 44 1497
0 45 164
0 46 4511
0 47 2984
0 48 1006
0 49 86
0 50 6385
0 51 4783
0 52 3169
0 53 1272
0 54 2608
0 55 5199
0 56 5948
0 57 734
0 58 4003
0 59 2654
0 60 6968
0 61 1076
0 62 974
0 63 489
0 64 7487
0 65 5915
0 66 412
0 67 5040
0 68 749
0 69 7226
0 70 4144
0 71 3811
0 72 4234
0 73 60
0 74 6679
0 75 3939
0 76 3234
0 77 328
0 78 424
0 79 5037
1 2 243
1 3 4484
1 4 6648
1 5 3086
1 6 834
1 7 956
1 8 234
1 9 6420
1 10 661
1 11 4055
1 12 5748
1 13 3690
1 14 4358
1 15 3391
1 16 3685
1 17 2894
1 18 3230
1 19 3433
1 20 1900
1 21 7477
1 22 680
1 23 5414
1 24 3402
1 25 3084
1 26 1016
1 27 1606
1 28 6483
1 29 7096
1 30 7015
1 31 4677
1 32 2765
1 33 4830
1 34 6300
1 35 6075
1 36 4983
1 37 1136
1 38 4687
1 39 4279
1 40 2233
1 41 3503
1 42 5852
1 43 1364
1 44 606
1 45 4731
1 46 1649
1 47 7375
1 48 7181
1 49 611
1 50 3170
1 51 5531
1 52 2940
1 53 2870
1 54 3418
1 55 7066
1 56 4714
1 57 250
1 58 5879
1 59 5603
1 60 276
1 61 4308
1 62 2444
1 63 5189
1 64 6590
1 65 6956
1 66 2688
1 67 616
1 68 1855
1 69 3457
1 70 837
1 71 2273
1 72 3794
1 73 7466
1 74 691
1 75 6360
1 76 7253
1 77 1742
1 78 6200
1 79 3172
2 3 2933
2 4 5253
2 5 6464
2 6 2599
2 7 7056
2 8 4941
2 9 6781
2 10 4793
2 11 6291
2 12 2949
2 13 531
2 14 6799
2 15 3826
2 16 183
2 17 5674
2 18 5519
2 19 4832
2 20 5578
2 21 490
2 22 2316
2 23 4435
2 24 5641
2 25 4672
2 26 4492
2 27 5395
2 28 648
2 29 1748
2 30 5060
2 31 6190
2 32 6951
2 33 6299
2 34 4320
2 35 7091
2 36 5128
2 37 778
2 38 6476
2 39 6050
2 40 6631
2 41 6401
2 42 3239
2 43 2414
2 44 424
2 45 2684
2 46 1087
2 47 928
2 48 4587
2 49 4357
2 50 2207
2 51 1507
2 52 2878
2 53 6128
2 54 4052
2 55 4173
2 56 4453
2 57 4507
2 58 5071
2 59 2929
2 60 2434
2 61 2328
2 62 5836
2 63 1760
2 64 2980
2 65 2032
2 66 1414
2 67 3871
2 68 3526
2 69 3847
2 70 4878
2 71 2110
2 72 2443
2 73 874
2 74 4888
2 75 4359
2 76 766
2 77 2192
2 78 1293
2 79 7227
3 4 1418
3 5 810
3 6 4147
3 7 3677
3 8 4882
3 9 6600
3 10 6894
3 11 1794
3 12 325
3 13 5906
3 14 5320
3 15 3885
3 16 802
3 17 2890
3 18 231
3 19 4071
3 20 3225
3 21 1035
3 22 7264
3 23 6395
3 24 3586
3 25 4609
3 26 6703
3 27 1372
3 28 6772
3 29 2442
3 30 1392
3 31 880
3 32 2606
3 33 1992
3 34 6384
3 35 2187
3 36 2293
3 37 830
3 38 6784
3 39 4406
3 40 4070
3 41 2404
3 42 5619
3 43 502
3 44 1255
3 45 832
3 46 6973
3 47 2544
3 48 5479
3 49 2617
3 50 800
3 51 4173
3 52 6876
3 53 2852
3 54 3578
3 55 6731
3 56 6474
3 57 2270
3 58 3113
3 59 1981
3 60 4566
3 61 5866
3 62 3375
3 63 3819
3 64 4295
3 65 3419
3 66 2589
3 67 5889
3 68 3946
3 69 6974
3 70 7349
3 71 6522
3 72 5543
3 73 2266
3 74 2914
3 75 5522
3 76 4763
3 77 2868
3 78 3647
3 79 7194
4 5 4472
4 6 3238
4 7 3204
4 8 376
4 9 1719
4 10 6023
4 11 3757
4 12 5593
4 13 6335
4 14 2954
4 15 2309
4 16 578
4 17 2566
4 18 5411
4 19 334
4 20 3209
4 21 7069
4 22 2068
4 23 6924
4 24 124
4 25 1144
4 26 6765
4 27 2542
4 28 6699
4 29 2919
4 30 1975
4 31 7182
4 32 2501
4 33 2552
4 34 6163
4 35 3220
4 36 5393
4 37 7168
4 38 3263
4 39 1255
4 40 5437
4 41 883
4 42 7297
4 43 910
4 44 3651
4 45 6350
4 46 6759
4 47 4732
4 48 7130
4 49 6226
4 50 1519
4 51 5366
4 52 2436
4 53 4575
4 54 2977
4 55 1583
4 56 726
4 57 3318
4 58 4741
4 59 4721
4 60 6906
4 61 4220
4 62 953
4 63 5627
4 64 1234
4 65 4078
4 66 5149
4 67 6219
4 68 6977
4 69 4634
4 70 473
4 71 1069
4 72 6385
4 73 6924
4 74 7464
4 75 3369
4 76 6565
4 77 3237
4 78 1539
4 79 6952
5 6 3419
5 7 2081
5 8 4324
5 9 6354
5 10 2944
5 11 3956
5 12 1055
5 13 3466
5 14 7114
5 15 2416
5 16 4736
5 17 4151
5 18 5872
5 19 2669
5 20 6454
5 21 386
5 22 4501
5 23 1142
5 24 2117
5 25 2828
5 26 2334
5 27 975
5 28 2011
5 29 1030
5 30 3884
5 31 6406
5 32 581
5 33 3771
5 34 646
5 35 2918
5 36 6263
5 37 7174
5 38 3473
5 39 2290
5 40 6014
5 41 3148
5 42 2104
5 43 1938
5 44 5118
5 45 3442
5 46 4116
5 47 1472
5 48 4254
5 49 1352
5 50 1884
5 51 3350
5 52 6424
5 53 2760
5 54 1542
5 55 6836
5 56 1518
5 57 6105
5 58 3160
5 59 6587
5 60 1213
5 61 1130
5 62 3727
5 63 1376
5 64 6694
5 65 5379
5 66 4700
5 67 575
5 68 1956
5 69 4870
5 70 7235
5 71 1256
5 72 4391
5 73 4873
5 74 6754
5 75 827
5 76 5339
5 77 4645
5 78 2260
5 79 2044
6 7 6452
6 8 234
6 9 5207
6 10 6126
6 11 2993
6 12 862
6 13 6552
6 14 3980
6 15 829
6 16 2344
6 17 4163
6 18 547
6 19 2830
6 20 2417
6 21 1415
6 22 5394
6 23 2086
6 24 2869
6 25 5286
6 26 4657
6 27 3840
6 28 2358
6 29 6487
6 30 4037
6 31 6540
6 32 6248
6 33 902
6 34 2906
6 35 2189
6 36 173
6 37 2282
6 38 2821
6 39 1397
6 40 1863
6 41 7182
6 42 5164
6 43 3389
6 44 4116
6 45 4061
6 46 1042
6 47 5883
6 48 4006
6 49 5435
6 50 1868
6 51 4733
6 52 2578
6 53 5309
6 54 1585
6 55 3586
6 56 2443
6 57 1317
6 58 4491
6 59 5331
6 60 5933
6 61 609
6 62 3843
6 63 6763
6 64 4628
6 65 7260
6 66 2524
6 67 5090
6 68 1710
6 69 1850
6 70 7307
6 71 4444
6 72 6405
6 73 58
6 74 1817
6 75 3353
6 76 7279
6 77 6075
6 78 657
6 79 2821
7 8 238
7 9 834
7 10 4776
7 11 6714
7 12 172
7 13 7482
7 14 4202
7 15 7430
7 16 388
7 17 3058
7 18 5375
7 19 157
7 20 575
7 21 126
7 22 2920
7 23 4218
7 24 3230
7 25 4770
7 26 3473
7 27 5841
7 28 1603
7 29 1326
7 30 1598
7 31 6614
7 32 1243
7 33 1893
7 34 6285
7 35 1974
7 36 5984
7 37 6942
7 38 2748
7 39 2264
7 40 1210
7 41 6481
7 42 1220
7 43 7178
7 44 1994
7 45 6330
7 46 1111
7 47 4428
7 48 5318
7 49 6673
7 50 6073
7 51 3460
7 52 2096
7 53 4811
7 54 5412
7 55 2172
7 56 4311
7 57 2654
7 58 4825
7 59 7204
7 60 7391
7 61 1761
7 62 1679
7 63 1057
7 64 1564
7 65 3597
7 66 227
7 67 3544
7 68 161
7 69 4869
7 70 5632
7 71 2396
7 72 5897
7 73 6824
7 74 3937
7 75 1391
7 76 2763
7 77 3679
7 78 7043
7 79 2789
8 9 4963
8 10 94
8 11 3645
8 12 6363
8 13 2195
8 14 7081
8 15 975
8 16 472
8 17 5878
8 18 1444
8 19 4025
8 20 4992
8 21 4837
8 22 2580
8 23 5904
8 24 4337
8 25 1956
8 26 7407
8 27 5771
8 28 7110
8 29 203
8 30 5995
8 31 6370
8 32 548
8 33 5113
8 34 5912
8 35 3677
8 36 7276
8 37 3424
8 38 3096
8 39 5426
8 40 4045
8 41 2066
8 42 3186
8 43 423
8 44 6005
8 45 7188
8 46 654
8 47 1169
8 48 2156
8 49 2044
8 50 5623
8 51 1674
8 52 5585
8 53 5457
8 54 5776
8 55 6316
8 56 967
8 57 5122
8 58 69
8 59 5798
8 60 6169
8 61 776
8 62 2895
8 63 6875
8 64 7077
8 65 3321
8 66 5990
8 67 1949
8 68 1444
8 69 2958
8 70 990
8 71 891
8 72 358
8 73 3812
8 74 4056
8 75 5351
8 76 5299
8 77 7249
8 78 6922
8 79 2298
9 10 6894
9 11 3049
9 12 1965
9 13 7161
9 14 1457
9 15 1978
9 16 946
9 17 2106
9 18 232
9 19 582
9 20 5731
9 21 4714
9 22 2262
9 23 777
9 24 3585
9 25 5884
9 26 44
9 27 6065
9 28 4132
9 29 3119
9 30 4898
9 31 6886
9 32 5668
9 33 7146
9 34 5112
9 35 1537
9 36 3863
9 37 3426
9 38 3212
9 39 5510
9 40 6128
9 41 7478
9 42 4177
9 43 7031
9 44 3118
9 45 5248
9 46 6597
9 47 5209
9 48 2679
9 49 3163
9 50 2785
9 51 1336
9 52 2301
9 53 1826
9 54 315
9 55 3660
9 56 2580
9 57 5113
9 58 1030
9 59 5267
9 60 6143
9 61 2365
9 62 5350
9 63 2504
9 64 2631
9 65 7171
9 66 1717
9 67 2266
9 68 3471
9 69 881
9 70 1630
9 71 1579
9 72 5880
9 73 2316
9 74 2685
9 75 111
9 76 800
9 77 6567
9 78 1400
9 79 5530
10 11 4939
10 12 7149
10 13 2761
10 14 877
10 15 3710
10 16 2517
10 17 4001
10 18 2048
10 19 2138
10 20 5845
10 21 2149
10 22 5001
10 23 7282
10 24 6802
10 25 2192
10 26 4062
10 27 234
10 28 3990
10 29 4477
10 30 1725
10 31 4326
10 32 4876
10 33 6040
10 34 910
10 35 1490
10 36 4350
10 37 4060
10 38 4290
10 39 2473
10 40 3873
10 41 7273
10 42 1999
10 43 2997
10 44 704
10 45 2205
10 46 7010
10 47 4373
10 48 5060
10 49 2660
10 50 2440
10 51 4074
10 52 5490
10 53 5195
10 54 3326
10 55 4722
10 56 3684
10 57 6484
10 58 2204
10 59 3021
10 60 7156
10 61 4187
10 62 3106
10 63 2402
10 64 2822
10 65 5485
10 66 5765
10 67 2253
10 68 395
10 69 4885
10 70 6467
10 71 1121
10 72 4305
10 73 6035
10 74 936
10 75 1915
10 76 5631
10 77 6108
10 78 6011
10 79 7105
11 12 2625
11 13 5444
11 14 4851
11 15 3495
11 16 5347
11 17 5520
11 18 689
11 19 4666
11 20 5596
11 21 2853
11 22 3606
11 23 5975
11 24 3367
11 25 7028
11 26 2147
11 27 2060
11 28 3072
11 29 4512
11 30 4254
11 31 3370
11 32 6588
11 33 6413
11 34 6881
11 35 3621
11 36 5630
11 37 1711
11 38 2591
11 39 1175
11 40 1323
11 41 5537
11 42 6185
11 43 7091
11 44 5302
11 45 1030
11 46 2311
11 47 4156
11 48 3492
11 49 6379
11 50 4350
11 51 5552
11 52 324
11 53 1919
11 54 5151
11 55 223
11 56 2647
11 57 1293
11 58 4707
11 59 1939
11 60 2689
11 61 3415
11 62 5072
11 63 2953
11 64 842
11 65 1639
11 66 3182
11 67 5374
11 68 4655
11 69 5270
11 70 1737
11 71 6481
11 72 1455
11 73 3417
11 74 6360
11 75 6372
11 76 7176
11 77 4250
11 78 60
11 79 4661
12 13 385
12 14 2648
12 15 2544
12 16 5922
12 17 6665
12 18 7207
12 19 5739
12 20 2987
12 21 4164
12 22 4705
12 23 1962
12 24 3422
12 25 3567
12 26 5235
12 27 5078
12 28 1083
12 29 5250
12 30 380
12 31 3102
12 32 6344
12 33 196
12 34 2018
12 35 2441
12 36 4479
12 37 1611
12 38 979
12 39 2964
12 40 4061
12 41 2276
12 42 359
12 43 1894
12 44 3018
12 45 4022
12 46 6289
12 47 1050
12 48 1889
12 49 1385
12 50 4883
12 51 5466
12 52 634
12 53 2397
12 54 852
12 55 3716
12 56 3241
12 57 4410
12 58 3547
12 59 2744
12 60 3651
12 61 1313
12 62 6388
12 63 6422
12 64 1311
12 65 1239
12 66 1835
12 67 6906
12 68 5132
12 69 2932
12 70 6013
12 71 2246
12 72 3990
12 73 3056
12 74 4310
12 75 4304
12 76 3915
12 77 1750
12 78 5682
12 79 1283
13 14 6181
13 15 4537
13 16 1724
13 17 1835
13 18 4596
13 19 4189
13 20 1616
13 21 2565
13 22 5589
13 23 3345
13 24 2770
13 25 1710
13 26 4616
13 27 838
13 28 2982
13 29 1141
13 30 3492
13 31 1028
13 32 7323
13 33 2274
13 34 5331
13 35 5229
13 36 5396
13 37 3903
13 38 4764
13 39 4734
13 40 6247
13 41 5569
13 42 1253
13 43 6159
13 44 6230
13 45 5895
13 46 3180
13 47 5140
13 48 1136
13 49 5123
13 50 5228
13 51 4765
13 52 848
13 53 5459
13 54 914
13 55 3348
13 56 6838
13 57 1873
13 58 5526
13 59 4824
13 60 6683
13 61 4179
13 62 344
13 63 3068
13 64 584
13 65 5650
13 66 97
13 67 6637
13 68 4080
13 69 5408
13 70 4990
13 71 2356
13 72 375
13 73 2621
13 74 3612
13 75 358
13 76 865
13 77 2859
13 78 4058
13 79 392
14 15 4320
14 16 655
14 17 306
14 18 4212
14 19 2090
14 20 7082
14 21 1078
14 22 1610
14 23 5017
14 24 3907
14 25 3025
14 26 2773
14 27 6503
14 28 2802
14 29 1761
14 30 5405
14 31 5789
14 32 700
14 33 3555
14 34 682
14 35 4734
14 36 4075
14 37 7404
14 38 4966
14 39 118
14 40 4900
14 41 3339
14 42 4736
14 43 3507
14 44 3105
14 45 933
14 46 403
14 47 4773
14 48 4166
14 49 4865
14 50 5322
14 51 2814
14 52 6760
14 53 4137
14 54 6488
14 55 3300
14 56 6248
14 57 2911
14 58 330
14 59 2371
14 60 740
14 61 3296
14 62 227
14 63 1096
14 64 246
14 65 6943
14 66 6909
14 67 4019
14 68 3824
14 69 596
14 70 3761
14 71 6698
14 72 3032
14 73 4843
14 74 5080
14 75 6796
14 76 720
14 77 6962
14 78 2010
14 79 1894
15 16 5369
15 17 5525
15 18 1295
15 19 2297
15 20 402
15 21 428
15 22 6787
15 23 5522
15 24 5788
15 25 4531
15 26 1428
15 27 539
15 28 5268
15 29 7149
15 30 6908
15 31 7235
15 32 581
15 33 7257
15 34 5007
15 35 5844
15 36 3796
15 37 922
15 38 3600
15 39 3104
15 40 658
15 41 4106
15 42 2812
15 43 1936
15 44 3495
15 45 5560
15 46 829
15 47 5382
15 48 757
15 49 2135
15 50 4894
15 51 1375
15 52 4452
15 53 1975
15 54 90
15 55 142
15 56 4064
15 57 1683
15 58 243
15 59 6305
15 60 4053
15 61 4343
15 62 7362
15 63 5141
15 64 5066
15 65 2937
15 66 6604
15 67 2501
15 68 4310
15 69 1810
15 70 905
15 71 3997
15 72 5050
15 73 3194
15 74 649
15 75 6732
15 76 4066
15 77 934
15 78 2355
15 79 2248
16 17 4701
16 18 83
16 19 7198
16 20 5063
16 21 5910
16 22 905
16 23 175
16 24 3133
16 25 1932
16 26 719
16 27 7175
16 28 6132
16 29 81
16 30 6518
16 31 4491
16 32 1206
16 33 4153
16 34 3198
16 35 2723
16 36 6709
16 37 6485
16 38 5649
16 39 2718
16 40 2087
16 41 6458
16 42 6080
16 43 459
16 44 1224
16 45 3128
16 46 1825
16 47 6711
16 48 7012
16 49 3171
16 50 4917
16 51 2322
16 52 5877
16 53 3091
16 54 6816
16 55 4158
16 56 2957
16 57 1911
16 58 599
16 59 3951
16 60 612
16 61 7268
16 62 4900
16 63 4318
16 64 6396
16 65 5973
16 66 3585
16 67 438
16 68 2099
16 69 3689
16 70 687
16 71 520
16 72 2313
16 73 2883
16 74 3650
16 75 2437
16 76 4115
16 77 5549
16 78 6385
16 79 4778
17 18 58
17 19 445
17 20 4043
17 21 3306
17 22 2113
17 23 5258
17 24 6192
17 25 4146
17 26 7058
17 27 1618
17 28 4064
17 29 6320
17 30 3962
17 31 1045
17 32 4438
17 33 5831
17 34 423
17 35 5840
17 36 4860
17 37 809
17 38 7490
17 39 7474
17 40 2047
17 41 4888
17 42 1350
17 43 3663
17 44 764
17 45 3796
17 46 5702
17 47 5275
17 48 865
17 49 4837
17 50 83
17 51 3455
17 52 3672
17 53 2117
17 54 1680
17 55 1194
17 56 3913
17 57 4182
17 58 3939
17 59 880
17 60 1678
17 61 778
17 62 6070
17 63 222
17 64 7361
17 65 7072
17 66 7086
17 67 3737
17 68 6140
17 69 5771
17 70 5648
17 71 1749
17 72 4397
17 73 6174
17 74 5125
17 75 3240
17 76 1931
17 77 4386
17 78 1422
17 79 6285
18 19 7369
18 20 77
18 21 6585
18 22 1564
18 23 7371
18 24 3247
18 25 4501
18 26 77
18 27 1128
18 28 6288
18 29 4655
18 30 3258
18 31 6045
18 32 5937
18 33 2454
18 34 6451
18 35 1929
18 36 6980
18 37 1693
18 38 3941
18 39 6080
18 40 7080
18 41 1237
18 42 2182
18 43 4758
18 44 7468
18 45 2996
18 46 998
18 47 1072
18 48 6709
18 49 3007
18 50 3550
18 51 3539
18 52 3653
18 53 2924
18 54 6793
18 55 3836
18 56 4584
18 57 3731
18 58 7436
18 59 6585
18 60 2901
18 61 831
18 62 2472
18 63 7387
18 64 1982
18 65 6192
18 66 5533
18 67 7413
18 68 6312
18 69 6981
18 70 3191
18 71 2179
18 72 888
18 73 4742
18 74 5749
18 75 4781
18 76 5907
18 77 2750
18 78 5217
18 79 262
19 20 4382
19 21 4081
19 22 34
19 23 2950
19 24 5681
19 25 3300
19 26 4598
19 27 497
19 28 2739
19 29 2863
19 30 416
19 31 988
19 32 4605
19 33 6052
19 34 4077
19 35 7223
19 36 4118
19 37 2223
19 38 6648
19 39 1848
19 40 5306
19 41 6198
19 42 3125
19 43 4443
19 44 2136
19 45 5701
19 46 6299
19 47 1373
19 48 1777
19 49 2280
19 50 3940
19 51 5663
19 52 5804
19 53 3560
19 54 3261
19 55 1130
19 56 1905
19 57 1172
19 58 4225
19 59 1095
19 60 3122
19 61 1411
19 62 5983
19 63 3026
19 64 6762
19 65 3816
19 66 7306
19 67 2610
19 68 66
19 69 764
19 70 1779
19 71 3243
19 72 6925
19 73 64
19 74 231
19 75 1361
19 76 453
19 77 4123
19 78 2109
19 79 3250
20 21 3805
20 22 3422
20 23 394
20 24 6924
20 25 2403
20 26 2637
20 27 7284
20 28 364
20 29 497
20 30 1709
20 31 6788
20 32 2931
20 33 2395
20 34 3880
20 35 5554
20 36 4724
20 37 5546
20 38 4320
20 39 5528
20 40 4102
20 41 1634
20 42 3463
20 43 3970
20 44 6977
20 45 808
20 46 4045
20 47 809
20 48 6187
20 49 5381
20 50 6557
20 51 7399
20 52 5291
20 53 3276
20 54 1586
20 55 3557
20 56 6937
20 57 3778
20 58 4311
20 59 3280
20 60 3564
20 61 1527
20 62 3033
20 63 5936
20 64 5537
20 65 3137
20 66 7249
20 67 7224
20 68 7330
20 69 3705
20 70 3154
20 71 4807
20 72 2655
20 73 2044
20 74 182
20 75 955
20 76 761
20 77 2705
20 78 3667
20 79 4364
21 22 3807
21 23 5147
21 24 1887
21 25 6298
21 26 6721
21 27 836
21 28 1115
21 29 2667
21 30 5577
21 31 938
21 32 236
21 33 7206
21 34 2077
21 35 2492
21 36 1254
21 37 5150
21 38 5708
21 39 7467
21 40 6518
21 41 7014
21 42 118
21 43 6963
21 44 3694
21 45 3853
21 46 4542
21 47 5231
21 48 4387
21 49 3476
21 50 5051
21 51 3558
21 52 5323
21 53 2716
21 54 2856
21 55 2475
21 56 298
21 57 111
21 58 41
21 59 499
21 60 6906
21 61 4356
21 62 493
21 63 6428
21 64 4727
21 65 2694
21 66 870
21 67 6284
21 68 6310
21 69 7425
21 70 1886
21 71 2390
21 72 2092
21 73 302
21 74 6128
21 75 4718
21 76 4002
21 77 7184
21 78 1364
21 79 725
22 23 7365
22 24 7218
22 25 7373
22 26 3482
22 27 5204
22 28 6699
22 29 3510
22 30 6976
22 31 1791
22 32 5436
22 33 6928
22 34 4803
22 35 3079
22 36 6775
22 37 800
22 38 3031
22 39 2269
22 40 5454
22 41 6452
22 42 7175
22 43 3694
22 44 2596
22 45 5664
22 46 3007
22 47 699
22 48 5575
22 49 3595
22 50 3555
22 51 5066
22 52 2466
22 53 1680
22 54 4233
22 55 5947
22 56 3793
22 57 3621
22 58 6758
22 59 6395
22 60 4720
22 61 2776
22 62 2215
22 63 20
22 64 3600
22 65 870
22 66 491
22 67 186
22 68 2004
22 69 7304
22 70 2370
22 71 922
22 72 7204
22 73 7333
22 74 2060
22 75 7166
22 76 2137
22 77 5857
22 78 4766
22 79 1196
23 24 7193
23 25 4574
23 26 5705
23 27 1991
23 28 5477
23 29 6444
23 30 4099
23 31 5359
23 32 3258
23 33 2763
23 34 1622
23 35 3448
23 36 3720
23 37 4664
23 38 5383
23 39 7054
23 40 6777
23 41 4110
23 42 239
23 43 5188
23 44 5597
23 45 3764
23 46 2847
23 47 4849
23 48 3369
23 49 2773
23 50 1391
23 51 6451
23 52 5727
23 53 3800
23 54 825
23 55 36
23 56 5184
23 57 3933
23 58 448
23 59 192
23 60 3455
23 61 5942
23 62 3281
23 63 2610
23 64 2254
23 65 4138
23 66 1806
23 67 6458
23 68 5553
23 69 2493
23 70 2666
23 71 5330
23 72 5524
23 73 3475
23 74 2235
23 75 3366
23 76 6473
23 77 2194
23 78 5097
23 79 1401
24 25 1537
24 26 1198
24 27 7477
24 28 2225
24 29 616
24 30 3258
24 31 6096
24 32 3629
24 33 1702
24 34 1441
24 35 973
24 36 7328
24 37 5465
24 38 2197
24 39 5676
24 40 615
24 41 486
24 42 757
24 43 818
24 44 3694
24 45 6550
24 46 4713
24 47 6891
24 48 616
24 49 4500
24 50 3879
24 51 5714
24 52 5416
24 53 4579
24 54 4443
24 55 2560
24 56 170
24 57 4572
24 58 1210
24 59 2760
24 60 4526
24 61 3207
24 62 4658
24 63 283
24 64 1392
24 65 5034
24 66 1606
24 67 6679
24 68 4629
24 69 4837
24 70 4216
24 71 5479
24 72 1793
24 73 4163
24 74 5642
24 75 406
24 76 5287
24 77 3257
24 78 2764
24 79 4273
25 26 6025
25 27 7128
25 28 3905
25 29 3708
25 30 267
25 31 1455
25 32 940
25 33 6571
25 34 7186
25 35 4587
25 36 359
25 37 6846
25 38 5159
25 39 4644
25 40 3844
25 41 3428
25 42 2074
25 43 6555
25 44 712
25 45 7010
25 46 3805
25 47 4312
25 48 5600
25 49 4033
25 50 5467
25 51 1964
25 52 3814
25 53 525
25 54 2762
25 55 745
25 56 5436
25 57 6677
25 58 7226
25 59 5987
25 60 992
25 61 6619
25 62 4164
25 63 6097
25 64 5664
25 65 6400
25 66 3747
25 67 6010
25 68 2171
25 69 383
25 70 3054
25 71 1741
25 72 4150
25 73 7350
25 74 6648
25 75 2015
25 76 389
25 77 2639
25 78 3416
25 79 4519
26 27 2715
26 28 2913
26 29 4281
26 30 4224
26 31 6808
26 32 439
26 33 3436
26 34 1053
26 35 3096
26 36 1663
26 37 4443
26 38 85
26 39 2515
26 40 734
26 41 1662
26 42 5212
26 43 23
26 44 2189
26 45 7250
26 46 958
26 47 2370
26 48 6621
26 49 2427
26 50 4742
26 51 7427
26 52 6616
26 53 1434
26 54 1699
26 55 7128
26 56 81
26 57 5389
26 58 5665
26 59 4768
26 60 1065
26 61 5618
26 62 2425
26 63 1123
26 64 5144
26 65 569
26 66 423
26 67 6494
26 68 4864
26 69 3942
26 70 2078
26 71 6699
26 72 3710
26 73 7449
26 74 201
26 75 1079
26 76 6936
26 77 991
26 78 4887
26 79 2256
27 28 3366
27 29 2619
27 30 2172
27 31 2177
27 32 890
27 33 3801
27 34 1039
27 35 5124
27 36 5289
27 37 6622
27 38 7492
27 39 5606
27 40 3452
27 41 139
27 42 6413
27 43 2219
27 44 2923
27 45 4917
27 46 5301
27 47 3480
27 48 4563
27 49 509
27 50 1631
27 51 2849
27 52 909
27 53 3760
27 54 6226
27 55 5531
27 56 7313
27 57 1866
27 58 5768
27 59 7354
27 60 273
27 61 3987
27 62 3214
27 63 3116
27 64 7246
27 65 4730
27 66 6960
27 67 6000
27 68 7252
27 69 6472
27 70 4124
27 71 7005
27 72 375
27 73 364
27 74 4305
27 75 5035
27 76 2690
27 77 1503
27 78 1487
27 79 3883
28 29 5945
28 30 6664
28 31 6394
28 32 3476
28 33 7422
28 34 2325
28 35 4653
28 36 4536
28 37 902
28 38 2521
28 39 3967
28 40 1135
28 41 428
28 42 2762
28 43 4958
28 44 849
28 45 5460
28 46 5363
28 47 4027
28 48 7053
28 49 1489
28 50 5696
28 51 261
28 52 1371
28 53 6481
28 54 5220
28 55 2798
28 56 6158
28 57 343
28 58 3990
28 59 6916
28 60 5258
28 61 2554
28 62 5784
28 63 3310
28 64 1880
28 65 4917
28 66 1142
28 67 510
28 68 5191
28 69 5255
28 70 6493
28 71 615
28 72 1480
28 73 5422
28 74 3961
28 75 6862
28 76 7415
28 77 3690
28 78 7348
28 79 1238
29 30 3148
29 31 5858
29 32 1534
29 33 5652
29 34 2414
29 35 985
29 36 1661
29 37 6556
29 38 1408
29 39 6312
29 40 7017
29 41 5938
29 42 6441
29 43 2833
29 44 477
29 45 5718
29 46 427
29 47 6764
29 48 1795
29 49 6388
29 50 6025
29 51 4465
29 52 6676
29 53 1029
29 54 5701
29 55 3655
29 56 4365
29 57 3501
29 58 1922
29 59 7296
29 60 607
29 61 4873
29 62 2089
29 63 697
29 64 6754
29 65 5794
29 66 4661
29 67 3167
29 68 3982
29 69 3270
29 70 2886
29 71 5104
29 72 6719
29 73 759
29 74 5140
29 75 3537
29 76 4920
29 77 4483
29 78 2748
29 79 1094
30 31 2467
30 32 4983
30 33 7348
30 34 2314
30 35 4843
30 36 2568
30 37 2711
30 38 5183
30 39 126
30 40 3069
30 41 4199
30 42 1215
30 43 5218
30 44 7477
30 45 1079
30 46 171
30 47 5660
30 48 876
30 49 5802
30 50 5893
30 51 5329
30 52 1076
30 53 1130
30 54 2468
30 55 2403
30 56 4223
30 57 2346
30 58 719
30 59 1337
30 60 4584
30 61 617
30 62 3665
30 63 2407
30 64 839
30 65 4285
30 66 1555
30 67 6542
30 68 2652
30 69 6592
30 70 6629
30 71 859
30 72 6947
30 73 6492
30 74 971
30 75 6063
30 76 1596
30 77 1660
30 78 2011
30 79 3
31 32 2477
31 33 932
31 34 5252
31 35 4365
31 36 5348
31 37 3226
31 38 2654
31 39 5531
31 40 6140
31 41 6320
31 42 4851
31 43 4015
31 44 2913
31 45 3057
31 46 7443
31 47 6624
31 48 5050
31 49 4154
31 50 6379
31 51 7260
31 52 2178
31 53 54
31 54 5921
31 55 4635
31 56 1458
31 57 1873
31 58 7189
31 59 4105
31 60 1765
31 61 5228
31 62 424
31 63 2978
31 64 3257
31 65 4830
31 66 7000
31 67 4065
31 68 74
31 69 4213
31 70 7405
31 71 757
31 72 2505
31 73 6522
31 74 6220
31 75 2498
31 76 1639
31 77 1042
31 78 2279
31 79 4091
32 33 2501
32 34 5373
32 35 4861
32 36 1382
32 37 4906
32 38 1132
32 39 3496
32 40 6173
32 41 2221
32 42 5897
32 43 7172
32 44 6627
32 45 6322
32 46 7428
32 47 1891
32 48 5486
32 49 4290
32 50 4096
32 51 5295
32 52 4288
32 53 1274
32 54 6363
32 55 3864
32 56 973
32 57 432
32 58 4728
32 59 6615
32 60 6618
32 61 1726
32 62 5388
32 63 1915
32 64 5712
32 65 6732
32 66 5557
32 67 5487
32 68 4930
32 69 4320
32 70 1732
32 71 6530
32 72 5618
32 73 926
32 74 5917
32 75 5551
32 76 4328
32 77 4078
32 78 2244
32 79 4441
33 34 2399
33 35 465
33 36 7049
33 37 504
33 38 2914
33 39 7122
33 40 5505
33 41 6202
33 42 4465
33 43 5319
33 44 6018
33 45 6766
33 46 848
33 47 3913
33 48 7039
33 49 1250
33 50 3376
33 51 1244
33 52 6517
33 53 5106
33 54 5421
33 55 5428
33 56 1083
33 57 4751
33 58 3755
33 59 7279
33 60 2493
33 61 2821
33 62 1238
33 63 5283
33 64 5289
33 65 1565
33 66 5951
33 67 1792
33 68 2259
33 69 4601
33 70 1828
33 71 1308
33 72 5508
33 73 7308
33 74 6330
33 75 1738
33 76 6129
33 77 3513
33 78 2643
33 79 5846
34 35 5532
34 36 447
34 37 422
34 38 6652
34 39 5690
34 40 1710
34 41 3984
34 42 1779
34 43 426
34 44 1457
34 45 1172
34 46 6928
34 47 6604
34 48 3723
34 49 3088
34 50 7380
34 51 7182
34 52 2804
34 53 267
34 54 1634
34 55 3411
34 56 4826
34 57 5212
34 58 7090
34 59 7042
34 60 3744
34 61 1944
34 62 5718
34 63 4963
34 64 496
34 65 1711
34 66 6872
34 67 7053
34 68 346
34 69 1834
34 70 4627
34 71 3026
34 72 2842
34 73 7408
34 74 5225
34 75 1181
34 76 6514
34 77 2343
34 78 3022
34 79 4374
35 36 4411
35 37 2743
35 38 5180
35 39 4809
35 40 966
35 41 5208
35 42 2089
35 43 6396
35 44 321
35 45 5065
35 46 4603
35 47 4717
35 48 720
35 49 4903
35 50 3420
35 51 4961
35 52 5565
35 53 4111
35 54 1350
35 55 121
35 56 5764
35 57 6759
35 58 6061
35 59 2987
35 60 2160
35 61 3279
35 62 4500
35 63 582
35 64 4110
35 65 5516
35 66 6113
35 67 358
35 68 883
35 69 6272
35 70 2443
35 71 3399
35 72 3073
35 73 6262
35 74 6014
35 75 6866
35 76 6355
35 77 5139
35 78 7195
35 79 5128
36 37 2556
36 38 2684
36 39 4971
36 40 1900
36 41 4064
36 42 6937
36 43 5916
36 44 4916
36 45 3196
36 46 1972
36 47 3129
36 48 2382
36 49 1685
36 50 3040
36 51 4592
36 52 4034
36 53 2662
36 54 4871
36 55 1109
36 56 3688
36 57 5145
36 58 3030
36 59 3664
36 60 3899
36 61 2974
36 62 1068
36 63 6060
36 64 4640
36 65 1173
36 66 6827
36 67 7197
36 68 1967
36 69 1429
36 70 1341
36 71 3810
36 72 5413
36 73 5857
36 74 5014
36 75 239
36 76 1378
36 77 4987
36 78 5869
36 79 3599
37 38 1493
37 39 3186
37 40 739
37 41 3031
37 42 2944
37 43 893
37 44 4699
37 45 7017
37 46 6156
37 47 2406
37 48 6244
37 49 2786
37 50 3560
37 51 270
37 52 1521
37 53 4936
37 54 7491
37 55 2684
37 56 1207
37 57 2285
37 58 376
37 59 7287
37 60 6730
37 61 185
37 62 3527
37 63 6759
37 64 4086
37 65 1242
37 66 19
37 67 2072
37 68 4231
37 69 3403
37 70 5332
37 71 2653
37 72 2003
37 73 2040
37 74 5817
37 75 7452
37 76 6332
37 77 636
37 78 430
37 79 2331
38 39 789
38 40 4659
38 41 3936
38 42 1197
38 43 3941
38 44 2591
38 45 2037
38 46 7161
38 47 384
38 48 6417
38 49 82
38 50 1450
38 51 4207
38 52 6475
38 53 1978
38 54 502
38 55 2582
38 56 1276
38 57 2094
38 58 4886
38 59 7071
38 60 6657
38 61 2923
38 62 4497
38 63 4573
38 64 7209
38 65 7484
38 66 2420
38 67 2095
38 68 178
38 69 403
38 70 4542
38 71 4691
38 72 7204
38 73 7141
38 74 3021
38 75 4565
38 76 6021
38 77 6198
38 78 996
38 79 5282
39 40 6776
39 41 715
39 42 808
39 43 793
39 44 5733
39 45 516
39 46 1883
39 47 6296
39 48 2194
39 49 6175
39 50 2851
39 51 5095
39 52 930
39 53 2092
39 54 5914
39 55 1482
39 56 3991
39 57 5736
39 58 3856
39 59 5782
39 60 6574
39 61 2567
39 62 1708
39 63 1394
39 64 6149
39 65 467
39 66 1011
39 67 6926
39 68 705
39 69 1570
39 70 242
39 71 3159
39 72 2950
39 73 1529
39 74 5625
39 75 245
39 76 3812
39 77 4506
39 78 3024
39 79 771
40 41 3670
40 42 875
40 43 5651
40 44 4325
40 45 669
40 46 3177
40 47 6648
40 48 5142
40 49 5432
40 50 1401
40 51 4184
40 52 7105
40 53 2160
40 54 6013
40 55 6564
40 56 5708
40 57 6873
40 58 5118
40 59 4586
40 60 1581
40 61 6687
40 62 5015
40 63 1295
40 64 6782
40 65 678
40 66 485
40 67 31
40 68 4208
40 69 755
40 70 7374
40 71 855
40 72 1404
40 73 2366
40 74 2953
40 75 7314
40 76 4704
40 77 642
40 78 2537
40 79 3726
41 42 5218
41 43 1351
41 44 6968
41 45 3496
41 46 2424
41 47 5246
41 48 2920
41 49 5581
41 50 4031
41 51 1047
41 52 7397
41 53 1721
41 54 3915
41 55 4522
41 56 2002
41 57 7120
41 58 2854
41 59 4274
41 60 1204
41 61 4847
41 62 3370
41 63 4775
41 64 5249
41 65 816
41 66 3300
41 67 6466
41 68 426
41 69 4352
41 70 1900
41 71 2143
41 72 972
41 73 2472
41 74 1585
41 75 3850
41 76 5865
41 77 5266
41 78 1493
41 79 524
42 43 4246
42 44 6223
42 45 2053
42 46 945
42 47 4726
42 48 5671
42 49 5520
42 50 1878
42 51 2075
42 52 521
42 53 2446
42 54 5298
42 55 4418
42 56 2544
42 57 4454
42 58 2854
42 59 2110
42 60 96
42 61 5617
42 62 5492
42 63 4039
42 64 1967
42 65 2827
42 66 6253
42 67 5896
42 68 7412
42 69 2495
42 70 1651
42 71 5976
42 72 3026
42 73 3817
42 74 2980
42 75 6307
42 76 1439
42 77 2966
42 78 7265
42 79 796
43 44 413
43 45 2130
43 46 7375
43 47 4790
43 48 1366
43 49 2698
43 50 5548
43 51 3765
43 52 2954
43 53 6951
43 54 6006
43 55 1507
43 56 1532
43 57 4579
43 58 1679
43 59 7082
43 60 348
43 61 1256
43 62 1088
43 63 6359
43 64 4681
43 65 3172
43 66 1581
43 67 3800
43 68 7017
43 69 2966
43 70 6712
43 71 3170
43 72 5499
43 73 6095
43 74 4474
43 75 1767
43 76 6239
43 77 3894
43 78 6772
43 79 1130
44 45 3159
44 46 5532
44 47 2588
44 48 1772
44 49 2785
44 50 5330
44 51 6912
44 52 6795
44 53 6451
44 54 4586
44 55 2416
44 56 5948
44 57 7079
44 58 6183
44 59 3944
44 60 505
44 61 1816
44 62 4341
44 63 5571
44 64 4211
44 65 2201
44 66 555
44 67 743
44 68 5374
44 69 2941
44 70 7172
44 71 6515
44 72 4214
44 73 6811
44 74 1498
44 75 412
44 76 559
44 77 6890
44 78 5482
44 79 2363
45 46 3519
45 47 3084
45 48 2730
45 49 1625
45 50 1222
45 51 766
45 52 1272
45 53 5363
45 54 3577
45 55 6085
45 56 5630
45 57 7076
45 58 74
45 59 2439
45 60 1629
45 61 248
45 62 5919
45 63 571
45 64 6009
45 65 603
45 66 5611
45 67 6975
45 68 7500
45 69 3719
45 70 862
45 71 1
45 72 150
45 73 2883
45 74 3746
45 75 5779
45 76 326
45 77 725
45 78 708
45 79 6245
46 47 2342
46 48 5298
46 49 5919
46 50 6186
46 51 2108
46 52 845
46 53 2411
46 54 6016
46 55 5625
46 56 1636
46 57 4423
46 58 4948
46 59 3643
46 60 1197
46 61 5818
46 62 2418
46 63 4491
46 64 7463
46 65 3838
46 66 178
46 67 6256
46 68 6618
46 69 719
46 70 1431
46 71 5382
46 72 5917
46 73 7035
46 74 5905
46 75 387
46 76 5230
46 77 5893
46 78 5715
46 79 5565
47 48 4644
47 49 2028
47 50 6699
47 51 4695
47 52 7154
47 53 1152
47 54 1959
47 55 1853
47 56 6541
47 57 1442
47 58 3415
47 59 3397
47 60 532
47 61 6495
47 62 2376
47 63 3274
47 64 5313
47 65 3191
47 66 4936
47 67 530
47 68 2353
47 69 4524
47 70 5917
47 71 2390
47 72 6614
47 73 1254
47 74 5659
47 75 1376
47 76 4143
47 77 3787
47 78 2632
47 79 4888
48 49 3713
48 50 2658
48 51 6167
48 52 5737
48 53 1423
48 54 4183
48 55 488
48 56 3649
48 57 1755
48 58 981
48 59 7256
48 60 3807
48 61 429
48 62 620
48 63 4857
48 64 1208
48 65 4938
48 66 1069
48 67 3608
48 68 3475
48 69 916
48 70 3721
48 71 4433
48 72 7356
48 73 2475
48 74 4952
48 75 895
48 76 2684
48 77 204
48 78 2086
48 79 163
49 50 4981
49 51 4862
49 52 55
49 53 4205
49 54 5998
49 55 1390
49 56 4227
49 57 7291
49 58 4509
49 59 2621
49 60 1051
49 61 2070
49 62 2541
49 63 7037
49 64 5037
49 65 5623
49 66 3650
49 67 1065
49 68 2804
49 69 4938
49 70 592
49 71 1223
49 72 2353
49 73 6603
49 74 982
49 75 6524
49 76 2941
49 77 5766
49 78 1070
49 79 311
50 51 2705
50 52 7474
50 53 1416
50 54 262
50 55 4010
50 56 4371
50 57 1730
50 58 7123
50 59 4311
50 60 2294
50 61 5652
50 62 7324
50 63 114
50 64 4277
50 65 1094
50 66 6141
50 67 1871
50 68 1504
50 69 6004
50 70 6356
50 71 4668
50 72 4819
50 73 6524
50 74 1830
50 75 2018
50 76 7477
50 77 3143
50 78 6466
50 79 3092
51 52 2144
51 53 5533
51 54 5687
51 55 5750
51 56 3189
51 57 6659
51 58 4471
51 59 1826
51 60 1574
51 61 6229
51 62 3034
51 63 4081
51 64 6120
51 65 514
51 66 683
51 67 6030
51 68 5495
51 69 2462
51 70 3965
51 71 1075
51 72 2668
51 73 5752
51 74 2910
51 75 1426
51 76 7278
51 77 5589
51 78 4957
51 79 3526
52 53 7095
52 54 6364
52 55 6496
52 56 1955
52 57 6659
52 58 7023
52 59 3979
52 60 479
52 61 829
52 62 5136
52 63 5159
52 64 5924
52 65 4419
52 66 6600
52 67 3884
52 68 4302
52 69 5515
52 70 2607
52 71 5762
52 72 1500
52 73 1477
52 74 6894
52 75 470
52 76 3453
52 77 3805
52 78 2739
52 79 6500
53 54 4104
53 55 4025
53 56 2997
53 57 3531
53 58 2738
53 59 667
53 60 6055
53 61 2405
53 62 2699
53 63 6280
53 64 7040
53 65 7167
53 66 6899
53 67 2931
53 68 1491
53 69 2151
53 70 3053
53 71 148
53 72 5435
53 73 4699
53 74 5222
53 75 6016
53 76 3145
53 77 1535
53 78 2505
53 79 5639
54 55 5915
54 56 3888
54 57 5333
54 58 5155
54 59 101
54 60 4916
54 61 4832
54 62 553
54 63 92
54 64 3438
54 65 821
54 66 6793
54 67 577
54 68 12
54 69 5197
54 70 5125
54 71 1160
54 72 6628
54 73 7183
54 74 4666
54 75 2939
54 76 639
54 77 5995
54 78 3036
54 79 4146
55 56 454
55 57 7278
55 58 6635
55 59 5777
55 60 2287
55 61 2500
55 62 5936
55 63 6627
55 64 354
55 65 7049
55 66 4943
55 67 5951
55 68 2756
55 69 5624
55 70 7086
55 71 2469
55 72 6087
55 73 6138
55 74 304
55 75 922
55 76 5591
55 77 1352
55 78 4784
55 79 6792
56 57 5639
56 58 360
56 59 178
56 60 14
56 61 7311
56 62 6429
56 63 6758
56 64 5788
56 65 1346
56 66 7120
56 67 5394
56 68 3090
56 69 2814
56 70 5213
56 71 2624
56 72 2939
56 73 1048
56 74 2695
56 75 7312
56 76 1863
56 77 6049
56 78 4223
56 79 1039
57 58 853
57 59 4638
57 60 1737
57 61 7365
57 62 4867
57 63 6971
57 64 479
57 65 3639
57 66 560
57 67 4419
57 68 3616
57 69 3666
57 70 1556
57 71 6268
57 72 6372
57 73 7139
57 74 6245
57 75 5400
57 76 5659
57 77 4159
57 78 5646
57 79 2159
58 59 3427
58 60 893
58 61 688
58 62 6091
58 63 7244
58 64 2280
58 65 3323
58 66 5929
58 67 4908
58 68 5974
58 69 47
58 70 4133
58 71 6841
58 72 6433
58 73 3271
58 74 2462
58 75 4593
58 76 2034
58 77 16
58 78 2082
58 79 1733
59 60 7410
59 61 3111
59 62 4952
59 63 462
59 64 4169
59 65 6151
59 66 5065
59 67 6795
59 68 1829
59 69 2792
59 70 6966
59 71 6495
59 72 5163
59 73 2124
59 74 3972
59 75 1808
59 76 262
59 77 6276
59 78 4287
59 79 7490
60 61 7244
60 62 608
60 63 2983
60 64 6509
60 65 172
60 66 452
60 67 536
60 68 7488
60 69 3659
60 70 3146
60 71 3670
60 72 1715
60 73 1223
60 74 6848
60 75 6078
60 76 5316
60 77 5477
60 78 1981
60 79 3530
61 62 4621
61 63 1641
61 64 2189
61 65 2221
61 66 6725
61 67 1991
61 68 2564
61 69 5027
61 70 943
61 71 2472
61 72 1961
61 73 7127
61 74 5723
61 75 3404
61 76 3765
61 77 44
61 78 837
61 79 3660
62 63 2711
62 64 2905
62 65 1962
62 66 861
62 67 3056
62 68 155
62 69 3487
62 70 3140
62 71 3676
62 72 4075
62 73 4424
62 74 952
62 75 4614
62 76 6776
62 77 382
62 78 7327
62 79 1314
63 64 1583
63 65 6478
63 66 6651
63 67 829
63 68 3735
63 69 784
63 70 7465
63 71 6195
63 72 4060
63 73 1721
63 74 1509
63 75 3710
63 76 3136
63 77 3718
63 78 3739
63 79 3397
64 65 6009
64 66 263
64 67 3259
64 68 2168
64 69 1961
64 70 4070
64 71 3965
64 72 2520
64 73 4733
64 74 3239
64 75 779
64 76 7024
64 77 1242
64 78 4580
64 79 5975
65 66 2800
65 67 2849
65 68 7345
65 69 1856
65 70 3303
65 71 1519
65 72 3445
65 73 1487
65 74 4859
65 75 408
65 76 3811
65 77 6396
65 78 3952
65 79 3130
66 67 3969
66 68 1506
66 69 4938
66 70 34
66 71 665
66 72 3351
66 73 2261
66 74 2691
66 75 1704
66 76 3021
66 77 600
66 78 4863
66 79 3466
67 68 5448
67 69 1600
67 70 947
67 71 1533
67 72 2540
67 73 4509
67 74 308
67 75 1019
67 76 6844
67 77 7379
67 78 1484
67 79 3914
68 69 5848
68 70 5635
68 71 275
68 72 4673
68 73 1516
68 74 5650
68 75 3191
68 76 2617
68 77 3856
68 78 6008
68 79 2502
69 70 6673
69 71 1656
69 72 1582
69 73 4688
69 74 5346
69 75 2508
69 76 3950
69 77 3932
69 78 7355
69 79 6245
70 71 5613
70 72 2890
70 73 4221
70 74 5559
70 75 1112
70 76 7457
70 77 109
70 78 4538
70 79 3603
71 72 7185
71 73 2464
71 74 3781
71 75 3826
71 76 5238
71 77 4511
71 78 6889
71 79 3621
72 73 2205
72 74 6727
72 75 773
72 76 6026
72 77 6973
72 78 2341
72 79 324
73 74 3438
73 75 6244
73 76 1052
73 77 2518
73 78 2735
73 79 6262
74 75 3089
74 76 1221
74 77 6779
74 78 5902
74 79 1391
75 76 6342
75 77 7402
75 78 4902
75 79 27
76 77 5890
76 78 4084
76 79 7070
77 78 7156
77 79 6569
78 79 2342
