35 80 2843
6279 3042 3683 273 1902 650 5268 3719 1831 2554 5128 5363 1345 1409 4349 3418 5380 6580 2959 1293 3662 7436 4483 4408 1351 2490 5141 5936 1021 2453 2640 7299 4346 6322 6423
6247 6971 4190 2466 154 5595 6445 5516 6940 6705 2364 2857 3436 296 4668 4728 2809 3455 562 6068 4806 1903 3708 2093 2924 5013 4732 2722 710 2405 1645 6957 727 4686 774 880 2781 7218 6396 2220 6422 111 3928 2357 406 1095 5936 2066 4550 6497 634 707 899 3193 2799 2674 705 6382 4248 1415 1286 4744 7223 2012 1929 496 1744 4709 6565 6991 5780 5486 7101 2208 6694 6359 3302 5129 7276 6703
2977 409 7409 2727 3602 2707 5401 3158 1588 2148 3424 1725 6891 1998 3737 171 2493 4332 3732 409 3822 2011 5894 2274 4218 3939 1132 6372 419 908 5574 3395 168 4335 4974 2621 7041 1726 4631 7481 2725 6906 1705 2115 1404 4293 1137 2748 1124 4868 3157 3797 6879 402 6071 2448 4341 7202 1319 4759 6961 5745 7006 5981 2579 4479 1101 971 5056 5731 7303 280 5137 1508 1246 5392 4652 2382 639 5776
7250 2647 924 5480 3049 6994 427 6241 5548 598 3499 3860 5194 1856 2340 6624 5186 3441 94 2741 523 7397 3020 4511 256 4265 1254 4907 6647 745 2034 5248 3391 2958 3227 5291 1303 2505 4031 6850 3102 6382 2062 7147 737 4401 6270 5923 6693 5216 1163 6068 3964 3035 3078 3071 7299 3184 477 5297 3928 1363 3044 7318 3172 6270 5109 3326 127 491 2676 2080 6872 3589 1727 109 489 6848 4883 6034
4563 4897 4601 7378 431 6530 2948 6582 2213 2277 4378 6140 2491 7422 4810 4514 5043 1270 339 5169 1760 1866 7249 1132 5454 1475 92 4795 7174 4974 3328 3089 1222 6780 2966 1653 5809 4766 734 6874 5894 3963 4365 884 3884 1674 5397 279 1795 4587 5447 3555 6453 4047 3538 4406 4373 3629 1700 4047 7454 3879 7135 1175 3158 1452 1679 1467 5069 2412 840 3462 5227 5204 3197 1610 5730 7445 740 24
4532 6187 2430 3484 1585 5967 6741 5958 2095 941 1356 900 4819 7342 2075 477 1293 3753 795 6362 5017 486 1175 2743 5689 4372 3204 2770 4316 3944 2794 199 1482 5223 3682 3066 2542 2923 375 4636 2715 1730 5536 6385 423 6462 6861 1716 2714 6507 6929 6582 6992 603 1824 5181 3826 5028 6802 642 323 947 840 1804 5022 3374 3721 63 5148 4096 3550 362 4677 1585 5598 5100 6898 4959 5667 2112
3965 3947 1193 3457 4549 1869 7489 875 5748 5642 368 6070 6589 59 6725 4110 2284 2945 4172 7431 5892 221 6644 1921 658 4742 5872 55 1052 4038 1018 3868 484 1063 6176 3884 2931 5016 3610 30 3158 3977 6099 2246 2888 5323 5207 5171 7119 1878 3954 5511 950 3097 7431 1607 6690 5802 514 241 1191 1531 4109 526 2593 1636 4409 4375 6652 6871 3256 2309 3347 1854 3406 5086 6028 1112 2757 5647
1841 6710 3657 2790 1158 2439 4397 348 740 4910 6940 1930 5292 2400 2455 6737 4036 5715 2463 2039 5085 5719 4347 7284 72 6604 4869 4952 215 6477 1950 2055 4538 4458 3696 5696 6896 592 4895 6487 4353 3186 7268 2145 5586 2222 233 973 6788 2695 3011 3225 913 6209 3008 7337 5312 6728 4788 4378 5705 6737 6432 1594 3694 2627 6141 1941 2071 3535 927 5275 5573 694 6271 3658 1767 6503 4630 1054
1698 6492 4278 2610 5200 6137 1298 3011 5365 6085 7388 2421 4173 5171 4014 6718 6649 2655 1158 71 5041 936 5346 3113 1629 4116 5622 3395 3119 1603 3301 4816 594 6430 6277 5793 3919 75 1303 1783 5011 42 3055 536 5212 7068 7253 4361 1074 7263 4431 4967 698 1128 6931 1179 5244 3905 3425 862 5507 5577 4529 4953 4507 2157 3245 7277 2231 3400 1559 6094 3441 4613 6629 5 3032 5233 3217 2958
3847 6499 6776 4545 127 6206 5723 5370 2610 499 5083 6969 6076 2111 4421 1934 3119 6517 1710 5350 1268 3268 2795 4709 6732 775 3565 1115 6007 6781 2924 2354 5779 2199 5750 4757 905 2824 2626 2366 3322 6560 686 1897 22 3958 3830 3141 1827 5539 7342 3094 158 2636 6654 5741 3410 2718 6856 768 850 1131 3121 6629 3330 222 2737 3086 3045 5363 4303 6367 3274 4989 763 3296 298 3445 5288 2124
1483 5129 5218 1641 6616 3223 6233 1377 5941 4440 2144 6790 5571 4117 4770 1400 4338 7 4485 7383 4221 1287 6249 7494 5127 5863 2141 4277 1807 6280 6400 3290 3908 2969 3782 1875 6192 1366 3251 3484 5806 5395 2773 3876 863 6395 5275 5200 6401 1111 3934 1973 1249 2682 818 5228 7397 1811 2004 1703 590 7255 3844 3350 2724 6477 5224 267 343 975 3750 6148 5221 6522 2523 4935 4268 6649 2634 2020
259 6568 3992 359 601 4810 5586 497 5472 6441 2200 6061 6196 4895 1910 1419 3872 7134 537 4214 6960 4286 1713 3532 2159 3087 966 6427 2235 3599 946 1345 1518 3790 1703 2119 1099 6141 1467 6570 5081 2518 3982 3776 7413 5892 4046 3784 4377 4582 6849 3836 1367 1061 7367 2378 4147 7184 1304 5233 3282 1101 5429 3652 4890 5983 4622 4840 4623 6088 2761 1056 7458 6743 4831 7370 5134 229 2505 862
4810 1853 4697 5029 1765 3415 7406 4763 3098 61 2495 5231 1161 6775 1382 6051 5257 4855 3390 1232 2295 6151 2287 2252 4245 5969 2121 1878 6197 4625 2739 2359 5329 6287 6239 7093 1053 4996 3207 4150 5056 4553 732 5068 3827 2114 2470 1583 5820 5860 2814 614 3362 5100 2865 106 2421 3837 835 1117 7313 2425 2327 5141 63 1065 3585 1115 6060 6791 5264 2467 3843 5995 35 169 6960 2504 604 5280
7215 3417 4745 1928 7369 110 885 2289 3946 1719 2257 2611 2995 4584 251 3057 4500 2688 4171 1912 1978 786 4378 4673 5633 3264 3693 5092 5768 4296 1723 4334 6565 6468 6262 5285 5429 7146 73 1874 217 1181 4484 3211 4616 3587 5120 1616 6274 642 3527 7103 1428 404 4275 7060 3668 468 3503 787 4763 5226 5120 2679 3045 2733 463 973 1231 6887 1698 1447 568 5034 3509 5183 1120 1128 5650 6245
622 1676 5847 2049 932 2622 1608 3451 1941 5110 4237 5555 1687 708 734 4731 2293 1196 5703 3523 583 7401 4969 2 4934 7329 5184 4905 7309 3334 3649 430 3861 847 2478 4792 3468 2937 742 4260 6898 3830 2315 7437 3390 3048 4667 5682 4243 1722 1704 3677 1622 5524 3678 5407 5352 214 1663 5160 2399 5311 4441 5111 6157 5770 2403 977 1206 1996 5236 6956 4678 50 6892 567 1949 2910 6248 6192
4631 451 1220 5104 5974 3750 1862 2677 3963 3524 337 5213 186 3629 2823 5195 1899 4077 5023 1956 4925 2758 1411 2102 1660 802 2668 2460 2564 1415 3 7194 1865 1223 4798 6690 4972 6659 1866 286 1535 1054 4350 1720 4683 7172 6914 5433 2601 4436 7388 25 6046 1299 2126 6557 952 4793 1516 3515 5059 1519 2061 5775 1593 6858 4964 6564 4868 5681 5701 5254 6735 2550 6974 2769 1073 5239 701 2525
1027 588 2549 5924 738 3526 3832 542 818 5347 2908 5876 5717 4968 4150 6161 3177 465 4076 545 6146 2276 4650 4232 3677 4123 7000 3602 714 6552 6126 592 7139 27 6515 6729 3552 1698 7270 4370 5896 2677 1597 4113 6497 4599 2773 2173 3915 6849 1569 2560 476 6219 6791 3005 1693 5142 6606 2406 4193 5231 1849 2684 5257 7215 1912 1309 1412 533 4530 7308 2061 4978 2772 1057 928 4396 3230 3695
2596 4798 6254 1924 3516 4397 4928 4061 2038 4033 6466 5083 615 7167 266 4724 6881 2177 4884 7145 1561 765 6952 2473 4594 1075 3530 5522 5470 5611 1716 6918 1760 6821 1341 4128 2569 6268 688 4607 1652 6005 2189 2266 5671 1306 6989 3904 2334 3224 3548 3894 3988 1851 6366 1082 2925 1247 5455 7246 5709 7170 6663 7469 5342 6855 2948 411 5622 3635 3869 6125 991 4909 7243 6662 6214 6731 1917 1047
2455 5464 3792 5294 7314 1509 6375 1590 2756 4329 1335 7316 2850 6850 7284 692 6204 1583 7454 3178 5217 3822 1802 6208 1230 1544 4221 6295 7127 6137 7341 933 2952 2484 6226 1617 3992 3953 3206 5599 781 3392 5415 3631 2741 4050 3174 297 5633 3127 2326 2201 6948 2979 908 7029 3375 3980 5823 1853 1468 4515 2785 3271 6998 362 4887 2341 3166 6944 440 3947 1688 4706 6429 3280 1255 2102 3576 6887
5228 4753 1588 3527 232 1347 3055 3606 4179 229 5458 5646 3595 7094 269 1944 6307 5155 4284 1973 3451 3575 5919 3990 780 4847 7269 2035 5800 2197 273 3527 6949 712 5905 7180 911 311 2137 5089 539 94 2086 2985 7187 2354 4928 5994 6361 563 466 1163 4138 5236 5152 4917 1434 3772 5803 7233 5968 4928 2111 4269 5639 515 3948 6549 825 4937 2989 215 5030 5075 3199 3569 6280 6978 914 5140
6392 231 5154 3029 5466 2805 6798 5751 6577 3952 5483 3896 1379 6445 664 7018 5811 4612 4918 6635 900 407 5701 5929 4333 251 849 3112 7228 1762 7104 6119 1992 4757 500 6309 62 6149 3411 5490 2600 245 1885 3979 6689 2549 2348 4999 6012 7265 2985 6911 6523 1185 5339 3355 1435 5040 5319 14 6801 4922 6133 145 2178 5484 5305 2239 4132 1216 6580 6731 1460 965 2061 7001 3513 4408 4499 2024
3025 7484 1434 2047 20 5624 4254 307 3163 2072 320 1316 5845 5304 1460 522 3287 6764 1613 7418 6831 692 5501 7143 1656 61 6643 4020 3321 2493 6043 6345 2476 6328 7243 1348 4452 2848 1654 6466 3771 1973 281 2115 7277 592 2637 1915 6208 3101 685 5538 3792 6185 5180 4300 5097 3174 819 7269 5667 5714 6113 6994 4541 4708 841 344 55 2494 6810 2678 3319 5942 4792 1947 6534 6280 2713 5241
732 3397 2130 3376 933 6162 175 4882 1835 7345 4650 1 5558 2115 6995 1451 6822 335 1794 5728 1681 7455 905 3851 5897 4549 4649 3782 3328 7361 374 4060 2110 2503 7435 3042 1164 6461 6775 1851 5157 3925 1851 3215 6039 1345 3517 4212 532 5310 1291 1064 4117 2196 3766 1365 5596 914 5146 275 7126 5519 3186 1735 6873 1972 3629 537 932 1755 2387 6089 5679 3089 655 3069 3286 4171 6132 2669
832 7423 2584 4948 970 6349 6312 5417 6114 2809 5691 4591 827 1377 5178 6552 3348 1306 7088 4280 1912 826 1720 6443 2766 1226 863 6051 5396 6995 1219 5079 5769 3802 1379 5590 1502 190 3506 6467 1851 1696 3558 1529 1924 1235 580 5272 1392 6519 903 3303 6196 2622 2245 1462 2699 3108 6364 594 1454 6435 5672 6074 1588 5902 4163 3090 6092 6520 2056 6794 715 4465 822 2639 5699 254 6762 5942
6772 164 1745 5468 1637 2841 5781 4335 4800 4644 3780 5105 3578 803 3678 5166 6705 340 7107 4148 5711 1662 3441 6426 6127 3114 416 3177 3367 7177 1619 2639 6192 2215 6958 328 5055 5238 3514 1207 2381 7293 6311 4811 595 2489 2476 7299 1680 2082 2798 7391 2595 6238 5168 73 1852 4435 2102 5218 4111 3720 6708 1654 4786 6165 1981 1192 3902 5494 2398 5135 4138 61 2445 4732 1401 3772 3383 1932
5853 6180 674 7299 3770 5841 7372 5621 2775 1973 2190 5737 4544 250 6242 1829 6414 722 3020 1668 5067 4270 5654 1704 4330 6950 5288 5730 3221 22 6513 425 5053 7187 223 1322 5527 94 5794 7154 918 6836 4242 4313 7085 2984 6141 4850 2557 513 6517 6476 3634 3522 7031 6815 2971 3670 5044 6191 3691 4056 6615 1244 2594 6838 1417 621 5783 7211 6626 5553 6546 2219 1217 6130 4054 6210 3479 5463
6722 1348 4438 1707 3721 2820 1021 6692 6490 4916 4234 1532 323 2201 1627 2917 390 3044 2389 5024 1606 1514 3076 651 2584 3145 5632 6638 1854 462 4600 7427 661 389 1633 4382 3208 2653 2425 1049 68 5510 2581 390 210 4207 3306 599 6102 5694 5623 207 6059 50 857 1143 3194 5340 6632 3899 5802 2583 3825 5314 1823 5457 1047 3882 609 3471 4931 7028 1481 11 7418 542 3069 2075 1141 1671
6621 5615 1877 5179 4516 1586 5173 6562 5777 3156 2960 2930 4590 6785 744 6412 4741 1790 2794 4202 4113 224 3729 5593 6586 2498 4986 2154 4573 6126 2676 3693 3092 3405 223 108 4990 4248 5521 2118 7403 980 5048 3345 264 5791 2256 3857 6432 3901 558 3044 2976 3138 7488 2061 5636 4974 3067 2708 2451 4594 5252 5543 498 4326 4502 4339 1073 2522 6457 7328 3501 4004 2024 2617 1146 4279 5325 77
7032 4734 3121 2507 371 1960 3420 6006 6933 5338 65 1884 2431 4168 7426 1781 994 3279 6119 918 5800 5075 7097 652 430 1620 2120 1575 4751 7444 504 4282 4677 2476 5640 5048 4435 411 2405 2720 5748 2470 4603 7031 5489 3380 1311 6482 6658 7429 6252 4957 3856 5848 4460 4285 6320 6580 4712 3570 6523 4067 6703 2552 5394 3694 6451 2328 4105 207 5047 2352 1528 1001 1882 7017 3232 2044 4850 2389
1973 3601 6197 4680 801 3157 316 7120 2236 5027 2041 110 445 1243 1513 5838 4936 463 7018 392 670 3416 1596 2197 4417 3477 565 148 4373 5415 1389 6345 1515 85 3524 2315 2093 3839 786 3180 218 2826 2142 7014 2920 3654 5352 6708 2969 3721 7099 2490 7136 1194 3538 2904 3523 4103 1904 395 2017 3292 5591 2383 2228 466 4698 3173 3156 4335 6352 2225 7161 993 1739 1432 3499 5942 639 5319
2162 6590 308 1797 6635 3845 3553 2657 447 5456 1903 1315 1247 6345 3698 2326 6810 7247 5498 1318 4081 4350 3542 2593 4194 4132 4025 6544 2573 3515 4362 4734 1456 4669 5383 591 7366 1435 2099 6664 6890 4002 479 6988 1698 4176 1813 7360 2774 6163 1177 6854 1864 4718 799 4909 1350 3675 3953 2774 7189 814 6360 7497 4335 4242 587 4200 4528 2685 2215 2769 5538 2693 1108 7236 5720 1772 7095 7345
434 7123 6699 2297 4340 6349 7206 4541 2523 2510 7315 1063 2175 6174 1059 6509 1767 1645 2060 5146 3182 3127 414 1219 5819 1521 7306 2891 2144 5752 2735 2578 5374 785 3726 1066 7133 2283 4458 2155 4792 4272 2070 5819 1797 3128 3679 2415 4773 4591 60 6806 217 6825 6876 6035 7197 6682 277 1841 3785 3012 3270 511 2648 6995 1576 1133 630 6033 2139 4273 1657 4208 2591 2305 7336 6270 4720 3460
3360 3631 2765 3576 2956 992 962 2652 173 1239 3344 2810 3102 6613 3320 4601 4960 4895 5733 5589 2279 372 2361 3935 4579 4952 6240 3266 2573 2311 6725 5932 5941 841 859 1396 1833 1820 2900 857 1910 6243 3666 3863 4208 5837 7316 1667 2083 5548 7255 4362 5919 967 7148 1850 4770 4739 5115 7342 7049 3192 4625 4342 4032 5483 4589 4716 6155 7488 5573 564 5083 590 3279 642 6427 3094 2308 1009
1141 914 4222 5912 732 2722 6613 5502 7460 4227 5343 5861 7418 2468 2702 2802 450 7290 17 6604 6130 4441 6020 2564 5031 650 3205 2809 3743 5512 2669 3735 5277 6891 998 6008 2112 110 4009 923 3189 704 6783 1958 3171 836 4759 2472 626 3628 428 5607 6920 6447 670 4450 7096 3874 6110 2190 737 1279 5924 6013 7021 5774 4520 484 5883 7381 1406 1571 584 7041 2381 2606 6728 7139 5077 6205
2118 4356 4311 1538 2154 4980 4839 1749 1353 3449 2790 941 4727 66 6953 3099 5839 2825 3582 4221 1557 3839 4644 2140 3379 7024 3597 2607 5514 1173 1311 6484 4381 4474 521 6534 1953 4211 7135 2158 159 2424 3098 3737 2489 1403 6835 7179 3079 1768 2752 4635 5607 7395 6774 337 5770 2870 1795 2635 2894 1958 1618 6126 6431 990 5160 7235 5201 4794 744 4211 7217 2694 448 1058 4096 6134 736 7174
402 3487 3160 4860 2233 1285 5196 6854 3006 6991 841 5899 1448 1310 4525 6730 1152 1036 6464 6352 5829 6060 1914 4397 1253 1213 4306 4200 7347 5042 3873 6600 7380 5884 3959 965 7168 506 6670 2673 7496 10 7423 295 172 4447 5876 1323 4334 3692 6526 2662 2251 939 5911 3503 1004 2716 202 7202 257 2926 6301 6489 1309 1611 6305 976 2116 4326 3648 964 3188 3570 1258 3359 6869 7134 4681 3702
0 1 2250
0 2 497
0 3 4558
0 4 4610
0 5 4842
0 6 212
0 7 3836
0 8 1993
0 10 476
0 11 6975
0 12 7475
0 13 7428
0 14 965
0 15 2926
0 16 954
0 17 5315
0 18 3399
0 19 3493
0 20 4374
0 21 5329
0 22 5349
0 23 1278
0 24 7195
0 25 3331
0 26 608
0 27 704
0 28 7012
0 29 141
0 30 1408
0 31 1246
0 32 7116
0 33 1297
0 34 5176
0 35 2353
0 36 2426
0 37 5843
0 38 5383
0 39 6227
0 40 5146
0 41 4099
0 42 3715
0 44 2078
0 45 5326
0 46 5692
0 47 1503
0 48 6858
0 49 701
0 50 4589
0 51 2427
0 52 6768
0 53 3831
0 54 5694
0 55 3472
0 56 6300
0 57 6222
0 58 6947
0 59 7441
0 60 5511
0 61 634
0 62 3861
0 63 1958
0 64 402
0 65 2145
0 66 7000
0 67 2979
0 68 3735
0 69 3511
0 70 6815
0 72 4466
0 73 1624
0 75 2850
0 76 2536
0 77 3280
0 78 2265
0 79 3008
1 2 562
1 3 5732
1 4 7251
1 5 4982
1 6 2849
1 7 7241
1 8 3143
1 9 4693
1 11 6258
1 13 918
1 14 755
1 15 6785
1 16 4325
1 17 1377
1 18 5771
1 19 945
1 20 3497
1 21 584
1 22 2275
1 23 1045
1 24 1143
1 25 7422
1 26 436
1 27 3444
1 28 3888
1 29 5380
1 30 4369
1 31 6379
1 32 6214
1 33 6229
1 34 1045
1 35 6190
1 36 367
1 37 3222
1 39 4266
1 40 403
1 41 3429
1 42 6592
1 43 7384
1 44 7314
1 45 1630
1 46 6317
1 47 1037
1 49 1291
1 50 7194
1 51 3614
1 52 4580
1 53 2860
1 54 4324
1 55 3419
1 57 2075
1 58 6462
1 59 7184
1 60 3768
1 61 5997
1 62 1655
1 63 3042
1 64 1379
1 65 2834
1 66 5445
1 67 285
1 68 1100
1 69 4391
1 70 6291
1 71 3672
1 72 1531
1 73 582
1 74 4616
1 77 3818
1 78 3983
1 79 5554
2 3 7015
2 4 4127
2 5 4751
2 6 5220
2 7 3602
2 8 5854
2 9 5424
2 10 7001
2 11 2615
2 12 5044
2 13 5578
2 14 17
2 15 7097
2 16 3358
2 17 657
2 18 1954
2 20 4932
2 22 7003
2 23 7182
2 24 1964
2 25 2448
2 26 2678
2 27 6685
2 28 7035
2 29 6192
2 30 4091
2 31 6581
2 32 1393
2 33 6118
2 34 2700
2 35 7424
2 36 4355
2 37 5688
2 38 5586
2 39 4664
2 40 3403
2 41 5139
2 42 6763
2 43 1576
2 44 7402
2 45 2760
2 46 3030
2 47 5383
2 48 3130
2 49 4174
2 50 2274
2 51 722
2 52 4242
2 53 688
2 54 3130
2 55 79
2 57 4069
2 58 780
2 59 3243
2 60 7144
2 61 40
2 62 4242
2 63 5574
2 64 3861
2 65 3041
2 66 2050
2 67 1764
2 68 1582
2 69 7069
2 70 3802
2 71 1690
2 72 4142
2 73 3354
2 74 5500
2 75 1053
2 76 309
2 77 5335
2 79 3408
3 4 4535
3 5 6457
3 6 5233
3 7 7340
3 8 5379
3 9 2535
3 10 3165
3 11 1180
3 12 651
3 13 7056
3 14 3789
3 15 4328
3 17 4271
3 18 1213
3 19 6729
3 20 831
3 21 2437
3 22 6496
3 23 5098
3 24 4111
3 25 4496
3 26 6478
3 27 3632
3 28 1656
3 29 1087
3 30 4560
3 31 2906
3 32 3900
3 34 5112
3 35 6244
3 36 3154
3 37 3528
3 38 5355
3 39 6010
3 40 4075
3 41 4311
3 42 800
3 43 2658
3 44 6970
3 45 3417
3 46 6841
3 47 6157
3 48 5904
3 49 2551
3 50 655
3 51 4606
3 53 6985
3 54 5507
3 55 2082
3 56 2375
3 57 984
3 58 3555
3 59 2910
3 60 3472
3 61 7005
3 62 4530
3 64 6417
3 65 2563
3 66 1132
3 67 464
3 68 4730
3 69 2926
3 70 4974
3 73 3600
3 74 2630
3 75 545
3 76 6761
3 77 2603
4 5 332
4 7 6748
4 8 2267
4 9 2747
4 10 29
4 11 417
4 12 1612
4 13 4470
4 14 2952
4 15 6436
4 16 6450
4 17 6839
4 18 899
4 20 4201
4 21 2508
4 23 1063
4 24 1779
4 25 2196
4 26 5368
4 28 5784
4 29 2527
4 30 3894
4 31 1305
4 32 3151
4 33 311
4 34 6936
4 35 4540
4 36 5426
4 37 6572
4 38 4623
4 39 348
4 41 1380
4 42 4389
4 43 1875
4 44 3883
4 45 329
4 46 6340
4 47 2392
4 48 194
4 49 6863
4 50 777
4 51 2021
4 52 2032
4 53 1606
4 55 840
4 56 4190
4 57 1895
4 58 5092
4 59 5716
4 60 3876
4 62 4963
4 63 266
4 64 4905
4 65 1195
4 66 4293
4 67 7225
4 68 3357
4 69 6129
4 70 1923
4 71 3506
4 72 904
4 73 2036
4 74 653
4 75 1811
4 76 4756
4 78 1071
4 79 3591
5 6 3432
5 7 970
5 8 6046
5 9 6275
5 10 5149
5 11 1190
5 12 156
5 14 1445
5 15 529
5 16 1254
5 17 3212
5 18 2432
5 19 4388
5 20 390
5 21 1848
5 22 6347
5 23 7487
5 24 998
5 26 3559
5 27 1256
5 28 6092
5 29 1504
5 30 1708
5 31 1792
5 32 5619
5 33 7251
5 34 3109
5 35 4423
5 36 6959
5 37 2064
5 38 6184
5 39 5962
5 40 5513
5 41 5955
5 42 4869
5 44 2312
5 45 5527
5 46 1681
5 47 4219
5 48 510
5 49 4323
5 50 503
5 52 720
5 53 4804
5 54 178
5 55 6151
5 56 5271
5 57 5229
5 58 4586
5 59 1140
5 60 3761
5 61 5487
5 62 1645
5 63 1757
5 64 888
5 65 3039
5 66 7154
5 67 6398
5 68 5836
5 69 2008
5 70 6039
5 71 4651
5 72 3672
5 74 7110
5 75 6378
5 76 5292
5 77 5057
5 79 5434
6 7 6702
6 8 3738
6 9 252
6 10 5226
6 11 1468
6 12 1701
6 13 926
6 14 2984
6 16 6656
6 18 6265
6 19 4720
6 20 6130
6 21 3390
6 22 2898
6 23 6047
6 24 6496
6 25 895
6 26 3379
6 27 3600
6 28 1033
6 29 7173
6 30 3244
6 31 5237
6 32 664
6 33 3338
6 34 4234
6 35 4113
6 36 1821
6 37 4323
6 38 6530
6 39 3373
6 40 4004
6 41 1328
6 42 1739
6 43 3581
6 44 1580
6 45 2432
6 46 4761
6 47 22
6 48 2416
6 49 3703
6 50 1619
6 51 863
6 53 5185
6 54 2255
6 55 1733
6 56 2261
6 57 459
6 58 6590
6 59 3427
6 60 4669
6 61 848
6 62 2792
6 63 864
6 65 3074
6 66 1431
6 67 1289
6 68 6982
6 69 6330
6 71 4587
6 72 5898
6 74 5208
6 75 1218
6 76 323
6 77 6613
6 79 6307
7 8 1497
7 9 7063
7 10 1595
7 11 4062
7 12 2972
7 13 4619
7 14 2888
7 15 400
7 16 7236
7 17 3376
7 18 2857
7 19 3081
7 20 6946
7 21 1618
7 22 5490
7 23 4146
7 24 6446
7 25 969
7 26 4243
7 28 7214
7 29 2796
7 30 3327
7 32 1005
7 33 4098
7 35 5806
7 36 6490
7 37 1801
7 38 2427
7 39 6044
7 40 1449
7 41 1796
7 42 5350
7 43 751
7 44 6864
7 45 2170
7 46 6514
7 47 5118
7 49 6664
7 51 2573
7 52 4587
7 53 6378
7 54 2116
7 56 660
7 57 5138
7 58 3653
7 59 1742
7 60 2395
7 61 4203
7 62 4493
7 63 724
7 64 1684
7 65 6692
7 66 4800
7 67 2272
7 68 3713
7 69 596
7 70 3653
7 71 5140
7 72 2609
7 73 704
7 75 2445
7 76 5668
7 77 5507
7 78 612
8 9 1951
8 10 4490
8 11 3454
8 12 268
8 13 2359
8 14 6114
8 15 5431
8 16 1410
8 17 6577
8 18 4699
8 19 1631
8 20 1076
8 21 6139
8 22 942
8 23 5306
8 24 5469
8 25 6769
8 26 6102
8 27 1950
8 28 6151
8 29 1701
8 30 4967
8 31 7029
8 32 404
8 33 1745
8 34 4736
8 36 4663
8 37 3064
8 38 6103
8 39 7162
8 40 4752
8 41 7236
8 43 1310
8 44 2091
8 45 2523
8 46 3575
8 47 1125
8 48 5216
8 49 6911
8 50 4334
8 52 110
8 53 5701
8 54 2016
8 55 2456
8 56 4771
8 57 6297
8 58 4621
8 59 4668
8 60 2961
8 61 4210
8 62 7053
8 63 5579
8 64 7118
8 65 917
8 67 3914
8 68 1753
8 69 3021
8 70 6088
8 71 5085
8 72 3447
8 73 3116
8 74 764
8 75 3972
8 77 7450
8 78 5048
8 79 1061
9 11 678
9 12 1924
9 13 930
9 14 2279
9 15 1261
9 16 5311
9 18 2895
9 20 6538
9 22 6153
9 23 7252
9 24 4361
9 25 261
9 26 6702
9 27 2738
9 28 850
9 29 984
9 30 2955
9 31 6938
9 32 6932
9 33 1150
9 34 4118
9 35 2297
9 36 785
9 37 5022
9 38 5845
9 39 6891
9 40 4473
9 42 2526
9 43 5055
9 44 7024
9 45 1421
9 46 1386
9 48 5873
9 49 4911
9 50 2357
9 51 122
9 52 3270
9 53 5583
9 54 6695
9 55 4416
9 56 5484
9 57 4587
9 58 3914
9 59 4208
9 60 2784
9 61 5772
9 62 4024
9 64 1248
9 65 6848
9 66 3299
9 67 6096
9 68 1849
9 69 4885
9 70 5048
9 71 5908
9 72 5647
9 73 7071
9 75 2832
9 76 5764
9 77 1849
9 78 5081
9 79 5955
10 11 5971
10 12 4068
10 13 398
10 14 1892
10 15 4496
10 16 3437
10 17 5292
10 18 3246
10 20 745
10 22 2158
10 23 4608
10 24 792
10 25 1012
10 26 2531
10 29 4066
10 30 3149
10 31 1159
10 32 4163
10 33 5284
10 34 2992
10 35 2551
10 36 2203
10 37 6982
10 38 7398
10 39 4726
10 40 7264
10 42 775
10 43 3694
10 44 3537
10 46 2049
10 47 6472
10 48 3087
10 49 212
10 50 2086
10 51 1649
10 52 1940
10 53 6637
10 54 5900
10 55 764
10 56 1243
10 57 6347
10 58 154
10 59 3804
10 60 2828
10 61 107
10 63 6578
10 64 6186
10 65 7145
10 68 6408
10 70 1611
10 71 2764
10 72 2510
10 73 840
10 74 1758
10 75 2714
10 76 6476
10 78 1803
10 79 6466
11 12 7169
11 13 3815
11 14 5459
11 15 3114
11 16 4010
11 18 6500
11 19 2571
11 21 3933
11 22 1037
11 23 4750
11 24 601
11 25 6049
11 26 3223
11 27 1390
11 28 4733
11 29 5435
11 31 3393
11 32 2526
11 33 6219
11 34 150
11 36 1572
11 37 6078
11 38 177
11 39 2244
11 40 5539
11 41 1790
11 42 6517
11 43 2143
11 44 4904
11 45 1464
11 46 6774
11 47 5082
11 49 7284
11 50 4503
11 51 3124
11 53 307
11 55 483
11 56 4659
11 57 2021
11 58 6050
11 59 4223
11 60 5954
11 61 7316
11 62 3796
11 63 3454
11 64 6586
11 65 4628
11 66 2842
11 67 2858
11 68 1068
11 69 5124
11 70 4482
11 71 3066
11 72 1218
11 73 5698
11 74 249
11 75 1032
11 76 4752
11 77 4029
11 78 2352
11 79 4569
12 13 2622
12 14 4362
12 16 7220
12 17 2097
12 18 4459
12 19 3970
12 20 3097
12 21 2634
12 22 2659
12 23 7282
12 24 2284
12 25 34
12 27 7432
12 28 6549
12 29 3474
12 30 3900
12 31 3690
12 32 6406
12 33 5876
12 34 1132
12 35 2364
12 36 1504
12 37 4033
12 38 836
12 39 6023
12 40 68
12 41 2503
12 42 4721
12 43 5234
12 44 5785
12 45 3143
12 46 394
12 47 4816
12 48 3505
12 49 5193
12 50 450
12 51 4887
12 52 5733
12 53 7047
12 54 6704
12 55 1537
12 56 2574
12 57 172
12 58 6472
12 60 3609
12 61 4409
12 62 4709
12 63 1959
12 65 4002
12 66 936
12 67 6960
12 68 2960
12 69 7240
12 70 1964
12 71 575
12 72 3418
12 73 6391
12 74 6998
12 76 764
12 77 4662
12 79 1870
13 14 4629
13 15 5212
13 17 6147
13 18 2444
13 19 6244
13 21 1249
13 22 854
13 23 2156
13 24 2675
13 26 2172
13 27 4761
13 28 990
13 29 5810
13 30 2644
13 31 788
13 32 2637
13 33 2856
13 34 4052
13 35 4603
13 36 1991
13 37 1748
13 39 2422
13 41 3948
13 42 1053
13 43 3366
13 44 6757
13 45 5439
13 46 515
13 47 1344
13 48 5658
13 49 2070
13 50 4115
13 51 2868
13 52 6620
13 53 1379
13 54 5504
13 55 3288
13 56 3088
13 57 59
13 58 3558
13 59 6509
13 60 6631
13 61 5585
13 62 3881
13 63 6150
13 66 7107
13 67 4544
13 68 91
13 69 6184
13 70 3381
13 72 5520
13 73 2358
13 74 2754
13 75 6517
13 76 4358
13 77 3012
13 78 5119
13 79 2889
14 15 158
14 16 6804
14 17 1089
14 18 3123
14 19 5767
14 20 1098
14 21 1517
14 22 5358
14 23 6832
14 24 1347
14 25 4415
14 26 5965
14 27 7397
14 28 280
14 29 1836
14 30 912
14 31 5799
14 32 572
14 34 3695
14 37 1749
14 38 2200
14 40 6940
14 41 3725
14 42 5004
14 43 1
14 44 763
14 45 2648
14 47 4483
14 48 4675
14 49 212
14 50 4751
14 51 2134
14 53 3996
14 54 7202
14 57 6807
14 58 1006
14 59 1755
14 60 3669
14 61 6034
14 62 503
14 63 3177
14 64 4516
14 65 293
14 66 4154
14 67 7092
14 68 6167
14 69 556
14 70 7367
14 71 3662
14 72 4696
14 74 4553
14 75 1823
14 76 7371
14 77 6799
14 78 1783
14 79 5181
15 16 3847
15 17 5193
15 18 6924
15 19 3484
15 20 6745
15 21 286
15 22 441
15 23 3272
15 24 4090
15 25 1905
15 26 2441
15 27 1908
15 28 5007
15 29 3167
15 30 6889
15 31 4189
15 32 2470
15 33 7127
15 34 2459
15 35 474
15 36 3684
15 37 1312
15 38 1301
15 39 4813
15 40 1026
15 41 5384
15 42 1795
15 44 6801
15 45 6646
15 46 4441
15 47 1630
15 48 1314
15 49 5005
15 50 2524
15 51 1384
15 52 2002
15 53 3242
15 54 2295
15 55 3438
15 56 201
15 57 3271
15 58 3300
15 59 4849
15 60 5817
15 61 40
15 62 1691
15 63 5839
15 64 1735
15 66 4258
15 67 3001
15 70 1929
15 71 6289
15 72 3428
15 74 4933
15 75 1526
15 76 7063
15 77 1035
15 78 573
15 79 5839
16 17 6799
16 19 1033
16 21 4143
16 22 1237
16 23 1899
16 24 4758
16 25 4019
16 26 5317
16 27 3721
16 28 6993
16 29 37
16 30 1825
16 31 3286
16 32 6201
16 33 3511
16 34 3505
16 35 5384
16 36 3570
16 37 6966
16 38 3707
16 39 241
16 41 4259
16 42 7420
16 43 749
16 44 2149
16 45 409
16 46 5523
16 47 3341
16 48 6532
16 49 1634
16 50 6173
16 51 2414
16 52 1888
16 53 6866
16 54 6998
16 55 5785
16 56 1685
16 57 2694
16 58 4052
16 59 828
16 60 7141
16 61 6256
16 64 3286
16 65 4763
16 67 2287
16 68 4097
16 69 5124
16 70 405
16 71 5738
16 72 6657
16 73 522
16 74 6596
16 75 3455
16 77 1007
16 78 1892
16 79 5044
17 18 7061
17 20 3176
17 22 5462
17 23 1187
17 24 3162
17 25 6906
17 26 4515
17 27 4337
17 28 6264
17 29 12
17 30 6047
17 31 396
17 33 2288
17 34 6324
17 35 4079
17 36 5208
17 37 1954
17 38 5216
17 39 1187
17 40 4301
17 41 3621
17 42 4479
17 43 5170
17 44 626
17 45 4259
17 46 6308
17 47 5965
17 48 6940
17 51 4201
17 52 3119
17 53 3266
17 55 981
17 56 3095
17 57 716
17 58 169
17 59 37
17 60 5571
17 61 361
17 62 2191
17 63 3491
17 64 5543
17 65 4992
17 67 2107
17 68 3648
17 69 1457
17 70 500
17 71 394
17 72 5311
17 73 5131
17 74 2314
17 75 905
17 76 3601
17 77 3558
17 78 7379
17 79 3126
18 19 6381
18 20 2923
18 21 1667
18 22 3576
18 23 457
18 24 3578
18 25 6101
18 26 5371
18 27 6116
18 29 930
18 31 4126
18 32 3371
18 33 3119
18 34 1022
18 35 6384
18 36 6628
18 37 2780
18 39 5208
18 41 1592
18 42 4801
18 43 2711
18 44 4102
18 45 3375
18 46 1107
18 47 4766
18 48 6741
18 49 3119
18 51 4140
18 52 6824
18 53 6582
18 54 5673
18 55 3370
18 57 7215
18 58 2425
18 59 2866
18 60 4890
18 61 5312
18 62 6050
18 64 3316
18 65 2114
18 66 4973
18 67 2096
18 68 3279
18 69 3358
18 70 252
18 71 7439
18 72 2614
18 73 3336
18 75 6703
18 76 6589
18 77 6472
18 79 5022
19 20 1378
19 21 4025
19 22 1344
19 23 6814
19 24 813
19 25 3710
19 26 2656
19 27 3404
19 28 83
19 29 1624
19 30 3804
19 31 1473
19 33 5565
19 34 6567
19 35 7302
19 36 3150
19 37 2965
19 38 6037
19 40 827
19 41 5101
19 42 6000
19 43 7350
19 44 6905
19 45 5623
19 48 4106
19 49 4087
19 50 589
19 51 4191
19 52 5020
19 53 5510
19 55 3501
19 56 761
19 57 1575
19 58 3610
19 59 7442
19 60 5960
19 61 973
19 62 6318
19 63 5796
19 64 3810
19 65 2533
19 66 261
19 67 5624
19 68 5270
19 69 631
19 70 7351
19 71 730
19 72 2640
19 73 2053
19 74 7267
19 75 6669
19 76 1541
19 78 358
19 79 6468
20 21 3654
20 22 189
20 23 48
20 24 3210
20 25 5709
20 26 2150
20 28 5133
20 29 2629
20 30 6428
20 31 4225
20 32 4379
20 33 3273
20 34 2386
20 35 5129
20 36 2913
20 37 4735
20 38 2974
20 39 1599
20 40 3234
20 41 473
20 42 5268
20 43 2216
20 44 1639
20 45 875
20 46 7230
20 47 6760
20 48 7344
20 49 2527
20 50 5329
20 51 3310
20 52 1792
20 54 4765
20 55 3890
20 56 2653
20 57 6354
20 58 3626
20 59 3918
20 60 4358
20 62 4924
20 63 1554
20 64 2803
20 65 4419
20 66 2477
20 68 4638
20 69 4980
20 70 4130
20 71 2304
20 73 3809
20 74 5830
20 75 207
20 76 780
20 77 4259
20 78 2038
20 79 5940
21 22 2420
21 23 3840
21 24 3127
21 25 6788
21 26 3454
21 27 2645
21 28 5255
21 29 7494
21 30 2069
21 31 2354
21 32 664
21 33 6650
21 36 41
21 37 1645
21 38 2827
21 39 3778
21 40 2254
21 41 4334
21 42 4569
21 43 1519
21 44 5478
21 46 5471
21 47 2078
21 48 5103
21 49 1288
21 50 476
21 51 4860
21 52 1623
21 53 3232
21 54 6921
21 55 1584
21 56 7254
21 57 1772
21 58 3259
21 59 517
21 60 6388
21 61 1833
21 62 1392
21 63 3834
21 64 5236
21 65 3212
21 66 6704
21 67 5003
21 68 4665
21 69 4985
21 70 4586
21 71 374
21 72 5258
21 73 3337
21 74 1907
21 76 7146
21 77 3524
21 78 2738
21 79 6689
22 23 4021
22 24 2646
22 26 3216
22 27 7248
22 28 4524
22 30 1609
22 32 4799
22 33 2390
22 34 275
22 35 2191
22 37 3537
22 39 6274
22 40 2542
22 41 1943
22 42 7206
22 43 5772
22 45 4371
22 46 2691
22 49 3104
22 50 449
22 52 7435
22 53 307
22 54 3455
22 55 5662
22 56 5305
22 57 6866
22 58 348
22 60 53
22 61 2024
22 62 206
22 63 2831
22 64 6848
22 65 7195
22 66 772
22 68 4282
22 69 4007
22 70 1055
22 71 5393
22 72 1405
22 73 2504
22 74 3543
22 76 7295
22 77 1821
22 78 3581
22 79 7064
23 24 4922
23 25 1469
23 26 6567
23 28 1584
23 30 5591
23 31 2448
23 32 353
23 34 3550
23 35 5430
23 36 4721
23 37 5738
23 39 6407
23 40 1558
23 41 5521
23 42 3734
23 43 1299
23 44 580
23 45 3235
23 47 1325
23 48 6454
23 49 118
23 50 2888
23 51 2487
23 52 2110
23 53 4881
23 54 3885
23 55 4457
23 56 4821
23 57 2164
23 58 5512
23 59 2802
23 60 2232
23 61 2898
23 62 3070
23 63 1597
23 64 154
23 65 1491
23 66 4232
23 67 413
23 68 239
23 69 3243
23 70 1057
23 71 766
23 72 1978
23 74 7489
23 75 1534
23 76 5665
23 77 1401
23 78 2518
23 79 5649
24 25 2331
24 26 3734
24 27 1797
24 29 6989
24 30 1280
24 32 1188
24 33 1892
24 35 3673
24 36 2599
24 37 5033
24 38 4122
24 39 1354
24 40 5850
24 41 6322
24 42 7010
24 43 5474
24 44 5683
24 48 6203
24 51 7386
24 52 3510
24 53 7079
24 54 6241
24 55 3394
24 56 1009
24 57 1195
24 58 5076
24 59 6856
24 61 3243
24 63 1425
24 65 5448
24 66 647
24 67 6637
24 68 3437
24 69 2898
24 71 2407
24 72 6508
24 73 3366
24 74 5026
24 75 6903
24 77 6258
24 79 2000
25 27 3425
25 28 3837
25 29 5617
25 30 3775
25 31 2722
25 32 6148
25 33 4495
25 34 5729
25 35 4980
25 37 3848
25 38 943
25 40 1579
25 41 1480
25 42 2859
25 43 6046
25 44 2941
25 45 4210
25 46 4568
25 47 3514
25 48 5399
25 49 3112
25 50 632
25 51 4059
25 54 810
25 55 1383
25 56 5336
25 57 2622
25 58 7115
25 60 4512
25 61 4702
25 62 6175
25 63 2812
25 64 624
25 65 3409
25 66 4563
25 67 1119
25 68 1211
25 69 2622
25 70 6391
25 71 738
25 72 3935
25 73 3275
25 75 106
25 77 923
25 78 2624
25 79 4526
26 27 2810
26 30 5636
26 31 2223
26 32 6407
26 33 4836
26 34 2788
26 35 127
26 36 2083
26 37 4928
26 38 5014
26 39 3166
26 40 2824
26 41 2440
26 42 1388
26 43 1086
26 44 3466
26 46 453
26 47 3989
26 49 6274
26 50 5467
26 52 4446
26 53 6906
26 54 1366
26 55 3724
26 56 4484
26 57 337
26 58 38
26 59 1311
26 60 4574
26 61 672
26 62 4979
26 63 6633
26 64 7183
26 65 5444
26 67 5857
26 68 4335
26 69 5009
26 70 3659
26 71 416
26 72 4458
26 73 2657
26 74 3256
26 75 4544
26 76 2069
26 77 2281
26 78 5233
26 79 1654
27 28 1938
27 30 3866
27 31 703
27 32 2597
27 33 6976
27 34 5507
27 35 4908
27 36 1612
27 37 687
27 38 5029
27 39 1887
27 40 1399
27 41 6622
27 42 5078
27 43 5573
27 44 2167
27 45 4328
27 46 7412
27 47 499
27 48 6878
27 49 649
27 50 5776
27 52 7387
27 53 3601
27 54 2561
27 55 5469
27 56 2032
27 57 6023
27 59 7400
27 60 3724
27 61 4525
27 63 4436
27 64 6299
27 65 1514
27 66 6443
27 67 3401
27 68 664
27 69 883
27 70 5721
27 71 4898
27 72 2845
27 74 1368
27 75 2098
27 76 5959
27 77 1036
27 78 5224
27 79 6270
28 29 5634
28 30 2522
28 31 2359
28 32 5511
28 33 7287
28 34 5443
28 35 4722
28 36 5503
28 37 3083
28 38 6469
28 39 515
28 40 3420
28 41 6888
28 42 7159
28 43 2642
28 44 4471
28 46 6992
28 47 1905
28 48 7247
28 49 4752
28 50 3260
28 51 2321
28 52 4508
28 53 6579
28 54 6255
28 55 157
28 56 5799
28 57 4412
28 58 2843
28 59 4246
28 60 4845
28 61 817
28 62 5609
28 63 653
28 64 538
28 65 2955
28 66 3262
28 67 6145
28 68 5061
28 69 7412
28 70 6455
28 71 1340
28 72 3253
28 73 6358
28 74 4977
28 75 5069
28 77 4737
28 78 3936
28 79 5013
29 31 2917
29 32 1994
29 33 223
29 34 5298
29 35 4714
29 36 6802
29 37 2981
29 38 7273
29 39 4095
29 40 3679
29 41 6938
29 43 5265
29 45 552
29 46 3468
29 47 2989
29 48 4791
29 49 2765
29 51 6914
29 52 6890
29 53 7301
29 54 5307
29 55 1682
29 56 2240
29 58 3811
29 59 5520
29 60 1569
29 61 5009
29 62 6497
29 64 838
29 65 6957
29 67 3322
29 68 7241
29 69 6237
29 70 2474
29 71 7373
29 72 2326
29 73 2857
29 74 7035
29 75 4145
29 76 4573
29 77 6760
29 78 6685
29 79 761
30 32 5823
30 33 1468
30 35 815
30 36 448
30 38 1773
30 39 5532
30 40 1373
30 41 5247
30 42 5532
30 43 4710
30 44 6689
30 45 1197
30 46 2107
30 48 3456
30 49 5556
30 50 4068
30 51 7240
30 52 298
30 53 2137
30 54 811
30 55 3988
30 56 1409
30 57 7299
30 58 517
30 59 6683
30 60 2252
30 61 1354
30 62 3063
30 63 2106
30 64 1109
30 65 984
30 66 2070
30 67 6615
30 68 7262
30 69 7176
30 70 2435
30 71 2624
30 72 3852
30 73 4668
30 74 4337
30 75 4525
30 76 4807
30 77 312
30 78 4386
31 32 4347
31 33 4426
31 34 1202
31 35 7489
31 36 2614
31 37 948
31 38 1377
31 39 4661
31 40 6165
31 41 1238
31 42 2770
31 43 6408
31 44 98
31 45 7372
31 46 523
31 47 1613
31 48 6625
31 49 4595
31 50 1390
31 51 1598
31 53 1397
31 54 4902
31 55 904
31 56 2375
31 57 1562
31 58 959
31 59 2018
31 61 5655
31 62 3767
31 63 382
31 64 1249
31 65 1621
31 66 5036
31 67 6981
31 68 4717
31 69 6882
31 70 5610
31 71 3011
31 72 4318
31 73 7495
31 74 2157
31 75 1946
31 76 1296
31 77 1918
31 78 2832
31 79 645
32 33 7009
32 34 6478
32 35 2978
32 37 194
32 38 761
32 39 4776
32 40 4163
32 41 7022
32 42 907
32 43 6370
32 44 246
32 45 5400
32 46 2314
32 47 7232
32 48 1309
32 49 1825
32 50 492
32 51 5403
32 52 6599
32 53 4467
32 54 5601
32 55 267
32 56 2654
32 57 5328
32 58 5589
32 59 164
32 60 4594
32 61 2735
32 62 6227
32 63 1724
32 64 3981
32 65 2460
32 66 1267
32 67 2273
32 68 2514
32 69 4280
32 71 4547
32 72 189
32 73 5908
32 74 1274
32 75 2763
32 76 6050
32 77 46
32 78 5903
32 79 6032
33 34 5343
33 35 7250
33 36 2197
33 37 3439
33 38 328
33 39 4545
33 41 443
33 42 6752
33 43 6280
33 45 1384
33 46 2213
33 47 1993
33 48 3094
33 49 3621
33 50 5185
33 51 2556
33 52 2629
33 53 2748
33 54 3869
33 55 95
33 56 2868
33 57 208
33 58 4761
33 59 2019
33 60 6442
33 62 6
33 63 2271
33 65 1518
33 66 3460
33 67 5050
33 68 2987
33 69 971
33 70 6245
33 71 161
33 72 3456
33 73 3201
33 76 5203
33 78 4144
33 79 3907
34 36 5029
34 37 1321
34 38 1352
34 40 6401
34 41 5289
34 42 3117
34 43 5324
34 44 1387
34 45 2763
34 46 5067
34 47 7239
34 48 1833
34 49 508
34 50 3028
34 53 794
34 54 1538
34 55 5796
34 57 4697
34 58 7431
34 59 1785
34 60 6802
34 61 2543
34 62 1559
34 63 6235
34 64 4400
34 65 20
34 66 1325
34 67 3359
34 68 5176
34 69 5384
34 70 6262
34 72 3931
34 73 5112
34 74 3850
34 75 4384
34 76 5892
34 77 49
34 78 4737
34 79 4646
35 36 1609
35 38 1940
35 39 6643
35 40 3877
35 42 1760
35 43 135
35 44 5706
35 45 1106
35 46 5516
35 47 1260
35 48 2461
35 49 4429
35 50 6710
35 51 6070
35 52 2294
35 53 670
35 54 7321
35 55 3232
35 57 6402
35 58 4445
35 60 482
35 61 7246
35 62 3418
35 64 3529
35 65 6706
35 66 1143
35 67 93
35 68 5487
35 69 3953
35 70 3469
35 71 3188
35 72 1477
35 73 6109
35 74 5000
35 75 3421
35 76 2387
35 77 425
35 78 5791
35 79 7070
36 38 6275
36 39 3542
36 40 2795
36 41 2530
36 42 6858
36 43 414
36 44 1584
36 45 227
36 46 150
36 47 3944
36 48 2876
36 49 3293
36 50 5048
36 51 3538
36 52 4539
36 53 4483
36 54 6910
36 55 357
36 57 2886
36 58 2785
36 59 7062
36 60 570
36 61 613
36 62 1253
36 63 4605
36 64 1795
36 65 5451
36 66 5627
36 68 210
36 69 6140
36 70 974
36 71 2919
36 72 5457
36 73 1919
36 74 483
36 75 3019
36 76 2623
36 77 1482
36 78 4226
36 79 5593
37 38 3344
37 39 3186
37 40 5446
37 41 3670
37 42 3765
37 44 3590
37 45 3469
37 46 3519
37 47 4541
37 48 502
37 49 1346
37 51 4319
37 52 1555
37 53 2105
37 54 6279
37 55 6966
37 56 6038
37 57 6920
37 58 770
37 59 3368
37 61 1429
37 62 7099
37 63 3659
37 64 3274
37 65 2084
37 66 4382
37 67 1438
37 68 3058
37 69 7042
37 70 112
37 72 928
37 74 6699
37 75 3257
37 76 453
37 77 5710
37 78 7068
37 79 5680
38 39 798
38 40 6237
38 41 4924
38 42 3236
38 43 554
38 44 195
38 46 6658
38 47 6574
38 49 2709
38 50 2252
38 52 2704
38 53 3929
38 54 6664
38 55 1615
38 56 1386
38 57 7477
38 58 5695
38 61 1352
38 62 3602
38 63 903
38 64 3086
38 65 548
38 66 1536
38 67 3003
38 68 5550
38 69 5950
38 70 493
38 71 1418
38 72 6354
38 73 1731
38 74 3625
38 75 5980
38 76 4481
38 77 1885
38 78 6480
38 79 1045
39 40 466
39 41 1668
39 42 275
39 43 6058
39 44 579
39 45 5506
39 46 2119
39 47 2031
39 49 3761
39 50 2407
39 51 3485
39 52 7017
39 53 3325
39 54 7498
39 55 7495
39 56 4280
39 57 286
39 58 713
39 59 3689
39 60 3238
39 61 1098
39 62 1666
39 63 5191
39 64 5655
39 65 6494
39 66 3988
39 67 3149
39 68 3496
39 69 2454
39 70 2787
39 71 964
39 72 1739
39 73 3549
39 74 3908
39 76 7146
39 77 6641
39 78 949
39 79 497
40 42 1947
40 43 2432
40 44 1613
40 45 790
40 46 3404
40 47 5157
40 48 2247
40 49 4607
40 50 6221
40 51 4141
40 53 1036
40 54 6028
40 55 3931
40 56 3893
40 57 7117
40 58 4077
40 59 695
40 60 364
40 61 1004
40 62 1029
40 64 6070
40 65 5803
40 66 7034
40 67 3831
40 68 6003
40 70 7127
40 72 2409
40 73 3037
40 74 3601
40 75 1116
40 76 847
40 77 1567
40 78 3481
40 79 5853
41 42 4425
41 43 2126
41 44 6450
41 45 7250
41 47 5752
41 49 4230
41 51 5491
41 52 6480
41 53 2946
41 54 3644
41 55 7477
41 56 5716
41 57 953
41 58 2005
41 59 6233
41 60 7360
41 61 4227
41 62 1209
41 63 7462
41 64 1915
41 65 2541
41 66 6557
41 67 4121
41 68 1912
41 69 3518
41 70 3715
41 71 3028
41 72 5999
41 73 2591
41 74 1714
41 75 4632
41 76 2783
41 78 2843
41 79 5961
42 43 482
42 44 2546
42 45 6982
42 46 729
42 47 2692
42 48 6239
42 49 2861
42 50 2625
42 51 5935
42 52 6234
42 53 7170
42 55 6447
42 56 1482
42 58 50
42 60 6883
42 61 7083
42 62 4462
42 63 3072
42 64 3054
42 65 5920
42 66 5079
42 67 5276
42 68 3142
42 69 6306
42 70 1754
42 71 1054
42 73 2535
42 74 2788
42 75 1552
42 76 819
42 77 5760
42 78 2344
42 79 5085
43 44 1676
43 45 6797
43 46 4881
43 47 7306
43 49 1890
43 50 5780
43 51 6676
43 52 3194
43 53 719
43 54 6571
43 55 594
43 56 1825
43 59 7172
43 60 1422
43 62 1224
43 63 5833
43 64 2702
43 65 1261
43 66 28
43 67 6978
43 68 1898
43 69 4567
43 71 3610
43 72 6887
43 73 3647
43 74 1531
43 75 3900
43 76 632
43 77 6955
43 78 5397
43 79 1619
44 45 6057
44 46 1816
44 47 6136
44 48 5585
44 49 6436
44 50 5724
44 52 685
44 53 7365
44 54 4365
44 55 5270
44 56 2678
44 57 3501
44 58 2482
44 59 3598
44 60 7257
44 62 5866
44 63 4149
44 64 3007
44 65 5658
44 66 4332
44 67 4261
44 68 2269
44 69 3526
44 70 696
44 72 2417
44 73 6803
44 74 4330
44 75 2907
44 76 122
44 77 3433
44 78 1028
44 79 1164
45 46 4907
45 47 1390
45 48 6580
45 50 3889
45 53 3748
45 54 1069
45 55 755
45 56 4530
45 57 2878
45 58 929
45 59 5287
45 60 4441
45 62 6342
45 63 6703
45 64 4565
45 65 7152
45 66 2417
45 67 5236
45 69 4001
45 70 4445
45 71 2781
45 72 3617
45 73 2074
45 74 4976
45 75 6355
45 76 3150
45 78 4324
45 79 5083
46 47 3588
46 48 1822
46 49 3494
46 50 3054
46 51 4396
46 52 4081
46 53 4956
46 54 3581
46 55 2969
46 56 2433
46 57 7218
46 58 6021
46 59 6288
46 60 4098
46 62 532
46 64 383
46 65 7332
46 66 2901
46 68 7296
46 69 6889
46 70 7203
46 71 3029
46 72 1710
46 73 2494
46 74 4988
46 75 7396
46 76 2123
46 77 620
46 78 7421
46 79 926
47 48 1533
47 49 2697
47 50 2488
47 51 5921
47 52 6680
47 53 1731
47 54 2902
47 55 6443
47 56 2530
47 57 5987
47 58 3623
47 59 4040
47 60 3001
47 61 2330
47 62 4661
47 63 5786
47 66 658
47 67 4266
47 68 5315
47 69 2090
47 70 1178
47 71 3157
47 72 7307
47 73 5612
47 75 1735
47 76 6298
47 77 4879
47 78 1160
47 79 5821
48 49 3788
48 50 4959
48 51 1727
48 53 7156
48 54 386
48 55 4203
48 56 4440
48 57 5740
48 58 4396
48 59 1391
48 60 4437
48 61 5452
48 62 5852
48 63 3279
48 64 4932
48 65 142
48 67 2614
48 68 3346
48 69 7382
48 70 1089
48 71 4705
48 72 3770
48 73 7243
48 74 1458
48 75 7109
48 76 5734
48 78 1501
48 79 4027
49 50 2786
49 51 1528
49 52 7458
49 53 4393
49 54 5431
49 55 5269
49 56 5036
49 57 3137
49 58 7219
49 59 3986
49 60 509
49 61 5046
49 62 3517
49 63 4887
49 64 3411
49 65 7500
49 66 574
49 67 475
49 68 3613
49 69 5918
49 70 6518
49 71 6328
49 72 784
49 73 797
49 74 2163
49 75 4791
49 76 1417
49 77 1494
49 79 5233
50 51 2726
50 52 153
50 53 6071
50 54 7100
50 55 1847
50 56 3871
50 57 1188
50 58 1069
50 59 7191
50 60 3741
50 61 4046
50 62 3835
50 63 143
50 64 5914
50 65 4338
50 66 4079
50 67 1642
50 68 6188
50 69 2466
50 70 4517
50 71 457
50 73 1645
50 74 121
50 75 5837
50 76 1978
50 77 4902
50 78 67
50 79 7198
51 52 235
51 53 779
51 54 202
51 55 4373
51 56 4232
51 57 4602
51 58 453
51 60 191
51 61 2323
51 62 5790
51 63 4672
51 64 240
51 65 5196
51 66 971
51 67 640
51 68 7251
51 69 5690
51 70 2169
51 71 6854
51 72 6817
51 73 1406
51 74 2094
51 75 1364
51 76 7339
51 77 7472
51 78 3097
51 79 4774
52 53 5547
52 55 6517
52 56 2622
52 58 5737
52 59 1920
52 60 4702
52 61 4709
52 62 2915
52 63 4703
52 64 5487
52 65 6144
52 66 7456
52 67 3454
52 68 2110
52 69 5240
52 70 2048
52 71 6672
52 72 2343
52 73 1175
52 74 4067
52 75 7335
52 76 2071
52 77 5285
52 78 7212
52 79 198
53 54 6257
53 55 3024
53 56 2660
53 57 616
53 58 6055
53 59 3776
53 60 4428
53 62 6771
53 63 1216
53 64 1463
53 65 4888
53 66 5232
53 67 6866
53 68 6846
53 69 1766
53 70 4665
53 71 6419
53 72 969
53 73 1696
53 74 1653
53 75 864
53 76 3330
53 77 1148
53 78 58
53 79 6505
54 55 5523
54 56 1953
54 58 170
54 59 574
54 60 4291
54 61 4390
54 62 1739
54 63 3569
54 64 7165
54 65 6490
54 66 373
54 67 749
54 68 95
54 69 3092
54 70 56
54 71 6831
54 72 4268
54 73 4028
54 74 5110
54 75 3015
54 76 7422
54 77 3353
54 78 3077
54 79 5349
55 56 5282
55 58 5655
55 59 7260
55 60 2231
55 61 3132
55 62 7219
55 63 2869
55 64 1067
55 65 4248
55 66 767
55 67 6222
55 68 6474
55 70 6985
55 71 1995
55 72 2145
55 73 6874
55 74 5431
55 75 915
55 76 2592
55 77 2250
55 78 296
55 79 351
56 57 115
56 58 4764
56 59 4273
56 60 3191
56 62 7019
56 63 1125
56 64 2860
56 66 2636
56 68 566
56 69 1989
56 70 7136
56 71 7137
56 72 2861
56 73 4968
56 74 6299
56 75 640
56 76 5247
56 77 4162
56 78 6095
56 79 3254
57 58 1454
57 59 2232
57 60 1248
57 61 1299
57 62 2311
57 64 1946
57 65 5188
57 66 1213
57 67 2882
57 68 1523
57 69 4080
57 70 454
57 71 304
57 72 5980
57 73 4947
57 75 2411
57 76 3365
57 77 3400
57 78 3174
57 79 5654
58 59 5360
58 60 5265
58 61 4070
58 62 6156
58 63 2011
58 64 4090
58 66 3976
58 67 4657
58 68 6496
58 69 5857
58 70 3366
58 71 4353
58 72 5094
58 73 401
58 74 4872
58 75 6367
58 76 5742
58 77 3151
58 79 3161
59 60 2157
59 61 4097
59 62 2577
59 63 7481
59 64 400
59 65 1092
59 66 4301
59 67 5739
59 68 1528
59 69 1929
59 70 2329
59 71 253
59 72 6999
59 73 5708
59 74 2039
59 75 4171
59 76 5173
59 77 5871
59 78 7375
59 79 2985
60 61 5638
60 63 1290
60 64 5103
60 65 7241
60 66 3598
60 67 3741
60 68 1379
60 69 4353
60 70 2209
60 71 3512
60 72 4454
60 73 6452
60 74 3781
60 76 2131
60 77 1925
60 79 2437
61 62 2178
61 63 3226
61 65 6823
61 66 2895
61 67 2126
61 68 1029
61 69 1604
61 70 759
61 71 4618
61 72 1834
61 73 2449
61 74 2840
61 75 923
61 76 2550
61 77 6052
61 78 5916
62 63 6685
62 64 4358
62 66 1035
62 67 6386
62 68 6804
62 69 2227
62 70 2223
62 71 5082
62 72 5737
62 73 2794
62 74 2312
62 75 4692
62 76 6307
62 77 318
62 78 7037
62 79 2759
63 64 1063
63 65 1975
63 66 4747
63 67 1863
63 68 6552
63 69 1815
63 70 1136
63 71 4182
63 72 4629
63 73 6800
63 74 2043
63 75 3152
63 76 6085
63 77 3276
63 78 174
63 79 606
64 65 6428
64 67 3675
64 68 2899
64 69 6548
64 70 7243
64 71 5827
64 72 3354
64 73 2619
64 74 3349
64 75 2575
64 76 2914
64 77 4776
64 78 4403
64 79 4260
65 66 1206
65 67 716
65 68 5383
65 69 1486
65 70 1170
65 71 4324
65 72 6057
65 73 5253
65 74 5551
65 75 2443
65 76 6485
65 77 6442
65 78 4997
65 79 5984
66 67 4317
66 68 2539
66 69 5942
66 70 7012
66 72 7349
66 73 5369
66 74 6632
66 75 4142
66 77 4904
66 78 7311
66 79 4139
67 68 2566
67 69 5896
67 70 4501
67 71 813
67 72 5974
67 73 5691
67 74 4309
67 75 7091
67 76 3903
67 77 6377
67 78 7383
68 69 6868
68 70 2384
68 71 2111
68 72 7393
68 73 2498
68 74 5653
68 75 4028
68 76 1076
68 77 7357
68 78 2387
68 79 87
69 70 1566
69 71 548
69 72 6323
69 73 1051
69 74 1163
69 75 3983
69 76 2524
69 77 3478
69 78 4703
69 79 1944
70 71 6238
70 72 1942
70 73 2667
70 77 2029
70 78 5338
70 79 1097
71 72 1945
71 73 56
71 74 4793
71 75 5314
71 76 1849
71 77 3167
71 78 6313
71 79 3912
72 73 6731
72 74 1313
72 75 2753
72 76 7338
72 77 4587
72 78 6059
72 79 4988
73 74 281
73 75 2138
73 76 7115
73 77 6013
73 78 5472
73 79 6539
74 75 1182
74 76 1632
74 77 3575
74 78 4030
74 79 5109
75 76 4553
75 77 3643
75 78 5663
75 79 2914
76 77 7061
76 79 550
77 78 6252
77 79 7246
78 79 3156
