35 80 2518
6279 3042 3683 273 1902 650 5268 3719 1831 2554 5128 5363 1345 1409 4349 3418 5380 6580 2959 1293 3662 7436 4483 4408 1351 2490 5141 5936 1021 2453 2640 7299 4346 6322 6423
6247 6971 4190 2466 154 5595 6445 5516 6940 6705 2364 2857 3436 296 4668 4728 2809 3455 562 6068 4806 1903 3708 2093 2924 5013 4732 2722 710 2405 1645 6957 727 4686 774 880 2781 7218 6396 2220 6422 111 3928 2357 406 1095 5936 2066 4550 6497 634 707 899 3193 2799 2674 705 6382 4248 1415 1286 4744 7223 2012 1929 496 1744 4709 6565 6991 5780 5486 7101 2208 6694 6359 3302 5129 7276 6703
2977 409 7409 2727 3602 2707 5401 3158 1588 2148 3424 1725 6891 1998 3737 171 2493 4332 3732 409 3822 2011 5894 2274 4218 3939 1132 6372 419 908 5574 3395 168 4335 4974 2621 7041 1726 4631 7481 2725 6906 1705 2115 1404 4293 1137 2748 1124 4868 3157 3797 6879 402 6071 2448 4341 7202 1319 4759 6961 5745 7006 5981 2579 4479 1101 971 5056 5731 7303 280 5137 1508 1246 5392 4652 2382 639 5776
7250 2647 924 5480 3049 6994 427 6241 5548 598 3499 3860 5194 1856 2340 6624 5186 3441 94 2741 523 7397 3020 4511 256 4265 1254 4907 6647 745 2034 5248 3391 2958 3227 5291 1303 2505 4031 6850 3102 6382 2062 7147 737 4401 6270 5923 6693 5216 1163 6068 3964 3035 3078 3071 7299 3184 477 5297 3928 1363 3044 7318 3172 6270 5109 3326 127 491 2676 2080 6872 3589 1727 109 489 6848 4883 6034
4563 4897 4601 7378 431 6530 2948 6582 2213 2277 4378 6140 2491 7422 4810 4514 5043 1270 339 5169 1760 1866 7249 1132 5454 1475 92 4795 7174 4974 3328 3089 1222 6780 2966 1653 5809 4766 734 6874 5894 3963 4365 884 3884 1674 5397 279 1795 4587 5447 3555 6453 4047 3538 4406 4373 3629 1700 4047 7454 3879 7135 1175 3158 1452 1679 1467 5069 2412 840 3462 5227 5204 3197 1610 5730 7445 740 24
4532 6187 2430 3484 1585 5967 6741 5958 2095 941 1356 900 4819 7342 2075 477 1293 3753 795 6362 5017 486 1175 2743 5689 4372 3204 2770 4316 3944 2794 199 1482 5223 3682 3066 2542 2923 375 4636 2715 1730 5536 6385 423 6462 6861 1716 2714 6507 6929 6582 6992 603 1824 5181 3826 5028 6802 642 323 947 840 1804 5022 3374 3721 63 5148 4096 3550 362 4677 1585 5598 5100 6898 4959 5667 2112
3965 3947 1193 3457 4549 1869 7489 875 5748 5642 368 6070 6589 59 6725 4110 2284 2945 4172 7431 5892 221 6644 1921 658 4742 5872 55 1052 4038 1018 3868 484 1063 6176 3884 2931 5016 3610 30 3158 3977 6099 2246 2888 5323 5207 5171 7119 1878 3954 5511 950 3097 7431 1607 6690 5802 514 241 1191 1531 4109 526 2593 1636 4409 4375 6652 6871 3256 2309 3347 1854 3406 5086 6028 1112 2757 5647
1841 6710 3657 2790 1158 2439 4397 348 740 4910 6940 1930 5292 2400 2455 6737 4036 5715 2463 2039 5085 5719 4347 7284 72 6604 4869 4952 215 6477 1950 2055 4538 4458 3696 5696 6896 592 4895 6487 4353 3186 7268 2145 5586 2222 233 973 6788 2695 3011 3225 913 6209 3008 7337 5312 6728 4788 4378 5705 6737 6432 1594 3694 2627 6141 1941 2071 3535 927 5275 5573 694 6271 3658 1767 6503 4630 1054
1698 6492 4278 2610 5200 6137 1298 3011 5365 6085 7388 2421 4173 5171 4014 6718 6649 2655 1158 71 5041 936 5346 3113 1629 4116 5622 3395 3119 1603 3301 4816 594 6430 6277 5793 3919 75 1303 1783 5011 42 3055 536 5212 7068 7253 4361 1074 7263 4431 4967 698 1128 6931 1179 5244 3905 3425 862 5507 5577 4529 4953 4507 2157 3245 7277 2231 3400 1559 6094 3441 4613 6629 5 3032 5233 3217 2958
3847 6499 6776 4545 127 6206 5723 5370 2610 499 5083 6969 6076 2111 4421 1934 3119 6517 1710 5350 1268 3268 2795 4709 6732 775 3565 1115 6007 6781 2924 2354 5779 2199 5750 4757 905 2824 2626 2366 3322 6560 686 1897 22 3958 3830 3141 1827 5539 7342 3094 158 2636 6654 5741 3410 2718 6856 768 850 1131 3121 6629 3330 222 2737 3086 3045 5363 4303 6367 3274 4989 763 3296 298 3445 5288 2124
1483 5129 5218 1641 6616 3223 6233 1377 5941 4440 2144 6790 5571 4117 4770 1400 4338 7 4485 7383 4221 1287 6249 7494 5127 5863 2141 4277 1807 6280 6400 3290 3908 2969 3782 1875 6192 1366 3251 3484 5806 5395 2773 3876 863 6395 5275 5200 6401 1111 3934 1973 1249 2682 818 5228 7397 1811 2004 1703 590 7255 3844 3350 2724 6477 5224 267 343 975 3750 6148 5221 6522 2523 4935 4268 6649 2634 2020
259 6568 3992 359 601 4810 5586 497 5472 6441 2200 6061 6196 4895 1910 1419 3872 7134 537 4214 6960 4286 1713 3532 2159 3087 966 6427 2235 3599 946 1345 1518 3790 1703 2119 1099 6141 1467 6570 5081 2518 3982 3776 7413 5892 4046 3784 4377 4582 6849 3836 1367 1061 7367 2378 4147 7184 1304 5233 3282 1101 5429 3652 4890 5983 4622 4840 4623 6088 2761 1056 7458 6743 4831 7370 5134 229 2505 862
4810 1853 4697 5029 1765 3415 7406 4763 3098 61 2495 5231 1161 6775 1382 6051 5257 4855 3390 1232 2295 6151 2287 2252 4245 5969 2121 1878 6197 4625 2739 2359 5329 6287 6239 7093 1053 4996 3207 4150 5056 4553 732 5068 3827 2114 2470 1583 5820 5860 2814 614 3362 5100 2865 106 2421 3837 835 1117 7313 2425 2327 5141 63 1065 3585 1115 6060 6791 5264 2467 3843 5995 35 169 6960 2504 604 5280
7215 3417 4745 1928 7369 110 885 2289 3946 1719 2257 2611 2995 4584 251 3057 4500 2688 4171 1912 1978 786 4378 4673 5633 3264 3693 5092 5768 4296 1723 4334 6565 6468 6262 5285 5429 7146 73 1874 217 1181 4484 3211 4616 3587 5120 1616 6274 642 3527 7103 1428 404 4275 7060 3668 468 3503 787 4763 5226 5120 2679 3045 2733 463 973 1231 6887 1698 1447 568 5034 3509 5183 1120 1128 5650 6245
622 1676 5847 2049 932 2622 1608 3451 1941 5110 4237 5555 1687 708 734 4731 2293 1196 5703 3523 583 7401 4969 2 4934 7329 5184 4905 7309 3334 3649 430 3861 847 2478 4792 3468 2937 742 4260 6898 3830 2315 7437 3390 3048 4667 5682 4243 1722 1704 3677 1622 5524 3678 5407 5352 214 1663 5160 2399 5311 4441 5111 6157 5770 2403 977 1206 1996 5236 6956 4678 50 6892 567 1949 2910 6248 6192
4631 451 1220 5104 5974 3750 1862 2677 3963 3524 337 5213 186 3629 2823 5195 1899 4077 5023 1956 4925 2758 1411 2102 1660 802 2668 2460 2564 1415 3 7194 1865 1223 4798 6690 4972 6659 1866 286 1535 1054 4350 1720 4683 7172 6914 5433 2601 4436 7388 25 6046 1299 2126 6557 952 4793 1516 3515 5059 1519 2061 5775 1593 6858 4964 6564 4868 5681 5701 5254 6735 2550 6974 2769 1073 5239 701 2525
1027 588 2549 5924 738 3526 3832 542 818 5347 2908 5876 5717 4968 4150 6161 3177 465 4076 545 6146 2276 4650 4232 3677 4123 7000 3602 714 6552 6126 592 7139 27 6515 6729 3552 1698 7270 4370 5896 2677 1597 4113 6497 4599 2773 2173 3915 6849 1569 2560 476 6219 6791 3005 1693 5142 6606 2406 4193 5231 1849 2684 5257 7215 1912 1309 1412 533 4530 7308 2061 4978 2772 1057 928 4396 3230 3695
2596 4798 6254 1924 3516 4397 4928 4061 2038 4033 6466 5083 615 7167 266 4724 6881 2177 4884 7145 1561 765 6952 2473 4594 1075 3530 5522 5470 5611 1716 6918 1760 6821 1341 4128 2569 6268 688 4607 1652 6005 2189 2266 5671 1306 6989 3904 2334 3224 3548 3894 3988 1851 6366 1082 2925 1247 5455 7246 5709 7170 6663 7469 5342 6855 2948 411 5622 3635 3869 6125 991 4909 7243 6662 6214 6731 1917 1047
2455 5464 3792 5294 7314 1509 6375 1590 2756 4329 1335 7316 2850 6850 7284 692 6204 1583 7454 3178 5217 3822 1802 6208 1230 1544 4221 6295 7127 6137 7341 933 2952 2484 6226 1617 3992 3953 3206 5599 781 3392 5415 3631 2741 4050 3174 297 5633 3127 2326 2201 6948 2979 908 7029 3375 3980 5823 1853 1468 4515 2785 3271 6998 362 4887 2341 3166 6944 440 3947 1688 4706 6429 3280 1255 2102 3576 6887
5228 4753 1588 3527 232 1347 3055 3606 4179 229 5458 5646 3595 7094 269 1944 6307 5155 4284 1973 3451 3575 5919 3990 780 4847 7269 2035 5800 2197 273 3527 6949 712 5905 7180 911 311 2137 5089 539 94 2086 2985 7187 2354 4928 5994 6361 563 466 1163 4138 5236 5152 4917 1434 3772 5803 7233 5968 4928 2111 4269 5639 515 3948 6549 825 4937 2989 215 5030 5075 3199 3569 6280 6978 914 5140
6392 231 5154 3029 5466 2805 6798 5751 6577 3952 5483 3896 1379 6445 664 7018 5811 4612 4918 6635 900 407 5701 5929 4333 251 849 3112 7228 1762 7104 6119 1992 4757 500 6309 62 6149 3411 5490 2600 245 1885 3979 6689 2549 2348 4999 6012 7265 2985 6911 6523 1185 5339 3355 1435 5040 5319 14 6801 4922 6133 145 2178 5484 5305 2239 4132 1216 6580 6731 1460 965 2061 7001 3513 4408 4499 2024
3025 7484 1434 2047 20 5624 4254 307 3163 2072 320 1316 5845 5304 1460 522 3287 6764 1613 7418 6831 692 5501 7143 1656 61 6643 4020 3321 2493 6043 6345 2476 6328 7243 1348 4452 2848 1654 6466 3771 1973 281 2115 7277 592 2637 1915 6208 3101 685 5538 3792 6185 5180 4300 5097 3174 819 7269 5667 5714 6113 6994 4541 4708 841 344 55 2494 6810 2678 3319 5942 4792 1947 6534 6280 2713 5241
732 3397 2130 3376 933 6162 175 4882 1835 7345 4650 1 5558 2115 6995 1451 6822 335 1794 5728 1681 7455 905 3851 5897 4549 4649 3782 3328 7361 374 4060 2110 2503 7435 3042 1164 6461 6775 1851 5157 3925 1851 3215 6039 1345 3517 4212 532 5310 1291 1064 4117 2196 3766 1365 5596 914 5146 275 7126 5519 3186 1735 6873 1972 3629 537 932 1755 2387 6089 5679 3089 655 3069 3286 4171 6132 2669
832 7423 2584 4948 970 6349 6312 5417 6114 2809 5691 4591 827 1377 5178 6552 3348 1306 7088 4280 1912 826 1720 6443 2766 1226 863 6051 5396 6995 1219 5079 5769 3802 1379 5590 1502 190 3506 6467 1851 1696 3558 1529 1924 1235 580 5272 1392 6519 903 3303 6196 2622 2245 1462 2699 3108 6364 594 1454 6435 5672 6074 1588 5902 4163 3090 6092 6520 2056 6794 715 4465 822 2639 5699 254 6762 5942
6772 164 1745 5468 1637 2841 5781 4335 4800 4644 3780 5105 3578 803 3678 5166 6705 340 7107 4148 5711 1662 3441 6426 6127 3114 416 3177 3367 7177 1619 2639 6192 2215 6958 328 5055 5238 3514 1207 2381 7293 6311 4811 595 2489 2476 7299 1680 2082 2798 7391 2595 6238 5168 73 1852 4435 2102 5218 4111 3720 6708 1654 4786 6165 1981 1192 3902 5494 2398 5135 4138 61 2445 4732 1401 3772 3383 1932
5853 6180 674 7299 3770 5841 7372 5621 2775 1973 2190 5737 4544 250 6242 1829 6414 722 3020 1668 5067 4270 5654 1704 4330 6950 5288 5730 3221 22 6513 425 5053 7187 223 1322 5527 94 5794 7154 918 6836 4242 4313 7085 2984 6141 4850 2557 513 6517 6476 3634 3522 7031 6815 2971 3670 5044 6191 3691 4056 6615 1244 2594 6838 1417 621 5783 7211 6626 5553 6546 2219 1217 6130 4054 6210 3479 5463
6722 1348 4438 1707 3721 2820 1021 6692 6490 4916 4234 1532 323 2201 1627 2917 390 3044 2389 5024 1606 1514 3076 651 2584 3145 5632 6638 1854 462 4600 7427 661 389 1633 4382 3208 2653 2425 1049 68 5510 2581 390 210 4207 3306 599 6102 5694 5623 207 6059 50 857 1143 3194 5340 6632 3899 5802 2583 3825 5314 1823 5457 1047 3882 609 3471 4931 7028 1481 11 7418 542 3069 2075 1141 1671
6621 5615 1877 5179 4516 1586 5173 6562 5777 3156 2960 2930 4590 6785 744 6412 4741 1790 2794 4202 4113 224 3729 5593 6586 2498 4986 2154 4573 6126 2676 3693 3092 3405 223 108 4990 4248 5521 2118 7403 980 5048 3345 264 5791 2256 3857 6432 3901 558 3044 2976 3138 7488 2061 5636 4974 3067 2708 2451 4594 5252 5543 498 4326 4502 4339 1073 2522 6457 7328 3501 4004 2024 2617 1146 4279 5325 77
7032 4734 3121 2507 371 1960 3420 6006 6933 5338 65 1884 2431 4168 7426 1781 994 3279 6119 918 5800 5075 7097 652 430 1620 2120 1575 4751 7444 504 4282 4677 2476 5640 5048 4435 411 2405 2720 5748 2470 4603 7031 5489 3380 1311 6482 6658 7429 6252 4957 3856 5848 4460 4285 6320 6580 4712 3570 6523 4067 6703 2552 5394 3694 6451 2328 4105 207 5047 2352 1528 1001 1882 7017 3232 2044 4850 2389
1973 3601 6197 4680 801 3157 316 7120 2236 5027 2041 110 445 1243 1513 5838 4936 463 7018 392 670 3416 1596 2197 4417 3477 565 148 4373 5415 1389 6345 1515 85 3524 2315 2093 3839 786 3180 218 2826 2142 7014 2920 3654 5352 6708 2969 3721 7099 2490 7136 1194 3538 2904 3523 4103 1904 395 2017 3292 5591 2383 2228 466 4698 3173 3156 4335 6352 2225 7161 993 1739 1432 3499 5942 639 5319
2162 6590 308 1797 6635 3845 3553 2657 447 5456 1903 1315 1247 6345 3698 2326 6810 7247 5498 1318 4081 4350 3542 2593 4194 4132 4025 6544 2573 3515 4362 4734 1456 4669 5383 591 7366 1435 2099 6664 6890 4002 479 6988 1698 4176 1813 7360 2774 6163 1177 6854 1864 4718 799 4909 1350 3675 3953 2774 7189 814 6360 7497 4335 4242 587 4200 4528 2685 2215 2769 5538 2693 1108 7236 5720 1772 7095 7345
434 7123 6699 2297 4340 6349 7206 4541 2523 2510 7315 1063 2175 6174 1059 6509 1767 1645 2060 5146 3182 3127 414 1219 5819 1521 7306 2891 2144 5752 2735 2578 5374 785 3726 1066 7133 2283 4458 2155 4792 4272 2070 5819 1797 3128 3679 2415 4773 4591 60 6806 217 6825 6876 6035 7197 6682 277 1841 3785 3012 3270 511 2648 6995 1576 1133 630 6033 2139 4273 1657 4208 2591 2305 7336 6270 4720 3460
3360 3631 2765 3576 2956 992 962 2652 173 1239 3344 2810 3102 6613 3320 4601 4960 4895 5733 5589 2279 372 2361 3935 4579 4952 6240 3266 2573 2311 6725 5932 5941 841 859 1396 1833 1820 2900 857 1910 6243 3666 3863 4208 5837 7316 1667 2083 5548 7255 4362 5919 967 7148 1850 4770 4739 5115 7342 7049 3192 4625 4342 4032 5483 4589 4716 6155 7488 5573 564 5083 590 3279 642 6427 3094 2308 1009
1141 914 4222 5912 732 2722 6613 5502 7460 4227 5343 5861 7418 2468 2702 2802 450 7290 17 6604 6130 4441 6020 2564 5031 650 3205 2809 3743 5512 2669 3735 5277 6891 998 6008 2112 110 4009 923 3189 704 6783 1958 3171 836 4759 2472 626 3628 428 5607 6920 6447 670 4450 7096 3874 6110 2190 737 1279 5924 6013 7021 5774 4520 484 5883 7381 1406 1571 584 7041 2381 2606 6728 7139 5077 6205
2118 4356 4311 1538 2154 4980 4839 1749 1353 3449 2790 941 4727 66 6953 3099 5839 2825 3582 4221 1557 3839 4644 2140 3379 7024 3597 2607 5514 1173 1311 6484 4381 4474 521 6534 1953 4211 7135 2158 159 2424 3098 3737 2489 1403 6835 7179 3079 1768 2752 4635 5607 7395 6774 337 5770 2870 1795 2635 2894 1958 1618 6126 6431 990 5160 7235 5201 4794 744 4211 7217 2694 448 1058 4096 6134 736 7174
402 3487 3160 4860 2233 1285 5196 6854 3006 6991 841 5899 1448 1310 4525 6730 1152 1036 6464 6352 5829 6060 1914 4397 1253 1213 4306 4200 7347 5042 3873 6600 7380 5884 3959 965 7168 506 6670 2673 7496 10 7423 295 172 4447 5876 1323 4334 3692 6526 2662 2251 939 5911 3503 1004 2716 202 7202 257 2926 6301 6489 1309 1611 6305 976 2116 4326 3648 964 3188 3570 1258 3359 6869 7134 4681 3702
0 1 3407
0 2 4295
0 5 7047
0 6 545
0 7 7029
0 9 6435
0 11 3602
0 12 1166
0 13 4152
0 15 5836
0 16 3914
0 17 264
0 18 6799
0 19 6435
0 20 6542
0 23 735
0 24 5682
0 25 783
0 27 7218
0 29 2171
0 30 2893
0 31 3390
0 33 577
0 34 3631
0 35 5392
0 36 5308
0 37 5594
0 38 6680
0 39 4511
0 40 17
0 42 654
0 43 3095
0 44 6264
0 45 1748
0 46 3982
0 47 2599
0 48 2403
0 49 6800
0 50 4799
0 51 5423
0 52 1967
0 53 902
0 54 4741
0 55 4012
0 56 6552
0 57 4055
0 58 1322
0 59 6077
0 60 4392
0 61 6223
0 62 3817
0 63 5947
0 64 2489
0 68 3025
0 69 3872
0 70 2349
0 71 5826
0 74 6787
0 75 2790
0 76 37
0 77 3919
0 78 5681
0 79 5196
1 2 6911
1 3 3852
1 4 357
1 5 2083
1 6 1206
1 7 441
1 8 6192
1 9 6154
1 10 3024
1 11 2104
1 12 3604
1 13 5356
1 15 1775
1 16 4363
1 17 6661
1 21 6465
1 22 4271
1 23 2731
1 25 3171
1 26 3697
1 27 6911
1 28 6687
1 29 522
1 30 4460
1 31 4556
1 32 4096
1 33 916
1 34 1403
1 35 930
1 36 2308
1 38 6044
1 39 2248
1 41 7253
1 42 6607
1 43 6959
1 44 719
1 45 6873
1 46 4198
1 47 5506
1 48 2135
1 49 6435
1 50 763
1 51 829
1 52 2574
1 54 3775
1 55 465
1 56 656
1 57 5775
1 59 576
1 60 1642
1 61 7259
1 62 1386
1 63 2550
1 64 4060
1 66 1846
1 68 1034
1 69 2797
1 70 752
1 71 7381
1 72 1056
1 73 789
1 75 3591
1 76 3604
1 77 4634
1 78 5610
1 79 5134
2 3 5901
2 4 4977
2 5 3719
2 7 3676
2 8 4988
2 9 2814
2 10 5915
2 11 5872
2 13 6660
2 15 2750
2 16 4284
2 17 4669
2 18 5563
2 19 3370
2 20 5272
2 21 2808
2 22 1815
2 24 5490
2 25 2269
2 26 1854
2 27 6932
2 28 6378
2 29 7404
2 30 2296
2 31 786
2 32 3719
2 33 5850
2 34 6302
2 35 6471
2 37 5716
2 38 402
2 39 5624
2 40 4372
2 41 7451
2 42 5369
2 43 4820
2 44 5686
2 45 6375
2 46 4868
2 47 3360
2 49 2950
2 50 5129
2 51 2120
2 52 4735
2 53 19
2 54 3217
2 55 6354
2 56 2123
2 57 7202
2 59 6510
2 60 6708
2 61 5107
2 63 2475
2 64 832
2 65 5918
2 66 5422
2 67 4384
2 69 471
2 70 4219
2 71 6072
2 72 6405
2 73 4093
2 74 5523
2 75 1509
2 76 5490
2 77 6932
2 78 4001
2 79 5570
3 4 5236
3 5 5160
3 6 3367
3 7 3604
3 9 4074
3 10 7329
3 11 2537
3 13 859
3 14 4303
3 15 6550
3 16 7469
3 17 4231
3 18 135
3 19 3804
3 21 391
3 22 5133
3 23 4719
3 24 4362
3 26 7288
3 27 5832
3 28 4831
3 29 5794
3 31 1448
3 32 2774
3 33 1094
3 35 6846
3 36 2423
3 37 3354
3 38 2391
3 39 6381
3 41 2922
3 42 1400
3 43 6149
3 44 7256
3 45 7377
3 46 6059
3 47 1313
3 48 3246
3 49 4968
3 51 6660
3 52 399
3 53 4537
3 54 2830
3 56 1710
3 57 4028
3 58 6640
3 59 4908
3 61 3516
3 62 349
3 63 2963
3 64 2416
3 66 5353
3 67 1406
3 68 5948
3 69 7352
3 70 978
3 71 563
3 73 1125
3 74 1086
3 75 6173
3 76 867
3 77 5836
3 79 6184
4 6 5
4 7 4500
4 8 4606
4 9 7124
4 10 1087
4 11 1614
4 13 4068
4 14 1501
4 15 506
4 16 1063
4 17 4910
4 18 4832
4 19 4762
4 20 7440
4 21 4902
4 22 2301
4 23 5971
4 24 112
4 25 5346
4 26 3344
4 27 3487
4 28 2507
4 29 396
4 30 6383
4 34 6506
4 35 1049
4 37 466
4 38 2484
4 39 6989
4 40 7225
4 41 3007
4 42 6568
4 43 561
4 44 1114
4 45 2277
4 46 1804
4 47 5331
4 48 2426
4 49 5834
4 50 5931
4 51 6044
4 52 3742
4 53 2028
4 54 2079
4 55 2361
4 56 4679
4 57 491
4 58 5070
4 59 2713
4 61 4990
4 63 6514
4 64 1847
4 65 4762
4 66 81
4 67 2588
4 68 7202
4 69 2836
4 70 5054
4 71 7302
4 73 4480
4 74 4912
4 75 1701
4 76 1143
4 77 6469
4 78 6742
5 6 4578
5 7 5435
5 8 2156
5 9 3883
5 10 695
5 12 3530
5 13 7477
5 14 2819
5 15 5365
5 16 1725
5 20 4574
5 21 4263
5 22 753
5 23 4905
5 24 6368
5 25 4873
5 26 6057
5 27 4618
5 29 7041
5 30 6708
5 31 1428
5 32 4610
5 33 7028
5 34 7273
5 35 7462
5 36 32
5 37 1830
5 39 6221
5 40 4112
5 41 6386
5 42 6111
5 43 2738
5 44 1897
5 45 472
5 47 6340
5 49 2301
5 50 3745
5 51 576
5 52 7447
5 53 5586
5 54 7472
5 55 1350
5 56 2572
5 58 309
5 59 1242
5 62 4850
5 63 2644
5 64 2153
5 65 2390
5 66 3783
5 67 2614
5 68 2621
5 69 2566
5 70 6253
5 71 7086
5 72 1891
5 73 5552
5 74 908
5 75 4498
5 76 165
5 77 3173
5 78 2047
5 79 4744
6 7 6150
6 8 1920
6 9 1678
6 10 3903
6 11 4052
6 12 3912
6 13 7010
6 14 4636
6 15 625
6 16 102
6 17 6250
6 20 332
6 21 2780
6 22 1725
6 23 5428
6 24 6008
6 25 1658
6 26 935
6 28 3838
6 29 7245
6 30 1742
6 32 3141
6 34 2094
6 35 6971
6 36 5634
6 37 5875
6 39 7105
6 40 6391
6 42 3751
6 43 5299
6 44 3517
6 46 7355
6 48 4199
6 49 5662
6 50 7028
6 51 6400
6 52 5128
6 53 7164
6 55 4391
6 57 3995
6 59 378
6 60 2319
6 62 3957
6 63 777
6 64 4035
6 66 7085
6 67 2011
6 68 1134
6 69 3015
6 70 6868
6 71 1270
6 72 3343
6 73 5135
6 74 1006
6 77 120
6 78 3195
6 79 1511
7 8 610
7 10 4680
7 11 2346
7 12 5354
7 16 1526
7 17 7414
7 18 441
7 21 6276
7 22 2632
7 23 1047
7 24 6565
7 25 1436
7 26 2968
7 27 69
7 28 5577
7 29 6926
7 30 2414
7 32 2008
7 33 2362
7 34 5476
7 35 260
7 36 2667
7 37 5211
7 38 6170
7 39 2229
7 40 5785
7 41 1708
7 42 7141
7 44 5369
7 45 1192
7 47 2457
7 49 3316
7 50 5944
7 51 3272
7 53 2207
7 55 7417
7 56 5602
7 57 1027
7 58 3774
7 59 6433
7 60 5989
7 61 4468
7 62 6272
7 63 6355
7 64 5819
7 66 1635
7 67 1245
7 68 1952
7 69 5868
7 71 5301
7 73 2254
7 74 6342
7 75 5838
7 77 5026
7 78 5151
7 79 5238
8 9 5355
8 11 3673
8 13 4159
8 14 836
8 15 2164
8 16 6148
8 19 1748
8 20 5053
8 21 5408
8 22 1001
8 23 1794
8 24 4478
8 25 6870
8 26 2217
8 28 6506
8 29 339
8 30 3907
8 31 5784
8 32 2713
8 33 2833
8 34 2917
8 35 986
8 36 889
8 37 6243
8 38 3501
8 39 4917
8 40 4021
8 41 6599
8 42 5429
8 44 3287
8 45 788
8 46 6327
8 47 166
8 49 683
8 50 3288
8 51 1681
8 54 6773
8 55 5692
8 57 3108
8 58 6739
8 60 3178
8 61 4273
8 62 6387
8 63 4415
8 64 5520
8 65 7286
8 66 6357
8 67 3432
8 68 1771
8 69 4120
8 70 5384
8 71 7084
8 73 1154
8 74 17
8 76 1616
8 77 6306
8 78 6048
8 79 3933
9 10 3664
9 13 7039
9 14 1621
9 15 5121
9 16 5786
9 17 7299
9 18 5132
9 23 1516
9 25 1983
9 26 3845
9 28 6740
9 29 1412
9 31 6680
9 32 52
9 33 4528
9 34 925
9 35 158
9 36 5421
9 37 6647
9 38 126
9 39 3043
9 42 645
9 43 2725
9 44 1069
9 45 2581
9 47 4336
9 48 2915
9 49 3639
9 50 5419
9 51 5995
9 52 4521
9 53 1461
9 55 3968
9 56 6154
9 57 634
9 59 1279
9 60 3907
9 62 6230
9 63 5655
9 64 2886
9 65 3083
9 66 5381
9 68 2244
9 69 2939
9 70 4360
9 72 2368
9 75 6727
9 76 1834
9 77 3606
9 78 3168
9 79 7074
10 12 5228
10 13 1013
10 15 3641
10 16 3503
10 17 5946
10 19 4062
10 20 2875
10 21 7080
10 22 3571
10 23 1819
10 24 1286
10 25 3152
10 26 4247
10 27 4204
10 28 854
10 30 718
10 31 2410
10 32 2807
10 33 6248
10 34 6265
10 35 4166
10 36 6451
10 37 3057
10 39 3657
10 41 4942
10 42 1365
10 43 5242
10 44 5128
10 45 3797
10 46 1148
10 47 6164
10 48 6576
10 49 1969
10 50 426
10 52 3444
10 53 1497
10 54 6118
10 55 7005
10 57 5218
10 58 5099
10 59 6992
10 61 4619
10 62 5821
10 63 5576
10 64 545
10 65 7115
10 66 1305
10 67 1292
10 68 6336
10 69 3951
10 70 2127
10 75 5700
10 76 6833
10 78 1025
10 79 5223
11 12 2830
11 13 2380
11 14 148
11 16 1013
11 17 5623
11 18 3908
11 21 2495
11 23 2421
11 26 4403
11 27 4635
11 28 4892
11 29 6192
11 30 3611
11 31 1069
11 32 4888
11 33 6556
11 35 2075
11 37 5982
11 39 4044
11 40 2902
11 41 4421
11 43 2223
11 44 4638
11 45 6541
11 46 3867
11 47 2347
11 49 2267
11 50 2991
11 51 1577
11 52 2267
11 53 4760
11 54 985
11 55 535
11 56 6265
11 57 2202
11 58 5040
11 60 3545
11 61 2467
11 63 5185
11 64 618
11 65 4771
11 67 262
11 68 6962
11 71 4936
11 72 2949
11 73 429
11 74 465
11 76 2501
11 77 2931
11 78 2652
11 79 1725
12 13 7242
12 14 3256
12 15 1125
12 16 2095
12 17 7139
12 18 3675
12 21 4751
12 22 7439
12 23 4175
12 24 5767
12 25 7147
12 26 7145
12 27 25
12 28 1751
12 29 5235
12 31 990
12 32 7485
12 33 1649
12 35 6666
12 36 7321
12 37 6011
12 38 5616
12 39 3522
12 40 4068
12 41 532
12 44 3995
12 45 175
12 46 2032
12 47 6089
12 48 4103
12 49 7229
12 50 7292
12 51 4475
12 52 4299
12 53 7178
12 54 219
12 55 110
12 56 4139
12 57 3232
12 58 6743
12 60 3237
12 62 334
12 63 5836
12 65 2438
12 66 1222
12 68 5148
12 69 7368
12 70 5880
12 71 3606
12 72 2543
12 73 42
12 77 5986
12 78 5251
12 79 6480
13 15 7081
13 16 7330
13 17 6450
13 18 1146
13 19 5306
13 20 6292
13 21 5942
13 22 2423
13 23 973
13 24 4615
13 25 1849
13 27 4551
13 28 1253
13 30 6585
13 32 6165
13 33 4803
13 34 1144
13 35 4939
13 36 4706
13 38 83
13 39 7017
13 40 776
13 41 6321
13 42 5559
13 43 1747
13 44 2924
13 45 154
13 46 655
13 47 1111
13 48 5402
13 49 1782
13 50 4448
13 51 6632
13 52 5887
13 53 3996
13 55 2364
13 56 1218
13 57 4999
13 59 4520
13 61 7443
13 62 5169
13 63 4449
13 64 2834
13 65 1159
13 66 3209
13 67 1938
13 68 1984
13 69 1629
13 70 6435
13 71 1844
13 72 6275
13 73 707
13 74 7371
13 75 7144
13 76 4337
13 77 3370
13 78 162
13 79 6411
14 16 70
14 17 2658
14 18 2423
14 19 2609
14 20 1176
14 21 2648
14 22 4706
14 23 5251
14 24 2355
14 26 528
14 27 3768
14 28 3661
14 30 2674
14 31 3484
14 32 4608
14 33 5005
14 34 4178
14 35 6812
14 37 6839
14 38 5139
14 39 6854
14 40 2418
14 41 1642
14 42 1517
14 43 515
14 44 5886
14 45 3773
14 47 283
14 48 2721
14 49 1347
14 51 4376
14 52 2818
14 53 1496
14 54 4662
14 55 6823
14 56 5921
14 57 6543
14 58 2236
14 59 1084
14 60 3547
14 62 6171
14 64 6453
14 65 4402
14 66 1566
14 67 7347
14 68 1335
14 69 7307
14 70 2524
14 72 1846
14 73 384
14 74 4082
14 75 3524
14 76 381
14 78 6201
14 79 4561
15 16 2787
15 17 198
15 18 5058
15 19 871
15 20 5409
15 21 5272
15 22 5034
15 23 1035
15 24 992
15 25 6231
15 26 2656
15 28 6148
15 29 2279
15 30 3460
15 31 450
15 32 5022
15 33 2488
15 34 6723
15 35 3284
15 36 7363
15 37 749
15 38 1873
15 39 3816
15 40 886
15 41 5303
15 43 2182
15 44 2543
15 45 1450
15 47 3685
15 48 2895
15 49 6898
15 50 2472
15 52 5755
15 53 4902
15 54 50
15 55 4466
15 56 5145
15 57 7182
15 58 1339
15 59 2781
15 60 869
15 62 2318
15 63 2418
15 64 6692
15 65 4913
15 66 2045
15 67 3561
15 70 5633
15 71 2911
15 72 1752
15 73 2311
15 74 241
15 75 5479
15 76 3977
15 77 1659
15 78 1016
15 79 2110
16 17 183
16 18 97
16 19 6242
16 20 2682
16 21 1725
16 23 6209
16 24 5777
16 26 6336
16 27 1699
16 28 5733
16 29 6218
16 31 376
16 32 7394
16 33 3822
16 34 1090
16 35 2275
16 37 4415
16 38 5016
16 39 3943
16 41 7251
16 43 3662
16 45 5361
16 46 2344
16 49 2768
16 50 5116
16 51 2921
16 52 4839
16 53 4262
16 55 6977
16 57 3344
16 58 2261
16 59 1773
16 60 2384
16 61 4525
16 62 4309
16 63 3945
16 64 6273
16 65 1408
16 66 6446
16 67 3053
16 68 5663
16 69 4728
16 71 5125
16 72 6939
16 73 4096
16 74 4554
16 76 5417
16 77 6983
16 78 1432
16 79 3677
17 18 6999
17 19 2309
17 20 2841
17 21 6280
17 22 824
17 23 5135
17 24 4569
17 27 1132
17 28 768
17 29 2522
17 30 6576
17 31 1495
17 32 1730
17 33 6404
17 34 7153
17 35 354
17 36 5659
17 37 7270
17 38 6790
17 39 6583
17 41 3652
17 42 669
17 43 7250
17 45 5893
17 46 7382
17 47 6799
17 48 1229
17 49 3153
17 50 6433
17 51 4886
17 53 3044
17 54 1090
17 56 1683
17 57 2749
17 59 219
17 60 5946
17 61 4834
17 62 4712
17 65 2993
17 66 7463
17 69 1804
17 70 3831
17 71 2328
17 72 5328
17 73 3412
17 77 3128
17 78 4323
17 79 4247
18 20 2635
18 22 7255
18 23 5844
18 24 5401
18 26 4347
18 27 4962
18 28 7015
18 30 3694
18 31 18
18 33 6549
18 34 5693
18 35 7125
18 36 1596
18 37 5527
18 38 7175
18 39 2837
18 40 4426
18 42 4492
18 43 6212
18 44 6557
18 45 4728
18 47 921
18 48 1217
18 49 6376
18 51 4568
18 52 2045
18 53 4413
18 54 314
18 56 6396
18 57 951
18 58 473
18 59 6664
18 60 1528
18 61 2273
18 63 6322
18 64 1377
18 65 1034
18 69 4926
18 70 4311
18 72 6826
18 73 6226
18 74 4126
18 75 1317
18 77 4132
18 79 5659
19 22 3942
19 23 4096
19 24 3228
19 25 5164
19 26 5279
19 29 3092
19 31 1269
19 32 6849
19 33 1433
19 34 4099
19 35 5839
19 36 5691
19 37 4093
19 38 3060
19 39 4470
19 40 3818
19 41 6883
19 43 2968
19 44 3935
19 46 7026
19 47 6944
19 48 4918
19 49 1281
19 50 3752
19 52 2091
19 53 2474
19 54 406
19 55 4139
19 57 6646
19 58 7461
19 59 3095
19 60 348
19 61 400
19 62 6342
19 63 2141
19 64 5923
19 65 3430
19 66 4759
19 68 2689
19 69 6600
19 71 7005
19 72 4693
19 75 133
19 77 3227
19 78 417
19 79 365
20 21 2090
20 22 4586
20 23 3916
20 27 1189
20 28 1794
20 29 5504
20 30 1217
20 31 5322
20 32 1197
20 33 1098
20 34 6011
20 36 5976
20 37 6656
20 38 4029
20 39 4334
20 41 749
20 43 3220
20 45 2124
20 47 6480
20 49 2840
20 50 10
20 52 1107
20 53 2153
20 55 629
20 57 5821
20 58 4579
20 59 6702
20 60 3402
20 61 3584
20 62 5374
20 63 97
20 64 4840
20 65 6192
20 68 6450
20 69 2319
20 70 6721
20 71 33
20 73 3889
20 74 2272
20 75 903
20 76 1177
20 77 6030
20 79 4003
21 23 2951
21 25 878
21 27 496
21 28 5774
21 29 3776
21 31 7099
21 34 7454
21 35 4673
21 36 5143
21 38 151
21 40 7390
21 41 4210
21 42 5283
21 43 3319
21 44 1285
21 45 5507
21 47 1007
21 48 3300
21 50 6865
21 52 5670
21 53 4542
21 54 3229
21 55 7260
21 56 2673
21 57 3268
21 59 5054
21 60 6619
21 63 1218
21 64 849
21 66 6218
21 67 5444
21 68 2501
21 69 2407
21 70 7172
21 71 5973
21 72 2642
21 73 6279
21 74 989
21 75 522
21 76 5952
21 77 5927
21 78 161
21 79 6893
22 23 6030
22 24 4737
22 25 2366
22 27 3718
22 28 1043
22 29 1642
22 30 564
22 31 836
22 32 1024
22 34 1922
22 35 6591
22 36 5386
22 37 4901
22 38 2698
22 39 5770
22 40 3522
22 41 3679
22 42 4539
22 43 7309
22 44 2209
22 45 7001
22 46 2464
22 47 1237
22 49 5090
22 50 4691
22 51 6484
22 52 7349
22 53 1316
22 54 5550
22 55 1369
22 56 6834
22 59 265
22 60 2733
22 62 4632
22 63 5582
22 64 6870
22 65 7205
22 66 4408
22 69 4932
22 70 3923
22 71 1117
22 73 5577
22 74 2813
22 75 2968
22 77 3232
22 78 3066
22 79 4123
23 24 6479
23 25 7292
23 26 374
23 27 5691
23 28 5445
23 30 1728
23 31 4130
23 32 3641
23 35 1096
23 36 6626
23 37 5477
23 40 1377
23 41 7393
23 42 5331
23 43 218
23 44 174
23 45 7073
23 47 1149
23 48 4589
23 49 5846
23 50 6165
23 51 4646
23 52 795
23 53 4710
23 55 3021
23 57 4398
23 58 292
23 59 184
23 60 5040
23 61 1413
23 62 7490
23 63 5317
23 64 6936
23 66 5281
23 67 1178
23 69 410
23 70 3004
23 71 836
23 73 3189
23 74 3889
23 75 822
23 76 5725
23 77 6251
23 78 2325
23 79 6132
24 25 6524
24 27 1428
24 28 1315
24 31 3339
24 35 1961
24 37 5149
24 38 6629
24 39 4381
24 40 267
24 41 5442
24 42 118
24 43 3892
24 44 5672
24 47 1350
24 48 5438
24 49 5564
24 51 6689
24 52 3891
24 53 3148
24 54 6297
24 55 4610
24 56 3588
24 58 1380
24 59 14
24 60 6095
24 61 4565
24 63 4815
24 64 6618
24 65 5857
24 67 7133
24 68 3631
24 69 3867
24 70 6953
24 72 6160
24 73 3266
24 74 1610
24 75 3626
24 77 2827
24 78 7140
24 79 3915
25 26 3558
25 27 1728
25 28 2691
25 29 5731
25 30 1038
25 31 4981
25 32 4343
25 33 6752
25 37 4190
25 38 4608
25 39 874
25 40 1994
25 42 736
25 45 6476
25 47 518
25 48 3811
25 50 4523
25 51 2675
25 52 2457
25 53 6986
25 54 6486
25 55 1090
25 56 4331
25 57 3732
25 58 1102
25 59 2359
25 60 5248
25 61 4982
25 62 6974
25 63 4740
25 64 5725
25 68 3004
25 69 4617
25 70 153
25 71 1618
25 72 310
25 73 3058
25 74 1856
25 75 6872
25 77 61
25 78 2946
25 79 5783
26 27 6957
26 28 4978
26 29 6010
26 30 5632
26 31 810
26 32 4137
26 33 100
26 34 5059
26 35 3667
26 36 1884
26 37 2742
26 38 160
26 39 109
26 40 615
26 41 4115
26 43 2423
26 44 2951
26 49 419
26 50 640
26 51 3485
26 52 271
26 53 163
26 55 951
26 56 5160
26 57 2952
26 59 3566
26 60 3148
26 61 5148
26 62 936
26 64 5418
26 65 5667
26 66 5830
26 67 2561
26 69 6557
26 70 7347
26 71 2469
26 72 6521
26 73 553
26 74 1818
26 75 6664
26 76 4347
26 77 5549
26 78 5585
26 79 6648
27 28 2105
27 29 5979
27 30 2887
27 31 5438
27 32 3917
27 33 5240
27 34 1416
27 36 6788
27 37 6061
27 38 7242
27 39 3784
27 40 6432
27 41 877
27 42 1883
27 43 5277
27 45 1186
27 46 1397
27 47 5906
27 48 500
27 49 2679
27 50 4937
27 51 3650
27 52 2233
27 53 1506
27 55 3591
27 57 1374
27 59 6355
27 60 287
27 62 5159
27 65 741
27 66 5889
27 67 6670
27 68 3535
27 69 2865
27 70 5903
27 71 110
27 72 2154
27 73 1202
27 74 2125
27 75 133
27 76 282
27 77 3987
28 29 1080
28 30 700
28 31 2010
28 32 764
28 33 4210
28 34 1841
28 36 243
28 37 2943
28 38 4528
28 39 5407
28 40 4196
28 41 155
28 42 7114
28 44 2878
28 47 1393
28 48 3481
28 49 2369
28 50 1137
28 51 6245
28 52 5004
28 53 2071
28 54 2223
28 56 4294
28 57 3279
28 59 2285
28 61 444
28 62 6005
28 64 166
28 65 6427
28 67 1296
28 68 310
28 69 3189
28 70 4229
28 71 5357
28 72 5840
28 74 1485
28 77 3180
28 78 1563
28 79 3574
29 30 3664
29 33 5815
29 34 6326
29 35 7252
29 37 6477
29 38 7434
29 39 2574
29 40 5015
29 41 7125
29 42 1250
29 43 3428
29 44 2469
29 45 4137
29 47 1670
29 48 2879
29 51 803
29 52 5031
29 53 1065
29 55 22
29 56 5643
29 57 5753
29 58 1212
29 59 4591
29 60 4667
29 61 3887
29 63 6876
29 64 1057
29 66 3935
29 68 3979
29 70 1510
29 71 233
29 72 3741
29 73 4799
29 74 553
29 75 3891
29 76 7279
29 77 1928
29 78 350
29 79 1784
30 36 3767
30 37 4174
30 38 5781
30 39 1755
30 41 3794
30 42 1533
30 43 2909
30 44 2994
30 45 2700
30 46 6632
30 47 4921
30 48 644
30 51 7100
30 53 2400
30 54 3856
30 56 988
30 57 2707
30 58 3694
30 59 6801
30 62 6162
30 63 361
30 64 3559
30 65 3691
30 66 6473
30 67 5386
30 68 371
30 69 2818
30 72 1903
30 73 6773
30 74 4281
30 75 16
30 76 7330
30 77 4552
30 78 378
31 32 738
31 33 3118
31 34 5969
31 35 5554
31 38 2025
31 39 5600
31 40 7463
31 42 4125
31 43 2567
31 46 231
31 47 750
31 49 1127
31 52 1625
31 55 1360
31 56 599
31 57 632
31 58 2271
31 59 1546
31 60 6707
31 61 5209
31 62 3788
31 63 683
31 64 5196
31 65 5971
31 66 5475
31 68 4214
31 69 6
31 70 6461
31 71 3984
31 72 7049
31 73 4941
31 74 6150
31 75 2568
31 76 582
31 77 4943
31 78 77
31 79 6571
32 33 6456
32 35 285
32 37 6166
32 38 1382
32 39 2678
32 40 3972
32 41 4652
32 42 3041
32 43 3395
32 44 2320
32 45 276
32 46 1103
32 47 142
32 48 5330
32 49 5329
32 50 4577
32 51 3422
32 52 2666
32 53 6821
32 55 1998
32 56 3580
32 57 6745
32 58 3051
32 59 1846
32 60 212
32 61 1572
32 62 6614
32 63 2106
32 64 2323
32 65 3325
32 67 3774
32 68 4014
32 69 2319
32 70 1838
32 71 5332
32 72 5506
32 73 3176
32 74 7244
32 76 1039
32 77 2665
32 79 1778
33 35 7274
33 36 4369
33 37 6237
33 38 6871
33 39 4479
33 40 2435
33 41 5351
33 42 4496
33 43 70
33 44 3809
33 45 932
33 46 6384
33 47 6155
33 48 3432
33 50 1886
33 51 1950
33 53 5048
33 54 1136
33 55 367
33 57 1653
33 58 4634
33 59 1774
33 60 4935
33 61 1575
33 64 5548
33 65 5105
33 66 5849
33 67 1772
33 68 3304
33 69 601
33 71 852
33 72 2242
33 73 927
33 74 1723
33 76 5439
33 77 3924
33 78 643
34 35 2239
34 36 85
34 38 6032
34 40 303
34 41 264
34 42 6748
34 43 2996
34 44 7049
34 45 6520
34 46 6762
34 47 5032
34 48 5033
34 49 7046
34 51 3895
34 52 3299
34 53 230
34 54 6948
34 55 15
34 56 5415
34 57 4171
34 58 6557
34 59 2638
34 61 375
34 62 3838
34 63 2972
34 65 504
34 66 1155
34 67 3994
34 68 1053
34 69 3594
34 70 6598
34 71 6394
34 72 5800
34 73 5274
34 74 3951
34 75 7432
34 78 5815
34 79 780
35 36 6388
35 37 4764
35 38 3935
35 39 6651
35 40 1171
35 41 6572
35 42 6689
35 43 6656
35 45 4955
35 46 1406
35 47 2896
35 49 836
35 50 2000
35 51 543
35 52 7
35 53 2631
35 55 5417
35 56 3175
35 58 1081
35 59 5677
35 60 1936
35 62 4421
35 64 4678
35 66 1765
35 67 3935
35 68 4674
35 69 4636
35 71 2918
35 72 4416
35 73 5704
35 74 2616
35 75 6220
35 77 4396
35 79 579
36 37 4374
36 38 5426
36 39 5684
36 40 2168
36 41 4959
36 42 4383
36 43 3397
36 44 5392
36 45 2326
36 46 4607
36 47 113
36 49 5184
36 50 1446
36 51 3937
36 52 2657
36 53 4625
36 54 5937
36 55 259
36 56 7195
36 57 2124
36 58 4350
36 59 703
36 61 5868
36 62 5770
36 63 6946
36 64 399
36 65 2417
36 67 4495
36 68 1124
36 70 4600
36 71 2107
36 72 7188
36 73 673
36 74 2542
36 75 2857
36 76 5034
36 77 5226
36 78 662
36 79 4079
37 38 7081
37 39 7035
37 40 5997
37 41 5344
37 42 1531
37 43 1270
37 44 2128
37 45 7109
37 46 2647
37 47 322
37 48 4613
37 49 4654
37 50 2626
37 51 3251
37 52 3579
37 53 2245
37 56 4008
37 57 1038
37 59 1421
37 60 5728
37 61 5529
37 62 4863
37 63 1953
37 64 5370
37 65 7460
37 66 850
37 67 2525
37 68 4208
37 69 4511
37 70 5760
37 71 6047
37 74 6280
37 76 6552
37 78 4306
37 79 1044
38 39 2709
38 41 6930
38 42 3327
38 43 42
38 44 705
38 45 6196
38 46 5485
38 47 2478
38 50 6387
38 51 5351
38 52 3841
38 53 7455
38 54 59
38 56 6930
38 58 2797
38 59 6514
38 61 6555
38 62 1546
38 63 6806
38 64 5514
38 66 1371
38 67 6165
38 68 5406
38 69 6931
38 70 7268
38 71 6176
38 72 2204
38 74 6583
38 75 7256
38 77 4731
38 78 2038
38 79 5278
39 40 4647
39 41 6431
39 42 1987
39 43 3111
39 44 5762
39 45 3517
39 47 3284
39 48 1438
39 49 4483
39 52 2056
39 53 5309
39 54 2256
39 55 7075
39 56 5671
39 58 564
39 59 482
39 60 6076
39 61 2052
39 62 4607
39 63 7233
39 64 203
39 65 6510
39 66 6495
39 67 6286
39 69 3811
39 70 1892
39 71 7114
39 72 5015
39 73 1958
39 74 5848
39 75 1590
39 76 6308
39 77 653
39 78 1139
39 79 582
40 41 5275
40 45 19
40 46 1852
40 47 237
40 48 6263
40 49 685
40 50 2669
40 51 7390
40 52 3167
40 53 4218
40 54 6430
40 55 2420
40 56 740
40 57 5563
40 58 5265
40 59 3522
40 61 2392
40 62 1799
40 63 4771
40 64 4378
40 65 2406
40 67 873
40 69 2892
40 70 3290
40 71 102
40 72 7078
40 73 3631
40 74 4294
40 76 3802
41 42 2476
41 43 4813
41 44 6120
41 45 2171
41 46 2852
41 47 749
41 49 3640
41 50 7330
41 51 7473
41 53 6204
41 54 5147
41 56 183
41 57 1644
41 59 7193
41 60 5148
41 61 6697
41 62 3898
41 63 3643
41 64 5187
41 65 4299
41 66 531
41 67 1555
41 68 4142
41 69 6907
41 71 4553
41 72 5666
41 73 1695
41 74 1710
41 75 5853
41 76 6444
41 77 357
41 78 4458
41 79 4057
42 43 5762
42 44 6857
42 45 330
42 47 510
42 48 2372
42 49 715
42 50 4469
42 51 5421
42 52 5954
42 53 2265
42 55 3425
42 56 1845
42 57 6606
42 58 2061
42 59 212
42 60 4109
42 62 4438
42 64 3800
42 65 5983
42 66 531
42 68 4790
42 69 91
42 70 238
42 72 374
42 73 535
42 74 6117
42 75 6223
42 76 2801
42 77 7352
42 78 3707
42 79 2699
43 45 5350
43 46 6309
43 48 4546
43 49 992
43 51 1939
43 52 1250
43 53 6517
43 54 4316
43 55 3350
43 56 6309
43 58 4095
43 59 3869
43 61 5419
43 63 3268
43 64 4933
43 66 830
43 68 385
43 69 5959
43 70 2630
43 71 5545
43 72 6556
43 73 3212
43 74 3290
43 75 6322
43 76 171
43 77 5388
43 78 5812
43 79 4591
44 45 2019
44 46 4114
44 47 1705
44 48 2716
44 49 481
44 50 7468
44 51 3414
44 52 2973
44 53 2494
44 54 2035
44 55 3625
44 56 4519
44 57 2398
44 58 2262
44 60 6852
44 62 6579
44 63 2366
44 64 2058
44 65 1723
44 67 542
44 68 1021
44 69 7472
44 70 1047
44 72 5681
44 73 2936
44 74 3777
44 76 4890
44 77 5609
44 78 4886
44 79 2172
45 46 4145
45 47 2400
45 48 2380
45 49 5685
45 50 7141
45 51 1474
45 53 1372
45 54 2478
45 55 2306
45 56 7455
45 57 2099
45 58 2324
45 59 6076
45 60 2082
45 61 88
45 62 3351
45 64 3929
45 66 965
45 67 5958
45 68 18
45 69 4624
45 70 6744
45 71 6145
45 72 2719
45 73 131
45 74 6566
45 76 5141
45 77 4094
45 78 5661
45 79 198
46 48 2978
46 50 3942
46 53 588
46 54 6439
46 55 188
46 56 4677
46 57 110
46 58 718
46 59 1194
46 60 4642
46 62 88
46 64 4309
46 65 5808
46 66 5207
46 67 3920
46 68 906
46 69 2315
46 70 238
46 71 25
46 72 4997
46 73 2160
46 75 1730
46 76 6874
46 77 3730
46 78 4996
46 79 6592
47 48 625
47 49 411
47 50 5379
47 51 602
47 52 502
47 53 693
47 54 132
47 55 7223
47 56 5794
47 58 2252
47 60 1340
47 61 5900
47 62 5389
47 63 237
47 64 5498
47 65 4652
47 66 5043
47 67 5504
47 70 4391
47 72 4522
47 73 5426
47 74 3598
47 79 6041
48 49 6044
48 51 791
48 53 5140
48 54 7063
48 55 1100
48 56 402
48 57 7055
48 58 2485
48 59 3462
48 60 3014
48 61 2288
48 62 2589
48 63 3813
48 64 5632
48 67 4813
48 68 3817
48 69 3870
48 70 2417
48 71 2706
48 72 2079
48 73 463
48 74 7218
48 75 4547
48 76 157
48 77 3419
48 78 6672
49 51 2604
49 52 3040
49 53 441
49 55 3109
49 56 5719
49 58 6854
49 59 3996
49 61 4458
49 62 5503
49 65 5265
49 66 3452
49 67 2251
49 69 4086
49 70 2108
49 71 4951
49 72 6328
49 74 4391
49 75 6777
49 77 4250
49 78 4655
49 79 5822
50 52 3430
50 54 46
50 55 1725
50 56 7419
50 58 2856
50 59 4759
50 60 1100
50 61 6511
50 62 3166
50 63 5417
50 66 5544
50 67 5794
50 68 6809
50 70 1590
50 71 6887
50 72 30
50 73 5943
50 75 7446
50 76 6145
50 78 6096
50 79 850
51 52 4231
51 53 3264
51 54 1577
51 55 3567
51 56 400
51 57 723
51 58 2961
51 59 5328
51 63 93
51 64 4804
51 65 4665
51 66 3593
51 67 896
51 68 6206
51 70 660
51 71 6911
51 72 5259
51 73 4798
51 75 5521
51 77 6684
51 78 1484
51 79 865
52 53 7278
52 54 7448
52 55 1039
52 56 2259
52 57 3142
52 58 5099
52 59 802
52 60 2740
52 61 5697
52 62 892
52 65 7367
52 67 5402
52 68 6336
52 69 6560
52 70 4864
52 71 1426
52 73 3673
52 74 1717
52 75 5203
52 77 4856
52 78 1641
52 79 974
53 54 3662
53 55 4850
53 56 2686
53 57 6730
53 58 6881
53 59 4526
53 61 1889
53 62 7321
53 63 3048
53 67 260
53 71 2199
53 72 5533
53 74 852
53 75 4776
53 76 6927
53 77 680
53 78 921
53 79 3599
54 56 2675
54 57 2715
54 58 1479
54 60 841
54 61 3622
54 63 681
54 68 5917
54 70 806
54 72 1485
54 73 5184
54 74 3413
54 77 2485
54 78 3162
55 56 5000
55 58 7473
55 61 5206
55 62 5718
55 63 1220
55 64 3775
55 65 2644
55 66 539
55 67 5746
55 68 1020
55 69 2721
55 70 6597
55 72 2258
55 73 5230
55 74 731
55 75 6081
55 76 141
55 77 45
56 57 4800
56 58 3717
56 60 999
56 62 6744
56 67 6350
56 68 748
56 69 1391
56 71 974
56 72 4649
56 74 1586
56 75 6486
56 77 3785
56 78 7015
57 58 514
57 59 6927
57 60 4010
57 61 5862
57 62 3049
57 63 7435
57 65 1326
57 66 3238
57 68 6738
57 69 6796
57 70 1468
57 72 3619
57 74 1985
57 76 1350
57 77 2532
57 78 5311
58 59 930
58 60 3031
58 61 2640
58 62 1042
58 63 2291
58 64 5359
58 65 302
58 67 622
58 70 2704
58 71 5076
58 72 1812
58 73 1131
58 74 6384
58 76 3555
58 78 6586
58 79 1622
59 60 628
59 61 6780
59 62 2097
59 63 1972
59 64 862
59 65 6241
59 66 4536
59 67 5832
59 68 6478
59 69 1037
59 70 3338
59 71 5401
59 72 2326
59 73 2458
59 74 3709
59 76 3188
59 77 2884
59 78 616
59 79 6829
60 62 774
60 63 3029
60 64 4106
60 66 3083
60 67 6160
60 68 2544
60 69 6295
60 71 2917
60 72 6371
60 73 2759
60 74 16
60 76 4873
60 77 401
60 78 611
61 62 3273
61 63 1635
61 64 5897
61 65 665
61 67 2707
61 69 1501
61 71 3269
61 72 327
61 73 103
61 75 1381
61 76 4984
61 77 1060
61 78 2736
62 63 6009
62 64 4848
62 67 4255
62 68 2023
62 69 5544
62 70 7314
62 71 5178
62 72 405
62 73 2031
62 74 804
62 75 7091
62 76 5978
62 77 2522
62 78 4452
62 79 2228
63 64 6988
63 65 5402
63 68 4033
63 69 1617
63 70 776
63 71 2840
63 74 2808
63 75 1454
63 76 4093
63 77 3925
63 78 2760
63 79 6788
64 65 2886
64 66 1522
64 67 7442
64 68 1009
64 69 1579
64 71 2047
64 72 6654
64 73 160
64 74 2249
64 75 6765
64 77 579
65 66 1066
65 67 1153
65 68 4926
65 70 5300
65 72 3574
65 76 5568
65 77 7484
65 78 6083
65 79 1178
66 67 1249
66 68 5031
66 69 6224
66 70 6264
66 71 5740
66 72 2084
66 73 257
66 74 3368
66 75 3885
66 76 1629
66 78 5633
66 79 5841
67 68 5303
67 69 1617
67 70 3090
67 71 5546
67 72 6330
67 73 7458
67 74 6969
67 75 595
67 76 4120
67 77 2556
67 78 6610
67 79 3181
68 69 7443
68 71 4427
68 72 5807
68 73 6660
68 74 430
68 75 3308
68 76 6706
68 78 7411
68 79 2914
69 70 5388
69 71 530
69 73 1937
69 75 1399
69 77 1342
69 79 5768
70 71 1530
70 72 1039
70 73 5010
70 74 5056
70 75 2552
70 77 2462
70 79 7044
71 73 74
71 74 3169
71 75 903
71 76 2261
71 77 4784
71 78 4758
71 79 721
72 73 2035
72 74 175
72 75 2810
72 77 900
72 78 7490
72 79 6237
73 74 7460
73 75 3032
73 76 4705
73 77 5900
73 79 6279
74 75 6624
74 77 2733
74 78 3500
74 79 4954
75 76 2043
75 78 4415
75 79 3861
76 79 6926
77 78 2219
78 79 4949
