35 80 2484
6279 3042 3683 273 1902 650 5268 3719 1831 2554 5128 5363 1345 1409 4349 3418 5380 6580 2959 1293 3662 7436 4483 4408 1351 2490 5141 5936 1021 2453 2640 7299 4346 6322 6423
6247 6971 4190 2466 154 5595 6445 5516 6940 6705 2364 2857 3436 296 4668 4728 2809 3455 562 6068 4806 1903 3708 2093 2924 5013 4732 2722 710 2405 1645 6957 727 4686 774 880 2781 7218 6396 2220 6422 111 3928 2357 406 1095 5936 2066 4550 6497 634 707 899 3193 2799 2674 705 6382 4248 1415 1286 4744 7223 2012 1929 496 1744 4709 6565 6991 5780 5486 7101 2208 6694 6359 3302 5129 7276 6703
2977 409 7409 2727 3602 2707 5401 3158 1588 2148 3424 1725 6891 1998 3737 171 2493 4332 3732 409 3822 2011 5894 2274 4218 3939 1132 6372 419 908 5574 3395 168 4335 4974 2621 7041 1726 4631 7481 2725 6906 1705 2115 1404 4293 1137 2748 1124 4868 3157 3797 6879 402 6071 2448 4341 7202 1319 4759 6961 5745 7006 5981 2579 4479 1101 971 5056 5731 7303 280 5137 1508 1246 5392 4652 2382 639 5776
7250 2647 924 5480 3049 6994 427 6241 5548 598 3499 3860 5194 1856 2340 6624 5186 3441 94 2741 523 7397 3020 4511 256 4265 1254 4907 6647 745 2034 5248 3391 2958 3227 5291 1303 2505 4031 6850 3102 6382 2062 7147 737 4401 6270 5923 6693 5216 1163 6068 3964 3035 3078 3071 7299 3184 477 5297 3928 1363 3044 7318 3172 6270 5109 3326 127 491 2676 2080 6872 3589 1727 109 489 6848 4883 6034
4563 4897 4601 7378 431 6530 2948 6582 2213 2277 4378 6140 2491 7422 4810 4514 5043 1270 339 5169 1760 1866 7249 1132 5454 1475 92 4795 7174 4974 3328 3089 1222 6780 2966 1653 5809 4766 734 6874 5894 3963 4365 884 3884 1674 5397 279 1795 4587 5447 3555 6453 4047 3538 4406 4373 3629 1700 4047 7454 3879 7135 1175 3158 1452 1679 1467 5069 2412 840 3462 5227 5204 3197 1610 5730 7445 740 24
4532 6187 2430 3484 1585 5967 6741 5958 2095 941 1356 900 4819 7342 2075 477 1293 3753 795 6362 5017 486 1175 2743 5689 4372 3204 2770 4316 3944 2794 199 1482 5223 3682 3066 2542 2923 375 4636 2715 1730 5536 6385 423 6462 6861 1716 2714 6507 6929 6582 6992 603 1824 5181 3826 5028 6802 642 323 947 840 1804 5022 3374 3721 63 5148 4096 3550 362 4677 1585 5598 5100 6898 4959 5667 2112
3965 3947 1193 3457 4549 1869 7489 875 5748 5642 368 6070 6589 59 6725 4110 2284 2945 4172 7431 5892 221 6644 1921 658 4742 5872 55 1052 4038 1018 3868 484 1063 6176 3884 2931 5016 3610 30 3158 3977 6099 2246 2888 5323 5207 5171 7119 1878 3954 5511 950 3097 7431 1607 6690 5802 514 241 1191 1531 4109 526 2593 1636 4409 4375 6652 6871 3256 2309 3347 1854 3406 5086 6028 1112 2757 5647
1841 6710 3657 2790 1158 2439 4397 348 740 4910 6940 1930 5292 2400 2455 6737 4036 5715 2463 2039 5085 5719 4347 7284 72 6604 4869 4952 215 6477 1950 2055 4538 4458 3696 5696 6896 592 4895 6487 4353 3186 7268 2145 5586 2222 233 973 6788 2695 3011 3225 913 6209 3008 7337 5312 6728 4788 4378 5705 6737 6432 1594 3694 2627 6141 1941 2071 3535 927 5275 5573 694 6271 3658 1767 6503 4630 1054
1698 6492 4278 2610 5200 6137 1298 3011 5365 6085 7388 2421 4173 5171 4014 6718 6649 2655 1158 71 5041 936 5346 3113 1629 4116 5622 3395 3119 1603 3301 4816 594 6430 6277 5793 3919 75 1303 1783 5011 42 3055 536 5212 7068 7253 4361 1074 7263 4431 4967 698 1128 6931 1179 5244 3905 3425 862 5507 5577 4529 4953 4507 2157 3245 7277 2231 3400 1559 6094 3441 4613 6629 5 3032 5233 3217 2958
3847 6499 6776 4545 127 6206 5723 5370 2610 499 5083 6969 6076 2111 4421 1934 3119 6517 1710 5350 1268 3268 2795 4709 6732 775 3565 1115 6007 6781 2924 2354 5779 2199 5750 4757 905 2824 2626 2366 3322 6560 686 1897 22 3958 3830 3141 1827 5539 7342 3094 158 2636 6654 5741 3410 2718 6856 768 850 1131 3121 6629 3330 222 2737 3086 3045 5363 4303 6367 3274 4989 763 3296 298 3445 5288 2124
1483 5129 5218 1641 6616 3223 6233 1377 5941 4440 2144 6790 5571 4117 4770 1400 4338 7 4485 7383 4221 1287 6249 7494 5127 5863 2141 4277 1807 6280 6400 3290 3908 2969 3782 1875 6192 1366 3251 3484 5806 5395 2773 3876 863 6395 5275 5200 6401 1111 3934 1973 1249 2682 818 5228 7397 1811 2004 1703 590 7255 3844 3350 2724 6477 5224 267 343 975 3750 6148 5221 6522 2523 4935 4268 6649 2634 2020
259 6568 3992 359 601 4810 5586 497 5472 6441 2200 6061 6196 4895 1910 1419 3872 7134 537 4214 6960 4286 1713 3532 2159 3087 966 6427 2235 3599 946 1345 1518 3790 1703 2119 1099 6141 1467 6570 5081 2518 3982 3776 7413 5892 4046 3784 4377 4582 6849 3836 1367 1061 7367 2378 4147 7184 1304 5233 3282 1101 5429 3652 4890 5983 4622 4840 4623 6088 2761 1056 7458 6743 4831 7370 5134 229 2505 862
4810 1853 4697 5029 1765 3415 7406 4763 3098 61 2495 5231 1161 6775 1382 6051 5257 4855 3390 1232 2295 6151 2287 2252 4245 5969 2121 1878 6197 4625 2739 2359 5329 6287 6239 7093 1053 4996 3207 4150 5056 4553 732 5068 3827 2114 2470 1583 5820 5860 2814 614 3362 5100 2865 106 2421 3837 835 1117 7313 2425 2327 5141 63 1065 3585 1115 6060 6791 5264 2467 3843 5995 35 169 6960 2504 604 5280
7215 3417 4745 1928 7369 110 885 2289 3946 1719 2257 2611 2995 4584 251 3057 4500 2688 4171 1912 1978 786 4378 4673 5633 3264 3693 5092 5768 4296 1723 4334 6565 6468 6262 5285 5429 7146 73 1874 217 1181 4484 3211 4616 3587 5120 1616 6274 642 3527 7103 1428 404 4275 7060 3668 468 3503 787 4763 5226 5120 2679 3045 2733 463 973 1231 6887 1698 1447 568 5034 3509 5183 1120 1128 5650 6245
622 1676 5847 2049 932 2622 1608 3451 1941 5110 4237 5555 1687 708 734 4731 2293 1196 5703 3523 583 7401 4969 2 4934 7329 5184 4905 7309 3334 3649 430 3861 847 2478 4792 3468 2937 742 4260 6898 3830 2315 7437 3390 3048 4667 5682 4243 1722 1704 3677 1622 5524 3678 5407 5352 214 1663 5160 2399 5311 4441 5111 6157 5770 2403 977 1206 1996 5236 6956 4678 50 6892 567 1949 2910 6248 6192
4631 451 1220 5104 5974 3750 1862 2677 3963 3524 337 5213 186 3629 2823 5195 1899 4077 5023 1956 4925 2758 1411 2102 1660 802 2668 2460 2564 1415 3 7194 1865 1223 4798 6690 4972 6659 1866 286 1535 1054 4350 1720 4683 7172 6914 5433 2601 4436 7388 25 6046 1299 2126 6557 952 4793 1516 3515 5059 1519 2061 5775 1593 6858 4964 6564 4868 5681 5701 5254 6735 2550 6974 2769 1073 5239 701 2525
1027 588 2549 5924 738 3526 3832 542 818 5347 2908 5876 5717 4968 4150 6161 3177 465 4076 545 6146 2276 4650 4232 3677 4123 7000 3602 714 6552 6126 592 7139 27 6515 6729 3552 1698 7270 4370 5896 2677 1597 4113 6497 4599 2773 2173 3915 6849 1569 2560 476 6219 6791 3005 1693 5142 6606 2406 4193 5231 1849 2684 5257 7215 1912 1309 1412 533 4530 7308 2061 4978 2772 1057 928 4396 3230 3695
2596 4798 6254 1924 3516 4397 4928 4061 2038 4033 6466 5083 615 7167 266 4724 6881 2177 4884 7145 1561 765 6952 2473 4594 1075 3530 5522 5470 5611 1716 6918 1760 6821 1341 4128 2569 6268 688 4607 1652 6005 2189 2266 5671 1306 6989 3904 2334 3224 3548 3894 3988 1851 6366 1082 2925 1247 5455 7246 5709 7170 6663 7469 5342 6855 2948 411 5622 3635 3869 6125 991 4909 7243 6662 6214 6731 1917 1047
2455 5464 3792 5294 7314 1509 6375 1590 2756 4329 1335 7316 2850 6850 7284 692 6204 1583 7454 3178 5217 3822 1802 6208 1230 1544 4221 6295 7127 6137 7341 933 2952 2484 6226 1617 3992 3953 3206 5599 781 3392 5415 3631 2741 4050 3174 297 5633 3127 2326 2201 6948 2979 908 7029 3375 3980 5823 1853 1468 4515 2785 3271 6998 362 4887 2341 3166 6944 440 3947 1688 4706 6429 3280 1255 2102 3576 6887
5228 4753 1588 3527 232 1347 3055 3606 4179 229 5458 5646 3595 7094 269 1944 6307 5155 4284 1973 3451 3575 5919 3990 780 4847 7269 2035 5800 2197 273 3527 6949 712 5905 7180 911 311 2137 5089 539 94 2086 2985 7187 2354 4928 5994 6361 563 466 1163 4138 5236 5152 4917 1434 3772 5803 7233 5968 4928 2111 4269 5639 515 3948 6549 825 4937 2989 215 5030 5075 3199 3569 6280 6978 914 5140
6392 231 5154 3029 5466 2805 6798 5751 6577 3952 5483 3896 1379 6445 664 7018 5811 4612 4918 6635 900 407 5701 5929 4333 251 849 3112 7228 1762 7104 6119 1992 4757 500 6309 62 6149 3411 5490 2600 245 1885 3979 6689 2549 2348 4999 6012 7265 2985 6911 6523 1185 5339 3355 1435 5040 5319 14 6801 4922 6133 145 2178 5484 5305 2239 4132 1216 6580 6731 1460 965 2061 7001 3513 4408 4499 2024
3025 7484 1434 2047 20 5624 4254 307 3163 2072 320 1316 5845 5304 1460 522 3287 6764 1613 7418 6831 692 5501 7143 1656 61 6643 4020 3321 2493 6043 6345 2476 6328 7243 1348 4452 2848 1654 6466 3771 1973 281 2115 7277 592 2637 1915 6208 3101 685 5538 3792 6185 5180 4300 5097 3174 819 7269 5667 5714 6113 6994 4541 4708 841 344 55 2494 6810 2678 3319 5942 4792 1947 6534 6280 2713 5241
732 3397 2130 3376 933 6162 175 4882 1835 7345 4650 1 5558 2115 6995 1451 6822 335 1794 5728 1681 7455 905 3851 5897 4549 4649 3782 3328 7361 374 4060 2110 2503 7435 3042 1164 6461 6775 1851 5157 3925 1851 3215 6039 1345 3517 4212 532 5310 1291 1064 4117 2196 3766 1365 5596 914 5146 275 7126 5519 3186 1735 6873 1972 3629 537 932 1755 2387 6089 5679 3089 655 3069 3286 4171 6132 2669
832 7423 2584 4948 970 6349 6312 5417 6114 2809 5691 4591 827 1377 5178 6552 3348 1306 7088 4280 1912 826 1720 6443 2766 1226 863 6051 5396 6995 1219 5079 5769 3802 1379 5590 1502 190 3506 6467 1851 1696 3558 1529 1924 1235 580 5272 1392 6519 903 3303 6196 2622 2245 1462 2699 3108 6364 594 1454 6435 5672 6074 1588 5902 4163 3090 6092 6520 2056 6794 715 4465 822 2639 5699 254 6762 5942
6772 164 1745 5468 1637 2841 5781 4335 4800 4644 3780 5105 3578 803 3678 5166 6705 340 7107 4148 5711 1662 3441 6426 6127 3114 416 3177 3367 7177 1619 2639 6192 2215 6958 328 5055 5238 3514 1207 2381 7293 6311 4811 595 2489 2476 7299 1680 2082 2798 7391 2595 6238 5168 73 1852 4435 2102 5218 4111 3720 6708 1654 4786 6165 1981 1192 3902 5494 2398 5135 4138 61 2445 4732 1401 3772 3383 1932
5853 6180 674 7299 3770 5841 7372 5621 2775 1973 2190 5737 4544 250 6242 1829 6414 722 3020 1668 5067 4270 5654 1704 4330 6950 5288 5730 3221 22 6513 425 5053 7187 223 1322 5527 94 5794 7154 918 6836 4242 4313 7085 2984 6141 4850 2557 513 6517 6476 3634 3522 7031 6815 2971 3670 5044 6191 3691 4056 6615 1244 2594 6838 1417 621 5783 7211 6626 5553 6546 2219 1217 6130 4054 6210 3479 5463
6722 1348 4438 1707 3721 2820 1021 6692 6490 4916 4234 1532 323 2201 1627 2917 390 3044 2389 5024 1606 1514 3076 651 2584 3145 5632 6638 1854 462 4600 7427 661 389 1633 4382 3208 2653 2425 1049 68 5510 2581 390 210 4207 3306 599 6102 5694 5623 207 6059 50 857 1143 3194 5340 6632 3899 5802 2583 3825 5314 1823 5457 1047 3882 609 3471 4931 7028 1481 11 7418 542 3069 2075 1141 1671
6621 5615 1877 5179 4516 1586 5173 6562 5777 3156 2960 2930 4590 6785 744 6412 4741 1790 2794 4202 4113 224 3729 5593 6586 2498 4986 2154 4573 6126 2676 3693 3092 3405 223 108 4990 4248 5521 2118 7403 980 5048 3345 264 5791 2256 3857 6432 3901 558 3044 2976 3138 7488 2061 5636 4974 3067 2708 2451 4594 5252 5543 498 4326 4502 4339 1073 2522 6457 7328 3501 4004 2024 2617 1146 4279 5325 77
7032 4734 3121 2507 371 1960 3420 6006 6933 5338 65 1884 2431 4168 7426 1781 994 3279 6119 918 5800 5075 7097 652 430 1620 2120 1575 4751 7444 504 4282 4677 2476 5640 5048 4435 411 2405 2720 5748 2470 4603 7031 5489 3380 1311 6482 6658 7429 6252 4957 3856 5848 4460 4285 6320 6580 4712 3570 6523 4067 6703 2552 5394 3694 6451 2328 4105 207 5047 2352 1528 1001 1882 7017 3232 2044 4850 2389
1973 3601 6197 4680 801 3157 316 7120 2236 5027 2041 110 445 1243 1513 5838 4936 463 7018 392 670 3416 1596 2197 4417 3477 565 148 4373 5415 1389 6345 1515 85 3524 2315 2093 3839 786 3180 218 2826 2142 7014 2920 3654 5352 6708 2969 3721 7099 2490 7136 1194 3538 2904 3523 4103 1904 395 2017 3292 5591 2383 2228 466 4698 3173 3156 4335 6352 2225 7161 993 1739 1432 3499 5942 639 5319
2162 6590 308 1797 6635 3845 3553 2657 447 5456 1903 1315 1247 6345 3698 2326 6810 7247 5498 1318 4081 4350 3542 2593 4194 4132 4025 6544 2573 3515 4362 4734 1456 4669 5383 591 7366 1435 2099 6664 6890 4002 479 6988 1698 4176 1813 7360 2774 6163 1177 6854 1864 4718 799 4909 1350 3675 3953 2774 7189 814 6360 7497 4335 4242 587 4200 4528 2685 2215 2769 5538 2693 1108 7236 5720 1772 7095 7345
434 7123 6699 2297 4340 6349 7206 4541 2523 2510 7315 1063 2175 6174 1059 6509 1767 1645 2060 5146 3182 3127 414 1219 5819 1521 7306 2891 2144 5752 2735 2578 5374 785 3726 1066 7133 2283 4458 2155 4792 4272 2070 5819 1797 3128 3679 2415 4773 4591 60 6806 217 6825 6876 6035 7197 6682 277 1841 3785 3012 3270 511 2648 6995 1576 1133 630 6033 2139 4273 1657 4208 2591 2305 7336 6270 4720 3460
3360 3631 2765 3576 2956 992 962 2652 173 1239 3344 2810 3102 6613 3320 4601 4960 4895 5733 5589 2279 372 2361 3935 4579 4952 6240 3266 2573 2311 6725 5932 5941 841 859 1396 1833 1820 2900 857 1910 6243 3666 3863 4208 5837 7316 1667 2083 5548 7255 4362 5919 967 7148 1850 4770 4739 5115 7342 7049 3192 4625 4342 4032 5483 4589 4716 6155 7488 5573 564 5083 590 3279 642 6427 3094 2308 1009
1141 914 4222 5912 732 2722 6613 5502 7460 4227 5343 5861 7418 2468 2702 2802 450 7290 17 6604 6130 4441 6020 2564 5031 650 3205 2809 3743 5512 2669 3735 5277 6891 998 6008 2112 110 4009 923 3189 704 6783 1958 3171 836 4759 2472 626 3628 428 5607 6920 6447 670 4450 7096 3874 6110 2190 737 1279 5924 6013 7021 5774 4520 484 5883 7381 1406 1571 584 7041 2381 2606 6728 7139 5077 6205
2118 4356 4311 1538 2154 4980 4839 1749 1353 3449 2790 941 4727 66 6953 3099 5839 2825 3582 4221 1557 3839 4644 2140 3379 7024 3597 2607 5514 1173 1311 6484 4381 4474 521 6534 1953 4211 7135 2158 159 2424 3098 3737 2489 1403 6835 7179 3079 1768 2752 4635 5607 7395 6774 337 5770 2870 1795 2635 2894 1958 1618 6126 6431 990 5160 7235 5201 4794 744 4211 7217 2694 448 1058 4096 6134 736 7174
402 3487 3160 4860 2233 1285 5196 6854 3006 6991 841 5899 1448 1310 4525 6730 1152 1036 6464 6352 5829 6060 1914 4397 1253 1213 4306 4200 7347 5042 3873 6600 7380 5884 3959 965 7168 506 6670 2673 7496 10 7423 295 172 4447 5876 1323 4334 3692 6526 2662 2251 939 5911 3503 1004 2716 202 7202 257 2926 6301 6489 1309 1611 6305 976 2116 4326 3648 964 3188 3570 1258 3359 6869 7134 4681 3702
0 1 2376
0 3 4176
0 4 5811
0 6 7302
0 7 3225
0 9 2255
0 11 520
0 13 6613
0 14 573
0 15 5038
0 16 3368
0 18 3278
0 19 7140
0 20 5629
0 21 1181
0 22 3074
0 23 4207
0 26 6171
0 28 7189
0 29 2704
0 30 4859
0 31 515
0 32 226
0 33 7368
0 34 1604
0 35 5723
0 36 5461
0 37 2185
0 38 2760
0 40 7250
0 41 6375
0 42 2457
0 43 6483
0 44 3585
0 45 6197
0 46 1455
0 48 6886
0 49 4866
0 50 886
0 53 3026
0 54 687
0 55 5758
0 56 3531
0 57 2048
0 58 632
0 59 1013
0 60 4065
0 61 6964
0 62 3203
0 63 2115
0 64 7373
0 65 6212
0 66 7105
0 67 1411
0 68 3909
0 69 213
0 70 999
0 71 6893
0 72 6579
0 73 1937
0 74 5374
0 75 3089
0 76 5159
0 77 1450
0 79 2416
1 2 7039
1 3 7342
1 4 1225
1 5 3391
1 6 2198
1 8 5645
1 9 2288
1 12 5328
1 13 6279
1 14 3849
1 15 2842
1 16 2122
1 17 1219
1 18 4410
1 19 1326
1 20 1042
1 21 7254
1 22 4400
1 23 6733
1 24 1974
1 25 1458
1 26 1265
1 27 2182
1 28 4766
1 29 7496
1 30 1678
1 32 2651
1 33 2691
1 34 1741
1 36 270
1 37 6773
1 38 820
1 39 4530
1 40 6101
1 41 4929
1 42 967
1 43 1627
1 44 2989
1 45 2959
1 46 6358
1 47 3525
1 48 6138
1 49 1872
1 52 6544
1 53 7252
1 54 1739
1 55 1988
1 56 6975
1 57 4122
1 59 3940
1 60 6328
1 63 249
1 65 2588
1 66 962
1 67 1357
1 69 2804
1 70 2196
1 71 4903
1 72 6258
1 74 3877
1 76 6850
1 78 2141
1 79 3170
2 3 4143
2 5 1120
2 6 1118
2 7 1334
2 8 1829
2 9 4346
2 10 1818
2 11 503
2 13 6760
2 14 4957
2 15 7343
2 16 1337
2 17 292
2 18 7251
2 19 1759
2 20 2054
2 21 2717
2 22 1406
2 24 2599
2 25 5630
2 26 2148
2 27 4837
2 28 4370
2 29 7113
2 30 5901
2 31 6608
2 32 1788
2 33 994
2 34 4607
2 35 4726
2 36 4212
2 37 1420
2 38 5271
2 39 602
2 40 2124
2 43 3882
2 44 4624
2 45 3297
2 46 16
2 47 5835
2 48 2399
2 49 2832
2 51 6290
2 52 6666
2 53 2261
2 54 6413
2 55 7153
2 58 4496
2 60 119
2 61 5095
2 62 1918
2 63 1478
2 64 292
2 65 5112
2 66 3990
2 67 3785
2 68 5585
2 69 5096
2 70 4095
2 71 842
2 73 3214
2 75 210
2 76 745
2 79 3921
3 4 4435
3 5 2905
3 6 1766
3 7 6268
3 8 7311
3 9 4184
3 10 4386
3 11 7324
3 12 109
3 13 3028
3 17 2940
3 18 2042
3 19 1110
3 20 6040
3 21 3667
3 22 6135
3 23 3406
3 24 6012
3 25 5313
3 26 4696
3 27 4300
3 28 3031
3 29 5434
3 30 6010
3 33 4821
3 34 4195
3 35 2837
3 36 6095
3 37 7386
3 38 1868
3 39 858
3 40 2874
3 43 5635
3 44 2745
3 45 4862
3 46 4269
3 47 823
3 48 5171
3 50 2491
3 51 2760
3 52 1007
3 53 6800
3 54 5653
3 55 805
3 56 1270
3 57 4749
3 58 919
3 59 5124
3 60 7031
3 61 5315
3 62 3179
3 63 3832
3 64 3484
3 65 3374
3 66 6955
3 69 4401
3 70 6898
3 71 2946
3 72 2132
3 73 2836
3 75 2606
3 76 6531
3 78 4293
3 79 3908
4 5 5539
4 7 374
4 8 7004
4 11 2081
4 12 241
4 13 3743
4 14 59
4 15 2628
4 16 4483
4 17 5680
4 18 3376
4 19 1499
4 20 355
4 22 6677
4 23 6125
4 24 5987
4 26 2537
4 28 4618
4 29 3595
4 31 4092
4 32 7415
4 33 3766
4 34 6430
4 35 2837
4 36 4360
4 37 4282
4 38 4410
4 39 1594
4 41 3252
4 42 6642
4 43 2398
4 44 5471
4 45 5199
4 46 6449
4 47 4509
4 48 2233
4 49 3356
4 50 360
4 51 818
4 52 6216
4 53 5798
4 54 914
4 55 2726
4 58 1001
4 59 593
4 60 1126
4 62 6324
4 63 713
4 64 2341
4 67 2509
4 68 4131
4 70 5646
4 71 2732
4 72 5360
4 74 585
4 75 2569
4 76 5786
4 77 4858
4 78 1645
4 79 2299
5 6 1253
5 7 6814
5 8 2165
5 9 6215
5 10 6949
5 11 390
5 14 2056
5 15 181
5 17 7117
5 18 6667
5 19 5327
5 20 1239
5 21 183
5 22 7013
5 23 3615
5 24 6316
5 25 2391
5 27 5916
5 28 118
5 29 3182
5 30 1125
5 31 2596
5 34 7274
5 35 4713
5 37 3251
5 38 3222
5 39 903
5 40 640
5 41 4108
5 42 3075
5 43 5013
5 45 1371
5 46 1422
5 47 6775
5 49 723
5 51 7417
5 52 1813
5 53 4982
5 54 5584
5 55 1245
5 56 3276
5 57 1008
5 58 6938
5 61 3180
5 63 4550
5 64 2474
5 65 6358
5 66 1592
5 67 5425
5 68 5848
5 70 681
5 72 6264
5 73 2655
5 74 1233
5 75 5343
5 77 3510
5 78 2208
5 79 1713
6 8 1296
6 9 1894
6 11 3485
6 13 5059
6 16 1668
6 18 431
6 20 4766
6 21 2992
6 22 3690
6 25 1472
6 26 4550
6 27 4451
6 28 668
6 29 3702
6 30 2328
6 31 3410
6 33 5597
6 34 2645
6 36 1927
6 39 3559
6 40 653
6 41 649
6 43 2120
6 45 5703
6 46 4332
6 47 3276
6 48 4548
6 49 5726
6 52 6054
6 53 698
6 54 4907
6 55 1019
6 56 7021
6 57 4686
6 58 2029
6 59 3498
6 60 6306
6 61 3100
6 62 412
6 64 3687
6 65 3332
6 66 3892
6 68 3094
6 70 2643
6 71 4110
6 72 1837
6 73 3639
6 74 3448
6 75 7293
6 76 5012
6 77 5292
6 78 5210
6 79 1402
7 10 2159
7 12 6050
7 14 495
7 16 3138
7 17 1928
7 18 1106
7 19 2247
7 20 2989
7 21 3867
7 22 125
7 23 6118
7 24 3686
7 25 1369
7 27 6456
7 29 2388
7 30 4284
7 32 1588
7 33 3368
7 34 3043
7 35 815
7 36 3074
7 37 5572
7 38 1255
7 39 5810
7 40 5015
7 41 3416
7 42 7145
7 43 7393
7 44 5927
7 45 7339
7 47 1989
7 48 4141
7 49 2909
7 50 6146
7 51 3515
7 54 5652
7 55 2158
7 56 3304
7 57 2064
7 58 4156
7 59 76
7 60 3295
7 62 1564
7 63 3189
7 64 5706
7 65 5961
7 67 1162
7 68 726
7 69 6386
7 70 5579
7 72 6588
7 73 7184
7 74 1354
7 75 2834
7 76 6543
7 77 6902
7 78 4663
7 79 6639
8 9 2786
8 10 784
8 11 5005
8 12 1259
8 13 4850
8 14 400
8 15 2865
8 16 1263
8 18 7298
8 19 4433
8 20 2316
8 21 5307
8 22 1089
8 23 6614
8 24 6218
8 25 2542
8 26 5451
8 28 2076
8 29 285
8 30 1184
8 31 2012
8 32 4473
8 34 51
8 35 4333
8 36 1836
8 37 6170
8 38 7451
8 39 6721
8 40 5867
8 41 4880
8 42 6704
8 43 2399
8 44 3758
8 45 4610
8 46 5184
8 47 4046
8 48 1118
8 49 3138
8 50 595
8 51 5651
8 52 4321
8 53 7276
8 54 634
8 55 3336
8 56 2139
8 57 7407
8 58 1249
8 59 4520
8 60 5158
8 61 7040
8 62 5774
8 65 1108
8 66 559
8 67 3087
8 68 1836
8 69 7084
8 71 217
8 72 4070
8 74 3636
8 75 643
8 76 5484
8 77 2390
8 78 5643
9 11 4365
9 13 4324
9 14 2717
9 15 5812
9 16 5565
9 17 6212
9 18 5305
9 19 4339
9 20 3348
9 22 1322
9 23 1746
9 25 2987
9 26 6438
9 27 6130
9 28 6984
9 30 3808
9 31 228
9 32 5626
9 33 5601
9 34 3271
9 35 5705
9 36 967
9 37 4399
9 39 4572
9 40 3889
9 41 1036
9 42 4025
9 43 3142
9 44 1679
9 46 5542
9 47 7057
9 48 5321
9 49 2828
9 50 4435
9 51 5253
9 52 7149
9 54 2899
9 56 6322
9 57 6452
9 58 2305
9 59 4427
9 61 5932
9 62 1797
9 64 5933
9 65 4321
9 67 6000
9 68 3903
9 69 2630
9 70 3098
9 71 3518
9 72 1230
9 73 4817
9 74 5033
9 75 3656
9 76 2145
9 77 2531
9 78 5297
9 79 3954
10 11 1612
10 12 7022
10 13 5
10 14 1593
10 15 2618
10 16 5857
10 18 1874
10 19 4505
10 20 6731
10 21 4340
10 22 2010
10 23 5445
10 24 432
10 26 3611
10 28 5222
10 29 5664
10 30 7070
10 31 2382
10 32 5154
10 33 7037
10 34 82
10 35 4134
10 38 1793
10 40 3802
10 41 4608
10 42 4537
10 43 3094
10 44 1009
10 45 4720
10 46 5104
10 48 140
10 49 1324
10 50 3549
10 51 6366
10 52 1122
10 54 1839
10 55 1360
10 57 5161
10 58 338
10 59 536
10 60 406
10 61 7381
10 62 3606
10 63 6098
10 65 6237
10 66 771
10 67 2107
10 68 599
10 69 1604
10 70 4155
10 71 164
10 73 3393
10 74 6334
10 75 6839
10 76 2602
10 77 4607
10 79 7064
11 12 4539
11 13 2383
11 14 4939
11 16 5897
11 18 2984
11 19 6908
11 20 32
11 21 4004
11 22 668
11 23 1701
11 24 3072
11 25 4703
11 26 3379
11 27 1257
11 28 323
11 30 1557
11 31 6760
11 33 4008
11 35 6992
11 36 647
11 37 2669
11 38 1985
11 40 5719
11 41 689
11 42 4860
11 43 2957
11 46 2532
11 47 211
11 48 4657
11 49 2465
11 50 3764
11 51 6764
11 52 5964
11 53 4502
11 55 2423
11 56 1457
11 58 6396
11 59 4289
11 62 3345
11 63 1662
11 64 4320
11 65 1582
11 66 207
11 67 1044
11 68 722
11 69 1473
11 74 7248
11 75 5937
11 76 7464
11 77 161
11 79 4954
12 13 3283
12 16 1844
12 18 1023
12 19 2694
12 20 7114
12 21 1225
12 22 1452
12 23 5912
12 24 413
12 25 397
12 26 4121
12 27 3681
12 31 4016
12 33 6229
12 34 6305
12 35 3764
12 36 4809
12 37 1892
12 38 1223
12 39 4359
12 40 4253
12 41 3810
12 42 4985
12 43 2366
12 44 2270
12 45 4737
12 46 7369
12 47 1101
12 50 942
12 51 1495
12 52 913
12 54 1656
12 55 4883
12 56 5286
12 57 376
12 58 2718
12 59 3244
12 60 6258
12 61 6897
12 62 936
12 63 3525
12 64 3934
12 65 1039
12 67 977
12 68 6143
12 69 1763
12 70 3544
12 71 4890
12 73 3798
12 74 6235
12 75 2787
12 78 5677
12 79 4052
13 16 3072
13 17 6926
13 20 3938
13 21 7007
13 22 7345
13 23 1869
13 24 4402
13 25 3010
13 26 6783
13 27 4917
13 28 1425
13 29 1317
13 32 5064
13 33 5444
13 39 33
13 40 2943
13 41 3631
13 42 5430
13 43 6857
13 45 6407
13 47 2676
13 48 1397
13 49 5041
13 50 7290
13 51 3764
13 52 7204
13 53 3651
13 54 6845
13 55 509
13 58 1790
13 59 4757
13 60 5638
13 61 4388
13 62 724
13 63 6135
13 65 6383
13 66 955
13 67 1180
13 68 2494
13 69 2418
13 70 5399
13 71 3939
13 73 1019
13 75 2808
13 76 3613
13 79 5766
14 15 6152
14 16 7265
14 17 1371
14 18 3440
14 19 4878
14 20 3891
14 22 5160
14 23 4266
14 24 904
14 26 1923
14 27 5263
14 28 2796
14 30 59
14 31 3226
14 32 3159
14 34 2912
14 35 747
14 36 2580
14 37 2323
14 39 42
14 40 164
14 41 5334
14 42 4881
14 43 1841
14 44 855
14 45 403
14 46 1734
14 47 4439
14 48 1649
14 50 2601
14 51 5247
14 52 5916
14 53 6675
14 54 4499
14 55 7131
14 56 1388
14 57 5313
14 58 6522
14 60 5276
14 62 5678
14 63 6859
14 64 2686
14 65 5491
14 66 5865
14 67 50
14 68 2791
14 69 1641
14 73 4036
14 74 4577
14 75 1635
14 76 4698
14 77 382
14 79 5506
15 16 248
15 17 3345
15 18 6885
15 19 2271
15 20 1926
15 21 6563
15 22 7137
15 23 4385
15 24 4546
15 25 578
15 26 3502
15 27 3649
15 28 3451
15 30 4775
15 31 6623
15 32 4992
15 34 5629
15 35 6660
15 36 6323
15 37 422
15 38 3505
15 40 389
15 41 837
15 42 2381
15 43 2815
15 44 5352
15 46 1743
15 47 710
15 49 3839
15 51 1663
15 52 203
15 53 6560
15 55 6982
15 56 4263
15 59 194
15 60 2816
15 61 7295
15 62 3707
15 63 1681
15 64 4592
15 66 2430
15 67 3042
15 68 618
15 70 820
15 71 1832
15 72 5136
15 75 6056
15 76 4252
15 78 7067
15 79 2302
16 17 2733
16 18 4580
16 19 2242
16 20 430
16 21 3769
16 22 133
16 23 5878
16 24 2910
16 25 4737
16 26 6742
16 27 1266
16 28 3456
16 29 4242
16 31 2660
16 32 1841
16 33 2815
16 34 2639
16 35 6936
16 36 3322
16 37 39
16 39 3277
16 40 4847
16 42 2083
16 43 3722
16 44 6760
16 45 1791
16 46 5658
16 48 817
16 49 6321
16 50 4596
16 52 7488
16 54 3310
16 55 3026
16 56 350
16 59 2692
16 60 7279
16 61 2731
16 62 7446
16 63 7405
16 64 3451
16 65 717
16 66 3384
16 67 7199
16 69 6417
16 71 1905
16 72 3261
16 74 2463
16 75 4961
16 76 1831
16 77 6289
16 79 3255
17 19 3159
17 20 5648
17 22 1267
17 23 1859
17 24 6326
17 25 6234
17 26 7467
17 27 770
17 29 2553
17 30 2411
17 31 2404
17 32 2835
17 33 4460
17 34 3298
17 35 4232
17 36 1026
17 37 2569
17 38 1350
17 39 5207
17 40 7242
17 41 7400
17 42 6639
17 43 5006
17 44 365
17 45 3463
17 46 72
17 48 2906
17 49 1678
17 50 559
17 51 6875
17 52 6180
17 53 7286
17 54 807
17 55 7233
17 57 53
17 59 5543
17 61 5612
17 62 1094
17 63 7307
17 64 5143
17 65 1775
17 66 6203
17 67 1813
17 68 2645
17 69 2535
17 70 6316
17 71 1760
17 72 4294
17 73 4015
17 74 3307
17 75 1240
17 76 1081
17 77 6804
17 78 4980
17 79 1043
18 19 2487
18 20 3877
18 21 7234
18 22 2749
18 23 4719
18 25 2387
18 26 5090
18 28 173
18 29 1187
18 30 1370
18 31 3455
18 32 5833
18 34 3313
18 36 5934
18 37 5038
18 38 7303
18 39 6851
18 40 4853
18 41 6686
18 42 4159
18 43 5773
18 44 5870
18 48 5312
18 49 1934
18 50 4371
18 52 183
18 54 4969
18 55 6403
18 56 1532
18 57 4332
18 58 7377
18 59 3267
18 60 2763
18 63 869
18 68 3019
18 69 5099
18 70 6436
18 71 5276
18 75 5658
18 76 1866
18 77 3409
18 78 6911
18 79 6918
19 20 4776
19 22 1507
19 23 4188
19 24 7266
19 25 666
19 26 540
19 27 378
19 28 1358
19 29 4433
19 30 7249
19 32 6326
19 33 6951
19 34 1636
19 35 4247
19 36 2886
19 38 5742
19 39 5755
19 40 2912
19 41 6428
19 42 6009
19 43 7044
19 44 2998
19 46 7430
19 47 3138
19 48 6634
19 49 386
19 50 4197
19 51 2649
19 53 5535
19 55 2628
19 56 3150
19 61 4882
19 62 5783
19 64 5535
19 66 5900
19 67 4186
19 68 2461
19 69 1321
19 71 3970
19 72 7369
19 73 6618
19 74 2335
19 75 414
19 77 6787
19 79 4169
20 21 7199
20 22 6350
20 23 5295
20 27 5221
20 28 5947
20 29 7409
20 30 1862
20 31 2610
20 33 7374
20 35 6639
20 37 5925
20 40 4127
20 41 732
20 43 4878
20 44 6055
20 46 3775
20 47 7488
20 48 2682
20 49 3529
20 52 2423
20 54 5618
20 55 4146
20 56 5682
20 58 7126
20 60 6709
20 61 2778
20 62 2399
20 64 3940
20 65 3678
20 66 6773
20 67 5507
20 68 5603
20 69 6749
20 70 2815
20 71 4994
20 72 3746
20 73 1900
20 75 378
20 76 3319
20 77 366
20 78 3672
21 23 6703
21 24 7105
21 25 7214
21 26 7487
21 27 2917
21 28 614
21 29 2701
21 30 7287
21 31 5108
21 32 6023
21 33 5381
21 34 2117
21 35 5985
21 36 6148
21 37 4098
21 39 2152
21 41 4133
21 43 2971
21 44 1975
21 45 5912
21 46 4409
21 47 4054
21 48 4880
21 49 7054
21 50 908
21 51 2331
21 52 3289
21 55 262
21 56 84
21 57 6456
21 58 5397
21 59 2033
21 60 686
21 61 1428
21 64 5221
21 67 4410
21 68 1667
21 69 2577
21 71 4717
21 73 1514
21 74 5819
21 75 539
21 77 5936
21 78 4308
22 23 7166
22 24 3999
22 25 3122
22 26 7025
22 27 3171
22 28 4317
22 29 1750
22 31 6876
22 32 6700
22 33 3327
22 34 2426
22 35 5364
22 36 7198
22 38 4005
22 39 2466
22 40 5591
22 41 664
22 42 683
22 43 257
22 44 2974
22 45 6394
22 46 522
22 49 3483
22 50 4513
22 51 7187
22 52 5024
22 53 6837
22 54 1005
22 55 979
22 59 5378
22 60 820
22 63 6244
22 64 1270
22 65 7390
22 66 2973
22 67 1536
22 68 5588
22 70 6374
22 71 4509
22 72 5244
22 73 403
22 74 6686
22 75 4142
22 76 1846
22 77 1290
22 78 6717
22 79 3859
23 24 4935
23 25 5974
23 26 6853
23 27 3374
23 29 3421
23 30 2861
23 32 7423
23 33 6082
23 34 2658
23 36 5651
23 37 6138
23 38 5880
23 39 4696
23 40 5315
23 41 5831
23 42 605
23 43 7400
23 45 5838
23 46 6963
23 47 5852
23 48 4765
23 49 4389
23 50 3802
23 52 6946
23 53 4555
23 54 3176
23 55 7040
23 56 2682
23 57 3650
23 58 5401
23 63 2489
23 65 6684
23 67 3948
23 68 5580
23 69 2083
23 70 4962
23 72 868
23 73 3700
23 74 3207
23 75 5334
23 76 6571
23 77 4814
23 78 24
24 25 4746
24 26 1885
24 29 1472
24 31 5903
24 32 4552
24 33 7245
24 34 1756
24 37 2116
24 38 7229
24 40 6300
24 41 7383
24 42 4021
24 43 2964
24 45 4848
24 46 3845
24 47 722
24 48 2857
24 49 2267
24 50 355
24 51 4840
24 52 327
24 54 2443
24 55 6146
24 56 5313
24 57 5240
24 60 4247
24 61 1877
24 62 2786
24 63 2447
24 64 1847
24 65 4882
24 67 3642
24 70 2287
24 71 5772
24 72 4884
24 76 2498
24 77 578
24 78 4476
24 79 2911
25 26 3426
25 27 6330
25 28 6574
25 33 97
25 34 6463
25 37 4553
25 38 7435
25 40 4913
25 41 4215
25 43 1688
25 45 4598
25 46 6332
25 48 3555
25 49 5869
25 50 2378
25 51 6408
25 52 5892
25 53 107
25 55 3511
25 56 6708
25 58 2972
25 59 504
25 60 3515
25 61 5409
25 63 5420
25 64 6138
25 65 158
25 66 1481
25 68 5550
25 69 763
25 70 6494
25 73 4379
25 74 4974
25 75 211
25 78 2398
25 79 609
26 28 6249
26 30 3738
26 31 2546
26 32 5725
26 34 3775
26 35 7349
26 36 3731
26 37 917
26 39 4838
26 40 4161
26 41 5120
26 42 3465
26 43 3969
26 44 4378
26 45 1673
26 47 5411
26 48 6039
26 49 2775
26 50 4147
26 51 6891
26 52 4468
26 53 1268
26 54 3970
26 55 425
26 56 727
26 57 6263
26 58 289
26 59 5854
26 60 2008
26 61 4886
26 62 4100
26 64 2638
26 65 7342
26 67 5242
26 68 5052
26 69 6153
26 70 5297
26 71 1736
26 72 2617
26 73 1397
26 74 3199
26 75 5361
26 76 3750
26 77 7362
26 78 6237
26 79 2782
27 28 5451
27 29 3144
27 30 3045
27 31 4625
27 32 799
27 34 4947
27 35 1
27 37 1315
27 38 6450
27 39 1657
27 41 5406
27 42 4778
27 43 618
27 44 673
27 45 5541
27 47 5985
27 48 5653
27 49 4004
27 50 5237
27 52 1339
27 53 2473
27 54 2435
27 56 5800
27 58 3216
27 59 2901
27 60 1046
27 61 5787
27 62 6290
27 63 935
27 64 2311
27 67 7198
27 68 2008
27 69 1111
27 72 2255
27 73 7175
27 74 376
27 75 7485
27 76 6930
27 78 475
27 79 74
28 29 2896
28 30 7183
28 31 3915
28 32 1808
28 33 2574
28 34 2692
28 35 1280
28 36 3033
28 37 5996
28 39 4961
28 40 7164
28 41 426
28 42 5533
28 44 3287
28 45 4668
28 47 4351
28 48 6655
28 50 6191
28 51 7109
28 53 889
28 54 5279
28 55 3619
28 56 6843
28 57 870
28 58 3727
28 59 4451
28 60 2359
28 61 3898
28 62 38
28 64 3240
28 65 3093
28 68 2970
28 69 2018
28 71 7141
28 72 158
28 73 3586
28 74 894
28 75 4859
28 76 4602
28 77 4083
28 79 6833
29 30 3568
29 31 5745
29 33 1337
29 34 1238
29 35 2946
29 36 3989
29 37 109
29 40 4592
29 42 4337
29 43 33
29 44 5353
29 45 4391
29 47 3723
29 48 6642
29 49 1417
29 50 7220
29 51 5924
29 52 3577
29 53 4363
29 55 3323
29 57 1293
29 58 3742
29 59 2825
29 61 1985
29 63 6375
29 65 1449
29 67 3638
29 68 5355
29 69 110
29 70 2018
29 73 2603
29 74 7407
29 75 1380
29 76 1341
29 77 5166
30 31 6150
30 33 3876
30 34 1417
30 35 1811
30 36 6665
30 37 6178
30 39 160
30 40 2962
30 41 7474
30 42 3296
30 44 3527
30 45 1109
30 46 5096
30 47 7315
30 48 1627
30 49 6762
30 51 7030
30 52 3916
30 53 193
30 54 5382
30 55 3506
30 57 5319
30 58 1485
30 59 2049
30 60 2002
30 61 6498
30 62 4425
30 63 6087
30 64 2204
30 65 2769
30 67 4874
30 68 5594
30 69 6550
30 70 3223
30 71 5055
30 72 1324
30 77 977
30 78 5339
31 32 7300
31 33 411
31 36 4951
31 37 2930
31 38 2114
31 40 1106
31 41 3600
31 44 1261
31 45 5422
31 46 4209
31 47 6848
31 49 4686
31 51 3337
31 52 6370
31 53 5089
31 54 5526
31 58 4890
31 60 4417
31 61 1228
31 63 1340
31 64 6881
31 65 2864
31 69 234
31 70 2508
31 71 1011
31 72 2997
31 73 564
31 75 2680
31 78 5270
31 79 3338
32 34 4212
32 35 3687
32 36 5266
32 39 4085
32 40 3720
32 41 1875
32 42 5592
32 43 5308
32 44 1484
32 46 1264
32 47 6081
32 48 4027
32 49 253
32 51 1452
32 52 309
32 53 4645
32 54 5025
32 55 5245
32 56 2261
32 58 4135
32 59 574
32 60 2054
32 62 6777
32 63 7470
32 64 5260
32 65 910
32 67 7125
32 68 6009
32 69 2693
32 72 23
32 73 4863
32 74 237
32 75 2965
32 76 3072
32 77 1594
32 78 2904
32 79 3254
33 34 6622
33 35 7342
33 37 302
33 38 4726
33 39 6494
33 40 3082
33 42 2699
33 43 1504
33 44 848
33 45 4091
33 46 3814
33 47 6202
33 49 1606
33 50 4597
33 52 2437
33 53 7108
33 54 1535
33 55 5911
33 56 5438
33 57 6153
33 58 6919
33 60 7274
33 63 3206
33 64 4179
33 65 857
33 66 1914
33 68 6510
33 70 298
33 71 137
33 72 269
33 73 6246
33 74 3370
33 76 1649
33 77 1048
33 78 181
33 79 4988
34 35 3369
34 36 4723
34 37 499
34 38 4705
34 40 2567
34 43 3250
34 44 3199
34 45 1105
34 46 4561
34 48 5405
34 49 3338
34 51 2370
34 52 1606
34 53 187
34 54 6489
34 55 598
34 56 182
34 58 1600
34 59 6748
34 60 378
34 62 2747
34 63 957
34 64 4553
34 65 5212
34 66 4929
34 68 7299
34 69 5454
34 70 19
34 71 553
34 72 5003
34 73 2030
34 74 265
34 75 3392
34 76 592
34 77 5988
34 78 5367
34 79 561
35 36 3120
35 37 1736
35 38 729
35 39 346
35 40 3435
35 41 943
35 42 3852
35 43 5301
35 45 7330
35 46 2368
35 47 65
35 48 2902
35 49 5570
35 50 551
35 51 1919
35 52 6108
35 54 2605
35 55 1265
35 56 4177
35 57 100
35 58 7004
35 59 4317
35 60 3010
35 61 3486
35 63 6944
35 65 2346
35 66 5291
35 67 2981
35 68 5622
35 70 2192
35 72 6990
35 73 2643
35 75 1595
35 76 7239
35 77 2157
35 78 6259
36 38 67
36 39 5687
36 40 6373
36 41 5078
36 43 4709
36 44 1355
36 45 1741
36 47 83
36 48 6430
36 49 3491
36 50 6792
36 51 3773
36 53 1383
36 55 6175
36 57 3213
36 58 6608
36 59 4010
36 62 6437
36 63 5311
36 64 4407
36 65 759
36 66 528
36 67 3653
36 68 354
36 70 653
36 71 2762
36 72 5121
36 73 2320
36 75 1251
36 76 7330
36 77 2702
36 78 6477
36 79 3941
37 38 1167
37 39 4737
37 41 4116
37 42 2365
37 43 2192
37 44 6546
37 45 2010
37 46 3723
37 47 2095
37 48 3837
37 51 5425
37 52 57
37 53 1732
37 55 3723
37 56 6521
37 58 5233
37 59 4328
37 60 445
37 61 7046
37 62 715
37 64 4437
37 65 1095
37 66 2726
37 67 5677
37 68 4614
37 69 137
37 70 1516
37 72 5238
37 73 2394
37 74 3736
37 76 563
37 77 772
37 78 6121
38 40 4466
38 41 5416
38 43 6993
38 44 1293
38 46 1076
38 48 2591
38 50 329
38 52 4229
38 54 4556
38 55 7437
38 56 2072
38 57 3293
38 58 5084
38 59 3653
38 61 6769
38 62 7122
38 63 7269
38 64 488
38 66 3079
38 68 2259
38 69 5329
38 70 2900
38 71 2395
38 73 222
38 74 4684
38 76 1119
38 77 2537
38 79 657
39 40 5765
39 41 4082
39 44 258
39 45 4039
39 46 3597
39 47 1530
39 48 5613
39 50 2356
39 51 4050
39 52 2382
39 53 6406
39 54 389
39 55 6470
39 56 951
39 57 4796
39 58 7364
39 60 1126
39 61 1765
39 63 5361
39 64 3144
39 67 1976
39 68 7414
39 69 6070
39 70 3792
39 71 4646
39 72 4120
39 73 2064
39 74 4601
39 75 3793
39 76 6810
39 77 3293
39 78 2540
40 43 3128
40 45 5343
40 47 5256
40 48 5051
40 49 1691
40 50 2399
40 51 5497
40 53 1918
40 54 4996
40 56 3157
40 57 7426
40 58 376
40 59 1510
40 60 3975
40 61 4526
40 62 1331
40 63 4538
40 64 1799
40 65 4339
40 66 3465
40 67 7064
40 68 2955
40 69 1082
40 70 1549
40 71 6757
40 73 6683
40 74 2707
40 76 1185
40 77 285
40 78 5002
40 79 2109
41 42 701
41 44 3892
41 45 5294
41 47 4458
41 48 1215
41 49 58
41 52 6320
41 53 5997
41 55 2616
41 56 6460
41 58 4670
41 59 302
41 60 453
41 61 2037
41 63 5988
41 64 5725
41 65 2237
41 67 276
41 69 1662
41 70 2502
41 71 7379
41 73 1346
41 75 3407
41 78 348
42 43 201
42 44 3407
42 45 1991
42 46 1022
42 47 3422
42 48 4912
42 49 5101
42 50 4211
42 51 2447
42 52 5213
42 53 1799
42 54 413
42 55 1317
42 59 6422
42 60 6211
42 61 1316
42 62 2120
42 63 1381
42 65 4413
42 66 7323
42 67 2319
42 68 6199
42 70 3911
42 72 1821
42 74 3137
42 75 102
42 76 7254
42 77 4182
42 78 6652
42 79 7471
43 44 5701
43 45 3937
43 46 4616
43 47 1649
43 48 7481
43 50 3598
43 51 5794
43 52 745
43 53 5904
43 54 2102
43 55 3494
43 56 5754
43 57 2760
43 58 6872
43 59 3040
43 60 4161
43 62 5987
43 63 7444
43 66 3521
43 67 2374
43 68 3718
43 69 1680
43 70 3599
43 71 4784
43 73 3361
43 74 2434
43 75 2272
43 76 5728
43 77 150
43 78 1053
43 79 7226
44 45 2375
44 47 1151
44 48 2876
44 49 2020
44 50 71
44 51 1775
44 52 123
44 53 4619
44 55 2674
44 57 4946
44 59 2756
44 60 4560
44 61 3412
44 63 5786
44 66 1784
44 68 2655
44 69 5937
44 70 4117
44 71 4180
44 72 4428
44 74 7102
44 75 2038
44 77 5358
44 78 2152
44 79 1314
45 47 5384
45 48 6254
45 49 7340
45 50 1507
45 52 3848
45 53 7249
45 55 3928
45 56 2028
45 57 3489
45 58 6188
45 59 5027
45 60 1088
45 62 3505
45 64 410
45 65 6828
45 66 7486
45 67 6053
45 68 4873
45 69 5340
45 70 345
45 71 6615
45 72 4848
45 73 2622
45 74 1622
45 75 2918
45 77 4005
45 78 7231
45 79 5525
46 48 7253
46 49 5934
46 50 2352
46 51 82
46 52 3933
46 54 3129
46 55 4410
46 56 3979
46 57 226
46 58 6025
46 59 6585
46 60 404
46 61 4555
46 62 1950
46 63 3992
46 64 1184
46 65 6005
46 66 880
46 67 5059
46 68 4626
46 70 6607
46 71 1659
46 73 6061
46 74 7460
46 75 3673
46 76 7461
46 77 984
46 78 1915
47 48 4758
47 50 3286
47 52 3017
47 53 1016
47 54 4531
47 55 6073
47 56 1513
47 57 5551
47 59 1338
47 61 3862
47 62 7392
47 63 5291
47 65 7076
47 66 5962
47 67 4239
47 68 1791
47 69 4764
47 70 64
47 71 3929
47 72 3511
47 73 2127
47 74 4467
47 75 6587
47 76 5196
47 77 1018
47 79 307
48 49 1019
48 51 425
48 52 7151
48 53 6922
48 54 2563
48 57 1623
48 59 3985
48 60 3070
48 61 5855
48 62 4516
48 64 3533
48 65 402
48 66 2038
48 68 2400
48 69 1588
48 70 2120
48 71 644
48 72 166
48 73 2102
48 74 4155
48 75 2586
48 77 5655
48 78 5463
48 79 1935
49 50 5906
49 51 2703
49 52 5613
49 53 3057
49 54 5991
49 55 863
49 56 1293
49 57 6708
49 59 1740
49 60 6625
49 61 582
49 62 5386
49 63 5069
49 64 4504
49 65 3592
49 66 1185
49 67 5881
49 68 4875
49 69 1900
49 70 6814
49 71 5012
49 72 69
49 73 4586
49 75 5177
49 76 5288
49 77 4417
49 78 308
49 79 3418
50 52 6197
50 53 4788
50 54 5966
50 55 5077
50 56 3992
50 57 6341
50 58 5752
50 59 1183
50 60 6181
50 61 7295
50 63 3630
50 65 547
50 66 5026
50 67 3249
50 68 5613
50 71 678
50 73 5754
50 75 4081
50 76 4715
50 77 6097
50 78 7003
50 79 1868
51 52 971
51 53 1779
51 54 233
51 55 4579
51 56 6328
51 57 3600
51 59 7497
51 60 653
51 61 3610
51 62 4615
51 63 691
51 64 1085
51 65 4307
51 66 229
51 67 6552
51 69 2067
51 70 5006
51 71 184
51 72 5261
51 73 115
51 74 2303
51 75 6561
51 76 7094
51 77 3454
51 78 3736
51 79 5543
52 53 909
52 54 6253
52 56 6688
52 57 2578
52 58 5563
52 59 3302
52 60 1768
52 61 3326
52 62 4351
52 63 1933
52 65 2925
52 66 572
52 67 237
52 68 6203
52 69 5105
52 71 2710
52 73 1897
52 74 2677
52 75 6763
52 76 3494
52 78 230
52 79 4511
53 54 3043
53 55 6724
53 56 7072
53 57 3916
53 58 2346
53 61 3531
53 62 579
53 63 6022
53 64 6988
53 66 6032
53 67 5319
53 68 2664
53 69 1106
53 70 4914
53 71 6359
53 72 3762
53 73 2280
53 74 6118
53 75 7067
53 76 1936
53 77 6926
53 78 4825
53 79 1274
54 56 7347
54 57 2535
54 58 2082
54 60 2485
54 61 2514
54 62 1554
54 63 1458
54 64 2427
54 65 1388
54 66 2169
54 67 4439
54 68 4053
54 70 229
54 71 5834
54 72 3735
54 74 6269
54 76 2179
54 77 4761
54 78 2777
54 79 748
55 56 6116
55 57 5426
55 58 5153
55 60 4959
55 61 6329
55 63 4537
55 64 3559
55 65 4024
55 66 7402
55 68 968
55 69 7093
55 70 3757
55 71 2859
55 72 5886
55 73 5882
55 74 2636
55 75 7303
55 76 1811
55 77 6773
55 78 3976
56 57 4567
56 58 5748
56 59 5303
56 60 5309
56 61 6617
56 62 2309
56 63 561
56 64 2058
56 65 6980
56 67 1630
56 68 3498
56 69 1212
56 70 3897
56 71 3650
56 72 1287
56 73 4939
56 74 4775
56 75 4599
56 76 2689
56 78 6993
56 79 92
57 58 2069
57 59 6731
57 60 269
57 61 881
57 62 6639
57 63 2235
57 65 1571
57 66 3137
57 68 6927
57 69 2101
57 70 5604
57 71 6995
57 72 4768
57 73 5245
57 74 4243
57 75 4712
57 76 6565
57 77 5466
57 78 6003
58 59 7089
58 60 2726
58 61 3905
58 62 1720
58 63 4141
58 64 3330
58 67 6793
58 68 3325
58 70 5888
58 71 6709
58 72 2549
58 73 5782
58 74 3422
58 75 3970
58 76 1576
58 77 3811
58 78 5980
58 79 3306
59 60 4017
59 63 5708
59 65 1008
59 66 5441
59 67 7363
59 68 7112
59 69 7065
59 70 6446
59 71 6510
59 73 95
59 75 2758
59 76 10
59 79 5502
60 62 668
60 63 6111
60 64 1698
60 68 5082
60 69 1762
60 70 4801
60 71 2427
60 72 492
60 73 2756
60 75 5513
60 76 5717
60 77 5845
60 78 3851
61 63 3815
61 64 5995
61 67 113
61 68 2993
61 69 2856
61 71 1267
61 72 1786
61 73 3298
61 75 358
61 76 4350
61 77 7255
61 78 1712
61 79 4669
62 63 6975
62 65 5470
62 66 6368
62 68 7462
62 69 4987
62 70 3067
62 72 3335
62 73 4693
62 74 6992
62 75 5842
62 76 5150
62 77 7004
62 78 4979
62 79 5011
63 65 4846
63 66 5756
63 67 4580
63 70 5714
63 71 6210
63 73 1645
63 76 303
63 77 5989
63 79 3638
64 65 5200
64 66 5740
64 68 6231
64 69 5188
64 70 5702
64 71 374
64 72 3936
64 73 4403
64 74 2476
64 75 1484
64 76 6852
64 77 661
64 78 6387
64 79 4649
65 66 1639
65 68 5619
65 69 7145
65 71 5943
65 72 3379
65 73 582
65 74 2833
65 75 1167
65 78 3120
65 79 6614
66 68 6127
66 69 6859
66 70 4478
66 71 5766
66 72 1631
66 73 3741
66 74 1196
66 75 6070
66 76 6056
66 77 3128
66 79 5348
67 68 2983
67 69 4819
67 70 6227
67 71 7425
67 72 1411
67 73 4910
67 74 4231
67 75 3803
67 76 7037
67 77 562
67 78 6586
67 79 4585
68 69 646
68 71 1805
68 73 4130
68 74 6505
68 76 4084
68 77 3405
68 78 4494
68 79 7043
69 70 7388
69 73 3338
69 74 4771
69 76 509
69 79 6234
70 71 1810
70 72 216
70 75 6238
70 76 2155
70 78 4289
70 79 2847
71 72 6550
71 73 6484
71 74 5795
71 75 5014
71 76 4173
71 77 2425
71 78 2319
71 79 696
72 73 4239
72 75 1529
72 76 5713
72 77 4267
73 75 4958
73 77 2859
73 78 5173
73 79 4387
74 75 3458
74 76 3018
74 77 2376
74 78 3154
75 76 4228
75 77 647
75 78 1924
75 79 1433
76 77 5395
76 78 833
76 79 4159
77 79 1701
