35 80 2811
6279 3042 3683 273 1902 650 5268 3719 1831 2554 5128 5363 1345 1409 4349 3418 5380 6580 2959 1293 3662 7436 4483 4408 1351 2490 5141 5936 1021 2453 2640 7299 4346 6322 6423
6247 6971 4190 2466 154 5595 6445 5516 6940 6705 2364 2857 3436 296 4668 4728 2809 3455 562 6068 4806 1903 3708 2093 2924 5013 4732 2722 710 2405 1645 6957 727 4686 774 880 2781 7218 6396 2220 6422 111 3928 2357 406 1095 5936 2066 4550 6497 634 707 899 3193 2799 2674 705 6382 4248 1415 1286 4744 7223 2012 1929 496 1744 4709 6565 6991 5780 5486 7101 2208 6694 6359 3302 5129 7276 6703
2977 409 7409 2727 3602 2707 5401 3158 1588 2148 3424 1725 6891 1998 3737 171 2493 4332 3732 409 3822 2011 5894 2274 4218 3939 1132 6372 419 908 5574 3395 168 4335 4974 2621 7041 1726 4631 7481 2725 6906 1705 2115 1404 4293 1137 2748 1124 4868 3157 3797 6879 402 6071 2448 4341 7202 1319 4759 6961 5745 7006 5981 2579 4479 1101 971 5056 5731 7303 280 5137 1508 1246 5392 4652 2382 639 5776
7250 2647 924 5480 3049 6994 427 6241 5548 598 3499 3860 5194 1856 2340 6624 5186 3441 94 2741 523 7397 3020 4511 256 4265 1254 4907 6647 745 2034 5248 3391 2958 3227 5291 1303 2505 4031 6850 3102 6382 2062 7147 737 4401 6270 5923 6693 5216 1163 6068 3964 3035 3078 3071 7299 3184 477 5297 3928 1363 3044 7318 3172 6270 5109 3326 127 491 2676 2080 6872 3589 1727 109 489 6848 4883 6034
4563 4897 4601 7378 431 6530 2948 6582 2213 2277 4378 6140 2491 7422 4810 4514 5043 1270 339 5169 1760 1866 7249 1132 5454 1475 92 4795 7174 4974 3328 3089 1222 6780 2966 1653 5809 4766 734 6874 5894 3963 4365 884 3884 1674 5397 279 1795 4587 5447 3555 6453 4047 3538 4406 4373 3629 1700 4047 7454 3879 7135 1175 3158 1452 1679 1467 5069 2412 840 3462 5227 5204 3197 1610 5730 7445 740 24
4532 6187 2430 3484 1585 5967 6741 5958 2095 941 1356 900 4819 7342 2075 477 1293 3753 795 6362 5017 486 1175 2743 5689 4372 3204 2770 4316 3944 2794 199 1482 5223 3682 3066 2542 2923 375 4636 2715 1730 5536 6385 423 6462 6861 1716 2714 6507 6929 6582 6992 603 1824 5181 3826 5028 6802 642 323 947 840 1804 5022 3374 3721 63 5148 4096 3550 362 4677 1585 5598 5100 6898 4959 5667 2112
3965 3947 1193 3457 4549 1869 7489 875 5748 5642 368 6070 6589 59 6725 4110 2284 2945 4172 7431 5892 221 6644 1921 658 4742 5872 55 1052 4038 1018 3868 484 1063 6176 3884 2931 5016 3610 30 3158 3977 6099 2246 2888 5323 5207 5171 7119 1878 3954 5511 950 3097 7431 1607 6690 5802 514 241 1191 1531 4109 526 2593 1636 4409 4375 6652 6871 3256 2309 3347 1854 3406 5086 6028 1112 2757 5647
1841 6710 3657 2790 1158 2439 4397 348 740 4910 6940 1930 5292 2400 2455 6737 4036 5715 2463 2039 5085 5719 4347 7284 72 6604 4869 4952 215 6477 1950 2055 4538 4458 3696 5696 6896 592 4895 6487 4353 3186 7268 2145 5586 2222 233 973 6788 2695 3011 3225 913 6209 3008 7337 5312 6728 4788 4378 5705 6737 6432 1594 3694 2627 6141 1941 2071 3535 927 5275 5573 694 6271 3658 1767 6503 4630 1054
1698 6492 4278 2610 5200 6137 1298 3011 5365 6085 7388 2421 4173 5171 4014 6718 6649 2655 1158 71 5041 936 5346 3113 1629 4116 5622 3395 3119 1603 3301 4816 594 6430 6277 5793 3919 75 1303 1783 5011 42 3055 536 5212 7068 7253 4361 1074 7263 4431 4967 698 1128 6931 1179 5244 3905 3425 862 5507 5577 4529 4953 4507 2157 3245 7277 2231 3400 1559 6094 3441 4613 6629 5 3032 5233 3217 2958
3847 6499 6776 4545 127 6206 5723 5370 2610 499 5083 6969 6076 2111 4421 1934 3119 6517 1710 5350 1268 3268 2795 4709 6732 775 3565 1115 6007 6781 2924 2354 5779 2199 5750 4757 905 2824 2626 2366 3322 6560 686 1897 22 3958 3830 3141 1827 5539 7342 3094 158 2636 6654 5741 3410 2718 6856 768 850 1131 3121 6629 3330 222 2737 3086 3045 5363 4303 6367 3274 4989 763 3296 298 3445 5288 2124
1483 5129 5218 1641 6616 3223 6233 1377 5941 4440 2144 6790 5571 4117 4770 1400 4338 7 4485 7383 4221 1287 6249 7494 5127 5863 2141 4277 1807 6280 6400 3290 3908 2969 3782 1875 6192 1366 3251 3484 5806 5395 2773 3876 863 6395 5275 5200 6401 1111 3934 1973 1249 2682 818 5228 7397 1811 2004 1703 590 7255 3844 3350 2724 6477 5224 267 343 975 3750 6148 5221 6522 2523 4935 4268 6649 2634 2020
259 6568 3992 359 601 4810 5586 497 5472 6441 2200 6061 6196 4895 1910 1419 3872 7134 537 4214 6960 4286 1713 3532 2159 3087 966 6427 2235 3599 946 1345 1518 3790 1703 2119 1099 6141 1467 6570 5081 2518 3982 3776 7413 5892 4046 3784 4377 4582 6849 3836 1367 1061 7367 2378 4147 7184 1304 5233 3282 1101 5429 3652 4890 5983 4622 4840 4623 6088 2761 1056 7458 6743 4831 7370 5134 229 2505 862
4810 1853 4697 5029 1765 3415 7406 4763 3098 61 2495 5231 1161 6775 1382 6051 5257 4855 3390 1232 2295 6151 2287 2252 4245 5969 2121 1878 6197 4625 2739 2359 5329 6287 6239 7093 1053 4996 3207 4150 5056 4553 732 5068 3827 2114 2470 1583 5820 5860 2814 614 3362 5100 2865 106 2421 3837 835 1117 7313 2425 2327 5141 63 1065 3585 1115 6060 6791 5264 2467 3843 5995 35 169 6960 2504 604 5280
7215 3417 4745 1928 7369 110 885 2289 3946 1719 2257 2611 2995 4584 251 3057 4500 2688 4171 1912 1978 786 4378 4673 5633 3264 3693 5092 5768 4296 1723 4334 6565 6468 6262 5285 5429 7146 73 1874 217 1181 4484 3211 4616 3587 5120 1616 6274 642 3527 7103 1428 404 4275 7060 3668 468 3503 787 4763 5226 5120 2679 3045 2733 463 973 1231 6887 1698 1447 568 5034 3509 5183 1120 1128 5650 6245
622 1676 5847 2049 932 2622 1608 3451 1941 5110 4237 5555 1687 708 734 4731 2293 1196 5703 3523 583 7401 4969 2 4934 7329 5184 4905 7309 3334 3649 430 3861 847 2478 4792 3468 2937 742 4260 6898 3830 2315 7437 3390 3048 4667 5682 4243 1722 1704 3677 1622 5524 3678 5407 5352 214 1663 5160 2399 5311 4441 5111 6157 5770 2403 977 1206 1996 5236 6956 4678 50 6892 567 1949 2910 6248 6192
4631 451 1220 5104 5974 3750 1862 2677 3963 3524 337 5213 186 3629 2823 5195 1899 4077 5023 1956 4925 2758 1411 2102 1660 802 2668 2460 2564 1415 3 7194 1865 1223 4798 6690 4972 6659 1866 286 1535 1054 4350 1720 4683 7172 6914 5433 2601 4436 7388 25 6046 1299 2126 6557 952 4793 1516 3515 5059 1519 2061 5775 1593 6858 4964 6564 4868 5681 5701 5254 6735 2550 6974 2769 1073 5239 701 2525
1027 588 2549 5924 738 3526 3832 542 818 5347 2908 5876 5717 4968 4150 6161 3177 465 4076 545 6146 2276 4650 4232 3677 4123 7000 3602 714 6552 6126 592 7139 27 6515 6729 3552 1698 7270 4370 5896 2677 1597 4113 6497 4599 2773 2173 3915 6849 1569 2560 476 6219 6791 3005 1693 5142 6606 2406 4193 5231 1849 2684 5257 7215 1912 1309 1412 533 4530 7308 2061 4978 2772 1057 928 4396 3230 3695
2596 4798 6254 1924 3516 4397 4928 4061 2038 4033 6466 5083 615 7167 266 4724 6881 2177 4884 7145 1561 765 6952 2473 4594 1075 3530 5522 5470 5611 1716 6918 1760 6821 1341 4128 2569 6268 688 4607 1652 6005 2189 2266 5671 1306 6989 3904 2334 3224 3548 3894 3988 1851 6366 1082 2925 1247 5455 7246 5709 7170 6663 7469 5342 6855 2948 411 5622 3635 3869 6125 991 4909 7243 6662 6214 6731 1917 1047
2455 5464 3792 5294 7314 1509 6375 1590 2756 4329 1335 7316 2850 6850 7284 692 6204 1583 7454 3178 5217 3822 1802 6208 1230 1544 4221 6295 7127 6137 7341 933 2952 2484 6226 1617 3992 3953 3206 5599 781 3392 5415 3631 2741 4050 3174 297 5633 3127 2326 2201 6948 2979 908 7029 3375 3980 5823 1853 1468 4515 2785 3271 6998 362 4887 2341 3166 6944 440 3947 1688 4706 6429 3280 1255 2102 3576 6887
5228 4753 1588 3527 232 1347 3055 3606 4179 229 5458 5646 3595 7094 269 1944 6307 5155 4284 1973 3451 3575 5919 3990 780 4847 7269 2035 5800 2197 273 3527 6949 712 5905 7180 911 311 2137 5089 539 94 2086 2985 7187 2354 4928 5994 6361 563 466 1163 4138 5236 5152 4917 1434 3772 5803 7233 5968 4928 2111 4269 5639 515 3948 6549 825 4937 2989 215 5030 5075 3199 3569 6280 6978 914 5140
6392 231 5154 3029 5466 2805 6798 5751 6577 3952 5483 3896 1379 6445 664 7018 5811 4612 4918 6635 900 407 5701 5929 4333 251 849 3112 7228 1762 7104 6119 1992 4757 500 6309 62 6149 3411 5490 2600 245 1885 3979 6689 2549 2348 4999 6012 7265 2985 6911 6523 1185 5339 3355 1435 5040 5319 14 6801 4922 6133 145 2178 5484 5305 2239 4132 1216 6580 6731 1460 965 2061 7001 3513 4408 4499 2024
3025 7484 1434 2047 20 5624 4254 307 3163 2072 320 1316 5845 5304 1460 522 3287 6764 1613 7418 6831 692 5501 7143 1656 61 6643 4020 3321 2493 6043 6345 2476 6328 7243 1348 4452 2848 1654 6466 3771 1973 281 2115 7277 592 2637 1915 6208 3101 685 5538 3792 6185 5180 4300 5097 3174 819 7269 5667 5714 6113 6994 4541 4708 841 344 55 2494 6810 2678 3319 5942 4792 1947 6534 6280 2713 5241
732 3397 2130 3376 933 6162 175 4882 1835 7345 4650 1 5558 2115 6995 1451 6822 335 1794 5728 1681 7455 905 3851 5897 4549 4649 3782 3328 7361 374 4060 2110 2503 7435 3042 1164 6461 6775 1851 5157 3925 1851 3215 6039 1345 3517 4212 532 5310 1291 1064 4117 2196 3766 1365 5596 914 5146 275 7126 5519 3186 1735 6873 1972 3629 537 932 1755 2387 6089 5679 3089 655 3069 3286 4171 6132 2669
832 7423 2584 4948 970 6349 6312 5417 6114 2809 5691 4591 827 1377 5178 6552 3348 1306 7088 4280 1912 826 1720 6443 2766 1226 863 6051 5396 6995 1219 5079 5769 3802 1379 5590 1502 190 3506 6467 1851 1696 3558 1529 1924 1235 580 5272 1392 6519 903 3303 6196 2622 2245 1462 2699 3108 6364 594 1454 6435 5672 6074 1588 5902 4163 3090 6092 6520 2056 6794 715 4465 822 2639 5699 254 6762 5942
6772 164 1745 5468 1637 2841 5781 4335 4800 4644 3780 5105 3578 803 3678 5166 6705 340 7107 4148 5711 1662 3441 6426 6127 3114 416 3177 3367 7177 1619 2639 6192 2215 6958 328 5055 5238 3514 1207 2381 7293 6311 4811 595 2489 2476 7299 1680 2082 2798 7391 2595 6238 5168 73 1852 4435 2102 5218 4111 3720 6708 1654 4786 6165 1981 1192 3902 5494 2398 5135 4138 61 2445 4732 1401 3772 3383 1932
5853 6180 674 7299 3770 5841 7372 5621 2775 1973 2190 5737 4544 250 6242 1829 6414 722 3020 1668 5067 4270 5654 1704 4330 6950 5288 5730 3221 22 6513 425 5053 7187 223 1322 5527 94 5794 7154 918 6836 4242 4313 7085 2984 6141 4850 2557 513 6517 6476 3634 3522 7031 6815 2971 3670 5044 6191 3691 4056 6615 1244 2594 6838 1417 621 5783 7211 6626 5553 6546 2219 1217 6130 4054 6210 3479 5463
6722 1348 4438 1707 3721 2820 1021 6692 6490 4916 4234 1532 323 2201 1627 2917 390 3044 2389 5024 1606 1514 3076 651 2584 3145 5632 6638 1854 462 4600 7427 661 389 1633 4382 3208 2653 2425 1049 68 5510 2581 390 210 4207 3306 599 6102 5694 5623 207 6059 50 857 1143 3194 5340 6632 3899 5802 2583 3825 5314 1823 5457 1047 3882 609 3471 4931 7028 1481 11 7418 542 3069 2075 1141 1671
6621 5615 1877 5179 4516 1586 5173 6562 5777 3156 2960 2930 4590 6785 744 6412 4741 1790 2794 4202 4113 224 3729 5593 6586 2498 4986 2154 4573 6126 2676 3693 3092 3405 223 108 4990 4248 5521 2118 7403 980 5048 3345 264 5791 2256 3857 6432 3901 558 3044 2976 3138 7488 2061 5636 4974 3067 2708 2451 4594 5252 5543 498 4326 4502 4339 1073 2522 6457 7328 3501 4004 2024 2617 1146 4279 5325 77
7032 4734 3121 2507 371 1960 3420 6006 6933 5338 65 1884 2431 4168 7426 1781 994 3279 6119 918 5800 5075 7097 652 430 1620 2120 1575 4751 7444 504 4282 4677 2476 5640 5048 4435 411 2405 2720 5748 2470 4603 7031 5489 3380 1311 6482 6658 7429 6252 4957 3856 5848 4460 4285 6320 6580 4712 3570 6523 4067 6703 2552 5394 3694 6451 2328 4105 207 5047 2352 1528 1001 1882 7017 3232 2044 4850 2389
1973 3601 6197 4680 801 3157 316 7120 2236 5027 2041 110 445 1243 1513 5838 4936 463 7018 392 670 3416 1596 2197 4417 3477 565 148 4373 5415 1389 6345 1515 85 3524 2315 2093 3839 786 3180 218 2826 2142 7014 2920 3654 5352 6708 2969 3721 7099 2490 7136 1194 3538 2904 3523 4103 1904 395 2017 3292 5591 2383 2228 466 4698 3173 3156 4335 6352 2225 7161 993 1739 1432 3499 5942 639 5319
2162 6590 308 1797 6635 3845 3553 2657 447 5456 1903 1315 1247 6345 3698 2326 6810 7247 5498 1318 4081 4350 3542 2593 4194 4132 4025 6544 2573 3515 4362 4734 1456 4669 5383 591 7366 1435 2099 6664 6890 4002 479 6988 1698 4176 1813 7360 2774 6163 1177 6854 1864 4718 799 4909 1350 3675 3953 2774 7189 814 6360 7497 4335 4242 587 4200 4528 2685 2215 2769 5538 2693 1108 7236 5720 1772 7095 7345
434 7123 6699 2297 4340 6349 7206 4541 2523 2510 7315 1063 2175 6174 1059 6509 1767 1645 2060 5146 3182 3127 414 1219 5819 1521 7306 2891 2144 5752 2735 2578 5374 785 3726 1066 7133 2283 4458 2155 4792 4272 2070 5819 1797 3128 3679 2415 4773 4591 60 6806 217 6825 6876 6035 7197 6682 277 1841 3785 3012 3270 511 2648 6995 1576 1133 630 6033 2139 4273 1657 4208 2591 2305 7336 6270 4720 3460
3360 3631 2765 3576 2956 992 962 2652 173 1239 3344 2810 3102 6613 3320 4601 4960 4895 5733 5589 2279 372 2361 3935 4579 4952 6240 3266 2573 2311 6725 5932 5941 841 859 1396 1833 1820 2900 857 1910 6243 3666 3863 4208 5837 7316 1667 2083 5548 7255 4362 5919 967 7148 1850 4770 4739 5115 7342 7049 3192 4625 4342 4032 5483 4589 4716 6155 7488 5573 564 5083 590 3279 642 6427 3094 2308 1009
1141 914 4222 5912 732 2722 6613 5502 7460 4227 5343 5861 7418 2468 2702 2802 450 7290 17 6604 6130 4441 6020 2564 5031 650 3205 2809 3743 5512 2669 3735 5277 6891 998 6008 2112 110 4009 923 3189 704 6783 1958 3171 836 4759 2472 626 3628 428 5607 6920 6447 670 4450 7096 3874 6110 2190 737 1279 5924 6013 7021 5774 4520 484 5883 7381 1406 1571 584 7041 2381 2606 6728 7139 5077 6205
2118 4356 4311 1538 2154 4980 4839 1749 1353 3449 2790 941 4727 66 6953 3099 5839 2825 3582 4221 1557 3839 4644 2140 3379 7024 3597 2607 5514 1173 1311 6484 4381 4474 521 6534 1953 4211 7135 2158 159 2424 3098 3737 2489 1403 6835 7179 3079 1768 2752 4635 5607 7395 6774 337 5770 2870 1795 2635 2894 1958 1618 6126 6431 990 5160 7235 5201 4794 744 4211 7217 2694 448 1058 4096 6134 736 7174
402 3487 3160 4860 2233 1285 5196 6854 3006 6991 841 5899 1448 1310 4525 6730 1152 1036 6464 6352 5829 6060 1914 4397 1253 1213 4306 4200 7347 5042 3873 6600 7380 5884 3959 965 7168 506 6670 2673 7496 10 7423 295 172 4447 5876 1323 4334 3692 6526 2662 2251 939 5911 3503 1004 2716 202 7202 257 2926 6301 6489 1309 1611 6305 976 2116 4326 3648 964 3188 3570 1258 3359 6869 7134 4681 3702
0 1 106
0 2 3782
0 4 6248
0 5 70
0 6 5504
0 7 5590
0 8 5021
0 9 4497
0 10 2321
0 11 7240
0 12 4573
0 13 3407
0 14 1870
0 15 3387
0 16 4215
0 17 3108
0 18 6952
0 19 4117
0 20 3088
0 21 448
0 23 6037
0 24 7080
0 25 775
0 26 6248
0 27 3875
0 28 4850
0 29 1212
0 31 1751
0 32 6928
0 33 1203
0 34 340
0 35 3704
0 36 4056
0 37 7493
0 38 6733
0 40 3011
0 41 6966
0 42 3471
0 43 2914
0 46 3050
0 47 113
0 48 4183
0 49 6404
0 50 4552
0 51 691
0 52 2846
0 53 613
0 55 5115
0 56 3745
0 57 2083
0 58 5324
0 60 1240
0 61 6394
0 62 5599
0 63 4894
0 65 429
0 66 4378
0 67 6110
0 68 6674
0 69 6364
0 70 2131
0 71 4864
0 72 72
0 73 5603
0 74 4186
0 75 4577
0 76 3517
0 77 980
0 78 6863
0 79 2224
1 2 7248
1 3 5484
1 4 1135
1 5 144
1 6 5611
1 7 2330
1 8 5210
1 9 6338
1 10 800
1 11 5139
1 12 5569
1 13 7071
1 14 3480
1 15 5267
1 16 1176
1 17 6767
1 18 1493
1 19 5048
1 21 4043
1 22 5805
1 23 4115
1 24 5963
1 25 2586
1 26 3458
1 27 6585
1 28 2797
1 29 5717
1 30 3631
1 31 7352
1 32 7441
1 33 4590
1 34 185
1 35 3615
1 36 885
1 38 5541
1 39 6414
1 40 6871
1 41 5523
1 43 2751
1 44 4822
1 45 53
1 46 6485
1 47 656
1 48 6711
1 49 5028
1 50 5515
1 51 3343
1 52 4578
1 53 637
1 54 1119
1 55 5790
1 56 7268
1 57 7281
1 58 6037
1 60 2210
1 61 6891
1 63 778
1 64 2454
1 65 1906
1 66 2639
1 67 2896
1 68 1549
1 69 1559
1 70 6849
1 71 1435
1 72 4436
1 73 4998
1 74 1787
1 75 4451
1 76 3447
1 77 515
1 78 7499
1 79 1356
2 3 131
2 4 1284
2 5 3182
2 6 102
2 7 3003
2 8 4619
2 9 2041
2 10 6340
2 11 6107
2 12 7248
2 13 5074
2 14 369
2 15 6931
2 16 7418
2 17 7379
2 18 7085
2 19 3387
2 20 1630
2 22 584
2 23 6901
2 24 4972
2 25 1988
2 26 6943
2 27 7334
2 29 6578
2 31 5798
2 32 894
2 33 6995
2 34 3115
2 35 6259
2 36 4154
2 37 2457
2 38 1228
2 39 2425
2 40 2987
2 41 1232
2 42 1124
2 43 2493
2 44 1657
2 45 6387
2 46 1223
2 47 2086
2 48 6772
2 49 142
2 50 1199
2 51 3213
2 52 3730
2 53 5128
2 54 60
2 55 4437
2 57 4520
2 58 6275
2 59 716
2 60 5702
2 61 3822
2 62 548
2 63 501
2 64 5481
2 65 1657
2 66 3279
2 67 2430
2 68 1990
2 69 3962
2 70 7009
2 71 2735
2 73 7254
2 74 6792
2 75 5548
2 76 7205
2 77 548
2 78 5421
2 79 6119
3 4 3588
3 6 1658
3 8 4087
3 9 1341
3 10 4475
3 11 749
3 12 1225
3 15 6987
3 16 2481
3 17 3874
3 18 2406
3 19 6655
3 20 1380
3 21 4965
3 22 4824
3 23 5477
3 24 3112
3 25 7017
3 26 3303
3 27 2943
3 28 2683
3 29 5058
3 30 3996
3 31 2686
3 32 2077
3 33 6364
3 34 1183
3 35 2512
3 36 2144
3 37 5234
3 38 3736
3 39 5970
3 40 1828
3 41 2652
3 42 7181
3 43 534
3 44 7464
3 45 5402
3 47 588
3 48 1266
3 49 7002
3 50 7181
3 51 5962
3 52 6015
3 53 5180
3 55 6093
3 56 6724
3 57 7140
3 58 4402
3 60 3787
3 61 5135
3 62 5937
3 63 7418
3 64 1084
3 66 6937
3 67 3553
3 68 3095
3 69 675
3 70 1178
3 71 1409
3 73 632
3 74 5152
3 75 3443
3 76 6530
3 77 3858
3 78 5662
3 79 3462
4 5 169
4 6 5614
4 7 2833
4 8 94
4 9 3546
4 10 5668
4 11 2474
4 12 4189
4 14 3673
4 15 5191
4 17 1014
4 18 1012
4 19 5928
4 20 6017
4 21 3605
4 22 5285
4 23 2726
4 24 2169
4 25 4462
4 26 2968
4 27 994
4 28 3507
4 29 6536
4 30 1355
4 31 1236
4 32 1603
4 33 7000
4 34 5971
4 35 1787
4 36 5020
4 37 2024
4 38 4813
4 39 1126
4 40 5272
4 41 4046
4 42 5920
4 43 5032
4 44 2721
4 45 3175
4 46 3239
4 48 4841
4 50 6306
4 51 3294
4 52 6171
4 53 3687
4 54 1321
4 55 4295
4 56 6831
4 58 3376
4 60 915
4 61 3785
4 62 958
4 63 6562
4 64 2721
4 65 388
4 66 3942
4 67 2415
4 68 6138
4 69 4604
4 70 631
4 71 2175
4 72 7222
4 73 3546
4 74 4881
4 75 965
4 76 7297
4 77 781
4 79 6194
5 6 5781
5 7 4190
5 8 63
5 10 5002
5 11 6565
5 12 3195
5 13 6880
5 15 6601
5 16 4721
5 17 3106
5 18 3226
5 19 6275
5 20 2180
5 21 2386
5 22 1034
5 25 4880
5 26 7457
5 27 7262
5 28 3073
5 29 2875
5 30 1246
5 32 6698
5 34 1460
5 35 6491
5 36 1176
5 37 1715
5 38 2497
5 39 1933
5 41 5279
5 42 7350
5 43 6414
5 44 7301
5 45 5781
5 46 319
5 47 1763
5 48 2693
5 49 2937
5 50 1272
5 51 548
5 53 4665
5 54 4948
5 55 1975
5 56 895
5 57 3510
5 58 4293
5 59 6265
5 60 3349
5 61 5282
5 62 4028
5 63 5629
5 64 6725
5 65 5729
5 66 6712
5 67 1330
5 69 4846
5 71 3358
5 72 4566
5 73 4867
5 74 4104
5 75 2975
5 76 12
5 77 6576
5 78 1541
5 79 1826
6 7 5895
6 9 2976
6 10 2024
6 11 2013
6 13 6858
6 14 1841
6 15 3765
6 16 5820
6 17 3536
6 18 1642
6 19 4142
6 20 3037
6 21 5798
6 22 5172
6 23 801
6 24 6378
6 25 4245
6 26 4488
6 27 426
6 28 1372
6 29 1780
6 30 202
6 31 6173
6 32 5527
6 33 7295
6 34 71
6 36 1959
6 37 3674
6 40 5040
6 41 1526
6 42 1690
6 43 5640
6 44 363
6 45 278
6 49 3900
6 50 4072
6 51 2074
6 52 6797
6 53 5506
6 55 4010
6 56 7194
6 59 2833
6 61 4522
6 62 1729
6 63 1874
6 65 7223
6 67 5274
6 68 3616
6 69 1337
6 70 3414
6 71 5537
6 72 5304
6 73 4280
6 74 7036
6 75 7345
6 76 5001
6 78 874
6 79 2085
7 8 7099
7 10 6822
7 11 3109
7 12 3961
7 13 4143
7 14 3765
7 15 4781
7 16 327
7 17 1644
7 18 6436
7 19 5626
7 20 3152
7 21 1347
7 22 3999
7 25 5022
7 28 7087
7 29 6641
7 30 194
7 31 195
7 32 2191
7 33 5759
7 36 5974
7 37 7434
7 38 1830
7 39 6076
7 40 4296
7 41 7451
7 42 1078
7 43 2629
7 44 5871
7 46 3863
7 48 5998
7 49 1764
7 50 6337
7 51 2056
7 52 5128
7 53 6000
7 54 2332
7 55 5849
7 56 60
7 57 2333
7 58 2736
7 59 3833
7 61 1055
7 62 6314
7 63 2396
7 65 4906
7 67 3743
7 69 5545
7 70 3241
7 71 6296
7 73 4645
7 74 2135
7 75 6515
7 76 1376
7 77 3680
7 78 182
7 79 3375
8 9 2152
8 10 3115
8 11 879
8 12 7371
8 13 6252
8 14 1517
8 15 5823
8 16 7431
8 17 6487
8 18 577
8 19 2067
8 20 968
8 21 7220
8 22 6738
8 23 734
8 24 6396
8 25 6085
8 27 6963
8 28 7172
8 29 1110
8 30 3304
8 31 576
8 32 1026
8 33 5554
8 34 2750
8 35 5370
8 36 5346
8 38 1345
8 39 812
8 40 7216
8 41 3814
8 42 6921
8 43 4114
8 44 990
8 45 1740
8 46 557
8 47 2671
8 48 3861
8 49 6325
8 50 6446
8 52 138
8 53 2901
8 54 2393
8 55 712
8 56 7220
8 57 7136
8 59 955
8 60 6822
8 62 1061
8 63 6293
8 64 5561
8 66 2904
8 67 5123
8 68 443
8 69 838
8 70 3260
8 71 3883
8 72 1450
8 73 2983
8 74 4545
8 75 5763
8 76 7188
8 77 6294
8 78 4996
8 79 3068
9 10 7244
9 11 497
9 12 6223
9 13 2200
9 14 5978
9 15 7007
9 16 2627
9 17 3852
9 18 798
9 20 5342
9 21 7114
9 22 5226
9 23 985
9 24 1045
9 25 5069
9 26 1264
9 27 1784
9 28 4125
9 29 3815
9 30 4732
9 31 1647
9 32 7182
9 33 524
9 34 2389
9 35 3961
9 36 4247
9 38 824
9 39 1109
9 40 5872
9 41 6744
9 42 2745
9 43 293
9 44 2419
9 45 7025
9 46 2630
9 47 3910
9 48 2614
9 49 7324
9 50 1537
9 51 535
9 53 2960
9 54 1306
9 55 1851
9 56 6158
9 57 2225
9 58 6075
9 59 6108
9 60 641
9 61 2458
9 62 6635
9 63 462
9 64 503
9 66 4577
9 67 3143
9 68 6968
9 69 6922
9 71 7208
9 72 6762
9 73 4242
9 74 4180
9 75 7208
9 76 5750
9 77 5644
9 78 4400
9 79 3800
10 11 2064
10 12 3323
10 13 230
10 14 1168
10 16 3644
10 17 7053
10 18 3321
10 20 1686
10 21 7024
10 23 6732
10 24 3475
10 25 4498
10 26 2831
10 27 5685
10 29 1338
10 30 716
10 31 2242
10 32 5759
10 33 4379
10 34 1138
10 35 5193
10 36 2341
10 37 4010
10 39 1735
10 40 1800
10 41 5879
10 42 5946
10 43 5775
10 44 5456
10 45 4319
10 46 6883
10 47 6618
10 48 2997
10 49 4496
10 50 1840
10 51 2560
10 52 2491
10 53 5154
10 54 3734
10 55 2006
10 57 6736
10 58 7098
10 60 2579
10 61 6475
10 62 480
10 63 4135
10 64 4826
10 66 673
10 67 2139
10 69 3282
10 70 4402
10 71 4223
10 73 5080
10 75 4315
10 77 2462
10 78 206
10 79 4037
11 12 6545
11 13 1440
11 16 5293
11 17 3272
11 18 5270
11 19 916
11 20 3786
11 21 3008
11 22 5081
11 23 7145
11 24 3753
11 25 738
11 26 4259
11 27 3631
11 28 5748
11 29 893
11 30 168
11 31 7109
11 33 1732
11 34 531
11 35 4009
11 36 4902
11 37 1175
11 38 7495
11 40 3105
11 41 4718
11 42 3079
11 43 3636
11 44 6328
11 45 735
11 46 1571
11 47 4386
11 48 5213
11 49 615
11 50 6530
11 52 5846
11 54 7020
11 55 7223
11 56 3030
11 57 4497
11 58 5521
11 59 6928
11 60 5635
11 61 2392
11 62 4326
11 63 6122
11 64 2844
11 65 6062
11 66 3491
11 67 2892
11 68 3437
11 69 5737
11 70 3586
11 71 792
11 72 7138
11 73 4567
11 74 3067
11 75 5667
11 76 7452
11 77 6422
11 78 3371
11 79 3191
12 13 229
12 14 7376
12 15 6844
12 16 1080
12 17 1344
12 18 2291
12 20 3083
12 22 7223
12 23 922
12 24 1660
12 26 463
12 27 1764
12 28 1867
12 29 6781
12 30 5887
12 31 4511
12 32 5580
12 33 889
12 34 7473
12 35 854
12 38 5502
12 39 2510
12 40 5718
12 41 4827
12 43 5289
12 44 1255
12 45 2871
12 46 5863
12 47 5299
12 48 5665
12 49 2679
12 50 5997
12 51 1969
12 52 7299
12 53 1382
12 54 1427
12 55 3947
12 56 4395
12 57 772
12 58 6439
12 59 2703
12 60 5142
12 61 4809
12 62 5578
12 63 604
12 65 2134
12 66 6212
12 67 207
12 68 2025
12 69 3997
12 70 6207
12 71 7408
12 72 7068
12 73 2924
12 75 336
12 76 3691
12 77 6096
12 78 333
12 79 2458
13 14 6767
13 15 1922
13 16 237
13 17 4064
13 18 3877
13 19 5701
13 20 6402
13 21 6098
13 22 6794
13 23 2830
13 24 2598
13 25 6287
13 26 7493
13 27 6139
13 28 1555
13 29 6465
13 30 2621
13 31 4678
13 32 1590
13 33 4560
13 35 2760
13 36 338
13 37 2752
13 38 1779
13 39 3072
13 40 2154
13 41 5179
13 42 3933
13 43 5931
13 44 2967
13 45 926
13 46 2147
13 47 7318
13 48 1105
13 49 7266
13 50 1346
13 51 928
13 52 5011
13 53 7129
13 54 2087
13 55 3385
13 56 6640
13 57 1737
13 59 167
13 60 4294
13 61 4811
13 62 7043
13 63 5603
13 64 4282
13 65 2015
13 66 5709
13 67 1982
13 68 902
13 69 4724
13 70 5452
13 71 1278
13 72 4267
13 74 6191
13 75 1798
13 76 5666
13 77 1033
13 79 4210
14 15 7337
14 16 5268
14 17 2045
14 18 5242
14 19 7423
14 21 4646
14 22 6490
14 23 3018
14 24 6540
14 27 4434
14 28 1452
14 29 6710
14 30 4253
14 31 4398
14 32 2986
14 33 1776
14 34 7433
14 35 1430
14 36 2879
14 37 2702
14 38 1812
14 39 1149
14 40 5779
14 41 391
14 43 4824
14 44 5720
14 45 4370
14 46 3026
14 47 2806
14 48 4153
14 49 161
14 50 5830
14 51 1770
14 53 694
14 54 3722
14 55 3236
14 56 6186
14 57 3909
14 58 6660
14 59 2751
14 60 5249
14 61 1190
14 62 3401
14 63 5313
14 64 4212
14 65 1947
14 66 892
14 67 5174
14 69 4719
14 70 6130
14 71 6812
14 73 826
14 74 1541
14 77 4305
14 78 3519
14 79 6044
15 16 5553
15 17 57
15 18 6418
15 19 5668
15 20 5917
15 21 692
15 22 6912
15 23 6955
15 24 2432
15 25 6804
15 26 565
15 27 2094
15 28 2840
15 29 1241
15 30 947
15 31 3481
15 32 1345
15 33 115
15 34 3244
15 35 6423
15 36 475
15 37 2485
15 38 1586
15 39 3077
15 40 2596
15 41 6125
15 43 7070
15 44 3767
15 45 958
15 47 7094
15 48 3616
15 49 5050
15 50 51
15 51 864
15 52 2454
15 53 3791
15 54 6428
15 55 4581
15 56 7096
15 57 2088
15 58 6892
15 61 5634
15 62 5270
15 63 4929
15 64 1122
15 65 4652
15 66 3625
15 67 6965
15 68 1379
15 69 3531
15 70 4559
15 71 748
15 72 2166
15 74 3105
15 75 4762
15 76 1555
15 77 1956
15 78 6843
16 17 3057
16 18 6690
16 19 6562
16 20 2614
16 21 5006
16 22 5647
16 23 6864
16 24 1198
16 25 2048
16 26 5657
16 27 4171
16 28 3531
16 29 3477
16 30 2449
16 31 3299
16 32 3489
16 33 2107
16 34 3119
16 36 5732
16 37 7053
16 38 3043
16 39 6790
16 40 637
16 41 5499
16 42 2760
16 43 7021
16 44 6650
16 45 658
16 46 2462
16 48 4178
16 49 1816
16 50 73
16 52 3267
16 53 2553
16 55 4447
16 56 1234
16 57 1747
16 58 4748
16 59 1097
16 60 1822
16 61 5869
16 62 5287
16 63 3148
16 64 4434
16 65 33
16 66 3814
16 67 1387
16 68 2223
16 69 4021
16 70 4199
16 72 4284
16 73 5602
16 74 4965
16 75 1421
16 76 3373
16 77 3699
16 78 3836
16 79 6059
17 18 7310
17 20 3763
17 21 3165
17 22 221
17 23 7404
17 24 6984
17 25 2913
17 26 7238
17 27 1441
17 28 593
17 29 2630
17 30 4067
17 32 6978
17 33 3850
17 34 6894
17 35 1623
17 36 6274
17 37 4470
17 38 595
17 39 2677
17 40 7044
17 41 6600
17 42 4219
17 43 3174
17 45 5017
17 46 6448
17 47 6939
17 48 7412
17 49 1475
17 51 3986
17 52 4002
17 53 6295
17 54 5532
17 55 1031
17 57 6926
17 58 7381
17 59 1908
17 60 4333
17 61 1485
17 62 4448
17 63 2283
17 64 4410
17 65 4894
17 66 5345
17 67 2370
17 68 648
17 69 1412
17 70 864
17 71 353
17 72 434
17 73 5612
17 74 936
17 75 6478
17 76 5059
17 77 5968
17 78 4950
18 19 1859
18 20 990
18 21 5993
18 22 1464
18 23 6931
18 24 2522
18 25 5158
18 26 253
18 27 1459
18 28 2544
18 29 7318
18 30 4805
18 31 5325
18 32 3553
18 33 420
18 34 3426
18 35 3803
18 36 1373
18 37 2050
18 38 3405
18 39 5982
18 40 6585
18 41 6951
18 43 7262
18 44 3115
18 45 4388
18 46 4042
18 47 1206
18 48 4377
18 49 7431
18 50 3314
18 51 2685
18 53 3831
18 54 5268
18 55 6666
18 56 4512
18 57 6241
18 58 3939
18 60 1010
18 61 2960
18 62 3511
18 63 6221
18 64 5364
18 65 4604
18 66 1979
18 67 5207
18 68 4701
18 69 994
18 70 4259
18 71 2699
18 72 4092
18 73 5600
18 75 3763
18 76 5896
18 77 4940
18 78 7403
18 79 2513
19 20 6360
19 21 575
19 22 6440
19 23 713
19 24 3395
19 25 3447
19 26 3962
19 27 2126
19 28 7118
19 29 1421
19 30 460
19 31 1003
19 32 428
19 33 350
19 34 586
19 35 3801
19 36 6175
19 37 1303
19 38 3069
19 39 1215
19 40 570
19 41 4743
19 42 6540
19 43 353
19 44 1294
19 45 2883
19 47 2737
19 48 3939
19 50 1973
19 51 374
19 52 6413
19 53 351
19 54 3013
19 56 3079
19 58 6592
19 59 5034
19 60 4197
19 61 843
19 62 3715
19 63 6094
19 64 6461
19 65 2517
19 66 1915
19 67 5958
19 68 1613
19 69 187
19 70 2788
19 71 4233
19 72 6278
19 73 3224
19 74 1647
19 75 1204
19 76 3847
19 77 2684
19 78 4623
20 21 2435
20 22 1154
20 23 5298
20 24 6234
20 25 7254
20 26 6624
20 27 4095
20 28 5949
20 29 7452
20 30 1390
20 32 7351
20 33 1607
20 34 6273
20 35 2609
20 36 4418
20 37 4681
20 38 2400
20 39 5598
20 40 2543
20 41 295
20 42 3659
20 43 6796
20 45 4962
20 46 2076
20 47 6659
20 48 5054
20 49 6946
20 50 1010
20 51 2710
20 52 5856
20 53 6788
20 54 5206
20 55 3106
20 56 6788
20 57 4893
20 58 2650
20 59 2432
20 60 3916
20 61 1321
20 62 3948
20 63 2683
20 64 2717
20 65 1602
20 66 2419
20 67 4685
20 68 7118
20 69 5782
20 70 717
20 71 1921
20 72 1526
20 73 1992
20 74 2771
20 75 1861
20 76 2019
20 77 4028
20 78 2513
20 79 7467
21 22 6542
21 23 5510
21 24 3583
21 25 2233
21 26 6665
21 27 5727
21 28 752
21 29 5088
21 30 4664
21 31 4157
21 32 557
21 33 5471
21 34 6902
21 36 1914
21 38 4846
21 39 280
21 40 5764
21 42 6848
21 43 3565
21 44 2992
21 45 6965
21 46 5089
21 47 5506
21 48 3602
21 50 7323
21 51 5503
21 52 1962
21 53 7490
21 54 5255
21 55 6325
21 57 4588
21 59 3936
21 60 653
21 61 7358
21 62 965
21 63 5742
21 64 5057
21 65 2864
21 66 3539
21 67 663
21 68 762
21 69 6936
21 70 3497
21 71 5585
21 72 1577
21 73 4613
21 74 1715
21 75 5542
21 76 1400
21 77 1872
21 78 3802
21 79 1626
22 23 7077
22 25 3115
22 26 1570
22 27 6788
22 28 2943
22 29 6542
22 31 214
22 32 452
22 33 1737
22 34 4725
22 35 2237
22 37 2960
22 38 5535
22 39 317
22 40 353
22 41 5504
22 42 2185
22 43 5826
22 44 1470
22 45 5566
22 46 253
22 47 7077
22 48 1843
22 49 254
22 50 6831
22 51 3949
22 52 617
22 53 2997
22 54 184
22 55 3246
22 56 6971
22 57 2855
22 58 6026
22 59 831
22 60 1300
22 61 6858
22 62 287
22 63 70
22 64 1039
22 65 2693
22 66 5559
22 67 4675
22 68 6049
22 70 6232
22 71 4626
22 72 1807
22 73 974
22 74 3252
22 75 1995
22 76 1157
22 77 1455
22 78 28
22 79 1630
23 24 6631
23 25 2553
23 26 6362
23 27 3025
23 29 2048
23 30 5325
23 31 2394
23 32 6189
23 33 3269
23 34 575
23 35 1848
23 37 1590
23 38 5842
23 39 1070
23 40 1477
23 41 7126
23 42 6051
23 43 4575
23 44 79
23 45 2474
23 46 344
23 47 6592
23 48 4397
23 49 4760
23 50 4489
23 51 4950
23 52 3518
23 53 342
23 54 655
23 56 984
23 57 5511
23 58 6513
23 59 939
23 60 632
23 61 1913
23 62 3801
23 63 2773
23 65 6687
23 66 6471
23 67 1788
23 68 7391
23 69 2958
23 70 6016
23 71 495
23 72 2300
23 73 2411
23 74 6322
23 75 5954
23 76 3595
23 78 925
23 79 5498
24 25 2355
24 26 1736
24 27 6690
24 28 5545
24 29 4152
24 30 4919
24 31 718
24 32 2582
24 33 1034
24 34 6380
24 35 1213
24 36 3354
24 37 5437
24 38 3702
24 39 30
24 40 262
24 41 770
24 42 6141
24 43 5110
24 44 3068
24 45 6387
24 46 3849
24 47 5572
24 48 3573
24 49 1321
24 50 2857
24 51 3146
24 52 6061
24 53 529
24 54 5147
24 55 518
24 57 1287
24 58 6786
24 59 3866
24 60 3165
24 61 1210
24 62 6031
24 63 6925
24 64 4386
24 65 5132
24 66 6589
24 67 1335
24 68 2781
24 70 2747
24 71 1791
24 72 2027
24 73 4550
24 74 2870
24 75 2351
24 76 311
24 77 6401
24 78 4211
24 79 1088
25 26 1803
25 27 4506
25 28 2760
25 29 177
25 31 297
25 32 5604
25 33 1285
25 34 6442
25 36 6075
25 37 767
25 38 3133
25 39 5458
25 40 2741
25 41 6950
25 42 1543
25 43 7500
25 44 95
25 45 7273
25 46 7372
25 47 568
25 48 733
25 50 951
25 51 4369
25 52 202
25 53 5337
25 54 5441
25 55 5437
25 56 6857
25 57 5775
25 59 5879
25 61 5973
25 62 5171
25 63 4665
25 64 5662
25 66 1996
25 67 835
25 68 6750
25 69 3825
25 70 945
25 71 5851
25 72 6943
25 73 5566
25 74 655
25 76 6533
25 77 1999
25 78 5783
25 79 2599
26 27 5172
26 28 5828
26 29 1608
26 30 3595
26 31 7459
26 32 6759
26 34 1913
26 35 6357
26 37 3274
26 38 605
26 39 1559
26 40 3216
26 41 4641
26 42 7281
26 43 3297
26 44 5704
26 45 212
26 46 1185
26 47 2745
26 48 4156
26 49 6716
26 50 3916
26 51 2011
26 52 3090
26 54 3694
26 55 1990
26 56 2079
26 57 6823
26 58 3030
26 59 5725
26 60 2469
26 61 7045
26 62 6237
26 63 3876
26 64 6357
26 65 4299
26 67 7438
26 68 4120
26 69 658
26 70 6720
26 71 6541
26 72 452
26 74 1732
26 75 4990
26 76 3505
26 77 5007
26 78 7442
26 79 6398
27 28 1326
27 29 1047
27 31 2192
27 32 2639
27 33 7440
27 34 2214
27 35 1669
27 37 972
27 39 2703
27 40 3978
27 41 1422
27 42 5368
27 43 2729
27 44 2219
27 46 6325
27 47 5116
27 48 1136
27 49 6431
27 50 820
27 51 1011
27 52 2747
27 53 5743
27 54 2363
27 55 5272
27 56 60
27 57 1702
27 58 3500
27 59 5576
27 61 3473
27 62 4918
27 64 1210
27 65 1950
27 66 53
27 67 1219
27 68 1599
27 69 1031
27 71 3393
27 72 4305
27 73 3483
27 74 4226
27 75 5936
27 76 3257
27 77 6693
27 78 4703
27 79 6850
28 29 4172
28 30 5424
28 31 657
28 32 5530
28 33 1143
28 34 1603
28 35 7379
28 36 3258
28 37 19
28 38 6619
28 39 4421
28 40 2548
28 41 5155
28 42 3463
28 43 3554
28 44 4684
28 45 2268
28 46 3388
28 47 3299
28 48 2348
28 49 2262
28 50 4277
28 51 296
28 52 5174
28 53 4478
28 54 1114
28 55 7049
28 56 6779
28 57 4253
28 58 4764
28 59 4404
28 60 6882
28 62 2769
28 64 3037
28 65 1349
28 66 6095
28 68 6390
28 69 2814
28 70 340
28 71 5522
28 72 4357
28 73 1016
28 74 4786
28 75 4028
28 76 7012
28 77 3324
28 78 7083
28 79 4832
29 30 480
29 31 6487
29 32 4423
29 33 1121
29 34 6826
29 35 6572
29 36 94
29 38 3303
29 39 120
29 40 1264
29 41 6593
29 42 1091
29 43 1030
29 44 2353
29 46 7491
29 47 636
29 48 1286
29 50 1258
29 51 618
29 52 3998
29 53 2989
29 54 534
29 55 5069
29 57 5184
29 58 6801
29 59 3323
29 60 2772
29 61 3276
29 62 1957
29 63 5401
29 64 1095
29 65 5355
29 66 5648
29 67 3004
29 68 426
29 69 4031
29 70 1523
29 72 1028
29 73 1972
29 74 34
29 75 5434
29 76 6484
29 77 3084
29 78 7040
29 79 3333
30 32 222
30 34 5869
30 35 742
30 36 895
30 37 2294
30 38 3252
30 39 4402
30 40 3552
30 42 2437
30 44 2245
30 45 758
30 46 7001
30 48 1685
30 49 4732
30 50 5321
30 51 275
30 52 2062
30 53 6684
30 54 830
30 56 2500
30 57 3822
30 58 1424
30 59 7340
30 60 5886
30 61 3282
30 62 5116
30 64 5848
30 65 4774
30 66 5223
30 67 4399
30 68 7235
30 69 2886
30 72 5716
30 73 5067
30 74 3819
30 75 2190
30 76 2308
30 77 3767
30 78 832
30 79 859
31 32 6403
31 33 5782
31 34 6340
31 36 3238
31 37 2559
31 38 2090
31 39 2653
31 43 6809
31 44 2395
31 45 4350
31 47 6968
31 48 6232
31 49 6507
31 51 3416
31 52 1509
31 53 684
31 54 5493
31 55 539
31 56 829
31 57 6899
31 58 4613
31 59 5410
31 60 1017
31 62 5367
31 64 4834
31 65 7255
31 66 1013
31 67 3895
31 68 4482
31 69 6683
31 70 2236
31 71 3905
31 72 272
31 73 1345
31 74 1569
31 75 1718
31 76 1230
31 77 4986
31 78 601
31 79 4228
32 33 2201
32 34 1699
32 35 2635
32 36 5344
32 37 2349
32 38 3633
32 39 6904
32 40 3914
32 41 3621
32 42 5697
32 43 2567
32 44 1224
32 45 1501
32 46 5853
32 47 6404
32 48 5238
32 49 5414
32 51 6900
32 52 6215
32 53 5082
32 54 352
32 55 348
32 56 3783
32 57 1712
32 58 3424
32 60 3338
32 62 3690
32 63 2810
32 64 2292
32 65 2379
32 66 2154
32 67 1970
32 68 3400
32 69 5773
32 70 480
32 71 7202
32 72 4215
32 73 6054
32 75 1977
32 78 1358
32 79 355
33 34 2007
33 35 7037
33 36 6227
33 37 7253
33 38 1456
33 39 2793
33 40 5930
33 41 323
33 42 30
33 43 6471
33 44 6056
33 45 3944
33 46 5630
33 47 3550
33 48 177
33 49 3085
33 50 252
33 51 7281
33 52 960
33 53 4722
33 54 6042
33 55 7463
33 56 343
33 57 5579
33 58 287
33 59 1589
33 60 7149
33 61 3429
33 62 4215
33 63 3617
33 64 1086
33 65 4277
33 66 7027
33 68 6838
33 70 6957
33 71 1605
33 72 3158
33 73 7204
33 74 22
33 75 4637
33 76 2887
33 77 5993
33 79 2707
34 35 4531
34 36 4582
34 37 1577
34 38 962
34 39 1639
34 40 6927
34 41 6108
34 42 4833
34 43 122
34 44 4081
34 45 5653
34 47 6114
34 48 6834
34 49 2327
34 50 6165
34 51 3629
34 53 5064
34 54 5377
34 55 2027
34 56 4028
34 57 2743
34 59 6428
34 60 6039
34 61 3593
34 62 1562
34 63 1297
34 64 1378
34 65 3634
34 66 7229
34 67 878
34 68 5763
34 69 6125
34 70 6861
34 73 6380
34 75 366
34 76 5748
34 77 295
34 79 5395
35 36 6539
35 38 416
35 39 3583
35 40 3605
35 41 2700
35 42 1847
35 43 3289
35 44 2396
35 45 1834
35 46 4521
35 47 5795
35 48 577
35 49 2468
35 50 3403
35 52 4326
35 53 4308
35 55 1832
35 56 4917
35 57 5090
35 58 2600
35 59 3152
35 60 3439
35 61 4030
35 62 4521
35 63 1796
35 64 3640
35 65 4561
35 66 3242
35 67 2247
35 68 4788
35 69 4018
35 70 5724
35 71 772
35 72 2636
35 73 960
35 74 4148
35 75 1327
35 76 7363
35 77 3061
35 78 4110
35 79 6050
36 38 1962
36 39 1821
36 41 1531
36 42 2583
36 43 6478
36 44 2748
36 45 1650
36 46 4461
36 47 7173
36 48 3276
36 49 46
36 50 5207
36 51 21
36 52 6814
36 53 917
36 55 4976
36 56 658
36 57 6446
36 58 5216
36 59 3402
36 60 6092
36 61 5374
36 62 110
36 63 1351
36 64 1462
36 65 6467
36 66 6408
36 67 3472
36 68 6589
36 69 492
36 70 5479
36 72 4988
36 73 7194
36 74 4666
36 75 6462
36 77 964
36 78 1011
36 79 4450
37 38 7494
37 39 2414
37 40 3011
37 41 6236
37 42 7249
37 43 5078
37 44 8
37 45 4558
37 46 543
37 47 6801
37 48 1174
37 49 1417
37 50 1671
37 51 7179
37 52 1156
37 53 3894
37 54 1392
37 55 5313
37 56 6481
37 57 1087
37 58 7076
37 59 5320
37 60 571
37 61 6690
37 62 5236
37 64 5261
37 65 3836
37 66 1350
37 67 7003
37 69 2483
37 70 6223
37 71 5584
37 72 7127
37 73 5787
37 74 2144
37 75 4580
37 76 2649
37 77 1191
37 78 6262
37 79 6680
38 40 5211
38 41 1714
38 42 2582
38 44 1304
38 45 71
38 46 6423
38 47 617
38 48 421
38 49 4465
38 50 3117
38 51 1378
38 52 5545
38 53 6455
38 54 6697
38 55 5487
38 56 2196
38 57 2801
38 60 7253
38 62 7323
38 63 3192
38 64 4085
38 65 4748
38 66 2761
38 67 4957
38 68 6392
38 69 1201
38 70 1027
38 71 5860
38 72 2346
38 73 5411
38 75 4370
38 77 4122
38 79 3945
39 40 5074
39 41 4630
39 42 3224
39 43 6131
39 44 2778
39 45 778
39 48 4729
39 49 5799
39 50 1043
39 51 5855
39 52 6342
39 53 6376
39 54 6845
39 55 4689
39 56 6294
39 57 1765
39 58 4484
39 59 1245
39 60 5725
39 61 3752
39 62 6575
39 63 5294
39 64 4288
39 65 3099
39 67 1453
39 68 5382
39 69 798
39 70 3520
39 71 4229
39 72 4192
39 73 6277
39 74 1178
39 75 6563
39 76 7192
39 77 5747
39 78 1011
39 79 1691
40 41 5828
40 42 5615
40 43 3174
40 44 4431
40 45 3742
40 46 594
40 48 4822
40 49 6170
40 50 754
40 51 2694
40 52 3051
40 53 1912
40 54 1787
40 55 3701
40 56 6351
40 57 2803
40 59 5312
40 60 3898
40 62 6492
40 63 4361
40 64 1948
40 65 5934
40 66 2050
40 67 3458
40 68 259
40 69 783
40 70 1698
40 73 5897
40 74 2967
40 75 17
40 76 5362
40 77 2547
40 79 1538
41 42 3358
41 43 4929
41 44 2779
41 45 4793
41 46 355
41 48 4566
41 49 7301
41 51 5483
41 52 6691
41 53 4831
41 54 1384
41 55 3455
41 56 6027
41 57 3110
41 58 5391
41 59 3262
41 60 1710
41 61 6068
41 63 6422
41 64 3339
41 65 5615
41 66 7454
41 67 6325
41 68 4452
41 69 6649
41 70 1575
41 71 5999
41 72 1155
41 73 1296
41 75 6614
41 76 5673
41 78 4240
41 79 2987
42 43 3769
42 44 4351
42 45 7168
42 46 5996
42 47 6123
42 48 6183
42 49 6639
42 50 6751
42 52 6757
42 53 4943
42 54 251
42 55 6713
42 57 6287
42 58 1259
42 60 3880
42 61 377
42 62 5469
42 63 1961
42 64 2155
42 65 1495
42 66 2897
42 67 4380
42 68 5398
42 69 3134
42 70 7018
42 71 6897
42 72 7011
42 73 3869
42 74 3238
42 75 4550
42 76 2795
42 77 3082
42 78 7310
42 79 3574
43 44 1301
43 45 5945
43 46 4523
43 47 3583
43 48 3015
43 49 4112
43 50 304
43 52 7315
43 53 3983
43 54 6428
43 55 3092
43 56 3770
43 58 3384
43 59 4371
43 60 5199
43 61 2229
43 62 1221
43 63 3022
43 64 6875
43 65 2870
43 66 7420
43 67 5846
43 68 692
43 69 4017
43 70 1611
43 71 3473
43 72 6466
43 73 4686
43 74 6077
43 75 7010
43 76 4932
43 77 5121
43 78 6193
43 79 2306
44 46 4027
44 47 5449
44 48 6250
44 50 285
44 52 1895
44 53 1949
44 55 3642
44 56 3711
44 57 3697
44 58 3696
44 59 2663
44 60 6131
44 61 809
44 62 5774
44 63 4963
44 65 2366
44 66 1119
44 67 4063
44 68 84
44 69 4366
44 70 3412
44 71 4526
44 72 1938
44 73 2897
44 74 643
44 75 6672
44 76 1507
44 77 1619
44 78 4004
44 79 5108
45 46 3593
45 47 5311
45 48 1582
45 49 4383
45 50 5533
45 51 2549
45 52 5827
45 53 6995
45 55 1243
45 56 4662
45 57 2
45 58 4477
45 59 5942
45 60 2235
45 62 3767
45 63 3351
45 64 4903
45 65 1153
45 68 737
45 70 5416
45 71 6474
45 72 2941
45 73 5361
45 74 3187
45 75 3277
45 77 1718
45 78 4679
45 79 7013
46 47 806
46 48 1373
46 49 5498
46 50 5198
46 51 6913
46 52 1645
46 53 3849
46 55 6084
46 56 3286
46 57 163
46 58 7010
46 59 4338
46 60 4009
46 61 5485
46 62 7486
46 64 1700
46 66 6050
46 67 4241
46 68 6295
46 70 4039
46 71 760
46 73 1969
46 74 5607
46 75 7068
46 78 5922
46 79 4377
47 48 4405
47 49 1688
47 50 4914
47 51 5432
47 52 6575
47 53 3161
47 54 3699
47 55 760
47 56 5263
47 57 3235
47 58 2111
47 59 1862
47 60 4161
47 61 5582
47 63 2458
47 64 2971
47 65 5879
47 66 3085
47 67 4995
47 68 2350
47 69 2207
47 70 1069
47 71 6182
47 74 3580
47 75 1158
47 76 2619
47 77 6784
47 78 7268
47 79 6321
48 49 4909
48 50 6749
48 51 206
48 53 5200
48 54 1412
48 55 1289
48 57 6849
48 58 5130
48 59 4564
48 60 2281
48 61 2685
48 65 4879
48 66 1677
48 68 2320
48 69 1085
48 70 5240
48 71 224
48 72 1558
48 73 5610
48 74 78
48 75 6408
48 76 5334
48 77 4120
48 78 5747
48 79 2716
49 50 6475
49 51 737
49 52 897
49 56 6893
49 57 5043
49 58 3667
49 59 1096
49 60 7474
49 61 5388
49 62 6099
49 63 469
49 64 6066
49 66 3073
49 69 222
49 71 1118
49 73 3186
49 74 258
49 75 2706
49 76 2796
49 77 6096
49 78 3395
49 79 7142
50 53 5351
50 55 3637
50 56 929
50 57 2403
50 58 3711
50 59 4385
50 60 6431
50 61 5717
50 62 4360
50 63 5650
50 64 6493
50 65 1602
50 66 3818
50 67 6739
50 68 4272
50 69 5402
50 71 390
50 72 5962
50 73 5505
50 74 89
50 75 4673
50 76 5506
50 78 950
50 79 5682
51 52 1140
51 53 7022
51 54 4272
51 55 1481
51 56 3390
51 57 2040
51 58 6680
51 59 1681
51 61 5560
51 62 3527
51 64 7051
51 65 2570
51 66 1605
51 67 6457
51 68 1471
51 69 4460
51 70 540
51 71 3183
51 72 3592
51 73 6624
51 74 363
51 75 2908
51 76 5788
51 77 6455
51 79 3454
52 54 3074
52 55 1397
52 56 5782
52 57 3315
52 58 5652
52 59 744
52 60 356
52 61 5915
52 62 1849
52 63 7282
52 64 1044
52 66 6831
52 67 7265
52 68 61
52 69 3949
52 70 5143
52 71 7235
52 72 5641
52 74 4244
52 75 3612
52 76 986
52 77 6616
52 78 6767
52 79 2142
53 54 880
53 55 589
53 58 1454
53 59 6039
53 60 923
53 61 18
53 62 2962
53 63 4125
53 64 4527
53 65 4195
53 66 4707
53 67 4606
53 68 2283
53 69 2491
53 70 623
53 71 6461
53 72 5059
53 73 7189
53 74 4802
53 75 238
53 76 1454
53 77 4208
53 78 296
53 79 4020
54 55 553
54 57 4111
54 58 269
54 59 4731
54 60 1775
54 61 2467
54 62 5819
54 63 406
54 64 2217
54 65 2299
54 67 5726
54 68 5113
54 69 2868
54 70 969
54 71 434
54 72 6452
54 73 4484
54 74 3866
54 75 6130
54 76 4395
54 77 675
54 78 3806
55 56 1303
55 57 4768
55 58 3567
55 60 2019
55 61 1963
55 62 3998
55 63 1976
55 64 3304
55 65 528
55 66 1178
55 67 4054
55 68 2601
55 69 4147
55 70 7042
55 71 6479
55 72 607
55 73 3308
55 74 6816
55 75 3737
55 76 4024
55 78 521
55 79 7046
56 57 3284
56 59 2422
56 60 75
56 62 1527
56 63 1010
56 65 1461
56 66 2060
56 67 5882
56 68 3978
56 69 1005
56 70 5383
56 71 4764
56 72 4400
56 73 203
56 74 6880
56 75 3885
56 76 4083
56 77 5980
56 78 4338
56 79 3103
57 58 7126
57 59 1975
57 60 4334
57 61 3609
57 62 4404
57 63 7376
57 64 7344
57 65 1795
57 66 7086
57 67 3798
57 68 6726
57 69 5970
57 70 1845
57 71 4253
57 73 6207
57 74 5385
57 76 4774
57 77 6705
57 78 4969
58 59 3696
58 60 3041
58 61 4244
58 62 4475
58 63 2432
58 64 4318
58 65 7113
58 66 2162
58 67 3230
58 69 788
58 70 204
58 71 5216
58 72 7067
58 73 4710
58 74 6880
58 76 1830
58 77 3323
58 78 933
58 79 3665
59 60 1441
59 61 3682
59 62 4662
59 63 2817
59 64 5537
59 65 31
59 66 4191
59 67 7321
59 68 210
59 69 4080
59 70 1324
59 72 3153
59 73 3056
59 74 6569
59 75 4242
59 76 4793
59 77 4966
59 78 7088
59 79 14
60 61 196
60 62 5213
60 63 7044
60 64 2122
60 65 7212
60 66 4142
60 67 5389
60 68 1893
60 69 5615
60 70 1619
60 71 7153
60 72 4819
60 73 5990
60 74 6846
60 75 3295
60 76 3259
60 77 2211
60 78 4642
60 79 6826
61 62 668
61 63 2180
61 64 6400
61 66 792
61 67 1753
61 68 432
61 69 3096
61 70 1457
61 71 2484
61 72 5737
61 74 3947
61 75 5931
61 76 2493
61 77 5615
61 79 6282
62 63 2219
62 64 4958
62 65 6081
62 66 7452
62 67 1693
62 69 4788
62 71 3679
62 72 5076
62 73 5123
62 74 3566
62 75 7096
62 76 1638
62 77 6690
62 78 1558
62 79 865
63 64 6765
63 65 3766
63 66 2924
63 67 3381
63 68 1803
63 69 755
63 70 1688
63 71 3242
63 72 4052
63 73 427
63 74 9
63 76 1646
63 77 5585
63 78 3099
63 79 4817
64 65 524
64 66 844
64 67 4914
64 68 6952
64 69 4067
64 70 1635
64 71 5547
64 72 4839
64 75 4087
64 77 2961
64 78 6209
64 79 3772
65 66 5303
65 67 6329
65 68 4406
65 69 3224
65 70 4585
65 71 7429
65 72 905
65 73 5952
65 75 2223
65 76 5494
65 77 2098
65 78 7041
65 79 3892
66 67 5368
66 68 352
66 69 3899
66 70 5709
66 71 1140
66 72 854
66 73 2464
66 74 1544
66 75 4949
66 76 5233
66 77 7164
66 78 3845
66 79 1352
67 68 4941
67 69 5102
67 70 6120
67 71 6280
67 72 1201
67 74 5761
67 75 2048
67 77 3663
67 78 4059
67 79 4236
68 69 1889
68 70 309
68 71 1922
68 72 3265
68 73 2595
68 74 3018
68 76 489
68 77 7168
68 78 2068
68 79 6720
69 70 359
69 71 2819
69 73 6626
69 74 339
69 75 4789
69 76 4180
69 77 336
69 78 6954
69 79 7078
70 71 4305
70 72 1095
70 73 1936
70 74 2564
70 75 4030
70 77 3209
70 78 4788
70 79 2196
71 72 5153
71 73 6611
71 74 1618
71 76 5567
71 77 348
71 78 2976
71 79 5919
72 73 224
72 74 1528
72 75 326
72 76 109
72 77 6705
72 78 5268
72 79 917
73 76 299
73 77 6299
73 78 2817
74 75 7235
74 76 1109
74 77 6543
74 78 2024
75 76 388
75 78 7066
75 79 1229
76 77 1349
76 78 6891
76 79 4627
77 78 5598
77 79 1187
78 79 4261
