35 80 2877
6279 3042 3683 273 1902 650 5268 3719 1831 2554 5128 5363 1345 1409 4349 3418 5380 6580 2959 1293 3662 7436 4483 4408 1351 2490 5141 5936 1021 2453 2640 7299 4346 6322 6423
6247 6971 4190 2466 154 5595 6445 5516 6940 6705 2364 2857 3436 296 4668 4728 2809 3455 562 6068 4806 1903 3708 2093 2924 5013 4732 2722 710 2405 1645 6957 727 4686 774 880 2781 7218 6396 2220 6422 111 3928 2357 406 1095 5936 2066 4550 6497 634 707 899 3193 2799 2674 705 6382 4248 1415 1286 4744 7223 2012 1929 496 1744 4709 6565 6991 5780 5486 7101 2208 6694 6359 3302 5129 7276 6703
2977 409 7409 2727 3602 2707 5401 3158 1588 2148 3424 1725 6891 1998 3737 171 2493 4332 3732 409 3822 2011 5894 2274 4218 3939 1132 6372 419 908 5574 3395 168 4335 4974 2621 7041 1726 4631 7481 2725 6906 1705 2115 1404 4293 1137 2748 1124 4868 3157 3797 6879 402 6071 2448 4341 7202 1319 4759 6961 5745 7006 5981 2579 4479 1101 971 5056 5731 7303 280 5137 1508 1246 5392 4652 2382 639 5776
7250 2647 924 5480 3049 6994 427 6241 5548 598 3499 3860 5194 1856 2340 6624 5186 3441 94 2741 523 7397 3020 4511 256 4265 1254 4907 6647 745 2034 5248 3391 2958 3227 5291 1303 2505 4031 6850 3102 6382 2062 7147 737 4401 6270 5923 6693 5216 1163 6068 3964 3035 3078 3071 7299 3184 477 5297 3928 1363 3044 7318 3172 6270 5109 3326 127 491 2676 2080 6872 3589 1727 109 489 6848 4883 6034
4563 4897 4601 7378 431 6530 2948 6582 2213 2277 4378 6140 2491 7422 4810 4514 5043 1270 339 5169 1760 1866 7249 1132 5454 1475 92 4795 7174 4974 3328 3089 1222 6780 2966 1653 5809 4766 734 6874 5894 3963 4365 884 3884 1674 5397 279 1795 4587 5447 3555 6453 4047 3538 4406 4373 3629 1700 4047 7454 3879 7135 1175 3158 1452 1679 1467 5069 2412 840 3462 5227 5204 3197 1610 5730 7445 740 24
4532 6187 2430 3484 1585 5967 6741 5958 2095 941 1356 900 4819 7342 2075 477 1293 3753 795 6362 5017 486 1175 2743 5689 4372 3204 2770 4316 3944 2794 199 1482 5223 3682 3066 2542 2923 375 4636 2715 1730 5536 6385 423 6462 6861 1716 2714 6507 6929 6582 6992 603 1824 5181 3826 5028 6802 642 323 947 840 1804 5022 3374 3721 63 5148 4096 3550 362 4677 1585 5598 5100 6898 4959 5667 2112
3965 3947 1193 3457 4549 1869 7489 875 5748 5642 368 6070 6589 59 6725 4110 2284 2945 4172 7431 5892 221 6644 1921 658 4742 5872 55 1052 4038 1018 3868 484 1063 6176 3884 2931 5016 3610 30 3158 3977 6099 2246 2888 5323 5207 5171 7119 1878 3954 5511 950 3097 7431 1607 6690 5802 514 241 1191 1531 4109 526 2593 1636 4409 4375 6652 6871 3256 2309 3347 1854 3406 5086 6028 1112 2757 5647
1841 6710 3657 2790 1158 2439 4397 348 740 4910 6940 1930 5292 2400 2455 6737 4036 5715 2463 2039 5085 5719 4347 7284 72 6604 4869 4952 215 6477 1950 2055 4538 4458 3696 5696 6896 592 4895 6487 4353 3186 7268 2145 5586 2222 233 973 6788 2695 3011 3225 913 6209 3008 7337 5312 6728 4788 4378 5705 6737 6432 1594 3694 2627 6141 1941 2071 3535 927 5275 5573 694 6271 3658 1767 6503 4630 1054
1698 6492 4278 2610 5200 6137 1298 3011 5365 6085 7388 2421 4173 5171 4014 6718 6649 2655 1158 71 5041 936 5346 3113 1629 4116 5622 3395 3119 1603 3301 4816 594 6430 6277 5793 3919 75 1303 1783 5011 42 3055 536 5212 7068 7253 4361 1074 7263 4431 4967 698 1128 6931 1179 5244 3905 3425 862 5507 5577 4529 4953 4507 2157 3245 7277 2231 3400 1559 6094 3441 4613 6629 5 3032 5233 3217 2958
3847 6499 6776 4545 127 6206 5723 5370 2610 499 5083 6969 6076 2111 4421 1934 3119 6517 1710 5350 1268 3268 2795 4709 6732 775 3565 1115 6007 6781 2924 2354 5779 2199 5750 4757 905 2824 2626 2366 3322 6560 686 1897 22 3958 3830 3141 1827 5539 7342 3094 158 2636 6654 5741 3410 2718 6856 768 850 1131 3121 6629 3330 222 2737 3086 3045 5363 4303 6367 3274 4989 763 3296 298 3445 5288 2124
1483 5129 5218 1641 6616 3223 6233 1377 5941 4440 2144 6790 5571 4117 4770 1400 4338 7 4485 7383 4221 1287 6249 7494 5127 5863 2141 4277 1807 6280 6400 3290 3908 2969 3782 1875 6192 1366 3251 3484 5806 5395 2773 3876 863 6395 5275 5200 6401 1111 3934 1973 1249 2682 818 5228 7397 1811 2004 1703 590 7255 3844 3350 2724 6477 5224 267 343 975 3750 6148 5221 6522 2523 4935 4268 6649 2634 2020
259 6568 3992 359 601 4810 5586 497 5472 6441 2200 6061 6196 4895 1910 1419 3872 7134 537 4214 6960 4286 1713 3532 2159 3087 966 6427 2235 3599 946 1345 1518 3790 1703 2119 1099 6141 1467 6570 5081 2518 3982 3776 7413 5892 4046 3784 4377 4582 6849 3836 1367 1061 7367 2378 4147 7184 1304 5233 3282 1101 5429 3652 4890 5983 4622 4840 4623 6088 2761 1056 7458 6743 4831 7370 5134 229 2505 862
4810 1853 4697 5029 1765 3415 7406 4763 3098 61 2495 5231 1161 6775 1382 6051 5257 4855 3390 1232 2295 6151 2287 2252 4245 5969 2121 1878 6197 4625 2739 2359 5329 6287 6239 7093 1053 4996 3207 4150 5056 4553 732 5068 3827 2114 2470 1583 5820 5860 2814 614 3362 5100 2865 106 2421 3837 835 1117 7313 2425 2327 5141 63 1065 3585 1115 6060 6791 5264 2467 3843 5995 35 169 6960 2504 604 5280
7215 3417 4745 1928 7369 110 885 2289 3946 1719 2257 2611 2995 4584 251 3057 4500 2688 4171 1912 1978 786 4378 4673 5633 3264 3693 5092 5768 4296 1723 4334 6565 6468 6262 5285 5429 7146 73 1874 217 1181 4484 3211 4616 3587 5120 1616 6274 642 3527 7103 1428 404 4275 7060 3668 468 3503 787 4763 5226 5120 2679 3045 2733 463 973 1231 6887 1698 1447 568 5034 3509 5183 1120 1128 5650 6245
622 1676 5847 2049 932 2622 1608 3451 1941 5110 4237 5555 1687 708 734 4731 2293 1196 5703 3523 583 7401 4969 2 4934 7329 5184 4905 7309 3334 3649 430 3861 847 2478 4792 3468 2937 742 4260 6898 3830 2315 7437 3390 3048 4667 5682 4243 1722 1704 3677 1622 5524 3678 5407 5352 214 1663 5160 2399 5311 4441 5111 6157 5770 2403 977 1206 1996 5236 6956 4678 50 6892 567 1949 2910 6248 6192
4631 451 1220 5104 5974 3750 1862 2677 3963 3524 337 5213 186 3629 2823 5195 1899 4077 5023 1956 4925 2758 1411 2102 1660 802 2668 2460 2564 1415 3 7194 1865 1223 4798 6690 4972 6659 1866 286 1535 1054 4350 1720 4683 7172 6914 5433 2601 4436 7388 25 6046 1299 2126 6557 952 4793 1516 3515 5059 1519 2061 5775 1593 6858 4964 6564 4868 5681 5701 5254 6735 2550 6974 2769 1073 5239 701 2525
1027 588 2549 5924 738 3526 3832 542 818 5347 2908 5876 5717 4968 4150 6161 3177 465 4076 545 6146 2276 4650 4232 3677 4123 7000 3602 714 6552 6126 592 7139 27 6515 6729 3552 1698 7270 4370 5896 2677 1597 4113 6497 4599 2773 2173 3915 6849 1569 2560 476 6219 6791 3005 1693 5142 6606 2406 4193 5231 1849 2684 5257 7215 1912 1309 1412 533 4530 7308 2061 4978 2772 1057 928 4396 3230 3695
2596 4798 6254 1924 3516 4397 4928 4061 2038 4033 6466 5083 615 7167 266 4724 6881 2177 4884 7145 1561 765 6952 2473 4594 1075 3530 5522 5470 5611 1716 6918 1760 6821 1341 4128 2569 6268 688 4607 1652 6005 2189 2266 5671 1306 6989 3904 2334 3224 3548 3894 3988 1851 6366 1082 2925 1247 5455 7246 5709 7170 6663 7469 5342 6855 2948 411 5622 3635 3869 6125 991 4909 7243 6662 6214 6731 1917 1047
2455 5464 3792 5294 7314 1509 6375 1590 2756 4329 1335 7316 2850 6850 7284 692 6204 1583 7454 3178 5217 3822 1802 6208 1230 1544 4221 6295 7127 6137 7341 933 2952 2484 6226 1617 3992 3953 3206 5599 781 3392 5415 3631 2741 4050 3174 297 5633 3127 2326 2201 6948 2979 908 7029 3375 3980 5823 1853 1468 4515 2785 3271 6998 362 4887 2341 3166 6944 440 3947 1688 4706 6429 3280 1255 2102 3576 6887
5228 4753 1588 3527 232 1347 3055 3606 4179 229 5458 5646 3595 7094 269 1944 6307 5155 4284 1973 3451 3575 5919 3990 780 4847 7269 2035 5800 2197 273 3527 6949 712 5905 7180 911 311 2137 5089 539 94 2086 2985 7187 2354 4928 5994 6361 563 466 1163 4138 5236 5152 4917 1434 3772 5803 7233 5968 4928 2111 4269 5639 515 3948 6549 825 4937 2989 215 5030 5075 3199 3569 6280 6978 914 5140
6392 231 5154 3029 5466 2805 6798 5751 6577 3952 5483 3896 1379 6445 664 7018 5811 4612 4918 6635 900 407 5701 5929 4333 251 849 3112 7228 1762 7104 6119 1992 4757 500 6309 62 6149 3411 5490 2600 245 1885 3979 6689 2549 2348 4999 6012 7265 2985 6911 6523 1185 5339 3355 1435 5040 5319 14 6801 4922 6133 145 2178 5484 5305 2239 4132 1216 6580 6731 1460 965 2061 7001 3513 4408 4499 2024
3025 7484 1434 2047 20 5624 4254 307 3163 2072 320 1316 5845 5304 1460 522 3287 6764 1613 7418 6831 692 5501 7143 1656 61 6643 4020 3321 2493 6043 6345 2476 6328 7243 1348 4452 2848 1654 6466 3771 1973 281 2115 7277 592 2637 1915 6208 3101 685 5538 3792 6185 5180 4300 5097 3174 819 7269 5667 5714 6113 6994 4541 4708 841 344 55 2494 6810 2678 3319 5942 4792 1947 6534 6280 2713 5241
732 3397 2130 3376 933 6162 175 4882 1835 7345 4650 1 5558 2115 6995 1451 6822 335 1794 5728 1681 7455 905 3851 5897 4549 4649 3782 3328 7361 374 4060 2110 2503 7435 3042 1164 6461 6775 1851 5157 3925 1851 3215 6039 1345 3517 4212 532 5310 1291 1064 4117 2196 3766 1365 5596 914 5146 275 7126 5519 3186 1735 6873 1972 3629 537 932 1755 2387 6089 5679 3089 655 3069 3286 4171 6132 2669
832 7423 2584 4948 970 6349 6312 5417 6114 2809 5691 4591 827 1377 5178 6552 3348 1306 7088 4280 1912 826 1720 6443 2766 1226 863 6051 5396 6995 1219 5079 5769 3802 1379 5590 1502 190 3506 6467 1851 1696 3558 1529 1924 1235 580 5272 1392 6519 903 3303 6196 2622 2245 1462 2699 3108 6364 594 1454 6435 5672 6074 1588 5902 4163 3090 6092 6520 2056 6794 715 4465 822 2639 5699 254 6762 5942
6772 164 1745 5468 1637 2841 5781 4335 4800 4644 3780 5105 3578 803 3678 5166 6705 340 7107 4148 5711 1662 3441 6426 6127 3114 416 3177 3367 7177 1619 2639 6192 2215 6958 328 5055 5238 3514 1207 2381 7293 6311 4811 595 2489 2476 7299 1680 2082 2798 7391 2595 6238 5168 73 1852 4435 2102 5218 4111 3720 6708 1654 4786 6165 1981 1192 3902 5494 2398 5135 4138 61 2445 4732 1401 3772 3383 1932
5853 6180 674 7299 3770 5841 7372 5621 2775 1973 2190 5737 4544 250 6242 1829 6414 722 3020 1668 5067 4270 5654 1704 4330 6950 5288 5730 3221 22 6513 425 5053 7187 223 1322 5527 94 5794 7154 918 6836 4242 4313 7085 2984 6141 4850 2557 513 6517 6476 3634 3522 7031 6815 2971 3670 5044 6191 3691 4056 6615 1244 2594 6838 1417 621 5783 7211 6626 5553 6546 2219 1217 6130 4054 6210 3479 5463
6722 1348 4438 1707 3721 2820 1021 6692 6490 4916 4234 1532 323 2201 1627 2917 390 3044 2389 5024 1606 1514 3076 651 2584 3145 5632 6638 1854 462 4600 7427 661 389 1633 4382 3208 2653 2425 1049 68 5510 2581 390 210 4207 3306 599 6102 5694 5623 207 6059 50 857 1143 3194 5340 6632 3899 5802 2583 3825 5314 1823 5457 1047 3882 609 3471 4931 7028 1481 11 7418 542 3069 2075 1141 1671
6621 5615 1877 5179 4516 1586 5173 6562 5777 3156 2960 2930 4590 6785 744 6412 4741 1790 2794 4202 4113 224 3729 5593 6586 2498 4986 2154 4573 6126 2676 3693 3092 3405 223 108 4990 4248 5521 2118 7403 980 5048 3345 264 5791 2256 3857 6432 3901 558 3044 2976 3138 7488 2061 5636 4974 3067 2708 2451 4594 5252 5543 498 4326 4502 4339 1073 2522 6457 7328 3501 4004 2024 2617 1146 4279 5325 77
7032 4734 3121 2507 371 1960 3420 6006 6933 5338 65 1884 2431 4168 7426 1781 994 3279 6119 918 5800 5075 7097 652 430 1620 2120 1575 4751 7444 504 4282 4677 2476 5640 5048 4435 411 2405 2720 5748 2470 4603 7031 5489 3380 1311 6482 6658 7429 6252 4957 3856 5848 4460 4285 6320 6580 4712 3570 6523 4067 6703 2552 5394 3694 6451 2328 4105 207 5047 2352 1528 1001 1882 7017 3232 2044 4850 2389
1973 3601 6197 4680 801 3157 316 7120 2236 5027 2041 110 445 1243 1513 5838 4936 463 7018 392 670 3416 1596 2197 4417 3477 565 148 4373 5415 1389 6345 1515 85 3524 2315 2093 3839 786 3180 218 2826 2142 7014 2920 3654 5352 6708 2969 3721 7099 2490 7136 1194 3538 2904 3523 4103 1904 395 2017 3292 5591 2383 2228 466 4698 3173 3156 4335 6352 2225 7161 993 1739 1432 3499 5942 639 5319
2162 6590 308 1797 6635 3845 3553 2657 447 5456 1903 1315 1247 6345 3698 2326 6810 7247 5498 1318 4081 4350 3542 2593 4194 4132 4025 6544 2573 3515 4362 4734 1456 4669 5383 591 7366 1435 2099 6664 6890 4002 479 6988 1698 4176 1813 7360 2774 6163 1177 6854 1864 4718 799 4909 1350 3675 3953 2774 7189 814 6360 7497 4335 4242 587 4200 4528 2685 2215 2769 5538 2693 1108 7236 5720 1772 7095 7345
434 7123 6699 2297 4340 6349 7206 4541 2523 2510 7315 1063 2175 6174 1059 6509 1767 1645 2060 5146 3182 3127 414 1219 5819 1521 7306 2891 2144 5752 2735 2578 5374 785 3726 1066 7133 2283 4458 2155 4792 4272 2070 5819 1797 3128 3679 2415 4773 4591 60 6806 217 6825 6876 6035 7197 6682 277 1841 3785 3012 3270 511 2648 6995 1576 1133 630 6033 2139 4273 1657 4208 2591 2305 7336 6270 4720 3460
3360 3631 2765 3576 2956 992 962 2652 173 1239 3344 2810 3102 6613 3320 4601 4960 4895 5733 5589 2279 372 2361 3935 4579 4952 6240 3266 2573 2311 6725 5932 5941 841 859 1396 1833 1820 2900 857 1910 6243 3666 3863 4208 5837 7316 1667 2083 5548 7255 4362 5919 967 7148 1850 4770 4739 5115 7342 7049 3192 4625 4342 4032 5483 4589 4716 6155 7488 5573 564 5083 590 3279 642 6427 3094 2308 1009
1141 914 4222 5912 732 2722 6613 5502 7460 4227 5343 5861 7418 2468 2702 2802 450 7290 17 6604 6130 4441 6020 2564 5031 650 3205 2809 3743 5512 2669 3735 5277 6891 998 6008 2112 110 4009 923 3189 704 6783 1958 3171 836 4759 2472 626 3628 428 5607 6920 6447 670 4450 7096 3874 6110 2190 737 1279 5924 6013 7021 5774 4520 484 5883 7381 1406 1571 584 7041 2381 2606 6728 7139 5077 6205
2118 4356 4311 1538 2154 4980 4839 1749 1353 3449 2790 941 4727 66 6953 3099 5839 2825 3582 4221 1557 3839 4644 2140 3379 7024 3597 2607 5514 1173 1311 6484 4381 4474 521 6534 1953 4211 7135 2158 159 2424 3098 3737 2489 1403 6835 7179 3079 1768 2752 4635 5607 7395 6774 337 5770 2870 1795 2635 2894 1958 1618 6126 6431 990 5160 7235 5201 4794 744 4211 7217 2694 448 1058 4096 6134 736 7174
402 3487 3160 4860 2233 1285 5196 6854 3006 6991 841 5899 1448 1310 4525 6730 1152 1036 6464 6352 5829 6060 1914 4397 1253 1213 4306 4200 7347 5042 3873 6600 7380 5884 3959 965 7168 506 6670 2673 7496 10 7423 295 172 4447 5876 1323 4334 3692 6526 2662 2251 939 5911 3503 1004 2716 202 7202 257 2926 6301 6489 1309 1611 6305 976 2116 4326 3648 964 3188 3570 1258 3359 6869 7134 4681 3702
0 1 449
0 3 2276
0 4 4342
0 5 5041
0 6 5998
0 8 2228
0 9 6931
0 10 1760
0 11 1069
0 12 3318
0 13 4887
0 14 3015
0 15 2060
0 16 4836
0 17 2026
0 18 3279
0 19 5264
0 20 6001
0 21 729
0 22 5214
0 23 1232
0 24 5012
0 25 5748
0 26 941
0 27 5144
0 28 2783
0 29 5153
0 31 6064
0 32 217
0 33 6522
0 34 1217
0 35 968
0 36 6681
0 37 5133
0 38 4249
0 39 5262
0 40 3739
0 41 1288
0 42 4568
0 43 7005
0 44 2238
0 47 4915
0 48 2736
0 49 684
0 51 1900
0 52 1804
0 53 469
0 54 2788
0 55 5087
0 56 2261
0 57 4104
0 58 7118
0 59 1808
0 60 4321
0 61 6515
0 62 6167
0 64 1412
0 65 252
0 66 597
0 67 2846
0 68 1743
0 69 2354
0 70 3288
0 71 5371
0 72 465
0 73 257
0 74 3318
0 75 7012
0 76 1894
0 77 257
0 78 6514
0 79 2220
1 2 3849
1 4 4445
1 5 3068
1 6 3005
1 7 34
1 8 5707
1 9 2307
1 10 5055
1 11 968
1 12 1824
1 13 1122
1 14 6785
1 15 1026
1 16 6835
1 17 1104
1 18 1235
1 20 5679
1 21 753
1 22 6693
1 23 3393
1 24 231
1 25 4787
1 27 3293
1 28 7146
1 29 5653
1 30 5886
1 31 7440
1 32 3821
1 33 4297
1 34 3088
1 35 5054
1 36 2561
1 37 6730
1 38 6786
1 39 664
1 40 336
1 41 5404
1 42 6681
1 43 890
1 44 4015
1 45 4797
1 46 2831
1 47 7015
1 48 1713
1 49 1778
1 50 7046
1 52 958
1 53 2506
1 54 3913
1 55 6392
1 56 2946
1 57 2433
1 58 5569
1 59 3965
1 60 4198
1 61 6894
1 62 4688
1 63 3816
1 64 3545
1 65 4467
1 66 4875
1 67 1825
1 68 924
1 69 4061
1 70 4644
1 71 1865
1 72 2989
1 73 3164
1 74 3332
1 75 3154
1 76 337
1 77 4331
1 78 5528
1 79 6566
2 3 5975
2 4 6473
2 5 3885
2 6 1682
2 7 2830
2 8 996
2 9 1194
2 10 6413
2 11 3713
2 12 2942
2 13 555
2 14 5926
2 15 1143
2 16 2472
2 17 3401
2 18 5946
2 19 2773
2 20 4076
2 21 4566
2 22 2818
2 23 2851
2 24 5071
2 25 4377
2 26 5930
2 27 4911
2 28 6486
2 29 6318
2 30 2913
2 31 6518
2 32 3186
2 33 5772
2 34 1996
2 35 4253
2 36 6554
2 37 3180
2 39 4882
2 40 2839
2 41 264
2 42 5059
2 43 3085
2 45 7402
2 46 1304
2 47 614
2 48 697
2 49 1590
2 51 2437
2 52 7386
2 53 4269
2 54 3040
2 55 6471
2 56 878
2 57 5902
2 58 7483
2 59 6049
2 60 93
2 61 2968
2 62 3745
2 63 1360
2 64 5329
2 65 3358
2 66 5996
2 67 864
2 68 4506
2 69 5935
2 70 2623
2 71 5669
2 72 4419
2 73 2344
2 74 6382
2 75 6320
2 76 2185
2 77 7220
2 78 5272
2 79 197
3 4 3942
3 5 5100
3 8 7169
3 9 2448
3 10 1805
3 11 7064
3 12 6274
3 13 4043
3 14 6087
3 15 861
3 16 7102
3 17 4396
3 18 6678
3 19 6753
3 20 2971
3 21 632
3 22 3334
3 23 4237
3 24 1943
3 25 6308
3 26 810
3 27 2571
3 28 57
3 29 7051
3 30 7242
3 32 5695
3 34 3868
3 35 6666
3 37 988
3 38 4397
3 39 6202
3 40 3498
3 41 4225
3 43 6823
3 44 2938
3 45 777
3 46 5063
3 48 3656
3 49 2888
3 50 4805
3 51 5718
3 52 201
3 53 258
3 55 4655
3 56 1759
3 57 3947
3 58 3662
3 59 6880
3 60 5526
3 61 1433
3 62 4162
3 63 3184
3 64 1502
3 65 6390
3 66 2985
3 67 421
3 68 6476
3 69 6087
3 70 2518
3 71 5816
3 72 2677
3 74 5190
3 75 2525
3 76 2322
3 77 7310
3 78 6706
4 5 3856
4 6 191
4 7 1361
4 8 372
4 9 356
4 11 5294
4 12 2611
4 13 3030
4 14 3711
4 15 2532
4 16 940
4 17 7277
4 18 1248
4 19 940
4 20 4743
4 21 3161
4 22 845
4 23 4113
4 25 5893
4 26 2179
4 27 7373
4 28 1097
4 29 1275
4 30 2320
4 31 719
4 32 4061
4 33 1200
4 34 5874
4 35 5966
4 36 4380
4 37 7191
4 38 7463
4 39 2596
4 40 7278
4 41 3765
4 42 5826
4 43 6553
4 44 1098
4 45 5108
4 47 4678
4 48 6361
4 49 6040
4 50 177
4 51 2351
4 52 1409
4 53 5045
4 54 1432
4 55 2487
4 56 5824
4 57 5734
4 58 7004
4 59 5685
4 60 671
4 61 1736
4 62 7163
4 63 6632
4 64 717
4 65 1260
4 66 2201
4 67 5099
4 68 5080
4 69 2353
4 70 1189
4 71 2128
4 72 6017
4 73 4996
4 74 6286
4 75 2148
4 76 6894
4 77 1248
4 78 501
4 79 2782
5 6 5551
5 7 961
5 8 6504
5 9 1563
5 10 6405
5 11 1945
5 12 6458
5 13 5956
5 14 3285
5 15 698
5 16 5482
5 17 379
5 18 4432
5 19 1635
5 20 2005
5 21 5000
5 22 7310
5 23 5509
5 24 3370
5 25 599
5 26 1190
5 27 1218
5 28 6615
5 30 1252
5 31 4670
5 33 6366
5 34 3685
5 35 4177
5 36 5933
5 38 3433
5 39 7248
5 40 801
5 41 4114
5 42 5510
5 43 413
5 44 6457
5 45 6019
5 46 3384
5 47 5809
5 48 1943
5 49 4622
5 50 802
5 51 23
5 52 4056
5 53 6059
5 54 1495
5 55 7083
5 56 3218
5 57 370
5 58 287
5 59 632
5 60 6546
5 62 2429
5 63 1384
5 64 6066
5 67 5655
5 68 3082
5 69 6336
5 71 5175
5 72 6344
5 73 3278
5 74 953
5 76 1239
5 77 1623
5 78 2326
5 79 1260
6 7 3748
6 8 4290
6 9 6348
6 11 4503
6 12 6157
6 13 915
6 14 7018
6 15 6628
6 17 1257
6 18 3149
6 19 6617
6 20 5888
6 21 1423
6 23 2682
6 24 1815
6 25 6312
6 26 1876
6 27 7203
6 28 690
6 29 4211
6 31 3728
6 32 1983
6 33 1241
6 34 6566
6 37 6480
6 38 2977
6 39 2649
6 40 788
6 41 1710
6 42 3482
6 44 2093
6 45 3421
6 48 3238
6 49 3858
6 50 2994
6 51 2373
6 52 1567
6 53 2281
6 54 3445
6 55 1577
6 56 512
6 57 3485
6 58 3182
6 59 1164
6 60 5491
6 62 263
6 64 393
6 65 2780
6 66 6963
6 67 6752
6 69 818
6 70 3341
6 71 2244
6 73 3794
6 74 171
6 76 2204
6 77 5765
6 78 2772
6 79 1593
7 8 4112
7 9 3426
7 10 4993
7 11 1904
7 12 4630
7 13 3178
7 14 242
7 15 2569
7 17 1267
7 18 5994
7 19 3760
7 20 2493
7 21 211
7 23 582
7 24 6845
7 25 6575
7 26 5987
7 27 7000
7 28 3888
7 29 1831
7 30 929
7 31 4935
7 32 3409
7 33 2468
7 34 2503
7 35 4797
7 36 5248
7 37 4660
7 38 2148
7 39 4879
7 40 138
7 41 817
7 42 5723
7 43 5365
7 46 526
7 47 619
7 48 5426
7 49 821
7 50 2769
7 51 2001
7 52 6624
7 53 4754
7 54 6617
7 55 6727
7 56 4949
7 57 5651
7 58 4340
7 59 6081
7 60 3686
7 61 7104
7 62 4955
7 63 1023
7 64 805
7 65 2125
7 66 2870
7 67 2489
7 68 2725
7 69 3479
7 70 4347
7 71 3539
7 72 922
7 73 59
7 74 3265
7 75 6317
7 76 5721
7 77 1364
7 78 2698
7 79 4908
8 9 786
8 10 7074
8 11 3657
8 12 4500
8 14 6830
8 15 5002
8 16 1963
8 17 2956
8 18 4558
8 19 4619
8 20 4737
8 21 6622
8 22 3135
8 23 3558
8 24 6056
8 25 4010
8 26 5484
8 27 6947
8 28 2368
8 30 1697
8 31 3405
8 32 6213
8 33 5539
8 34 4962
8 35 4685
8 36 2344
8 38 3204
8 39 4983
8 40 3019
8 41 5171
8 42 6829
8 43 3749
8 44 2050
8 45 3454
8 46 6664
8 47 3858
8 48 5269
8 49 6138
8 50 1723
8 51 224
8 52 4939
8 54 6994
8 55 253
8 56 844
8 57 2776
8 59 4781
8 61 5683
8 62 4198
8 63 7102
8 64 2493
8 65 7374
8 66 6338
8 67 7328
8 68 4283
8 69 6372
8 70 1534
8 72 1786
8 73 981
8 76 5250
8 77 879
8 78 6913
8 79 1544
9 10 7271
9 11 6892
9 12 4670
9 13 6308
9 14 4825
9 15 4364
9 16 5463
9 18 2680
9 19 5759
9 20 6647
9 21 1451
9 22 6788
9 23 5433
9 24 945
9 26 5344
9 27 1826
9 28 3046
9 29 1085
9 30 5428
9 31 7296
9 32 1997
9 33 320
9 34 438
9 35 5375
9 36 3985
9 38 1039
9 39 922
9 40 1685
9 41 2276
9 43 5351
9 44 2149
9 45 5885
9 46 452
9 47 493
9 48 4955
9 49 4358
9 50 958
9 51 2612
9 52 1585
9 53 3448
9 54 5338
9 55 7098
9 57 316
9 58 1396
9 59 991
9 60 6229
9 61 317
9 62 42
9 63 1305
9 64 435
9 65 3498
9 66 3603
9 67 7173
9 68 1228
9 69 4734
9 70 1810
9 71 7002
9 72 7267
9 73 609
9 74 3897
9 75 798
9 76 1189
9 77 2289
9 78 2947
9 79 370
10 11 5090
10 12 6794
10 13 3510
10 14 182
10 15 1789
10 17 3598
10 18 2993
10 19 616
10 20 5732
10 21 4409
10 22 6631
10 23 7370
10 24 7025
10 25 895
10 27 3127
10 28 3038
10 29 4807
10 30 237
10 31 2635
10 32 1254
10 33 3327
10 34 1619
10 35 1571
10 36 329
10 37 188
10 38 6533
10 39 5232
10 40 4449
10 41 6523
10 42 4354
10 43 2533
10 44 3421
10 45 5290
10 46 3678
10 47 2239
10 48 6550
10 49 5885
10 50 162
10 51 2800
10 52 7358
10 53 5852
10 54 6763
10 55 3371
10 56 1264
10 57 333
10 59 1717
10 60 4519
10 61 2149
10 62 5232
10 63 1766
10 64 6826
10 66 6346
10 67 6205
10 68 6833
10 69 1187
10 71 6802
10 72 7174
10 73 1382
10 74 1049
10 75 2016
10 76 1561
10 78 2561
10 79 7256
11 12 5530
11 13 2162
11 14 1167
11 15 3054
11 17 1239
11 18 1541
11 19 7440
11 20 5392
11 21 1558
11 22 5735
11 23 2826
11 24 5372
11 25 4487
11 26 6947
11 27 7150
11 28 6280
11 29 4444
11 30 937
11 31 3748
11 32 3508
11 34 3901
11 35 3236
11 36 5854
11 37 6300
11 38 7435
11 39 5656
11 40 4481
11 41 3522
11 42 7192
11 43 4025
11 44 1903
11 45 5270
11 46 4731
11 47 7491
11 48 4431
11 49 6539
11 50 5439
11 51 4425
11 52 3974
11 53 4326
11 54 2333
11 55 647
11 56 2726
11 57 2539
11 58 6143
11 61 2857
11 62 4289
11 63 1936
11 64 2182
11 65 6959
11 66 4901
11 67 2345
11 68 6392
11 69 2752
11 70 430
11 71 4549
11 74 2948
11 75 1043
11 76 1405
11 77 2135
11 78 5297
11 79 2052
12 13 906
12 14 2654
12 15 3156
12 16 4112
12 17 730
12 19 2333
12 21 5120
12 22 2380
12 23 5950
12 24 2060
12 25 6918
12 26 2628
12 27 5429
12 28 4531
12 29 4212
12 30 1917
12 31 4651
12 32 5770
12 33 1924
12 34 1968
12 35 6535
12 36 5250
12 37 3419
12 38 1576
12 39 4308
12 40 6563
12 41 4803
12 42 2981
12 44 11
12 45 4030
12 46 1183
12 47 1448
12 48 516
12 49 5882
12 50 2380
12 51 3753
12 52 6428
12 53 1893
12 54 834
12 55 2216
12 56 6878
12 57 623
12 58 6625
12 59 6089
12 60 2620
12 61 2284
12 63 3731
12 64 3082
12 65 4992
12 66 6522
12 67 4052
12 68 3950
12 69 5740
12 70 4142
12 71 4074
12 73 218
12 74 5351
12 75 1642
12 76 4828
12 77 4260
12 78 5766
12 79 2193
13 14 2408
13 15 2368
13 16 5356
13 17 4462
13 18 4987
13 20 5697
13 21 5998
13 22 2077
13 23 1339
13 25 7032
13 26 5717
13 27 5118
13 28 1673
13 29 1802
13 30 759
13 31 1551
13 33 5758
13 34 1580
13 35 6853
13 36 6256
13 37 3964
13 38 5022
13 39 1181
13 40 5257
13 41 4743
13 42 28
13 45 977
13 46 2009
13 47 4429
13 48 4095
13 49 2187
13 50 1920
13 51 17
13 52 4466
13 53 4025
13 54 3524
13 55 4674
13 56 6758
13 57 164
13 58 7396
13 59 3305
13 60 398
13 62 2406
13 63 4226
13 64 2272
13 65 2160
13 66 3902
13 67 3493
13 68 1743
13 69 549
13 70 4640
13 71 3901
13 72 1352
13 73 859
13 74 3930
13 75 7
13 76 6651
13 77 5058
13 78 1317
13 79 382
14 15 2617
14 17 6518
14 18 760
14 19 6764
14 20 1295
14 21 6514
14 22 3539
14 23 3592
14 24 6919
14 26 6820
14 27 613
14 28 1144
14 29 6377
14 30 5156
14 31 4899
14 32 651
14 33 4493
14 34 4073
14 35 6083
14 36 181
14 37 3813
14 38 6963
14 39 4864
14 40 2940
14 41 1239
14 42 3161
14 43 5932
14 44 5225
14 45 5615
14 46 4066
14 47 856
14 49 5348
14 50 1752
14 51 321
14 52 2118
14 53 2863
14 54 3207
14 55 753
14 56 676
14 57 535
14 58 6774
14 59 6570
14 60 6461
14 61 544
14 62 6795
14 63 400
14 64 88
14 65 5749
14 66 185
14 67 7241
14 68 1166
14 69 5692
14 70 6691
14 71 3669
14 73 4203
14 74 1831
14 75 5924
14 76 3252
14 77 4803
14 78 1596
14 79 3195
15 16 6151
15 17 1558
15 18 477
15 19 5433
15 20 6497
15 21 6174
15 22 6077
15 23 4741
15 24 6526
15 25 4149
15 26 4585
15 27 3967
15 28 3725
15 30 4172
15 31 5177
15 32 4834
15 33 390
15 34 4798
15 35 958
15 36 3569
15 37 3953
15 38 5273
15 41 5799
15 42 5567
15 43 5611
15 44 1972
15 45 3214
15 46 6781
15 47 776
15 48 5069
15 50 5459
15 51 6076
15 52 7296
15 53 7247
15 54 6660
15 55 3117
15 56 5119
15 57 3083
15 58 1453
15 59 1959
15 60 3059
15 61 3008
15 62 4890
15 63 5926
15 64 5665
15 65 829
15 66 1724
15 67 6153
15 68 963
15 69 6863
15 70 489
15 71 3759
15 72 7013
15 73 1955
15 74 429
15 75 7111
15 76 874
15 77 7490
15 78 2065
15 79 4165
16 17 6504
16 18 2703
16 19 3248
16 20 1099
16 21 4957
16 22 2037
16 23 2940
16 24 1255
16 25 3988
16 26 1121
16 27 4826
16 28 5608
16 29 2200
16 30 1665
16 31 567
16 32 4493
16 33 2173
16 34 6649
16 35 7402
16 36 982
16 37 708
16 38 1655
16 40 1761
16 41 3004
16 42 3774
16 43 1147
16 45 4549
16 46 6531
16 47 1171
16 48 3393
16 49 4371
16 50 3061
16 51 2336
16 52 3766
16 54 3325
16 55 7178
16 57 290
16 58 4911
16 59 5898
16 60 4109
16 61 3469
16 62 6160
16 63 6221
16 64 7300
16 65 4344
16 66 177
16 67 6540
16 68 1718
16 70 7241
16 73 4451
16 74 6059
16 75 6889
16 76 3824
16 77 5630
16 78 4242
16 79 3087
17 19 1768
17 20 6472
17 21 7265
17 22 4867
17 23 6864
17 24 461
17 25 4028
17 26 4117
17 27 1244
17 28 6059
17 29 4335
17 30 1845
17 31 4562
17 32 702
17 34 5146
17 35 1330
17 36 3733
17 37 505
17 39 6808
17 40 1594
17 42 4473
17 43 6961
17 44 5304
17 45 4179
17 46 2389
17 47 5169
17 48 172
17 50 1723
17 51 3546
17 53 4286
17 54 2476
17 55 3301
17 56 4098
17 57 6579
17 58 6092
17 59 6777
17 60 1671
17 61 2458
17 62 6756
17 63 311
17 64 2546
17 65 4920
17 67 6125
17 68 40
17 69 129
17 70 3635
17 72 1120
17 73 655
17 74 1936
17 75 2600
17 76 4798
17 77 2348
17 78 323
17 79 2305
18 19 3731
18 21 1150
18 23 7275
18 24 1061
18 27 3421
18 28 1223
18 30 1878
18 31 3248
18 33 3312
18 34 663
18 35 3380
18 36 6114
18 37 469
18 38 1886
18 39 2346
18 40 1457
18 41 4727
18 42 758
18 43 4037
18 44 5142
18 45 69
18 46 4840
18 47 3349
18 48 51
18 49 2088
18 50 2522
18 52 1136
18 53 1017
18 55 1452
18 56 2273
18 57 5649
18 58 3128
18 59 1401
18 60 1935
18 61 2627
18 62 5495
18 63 3365
18 64 3633
18 65 4558
18 66 2979
18 67 1390
18 68 715
18 69 4543
18 70 781
18 71 222
18 72 6605
18 73 256
18 74 3627
18 75 5952
18 76 5902
18 77 6416
18 78 6248
18 79 1795
19 20 4546
19 21 5803
19 22 4783
19 23 2402
19 24 3584
19 25 7394
19 26 3142
19 27 5121
19 28 2541
19 29 1034
19 30 3588
19 31 3080
19 32 6915
19 33 3588
19 34 3126
19 36 171
19 37 4047
19 38 368
19 39 299
19 40 7322
19 41 3462
19 42 588
19 43 5862
19 44 3822
19 45 1571
19 46 5028
19 47 4420
19 48 6822
19 49 808
19 52 932
19 53 626
19 54 5312
19 55 1217
19 56 3414
19 57 4205
19 58 1779
19 59 7008
19 60 5328
19 61 433
19 63 5460
19 64 6792
19 65 4979
19 66 3487
19 67 4302
19 68 1097
19 69 505
19 70 879
19 71 6143
19 72 2615
19 73 2045
19 74 5515
19 75 6700
19 76 2368
19 77 4939
19 78 4900
19 79 6274
20 22 2604
20 23 415
20 24 4402
20 26 6321
20 27 1292
20 28 1147
20 29 5040
20 30 3670
20 31 3453
20 33 2653
20 34 4195
20 35 2481
20 36 6636
20 37 1289
20 38 11
20 39 2279
20 42 718
20 44 1515
20 45 2904
20 46 7157
20 48 2178
20 49 6430
20 50 7059
20 51 256
20 52 3317
20 53 6269
20 54 4670
20 55 4630
20 56 2800
20 57 3956
20 58 3793
20 59 2686
20 60 3892
20 61 3549
20 63 2844
20 64 4242
20 65 7310
20 66 6485
20 67 7211
20 68 3560
20 69 6710
20 70 4820
20 71 3141
20 73 1401
20 74 1727
20 75 831
20 76 4689
20 77 5673
20 78 331
20 79 2432
21 22 4478
21 23 7373
21 24 7195
21 26 136
21 27 2646
21 28 7389
21 29 4963
21 30 7167
21 31 3281
21 32 6458
21 33 4155
21 34 4513
21 35 394
21 36 6911
21 37 5385
21 38 3960
21 39 6845
21 40 4641
21 41 591
21 42 837
21 43 1825
21 44 904
21 45 2605
21 46 2871
21 47 3894
21 48 4561
21 49 4050
21 50 7128
21 51 3379
21 52 2777
21 53 6010
21 54 6209
21 55 4831
21 56 3666
21 57 5829
21 58 9
21 59 4079
21 60 5792
21 61 334
21 63 4227
21 64 5036
21 65 4743
21 66 3253
21 67 191
21 68 3313
21 70 1400
21 71 3858
21 72 67
21 73 3004
21 74 3376
21 76 6306
21 78 3193
21 79 2056
22 23 6188
22 24 1203
22 25 1139
22 27 528
22 29 2692
22 31 2944
22 32 420
22 34 6794
22 35 2337
22 36 5392
22 37 327
22 39 2371
22 40 3833
22 42 6581
22 43 185
22 44 5255
22 45 7099
22 46 366
22 47 3119
22 48 4085
22 49 2551
22 50 3437
22 51 638
22 52 3364
22 53 4360
22 54 5549
22 55 4912
22 56 1320
22 57 4900
22 58 3189
22 59 5824
22 60 7391
22 61 4403
22 62 5415
22 63 3535
22 64 5868
22 65 5461
22 66 6780
22 67 6429
22 68 2332
22 69 4037
22 70 776
22 71 6260
22 72 4897
22 73 199
22 74 95
22 75 379
22 76 1647
22 78 5914
22 79 1478
23 24 7226
23 25 3577
23 26 4545
23 27 5663
23 28 2210
23 29 2576
23 30 1077
23 31 200
23 32 271
23 33 1074
23 35 5948
23 36 494
23 37 2571
23 38 3711
23 39 7415
23 40 3654
23 41 4256
23 42 3373
23 43 2198
23 44 6344
23 45 3339
23 46 3576
23 47 6836
23 48 5336
23 49 5524
23 50 2554
23 51 2831
23 52 1769
23 53 336
23 54 1829
23 55 7306
23 57 4061
23 58 1301
23 59 1919
23 60 5889
23 61 4254
23 62 6844
23 63 3212
23 64 802
23 65 670
23 66 5514
23 67 6378
23 68 5260
23 69 248
23 70 3811
23 71 1896
23 72 4777
23 73 1514
23 74 4353
23 76 1594
23 77 2599
23 78 4896
23 79 1181
24 25 5218
24 26 710
24 27 2154
24 28 141
24 29 813
24 30 17
24 31 7081
24 32 3650
24 33 4142
24 34 590
24 35 4162
24 36 6267
24 37 2072
24 38 3724
24 39 6929
24 40 5860
24 41 396
24 42 5910
24 44 6050
24 45 1787
24 47 4689
24 48 1700
24 49 6828
24 50 6999
24 51 5115
24 52 2789
24 53 766
24 54 5246
24 56 3526
24 57 6742
24 58 7491
24 60 1392
24 61 2834
24 62 1070
24 63 4896
24 65 6595
24 66 3085
24 67 2651
24 68 6605
24 69 4642
24 70 5928
24 71 7083
24 73 1960
24 74 7330
24 75 1355
24 76 5767
24 77 3775
24 79 3697
25 26 2702
25 27 6066
25 30 2139
25 31 2355
25 32 1975
25 33 3081
25 34 5553
25 35 2171
25 36 2326
25 37 4821
25 38 3740
25 39 927
25 40 5587
25 41 1995
25 42 4336
25 43 6645
25 44 4197
25 45 2255
25 46 5119
25 47 5282
25 49 862
25 50 7360
25 51 1018
25 52 3554
25 53 2172
25 56 5992
25 57 922
25 58 6974
25 59 1410
25 60 7052
25 61 6070
25 62 5418
25 63 4328
25 64 1538
25 65 3186
25 66 1620
25 67 1331
25 68 5600
25 69 4892
25 71 4534
25 73 2012
25 74 5514
25 75 2139
25 76 4506
25 77 1438
25 78 899
25 79 5683
26 27 7085
26 28 6851
26 29 6174
26 30 4666
26 31 1311
26 32 3739
26 33 1889
26 34 3235
26 35 3683
26 36 5578
26 37 5583
26 38 6323
26 39 757
26 40 3367
26 41 4819
26 42 3436
26 43 120
26 44 7172
26 45 1460
26 46 5149
26 47 5955
26 48 6675
26 49 4130
26 50 3041
26 51 5358
26 52 7211
26 53 185
26 55 7293
26 56 7098
26 57 168
26 58 2586
26 59 117
26 60 4242
26 61 5683
26 62 2909
26 63 4737
26 65 3931
26 66 6590
26 67 5292
26 68 5792
26 69 6739
26 70 91
26 71 4620
26 72 1419
26 74 2564
26 75 6530
26 76 1931
26 78 6465
26 79 1053
27 28 5642
27 29 1801
27 30 1680
27 31 6747
27 32 3040
27 33 2176
27 35 2267
27 36 4690
27 37 4369
27 38 7165
27 39 5018
27 40 7315
27 42 5459
27 43 1722
27 44 1235
27 45 914
27 46 7139
27 47 2776
27 48 7267
27 49 2776
27 50 6945
27 51 3060
27 52 34
27 53 6764
27 54 6782
27 55 3714
27 56 3714
27 57 5144
27 58 6777
27 59 7034
27 60 5579
27 61 2398
27 62 7095
27 63 2955
27 64 2341
27 65 155
27 66 6278
27 67 3032
27 68 2831
27 70 965
27 71 1221
27 72 1260
27 75 1363
27 76 169
27 77 4433
27 78 3123
27 79 6562
28 29 3956
28 30 1988
28 31 4929
28 32 6167
28 33 5656
28 34 1177
28 36 2141
28 37 1409
28 38 5609
28 39 1718
28 40 4857
28 41 60
28 42 6152
28 43 56
28 45 7204
28 46 1067
28 47 1202
28 48 4315
28 49 3192
28 50 2549
28 51 1773
28 52 6508
28 53 4145
28 54 4230
28 55 7008
28 57 79
28 58 780
28 59 1411
28 60 3588
28 61 6891
28 62 5121
28 63 6101
28 64 3100
28 65 4510
28 66 7368
28 67 6194
28 69 3667
28 70 3380
28 71 5739
28 72 2220
28 73 670
28 74 1717
28 75 5514
28 78 7146
28 79 6040
29 30 4191
29 31 382
29 32 3219
29 33 1378
29 34 2348
29 35 389
29 36 3229
29 37 5262
29 39 7482
29 40 3879
29 41 2973
29 42 2098
29 43 2820
29 44 1726
29 45 2704
29 46 3952
29 47 6889
29 48 3483
29 49 5690
29 51 2171
29 52 3905
29 53 142
29 54 4570
29 55 499
29 56 7230
29 57 1299
29 58 6680
29 59 2383
29 60 6252
29 61 3751
29 63 4015
29 64 4055
29 65 191
29 66 3484
29 67 4415
29 68 1985
29 69 7499
29 70 4587
29 71 1853
29 72 1930
29 73 3062
29 74 4467
29 75 3875
29 76 5192
29 77 617
29 78 5760
29 79 5302
30 31 3480
30 32 3410
30 33 1276
30 34 6820
30 35 6693
30 36 4614
30 37 371
30 38 4394
30 39 4252
30 40 2644
30 42 6518
30 43 2938
30 44 6200
30 45 998
30 46 1394
30 47 5662
30 48 5573
30 50 3601
30 51 476
30 52 6669
30 54 7039
30 55 1168
30 56 7158
30 57 2186
30 58 6370
30 59 4162
30 60 3942
30 61 5399
30 62 5043
30 63 7103
30 64 2732
30 65 4883
30 66 6479
30 67 424
30 68 5051
30 69 4897
30 70 6122
30 71 4131
30 72 4891
30 73 3209
30 74 5224
30 75 5567
30 76 2731
30 77 5456
30 78 460
30 79 32
31 32 437
31 33 1991
31 34 2148
31 36 7198
31 37 3786
31 38 3102
31 39 7269
31 40 6093
31 41 3441
31 42 1512
31 43 6770
31 44 4893
31 46 4018
31 47 3894
31 48 4088
31 49 315
31 50 2596
31 51 7343
31 52 1012
31 53 5271
31 54 7425
31 55 2771
31 56 2768
31 57 2448
31 58 571
31 59 2093
31 60 2003
31 61 2582
31 62 3427
31 63 272
31 64 2156
31 65 3795
31 66 753
31 67 5088
31 68 6812
31 69 5914
31 70 7034
31 71 4595
31 72 6594
31 73 5124
31 74 3004
31 75 1114
31 76 1099
31 77 81
31 78 2670
31 79 3391
32 34 7185
32 35 5747
32 36 4868
32 37 1485
32 38 4775
32 39 4963
32 40 3018
32 41 2756
32 42 3739
32 43 2120
32 44 2385
32 45 3405
32 46 4910
32 47 101
32 48 2671
32 49 1608
32 50 3558
32 51 3381
32 52 6215
32 54 2342
32 55 3817
32 56 2861
32 57 110
32 58 5021
32 59 5244
32 60 2617
32 61 2083
32 62 7481
32 63 6500
32 64 4034
32 65 4553
32 66 5187
32 67 6325
32 68 1973
32 69 3818
32 71 134
32 72 5245
32 73 1778
32 75 2010
32 76 6264
32 77 35
32 79 6368
33 34 3672
33 35 5095
33 36 6366
33 37 1840
33 38 6864
33 39 2947
33 40 3121
33 41 3140
33 42 6632
33 43 3522
33 44 6956
33 45 1770
33 46 6426
33 47 3305
33 48 2419
33 49 7184
33 50 2837
33 51 2743
33 52 4168
33 53 1528
33 55 3327
33 56 4708
33 57 5130
33 59 4865
33 60 7181
33 61 1849
33 62 6442
33 63 6696
33 64 6897
33 65 2122
33 66 6556
33 67 2709
33 68 3215
33 69 4083
33 70 611
33 71 5772
33 72 2878
33 73 230
33 74 5334
33 75 1581
33 76 7117
33 77 5316
33 78 4203
33 79 6007
34 35 6125
34 36 382
34 37 3289
34 38 4681
34 39 170
34 40 1449
34 41 5785
34 42 3380
34 44 3609
34 45 2967
34 46 2636
34 47 6022
34 48 4648
34 49 1620
34 50 789
34 51 6636
34 52 3304
34 53 2409
34 54 6700
34 55 5414
34 56 564
34 57 5098
34 58 7276
34 59 3120
34 60 5018
34 61 1141
34 62 4270
34 63 3922
34 64 796
34 66 1585
34 67 7415
34 68 3118
34 69 4261
34 70 2280
34 71 5128
34 72 2791
34 73 5543
34 74 1300
34 75 3897
34 76 7023
34 77 4676
34 78 4455
34 79 2450
35 36 2837
35 37 4354
35 38 6656
35 39 5125
35 40 7349
35 42 980
35 43 5966
35 44 6903
35 45 5820
35 46 1288
35 47 4076
35 48 6199
35 49 7202
35 50 1215
35 51 4880
35 52 4578
35 53 1643
35 54 1081
35 56 2205
35 57 6211
35 58 4442
35 59 1508
35 61 349
35 62 1257
35 63 2214
35 64 4162
35 65 2093
35 66 2194
35 67 4457
35 68 6948
35 71 736
35 72 5853
35 73 4782
35 74 4919
35 75 6256
35 76 7036
35 78 7384
35 79 1426
36 37 76
36 38 3385
36 39 201
36 41 3508
36 42 6810
36 43 3441
36 44 2897
36 45 3384
36 46 2885
36 47 1915
36 48 6193
36 49 5748
36 50 1848
36 51 4464
36 52 6194
36 53 4990
36 54 720
36 55 4503
36 57 6862
36 58 2727
36 59 4666
36 60 2917
36 61 5768
36 62 3078
36 63 3784
36 64 3977
36 65 6831
36 66 2857
36 67 5520
36 68 1644
36 69 6409
36 70 1278
36 71 1800
36 72 4858
36 73 673
36 75 5338
36 76 4096
36 78 5965
36 79 3723
37 38 2192
37 39 3257
37 40 107
37 42 4478
37 43 4968
37 44 4144
37 45 7461
37 46 4064
37 47 2942
37 48 80
37 49 4108
37 50 3197
37 51 2300
37 52 4371
37 53 5357
37 54 5599
37 55 1226
37 56 3365
37 57 1796
37 58 3926
37 59 6526
37 60 1528
37 61 6152
37 62 4746
37 63 7371
37 64 2322
37 65 447
37 67 2746
37 68 5607
37 69 3861
37 70 3103
37 71 4802
37 72 2984
37 73 2222
37 74 6269
37 75 1203
37 76 717
37 77 5489
37 78 2639
37 79 3882
38 39 7106
38 40 5614
38 42 7211
38 43 4906
38 45 7334
38 46 5957
38 48 292
38 49 670
38 51 7358
38 52 2788
38 53 1564
38 54 4585
38 55 4413
38 56 721
38 57 5382
38 58 493
38 59 4897
38 60 7290
38 61 1809
38 62 6485
38 63 3111
38 64 6909
38 65 4454
38 66 4892
38 67 4400
38 68 4885
38 69 6159
38 70 1517
38 71 639
38 74 6275
38 75 904
38 76 1903
38 77 2338
38 78 317
38 79 1679
39 41 1087
39 42 912
39 43 7463
39 44 6215
39 45 1458
39 46 4004
39 48 5927
39 49 6136
39 50 6641
39 51 3299
39 52 7433
39 53 7089
39 54 263
39 55 2444
39 56 1035
39 57 1880
39 58 7313
39 59 4716
39 60 2409
39 61 5344
39 62 6564
39 64 4990
39 65 2120
39 67 5881
39 68 5130
39 69 1706
39 70 6935
39 71 2327
39 72 3909
39 73 7132
39 74 6967
39 75 834
39 76 3330
39 77 5594
39 78 1680
39 79 5351
40 41 7351
40 42 6135
40 43 2531
40 44 4564
40 45 1680
40 46 2583
40 48 4909
40 49 3497
40 50 327
40 51 6588
40 52 1469
40 53 804
40 54 214
40 55 5242
40 56 5031
40 57 2425
40 58 392
40 59 2710
40 60 45
40 61 5438
40 62 3156
40 63 4754
40 64 6099
40 66 5277
40 67 5626
40 68 557
40 69 4701
40 70 6812
40 71 1859
40 72 764
40 73 3162
40 74 1711
40 75 3652
40 76 6188
40 77 2258
40 78 6233
40 79 7458
41 42 5111
41 43 3539
41 44 7295
41 45 4489
41 46 761
41 47 3320
41 48 4922
41 49 7161
41 50 6498
41 51 6627
41 52 1465
41 53 5028
41 55 7285
41 56 3440
41 57 517
41 59 75
41 62 5641
41 63 5423
41 64 2027
41 65 3029
41 66 4124
41 68 1973
41 69 814
41 70 4679
41 71 6559
41 72 7150
41 74 1941
41 75 2461
41 76 5604
41 78 1454
41 79 4499
42 43 4381
42 44 2671
42 45 4132
42 46 7450
42 47 3806
42 48 1388
42 49 3454
42 50 5914
42 51 7452
42 53 3044
42 54 3052
42 55 1236
42 56 6891
42 57 1461
42 58 4592
42 59 1582
42 60 5922
42 61 30
42 62 4858
42 63 2049
42 64 5942
42 65 1585
42 66 3933
42 67 3310
42 68 860
42 69 7203
42 70 2062
42 71 2770
42 72 1032
42 73 6153
42 74 7481
42 76 4755
42 77 402
42 78 1351
42 79 5046
43 44 2249
43 45 7419
43 46 5848
43 47 1417
43 48 2579
43 50 5341
43 51 6188
43 52 339
43 53 3691
43 54 3045
43 55 4429
43 56 926
43 57 2670
43 58 2273
43 59 320
43 60 1226
43 61 1673
43 62 583
43 64 7277
43 65 5075
43 66 1514
43 67 3713
43 68 5448
43 69 5814
43 70 4179
43 71 6571
43 73 7493
43 74 3388
43 75 6946
43 76 2871
43 77 5941
43 78 6356
44 45 5957
44 46 2958
44 47 2677
44 48 7492
44 49 5446
44 50 6376
44 51 6433
44 52 2299
44 53 853
44 54 4347
44 55 6299
44 56 5970
44 57 7186
44 58 6149
44 59 3200
44 60 1217
44 61 1675
44 62 4038
44 63 6349
44 64 944
44 65 7172
44 66 5756
44 67 1726
44 68 2958
44 69 3465
44 70 1603
44 71 2971
44 72 2471
44 73 4416
44 74 4587
44 75 3995
44 77 4521
44 78 3512
44 79 6530
45 46 1167
45 47 4916
45 48 431
45 49 1563
45 50 5329
45 51 3301
45 52 3446
45 53 6955
45 54 5738
45 55 6785
45 56 5548
45 57 1055
45 58 6373
45 59 2884
45 60 5798
45 61 6480
45 62 2941
45 63 5653
45 64 6267
45 65 3207
45 66 410
45 67 6931
45 68 1127
45 69 5077
45 70 6198
45 71 3925
45 72 1464
45 73 5800
45 74 1906
45 76 203
45 77 5756
45 78 2593
45 79 1874
46 47 7269
46 48 6874
46 49 7201
46 50 2146
46 51 5859
46 52 6336
46 53 6080
46 54 6850
46 55 2364
46 56 1124
46 57 6234
46 58 7180
46 59 811
46 60 2657
46 61 4141
46 62 718
46 63 3821
46 64 5475
46 65 3675
46 66 3633
46 67 6354
46 68 3810
46 69 2220
46 70 6609
46 71 6340
46 72 3839
46 73 6595
46 74 1712
46 75 5508
46 76 2160
46 77 249
46 78 3760
46 79 1819
47 48 5293
47 50 1425
47 51 5911
47 52 6742
47 53 3816
47 54 155
47 55 92
47 56 2442
47 57 5833
47 58 4579
47 59 1671
47 60 6748
47 61 6898
47 62 6430
47 63 1646
47 65 4842
47 66 6739
47 67 2688
47 68 664
47 69 4651
47 70 5037
47 71 2008
47 72 4546
47 73 1459
47 74 3102
47 75 1231
47 76 4147
47 77 1649
47 78 533
47 79 5620
48 50 2961
48 51 1019
48 52 7012
48 53 2750
48 54 5355
48 55 781
48 57 3907
48 58 2899
48 59 5213
48 60 1616
48 61 7102
48 62 547
48 63 1087
48 64 2920
48 65 7479
48 66 1019
48 67 4569
48 68 3814
48 69 7002
48 70 1980
48 71 6691
48 73 3097
48 74 3940
48 75 4156
48 76 6633
48 77 7244
48 78 1349
48 79 3684
49 51 594
49 52 5167
49 53 5559
49 54 4716
49 55 5213
49 56 6634
49 57 6086
49 58 1631
49 59 272
49 60 1270
49 61 3581
49 62 4421
49 63 1156
49 64 5731
49 65 2054
49 66 321
49 67 7118
49 68 4258
49 70 325
49 71 4286
49 72 2737
49 74 1060
49 76 184
49 77 578
49 78 1113
49 79 2393
50 51 849
50 52 2578
50 53 3963
50 54 1021
50 55 1705
50 56 1070
50 57 3285
50 58 1836
50 59 4786
50 60 1751
50 61 4484
50 62 4924
50 63 3742
50 64 1491
50 65 5194
50 66 2850
50 67 4644
50 68 5594
50 69 6366
50 70 5419
50 71 3325
50 72 5154
50 73 382
50 74 5530
50 75 1765
50 77 6249
50 78 5910
50 79 1084
51 52 2609
51 53 456
51 55 5349
51 56 4417
51 57 2445
51 58 260
51 59 2703
51 60 6851
51 61 1544
51 62 3901
51 63 2604
51 64 4558
51 65 3265
51 66 1999
51 67 2982
51 68 5844
51 69 4067
51 71 1916
51 72 4826
51 73 1117
51 74 4469
51 75 2162
51 76 7182
51 77 948
51 78 2973
51 79 7221
52 53 3930
52 54 3254
52 55 6456
52 56 162
52 57 4833
52 58 6634
52 59 841
52 61 5666
52 62 807
52 63 6282
52 64 4990
52 65 818
52 67 5435
52 68 3710
52 69 672
52 70 2112
52 71 4820
52 72 1766
52 73 1338
52 74 5413
52 75 6468
52 76 5575
52 77 2123
52 78 6964
52 79 6169
53 54 3588
53 55 270
53 56 44
53 57 7184
53 58 3359
53 59 2744
53 60 835
53 61 3093
53 62 2748
53 63 549
53 64 3752
53 65 4617
53 66 5673
53 67 1713
53 68 4190
53 69 3440
53 70 2439
53 71 6779
53 72 1912
53 73 5087
53 74 3372
53 75 944
53 76 6745
53 77 5658
53 79 6206
54 55 3568
54 56 4972
54 57 1598
54 58 4809
54 59 6104
54 60 377
54 61 5332
54 62 3363
54 63 4848
54 65 322
54 66 3433
54 67 105
54 68 4152
54 69 2372
54 70 3319
54 71 6387
54 72 197
54 74 2111
54 75 4131
54 76 2183
54 77 5947
54 78 6295
54 79 5531
55 56 689
55 57 2815
55 58 4565
55 59 3044
55 60 730
55 61 964
55 62 2327
55 63 2435
55 66 116
55 67 3707
55 68 4415
55 70 1713
55 71 6398
55 72 2785
55 73 1915
55 74 3058
55 75 7334
55 76 397
55 77 6718
55 78 5742
55 79 2879
56 57 4053
56 58 2373
56 59 3416
56 61 6513
56 63 6616
56 65 4365
56 66 7160
56 67 4395
56 68 165
56 69 2262
56 70 2144
56 71 4221
56 72 5282
56 74 4916
56 75 5431
56 76 1063
56 77 3564
56 79 5402
57 58 4678
57 59 1085
57 60 489
57 61 5002
57 62 876
57 63 5482
57 64 2669
57 65 1529
57 66 524
57 67 2932
57 68 3077
57 69 583
57 70 4088
57 71 5280
57 72 6343
57 73 4239
57 74 42
57 76 530
57 77 267
57 78 4645
57 79 2245
58 59 5805
58 60 662
58 61 596
58 62 5829
58 63 1899
58 64 2683
58 65 5441
58 66 1395
58 67 9
58 68 2209
58 69 2321
58 70 5146
58 71 1505
58 72 7113
58 73 7400
58 74 5282
58 75 1929
58 76 1101
58 77 3617
58 78 3475
59 60 5009
59 61 5074
59 62 728
59 63 6183
59 64 4104
59 65 5327
59 66 3912
59 67 3342
59 68 6640
59 70 996
59 72 2924
59 73 5081
59 74 5887
59 75 274
59 76 4142
59 78 1716
59 79 1667
60 61 1491
60 62 214
60 63 1352
60 64 4168
60 65 4245
60 67 5087
60 68 7367
60 69 5953
60 70 4832
60 71 4793
60 72 6894
60 74 2387
60 75 5763
60 76 4507
60 77 6564
60 78 3455
60 79 3958
61 62 6532
61 64 3276
61 66 862
61 67 3274
61 68 2447
61 69 7107
61 70 2207
61 71 4225
61 72 5352
61 74 2467
61 75 2533
61 76 6332
61 77 4702
61 78 2692
61 79 2344
62 63 6544
62 64 5340
62 65 4184
62 66 5724
62 68 1990
62 69 464
62 70 240
62 71 1672
62 72 2650
62 73 6910
62 74 2231
62 75 1250
62 76 5358
62 77 3655
62 78 5757
62 79 4111
63 65 6561
63 66 3200
63 68 5184
63 69 3283
63 70 26
63 71 1686
63 72 6817
63 73 6599
63 74 5605
63 75 5734
63 76 1144
63 77 1619
63 78 1159
63 79 825
64 65 1453
64 66 3182
64 67 5390
64 68 4432
64 69 2646
64 70 71
64 71 2588
64 72 924
64 73 3794
64 74 6982
64 75 1350
64 77 1345
64 78 573
64 79 1316
65 66 5820
65 67 7103
65 68 1117
65 69 4751
65 70 2600
65 71 783
65 72 5597
65 73 3104
65 74 3229
65 76 2102
65 77 951
65 79 7405
66 67 5268
66 68 1142
66 69 4980
66 70 3371
66 71 6322
66 72 2750
66 73 2624
66 74 1598
66 75 4718
66 76 4564
66 77 4749
66 78 1884
66 79 1245
67 68 5899
67 69 539
67 70 6045
67 71 3985
67 72 3741
67 73 4350
67 74 4898
67 75 1801
67 76 4446
67 77 2052
67 78 6683
67 79 4588
68 69 4794
68 70 593
68 71 5637
68 73 4035
68 74 1495
68 75 2779
68 76 4026
68 78 4342
68 79 7206
69 70 6541
69 71 7090
69 72 3635
69 73 7233
69 74 7262
69 75 4266
69 76 5008
69 77 1436
69 78 5546
69 79 6030
70 71 2738
70 72 2762
70 73 2597
70 74 1485
70 75 7448
70 76 6381
70 77 1548
70 78 177
71 72 7409
71 73 6225
71 74 3615
71 75 6940
71 76 3566
71 77 5369
71 78 6316
71 79 46
72 73 1762
72 74 6336
72 75 1771
72 76 3490
72 78 181
73 74 358
73 76 6618
73 77 6013
73 78 561
73 79 489
74 77 4605
74 78 7091
74 79 6767
75 76 3070
75 77 3312
75 78 1323
75 79 2602
76 77 2793
76 78 5346
76 79 1991
77 78 3408
77 79 1036
78 79 1010
