35 80 2239
6279 3042 3683 273 1902 650 5268 3719 1831 2554 5128 5363 1345 1409 4349 3418 5380 6580 2959 1293 3662 7436 4483 4408 1351 2490 5141 5936 1021 2453 2640 7299 4346 6322 6423
6247 6971 4190 2466 154 5595 6445 5516 6940 6705 2364 2857 3436 296 4668 4728 2809 3455 562 6068 4806 1903 3708 2093 2924 5013 4732 2722 710 2405 1645 6957 727 4686 774 880 2781 7218 6396 2220 6422 111 3928 2357 406 1095 5936 2066 4550 6497 634 707 899 3193 2799 2674 705 6382 4248 1415 1286 4744 7223 2012 1929 496 1744 4709 6565 6991 5780 5486 7101 2208 6694 6359 3302 5129 7276 6703
2977 409 7409 2727 3602 2707 5401 3158 1588 2148 3424 1725 6891 1998 3737 171 2493 4332 3732 409 3822 2011 5894 2274 4218 3939 1132 6372 419 908 5574 3395 168 4335 4974 2621 7041 1726 4631 7481 2725 6906 1705 2115 1404 4293 1137 2748 1124 4868 3157 3797 6879 402 6071 2448 4341 7202 1319 4759 6961 5745 7006 5981 2579 4479 1101 971 5056 5731 7303 280 5137 1508 1246 5392 4652 2382 639 5776
7250 2647 924 5480 3049 6994 427 6241 5548 598 3499 3860 5194 1856 2340 6624 5186 3441 94 2741 523 7397 3020 4511 256 4265 1254 4907 6647 745 2034 5248 3391 2958 3227 5291 1303 2505 4031 6850 3102 6382 2062 7147 737 4401 6270 5923 6693 5216 1163 6068 3964 3035 3078 3071 7299 3184 477 5297 3928 1363 3044 7318 3172 6270 5109 3326 127 491 2676 2080 6872 3589 1727 109 489 6848 4883 6034
4563 4897 4601 7378 431 6530 2948 6582 2213 2277 4378 6140 2491 7422 4810 4514 5043 1270 339 5169 1760 1866 7249 1132 5454 1475 92 4795 7174 4974 3328 3089 1222 6780 2966 1653 5809 4766 734 6874 5894 3963 4365 884 3884 1674 5397 279 1795 4587 5447 3555 6453 4047 3538 4406 4373 3629 1700 4047 7454 3879 7135 1175 3158 1452 1679 1467 5069 2412 840 3462 5227 5204 3197 1610 5730 7445 740 24
4532 6187 2430 3484 1585 5967 6741 5958 2095 941 1356 900 4819 7342 2075 477 1293 3753 795 6362 5017 486 1175 2743 5689 4372 3204 2770 4316 3944 2794 199 1482 5223 3682 3066 2542 2923 375 4636 2715 1730 5536 6385 423 6462 6861 1716 2714 6507 6929 6582 6992 603 1824 5181 3826 5028 6802 642 323 947 840 1804 5022 3374 3721 63 5148 4096 3550 362 4677 1585 5598 5100 6898 4959 5667 2112
3965 3947 1193 3457 4549 1869 7489 875 5748 5642 368 6070 6589 59 6725 4110 2284 2945 4172 7431 5892 221 6644 1921 658 4742 5872 55 1052 4038 1018 3868 484 1063 6176 3884 2931 5016 3610 30 3158 3977 6099 2246 2888 5323 5207 5171 7119 1878 3954 5511 950 3097 7431 1607 6690 5802 514 241 1191 1531 4109 526 2593 1636 4409 4375 6652 6871 3256 2309 3347 1854 3406 5086 6028 1112 2757 5647
1841 6710 3657 2790 1158 2439 4397 348 740 4910 6940 1930 5292 2400 2455 6737 4036 5715 2463 2039 5085 5719 4347 7284 72 6604 4869 4952 215 6477 1950 2055 4538 4458 3696 5696 6896 592 4895 6487 4353 3186 7268 2145 5586 2222 233 973 6788 2695 3011 3225 913 6209 3008 7337 5312 6728 4788 4378 5705 6737 6432 1594 3694 2627 6141 1941 2071 3535 927 5275 5573 694 6271 3658 1767 6503 4630 1054
1698 6492 4278 2610 5200 6137 1298 3011 5365 6085 7388 2421 4173 5171 4014 6718 6649 2655 1158 71 5041 936 5346 3113 1629 4116 5622 3395 3119 1603 3301 4816 594 6430 6277 5793 3919 75 1303 1783 5011 42 3055 536 5212 7068 7253 4361 1074 7263 4431 4967 698 1128 6931 1179 5244 3905 3425 862 5507 5577 4529 4953 4507 2157 3245 7277 2231 3400 1559 6094 3441 4613 6629 5 3032 5233 3217 2958
3847 6499 6776 4545 127 6206 5723 5370 2610 499 5083 6969 6076 2111 4421 1934 3119 6517 1710 5350 1268 3268 2795 4709 6732 775 3565 1115 6007 6781 2924 2354 5779 2199 5750 4757 905 2824 2626 2366 3322 6560 686 1897 22 3958 3830 3141 1827 5539 7342 3094 158 2636 6654 5741 3410 2718 6856 768 850 1131 3121 6629 3330 222 2737 3086 3045 5363 4303 6367 3274 4989 763 3296 298 3445 5288 2124
1483 5129 5218 1641 6616 3223 6233 1377 5941 4440 2144 6790 5571 4117 4770 1400 4338 7 4485 7383 4221 1287 6249 7494 5127 5863 2141 4277 1807 6280 6400 3290 3908 2969 3782 1875 6192 1366 3251 3484 5806 5395 2773 3876 863 6395 5275 5200 6401 1111 3934 1973 1249 2682 818 5228 7397 1811 2004 1703 590 7255 3844 3350 2724 6477 5224 267 343 975 3750 6148 5221 6522 2523 4935 4268 6649 2634 2020
259 6568 3992 359 601 4810 5586 497 5472 6441 2200 6061 6196 4895 1910 1419 3872 7134 537 4214 6960 4286 1713 3532 2159 3087 966 6427 2235 3599 946 1345 1518 3790 1703 2119 1099 6141 1467 6570 5081 2518 3982 3776 7413 5892 4046 3784 4377 4582 6849 3836 1367 1061 7367 2378 4147 7184 1304 5233 3282 1101 5429 3652 4890 5983 4622 4840 4623 6088 2761 1056 7458 6743 4831 7370 5134 229 2505 862
4810 1853 4697 5029 1765 3415 7406 4763 3098 61 2495 5231 1161 6775 1382 6051 5257 4855 3390 1232 2295 6151 2287 2252 4245 5969 2121 1878 6197 4625 2739 2359 5329 6287 6239 7093 1053 4996 3207 4150 5056 4553 732 5068 3827 2114 2470 1583 5820 5860 2814 614 3362 5100 2865 106 2421 3837 835 1117 7313 2425 2327 5141 63 1065 3585 1115 6060 6791 5264 2467 3843 5995 35 169 6960 2504 604 5280
7215 3417 4745 1928 7369 110 885 2289 3946 1719 2257 2611 2995 4584 251 3057 4500 2688 4171 1912 1978 786 4378 4673 5633 3264 3693 5092 5768 4296 1723 4334 6565 6468 6262 5285 5429 7146 73 1874 217 1181 4484 3211 4616 3587 5120 1616 6274 642 3527 7103 1428 404 4275 7060 3668 468 3503 787 4763 5226 5120 2679 3045 2733 463 973 1231 6887 1698 1447 568 5034 3509 5183 1120 1128 5650 6245
622 1676 5847 2049 932 2622 1608 3451 1941 5110 4237 5555 1687 708 734 4731 2293 1196 5703 3523 583 7401 4969 2 4934 7329 5184 4905 7309 3334 3649 430 3861 847 2478 4792 3468 2937 742 4260 6898 3830 2315 7437 3390 3048 4667 5682 4243 1722 1704 3677 1622 5524 3678 5407 5352 214 1663 5160 2399 5311 4441 5111 6157 5770 2403 977 1206 1996 5236 6956 4678 50 6892 567 1949 2910 6248 6192
4631 451 1220 5104 5974 3750 1862 2677 3963 3524 337 5213 186 3629 2823 5195 1899 4077 5023 1956 4925 2758 1411 2102 1660 802 2668 2460 2564 1415 3 7194 1865 1223 4798 6690 4972 6659 1866 286 1535 1054 4350 1720 4683 7172 6914 5433 2601 4436 7388 25 6046 1299 2126 6557 952 4793 1516 3515 5059 1519 2061 5775 1593 6858 4964 6564 4868 5681 5701 5254 6735 2550 6974 2769 1073 5239 701 2525
1027 588 2549 5924 738 3526 3832 542 818 5347 2908 5876 5717 4968 4150 6161 3177 465 4076 545 6146 2276 4650 4232 3677 4123 7000 3602 714 6552 6126 592 7139 27 6515 6729 3552 1698 7270 4370 5896 2677 1597 4113 6497 4599 2773 2173 3915 6849 1569 2560 476 6219 6791 3005 1693 5142 6606 2406 4193 5231 1849 2684 5257 7215 1912 1309 1412 533 4530 7308 2061 4978 2772 1057 928 4396 3230 3695
2596 4798 6254 1924 3516 4397 4928 4061 2038 4033 6466 5083 615 7167 266 4724 6881 2177 4884 7145 1561 765 6952 2473 4594 1075 3530 5522 5470 5611 1716 6918 1760 6821 1341 4128 2569 6268 688 4607 1652 6005 2189 2266 5671 1306 6989 3904 2334 3224 3548 3894 3988 1851 6366 1082 2925 1247 5455 7246 5709 7170 6663 7469 5342 6855 2948 411 5622 3635 3869 6125 991 4909 7243 6662 6214 6731 1917 1047
2455 5464 3792 5294 7314 1509 6375 1590 2756 4329 1335 7316 2850 6850 7284 692 6204 1583 7454 3178 5217 3822 1802 6208 1230 1544 4221 6295 7127 6137 7341 933 2952 2484 6226 1617 3992 3953 3206 5599 781 3392 5415 3631 2741 4050 3174 297 5633 3127 2326 2201 6948 2979 908 7029 3375 3980 5823 1853 1468 4515 2785 3271 6998 362 4887 2341 3166 6944 440 3947 1688 4706 6429 3280 1255 2102 3576 6887
5228 4753 1588 3527 232 1347 3055 3606 4179 229 5458 5646 3595 7094 269 1944 6307 5155 4284 1973 3451 3575 5919 3990 780 4847 7269 2035 5800 2197 273 3527 6949 712 5905 7180 911 311 2137 5089 539 94 2086 2985 7187 2354 4928 5994 6361 563 466 1163 4138 5236 5152 4917 1434 3772 5803 7233 5968 4928 2111 4269 5639 515 3948 6549 825 4937 2989 215 5030 5075 3199 3569 6280 6978 914 5140
6392 231 5154 3029 5466 2805 6798 5751 6577 3952 5483 3896 1379 6445 664 7018 5811 4612 4918 6635 900 407 5701 5929 4333 251 849 3112 7228 1762 7104 6119 1992 4757 500 6309 62 6149 3411 5490 2600 245 1885 3979 6689 2549 2348 4999 6012 7265 2985 6911 6523 1185 5339 3355 1435 5040 5319 14 6801 4922 6133 145 2178 5484 5305 2239 4132 1216 6580 6731 1460 965 2061 7001 3513 4408 4499 2024
3025 7484 1434 2047 20 5624 4254 307 3163 2072 320 1316 5845 5304 1460 522 3287 6764 1613 7418 6831 692 5501 7143 1656 61 6643 4020 3321 2493 6043 6345 2476 6328 7243 1348 4452 2848 1654 6466 3771 1973 281 2115 7277 592 2637 1915 6208 3101 685 5538 3792 6185 5180 4300 5097 3174 819 7269 5667 5714 6113 6994 4541 4708 841 344 55 2494 6810 2678 3319 5942 4792 1947 6534 6280 2713 5241
732 3397 2130 3376 933 6162 175 4882 1835 7345 4650 1 5558 2115 6995 1451 6822 335 1794 5728 1681 7455 905 3851 5897 4549 4649 3782 3328 7361 374 4060 2110 2503 7435 3042 1164 6461 6775 1851 5157 3925 1851 3215 6039 1345 3517 4212 532 5310 1291 1064 4117 2196 3766 1365 5596 914 5146 275 7126 5519 3186 1735 6873 1972 3629 537 932 1755 2387 6089 5679 3089 655 3069 3286 4171 6132 2669
832 7423 2584 4948 970 6349 6312 5417 6114 2809 5691 4591 827 1377 5178 6552 3348 1306 7088 4280 1912 826 1720 6443 2766 1226 863 6051 5396 6995 1219 5079 5769 3802 1379 5590 1502 190 3506 6467 1851 1696 3558 1529 1924 1235 580 5272 1392 6519 903 3303 6196 2622 2245 1462 2699 3108 6364 594 1454 6435 5672 6074 1588 5902 4163 3090 6092 6520 2056 6794 715 4465 822 2639 5699 254 6762 5942
6772 164 1745 5468 1637 2841 5781 4335 4800 4644 3780 5105 3578 803 3678 5166 6705 340 7107 4148 5711 1662 3441 6426 6127 3114 416 3177 3367 7177 1619 2639 6192 2215 6958 328 5055 5238 3514 1207 2381 7293 6311 4811 595 2489 2476 7299 1680 2082 2798 7391 2595 6238 5168 73 1852 4435 2102 5218 4111 3720 6708 1654 4786 6165 1981 1192 3902 5494 2398 5135 4138 61 2445 4732 1401 3772 3383 1932
5853 6180 674 7299 3770 5841 7372 5621 2775 1973 2190 5737 4544 250 6242 1829 6414 722 3020 1668 5067 4270 5654 1704 4330 6950 5288 5730 3221 22 6513 425 5053 7187 223 1322 5527 94 5794 7154 918 6836 4242 4313 7085 2984 6141 4850 2557 513 6517 6476 3634 3522 7031 6815 2971 3670 5044 6191 3691 4056 6615 1244 2594 6838 1417 621 5783 7211 6626 5553 6546 2219 1217 6130 4054 6210 3479 5463
6722 1348 4438 1707 3721 2820 1021 6692 6490 4916 4234 1532 323 2201 1627 2917 390 3044 2389 5024 1606 1514 3076 651 2584 3145 5632 6638 1854 462 4600 7427 661 389 1633 4382 3208 2653 2425 1049 68 5510 2581 390 210 4207 3306 599 6102 5694 5623 207 6059 50 857 1143 3194 5340 6632 3899 5802 2583 3825 5314 1823 5457 1047 3882 609 3471 4931 7028 1481 11 7418 542 3069 2075 1141 1671
6621 5615 1877 5179 4516 1586 5173 6562 5777 3156 2960 2930 4590 6785 744 6412 4741 1790 2794 4202 4113 224 3729 5593 6586 2498 4986 2154 4573 6126 2676 3693 3092 3405 223 108 4990 4248 5521 2118 7403 980 5048 3345 264 5791 2256 3857 6432 3901 558 3044 2976 3138 7488 2061 5636 4974 3067 2708 2451 4594 5252 5543 498 4326 4502 4339 1073 2522 6457 7328 3501 4004 2024 2617 1146 4279 5325 77
7032 4734 3121 2507 371 1960 3420 6006 6933 5338 65 1884 2431 4168 7426 1781 994 3279 6119 918 5800 5075 7097 652 430 1620 2120 1575 4751 7444 504 4282 4677 2476 5640 5048 4435 411 2405 2720 5748 2470 4603 7031 5489 3380 1311 6482 6658 7429 6252 4957 3856 5848 4460 4285 6320 6580 4712 3570 6523 4067 6703 2552 5394 3694 6451 2328 4105 207 5047 2352 1528 1001 1882 7017 3232 2044 4850 2389
1973 3601 6197 4680 801 3157 316 7120 2236 5027 2041 110 445 1243 1513 5838 4936 463 7018 392 670 3416 1596 2197 4417 3477 565 148 4373 5415 1389 6345 1515 85 3524 2315 2093 3839 786 3180 218 2826 2142 7014 2920 3654 5352 6708 2969 3721 7099 2490 7136 1194 3538 2904 3523 4103 1904 395 2017 3292 5591 2383 2228 466 4698 3173 3156 4335 6352 2225 7161 993 1739 1432 3499 5942 639 5319
2162 6590 308 1797 6635 3845 3553 2657 447 5456 1903 1315 1247 6345 3698 2326 6810 7247 5498 1318 4081 4350 3542 2593 4194 4132 4025 6544 2573 3515 4362 4734 1456 4669 5383 591 7366 1435 2099 6664 6890 4002 479 6988 1698 4176 1813 7360 2774 6163 1177 6854 1864 4718 799 4909 1350 3675 3953 2774 7189 814 6360 7497 4335 4242 587 4200 4528 2685 2215 2769 5538 2693 1108 7236 5720 1772 7095 7345
434 7123 6699 2297 4340 6349 7206 4541 2523 2510 7315 1063 2175 6174 1059 6509 1767 1645 2060 5146 3182 3127 414 1219 5819 1521 7306 2891 2144 5752 2735 2578 5374 785 3726 1066 7133 2283 4458 2155 4792 4272 2070 5819 1797 3128 3679 2415 4773 4591 60 6806 217 6825 6876 6035 7197 6682 277 1841 3785 3012 3270 511 2648 6995 1576 1133 630 6033 2139 4273 1657 4208 2591 2305 7336 6270 4720 3460
3360 3631 2765 3576 2956 992 962 2652 173 1239 3344 2810 3102 6613 3320 4601 4960 4895 5733 5589 2279 372 2361 3935 4579 4952 6240 3266 2573 2311 6725 5932 5941 841 859 1396 1833 1820 2900 857 1910 6243 3666 3863 4208 5837 7316 1667 2083 5548 7255 4362 5919 967 7148 1850 4770 4739 5115 7342 7049 3192 4625 4342 4032 5483 4589 4716 6155 7488 5573 564 5083 590 3279 642 6427 3094 2308 1009
1141 914 4222 5912 732 2722 6613 5502 7460 4227 5343 5861 7418 2468 2702 2802 450 7290 17 6604 6130 4441 6020 2564 5031 650 3205 2809 3743 5512 2669 3735 5277 6891 998 6008 2112 110 4009 923 3189 704 6783 1958 3171 836 4759 2472 626 3628 428 5607 6920 6447 670 4450 7096 3874 6110 2190 737 1279 5924 6013 7021 5774 4520 484 5883 7381 1406 1571 584 7041 2381 2606 6728 7139 5077 6205
2118 4356 4311 1538 2154 4980 4839 1749 1353 3449 2790 941 4727 66 6953 3099 5839 2825 3582 4221 1557 3839 4644 2140 3379 7024 3597 2607 5514 1173 1311 6484 4381 4474 521 6534 1953 4211 7135 2158 159 2424 3098 3737 2489 1403 6835 7179 3079 1768 2752 4635 5607 7395 6774 337 5770 2870 1795 2635 2894 1958 1618 6126 6431 990 5160 7235 5201 4794 744 4211 7217 2694 448 1058 4096 6134 736 7174
402 3487 3160 4860 2233 1285 5196 6854 3006 6991 841 5899 1448 1310 4525 6730 1152 1036 6464 6352 5829 6060 1914 4397 1253 1213 4306 4200 7347 5042 3873 6600 7380 5884 3959 965 7168 506 6670 2673 7496 10 7423 295 172 4447 5876 1323 4334 3692 6526 2662 2251 939 5911 3503 1004 2716 202 7202 257 2926 6301 6489 1309 1611 6305 976 2116 4326 3648 964 3188 3570 1258 3359 6869 7134 4681 3702
0 1 2472
0 2 6372
0 3 2598
0 4 256
0 7 6999
0 9 5112
0 12 5427
0 13 2420
0 14 2616
0 15 5121
0 16 5529
0 17 2019
0 19 657
0 20 4507
0 21 428
0 22 1981
0 23 4064
0 24 2390
0 26 3839
0 27 473
0 28 3646
0 30 6065
0 31 6823
0 32 4198
0 33 6020
0 34 6187
0 35 4867
0 38 4075
0 41 671
0 42 766
0 43 6805
0 44 5751
0 45 5387
0 47 1489
0 48 6744
0 50 7235
0 52 5755
0 53 6824
0 54 949
0 55 5990
0 56 1593
0 60 6392
0 61 2208
0 62 4679
0 63 5026
0 65 6852
0 66 5547
0 67 3472
0 69 734
0 71 4316
0 72 5920
0 73 5848
0 74 5788
0 76 289
0 78 6680
0 79 5389
1 2 2233
1 3 1253
1 4 4448
1 5 6555
1 6 4403
1 8 1584
1 9 3719
1 10 6427
1 11 1791
1 12 2895
1 13 181
1 15 6821
1 16 5914
1 17 4529
1 18 2228
1 19 999
1 20 1762
1 21 2937
1 22 4495
1 23 1046
1 24 275
1 25 2926
1 26 2083
1 27 3139
1 28 572
1 29 3009
1 30 2274
1 34 3965
1 35 1909
1 36 3190
1 37 2691
1 38 6029
1 39 3333
1 40 3405
1 41 3845
1 42 4317
1 43 6348
1 45 1675
1 46 2669
1 48 3794
1 50 3332
1 51 7075
1 52 5156
1 53 1212
1 55 50
1 56 4405
1 57 3995
1 60 4574
1 61 6680
1 62 3583
1 63 5095
1 65 1130
1 66 5326
1 69 2740
1 70 6680
1 71 2066
1 72 1143
1 73 441
1 74 2165
1 75 4413
1 77 3603
1 79 1635
2 4 1646
2 5 2618
2 6 6894
2 9 6927
2 10 477
2 11 190
2 12 3054
2 13 867
2 14 7372
2 16 3694
2 19 7003
2 20 5175
2 21 7425
2 23 5689
2 24 5959
2 25 6904
2 28 5674
2 29 6170
2 30 1871
2 31 5295
2 32 240
2 33 1725
2 34 1359
2 36 3850
2 37 1034
2 38 5764
2 40 1046
2 41 7428
2 42 1932
2 44 3603
2 45 1193
2 46 2033
2 48 2608
2 49 561
2 50 1367
2 51 2620
2 52 6262
2 53 5427
2 54 4283
2 55 1652
2 57 2697
2 58 1397
2 59 2874
2 62 4091
2 63 4725
2 64 1373
2 65 6434
2 66 1960
2 68 3097
2 71 5353
2 73 987
2 74 6897
2 75 6860
2 76 4872
2 78 245
3 4 6720
3 8 5814
3 9 6037
3 10 7303
3 12 2899
3 13 1693
3 14 3180
3 15 2501
3 18 6947
3 20 4318
3 21 1395
3 23 4017
3 24 2363
3 25 5428
3 26 6771
3 27 6853
3 28 3073
3 29 2686
3 31 4378
3 32 5879
3 33 4578
3 35 4178
3 37 5872
3 38 5638
3 40 4724
3 41 2558
3 42 2443
3 43 402
3 45 7255
3 48 5906
3 49 5031
3 53 2156
3 55 5185
3 56 2941
3 59 2173
3 60 4653
3 61 1197
3 62 6101
3 63 3491
3 64 4289
3 65 1238
3 67 5996
3 68 3106
3 69 4195
3 71 5202
3 72 36
3 73 2576
3 74 5294
3 75 1757
3 77 5261
3 78 1124
3 79 1077
4 6 242
4 8 331
4 11 28
4 13 4222
4 14 6993
4 15 1264
4 16 3661
4 19 5129
4 21 3908
4 23 5032
4 24 3823
4 25 5526
4 28 3246
4 29 3234
4 30 7220
4 31 6231
4 33 4575
4 34 7264
4 35 6080
4 36 2014
4 37 6435
4 38 6655
4 39 5461
4 40 374
4 41 4575
4 43 6342
4 44 486
4 45 3237
4 46 1863
4 47 2478
4 48 3452
4 49 5168
4 50 741
4 51 4450
4 52 1487
4 54 2019
4 56 7480
4 57 1901
4 58 316
4 60 5509
4 61 227
4 62 742
4 63 810
4 64 5275
4 66 6252
4 67 3223
4 68 4895
4 69 391
4 70 2358
4 72 3698
4 73 7230
4 74 4801
4 75 4958
4 77 2966
4 78 7470
4 79 2213
5 6 1575
5 7 541
5 9 6792
5 10 3040
5 11 4644
5 12 4378
5 13 3273
5 14 979
5 16 7060
5 17 4801
5 18 1570
5 19 6806
5 22 5300
5 23 893
5 24 2209
5 25 1203
5 26 5928
5 28 2414
5 30 6791
5 32 3892
5 33 1222
5 34 5065
5 36 4627
5 37 2459
5 38 1642
5 39 910
5 40 4939
5 44 5222
5 46 5026
5 47 6983
5 52 1517
5 56 4874
5 57 5548
5 58 5615
5 61 593
5 62 747
5 63 5932
5 64 7388
5 65 7269
5 66 30
5 67 3939
5 68 1923
5 69 6206
5 70 3079
5 71 929
5 72 2984
5 73 1848
5 74 6633
5 75 714
5 77 159
5 79 257
6 9 1011
6 10 3452
6 11 6091
6 12 746
6 13 305
6 14 754
6 16 1682
6 17 4497
6 20 4319
6 23 2560
6 24 5998
6 26 4504
6 27 2206
6 28 7128
6 31 3251
6 34 5602
6 36 7115
6 37 5567
6 38 4055
6 39 7341
6 40 128
6 41 4501
6 42 387
6 44 3597
6 47 4366
6 48 516
6 53 5025
6 54 2531
6 55 4988
6 56 232
6 57 4305
6 58 290
6 59 6401
6 61 1588
6 62 2879
6 64 1732
6 67 1460
6 69 1721
6 73 7160
6 74 5737
6 75 1198
6 76 5096
6 77 3593
6 78 883
7 8 7116
7 9 2976
7 10 2840
7 13 5300
7 14 1418
7 15 6597
7 17 7235
7 18 3349
7 19 1353
7 20 4041
7 21 5257
7 24 4726
7 27 6253
7 28 7364
7 30 1101
7 32 6400
7 35 6854
7 38 2440
7 39 5982
7 40 1396
7 42 6653
7 43 3448
7 44 236
7 46 4624
7 48 3339
7 49 2900
7 50 19
7 51 2191
7 52 6776
7 54 1310
7 55 6217
7 56 7240
7 57 6393
7 58 6072
7 60 434
7 62 7021
7 63 3448
7 64 509
7 65 6335
7 66 1928
7 67 6018
7 69 5146
7 71 4774
7 74 4343
7 75 5892
7 76 1698
7 77 5024
7 78 3749
7 79 2237
8 9 5375
8 10 5117
8 12 2803
8 14 4927
8 15 6650
8 19 3022
8 22 3371
8 23 1458
8 24 1661
8 25 1833
8 26 7373
8 27 1289
8 29 5824
8 30 7199
8 31 1263
8 32 6230
8 33 4683
8 34 5635
8 35 2665
8 36 4803
8 37 2466
8 38 5064
8 41 4089
8 42 2557
8 45 5577
8 46 2112
8 47 4628
8 48 4639
8 50 3368
8 51 1924
8 52 418
8 53 1615
8 55 3308
8 56 1377
8 57 7228
8 59 3817
8 60 1855
8 61 124
8 62 5034
8 63 3612
8 66 3775
8 69 4092
8 70 4945
8 71 5994
8 73 7001
8 74 2993
8 76 2721
8 78 6537
8 79 2092
9 11 3593
9 14 1515
9 15 3977
9 17 5491
9 19 1428
9 20 676
9 22 6369
9 23 6707
9 24 5503
9 27 5588
9 29 180
9 31 2624
9 32 667
9 33 262
9 34 4008
9 35 3751
9 36 7037
9 38 7115
9 39 1051
9 40 5814
9 42 6527
9 43 2161
9 44 4611
9 45 1485
9 46 5631
9 47 7297
9 49 6815
9 50 6658
9 51 4792
9 53 5641
9 55 418
9 56 4306
9 58 2619
9 59 2328
9 60 3321
9 61 1808
9 62 2439
9 63 2559
9 65 1207
9 66 6394
9 68 5552
9 69 4602
9 70 4362
9 71 2410
9 73 3971
9 74 2332
9 75 5203
9 76 4315
9 79 6359
10 11 1445
10 15 4899
10 16 7393
10 18 4296
10 19 3156
10 22 6019
10 26 445
10 27 265
10 28 144
10 29 4269
10 30 3674
10 31 6945
10 33 6662
10 34 6493
10 35 3272
10 37 67
10 38 763
10 39 6357
10 42 3626
10 45 6865
10 46 4192
10 48 960
10 50 10
10 52 2752
10 53 4963
10 55 7086
10 56 3182
10 58 2797
10 59 7375
10 60 3227
10 61 2138
10 62 3012
10 63 3830
10 64 1750
10 66 1561
10 68 1571
10 69 5046
10 70 6078
10 71 3770
10 72 2093
10 73 5038
10 77 7374
10 78 4854
10 79 983
11 12 6797
11 14 1672
11 16 7078
11 18 3039
11 19 1349
11 20 3150
11 21 1943
11 23 2887
11 27 6006
11 28 4625
11 30 910
11 31 1985
11 32 2078
11 33 7082
11 34 5674
11 35 774
11 36 1050
11 37 2463
11 38 3899
11 39 2428
11 40 1875
11 42 46
11 44 4903
11 46 2254
11 47 2208
11 48 5112
11 49 368
11 51 439
11 53 64
11 54 6259
11 55 5845
11 56 2416
11 58 3437
11 60 2859
11 61 3688
11 64 7183
11 66 1890
11 67 7386
11 70 559
11 71 6250
11 72 7283
11 73 4527
11 75 2622
11 76 4116
11 77 4151
12 13 189
12 14 5394
12 15 870
12 16 6070
12 17 5817
12 19 6676
12 20 7009
12 21 7427
12 22 5502
12 23 6741
12 24 5508
12 25 2853
12 26 2683
12 27 2873
12 28 1734
12 29 5001
12 30 6627
12 31 4325
12 32 4425
12 36 6898
12 37 208
12 38 2040
12 39 3484
12 40 4058
12 41 6108
12 42 5419
12 43 4160
12 44 6554
12 45 3352
12 46 4176
12 49 2483
12 50 5806
12 52 1361
12 53 7288
12 54 3356
12 55 3218
12 57 3818
12 58 2673
12 59 5060
12 60 4958
12 61 2209
12 62 894
12 63 2001
12 64 3718
12 66 5052
12 67 4756
12 69 4968
12 70 6964
12 71 5356
12 72 3011
12 73 3692
12 75 6364
12 77 5806
12 78 4296
12 79 7276
13 16 462
13 17 893
13 18 5045
13 19 3020
13 20 7355
13 21 5897
13 23 2605
13 24 3290
13 27 6151
13 28 925
13 29 1467
13 30 5523
13 31 5113
13 33 5741
13 34 4603
13 35 7141
13 36 6812
13 38 6666
13 39 2144
13 40 2278
13 41 6590
13 43 3388
13 44 2234
13 47 6868
13 48 2632
13 50 3547
13 52 3776
13 53 3691
13 55 3002
13 56 5508
13 57 6926
13 58 5854
13 59 4899
13 61 7334
13 62 1066
13 63 6231
13 64 6676
13 65 6786
13 66 3501
13 67 3058
13 68 2661
13 69 422
13 70 1601
13 71 7057
13 72 6541
13 73 4806
13 74 5280
13 75 2942
13 76 539
13 77 1257
13 78 4842
13 79 6038
14 15 3289
14 17 6789
14 18 5437
14 20 4770
14 21 1492
14 22 6756
14 23 4250
14 24 475
14 26 4606
14 28 6180
14 29 2055
14 30 5615
14 31 6275
14 32 1118
14 33 7178
14 34 6555
14 35 286
14 38 2578
14 41 4839
14 42 6481
14 43 7433
14 44 1271
14 46 7450
14 47 3007
14 48 6676
14 51 1224
14 53 3572
14 55 2709
14 57 6615
14 58 4698
14 59 5097
14 60 6620
14 62 5404
14 63 7471
14 64 348
14 65 2369
14 66 5009
14 70 3535
14 72 5959
14 74 1167
14 75 5703
14 76 79
14 77 7376
14 78 4936
14 79 6955
15 16 3250
15 17 2458
15 18 5551
15 23 2568
15 25 4954
15 26 4528
15 27 1238
15 31 2564
15 32 2926
15 33 7360
15 34 1433
15 35 1700
15 37 3009
15 38 1419
15 39 13
15 40 679
15 41 3094
15 42 7429
15 43 5896
15 44 2811
15 46 6241
15 48 1304
15 49 6935
15 50 7230
15 51 4026
15 52 6699
15 53 3560
15 54 647
15 55 4148
15 57 3678
15 58 6302
15 59 3326
15 60 1712
15 62 197
15 65 772
15 66 2954
15 69 4057
15 70 578
15 71 5433
15 73 6080
15 75 4442
15 76 2342
15 77 1329
15 78 3665
15 79 5074
16 17 538
16 19 6639
16 20 5536
16 21 1511
16 22 393
16 24 6916
16 27 4316
16 28 2279
16 29 3936
16 30 5014
16 31 5912
16 32 2139
16 33 4722
16 35 4111
16 37 2101
16 38 4229
16 39 3901
16 41 5798
16 42 6156
16 44 3503
16 45 1201
16 46 5278
16 47 2706
16 50 485
16 52 4058
16 53 3473
16 55 2165
16 56 6246
16 57 1616
16 58 6566
16 59 7295
16 60 7011
16 61 2669
16 62 3357
16 65 6710
16 68 6876
16 72 2309
16 73 4543
16 75 6163
16 76 2504
16 77 5259
16 78 6338
17 18 5849
17 19 2330
17 20 5531
17 21 4416
17 22 4260
17 24 3938
17 25 1759
17 26 3468
17 27 7384
17 28 2677
17 30 191
17 31 2381
17 32 5271
17 33 4511
17 35 2859
17 38 1878
17 40 7394
17 41 1513
17 42 1890
17 43 150
17 45 5783
17 46 4443
17 47 1950
17 48 6354
17 49 6701
17 50 6084
17 52 6610
17 53 3246
17 54 6959
17 55 4835
17 56 1711
17 57 6104
17 58 4267
17 60 4416
17 61 6313
17 62 3359
17 65 5279
17 68 3592
17 69 5332
17 71 1148
17 72 6772
17 73 3745
17 74 1258
17 76 7361
17 78 6706
17 79 1369
18 19 2182
18 20 224
18 21 1983
18 22 918
18 23 4154
18 24 4640
18 25 3228
18 26 5173
18 27 842
18 28 3832
18 29 1051
18 31 1237
18 32 4331
18 33 1859
18 35 6224
18 36 6531
18 37 5521
18 38 4479
18 39 2062
18 40 3186
18 41 1342
18 42 6670
18 44 6364
18 45 4822
18 47 1263
18 48 2300
18 49 4581
18 51 4781
18 52 4497
18 53 4280
18 54 5181
18 55 5625
18 56 5058
18 57 6156
18 58 6949
18 60 4815
18 62 5976
18 64 7040
18 65 249
18 66 5112
18 67 2327
18 68 2110
18 69 5585
18 70 3207
18 71 5803
18 72 6004
18 73 4908
18 74 5132
18 75 1264
18 78 5312
19 20 5246
19 21 2945
19 23 4783
19 24 3273
19 25 3995
19 26 4889
19 27 4855
19 28 2458
19 29 6797
19 32 1629
19 34 2892
19 35 1774
19 36 4329
19 37 3727
19 39 5523
19 40 4108
19 41 1626
19 42 118
19 43 1817
19 45 6671
19 47 32
19 48 173
19 50 1801
19 51 6930
19 52 7297
19 53 5014
19 54 25
19 55 5052
19 56 4466
19 58 6122
19 59 6231
19 60 3517
19 62 3715
19 63 5901
19 64 6101
19 65 4247
19 66 4359
19 67 395
19 69 192
19 70 7104
19 71 2720
19 72 720
19 73 3012
19 74 6112
19 76 3694
19 77 5903
19 78 1821
19 79 1662
20 22 6614
20 24 6229
20 25 6687
20 26 7070
20 28 1117
20 30 3836
20 31 906
20 32 6495
20 34 628
20 38 5548
20 39 6005
20 40 7097
20 41 6322
20 42 3039
20 43 1803
20 45 225
20 47 1341
20 48 6581
20 49 5570
20 50 5326
20 52 4088
20 54 6543
20 57 2124
20 58 4298
20 60 1971
20 61 2548
20 62 895
20 64 7471
20 65 5495
20 67 3428
20 68 1543
20 69 2016
20 70 4202
20 71 1503
20 72 3997
20 73 5026
20 76 4235
20 78 5057
20 79 1897
21 24 2528
21 25 1704
21 26 4768
21 30 3918
21 32 6971
21 34 4742
21 35 133
21 36 2563
21 38 6797
21 39 1455
21 40 5096
21 43 224
21 45 779
21 46 657
21 47 1539
21 48 5173
21 51 2631
21 53 7373
21 54 4217
21 55 5959
21 56 1949
21 57 1133
21 58 7312
21 59 5606
21 60 6161
21 63 4311
21 65 1617
21 66 3672
21 68 5812
21 71 4076
21 73 792
21 74 936
21 75 1445
21 78 4853
21 79 657
22 25 7307
22 26 1000
22 27 399
22 29 2922
22 30 84
22 31 7100
22 32 315
22 33 2962
22 36 2579
22 37 5049
22 38 5587
22 40 2570
22 41 4177
22 42 4946
22 44 5945
22 45 3804
22 47 6725
22 48 4460
22 49 6622
22 50 7125
22 51 2081
22 52 6114
22 53 2699
22 55 1671
22 57 4347
22 58 2942
22 59 6571
22 60 3857
22 61 5183
22 62 5131
22 63 6770
22 66 3665
22 67 1701
22 68 3090
22 69 2260
22 70 7170
22 71 1907
22 72 5480
22 73 2793
22 75 5734
22 77 4972
23 24 5006
23 26 3127
23 27 274
23 28 5953
23 30 6945
23 31 1392
23 32 3063
23 33 6662
23 34 521
23 35 4016
23 38 398
23 40 4221
23 43 6990
23 45 2617
23 46 2804
23 49 7083
23 50 7026
23 51 6467
23 53 4480
23 54 259
23 55 2923
23 56 5143
23 58 3366
23 59 5892
23 60 2536
23 62 7115
23 63 7456
23 64 803
23 65 4301
23 66 5565
23 67 2549
23 68 531
23 69 5129
23 70 2895
23 71 3186
23 73 829
23 75 3046
23 78 2439
24 26 6545
24 27 7387
24 28 3024
24 30 1088
24 31 4271
24 33 758
24 35 2505
24 36 3532
24 37 4061
24 38 3687
24 41 673
24 42 6028
24 44 5785
24 45 132
24 46 3516
24 48 5238
24 49 4665
24 50 922
24 51 1617
24 52 1496
24 53 1278
24 54 3794
24 55 5943
24 56 6786
24 58 6311
24 59 949
24 61 6733
24 62 4129
24 63 213
24 64 2670
24 66 7335
24 67 2649
24 68 426
24 69 1331
24 72 7192
24 73 2503
24 75 6054
24 76 6645
24 78 4876
24 79 1124
25 26 1234
25 29 5253
25 32 2600
25 34 3025
25 36 6422
25 39 4086
25 40 4636
25 41 6777
25 42 2416
25 44 6144
25 45 1093
25 46 4576
25 48 4444
25 49 3496
25 50 5367
25 51 6837
25 52 471
25 53 5596
25 54 1052
25 55 3209
25 56 6835
25 57 2057
25 59 3324
25 61 1967
25 63 1035
25 64 2011
25 67 1938
25 68 1305
25 69 4138
25 70 6206
25 72 3302
25 74 6510
25 75 3042
25 76 599
25 77 682
25 78 5351
25 79 5889
26 27 3758
26 28 1507
26 29 4218
26 30 1706
26 33 4391
26 34 4807
26 35 2711
26 37 5913
26 38 3110
26 39 3948
26 41 4452
26 42 328
26 43 5122
26 45 1380
26 46 6403
26 47 60
26 48 6557
26 49 4242
26 50 808
26 51 5725
26 52 1159
26 54 5923
26 55 2466
26 56 5481
26 57 6783
26 58 1182
26 59 2437
26 60 4677
26 62 519
26 63 5033
26 64 3110
26 65 4496
26 66 5007
26 68 2083
26 69 6959
26 70 7414
26 71 4243
26 74 3861
26 75 2359
26 77 3648
26 78 2030
26 79 1730
27 28 7418
27 32 5325
27 34 1979
27 35 643
27 36 5840
27 38 2572
27 39 2532
27 41 5244
27 43 1638
27 44 4879
27 46 7210
27 47 7058
27 48 3029
27 50 5230
27 51 2087
27 53 2116
27 54 430
27 55 5487
27 57 4433
27 59 3306
27 60 6892
27 61 198
27 62 768
27 64 478
27 65 3645
27 67 2883
27 68 6759
27 69 252
27 70 6487
27 72 5768
27 74 5202
27 75 6454
27 76 1871
27 77 3431
27 78 6797
28 29 64
28 31 6893
28 34 7041
28 36 6300
28 37 3116
28 38 1735
28 39 5882
28 40 4860
28 41 2907
28 42 6856
28 43 485
28 46 7263
28 50 6361
28 51 1413
28 52 1623
28 53 5028
28 54 7253
28 55 5307
28 56 2010
28 57 4036
28 58 7000
28 59 3769
28 60 2646
28 61 4950
28 62 1400
28 63 2875
28 64 4687
28 67 3679
28 68 3476
28 71 7493
28 73 5299
28 74 2140
28 75 6647
28 76 4643
28 78 1609
29 30 5410
29 31 2419
29 33 2504
29 37 6501
29 38 5369
29 41 1998
29 46 4940
29 47 7051
29 48 594
29 49 3690
29 53 7463
29 55 1318
29 58 1853
29 60 6073
29 62 2648
29 63 4247
29 64 2314
29 66 7253
29 68 1834
29 70 4376
29 72 4827
29 74 86
29 76 45
29 78 1897
30 31 469
30 32 4558
30 34 157
30 37 3574
30 38 6590
30 39 2998
30 40 3706
30 41 7097
30 43 6756
30 44 3637
30 46 3681
30 47 2229
30 48 1922
30 49 4897
30 51 6865
30 52 210
30 54 1328
30 55 179
30 59 2398
30 60 1724
30 61 6600
30 63 1588
30 67 2589
30 68 310
30 69 4796
30 70 434
30 71 1620
30 72 1402
30 73 823
30 74 813
30 75 2056
30 76 3367
30 77 4742
30 78 4132
31 32 6723
31 34 7083
31 36 1023
31 37 203
31 38 5593
31 39 689
31 41 1332
31 43 2154
31 44 7286
31 46 1479
31 47 3729
31 49 6712
31 50 6974
31 51 3395
31 53 3145
31 54 5391
31 56 5646
31 57 90
31 59 5929
31 60 2200
31 61 22
31 62 3539
31 63 6197
31 64 5583
31 66 136
31 67 1703
31 69 5097
31 70 2142
31 71 1458
31 72 2386
31 73 4529
31 76 2966
31 77 1230
31 79 104
32 33 7192
32 34 986
32 35 5656
32 36 6148
32 37 454
32 38 3103
32 39 5447
32 40 6720
32 41 1702
32 43 4233
32 44 900
32 45 3698
32 49 608
32 50 2670
32 51 5104
32 52 5007
32 57 2855
32 59 801
32 60 6725
32 62 4828
32 63 1034
32 64 3219
32 65 1361
32 66 2545
32 67 6315
32 68 1521
32 70 5476
32 71 7309
32 73 2314
32 75 5168
32 76 5340
32 77 4295
32 78 864
32 79 744
33 34 7334
33 36 5423
33 37 4835
33 39 2501
33 40 5278
33 41 5920
33 42 6828
33 43 2190
33 44 6893
33 47 3223
33 48 733
33 49 3734
33 51 4478
33 52 6149
33 53 2530
33 54 355
33 55 2241
33 56 68
33 57 7093
33 58 1982
33 59 2232
33 60 3886
33 61 4806
33 63 718
33 64 2171
33 66 5905
33 68 2882
33 71 5759
33 72 3823
33 73 335
33 74 3394
33 75 5230
33 76 5879
33 77 7381
33 78 3312
33 79 1097
34 35 2257
34 37 4428
34 38 1216
34 40 6387
34 42 1559
34 43 909
34 44 3208
34 45 6339
34 47 2736
34 48 4128
34 49 4852
34 50 3757
34 51 3264
34 52 1888
34 53 3223
34 54 1300
34 55 4315
34 57 3202
34 58 3964
34 59 5783
34 60 3264
34 61 6810
34 63 4640
34 64 5965
34 65 3654
34 67 6262
34 68 7391
34 69 3570
34 70 4541
34 72 5287
34 73 6248
34 74 4388
34 75 1917
34 76 2281
34 78 1474
35 39 6828
35 40 2262
35 41 5187
35 42 4326
35 43 1193
35 44 7044
35 45 5915
35 46 2372
35 47 409
35 48 2841
35 49 2241
35 51 6732
35 54 2020
35 56 627
35 57 2736
35 58 50
35 61 3202
35 62 2473
35 63 6244
35 64 5554
35 65 6839
35 66 1440
35 69 4370
35 70 1763
35 71 5620
35 73 5994
35 75 3400
35 76 4911
35 77 6183
36 37 1831
36 38 4629
36 39 237
36 40 542
36 41 7495
36 43 1714
36 44 3827
36 47 5941
36 49 4434
36 51 334
36 52 7477
36 53 1243
36 54 661
36 58 257
36 59 641
36 60 6175
36 61 1630
36 62 1201
36 63 811
36 64 1471
36 65 7462
36 66 4558
36 67 3597
36 68 2432
36 69 5952
36 71 3804
36 72 1878
36 73 4588
36 74 3743
36 75 1626
36 77 7465
36 78 493
37 39 1538
37 40 6464
37 41 3282
37 43 5731
37 44 4881
37 45 6799
37 48 5875
37 49 5440
37 50 6000
37 55 6441
37 56 3149
37 57 2812
37 59 5647
37 60 7196
37 61 4639
37 64 673
37 65 4785
37 68 6696
37 69 3530
37 71 4063
37 73 1635
37 74 4022
37 77 5892
38 39 2883
38 41 21
38 42 6884
38 43 2540
38 44 1644
38 45 7167
38 46 2556
38 47 3263
38 48 672
38 51 311
38 52 1127
38 53 3847
38 55 4463
38 57 7345
38 58 3249
38 59 4574
38 60 5372
38 62 5867
38 64 5600
38 65 3202
38 66 444
38 68 4164
38 69 5553
38 71 295
38 72 3912
38 74 5747
38 76 954
38 77 2567
38 78 5740
38 79 3992
39 43 2109
39 44 6339
39 45 1991
39 46 64
39 47 2541
39 49 4644
39 50 5448
39 51 3394
39 52 5653
39 53 3507
39 54 6361
39 55 2337
39 56 3067
39 58 7076
39 60 1684
39 62 1709
39 64 624
39 65 2887
39 66 646
39 68 6094
39 69 5746
39 70 2144
39 73 6711
39 74 1290
39 75 1099
39 76 617
39 77 167
39 78 1209
40 41 2918
40 44 93
40 46 7090
40 47 1188
40 50 3933
40 51 6135
40 52 6545
40 53 2572
40 54 1655
40 55 4506
40 57 3525
40 58 3257
40 59 3324
40 60 4288
40 61 7418
40 62 4442
40 63 2822
40 64 7440
40 65 1551
40 66 2640
40 68 6032
40 69 1056
40 70 5077
40 71 2477
40 73 4525
40 74 5516
40 75 2246
40 76 4158
40 78 2927
40 79 6498
41 42 2790
41 43 6823
41 44 3003
41 45 4137
41 46 7110
41 48 665
41 49 4668
41 50 3951
41 51 3761
41 52 2559
41 56 1968
41 58 3747
41 59 1872
41 60 4299
41 61 2452
41 62 6327
41 63 1285
41 65 2804
41 67 4278
41 68 5405
41 69 1238
41 70 6907
41 71 2293
41 72 6303
41 73 5537
41 74 5985
41 75 3001
41 77 7299
41 79 4447
42 43 3918
42 44 1384
42 45 1034
42 46 5556
42 47 4138
42 48 4892
42 49 5124
42 51 6268
42 52 6825
42 53 4756
42 55 5390
42 56 7070
42 57 170
42 58 6721
42 59 2310
42 60 2846
42 61 4366
42 62 4694
42 63 1691
42 65 6582
42 66 59
42 68 6327
42 69 4256
42 70 6205
42 71 7418
42 73 6987
42 74 3315
42 75 3819
42 76 2748
42 77 3276
42 79 6007
43 44 2797
43 45 2669
43 46 4482
43 47 6439
43 49 5265
43 50 1264
43 51 4570
43 52 4737
43 54 3075
43 55 1850
43 56 932
43 57 6260
43 58 3259
43 59 7116
43 60 5389
43 62 6909
43 63 5296
43 64 5434
43 65 3495
43 66 2873
43 68 7442
43 69 4106
43 70 5034
43 71 4569
43 72 2045
43 74 7157
43 76 2560
43 79 3323
44 45 7356
44 46 1850
44 48 4061
44 50 6933
44 52 5726
44 53 3480
44 54 1329
44 55 454
44 56 4057
44 57 5281
44 58 6101
44 59 5124
44 61 4423
44 62 6553
44 65 1970
44 66 3815
44 67 4261
44 68 453
44 69 6677
44 70 762
44 71 4428
44 72 4163
44 73 5682
44 75 746
44 77 4721
45 46 4174
45 47 4772
45 48 35
45 51 1249
45 54 4178
45 57 185
45 59 3199
45 61 2371
45 62 4343
45 63 3925
45 64 2631
45 66 5656
45 68 5185
45 69 4920
45 70 670
45 72 6617
45 73 1597
45 75 5388
45 76 5748
45 77 5326
45 78 549
46 48 6692
46 50 674
46 52 6330
46 54 2866
46 55 2960
46 56 5010
46 57 6956
46 58 7200
46 59 4921
46 60 4144
46 61 819
46 63 3636
46 64 2774
46 65 3091
46 66 6282
46 67 1490
46 68 7108
46 72 4080
46 73 2925
46 74 7437
46 75 3419
46 76 1136
46 77 1060
46 78 387
47 48 2964
47 49 2278
47 50 7362
47 51 6553
47 52 3967
47 53 4714
47 54 4917
47 55 6424
47 56 6236
47 58 6677
47 59 1312
47 60 3158
47 61 3435
47 63 2673
47 64 7213
47 66 842
47 67 6878
47 70 380
47 71 1585
47 72 4940
47 73 580
47 74 2476
47 75 2176
47 76 2483
47 77 3100
47 78 2491
48 49 6773
48 50 5008
48 52 5672
48 54 3901
48 56 772
48 57 923
48 58 4626
48 59 4948
48 60 5662
48 62 6689
48 63 3204
48 64 3527
48 65 4018
48 66 256
48 67 1969
48 68 7478
48 70 6156
48 71 5040
48 73 5811
48 74 6810
48 78 5398
49 50 6120
49 52 1823
49 53 4898
49 54 4622
49 55 1126
49 56 7130
49 57 6741
49 59 5396
49 60 3918
49 61 3667
49 62 3356
49 63 6951
49 64 5850
49 66 6886
49 69 6232
49 71 3630
49 74 438
49 75 919
49 76 2189
49 77 3409
49 79 6178
50 51 6711
50 54 5560
50 55 6888
50 58 4540
50 61 341
50 62 4604
50 63 3428
50 64 91
50 67 1064
50 72 5574
50 73 3019
50 74 370
50 77 758
50 78 4881
50 79 5918
51 52 5123
51 55 4762
51 56 6972
51 57 1862
51 59 2925
51 61 2923
51 62 2316
51 63 1666
51 64 6853
51 66 392
51 67 4874
51 68 4376
51 69 2829
51 70 5496
51 71 4901
51 72 5200
51 74 1403
51 75 3680
51 76 4024
51 78 6946
51 79 6504
52 53 3537
52 54 4997
52 55 6158
52 57 2383
52 59 2756
52 60 4987
52 61 4418
52 62 6177
52 63 477
52 64 1224
52 65 7253
52 66 5599
52 67 6489
52 68 15
52 69 3189
52 70 6386
52 71 5678
52 73 2096
52 74 6077
52 75 386
52 77 7489
52 78 5671
52 79 6795
53 54 1090
53 56 7194
53 58 5337
53 60 4203
53 61 3109
53 63 2645
53 64 5487
53 66 4265
53 67 5175
53 68 6406
53 73 2877
53 75 2246
53 76 6993
53 77 5578
53 78 1130
53 79 383
54 55 7458
54 56 5427
54 57 1974
54 58 1523
54 59 5382
54 61 1383
54 62 4040
54 63 1508
54 66 6146
54 67 5482
54 68 1725
54 69 5128
54 71 1977
54 72 4565
54 73 2979
54 74 4535
54 75 3608
54 76 2858
54 78 4791
54 79 7058
55 56 5446
55 57 3349
55 58 2004
55 60 7485
55 62 7085
55 63 7443
55 64 7500
55 65 3730
55 66 6412
55 67 5319
55 68 1180
55 69 4424
55 70 4361
55 71 3243
55 72 3044
55 73 2686
55 74 419
55 76 1880
55 79 1962
56 57 5008
56 59 941
56 60 6441
56 61 1281
56 63 1313
56 64 6989
56 65 1551
56 66 4927
56 67 4247
56 68 5857
56 69 4237
56 71 6117
56 73 3682
56 75 41
56 79 3468
57 59 6578
57 60 1572
57 61 589
57 62 4170
57 63 7034
57 64 4890
57 65 4549
57 66 89
57 68 5057
57 70 90
57 71 2989
57 73 16
57 74 2555
57 75 7145
57 77 1893
58 60 1849
58 61 7173
58 62 6866
58 63 5090
58 64 1966
58 65 6204
58 66 4958
58 68 2319
58 70 4747
58 73 3566
58 74 2614
58 75 5296
58 76 1508
58 77 7137
58 78 2253
59 60 1618
59 61 339
59 62 3151
59 63 5417
59 65 5941
59 66 1853
59 67 7228
59 69 4634
59 70 5601
59 71 364
59 72 5831
59 74 3811
59 75 5645
59 77 7246
59 79 84
60 61 845
60 62 1365
60 63 1695
60 65 2400
60 66 934
60 67 1496
60 69 5948
60 70 4816
60 71 3285
60 72 3813
60 74 809
60 76 554
60 79 5842
61 62 502
61 63 4496
61 65 6850
61 66 4175
61 67 3797
61 68 4701
61 70 2154
61 73 1592
61 74 2737
61 75 5670
61 76 1854
62 63 5683
62 64 5065
62 66 6112
62 67 2757
62 68 6777
62 70 3799
62 72 5621
62 73 4666
62 75 6258
62 76 770
62 78 6867
63 64 6709
63 65 6635
63 70 1662
63 71 2497
63 72 1214
63 73 926
63 75 28
63 76 4722
63 78 1607
63 79 1129
64 66 5625
64 67 5162
64 68 6155
64 69 5682
64 70 62
64 71 4028
64 74 1149
64 75 7178
64 77 3541
64 78 6418
64 79 5086
65 67 6692
65 68 1454
65 70 5930
65 71 4658
65 73 7239
65 74 918
65 76 3798
65 77 4988
66 67 791
66 69 4331
66 70 5964
66 71 789
66 72 1532
66 74 1837
66 75 2890
66 76 5470
66 77 4096
66 78 6137
66 79 3760
67 68 7052
67 69 3240
67 70 22
67 72 812
67 73 5888
67 74 234
67 75 5201
67 76 2981
67 78 6375
67 79 3160
68 70 7481
68 71 1986
68 72 4503
68 73 5434
68 74 5347
68 75 3882
68 76 3215
68 77 6431
68 78 307
68 79 6871
69 71 4571
69 72 1205
69 75 1427
69 78 5165
69 79 2450
70 71 1267
70 72 3624
70 73 6090
70 74 4642
70 77 5109
70 78 724
70 79 2483
71 72 7004
71 74 708
71 79 5537
72 73 4252
72 75 3591
72 76 1550
72 77 3180
72 79 6673
73 74 4469
73 75 2778
73 76 6666
73 77 1415
73 78 2411
73 79 3863
74 76 5266
74 79 4849
75 76 1105
75 77 6580
75 78 919
75 79 2112
76 77 768
76 78 975
76 79 2167
77 78 1213
77 79 4934
78 79 2513
