35 80 2197
6279 3042 3683 273 1902 650 5268 3719 1831 2554 5128 5363 1345 1409 4349 3418 5380 6580 2959 1293 3662 7436 4483 4408 1351 2490 5141 5936 1021 2453 2640 7299 4346 6322 6423
6247 6971 4190 2466 154 5595 6445 5516 6940 6705 2364 2857 3436 296 4668 4728 2809 3455 562 6068 4806 1903 3708 2093 2924 5013 4732 2722 710 2405 1645 6957 727 4686 774 880 2781 7218 6396 2220 6422 111 3928 2357 406 1095 5936 2066 4550 6497 634 707 899 3193 2799 2674 705 6382 4248 1415 1286 4744 7223 2012 1929 496 1744 4709 6565 6991 5780 5486 7101 2208 6694 6359 3302 5129 7276 6703
2977 409 7409 2727 3602 2707 5401 3158 1588 2148 3424 1725 6891 1998 3737 171 2493 4332 3732 409 3822 2011 5894 2274 4218 3939 1132 6372 419 908 5574 3395 168 4335 4974 2621 7041 1726 4631 7481 2725 6906 1705 2115 1404 4293 1137 2748 1124 4868 3157 3797 6879 402 6071 2448 4341 7202 1319 4759 6961 5745 7006 5981 2579 4479 1101 971 5056 5731 7303 280 5137 1508 1246 5392 4652 2382 639 5776
7250 2647 924 5480 3049 6994 427 6241 5548 598 3499 3860 5194 1856 2340 6624 5186 3441 94 2741 523 7397 3020 4511 256 4265 1254 4907 6647 745 2034 5248 3391 2958 3227 5291 1303 2505 4031 6850 3102 6382 2062 7147 737 4401 6270 5923 6693 5216 1163 6068 3964 3035 3078 3071 7299 3184 477 5297 3928 1363 3044 7318 3172 6270 5109 3326 127 491 2676 2080 6872 3589 1727 109 489 6848 4883 6034
4563 4897 4601 7378 431 6530 2948 6582 2213 2277 4378 6140 2491 7422 4810 4514 5043 1270 339 5169 1760 1866 7249 1132 5454 1475 92 4795 7174 4974 3328 3089 1222 6780 2966 1653 5809 4766 734 6874 5894 3963 4365 884 3884 1674 5397 279 1795 4587 5447 3555 6453 4047 3538 4406 4373 3629 1700 4047 7454 3879 7135 1175 3158 1452 1679 1467 5069 2412 840 3462 5227 5204 3197 1610 5730 7445 740 24
4532 6187 2430 3484 1585 5967 6741 5958 2095 941 1356 900 4819 7342 2075 477 1293 3753 795 6362 5017 486 1175 2743 5689 4372 3204 2770 4316 3944 2794 199 1482 5223 3682 3066 2542 2923 375 4636 2715 1730 5536 6385 423 6462 6861 1716 2714 6507 6929 6582 6992 603 1824 5181 3826 5028 6802 642 323 947 840 1804 5022 3374 3721 63 5148 4096 3550 362 4677 1585 5598 5100 6898 4959 5667 2112
3965 3947 1193 3457 4549 1869 7489 875 5748 5642 368 6070 6589 59 6725 4110 2284 2945 4172 7431 5892 221 6644 1921 658 4742 5872 55 1052 4038 1018 3868 484 1063 6176 3884 2931 5016 3610 30 3158 3977 6099 2246 2888 5323 5207 5171 7119 1878 3954 5511 950 3097 7431 1607 6690 5802 514 241 1191 1531 4109 526 2593 1636 4409 4375 6652 6871 3256 2309 3347 1854 3406 5086 6028 1112 2757 5647
1841 6710 3657 2790 1158 2439 4397 348 740 4910 6940 1930 5292 2400 2455 6737 4036 5715 2463 2039 5085 5719 4347 7284 72 6604 4869 4952 215 6477 1950 2055 4538 4458 3696 5696 6896 592 4895 6487 4353 3186 7268 2145 5586 2222 233 973 6788 2695 3011 3225 913 6209 3008 7337 5312 6728 4788 4378 5705 6737 6432 1594 3694 2627 6141 1941 2071 3535 927 5275 5573 694 6271 3658 1767 6503 4630 1054
1698 6492 4278 2610 5200 6137 1298 3011 5365 6085 7388 2421 4173 5171 4014 6718 6649 2655 1158 71 5041 936 5346 3113 1629 4116 5622 3395 3119 1603 3301 4816 594 6430 6277 5793 3919 75 1303 1783 5011 42 3055 536 5212 7068 7253 4361 1074 7263 4431 4967 698 1128 6931 1179 5244 3905 3425 862 5507 5577 4529 4953 4507 2157 3245 7277 2231 3400 1559 6094 3441 4613 6629 5 3032 5233 3217 2958
3847 6499 6776 4545 127 6206 5723 5370 2610 499 5083 6969 6076 2111 4421 1934 3119 6517 1710 5350 1268 3268 2795 4709 6732 775 3565 1115 6007 6781 2924 2354 5779 2199 5750 4757 905 2824 2626 2366 3322 6560 686 1897 22 3958 3830 3141 1827 5539 7342 3094 158 2636 6654 5741 3410 2718 6856 768 850 1131 3121 6629 3330 222 2737 3086 3045 5363 4303 6367 3274 4989 763 3296 298 3445 5288 2124
1483 5129 5218 1641 6616 3223 6233 1377 5941 4440 2144 6790 5571 4117 4770 1400 4338 7 4485 7383 4221 1287 6249 7494 5127 5863 2141 4277 1807 6280 6400 3290 3908 2969 3782 1875 6192 1366 3251 3484 5806 5395 2773 3876 863 6395 5275 5200 6401 1111 3934 1973 1249 2682 818 5228 7397 1811 2004 1703 590 7255 3844 3350 2724 6477 5224 267 343 975 3750 6148 5221 6522 2523 4935 4268 6649 2634 2020
259 6568 3992 359 601 4810 5586 497 5472 6441 2200 6061 6196 4895 1910 1419 3872 7134 537 4214 6960 4286 1713 3532 2159 3087 966 6427 2235 3599 946 1345 1518 3790 1703 2119 1099 6141 1467 6570 5081 2518 3982 3776 7413 5892 4046 3784 4377 4582 6849 3836 1367 1061 7367 2378 4147 7184 1304 5233 3282 1101 5429 3652 4890 5983 4622 4840 4623 6088 2761 1056 7458 6743 4831 7370 5134 229 2505 862
4810 1853 4697 5029 1765 3415 7406 4763 3098 61 2495 5231 1161 6775 1382 6051 5257 4855 3390 1232 2295 6151 2287 2252 4245 5969 2121 1878 6197 4625 2739 2359 5329 6287 6239 7093 1053 4996 3207 4150 5056 4553 732 5068 3827 2114 2470 1583 5820 5860 2814 614 3362 5100 2865 106 2421 3837 835 1117 7313 2425 2327 5141 63 1065 3585 1115 6060 6791 5264 2467 3843 5995 35 169 6960 2504 604 5280
7215 3417 4745 1928 7369 110 885 2289 3946 1719 2257 2611 2995 4584 251 3057 4500 2688 4171 1912 1978 786 4378 4673 5633 3264 3693 5092 5768 4296 1723 4334 6565 6468 6262 5285 5429 7146 73 1874 217 1181 4484 3211 4616 3587 5120 1616 6274 642 3527 7103 1428 404 4275 7060 3668 468 3503 787 4763 5226 5120 2679 3045 2733 463 973 1231 6887 1698 1447 568 5034 3509 5183 1120 1128 5650 6245
622 1676 5847 2049 932 2622 1608 3451 1941 5110 4237 5555 1687 708 734 4731 2293 1196 5703 3523 583 7401 4969 2 4934 7329 5184 4905 7309 3334 3649 430 3861 847 2478 4792 3468 2937 742 4260 6898 3830 2315 7437 3390 3048 4667 5682 4243 1722 1704 3677 1622 5524 3678 5407 5352 214 1663 5160 2399 5311 4441 5111 6157 5770 2403 977 1206 1996 5236 6956 4678 50 6892 567 1949 2910 6248 6192
4631 451 1220 5104 5974 3750 1862 2677 3963 3524 337 5213 186 3629 2823 5195 1899 4077 5023 1956 4925 2758 1411 2102 1660 802 2668 2460 2564 1415 3 7194 1865 1223 4798 6690 4972 6659 1866 286 1535 1054 4350 1720 4683 7172 6914 5433 2601 4436 7388 25 6046 1299 2126 6557 952 4793 1516 3515 5059 1519 2061 5775 1593 6858 4964 6564 4868 5681 5701 5254 6735 2550 6974 2769 1073 5239 701 2525
1027 588 2549 5924 738 3526 3832 542 818 5347 2908 5876 5717 4968 4150 6161 3177 465 4076 545 6146 2276 4650 4232 3677 4123 7000 3602 714 6552 6126 592 7139 27 6515 6729 3552 1698 7270 4370 5896 2677 1597 4113 6497 4599 2773 2173 3915 6849 1569 2560 476 6219 6791 3005 1693 5142 6606 2406 4193 5231 1849 2684 5257 7215 1912 1309 1412 533 4530 7308 2061 4978 2772 1057 928 4396 3230 3695
2596 4798 6254 1924 3516 4397 4928 4061 2038 4033 6466 5083 615 7167 266 4724 6881 2177 4884 7145 1561 765 6952 2473 4594 1075 3530 5522 5470 5611 1716 6918 1760 6821 1341 4128 2569 6268 688 4607 1652 6005 2189 2266 5671 1306 6989 3904 2334 3224 3548 3894 3988 1851 6366 1082 2925 1247 5455 7246 5709 7170 6663 7469 5342 6855 2948 411 5622 3635 3869 6125 991 4909 7243 6662 6214 6731 1917 1047
2455 5464 3792 5294 7314 1509 6375 1590 2756 4329 1335 7316 2850 6850 7284 692 6204 1583 7454 3178 5217 3822 1802 6208 1230 1544 4221 6295 7127 6137 7341 933 2952 2484 6226 1617 3992 3953 3206 5599 781 3392 5415 3631 2741 4050 3174 297 5633 3127 2326 2201 6948 2979 908 7029 3375 3980 5823 1853 1468 4515 2785 3271 6998 362 4887 2341 3166 6944 440 3947 1688 4706 6429 3280 1255 2102 3576 6887
5228 4753 1588 3527 232 1347 3055 3606 4179 229 5458 5646 3595 7094 269 1944 6307 5155 4284 1973 3451 3575 5919 3990 780 4847 7269 2035 5800 2197 273 3527 6949 712 5905 7180 911 311 2137 5089 539 94 2086 2985 7187 2354 4928 5994 6361 563 466 1163 4138 5236 5152 4917 1434 3772 5803 7233 5968 4928 2111 4269 5639 515 3948 6549 825 4937 2989 215 5030 5075 3199 3569 6280 6978 914 5140
6392 231 5154 3029 5466 2805 6798 5751 6577 3952 5483 3896 1379 6445 664 7018 5811 4612 4918 6635 900 407 5701 5929 4333 251 849 3112 7228 1762 7104 6119 1992 4757 500 6309 62 6149 3411 5490 2600 245 1885 3979 6689 2549 2348 4999 6012 7265 2985 6911 6523 1185 5339 3355 1435 5040 5319 14 6801 4922 6133 145 2178 5484 5305 2239 4132 1216 6580 6731 1460 965 2061 7001 3513 4408 4499 2024
3025 7484 1434 2047 20 5624 4254 307 3163 2072 320 1316 5845 5304 1460 522 3287 6764 1613 7418 6831 692 5501 7143 1656 61 6643 4020 3321 2493 6043 6345 2476 6328 7243 1348 4452 2848 1654 6466 3771 1973 281 2115 7277 592 2637 1915 6208 3101 685 5538 3792 6185 5180 4300 5097 3174 819 7269 5667 5714 6113 6994 4541 4708 841 344 55 2494 6810 2678 3319 5942 4792 1947 6534 6280 2713 5241
732 3397 2130 3376 933 6162 175 4882 1835 7345 4650 1 5558 2115 6995 1451 6822 335 1794 5728 1681 7455 905 3851 5897 4549 4649 3782 3328 7361 374 4060 2110 2503 7435 3042 1164 6461 6775 1851 5157 3925 1851 3215 6039 1345 3517 4212 532 5310 1291 1064 4117 2196 3766 1365 5596 914 5146 275 7126 5519 3186 1735 6873 1972 3629 537 932 1755 2387 6089 5679 3089 655 3069 3286 4171 6132 2669
832 7423 2584 4948 970 6349 6312 5417 6114 2809 5691 4591 827 1377 5178 6552 3348 1306 7088 4280 1912 826 1720 6443 2766 1226 863 6051 5396 6995 1219 5079 5769 3802 1379 5590 1502 190 3506 6467 1851 1696 3558 1529 1924 1235 580 5272 1392 6519 903 3303 6196 2622 2245 1462 2699 3108 6364 594 1454 6435 5672 6074 1588 5902 4163 3090 6092 6520 2056 6794 715 4465 822 2639 5699 254 6762 5942
6772 164 1745 5468 1637 2841 5781 4335 4800 4644 3780 5105 3578 803 3678 5166 6705 340 7107 4148 5711 1662 3441 6426 6127 3114 416 3177 3367 7177 1619 2639 6192 2215 6958 328 5055 5238 3514 1207 2381 7293 6311 4811 595 2489 2476 7299 1680 2082 2798 7391 2595 6238 5168 73 1852 4435 2102 5218 4111 3720 6708 1654 4786 6165 1981 1192 3902 5494 2398 5135 4138 61 2445 4732 1401 3772 3383 1932
5853 6180 674 7299 3770 5841 7372 5621 2775 1973 2190 5737 4544 250 6242 1829 6414 722 3020 1668 5067 4270 5654 1704 4330 6950 5288 5730 3221 22 6513 425 5053 7187 223 1322 5527 94 5794 7154 918 6836 4242 4313 7085 2984 6141 4850 2557 513 6517 6476 3634 3522 7031 6815 2971 3670 5044 6191 3691 4056 6615 1244 2594 6838 1417 621 5783 7211 6626 5553 6546 2219 1217 6130 4054 6210 3479 5463
6722 1348 4438 1707 3721 2820 1021 6692 6490 4916 4234 1532 323 2201 1627 2917 390 3044 2389 5024 1606 1514 3076 651 2584 3145 5632 6638 1854 462 4600 7427 661 389 1633 4382 3208 2653 2425 1049 68 5510 2581 390 210 4207 3306 599 6102 5694 5623 207 6059 50 857 1143 3194 5340 6632 3899 5802 2583 3825 5314 1823 5457 1047 3882 609 3471 4931 7028 1481 11 7418 542 3069 2075 1141 1671
6621 5615 1877 5179 4516 1586 5173 6562 5777 3156 2960 2930 4590 6785 744 6412 4741 1790 2794 4202 4113 224 3729 5593 6586 2498 4986 2154 4573 6126 2676 3693 3092 3405 223 108 4990 4248 5521 2118 7403 980 5048 3345 264 5791 2256 3857 6432 3901 558 3044 2976 3138 7488 2061 5636 4974 3067 2708 2451 4594 5252 5543 498 4326 4502 4339 1073 2522 6457 7328 3501 4004 2024 2617 1146 4279 5325 77
7032 4734 3121 2507 371 1960 3420 6006 6933 5338 65 1884 2431 4168 7426 1781 994 3279 6119 918 5800 5075 7097 652 430 1620 2120 1575 4751 7444 504 4282 4677 2476 5640 5048 4435 411 2405 2720 5748 2470 4603 7031 5489 3380 1311 6482 6658 7429 6252 4957 3856 5848 4460 4285 6320 6580 4712 3570 6523 4067 6703 2552 5394 3694 6451 2328 4105 207 5047 2352 1528 1001 1882 7017 3232 2044 4850 2389
1973 3601 6197 4680 801 3157 316 7120 2236 5027 2041 110 445 1243 1513 5838 4936 463 7018 392 670 3416 1596 2197 4417 3477 565 148 4373 5415 1389 6345 1515 85 3524 2315 2093 3839 786 3180 218 2826 2142 7014 2920 3654 5352 6708 2969 3721 7099 2490 7136 1194 3538 2904 3523 4103 1904 395 2017 3292 5591 2383 2228 466 4698 3173 3156 4335 6352 2225 7161 993 1739 1432 3499 5942 639 5319
2162 6590 308 1797 6635 3845 3553 2657 447 5456 1903 1315 1247 6345 3698 2326 6810 7247 5498 1318 4081 4350 3542 2593 4194 4132 4025 6544 2573 3515 4362 4734 1456 4669 5383 591 7366 1435 2099 6664 6890 4002 479 6988 1698 4176 1813 7360 2774 6163 1177 6854 1864 4718 799 4909 1350 3675 3953 2774 7189 814 6360 7497 4335 4242 587 4200 4528 2685 2215 2769 5538 2693 1108 7236 5720 1772 7095 7345
434 7123 6699 2297 4340 6349 7206 4541 2523 2510 7315 1063 2175 6174 1059 6509 1767 1645 2060 5146 3182 3127 414 1219 5819 1521 7306 2891 2144 5752 2735 2578 5374 785 3726 1066 7133 2283 4458 2155 4792 4272 2070 5819 1797 3128 3679 2415 4773 4591 60 6806 217 6825 6876 6035 7197 6682 277 1841 3785 3012 3270 511 2648 6995 1576 1133 630 6033 2139 4273 1657 4208 2591 2305 7336 6270 4720 3460
3360 3631 2765 3576 2956 992 962 2652 173 1239 3344 2810 3102 6613 3320 4601 4960 4895 5733 5589 2279 372 2361 3935 4579 4952 6240 3266 2573 2311 6725 5932 5941 841 859 1396 1833 1820 2900 857 1910 6243 3666 3863 4208 5837 7316 1667 2083 5548 7255 4362 5919 967 7148 1850 4770 4739 5115 7342 7049 3192 4625 4342 4032 5483 4589 4716 6155 7488 5573 564 5083 590 3279 642 6427 3094 2308 1009
1141 914 4222 5912 732 2722 6613 5502 7460 4227 5343 5861 7418 2468 2702 2802 450 7290 17 6604 6130 4441 6020 2564 5031 650 3205 2809 3743 5512 2669 3735 5277 6891 998 6008 2112 110 4009 923 3189 704 6783 1958 3171 836 4759 2472 626 3628 428 5607 6920 6447 670 4450 7096 3874 6110 2190 737 1279 5924 6013 7021 5774 4520 484 5883 7381 1406 1571 584 7041 2381 2606 6728 7139 5077 6205
2118 4356 4311 1538 2154 4980 4839 1749 1353 3449 2790 941 4727 66 6953 3099 5839 2825 3582 4221 1557 3839 4644 2140 3379 7024 3597 2607 5514 1173 1311 6484 4381 4474 521 6534 1953 4211 7135 2158 159 2424 3098 3737 2489 1403 6835 7179 3079 1768 2752 4635 5607 7395 6774 337 5770 2870 1795 2635 2894 1958 1618 6126 6431 990 5160 7235 5201 4794 744 4211 7217 2694 448 1058 4096 6134 736 7174
402 3487 3160 4860 2233 1285 5196 6854 3006 6991 841 5899 1448 1310 4525 6730 1152 1036 6464 6352 5829 6060 1914 4397 1253 1213 4306 4200 7347 5042 3873 6600 7380 5884 3959 965 7168 506 6670 2673 7496 10 7423 295 172 4447 5876 1323 4334 3692 6526 2662 2251 939 5911 3503 1004 2716 202 7202 257 2926 6301 6489 1309 1611 6305 976 2116 4326 3648 964 3188 3570 1258 3359 6869 7134 4681 3702
0 3 4214
0 4 1018
0 5 2762
0 6 4907
0 8 2639
0 9 3275
0 10 5859
0 11 1876
0 12 3319
0 13 7345
0 15 4676
0 16 3809
0 17 7198
0 19 3984
0 20 6220
0 21 251
0 22 5423
0 23 34
0 24 6590
0 25 5134
0 28 7417
0 29 5468
0 30 2183
0 31 1150
0 33 5261
0 34 7464
0 35 2146
0 36 294
0 37 689
0 40 7229
0 41 2202
0 42 1766
0 43 176
0 44 1604
0 45 1750
0 46 6839
0 47 2393
0 49 5965
0 52 4805
0 53 6843
0 54 5701
0 55 7462
0 56 6406
0 57 7235
0 58 4330
0 59 3347
0 61 5179
0 62 3824
0 63 1220
0 65 3612
0 66 748
0 67 4006
0 69 1310
0 70 7262
0 71 4805
0 72 6896
0 73 4592
0 75 5025
0 76 4527
0 78 5831
1 2 1007
1 3 6340
1 4 92
1 5 2185
1 6 4526
1 7 888
1 8 6351
1 9 3559
1 11 597
1 12 7310
1 14 2059
1 16 5437
1 18 2620
1 21 4165
1 22 5498
1 23 3486
1 24 2800
1 25 4075
1 26 3160
1 27 2530
1 29 6177
1 30 1796
1 31 2707
1 32 5749
1 35 5559
1 36 5157
1 37 731
1 38 7263
1 39 4483
1 42 4522
1 43 6442
1 45 7070
1 46 1251
1 47 5971
1 48 6629
1 49 1476
1 50 409
1 52 2946
1 56 1465
1 57 4369
1 60 5036
1 61 1965
1 62 1933
1 63 3033
1 64 1319
1 65 5187
1 66 3051
1 68 3378
1 69 1209
1 70 4343
1 71 7188
1 73 4294
1 74 6103
1 75 7475
1 76 4958
1 77 2219
1 78 2567
1 79 7299
2 3 2209
2 4 1233
2 5 6109
2 6 3062
2 7 5365
2 8 6969
2 9 7252
2 13 25
2 14 93
2 16 6819
2 19 3270
2 20 3392
2 22 5600
2 24 4346
2 25 1793
2 27 7157
2 30 2568
2 31 79
2 34 2617
2 36 6460
2 37 2842
2 38 1988
2 39 7141
2 42 2330
2 44 6675
2 45 5016
2 47 3524
2 48 7390
2 50 588
2 51 7267
2 52 4609
2 53 5056
2 55 6655
2 57 7494
2 59 4224
2 60 1270
2 61 2259
2 62 4579
2 63 861
2 64 5688
2 65 965
2 66 2460
2 67 3869
2 68 603
2 69 2926
2 70 4200
2 71 2031
2 72 7231
2 73 2199
2 75 6422
2 76 4567
2 77 3440
2 78 1404
2 79 1273
3 4 3352
3 5 2584
3 6 4672
3 7 4148
3 8 1725
3 9 5913
3 12 4444
3 13 2374
3 14 950
3 15 6835
3 17 2753
3 19 3165
3 21 3289
3 23 6649
3 24 980
3 25 1128
3 26 6807
3 27 6122
3 28 5265
3 29 363
3 30 3715
3 34 3932
3 35 399
3 37 5287
3 38 2236
3 39 4488
3 40 3335
3 41 7162
3 42 6307
3 45 2492
3 47 257
3 48 2547
3 49 3500
3 51 664
3 53 2901
3 54 380
3 55 5324
3 56 2921
3 57 4919
3 58 2646
3 59 1090
3 60 5065
3 61 3159
3 62 3222
3 63 4214
3 65 5613
3 66 4709
3 67 2059
3 68 738
3 69 7125
3 70 4782
3 71 4951
3 72 2082
3 75 5758
3 76 4600
3 77 6454
3 78 4931
3 79 1050
4 5 2901
4 6 6416
4 7 7024
4 10 6700
4 11 4836
4 12 180
4 13 4337
4 14 6182
4 16 165
4 18 1554
4 19 5976
4 21 3406
4 22 3609
4 23 947
4 24 6380
4 28 6944
4 33 5249
4 34 4191
4 37 1799
4 38 6840
4 39 1142
4 41 3701
4 42 5961
4 43 1184
4 44 6795
4 47 1419
4 48 2953
4 49 6079
4 51 6289
4 53 1831
4 54 3108
4 55 7263
4 57 819
4 58 472
4 59 2065
4 60 7194
4 62 5453
4 63 6994
4 64 3528
4 65 1923
4 66 590
4 68 794
4 69 246
4 71 5711
4 72 4438
4 75 3995
4 76 5271
4 77 2029
4 78 3773
5 6 1725
5 7 2442
5 8 6300
5 10 5279
5 13 2441
5 14 3087
5 15 2189
5 16 2882
5 17 3326
5 18 3925
5 19 6740
5 20 5047
5 24 1809
5 25 6792
5 26 5845
5 28 1921
5 29 6955
5 32 715
5 34 2903
5 35 2134
5 36 1827
5 37 3657
5 38 5853
5 39 5545
5 40 1916
5 42 3725
5 43 636
5 44 3658
5 46 5579
5 47 4089
5 48 2566
5 50 2066
5 51 6544
5 52 5073
5 53 1245
5 54 2431
5 55 1390
5 56 4991
5 57 7402
5 59 2478
5 60 694
5 61 4676
5 63 2754
5 66 5840
5 70 2013
5 75 2070
5 76 5298
5 78 2863
5 79 5265
6 7 1285
6 8 2466
6 9 2309
6 12 1715
6 13 2094
6 14 3113
6 15 4514
6 16 5927
6 17 6134
6 19 2541
6 20 5382
6 21 5393
6 23 4201
6 26 3987
6 27 7425
6 28 5878
6 29 2709
6 32 4201
6 33 1217
6 36 2107
6 37 2913
6 38 5601
6 40 3643
6 41 7093
6 44 2019
6 45 1285
6 48 5537
6 49 1640
6 50 1660
6 51 6384
6 52 6511
6 53 5252
6 54 1055
6 55 6770
6 58 181
6 59 6162
6 61 357
6 62 470
6 64 129
6 65 2490
6 66 1802
6 67 6700
6 69 5583
6 70 6137
6 71 888
6 72 5586
6 73 6967
6 74 6963
6 76 868
6 77 6067
6 78 3707
7 8 1446
7 9 5122
7 11 2138
7 13 190
7 14 1995
7 15 3742
7 16 2803
7 17 828
7 18 5180
7 20 4642
7 21 5797
7 22 3129
7 23 3681
7 24 4056
7 25 7133
7 28 6694
7 29 769
7 30 1121
7 32 6892
7 33 7094
7 36 7139
7 37 5918
7 38 7474
7 39 2641
7 40 6528
7 42 4715
7 43 1687
7 44 1068
7 46 261
7 47 6444
7 48 2532
7 50 775
7 51 4434
7 52 1937
7 56 4655
7 59 1575
7 60 3354
7 61 6968
7 62 3776
7 64 4256
7 66 4519
7 67 3171
7 69 511
7 70 942
7 71 6201
7 72 1
7 73 146
7 74 2518
7 76 1164
7 79 7401
8 9 484
8 10 1086
8 11 6783
8 12 2311
8 14 4333
8 16 4844
8 17 4514
8 18 6430
8 19 1140
8 21 966
8 25 438
8 26 1545
8 29 2866
8 30 5897
8 32 707
8 34 3891
8 35 3330
8 36 3788
8 40 2364
8 42 2181
8 43 5804
8 45 5094
8 46 297
8 48 1177
8 50 7073
8 51 1203
8 52 2006
8 56 3107
8 57 1189
8 58 4567
8 59 6694
8 61 1374
8 62 6961
8 65 6330
8 67 2421
8 68 7337
8 70 6838
8 71 1281
8 72 3147
8 73 6906
8 74 6259
8 75 6329
8 76 4674
8 77 7486
8 79 212
9 10 6072
9 12 3125
9 13 4960
9 14 1532
9 15 3149
9 16 3336
9 17 1794
9 18 1532
9 20 7289
9 21 4231
9 22 6611
9 23 3421
9 24 6157
9 28 7452
9 30 1928
9 31 101
9 34 7240
9 35 3474
9 36 2953
9 38 392
9 39 2398
9 40 1644
9 42 6667
9 49 3385
9 52 5657
9 53 1903
9 55 495
9 56 1427
9 57 7266
9 60 4632
9 61 7183
9 63 5820
9 64 3639
9 65 967
9 69 7191
9 72 913
9 73 4609
9 74 2578
9 75 7231
9 76 6674
9 78 2206
9 79 7205
10 11 4539
10 12 5559
10 14 1697
10 16 2475
10 18 624
10 19 706
10 21 1619
10 22 6541
10 23 2542
10 24 3118
10 25 1021
10 26 6822
10 27 6321
10 28 1064
10 29 3857
10 30 3920
10 31 6023
10 32 6921
10 33 4389
10 34 6825
10 35 4428
10 37 4898
10 38 2291
10 39 5818
10 40 2755
10 41 5159
10 42 739
10 43 1891
10 44 6003
10 46 3977
10 47 6805
10 48 5373
10 50 1113
10 52 3579
10 53 3835
10 54 3122
10 55 471
10 56 4280
10 57 6661
10 58 7471
10 59 6436
10 60 4122
10 61 4561
10 63 7389
10 64 6829
10 65 2022
10 66 2437
10 67 5703
10 68 6712
10 69 5646
10 70 7049
10 71 4214
10 72 888
10 73 319
10 75 2549
10 76 6202
10 77 1923
10 78 3948
11 13 128
11 14 3766
11 16 6899
11 17 5191
11 21 3913
11 23 6219
11 24 4444
11 25 3972
11 26 438
11 28 4811
11 29 4253
11 30 2417
11 31 3002
11 33 5619
11 34 1929
11 37 1330
11 38 7011
11 39 7143
11 40 6804
11 41 3195
11 43 6018
11 44 3039
11 45 1825
11 48 459
11 49 2535
11 50 3641
11 51 1579
11 52 1863
11 53 7286
11 54 5629
11 56 7015
11 58 5170
11 60 1416
11 63 5512
11 64 1776
11 65 7163
11 66 5171
11 67 6943
11 68 3253
11 69 1562
11 70 1240
11 71 3958
11 73 6974
11 74 3503
11 75 1326
11 77 5578
11 79 848
12 15 2018
12 16 1492
12 17 2573
12 18 5868
12 19 5503
12 20 2968
12 21 5336
12 22 4985
12 23 5317
12 24 2583
12 25 5441
12 26 195
12 27 838
12 29 1685
12 31 2366
12 33 3857
12 36 6390
12 37 1814
12 38 2602
12 39 1969
12 40 6676
12 42 2485
12 43 768
12 44 3274
12 46 4112
12 47 1340
12 48 2173
12 49 7013
12 50 453
12 51 4291
12 52 7180
12 53 4667
12 55 7268
12 56 633
12 57 2360
12 58 4294
12 60 3914
12 61 2351
12 63 5314
12 64 2382
12 66 7179
12 68 132
12 69 6756
12 71 2435
12 74 949
12 75 1731
12 76 6316
12 77 291
12 78 6871
12 79 5483
13 14 1579
13 15 5886
13 16 259
13 17 4300
13 18 6875
13 20 1273
13 21 2936
13 22 7308
13 23 2474
13 24 5065
13 25 1489
13 26 5245
13 27 2501
13 29 6704
13 31 7134
13 32 5313
13 33 3873
13 34 888
13 35 3237
13 37 4509
13 39 5062
13 43 6198
13 44 2634
13 45 1912
13 47 2166
13 48 6667
13 50 5152
13 51 4567
13 52 5594
13 53 1480
13 55 484
13 56 6378
13 59 4601
13 60 2825
13 62 640
13 63 1849
13 65 2960
13 67 2126
13 70 3396
13 71 1517
13 72 75
13 73 7447
13 74 2331
13 75 821
13 77 4760
13 79 6436
14 15 5971
14 16 3530
14 18 5380
14 21 4255
14 22 1636
14 24 782
14 25 5364
14 26 6247
14 27 1651
14 28 6445
14 29 3176
14 30 6082
14 31 6220
14 32 7321
14 33 3445
14 34 2712
14 36 4842
14 37 7138
14 38 800
14 39 4479
14 40 907
14 42 614
14 43 2643
14 45 439
14 46 932
14 47 2168
14 49 6037
14 50 3890
14 51 4181
14 54 2795
14 55 1604
14 56 1780
14 57 1369
14 58 2635
14 61 6926
14 63 4682
14 65 5613
14 66 319
14 67 198
14 68 1103
14 69 6039
14 71 1497
14 72 3687
14 73 1352
14 74 3109
14 76 3210
14 78 6997
14 79 671
15 16 1231
15 17 2997
15 18 2316
15 19 6053
15 20 1896
15 22 4835
15 23 6676
15 25 6424
15 26 5122
15 27 1340
15 28 2206
15 29 3940
15 32 2491
15 33 7065
15 34 5958
15 35 806
15 36 3111
15 38 3858
15 40 1192
15 42 5770
15 43 6906
15 45 4884
15 46 1818
15 47 212
15 48 4063
15 50 6553
15 51 6460
15 54 2431
15 55 3482
15 57 6191
15 58 58
15 59 3429
15 60 3355
15 61 6298
15 63 3682
15 64 3448
15 65 7028
15 66 5037
15 67 7451
15 70 4566
15 71 4485
15 73 6819
15 74 4725
15 75 5651
15 77 1579
15 78 97
15 79 2972
16 17 2604
16 19 6051
16 20 180
16 21 5162
16 22 4260
16 23 284
16 25 7423
16 28 4675
16 29 1973
16 30 4707
16 31 6926
16 32 2280
16 33 6111
16 35 1214
16 36 362
16 37 3380
16 38 4073
16 39 5600
16 40 496
16 41 1704
16 42 4657
16 43 5733
16 44 4235
16 45 3877
16 50 3114
16 51 3447
16 54 2970
16 55 2127
16 56 7088
16 58 5188
16 59 5589
16 60 85
16 61 5931
16 63 6687
16 64 3328
16 65 999
16 66 2750
16 67 363
16 69 2661
16 70 946
16 71 7399
16 73 5099
16 75 2693
16 76 3081
16 77 7188
16 78 1088
16 79 1660
17 18 2509
17 19 2953
17 20 4240
17 21 6025
17 22 6341
17 24 353
17 25 2694
17 27 3833
17 28 6312
17 29 2224
17 30 1826
17 32 1514
17 35 332
17 36 7343
17 38 4266
17 39 2132
17 41 7325
17 42 2696
17 43 7343
17 44 5553
17 45 6926
17 47 3985
17 48 5427
17 51 6176
17 53 3510
17 54 4895
17 55 2235
17 57 1398
17 60 707
17 61 3893
17 63 6986
17 64 4093
17 66 516
17 67 2720
17 68 6409
17 69 1561
17 71 5755
17 73 2001
17 75 1900
17 76 4152
17 77 6934
17 78 3489
17 79 594
18 19 462
18 21 3406
18 22 3634
18 23 5939
18 24 68
18 25 1233
18 26 1283
18 27 6234
18 28 4759
18 29 1081
18 30 1485
18 31 4164
18 32 5689
18 34 1965
18 35 1182
18 36 388
18 37 3536
18 39 6309
18 41 6376
18 42 6522
18 44 964
18 46 5722
18 49 4363
18 50 1250
18 52 3262
18 55 268
18 56 3958
18 59 6599
18 60 4054
18 62 4419
18 63 6474
18 65 2266
18 66 1447
18 67 6007
18 70 930
18 72 3043
18 73 3295
18 77 6704
18 78 2958
19 21 2691
19 24 6410
19 25 677
19 26 4546
19 27 4021
19 30 7177
19 33 3479
19 34 5698
19 35 6974
19 36 3364
19 37 6966
19 39 932
19 40 4874
19 43 6129
19 44 1854
19 45 3558
19 46 1527
19 47 4632
19 49 5068
19 50 5245
19 51 2754
19 53 2227
19 54 3555
19 55 2799
19 56 1939
19 57 5909
19 58 2301
19 59 5693
19 60 6033
19 61 4787
19 62 2874
19 64 5
19 65 596
19 66 38
19 67 3821
19 68 633
19 71 66
19 72 5616
19 73 4415
19 74 7200
19 77 771
19 78 2956
19 79 5267
20 21 2541
20 22 1652
20 23 5851
20 24 5320
20 25 6939
20 28 5651
20 30 5716
20 31 6207
20 33 5755
20 34 5867
20 35 3629
20 36 6935
20 37 5156
20 38 2981
20 39 6484
20 40 444
20 42 4615
20 43 2872
20 44 2103
20 48 323
20 49 1093
20 50 2960
20 51 4239
20 54 5667
20 55 5803
20 57 135
20 58 4328
20 59 517
20 62 2586
20 63 2737
20 64 1921
20 65 4337
20 66 4019
20 68 2700
20 69 2449
20 70 4848
20 71 5008
20 72 1393
20 73 5188
20 75 6409
20 76 3617
20 78 2020
20 79 6662
21 24 5214
21 25 7039
21 26 6359
21 27 5121
21 28 5920
21 29 6199
21 30 6022
21 31 5133
21 32 4720
21 33 5503
21 35 1566
21 36 5208
21 37 2855
21 38 4804
21 39 6112
21 41 952
21 42 2436
21 43 792
21 44 6572
21 47 182
21 48 6680
21 50 2752
21 51 616
21 52 5268
21 54 2975
21 55 2513
21 56 3978
21 57 1553
21 58 1577
21 60 2864
21 64 2379
21 65 3210
21 70 3993
21 71 5527
21 72 1680
21 73 4768
21 74 5734
21 76 1064
21 77 501
21 78 6572
21 79 7422
22 23 1873
22 26 5469
22 27 3023
22 28 3303
22 29 4957
22 31 1369
22 32 4718
22 35 6555
22 36 6969
22 37 2299
22 39 6196
22 40 6710
22 41 4321
22 42 1707
22 43 895
22 44 6734
22 46 1388
22 47 2862
22 48 287
22 49 6043
22 50 6131
22 51 4692
22 53 4160
22 54 3929
22 55 4596
22 56 4657
22 57 93
22 58 2590
22 59 6057
22 60 6677
22 61 5104
22 63 4635
22 64 5333
22 70 4820
22 71 5901
22 72 1989
22 73 1454
22 74 2657
22 77 4143
22 78 2251
23 25 5693
23 26 6008
23 27 5459
23 28 405
23 29 4384
23 30 1859
23 31 7401
23 34 5861
23 35 5833
23 36 3618
23 37 2479
23 38 2589
23 39 5095
23 41 815
23 42 6364
23 45 5950
23 46 693
23 47 3015
23 48 891
23 49 2575
23 50 1803
23 53 4412
23 54 1306
23 56 4367
23 57 3897
23 58 3031
23 59 480
23 60 2283
23 61 3124
23 62 6919
23 64 5951
23 66 5694
23 68 4614
23 69 4794
23 70 71
23 71 3043
23 72 5956
23 75 3066
23 76 827
23 78 326
23 79 5708
24 25 3837
24 27 5950
24 28 6526
24 30 7106
24 32 7192
24 33 4832
24 34 7302
24 35 6341
24 36 7043
24 37 3553
24 38 6546
24 39 1593
24 43 5856
24 44 4820
24 45 3997
24 47 6087
24 48 7391
24 50 7082
24 52 4547
24 54 3388
24 55 5757
24 59 31
24 61 2438
24 63 793
24 64 4366
24 66 2965
24 67 206
24 69 5948
24 70 663
24 71 3832
24 72 5927
24 73 1097
24 74 7155
24 75 4624
24 76 1693
24 77 5884
24 79 6608
25 26 6737
25 29 6999
25 30 3628
25 32 5857
25 33 2857
25 34 5642
25 35 4229
25 36 1734
25 37 3244
25 38 1150
25 39 5963
25 40 2725
25 41 943
25 44 6757
25 45 1752
25 46 4886
25 47 3025
25 48 5243
25 51 6753
25 52 6140
25 53 5562
25 54 6509
25 56 6510
25 57 5427
25 58 952
25 60 972
25 61 1384
25 62 169
25 63 5977
25 67 6458
25 70 7339
25 71 5696
25 72 2754
25 73 31
25 74 3237
25 75 7490
25 76 7243
25 77 1138
25 79 2271
26 27 7344
26 28 4759
26 29 6344
26 30 5026
26 31 4931
26 33 3340
26 34 6581
26 36 1835
26 40 5541
26 41 7409
26 42 2230
26 43 5524
26 46 1690
26 47 3257
26 48 2302
26 49 3887
26 50 5513
26 52 1352
26 55 6418
26 57 5419
26 59 3459
26 63 4450
26 64 663
26 66 1204
26 67 1020
26 68 2581
26 71 762
26 72 713
26 73 2450
26 74 2702
26 75 3636
26 76 5637
27 29 1689
27 35 5465
27 36 4940
27 37 1717
27 39 2993
27 41 3705
27 43 638
27 44 3707
27 45 2269
27 47 509
27 49 4448
27 50 5233
27 51 1488
27 53 5408
27 54 1033
27 56 2750
27 57 2873
27 58 4598
27 59 799
27 60 7400
27 61 4238
27 62 4560
27 64 4321
27 66 4808
27 67 774
27 68 7002
27 69 4533
27 70 5373
27 71 1283
27 73 2884
27 74 3052
27 75 2612
27 77 4531
27 78 7415
27 79 1820
28 29 6626
28 30 146
28 32 3805
28 33 2540
28 35 3652
28 36 6410
28 39 7447
28 42 1301
28 43 5777
28 44 384
28 45 5329
28 49 3200
28 51 692
28 52 4129
28 53 1425
28 57 3771
28 58 3272
28 60 1521
28 62 1673
28 63 6840
28 64 2439
28 66 1588
28 67 5116
28 68 7124
28 69 2091
28 70 7472
28 71 6517
28 72 544
28 73 5324
28 74 148
28 75 6720
28 78 4261
28 79 1264
29 30 4482
29 31 2401
29 33 2841
29 34 5635
29 35 1526
29 37 692
29 38 5415
29 39 5793
29 40 2437
29 41 1906
29 43 1125
29 44 2321
29 45 6363
29 46 832
29 47 4444
29 48 6430
29 49 2754
29 51 888
29 52 6998
29 54 6541
29 55 1190
29 57 4852
29 59 6757
29 60 6414
29 61 1279
29 62 6301
29 64 5984
29 65 4492
29 66 1951
29 68 2572
29 69 3211
29 70 2087
29 71 3574
29 73 3615
29 74 4881
29 76 6701
29 77 1997
29 79 2127
30 31 3460
30 32 4600
30 34 443
30 36 6209
30 37 6366
30 38 694
30 39 4533
30 41 4512
30 42 2907
30 43 2328
30 45 1529
30 46 4610
30 47 6458
30 48 3045
30 49 5560
30 50 2064
30 53 2550
30 54 1060
30 55 6944
30 56 4634
30 57 1172
30 58 7339
30 59 480
30 61 3204
30 62 1327
30 65 2811
30 66 569
30 68 7064
30 69 1758
30 71 3159
30 75 1586
30 78 4483
30 79 1376
31 32 1798
31 33 666
31 35 4520
31 37 6182
31 39 1613
31 41 6608
31 43 178
31 44 3268
31 45 1242
31 48 6242
31 49 5134
31 50 5730
31 53 2114
31 54 7107
31 56 5982
31 57 2341
31 58 4631
31 59 2135
31 61 3051
31 62 7310
31 63 2778
31 64 1585
31 66 6678
31 69 6957
31 72 1748
31 73 3670
31 74 5293
31 75 1602
31 76 6427
31 77 5171
31 78 1321
32 33 2939
32 34 634
32 35 5726
32 36 2591
32 37 1396
32 38 4467
32 41 7174
32 42 4701
32 43 3507
32 45 4509
32 47 3435
32 49 2199
32 52 3283
32 53 4647
32 56 2941
32 57 7112
32 61 3231
32 62 1221
32 63 1935
32 64 2566
32 65 587
32 66 3439
32 67 5326
32 69 5670
32 71 1452
32 72 6232
32 73 1120
32 74 4742
32 75 4059
32 76 2413
32 77 3087
32 78 171
32 79 6073
33 35 7491
33 36 7324
33 37 6442
33 38 2970
33 39 6620
33 41 704
33 42 5069
33 43 2095
33 44 2734
33 47 1039
33 54 2123
33 55 6293
33 57 2789
33 58 6744
33 60 5863
33 61 3045
33 63 6965
33 64 637
33 67 4179
33 68 7362
33 69 3281
33 70 6496
33 71 1473
33 72 5421
33 76 5730
33 77 2634
33 78 4584
33 79 7439
34 36 5981
34 37 2618
34 38 653
34 39 5440
34 41 4154
34 42 7120
34 43 1444
34 48 7386
34 49 1401
34 50 2959
34 51 6158
34 52 3882
34 53 5375
34 54 3428
34 55 4264
34 57 4671
34 59 7362
34 60 807
34 61 683
34 62 103
34 63 5547
34 66 6582
34 70 6260
34 75 7135
34 79 4016
35 37 2729
35 38 5727
35 39 2240
35 41 441
35 42 7307
35 43 511
35 46 7281
35 48 7067
35 50 3579
35 51 2715
35 52 6271
35 53 1823
35 55 390
35 56 4519
35 58 6758
35 60 7199
35 62 3850
35 63 1842
35 65 474
35 66 6223
35 67 6477
35 68 3618
35 69 3368
35 70 2376
35 71 5904
35 72 2573
35 73 6083
35 75 2862
35 78 3751
36 37 6452
36 38 3302
36 39 5517
36 40 5550
36 43 4892
36 45 760
36 48 120
36 49 1796
36 50 3306
36 52 5019
36 54 3526
36 55 3772
36 56 4696
36 57 788
36 58 5658
36 61 7228
36 62 6140
36 63 1521
36 64 6579
36 66 6698
36 67 5620
36 70 3692
36 71 351
36 72 1507
36 73 6100
36 75 7389
36 76 2753
36 78 265
36 79 626
37 38 4285
37 40 2535
37 41 3758
37 42 2616
37 46 540
37 47 2804
37 48 3301
37 49 633
37 50 2155
37 51 6992
37 52 6674
37 53 2833
37 55 2310
37 56 5172
37 57 5025
37 58 2567
37 59 5418
37 60 2197
37 61 1315
37 63 2287
37 66 5484
37 68 138
37 69 3534
37 72 2608
37 74 4917
37 76 4066
37 77 5040
37 78 2405
38 40 3056
38 42 4843
38 43 4146
38 45 2129
38 46 6599
38 49 2041
38 50 1407
38 51 378
38 52 7268
38 53 697
38 54 7396
38 55 670
38 57 1539
38 58 1952
38 59 1225
38 60 694
38 64 3254
38 66 6925
38 70 4358
38 71 2862
38 73 3559
38 74 2803
38 75 6331
38 76 5894
38 77 2207
39 40 5990
39 41 152
39 43 5353
39 44 3496
39 45 3389
39 46 6177
39 47 4530
39 48 873
39 49 6010
39 50 2301
39 51 6582
39 52 1854
39 53 192
39 55 6888
39 56 6376
39 57 5359
39 59 154
39 60 1404
39 62 3644
39 63 7225
39 64 3413
39 65 5310
39 67 441
39 71 4996
39 72 6445
39 73 5503
39 74 292
39 75 1412
39 76 2256
39 77 4656
39 79 7156
40 41 1601
40 42 5110
40 43 803
40 44 2699
40 45 5689
40 47 1331
40 49 5178
40 50 3961
40 51 6128
40 52 2891
40 54 6245
40 55 6610
40 57 4568
40 58 6334
40 60 2795
40 61 6451
40 62 5107
40 64 746
40 65 5588
40 67 3265
40 68 3296
40 69 363
40 70 1253
40 71 4698
40 72 6331
40 73 1100
40 76 4965
40 78 260
40 79 104
41 42 5909
41 43 5381
41 44 1533
41 46 7219
41 48 1866
41 49 65
41 50 4051
41 51 2354
41 52 7467
41 53 3999
41 54 4739
41 55 3562
41 56 7010
41 57 2787
41 59 1195
41 60 6881
41 61 7212
41 63 6930
41 65 148
41 67 5304
41 68 2126
41 69 3180
41 73 112
41 74 3102
41 75 3896
41 76 4882
41 77 7275
41 78 540
42 44 855
42 45 6032
42 46 7425
42 47 4368
42 48 2834
42 49 3039
42 55 4827
42 58 5989
42 59 3156
42 61 6936
42 63 1268
42 64 6441
42 65 6522
42 66 5395
42 67 2798
42 68 6886
42 70 80
42 71 3533
42 72 4332
42 73 7325
42 74 2733
42 75 4914
42 76 107
42 78 7042
42 79 3499
43 44 5344
43 45 6280
43 46 2017
43 47 7268
43 49 5505
43 50 2533
43 52 6065
43 55 1555
43 56 7203
43 57 7461
43 59 4575
43 60 4505
43 61 4151
43 62 4975
43 63 1797
43 64 7457
43 66 3623
43 68 7233
43 69 603
43 70 6606
43 71 6089
43 73 1135
43 74 95
43 75 4871
43 77 5523
43 78 5301
43 79 6226
44 45 114
44 46 1170
44 47 5345
44 48 2545
44 49 2998
44 50 6191
44 51 1300
44 52 3636
44 53 224
44 54 7374
44 55 4171
44 56 6076
44 57 5489
44 58 3788
44 59 3975
44 61 2941
44 62 4937
44 65 3259
44 66 6117
44 67 627
44 69 4775
44 70 4425
44 71 132
44 73 4303
44 74 2482
44 75 2107
44 76 2317
44 77 758
44 78 6867
45 47 3264
45 48 6274
45 49 6089
45 50 2260
45 51 3662
45 53 7217
45 54 339
45 55 6872
45 56 3003
45 57 6726
45 58 4449
45 61 3117
45 63 4518
45 65 6633
45 66 6545
45 67 6043
45 68 6766
45 72 3868
45 73 7289
45 75 4033
45 76 2849
45 77 5953
45 78 4469
45 79 6196
46 47 34
46 48 2307
46 50 1440
46 51 2628
46 52 1831
46 54 5940
46 56 6538
46 57 1464
46 58 5056
46 59 1710
46 60 3671
46 61 430
46 62 5991
46 64 4928
46 66 7235
46 70 4187
46 71 1419
46 72 6588
46 73 720
46 74 4099
46 75 878
46 76 762
46 79 5371
47 48 872
47 49 3498
47 51 925
47 53 7011
47 54 1886
47 55 6308
47 56 2062
47 57 4727
47 60 6915
47 62 293
47 63 7118
47 65 1208
47 66 2357
47 67 4107
47 69 5311
47 71 4489
47 73 5226
47 74 2030
47 75 3293
47 76 7375
47 78 4172
47 79 4836
48 50 7349
48 51 1547
48 52 3852
48 53 7055
48 54 2071
48 55 7016
48 56 1241
48 57 4370
48 58 390
48 59 5317
48 61 7461
48 62 3470
48 63 4181
48 64 3665
48 65 2021
48 66 1365
48 67 4766
48 69 2730
48 71 3653
48 72 3016
48 73 1320
48 75 5405
48 77 2073
48 78 2648
48 79 7129
49 50 2990
49 51 3962
49 53 5982
49 54 4393
49 55 5991
49 57 1220
49 58 5365
49 59 5206
49 61 6525
49 63 3281
49 65 4205
49 66 5913
49 67 2569
49 70 6195
49 72 4677
49 73 6297
49 75 603
49 76 5871
49 77 4107
49 78 3434
49 79 7054
50 51 2604
50 52 4591
50 54 148
50 55 4298
50 56 6301
50 57 4667
50 58 5225
50 60 1253
50 61 3582
50 62 210
50 63 6669
50 65 2127
50 66 4699
50 67 6579
50 68 1069
50 70 713
50 72 4445
50 73 6186
50 74 2262
50 75 6126
50 76 5455
50 77 91
50 78 5844
50 79 76
51 52 3741
51 53 1497
51 54 4532
51 55 4332
51 56 2407
51 57 4160
51 58 4964
51 60 761
51 61 3992
51 64 334
51 65 5299
51 67 5164
51 69 4091
51 70 1974
51 71 371
51 72 3833
51 73 3523
51 74 6675
51 75 2955
51 78 190
51 79 7169
52 53 5410
52 54 4025
52 56 675
52 58 4690
52 59 1219
52 60 4709
52 62 3931
52 67 6226
52 68 3867
52 69 5677
52 71 730
52 72 5479
52 73 3984
52 74 4382
52 75 1529
52 77 6218
52 78 1364
53 54 2260
53 55 101
53 56 1549
53 57 4808
53 59 6395
53 60 6986
53 64 3322
53 65 2791
53 67 6024
53 71 5065
53 72 5973
53 73 4079
53 74 1049
53 75 3078
53 76 2682
53 79 5632
54 56 1554
54 59 7295
54 60 996
54 62 7019
54 64 7319
54 65 5372
54 66 7143
54 69 537
54 70 2303
54 74 132
54 75 1127
54 76 76
54 77 3761
54 78 4895
54 79 6776
55 56 715
55 57 6260
55 58 4965
55 59 5245
55 60 5925
55 61 7201
55 62 5270
55 63 6305
55 65 344
55 66 6242
55 67 4478
55 68 5293
55 69 881
55 71 135
55 74 5699
55 75 723
55 77 5967
55 78 5134
55 79 5759
56 64 1499
56 67 2644
56 68 5851
56 71 6769
56 73 4968
56 75 6982
56 76 1430
56 78 3481
56 79 6692
57 58 6796
57 59 6933
57 60 6764
57 62 4115
57 65 5465
57 67 6380
57 68 3594
57 69 4151
57 70 1030
57 71 5747
57 72 1043
57 73 4863
57 74 5287
57 75 6677
57 76 1389
57 79 2727
58 59 4766
58 60 2020
58 61 120
58 62 848
58 63 3912
58 64 5665
58 65 3206
58 66 6528
58 67 6500
58 68 2941
58 69 3444
58 70 4473
58 71 4161
58 72 5285
58 74 6863
58 75 3778
58 77 300
58 78 815
58 79 6987
59 60 3293
59 62 5350
59 64 5654
59 65 7292
59 66 1467
59 67 673
59 68 3559
59 69 4299
59 70 2386
59 71 7058
59 73 1075
59 77 5090
59 79 882
60 61 783
60 62 4806
60 63 2089
60 64 297
60 65 5025
60 66 2706
60 67 3646
60 68 262
60 69 128
60 70 3398
60 71 863
60 73 5954
60 75 3543
60 76 4913
60 78 4547
60 79 5999
61 63 2057
61 66 5434
61 70 1010
61 71 963
61 72 169
61 76 453
61 79 5667
62 63 6123
62 64 1517
62 65 4209
62 66 6485
62 69 4698
62 71 5445
62 74 2457
62 75 91
62 76 4534
62 78 6766
62 79 4699
63 64 5388
63 65 5590
63 66 1075
63 68 5284
63 71 5994
63 72 97
63 74 4394
63 76 2199
63 78 2289
64 65 4378
64 67 5771
64 68 42
64 69 7453
64 70 6521
64 71 4089
64 72 5162
64 74 562
64 78 821
64 79 1195
65 66 3806
65 67 7007
65 69 312
65 71 6734
65 75 7232
65 77 7111
65 79 3624
66 67 3995
66 68 2677
66 69 1399
66 70 6524
66 71 3132
66 72 458
66 74 5404
66 76 6079
66 77 162
66 78 4192
66 79 128
67 68 2046
67 69 1237
67 71 4861
67 72 4141
67 75 647
67 77 4800
67 78 3626
67 79 2977
68 69 864
68 71 6942
68 72 5332
68 75 3445
68 76 4516
68 78 3463
68 79 3726
69 70 6037
69 71 7414
69 72 3621
69 73 2246
69 74 4898
69 75 3881
69 77 4744
70 71 3234
70 73 5588
70 75 3217
70 76 4049
70 77 3971
70 78 4660
70 79 5629
71 72 2512
71 74 3352
71 75 1230
71 76 4828
71 77 6327
71 79 2749
72 76 801
72 77 3589
72 78 3842
73 74 4776
73 75 5592
73 76 4312
73 77 7273
73 79 1231
74 75 537
74 76 1128
74 78 6307
75 77 6139
76 79 27
77 78 2205
