35 80 2177
6279 3042 3683 273 1902 650 5268 3719 1831 2554 5128 5363 1345 1409 4349 3418 5380 6580 2959 1293 3662 7436 4483 4408 1351 2490 5141 5936 1021 2453 2640 7299 4346 6322 6423
6247 6971 4190 2466 154 5595 6445 5516 6940 6705 2364 2857 3436 296 4668 4728 2809 3455 562 6068 4806 1903 3708 2093 2924 5013 4732 2722 710 2405 1645 6957 727 4686 774 880 2781 7218 6396 2220 6422 111 3928 2357 406 1095 5936 2066 4550 6497 634 707 899 3193 2799 2674 705 6382 4248 1415 1286 4744 7223 2012 1929 496 1744 4709 6565 6991 5780 5486 7101 2208 6694 6359 3302 5129 7276 6703
2977 409 7409 2727 3602 2707 5401 3158 1588 2148 3424 1725 6891 1998 3737 171 2493 4332 3732 409 3822 2011 5894 2274 4218 3939 1132 6372 419 908 5574 3395 168 4335 4974 2621 7041 1726 4631 7481 2725 6906 1705 2115 1404 4293 1137 2748 1124 4868 3157 3797 6879 402 6071 2448 4341 7202 1319 4759 6961 5745 7006 5981 2579 4479 1101 971 5056 5731 7303 280 5137 1508 1246 5392 4652 2382 639 5776
7250 2647 924 5480 3049 6994 427 6241 5548 598 3499 3860 5194 1856 2340 6624 5186 3441 94 2741 523 7397 3020 4511 256 4265 1254 4907 6647 745 2034 5248 3391 2958 3227 5291 1303 2505 4031 6850 3102 6382 2062 7147 737 4401 6270 5923 6693 5216 1163 6068 3964 3035 3078 3071 7299 3184 477 5297 3928 1363 3044 7318 3172 6270 5109 3326 127 491 2676 2080 6872 3589 1727 109 489 6848 4883 6034
4563 4897 4601 7378 431 6530 2948 6582 2213 2277 4378 6140 2491 7422 4810 4514 5043 1270 339 5169 1760 1866 7249 1132 5454 1475 92 4795 7174 4974 3328 3089 1222 6780 2966 1653 5809 4766 734 6874 5894 3963 4365 884 3884 1674 5397 279 1795 4587 5447 3555 6453 4047 3538 4406 4373 3629 1700 4047 7454 3879 7135 1175 3158 1452 1679 1467 5069 2412 840 3462 5227 5204 3197 1610 5730 7445 740 24
4532 6187 2430 3484 1585 5967 6741 5958 2095 941 1356 900 4819 7342 2075 477 1293 3753 795 6362 5017 486 1175 2743 5689 4372 3204 2770 4316 3944 2794 199 1482 5223 3682 3066 2542 2923 375 4636 2715 1730 5536 6385 423 6462 6861 1716 2714 6507 6929 6582 6992 603 1824 5181 3826 5028 6802 642 323 947 840 1804 5022 3374 3721 63 5148 4096 3550 362 4677 1585 5598 5100 6898 4959 5667 2112
3965 3947 1193 3457 4549 1869 7489 875 5748 5642 368 6070 6589 59 6725 4110 2284 2945 4172 7431 5892 221 6644 1921 658 4742 5872 55 1052 4038 1018 3868 484 1063 6176 3884 2931 5016 3610 30 3158 3977 6099 2246 2888 5323 5207 5171 7119 1878 3954 5511 950 3097 7431 1607 6690 5802 514 241 1191 1531 4109 526 2593 1636 4409 4375 6652 6871 3256 2309 3347 1854 3406 5086 6028 1112 2757 5647
1841 6710 3657 2790 1158 2439 4397 348 740 4910 6940 1930 5292 2400 2455 6737 4036 5715 2463 2039 5085 5719 4347 7284 72 6604 4869 4952 215 6477 1950 2055 4538 4458 3696 5696 6896 592 4895 6487 4353 3186 7268 2145 5586 2222 233 973 6788 2695 3011 3225 913 6209 3008 7337 5312 6728 4788 4378 5705 6737 6432 1594 3694 2627 6141 1941 2071 3535 927 5275 5573 694 6271 3658 1767 6503 4630 1054
1698 6492 4278 2610 5200 6137 1298 3011 5365 6085 7388 2421 4173 5171 4014 6718 6649 2655 1158 71 5041 936 5346 3113 1629 4116 5622 3395 3119 1603 3301 4816 594 6430 6277 5793 3919 75 1303 1783 5011 42 3055 536 5212 7068 7253 4361 1074 7263 4431 4967 698 1128 6931 1179 5244 3905 3425 862 5507 5577 4529 4953 4507 2157 3245 7277 2231 3400 1559 6094 3441 4613 6629 5 3032 5233 3217 2958
3847 6499 6776 4545 127 6206 5723 5370 2610 499 5083 6969 6076 2111 4421 1934 3119 6517 1710 5350 1268 3268 2795 4709 6732 775 3565 1115 6007 6781 2924 2354 5779 2199 5750 4757 905 2824 2626 2366 3322 6560 686 1897 22 3958 3830 3141 1827 5539 7342 3094 158 2636 6654 5741 3410 2718 6856 768 850 1131 3121 6629 3330 222 2737 3086 3045 5363 4303 6367 3274 4989 763 3296 298 3445 5288 2124
1483 5129 5218 1641 6616 3223 6233 1377 5941 4440 2144 6790 5571 4117 4770 1400 4338 7 4485 7383 4221 1287 6249 7494 5127 5863 2141 4277 1807 6280 6400 3290 3908 2969 3782 1875 6192 1366 3251 3484 5806 5395 2773 3876 863 6395 5275 5200 6401 1111 3934 1973 1249 2682 818 5228 7397 1811 2004 1703 590 7255 3844 3350 2724 6477 5224 267 343 975 3750 6148 5221 6522 2523 4935 4268 6649 2634 2020
259 6568 3992 359 601 4810 5586 497 5472 6441 2200 6061 6196 4895 1910 1419 3872 7134 537 4214 6960 4286 1713 3532 2159 3087 966 6427 2235 3599 946 1345 1518 3790 1703 2119 1099 6141 1467 6570 5081 2518 3982 3776 7413 5892 4046 3784 4377 4582 6849 3836 1367 1061 7367 2378 4147 7184 1304 5233 3282 1101 5429 3652 4890 5983 4622 4840 4623 6088 2761 1056 7458 6743 4831 7370 5134 229 2505 862
4810 1853 4697 5029 1765 3415 7406 4763 3098 61 2495 5231 1161 6775 1382 6051 5257 4855 3390 1232 2295 6151 2287 2252 4245 5969 2121 1878 6197 4625 2739 2359 5329 6287 6239 7093 1053 4996 3207 4150 5056 4553 732 5068 3827 2114 2470 1583 5820 5860 2814 614 3362 5100 2865 106 2421 3837 835 1117 7313 2425 2327 5141 63 1065 3585 1115 6060 6791 5264 2467 3843 5995 35 169 6960 2504 604 5280
7215 3417 4745 1928 7369 110 885 2289 3946 1719 2257 2611 2995 4584 251 3057 4500 2688 4171 1912 1978 786 4378 4673 5633 3264 3693 5092 5768 4296 1723 4334 6565 6468 6262 5285 5429 7146 73 1874 217 1181 4484 3211 4616 3587 5120 1616 6274 642 3527 7103 1428 404 4275 7060 3668 468 3503 787 4763 5226 5120 2679 3045 2733 463 973 1231 6887 1698 1447 568 5034 3509 5183 1120 1128 5650 6245
622 1676 5847 2049 932 2622 1608 3451 1941 5110 4237 5555 1687 708 734 4731 2293 1196 5703 3523 583 7401 4969 2 4934 7329 5184 4905 7309 3334 3649 430 3861 847 2478 4792 3468 2937 742 4260 6898 3830 2315 7437 3390 3048 4667 5682 4243 1722 1704 3677 1622 5524 3678 5407 5352 214 1663 5160 2399 5311 4441 5111 6157 5770 2403 977 1206 1996 5236 6956 4678 50 6892 567 1949 2910 6248 6192
4631 451 1220 5104 5974 3750 1862 2677 3963 3524 337 5213 186 3629 2823 5195 1899 4077 5023 1956 4925 2758 1411 2102 1660 802 2668 2460 2564 1415 3 7194 1865 1223 4798 6690 4972 6659 1866 286 1535 1054 4350 1720 4683 7172 6914 5433 2601 4436 7388 25 6046 1299 2126 6557 952 4793 1516 3515 5059 1519 2061 5775 1593 6858 4964 6564 4868 5681 5701 5254 6735 2550 6974 2769 1073 5239 701 2525
1027 588 2549 5924 738 3526 3832 542 818 5347 2908 5876 5717 4968 4150 6161 3177 465 4076 545 6146 2276 4650 4232 3677 4123 7000 3602 714 6552 6126 592 7139 27 6515 6729 3552 1698 7270 4370 5896 2677 1597 4113 6497 4599 2773 2173 3915 6849 1569 2560 476 6219 6791 3005 1693 5142 6606 2406 4193 5231 1849 2684 5257 7215 1912 1309 1412 533 4530 7308 2061 4978 2772 1057 928 4396 3230 3695
2596 4798 6254 1924 3516 4397 4928 4061 2038 4033 6466 5083 615 7167 266 4724 6881 2177 4884 7145 1561 765 6952 2473 4594 1075 3530 5522 5470 5611 1716 6918 1760 6821 1341 4128 2569 6268 688 4607 1652 6005 2189 2266 5671 1306 6989 3904 2334 3224 3548 3894 3988 1851 6366 1082 2925 1247 5455 7246 5709 7170 6663 7469 5342 6855 2948 411 5622 3635 3869 6125 991 4909 7243 6662 6214 6731 1917 1047
2455 5464 3792 5294 7314 1509 6375 1590 2756 4329 1335 7316 2850 6850 7284 692 6204 1583 7454 3178 5217 3822 1802 6208 1230 1544 4221 6295 7127 6137 7341 933 2952 2484 6226 1617 3992 3953 3206 5599 781 3392 5415 3631 2741 4050 3174 297 5633 3127 2326 2201 6948 2979 908 7029 3375 3980 5823 1853 1468 4515 2785 3271 6998 362 4887 2341 3166 6944 440 3947 1688 4706 6429 3280 1255 2102 3576 6887
5228 4753 1588 3527 232 1347 3055 3606 4179 229 5458 5646 3595 7094 269 1944 6307 5155 4284 1973 3451 3575 5919 3990 780 4847 7269 2035 5800 2197 273 3527 6949 712 5905 7180 911 311 2137 5089 539 94 2086 2985 7187 2354 4928 5994 6361 563 466 1163 4138 5236 5152 4917 1434 3772 5803 7233 5968 4928 2111 4269 5639 515 3948 6549 825 4937 2989 215 5030 5075 3199 3569 6280 6978 914 5140
6392 231 5154 3029 5466 2805 6798 5751 6577 3952 5483 3896 1379 6445 664 7018 5811 4612 4918 6635 900 407 5701 5929 4333 251 849 3112 7228 1762 7104 6119 1992 4757 500 6309 62 6149 3411 5490 2600 245 1885 3979 6689 2549 2348 4999 6012 7265 2985 6911 6523 1185 5339 3355 1435 5040 5319 14 6801 4922 6133 145 2178 5484 5305 2239 4132 1216 6580 6731 1460 965 2061 7001 3513 4408 4499 2024
3025 7484 1434 2047 20 5624 4254 307 3163 2072 320 1316 5845 5304 1460 522 3287 6764 1613 7418 6831 692 5501 7143 1656 61 6643 4020 3321 2493 6043 6345 2476 6328 7243 1348 4452 2848 1654 6466 3771 1973 281 2115 7277 592 2637 1915 6208 3101 685 5538 3792 6185 5180 4300 5097 3174 819 7269 5667 5714 6113 6994 4541 4708 841 344 55 2494 6810 2678 3319 5942 4792 1947 6534 6280 2713 5241
732 3397 2130 3376 933 6162 175 4882 1835 7345 4650 1 5558 2115 6995 1451 6822 335 1794 5728 1681 7455 905 3851 5897 4549 4649 3782 3328 7361 374 4060 2110 2503 7435 3042 1164 6461 6775 1851 5157 3925 1851 3215 6039 1345 3517 4212 532 5310 1291 1064 4117 2196 3766 1365 5596 914 5146 275 7126 5519 3186 1735 6873 1972 3629 537 932 1755 2387 6089 5679 3089 655 3069 3286 4171 6132 2669
832 7423 2584 4948 970 6349 6312 5417 6114 2809 5691 4591 827 1377 5178 6552 3348 1306 7088 4280 1912 826 1720 6443 2766 1226 863 6051 5396 6995 1219 5079 5769 3802 1379 5590 1502 190 3506 6467 1851 1696 3558 1529 1924 1235 580 5272 1392 6519 903 3303 6196 2622 2245 1462 2699 3108 6364 594 1454 6435 5672 6074 1588 5902 4163 3090 6092 6520 2056 6794 715 4465 822 2639 5699 254 6762 5942
6772 164 1745 5468 1637 2841 5781 4335 4800 4644 3780 5105 3578 803 3678 5166 6705 340 7107 4148 5711 1662 3441 6426 6127 3114 416 3177 3367 7177 1619 2639 6192 2215 6958 328 5055 5238 3514 1207 2381 7293 6311 4811 595 2489 2476 7299 1680 2082 2798 7391 2595 6238 5168 73 1852 4435 2102 5218 4111 3720 6708 1654 4786 6165 1981 1192 3902 5494 2398 5135 4138 61 2445 4732 1401 3772 3383 1932
5853 6180 674 7299 3770 5841 7372 5621 2775 1973 2190 5737 4544 250 6242 1829 6414 722 3020 1668 5067 4270 5654 1704 4330 6950 5288 5730 3221 22 6513 425 5053 7187 223 1322 5527 94 5794 7154 918 6836 4242 4313 7085 2984 6141 4850 2557 513 6517 6476 3634 3522 7031 6815 2971 3670 5044 6191 3691 4056 6615 1244 2594 6838 1417 621 5783 7211 6626 5553 6546 2219 1217 6130 4054 6210 3479 5463
6722 1348 4438 1707 3721 2820 1021 6692 6490 4916 4234 1532 323 2201 1627 2917 390 3044 2389 5024 1606 1514 3076 651 2584 3145 5632 6638 1854 462 4600 7427 661 389 1633 4382 3208 2653 2425 1049 68 5510 2581 390 210 4207 3306 599 6102 5694 5623 207 6059 50 857 1143 3194 5340 6632 3899 5802 2583 3825 5314 1823 5457 1047 3882 609 3471 4931 7028 1481 11 7418 542 3069 2075 1141 1671
6621 5615 1877 5179 4516 1586 5173 6562 5777 3156 2960 2930 4590 6785 744 6412 4741 1790 2794 4202 4113 224 3729 5593 6586 2498 4986 2154 4573 6126 2676 3693 3092 3405 223 108 4990 4248 5521 2118 7403 980 5048 3345 264 5791 2256 3857 6432 3901 558 3044 2976 3138 7488 2061 5636 4974 3067 2708 2451 4594 5252 5543 498 4326 4502 4339 1073 2522 6457 7328 3501 4004 2024 2617 1146 4279 5325 77
7032 4734 3121 2507 371 1960 3420 6006 6933 5338 65 1884 2431 4168 7426 1781 994 3279 6119 918 5800 5075 7097 652 430 1620 2120 1575 4751 7444 504 4282 4677 2476 5640 5048 4435 411 2405 2720 5748 2470 4603 7031 5489 3380 1311 6482 6658 7429 6252 4957 3856 5848 4460 4285 6320 6580 4712 3570 6523 4067 6703 2552 5394 3694 6451 2328 4105 207 5047 2352 1528 1001 1882 7017 3232 2044 4850 2389
1973 3601 6197 4680 801 3157 316 7120 2236 5027 2041 110 445 1243 1513 5838 4936 463 7018 392 670 3416 1596 2197 4417 3477 565 148 4373 5415 1389 6345 1515 85 3524 2315 2093 3839 786 3180 218 2826 2142 7014 2920 3654 5352 6708 2969 3721 7099 2490 7136 1194 3538 2904 3523 4103 1904 395 2017 3292 5591 2383 2228 466 4698 3173 3156 4335 6352 2225 7161 993 1739 1432 3499 5942 639 5319
2162 6590 308 1797 6635 3845 3553 2657 447 5456 1903 1315 1247 6345 3698 2326 6810 7247 5498 1318 4081 4350 3542 2593 4194 4132 4025 6544 2573 3515 4362 4734 1456 4669 5383 591 7366 1435 2099 6664 6890 4002 479 6988 1698 4176 1813 7360 2774 6163 1177 6854 1864 4718 799 4909 1350 3675 3953 2774 7189 814 6360 7497 4335 4242 587 4200 4528 2685 2215 2769 5538 2693 1108 7236 5720 1772 7095 7345
434 7123 6699 2297 4340 6349 7206 4541 2523 2510 7315 1063 2175 6174 1059 6509 1767 1645 2060 5146 3182 3127 414 1219 5819 1521 7306 2891 2144 5752 2735 2578 5374 785 3726 1066 7133 2283 4458 2155 4792 4272 2070 5819 1797 3128 3679 2415 4773 4591 60 6806 217 6825 6876 6035 7197 6682 277 1841 3785 3012 3270 511 2648 6995 1576 1133 630 6033 2139 4273 1657 4208 2591 2305 7336 6270 4720 3460
3360 3631 2765 3576 2956 992 962 2652 173 1239 3344 2810 3102 6613 3320 4601 4960 4895 5733 5589 2279 372 2361 3935 4579 4952 6240 3266 2573 2311 6725 5932 5941 841 859 1396 1833 1820 2900 857 1910 6243 3666 3863 4208 5837 7316 1667 2083 5548 7255 4362 5919 967 7148 1850 4770 4739 5115 7342 7049 3192 4625 4342 4032 5483 4589 4716 6155 7488 5573 564 5083 590 3279 642 6427 3094 2308 1009
1141 914 4222 5912 732 2722 6613 5502 7460 4227 5343 5861 7418 2468 2702 2802 450 7290 17 6604 6130 4441 6020 2564 5031 650 3205 2809 3743 5512 2669 3735 5277 6891 998 6008 2112 110 4009 923 3189 704 6783 1958 3171 836 4759 2472 626 3628 428 5607 6920 6447 670 4450 7096 3874 6110 2190 737 1279 5924 6013 7021 5774 4520 484 5883 7381 1406 1571 584 7041 2381 2606 6728 7139 5077 6205
2118 4356 4311 1538 2154 4980 4839 1749 1353 3449 2790 941 4727 66 6953 3099 5839 2825 3582 4221 1557 3839 4644 2140 3379 7024 3597 2607 5514 1173 1311 6484 4381 4474 521 6534 1953 4211 7135 2158 159 2424 3098 3737 2489 1403 6835 7179 3079 1768 2752 4635 5607 7395 6774 337 5770 2870 1795 2635 2894 1958 1618 6126 6431 990 5160 7235 5201 4794 744 4211 7217 2694 448 1058 4096 6134 736 7174
402 3487 3160 4860 2233 1285 5196 6854 3006 6991 841 5899 1448 1310 4525 6730 1152 1036 6464 6352 5829 6060 1914 4397 1253 1213 4306 4200 7347 5042 3873 6600 7380 5884 3959 965 7168 506 6670 2673 7496 10 7423 295 172 4447 5876 1323 4334 3692 6526 2662 2251 939 5911 3503 1004 2716 202 7202 257 2926 6301 6489 1309 1611 6305 976 2116 4326 3648 964 3188 3570 1258 3359 6869 7134 4681 3702
0 2 1243
0 3 6452
0 4 268
0 6 1564
0 7 635
0 8 2503
0 9 4100
0 10 1318
0 11 5913
0 12 3278
0 13 6095
0 15 2819
0 16 5056
0 17 2905
0 18 1389
0 19 3983
0 20 3518
0 22 1129
0 23 5995
0 24 3463
0 28 958
0 29 5044
0 30 3631
0 31 3563
0 32 3195
0 33 4750
0 37 727
0 38 5537
0 39 5523
0 40 6587
0 42 3934
0 43 5821
0 44 5757
0 46 5566
0 47 1606
0 49 403
0 50 6251
0 51 3180
0 53 2518
0 54 4754
0 57 2015
0 60 5740
0 61 3886
0 63 168
0 65 4230
0 66 6928
0 67 6618
0 68 5089
0 69 5748
0 70 6597
0 73 3106
0 76 2131
0 77 6706
0 78 4529
1 2 7266
1 4 7434
1 5 3252
1 6 3404
1 10 4141
1 11 423
1 12 3886
1 13 6267
1 14 4128
1 15 561
1 18 1154
1 19 1016
1 20 3102
1 21 4454
1 22 7067
1 23 1413
1 24 4232
1 25 485
1 26 5118
1 29 155
1 31 6422
1 36 3620
1 37 5143
1 38 544
1 41 5899
1 44 6850
1 45 3458
1 46 6863
1 48 2839
1 50 2994
1 52 767
1 54 4148
1 55 5948
1 56 2427
1 57 4442
1 58 3887
1 59 850
1 61 5796
1 63 3526
1 64 3797
1 66 2558
1 67 38
1 69 2620
1 70 7189
1 72 2688
1 73 6033
1 74 5507
1 75 6248
1 77 2966
1 78 4850
1 79 4176
2 3 5479
2 4 1532
2 6 4616
2 7 6518
2 9 4292
2 11 2833
2 14 4183
2 16 2190
2 17 4926
2 21 1934
2 24 46
2 25 30
2 26 4417
2 28 2286
2 30 6578
2 32 1910
2 34 6281
2 35 824
2 36 3303
2 37 1236
2 38 7427
2 39 2273
2 40 1398
2 41 358
2 42 7026
2 43 2115
2 44 3884
2 45 5080
2 46 275
2 47 1510
2 48 4918
2 51 1850
2 52 9
2 53 2747
2 55 2673
2 56 1800
2 57 822
2 58 3743
2 60 4129
2 61 20
2 62 553
2 64 827
2 66 2424
2 68 1504
2 70 1408
2 71 3347
2 72 5882
2 73 4530
2 75 415
2 76 2372
2 78 7097
2 79 1827
3 6 3567
3 7 3206
3 8 3709
3 9 6254
3 11 4533
3 12 5096
3 14 601
3 15 2170
3 16 4211
3 17 4396
3 18 566
3 19 286
3 20 5893
3 21 6130
3 22 3342
3 26 6904
3 27 2826
3 30 2907
3 31 1529
3 32 3115
3 34 7096
3 36 2844
3 37 1984
3 42 7126
3 43 3422
3 46 4745
3 47 3699
3 48 5790
3 50 1197
3 51 308
3 52 394
3 53 5476
3 54 5382
3 55 2833
3 57 4431
3 58 2374
3 59 1114
3 60 656
3 62 86
3 63 6268
3 64 7257
3 66 874
3 67 3609
3 68 4277
3 69 6047
3 70 2688
3 71 1750
3 73 4815
3 76 3535
3 77 6962
3 78 1079
3 79 5908
4 5 53
4 8 2365
4 9 7035
4 11 5188
4 12 2168
4 13 5831
4 14 7474
4 15 5788
4 20 2983
4 21 408
4 22 2901
4 25 2159
4 26 704
4 28 2051
4 29 7056
4 30 3245
4 32 5830
4 34 4655
4 35 3668
4 36 6581
4 37 6246
4 38 6098
4 39 434
4 41 2540
4 42 32
4 43 300
4 44 3222
4 45 1637
4 46 1724
4 47 4523
4 50 7144
4 51 6359
4 54 1559
4 56 1586
4 57 3018
4 58 5155
4 59 2263
4 63 6102
4 64 7268
4 65 1664
4 66 5438
4 68 5959
4 70 2064
4 71 3410
4 73 4968
4 76 6212
4 77 6276
5 6 1166
5 7 4554
5 9 4939
5 10 3576
5 11 4079
5 12 4139
5 13 7471
5 15 886
5 16 7411
5 18 3730
5 19 1795
5 22 6762
5 23 7287
5 24 2541
5 25 3704
5 26 4951
5 27 5040
5 28 5447
5 29 1390
5 31 212
5 34 4644
5 35 3820
5 36 5977
5 37 6275
5 38 3573
5 40 4948
5 41 3726
5 42 1205
5 43 144
5 45 5183
5 46 4220
5 47 5126
5 48 3989
5 49 823
5 52 7425
5 54 4754
5 55 6425
5 57 1025
5 59 2912
5 60 6378
5 62 5373
5 63 923
5 66 60
5 67 1650
5 68 4877
5 70 2663
5 71 502
5 73 5255
5 74 5863
5 75 3582
5 77 2472
5 78 3334
5 79 2970
6 7 5573
6 8 4110
6 9 4209
6 11 3748
6 12 2938
6 14 3515
6 15 570
6 16 4609
6 18 6747
6 22 7262
6 23 2964
6 25 5933
6 26 2423
6 27 2891
6 28 2639
6 29 1291
6 30 3450
6 32 4730
6 33 5554
6 34 1961
6 36 1435
6 37 233
6 38 2439
6 40 6589
6 41 2939
6 42 3441
6 43 4713
6 44 3462
6 45 4510
6 46 7256
6 47 608
6 48 5164
6 49 1928
6 50 1988
6 51 3583
6 52 4175
6 53 6378
6 57 4721
6 60 723
6 61 3076
6 63 1541
6 64 1877
6 67 4130
6 68 321
6 69 5637
6 72 7306
6 73 6060
6 74 7431
6 75 4810
6 76 265
7 8 4826
7 9 4260
7 15 5256
7 16 4686
7 18 2822
7 19 1633
7 20 6542
7 23 3590
7 24 238
7 25 5259
7 26 3689
7 27 5145
7 30 1910
7 31 2322
7 32 2426
7 35 6977
7 37 1151
7 38 4415
7 39 2844
7 40 5345
7 41 4163
7 42 6010
7 43 6950
7 44 6822
7 45 3687
7 46 6628
7 47 7449
7 48 6764
7 50 1555
7 51 738
7 52 4132
7 54 1582
7 55 5575
7 56 7359
7 57 401
7 58 3962
7 59 6007
7 60 4953
7 61 4451
7 62 3367
7 63 5581
7 65 4844
7 66 1179
7 67 4064
7 71 7313
7 72 3573
7 73 3257
7 74 6510
7 75 4008
7 77 2514
7 78 6371
7 79 1036
8 10 3465
8 11 3578
8 13 1725
8 14 5887
8 15 6002
8 16 5334
8 17 3332
8 18 4065
8 19 1070
8 20 4283
8 21 2854
8 22 6146
8 23 2691
8 24 2264
8 26 2527
8 27 7171
8 29 308
8 30 5537
8 31 3820
8 32 1065
8 33 4530
8 34 5819
8 35 2169
8 36 6293
8 39 5057
8 40 4717
8 41 5479
8 42 2825
8 44 220
8 45 3517
8 47 1549
8 48 3434
8 49 1447
8 50 4726
8 53 5922
8 54 1283
8 56 4249
8 58 4712
8 59 2075
8 62 2250
8 63 3971
8 65 4492
8 68 2152
8 69 4495
8 71 1823
8 72 4281
8 73 7011
8 75 4931
8 76 6725
8 77 5875
8 79 7417
9 11 2166
9 12 2703
9 13 5177
9 15 7265
9 16 3366
9 18 1367
9 19 6763
9 20 4090
9 21 5475
9 22 7372
9 23 2167
9 25 542
9 28 3770
9 29 1476
9 30 6079
9 31 3786
9 32 4037
9 41 4872
9 42 4057
9 43 5204
9 45 3152
9 46 6287
9 47 6269
9 48 4224
9 49 5924
9 50 7075
9 51 6619
9 52 5282
9 53 1766
9 54 1346
9 55 4154
9 57 3885
9 59 6793
9 63 2432
9 64 111
9 65 5498
9 66 5962
9 68 1295
9 69 4228
9 70 2765
9 72 3382
9 73 2131
9 74 1549
9 75 5049
9 76 315
9 77 3578
9 78 5907
9 79 3569
10 11 6765
10 12 2576
10 14 1038
10 15 2572
10 16 2323
10 18 3940
10 21 3906
10 22 6327
10 23 4179
10 24 1091
10 25 1853
10 29 1658
10 30 3967
10 31 2524
10 32 3779
10 33 3835
10 35 5010
10 36 4045
10 38 4130
10 39 7416
10 40 6448
10 41 1877
10 43 6369
10 44 1332
10 45 1488
10 46 6116
10 47 1352
10 49 1431
10 50 5223
10 51 3135
10 52 479
10 56 844
10 57 2411
10 58 6198
10 59 417
10 61 5638
10 62 4626
10 63 3089
10 64 6414
10 65 3362
10 67 3645
10 68 3908
10 69 1638
10 71 623
10 73 3118
10 74 2416
10 75 174
10 76 2363
10 77 6689
10 79 789
11 12 5378
11 15 6104
11 16 4861
11 17 2003
11 20 3852
11 23 6063
11 24 92
11 26 4472
11 27 3457
11 28 6163
11 29 2695
11 30 3433
11 31 6824
11 33 2467
11 35 7327
11 36 6040
11 37 953
11 39 6225
11 40 2867
11 41 2585
11 42 2686
11 43 6281
11 44 884
11 45 6921
11 47 867
11 48 2842
11 49 3326
11 50 1508
11 51 5057
11 52 347
11 53 2226
11 54 954
11 56 1315
11 57 2515
11 59 4052
11 61 5958
11 62 5096
11 63 2294
11 64 5097
11 66 2990
11 67 6322
11 68 2225
11 70 1423
11 71 5759
11 73 6377
11 74 6297
11 75 1816
11 76 4209
11 77 6930
11 78 4325
11 79 3582
12 13 1638
12 14 3855
12 16 6844
12 17 2665
12 20 7373
12 21 3070
12 22 6802
12 23 3359
12 24 6847
12 25 1566
12 26 6483
12 27 5528
12 29 3723
12 30 3014
12 31 5944
12 32 5307
12 35 3803
12 37 548
12 38 920
12 39 4609
12 40 3020
12 41 7471
12 42 2741
12 44 1724
12 45 5343
12 47 1565
12 48 6441
12 50 4660
12 51 3880
12 52 1822
12 56 2602
12 57 2051
12 58 5006
12 60 4976
12 62 5364
12 63 3492
12 64 1648
12 65 461
12 67 5753
12 68 1074
12 70 4953
12 71 2300
12 72 6462
12 75 3449
12 76 1272
12 77 2040
12 79 7178
13 14 1497
13 15 4411
13 16 5131
13 17 5343
13 19 3596
13 20 4202
13 21 1661
13 23 3960
13 24 807
13 25 6913
13 28 2493
13 29 4774
13 31 4452
13 35 889
13 37 6232
13 40 4146
13 41 6538
13 43 883
13 44 6802
13 45 2594
13 47 1166
13 48 3107
13 49 6223
13 50 406
13 52 2764
13 56 5314
13 57 3487
13 58 2414
13 59 4719
13 61 7028
13 62 5908
13 64 1001
13 66 1018
13 67 4297
13 68 2918
13 69 5022
13 70 5414
13 71 7402
13 72 2789
13 73 5420
13 74 1616
13 77 4405
13 78 5390
13 79 6775
14 15 1613
14 16 2502
14 17 2190
14 19 5338
14 20 3971
14 21 5656
14 22 3649
14 24 3755
14 25 4647
14 26 4105
14 27 213
14 28 5713
14 29 1132
14 30 1049
14 34 103
14 35 150
14 36 6925
14 37 3108
14 39 116
14 40 6222
14 42 1328
14 43 7323
14 44 1592
14 47 2000
14 48 3468
14 52 594
14 53 7361
14 55 1186
14 56 6322
14 58 1395
14 59 1998
14 60 1816
14 61 1443
14 64 7247
14 66 2083
14 67 1097
14 68 4940
14 70 5846
14 71 6663
14 72 4938
14 73 5744
14 74 5171
14 75 516
14 76 4649
14 77 6680
14 78 7186
14 79 3471
15 17 3217
15 18 4683
15 19 4305
15 20 1052
15 22 5881
15 23 3282
15 24 3500
15 25 5041
15 29 1116
15 31 3628
15 32 4448
15 33 6779
15 34 4051
15 35 1338
15 39 2711
15 40 2971
15 41 3771
15 42 3300
15 43 4263
15 44 5206
15 45 3471
15 47 4586
15 48 4824
15 50 623
15 51 5329
15 52 5780
15 53 1229
15 54 2011
15 55 6226
15 56 2310
15 57 3591
15 62 1113
15 64 4584
15 65 1123
15 66 7169
15 67 1234
15 68 6569
15 69 2400
15 72 6541
15 73 1988
15 75 5560
15 76 920
15 77 4350
15 78 7393
16 17 1005
16 21 4358
16 22 3045
16 23 6194
16 24 724
16 25 2515
16 26 6953
16 27 3929
16 28 3331
16 29 1472
16 30 5658
16 31 3040
16 32 4622
16 33 2159
16 34 2789
16 36 7228
16 37 1573
16 38 2386
16 39 3381
16 40 2804
16 42 191
16 43 6358
16 44 4439
16 45 4007
16 46 3577
16 48 5469
16 50 7252
16 51 5755
16 54 7472
16 55 5691
16 56 4519
16 57 5744
16 58 3073
16 59 4533
16 61 3390
16 62 6465
16 63 2741
16 64 506
16 65 3379
16 66 6132
16 67 3429
16 68 3610
16 69 4810
16 70 2496
16 71 4769
16 73 3891
16 76 5232
16 78 7258
16 79 6664
17 18 6035
17 20 5392
17 21 4678
17 22 3143
17 23 4997
17 24 4994
17 25 2468
17 26 2516
17 27 193
17 28 4723
17 30 7055
17 31 705
17 32 1679
17 33 6876
17 34 5536
17 36 483
17 37 6108
17 39 602
17 40 6422
17 43 7079
17 44 310
17 46 183
17 47 2590
17 48 2321
17 49 2713
17 52 5819
17 53 61
17 54 6807
17 55 2437
17 57 3861
17 58 1304
17 59 832
17 60 576
17 61 3656
17 62 7102
17 63 1067
17 64 4752
17 65 4689
17 66 5786
17 67 4310
17 68 802
17 69 5576
17 70 179
17 72 3297
17 73 7382
17 74 1034
17 75 347
17 76 2090
17 78 2974
18 19 2892
18 20 6000
18 21 3971
18 22 3103
18 23 2750
18 24 7255
18 25 6694
18 27 3016
18 28 7096
18 29 4241
18 30 1483
18 32 5561
18 33 4270
18 35 1183
18 36 2766
18 38 83
18 39 2834
18 40 2240
18 42 846
18 44 2832
18 45 4215
18 49 765
18 51 5426
18 52 6586
18 55 2230
18 56 1724
18 57 6437
18 58 3684
18 59 3843
18 62 5620
18 63 7048
18 66 6994
18 69 7183
18 73 6454
18 76 7236
18 77 7136
18 79 294
19 21 2988
19 23 1336
19 29 6005
19 30 2125
19 31 6378
19 33 2838
19 34 4806
19 35 805
19 36 80
19 37 1206
19 38 7198
19 39 4028
19 40 3338
19 41 3828
19 43 2784
19 45 4209
19 48 1379
19 49 2280
19 51 3969
19 54 4758
19 55 3244
19 56 2812
19 58 3162
19 59 3323
19 64 137
19 65 2964
19 67 3656
19 68 4117
19 69 1379
19 70 359
19 71 1346
19 73 4955
19 74 4255
19 75 5962
19 77 1623
19 78 609
19 79 7049
20 21 848
20 22 5599
20 23 2139
20 26 394
20 27 7476
20 28 2228
20 32 4687
20 35 5476
20 40 3371
20 41 1999
20 42 839
20 44 5171
20 45 5929
20 49 5637
20 50 5450
20 51 1973
20 52 2107
20 53 253
20 55 5728
20 57 990
20 58 106
20 59 5388
20 61 5078
20 63 2748
20 64 1253
20 66 6426
20 69 1159
20 70 5548
20 72 3559
20 73 262
20 75 5141
20 76 7353
20 77 7122
20 78 6128
21 22 3705
21 23 2931
21 26 5291
21 27 1960
21 29 4387
21 30 5122
21 31 1394
21 32 5993
21 33 1956
21 34 7245
21 35 7369
21 36 337
21 37 1513
21 39 1619
21 42 5676
21 45 246
21 47 3400
21 49 7374
21 50 4573
21 52 5454
21 53 3116
21 54 823
21 56 11
21 57 5160
21 58 4299
21 59 5699
21 60 383
21 61 4215
21 62 5044
21 63 5415
21 64 5564
21 67 5170
21 69 433
21 70 731
21 72 406
21 73 2170
21 76 4594
21 77 4310
21 78 6595
22 23 3310
22 25 6621
22 26 478
22 27 6878
22 28 1472
22 30 7328
22 32 6910
22 33 6738
22 35 259
22 36 487
22 37 3676
22 38 3248
22 39 4845
22 40 3337
22 41 1004
22 42 4979
22 45 6360
22 46 1338
22 47 2098
22 50 6926
22 51 7253
22 52 2044
22 53 4675
22 55 7202
22 56 7401
22 57 3328
22 58 7209
22 59 195
22 62 7240
22 63 6035
22 64 1514
22 67 5734
22 69 7109
22 72 2027
22 73 1885
22 74 1127
22 76 6148
22 77 6418
22 78 5381
22 79 1017
23 25 7108
23 28 6234
23 30 263
23 31 3805
23 33 6969
23 35 1495
23 36 105
23 40 6668
23 41 5169
23 42 899
23 44 5442
23 47 1001
23 48 1395
23 49 3003
23 50 131
23 51 1727
23 52 5127
23 53 3566
23 55 2522
23 56 757
23 59 3716
23 62 6345
23 63 2556
23 64 7448
23 66 4852
23 67 6695
23 71 198
23 72 3639
23 73 5941
23 74 5332
23 75 905
23 76 1659
23 78 4227
23 79 5217
24 26 2961
24 27 4677
24 28 6817
24 30 4779
24 31 5817
24 33 4329
24 34 1595
24 35 1043
24 36 931
24 38 687
24 39 359
24 40 6380
24 41 6999
24 42 4777
24 43 5909
24 44 4033
24 45 5692
24 46 427
24 49 5072
24 51 7371
24 52 1243
24 53 3180
24 55 3027
24 56 155
24 60 6048
24 61 4097
24 62 390
24 64 558
24 65 4372
24 66 4134
24 67 4931
24 68 1902
24 70 5047
24 72 726
24 73 2885
24 74 7388
24 79 2688
25 26 758
25 29 6581
25 30 4894
25 31 1393
25 32 2654
25 33 936
25 34 4530
25 35 954
25 37 532
25 38 7347
25 39 895
25 41 5035
25 43 222
25 44 5395
25 45 3125
25 46 3947
25 47 5369
25 48 6075
25 50 4898
25 51 3663
25 52 4602
25 54 415
25 55 5763
25 56 7134
25 58 110
25 60 3598
25 61 2193
25 64 1968
25 65 2499
25 66 3326
25 67 3287
25 68 4822
25 70 4452
25 72 559
25 73 6061
25 74 3154
25 76 2855
25 77 7371
26 28 1097
26 31 7192
26 32 603
26 34 3890
26 36 4063
26 37 3681
26 38 4958
26 39 4229
26 40 1912
26 43 1589
26 44 4963
26 46 597
26 47 4772
26 50 2903
26 51 4994
26 52 5504
26 54 3586
26 55 4468
26 56 4485
26 58 65
26 59 4769
26 60 3711
26 61 6739
26 62 7323
26 63 2810
26 64 133
26 67 3324
26 68 1894
26 69 359
26 71 1930
26 74 2100
26 76 4957
26 77 2820
26 78 6397
26 79 3437
27 28 3368
27 29 5939
27 30 2530
27 31 2814
27 32 5518
27 33 599
27 34 6953
27 35 6160
27 36 2886
27 37 4701
27 38 1946
27 39 308
27 41 1979
27 42 2582
27 43 2766
27 44 2081
27 45 5507
27 46 7405
27 48 3768
27 49 1058
27 53 5868
27 54 5911
27 58 650
27 62 6389
27 63 5247
27 64 6483
27 65 6529
27 67 5286
27 68 709
27 69 863
27 70 4770
27 71 7480
27 72 6439
27 73 7353
27 74 3259
27 75 4810
27 77 3221
27 78 1339
27 79 158
28 29 1466
28 33 3551
28 35 3112
28 36 2112
28 37 2304
28 39 3746
28 40 2404
28 41 3976
28 42 6552
28 44 1356
28 45 1665
28 46 4317
28 47 6984
28 48 6165
28 49 2831
28 51 6314
28 53 3848
28 54 4194
28 55 4892
28 56 2397
28 57 2806
28 58 691
28 59 2750
28 60 742
28 62 1258
28 64 1931
28 65 4484
28 67 7314
28 68 6086
28 70 6550
28 73 7478
28 74 3645
28 76 5302
28 77 6342
28 79 6020
29 30 4279
29 31 5971
29 33 6753
29 34 5887
29 38 1642
29 44 4482
29 45 6430
29 48 3132
29 50 2157
29 52 5288
29 53 1590
29 56 2041
29 58 5097
29 59 6330
29 61 6308
29 62 4756
29 63 1567
29 64 792
29 65 6296
29 66 1283
29 67 3412
29 68 2936
29 71 3467
29 73 7396
29 74 683
29 76 5779
29 77 4757
30 32 4290
30 33 1919
30 34 6039
30 37 2549
30 38 5205
30 39 6239
30 41 5813
30 43 4456
30 45 3990
30 47 1121
30 48 5161
30 49 739
30 50 5341
30 51 5324
30 52 1258
30 54 4931
30 55 1278
30 56 1063
30 57 5825
30 59 4137
30 62 3822
30 63 2786
30 64 2474
30 65 4652
30 66 246
30 68 4438
30 70 4197
30 72 2926
30 73 4106
30 74 5246
30 75 217
30 76 3726
30 77 5411
30 78 6571
30 79 715
31 32 6991
31 36 302
31 37 4406
31 38 6931
31 41 5757
31 42 5405
31 43 5158
31 46 1175
31 47 5402
31 49 2295
31 52 362
31 55 5642
31 56 1980
31 57 5388
31 58 5268
31 59 3944
31 61 6144
31 62 1643
31 63 5461
31 64 4329
31 65 2797
31 67 1346
31 69 4101
31 70 1168
31 71 6054
31 72 4488
31 73 4825
31 74 3775
31 75 593
31 76 2611
31 77 3266
31 78 4193
31 79 2759
32 33 4769
32 34 140
32 36 576
32 37 600
32 40 1401
32 41 4390
32 42 4252
32 43 1570
32 44 4255
32 45 169
32 46 1699
32 48 656
32 49 7024
32 50 5055
32 51 705
32 52 913
32 53 4622
32 55 4855
32 57 6255
32 58 105
32 59 6109
32 60 3422
32 61 5987
32 63 5984
32 65 1747
32 66 6317
32 68 2724
32 69 4389
32 70 4178
32 71 2743
32 72 845
32 73 4000
32 74 4055
32 75 5312
32 76 4466
32 77 681
32 78 4382
33 34 2865
33 36 3464
33 39 3853
33 41 742
33 42 3527
33 44 5434
33 45 3472
33 48 6642
33 53 3961
33 55 2667
33 63 7088
33 64 73
33 66 1982
33 67 6030
33 68 715
33 69 2900
33 70 4808
33 72 7267
33 74 3727
33 75 2346
33 76 6318
33 77 2531
33 78 2931
33 79 468
34 35 5546
34 36 38
34 41 4459
34 42 2328
34 43 2169
34 44 7381
34 46 627
34 47 3127
34 48 2582
34 49 5293
34 50 3402
34 52 712
34 53 4282
34 54 4897
34 55 3375
34 56 5191
34 58 2149
34 59 869
34 60 185
34 61 739
34 62 7404
34 64 1882
34 65 898
34 66 4484
34 67 5006
34 68 4304
34 69 1439
34 70 3325
34 71 4256
34 74 2140
34 76 1304
34 77 3804
34 79 4542
35 36 5734
35 37 4236
35 39 3985
35 40 7284
35 43 775
35 44 2801
35 46 488
35 49 3469
35 50 5662
35 52 4637
35 53 5505
35 54 6110
35 55 1200
35 58 6167
35 59 1885
35 60 1115
35 61 7312
35 62 3752
35 63 304
35 64 3100
35 65 5091
35 66 6443
35 68 4208
35 69 4803
35 70 4622
35 72 1045
35 73 5457
35 74 1635
35 75 4050
35 76 1425
35 77 3479
35 78 3608
35 79 3848
36 40 4745
36 41 4680
36 42 6821
36 43 5315
36 44 4867
36 45 4392
36 46 2333
36 47 6061
36 48 7494
36 50 2364
36 53 4195
36 55 6894
36 57 4045
36 58 174
36 59 2942
36 61 2032
36 62 6643
36 63 5472
36 64 3
36 66 6063
36 67 7090
36 69 805
36 70 1485
36 71 6102
36 72 1275
36 73 7420
36 74 2039
36 76 5238
36 78 6610
36 79 3988
37 38 256
37 39 6989
37 40 7467
37 42 2009
37 43 2973
37 46 3823
37 47 3481
37 48 2807
37 49 1340
37 50 2366
37 53 4699
37 54 5564
37 56 2667
37 58 1007
37 59 5013
37 61 5874
37 62 973
37 64 5852
37 67 4806
37 68 2158
37 70 4523
37 71 4295
37 72 5771
37 73 1541
37 74 2425
37 75 7341
37 76 4066
37 77 3836
37 78 6818
37 79 6976
38 40 6977
38 41 4009
38 43 166
38 45 4014
38 46 4856
38 48 7185
38 49 6479
38 51 256
38 52 5874
38 53 7202
38 54 2913
38 56 3973
38 57 4501
38 58 514
38 59 1104
38 60 6520
38 61 2816
38 62 4134
38 63 3059
38 64 100
38 66 5431
38 67 3607
38 68 5955
38 69 4763
38 70 6874
38 71 6069
38 73 7106
38 74 6448
38 75 1429
38 77 6800
38 78 4457
38 79 3157
39 41 4876
39 42 3304
39 43 649
39 44 6055
39 45 2282
39 47 6789
39 48 1475
39 49 1195
39 53 1637
39 54 28
39 55 1358
39 56 6585
39 57 2208
39 59 5935
39 60 1577
39 62 6552
39 63 2755
39 64 4027
39 65 5825
39 67 2534
39 68 1355
39 69 3463
39 70 6836
39 71 1359
39 72 4583
39 74 3443
39 75 3400
39 76 7403
39 77 3292
39 78 4242
39 79 4278
40 41 1379
40 43 6056
40 44 2726
40 45 2977
40 46 5141
40 50 4473
40 52 3734
40 54 5202
40 56 3956
40 58 2445
40 59 6593
40 60 3002
40 61 6378
40 62 5378
40 65 2000
40 66 2959
40 67 6673
40 68 7157
40 71 6231
40 73 2784
40 74 6603
40 76 3353
40 78 1297
40 79 7280
41 42 6135
41 43 4849
41 44 6957
41 45 6008
41 46 5625
41 47 2187
41 48 4306
41 49 6839
41 50 3413
41 52 6197
41 53 2215
41 54 5333
41 55 4823
41 56 6863
41 57 1890
41 60 3681
41 61 175
41 63 3189
41 65 4227
41 67 262
41 69 2526
41 71 1222
41 72 2476
41 73 6775
41 74 535
41 75 7404
41 76 2127
41 77 6030
41 79 3455
42 43 116
42 44 3913
42 45 2265
42 48 7252
42 51 4179
42 56 3747
42 57 7246
42 59 3711
42 60 2776
42 63 4547
42 64 5308
42 65 4943
42 66 5051
42 67 323
42 68 4185
42 70 6462
42 71 327
42 72 5325
42 73 524
42 74 2853
42 75 3259
42 76 1684
42 77 2168
42 79 7360
43 45 4019
43 46 5853
43 47 6510
43 49 2563
43 51 622
43 52 6020
43 54 3844
43 55 6619
43 56 221
43 57 6376
43 58 6274
43 60 401
43 61 492
43 62 6737
43 63 6886
43 65 5895
43 66 971
43 67 3899
43 68 431
43 69 4657
43 70 7277
43 72 5247
43 74 2338
43 75 4931
43 77 5563
43 78 6119
43 79 5790
44 45 3065
44 46 647
44 48 5076
44 49 4525
44 50 353
44 51 1508
44 52 4037
44 53 4860
44 54 5383
44 55 6952
44 56 2172
44 58 2464
44 59 6897
44 60 6203
44 61 4140
44 63 3638
44 64 6428
44 66 2305
44 68 6111
44 69 6143
44 73 6267
44 74 1436
44 75 3705
44 76 4371
44 77 3671
44 78 4953
44 79 1453
45 47 3165
45 48 2059
45 49 4145
45 51 4535
45 52 1859
45 53 3767
45 54 7315
45 56 6081
45 57 425
45 58 3858
45 59 5993
45 60 6468
45 63 2564
45 64 7240
45 65 3354
45 67 6350
45 69 3384
45 70 4277
45 71 3733
45 72 981
45 73 5474
45 74 1357
45 75 1183
45 76 48
45 78 5367
46 47 4411
46 48 2396
46 49 429
46 51 5952
46 52 790
46 53 5686
46 54 3999
46 55 4488
46 56 332
46 57 7310
46 58 5900
46 59 5132
46 60 3458
46 61 406
46 62 4444
46 64 5497
46 69 3229
46 71 4099
46 72 1229
46 76 6101
46 77 2242
46 78 1158
47 48 3622
47 49 3838
47 50 2934
47 51 5260
47 52 5129
47 54 2405
47 56 5633
47 58 2231
47 59 6696
47 60 1180
47 61 4112
47 62 6522
47 64 179
47 65 1360
47 66 6113
47 68 398
47 71 1309
47 72 1673
47 73 5642
47 74 1846
47 75 6931
47 76 3898
47 78 5078
47 79 71
48 49 261
48 52 2278
48 53 796
48 54 1649
48 56 5330
48 57 6909
48 58 4497
48 60 2638
48 61 4697
48 63 125
48 64 4656
48 65 3951
48 66 3654
48 67 6156
48 68 2752
48 69 3705
48 71 3447
48 72 2772
48 73 6181
48 74 1847
48 75 736
48 76 669
48 77 2028
48 78 4700
49 50 3573
49 51 6776
49 52 3608
49 55 4356
49 56 4265
49 57 7340
49 60 4629
49 62 7220
49 63 3542
49 64 275
49 67 6131
49 68 2860
49 69 1155
49 70 7451
49 72 1731
49 75 3754
49 76 4351
49 79 840
50 52 6563
50 53 1205
50 54 2976
50 55 4517
50 56 3781
50 57 939
50 58 3822
50 59 6065
50 60 7326
50 62 4091
50 64 6697
50 68 3555
50 70 6264
50 71 4943
50 72 701
50 73 1446
50 74 1479
50 75 6068
50 78 2214
50 79 3864
51 52 7434
51 53 4981
51 54 1361
51 55 6583
51 58 1261
51 61 1803
51 62 7491
51 63 7094
51 64 6572
51 65 4366
51 66 2340
51 67 4084
51 68 4774
51 69 6591
51 70 6369
51 72 6581
51 74 4287
51 76 5547
51 78 5570
52 54 186
52 56 5610
52 57 1565
52 58 1133
52 59 5036
52 60 1830
52 61 3628
52 63 6551
52 64 1136
52 66 4274
52 67 2320
52 68 1708
52 69 6742
52 70 5753
52 71 7076
52 72 853
52 73 2267
52 74 4989
52 75 5825
52 77 155
52 78 1767
52 79 266
53 54 570
53 55 4670
53 56 4526
53 57 3935
53 58 3555
53 59 4940
53 60 1163
53 61 1373
53 62 797
53 65 1750
53 66 6742
53 68 6896
53 69 411
53 73 705
53 74 4826
53 75 4300
53 76 2280
53 77 3022
53 79 3036
54 58 6636
54 59 6580
54 60 2989
54 61 4010
54 62 4068
54 63 896
54 65 7327
54 66 5354
54 67 7244
54 68 6578
54 69 4216
54 70 580
54 76 6963
54 77 3975
54 78 5736
55 56 1097
55 58 5294
55 60 1295
55 61 1408
55 63 3
55 64 6081
55 65 3003
55 66 6789
55 67 1355
55 68 4792
55 70 4255
55 71 6073
55 72 3806
55 73 4862
55 75 4642
55 77 3631
56 57 841
56 59 7128
56 60 1453
56 61 259
56 64 1349
56 65 1183
56 66 167
56 67 872
56 68 4207
56 69 4380
56 70 946
56 72 1531
56 74 1638
56 75 2245
56 78 3493
57 59 4181
57 61 4382
57 63 329
57 65 1200
57 66 208
57 67 1951
57 68 5108
57 69 379
57 70 5178
57 71 7127
57 72 4028
57 73 6409
57 75 2348
57 76 4673
57 78 6591
57 79 1615
58 64 5901
58 65 5542
58 67 365
58 69 4395
58 71 1316
58 72 603
58 73 6564
58 74 1423
58 75 6197
58 76 4543
58 78 5009
58 79 3005
59 60 5672
59 62 2924
59 63 5161
59 64 710
59 68 2132
59 69 1439
59 70 4589
59 72 7261
59 73 2674
59 74 91
59 76 1654
59 79 5957
60 61 1656
60 62 1372
60 63 2089
60 64 5016
60 66 624
60 68 3462
60 69 543
60 70 6244
60 71 6662
60 72 2779
60 77 3775
60 79 2232
61 62 5292
61 63 4363
61 65 4282
61 66 6564
61 68 4504
61 69 2550
61 71 3099
61 72 5793
61 73 1008
61 74 5081
61 76 1849
61 77 3895
61 78 2094
61 79 1884
62 64 6247
62 67 1596
62 68 1777
62 70 6922
62 72 2814
62 73 4512
62 74 6296
62 75 2176
62 76 2703
62 77 5724
62 79 4616
63 64 3668
63 65 842
63 66 2950
63 67 3390
63 68 3271
63 69 6605
63 72 4892
63 74 1427
63 75 1297
63 76 1611
63 78 4313
64 65 4324
64 66 4641
64 68 2492
64 69 3834
64 70 298
64 72 3569
64 73 725
64 74 3604
64 75 1470
64 78 3368
65 66 4978
65 67 7215
65 69 7239
65 70 4099
65 71 2746
65 74 3963
65 75 1665
65 76 5282
65 77 300
65 78 1811
66 67 2132
66 69 5028
66 70 1456
66 73 6711
66 75 5301
66 76 3665
66 77 782
66 78 401
66 79 256
67 69 1645
67 70 398
67 72 1060
67 73 6219
67 75 4029
67 76 1035
67 78 966
67 79 4629
68 69 3827
68 70 7073
68 72 354
68 73 3861
68 76 5167
68 77 7470
68 78 4183
68 79 4327
69 71 6370
69 72 7122
69 73 6201
69 76 7069
69 77 54
69 78 3415
69 79 1089
70 71 7480
70 72 2086
70 74 212
70 75 1354
70 76 2267
70 77 3409
70 79 6502
71 72 3434
71 73 2754
71 75 6612
71 78 5908
71 79 2363
72 74 589
72 76 1526
73 74 3933
73 78 1464
73 79 2032
74 76 5858
74 77 1210
74 78 6495
74 79 4843
75 76 5471
75 79 6680
76 77 5574
76 79 2624
77 78 1860
