35 80 3160
6279 3042 3683 273 1902 650 5268 3719 1831 2554 5128 5363 1345 1409 4349 3418 5380 6580 2959 1293 3662 7436 4483 4408 1351 2490 5141 5936 1021 2453 2640 7299 4346 6322 6423
6247 6971 4190 2466 154 5595 6445 5516 6940 6705 2364 2857 3436 296 4668 4728 2809 3455 562 6068 4806 1903 3708 2093 2924 5013 4732 2722 710 2405 1645 6957 727 4686 774 880 2781 7218 6396 2220 6422 111 3928 2357 406 1095 5936 2066 4550 6497 634 707 899 3193 2799 2674 705 6382 4248 1415 1286 4744 7223 2012 1929 496 1744 4709 6565 6991 5780 5486 7101 2208 6694 6359 3302 5129 7276 6703
2977 409 7409 2727 3602 2707 5401 3158 1588 2148 3424 1725 6891 1998 3737 171 2493 4332 3732 409 3822 2011 5894 2274 4218 3939 1132 6372 419 908 5574 3395 168 4335 4974 2621 7041 1726 4631 7481 2725 6906 1705 2115 1404 4293 1137 2748 1124 4868 3157 3797 6879 402 6071 2448 4341 7202 1319 4759 6961 5745 7006 5981 2579 4479 1101 971 5056 5731 7303 280 5137 1508 1246 5392 4652 2382 639 5776
7250 2647 924 5480 3049 6994 427 6241 5548 598 3499 3860 5194 1856 2340 6624 5186 3441 94 2741 523 7397 3020 4511 256 4265 1254 4907 6647 745 2034 5248 3391 2958 3227 5291 1303 2505 4031 6850 3102 6382 2062 7147 737 4401 6270 5923 6693 5216 1163 6068 3964 3035 3078 3071 7299 3184 477 5297 3928 1363 3044 7318 3172 6270 5109 3326 127 491 2676 2080 6872 3589 1727 109 489 6848 4883 6034
4563 4897 4601 7378 431 6530 2948 6582 2213 2277 4378 6140 2491 7422 4810 4514 5043 1270 339 5169 1760 1866 7249 1132 5454 1475 92 4795 7174 4974 3328 3089 1222 6780 2966 1653 5809 4766 734 6874 5894 3963 4365 884 3884 1674 5397 279 1795 4587 5447 3555 6453 4047 3538 4406 4373 3629 1700 4047 7454 3879 7135 1175 3158 1452 1679 1467 5069 2412 840 3462 5227 5204 3197 1610 5730 7445 740 24
4532 6187 2430 3484 1585 5967 6741 5958 2095 941 1356 900 4819 7342 2075 477 1293 3753 795 6362 5017 486 1175 2743 5689 4372 3204 2770 4316 3944 2794 199 1482 5223 3682 3066 2542 2923 375 4636 2715 1730 5536 6385 423 6462 6861 1716 2714 6507 6929 6582 6992 603 1824 5181 3826 5028 6802 642 323 947 840 1804 5022 3374 3721 63 5148 4096 3550 362 4677 1585 5598 5100 6898 4959 5667 2112
3965 3947 1193 3457 4549 1869 7489 875 5748 5642 368 6070 6589 59 6725 4110 2284 2945 4172 7431 5892 221 6644 1921 658 4742 5872 55 1052 4038 1018 3868 484 1063 6176 3884 2931 5016 3610 30 3158 3977 6099 2246 2888 5323 5207 5171 7119 1878 3954 5511 950 3097 7431 1607 6690 5802 514 241 1191 1531 4109 526 2593 1636 4409 4375 6652 6871 3256 2309 3347 1854 3406 5086 6028 1112 2757 5647
1841 6710 3657 2790 1158 2439 4397 348 740 4910 6940 1930 5292 2400 2455 6737 4036 5715 2463 2039 5085 5719 4347 7284 72 6604 4869 4952 215 6477 1950 2055 4538 4458 3696 5696 6896 592 4895 6487 4353 3186 7268 2145 5586 2222 233 973 6788 2695 3011 3225 913 6209 3008 7337 5312 6728 4788 4378 5705 6737 6432 1594 3694 2627 6141 1941 2071 3535 927 5275 5573 694 6271 3658 1767 6503 4630 1054
1698 6492 4278 2610 5200 6137 1298 3011 5365 6085 7388 2421 4173 5171 4014 6718 6649 2655 1158 71 5041 936 5346 3113 1629 4116 5622 3395 3119 1603 3301 4816 594 6430 6277 5793 3919 75 1303 1783 5011 42 3055 536 5212 7068 7253 4361 1074 7263 4431 4967 698 1128 6931 1179 5244 3905 3425 862 5507 5577 4529 4953 4507 2157 3245 7277 2231 3400 1559 6094 3441 4613 6629 5 3032 5233 3217 2958
3847 6499 6776 4545 127 6206 5723 5370 2610 499 5083 6969 6076 2111 4421 1934 3119 6517 1710 5350 1268 3268 2795 4709 6732 775 3565 1115 6007 6781 2924 2354 5779 2199 5750 4757 905 2824 2626 2366 3322 6560 686 1897 22 3958 3830 3141 1827 5539 7342 3094 158 2636 6654 5741 3410 2718 6856 768 850 1131 3121 6629 3330 222 2737 3086 3045 5363 4303 6367 3274 4989 763 3296 298 3445 5288 2124
1483 5129 5218 1641 6616 3223 6233 1377 5941 4440 2144 6790 5571 4117 4770 1400 4338 7 4485 7383 4221 1287 6249 7494 5127 5863 2141 4277 1807 6280 6400 3290 3908 2969 3782 1875 6192 1366 3251 3484 5806 5395 2773 3876 863 6395 5275 5200 6401 1111 3934 1973 1249 2682 818 5228 7397 1811 2004 1703 590 7255 3844 3350 2724 6477 5224 267 343 975 3750 6148 5221 6522 2523 4935 4268 6649 2634 2020
259 6568 3992 359 601 4810 5586 497 5472 6441 2200 6061 6196 4895 1910 1419 3872 7134 537 4214 6960 4286 1713 3532 2159 3087 966 6427 2235 3599 946 1345 1518 3790 1703 2119 1099 6141 1467 6570 5081 2518 3982 3776 7413 5892 4046 3784 4377 4582 6849 3836 1367 1061 7367 2378 4147 7184 1304 5233 3282 1101 5429 3652 4890 5983 4622 4840 4623 6088 2761 1056 7458 6743 4831 7370 5134 229 2505 862
4810 1853 4697 5029 1765 3415 7406 4763 3098 61 2495 5231 1161 6775 1382 6051 5257 4855 3390 1232 2295 6151 2287 2252 4245 5969 2121 1878 6197 4625 2739 2359 5329 6287 6239 7093 1053 4996 3207 4150 5056 4553 732 5068 3827 2114 2470 1583 5820 5860 2814 614 3362 5100 2865 106 2421 3837 835 1117 7313 2425 2327 5141 63 1065 3585 1115 6060 6791 5264 2467 3843 5995 35 169 6960 2504 604 5280
7215 3417 4745 1928 7369 110 885 2289 3946 1719 2257 2611 2995 4584 251 3057 4500 2688 4171 1912 1978 786 4378 4673 5633 3264 3693 5092 5768 4296 1723 4334 6565 6468 6262 5285 5429 7146 73 1874 217 1181 4484 3211 4616 3587 5120 1616 6274 642 3527 7103 1428 404 4275 7060 3668 468 3503 787 4763 5226 5120 2679 3045 2733 463 973 1231 6887 1698 1447 568 5034 3509 5183 1120 1128 5650 6245
622 1676 5847 2049 932 2622 1608 3451 1941 5110 4237 5555 1687 708 734 4731 2293 1196 5703 3523 583 7401 4969 2 4934 7329 5184 4905 7309 3334 3649 430 3861 847 2478 4792 3468 2937 742 4260 6898 3830 2315 7437 3390 3048 4667 5682 4243 1722 1704 3677 1622 5524 3678 5407 5352 214 1663 5160 2399 5311 4441 5111 6157 5770 2403 977 1206 1996 5236 6956 4678 50 6892 567 1949 2910 6248 6192
4631 451 1220 5104 5974 3750 1862 2677 3963 3524 337 5213 186 3629 2823 5195 1899 4077 5023 1956 4925 2758 1411 2102 1660 802 2668 2460 2564 1415 3 7194 1865 1223 4798 6690 4972 6659 1866 286 1535 1054 4350 1720 4683 7172 6914 5433 2601 4436 7388 25 6046 1299 2126 6557 952 4793 1516 3515 5059 1519 2061 5775 1593 6858 4964 6564 4868 5681 5701 5254 6735 2550 6974 2769 1073 5239 701 2525
1027 588 2549 5924 738 3526 3832 542 818 5347 2908 5876 5717 4968 4150 6161 3177 465 4076 545 6146 2276 4650 4232 3677 4123 7000 3602 714 6552 6126 592 7139 27 6515 6729 3552 1698 7270 4370 5896 2677 1597 4113 6497 4599 2773 2173 3915 6849 1569 2560 476 6219 6791 3005 1693 5142 6606 2406 4193 5231 1849 2684 5257 7215 1912 1309 1412 533 4530 7308 2061 4978 2772 1057 928 4396 3230 3695
2596 4798 6254 1924 3516 4397 4928 4061 2038 4033 6466 5083 615 7167 266 4724 6881 2177 4884 7145 1561 765 6952 2473 4594 1075 3530 5522 5470 5611 1716 6918 1760 6821 1341 4128 2569 6268 688 4607 1652 6005 2189 2266 5671 1306 6989 3904 2334 3224 3548 3894 3988 1851 6366 1082 2925 1247 5455 7246 5709 7170 6663 7469 5342 6855 2948 411 5622 3635 3869 6125 991 4909 7243 6662 6214 6731 1917 1047
2455 5464 3792 5294 7314 1509 6375 1590 2756 4329 1335 7316 2850 6850 7284 692 6204 1583 7454 3178 5217 3822 1802 6208 1230 1544 4221 6295 7127 6137 7341 933 2952 2484 6226 1617 3992 3953 3206 5599 781 3392 5415 3631 2741 4050 3174 297 5633 3127 2326 2201 6948 2979 908 7029 3375 3980 5823 1853 1468 4515 2785 3271 6998 362 4887 2341 3166 6944 440 3947 1688 4706 6429 3280 1255 2102 3576 6887
5228 4753 1588 3527 232 1347 3055 3606 4179 229 5458 5646 3595 7094 269 1944 6307 5155 4284 1973 3451 3575 5919 3990 780 4847 7269 2035 5800 2197 273 3527 6949 712 5905 7180 911 311 2137 5089 539 94 2086 2985 7187 2354 4928 5994 6361 563 466 1163 4138 5236 5152 4917 1434 3772 5803 7233 5968 4928 2111 4269 5639 515 3948 6549 825 4937 2989 215 5030 5075 3199 3569 6280 6978 914 5140
6392 231 5154 3029 5466 2805 6798 5751 6577 3952 5483 3896 1379 6445 664 7018 5811 4612 4918 6635 900 407 5701 5929 4333 251 849 3112 7228 1762 7104 6119 1992 4757 500 6309 62 6149 3411 5490 2600 245 1885 3979 6689 2549 2348 4999 6012 7265 2985 6911 6523 1185 5339 3355 1435 5040 5319 14 6801 4922 6133 145 2178 5484 5305 2239 4132 1216 6580 6731 1460 965 2061 7001 3513 4408 4499 2024
3025 7484 1434 2047 20 5624 4254 307 3163 2072 320 1316 5845 5304 1460 522 3287 6764 1613 7418 6831 692 5501 7143 1656 61 6643 4020 3321 2493 6043 6345 2476 6328 7243 1348 4452 2848 1654 6466 3771 1973 281 2115 7277 592 2637 1915 6208 3101 685 5538 3792 6185 5180 4300 5097 3174 819 7269 5667 5714 6113 6994 4541 4708 841 344 55 2494 6810 2678 3319 5942 4792 1947 6534 6280 2713 5241
732 3397 2130 3376 933 6162 175 4882 1835 7345 4650 1 5558 2115 6995 1451 6822 335 1794 5728 1681 7455 905 3851 5897 4549 4649 3782 3328 7361 374 4060 2110 2503 7435 3042 1164 6461 6775 1851 5157 3925 1851 3215 6039 1345 3517 4212 532 5310 1291 1064 4117 2196 3766 1365 5596 914 5146 275 7126 5519 3186 1735 6873 1972 3629 537 932 1755 2387 6089 5679 3089 655 3069 3286 4171 6132 2669
832 7423 2584 4948 970 6349 6312 5417 6114 2809 5691 4591 827 1377 5178 6552 3348 1306 7088 4280 1912 826 1720 6443 2766 1226 863 6051 5396 6995 1219 5079 5769 3802 1379 5590 1502 190 3506 6467 1851 1696 3558 1529 1924 1235 580 5272 1392 6519 903 3303 6196 2622 2245 1462 2699 3108 6364 594 1454 6435 5672 6074 1588 5902 4163 3090 6092 6520 2056 6794 715 4465 822 2639 5699 254 6762 5942
6772 164 1745 5468 1637 2841 5781 4335 4800 4644 3780 5105 3578 803 3678 5166 6705 340 7107 4148 5711 1662 3441 6426 6127 3114 416 3177 3367 7177 1619 2639 6192 2215 6958 328 5055 5238 3514 1207 2381 7293 6311 4811 595 2489 2476 7299 1680 2082 2798 7391 2595 6238 5168 73 1852 4435 2102 5218 4111 3720 6708 1654 4786 6165 1981 1192 3902 5494 2398 5135 4138 61 2445 4732 1401 3772 3383 1932
5853 6180 674 7299 3770 5841 7372 5621 2775 1973 2190 5737 4544 250 6242 1829 6414 722 3020 1668 5067 4270 5654 1704 4330 6950 5288 5730 3221 22 6513 425 5053 7187 223 1322 5527 94 5794 7154 918 6836 4242 4313 7085 2984 6141 4850 2557 513 6517 6476 3634 3522 7031 6815 2971 3670 5044 6191 3691 4056 6615 1244 2594 6838 1417 621 5783 7211 6626 5553 6546 2219 1217 6130 4054 6210 3479 5463
6722 1348 4438 1707 3721 2820 1021 6692 6490 4916 4234 1532 323 2201 1627 2917 390 3044 2389 5024 1606 1514 3076 651 2584 3145 5632 6638 1854 462 4600 7427 661 389 1633 4382 3208 2653 2425 1049 68 5510 2581 390 210 4207 3306 599 6102 5694 5623 207 6059 50 857 1143 3194 5340 6632 3899 5802 2583 3825 5314 1823 5457 1047 3882 609 3471 4931 7028 1481 11 7418 542 3069 2075 1141 1671
6621 5615 1877 5179 4516 1586 5173 6562 5777 3156 2960 2930 4590 6785 744 6412 4741 1790 2794 4202 4113 224 3729 5593 6586 2498 4986 2154 4573 6126 2676 3693 3092 3405 223 108 4990 4248 5521 2118 7403 980 5048 3345 264 5791 2256 3857 6432 3901 558 3044 2976 3138 7488 2061 5636 4974 3067 2708 2451 4594 5252 5543 498 4326 4502 4339 1073 2522 6457 7328 3501 4004 2024 2617 1146 4279 5325 77
7032 4734 3121 2507 371 1960 3420 6006 6933 5338 65 1884 2431 4168 7426 1781 994 3279 6119 918 5800 5075 7097 652 430 1620 2120 1575 4751 7444 504 4282 4677 2476 5640 5048 4435 411 2405 2720 5748 2470 4603 7031 5489 3380 1311 6482 6658 7429 6252 4957 3856 5848 4460 4285 6320 6580 4712 3570 6523 4067 6703 2552 5394 3694 6451 2328 4105 207 5047 2352 1528 1001 1882 7017 3232 2044 4850 2389
1973 3601 6197 4680 801 3157 316 7120 2236 5027 2041 110 445 1243 1513 5838 4936 463 7018 392 670 3416 1596 2197 4417 3477 565 148 4373 5415 1389 6345 1515 85 3524 2315 2093 3839 786 3180 218 2826 2142 7014 2920 3654 5352 6708 2969 3721 7099 2490 7136 1194 3538 2904 3523 4103 1904 395 2017 3292 5591 2383 2228 466 4698 3173 3156 4335 6352 2225 7161 993 1739 1432 3499 5942 639 5319
2162 6590 308 1797 6635 3845 3553 2657 447 5456 1903 1315 1247 6345 3698 2326 6810 7247 5498 1318 4081 4350 3542 2593 4194 4132 4025 6544 2573 3515 4362 4734 1456 4669 5383 591 7366 1435 2099 6664 6890 4002 479 6988 1698 4176 1813 7360 2774 6163 1177 6854 1864 4718 799 4909 1350 3675 3953 2774 7189 814 6360 7497 4335 4242 587 4200 4528 2685 2215 2769 5538 2693 1108 7236 5720 1772 7095 7345
434 7123 6699 2297 4340 6349 7206 4541 2523 2510 7315 1063 2175 6174 1059 6509 1767 1645 2060 5146 3182 3127 414 1219 5819 1521 7306 2891 2144 5752 2735 2578 5374 785 3726 1066 7133 2283 4458 2155 4792 4272 2070 5819 1797 3128 3679 2415 4773 4591 60 6806 217 6825 6876 6035 7197 6682 277 1841 3785 3012 3270 511 2648 6995 1576 1133 630 6033 2139 4273 1657 4208 2591 2305 7336 6270 4720 3460
3360 3631 2765 3576 2956 992 962 2652 173 1239 3344 2810 3102 6613 3320 4601 4960 4895 5733 5589 2279 372 2361 3935 4579 4952 6240 3266 2573 2311 6725 5932 5941 841 859 1396 1833 1820 2900 857 1910 6243 3666 3863 4208 5837 7316 1667 2083 5548 7255 4362 5919 967 7148 1850 4770 4739 5115 7342 7049 3192 4625 4342 4032 5483 4589 4716 6155 7488 5573 564 5083 590 3279 642 6427 3094 2308 1009
1141 914 4222 5912 732 2722 6613 5502 7460 4227 5343 5861 7418 2468 2702 2802 450 7290 17 6604 6130 4441 6020 2564 5031 650 3205 2809 3743 5512 2669 3735 5277 6891 998 6008 2112 110 4009 923 3189 704 6783 1958 3171 836 4759 2472 626 3628 428 5607 6920 6447 670 4450 7096 3874 6110 2190 737 1279 5924 6013 7021 5774 4520 484 5883 7381 1406 1571 584 7041 2381 2606 6728 7139 5077 6205
2118 4356 4311 1538 2154 4980 4839 1749 1353 3449 2790 941 4727 66 6953 3099 5839 2825 3582 4221 1557 3839 4644 2140 3379 7024 3597 2607 5514 1173 1311 6484 4381 4474 521 6534 1953 4211 7135 2158 159 2424 3098 3737 2489 1403 6835 7179 3079 1768 2752 4635 5607 7395 6774 337 5770 2870 1795 2635 2894 1958 1618 6126 6431 990 5160 7235 5201 4794 744 4211 7217 2694 448 1058 4096 6134 736 7174
402 3487 3160 4860 2233 1285 5196 6854 3006 6991 841 5899 1448 1310 4525 6730 1152 1036 6464 6352 5829 6060 1914 4397 1253 1213 4306 4200 7347 5042 3873 6600 7380 5884 3959 965 7168 506 6670 2673 7496 10 7423 295 172 4447 5876 1323 4334 3692 6526 2662 2251 939 5911 3503 1004 2716 202 7202 257 2926 6301 6489 1309 1611 6305 976 2116 4326 3648 964 3188 3570 1258 3359 6869 7134 4681 3702
0 1 5216
0 2 2150
0 3 6942
0 4 6596
0 5 2029
0 6 2884
0 7 2729
0 8 1282
0 9 5680
0 10 4732
0 11 6732
0 12 1607
0 13 4500
0 14 1061
0 15 6489
0 16 4007
0 17 5770
0 18 4070
0 19 1864
0 20 1943
0 21 6049
0 22 948
0 23 3486
0 24 5827
0 25 7023
0 26 3825
0 27 4832
0 28 5535
0 29 7361
0 30 1254
0 31 6590
0 32 757
0 33 1620
0 34 273
0 35 6842
0 36 5080
0 37 4745
0 38 4371
0 39 7108
0 40 2394
0 41 5755
0 42 4236
0 43 1853
0 44 2620
0 45 1365
0 46 4619
0 47 485
0 48 3016
0 49 405
0 50 3291
0 51 4355
0 52 3988
0 53 5749
0 54 2329
0 55 2406
0 56 2190
0 57 7497
0 58 1449
0 59 6398
0 60 1266
0 61 6793
0 62 5919
0 63 2611
0 64 7085
0 65 4722
0 66 1612
0 67 2597
0 68 2027
0 69 4160
0 70 3904
0 71 5634
0 72 6077
0 73 2721
0 74 6330
0 75 1798
0 76 732
0 77 5979
0 78 4923
0 79 584
1 2 2955
1 3 6233
1 4 5733
1 5 369
1 6 7377
1 7 1170
1 8 2446
1 9 77
1 10 3784
1 11 6251
1 12 3268
1 13 2709
1 14 5694
1 15 3149
1 16 7480
1 17 6474
1 18 6741
1 19 4056
1 20 4239
1 21 2936
1 22 6657
1 23 4451
1 24 2260
1 25 327
1 26 6177
1 27 8
1 28 3681
1 29 4794
1 30 1607
1 31 4989
1 32 1879
1 33 2223
1 34 6872
1 35 4944
1 36 2055
1 37 5428
1 38 2187
1 39 516
1 40 5758
1 41 693
1 42 5123
1 43 5229
1 44 1120
1 45 3177
1 46 1816
1 47 2015
1 48 2331
1 49 3665
1 50 719
1 51 5311
1 52 338
1 53 1687
1 54 3321
1 55 4674
1 56 3044
1 57 4863
1 58 3769
1 59 821
1 60 3964
1 61 5317
1 62 2367
1 63 7177
1 64 1772
1 65 6399
1 66 2152
1 67 4115
1 68 5151
1 69 2717
1 70 503
1 71 1400
1 72 4107
1 73 1915
1 74 204
1 75 4115
1 76 5585
1 77 6503
1 78 614
1 79 5147
2 3 7224
2 4 3726
2 5 5958
2 6 3216
2 7 4993
2 8 3431
2 9 4673
2 10 6744
2 11 2444
2 12 6857
2 13 1597
2 14 4518
2 15 4254
2 16 6483
2 17 1051
2 18 4955
2 19 5878
2 20 1500
2 21 1520
2 22 6795
2 23 1998
2 24 2210
2 25 6406
2 26 5652
2 27 1462
2 28 1700
2 29 6183
2 30 1591
2 31 7441
2 32 5506
2 33 2407
2 34 6968
2 35 4140
2 36 3971
2 37 4534
2 38 1226
2 39 3693
2 40 3405
2 41 3739
2 42 2799
2 43 5416
2 44 7110
2 45 918
2 46 5886
2 47 6978
2 48 700
2 49 5703
2 50 371
2 51 7486
2 52 4556
2 53 4161
2 54 2401
2 55 1715
2 56 2951
2 57 6213
2 58 2005
2 59 450
2 60 7078
2 61 6870
2 62 7429
2 63 707
2 64 4786
2 65 7147
2 66 6455
2 67 7201
2 68 3002
2 69 643
2 70 3066
2 71 2559
2 72 6662
2 73 1968
2 74 4250
2 75 6835
2 76 1488
2 77 1791
2 78 3903
2 79 895
3 4 6609
3 5 4049
3 6 5376
3 7 425
3 8 5314
3 9 5131
3 10 2275
3 11 6895
3 12 311
3 13 305
3 14 1483
3 15 7239
3 16 4696
3 17 3237
3 18 1729
3 19 7490
3 20 3524
3 21 5252
3 22 6639
3 23 1128
3 24 5594
3 25 5331
3 26 4150
3 27 656
3 28 3792
3 29 6724
3 30 6952
3 31 7096
3 32 5695
3 33 2948
3 34 4667
3 35 7112
3 36 6975
3 37 942
3 38 743
3 39 1917
3 40 6031
3 41 5557
3 42 1028
3 43 4844
3 44 4876
3 45 297
3 46 732
3 47 6177
3 48 427
3 49 5201
3 50 4562
3 51 4636
3 52 6231
3 53 353
3 54 4201
3 55 4662
3 56 7219
3 57 3115
3 58 6633
3 59 3269
3 60 2228
3 61 4891
3 62 1160
3 63 737
3 64 4044
3 65 5532
3 66 7304
3 67 2844
3 68 5947
3 69 4360
3 70 4316
3 71 4230
3 72 1942
3 73 2485
3 74 5505
3 75 2786
3 76 670
3 77 2042
3 78 2596
3 79 1119
4 5 5270
4 6 6595
4 7 7020
4 8 2460
4 9 3986
4 10 6965
4 11 6043
4 12 2539
4 13 1241
4 14 6761
4 15 2128
4 16 5828
4 17 1075
4 18 2329
4 19 7203
4 20 1660
4 21 1449
4 22 1397
4 23 395
4 24 5286
4 25 7230
4 26 4033
4 27 6147
4 28 5107
4 29 2946
4 30 4335
4 31 5266
4 32 5573
4 33 735
4 34 213
4 35 2700
4 36 4260
4 37 329
4 38 3969
4 39 6068
4 40 3955
4 41 5356
4 42 2921
4 43 4761
4 44 445
4 45 4895
4 46 2982
4 47 6293
4 48 6703
4 49 307
4 50 6315
4 51 138
4 52 6006
4 53 82
4 54 40
4 55 3080
4 56 3299
4 57 2184
4 58 1492
4 59 5598
4 60 6002
4 61 5567
4 62 3355
4 63 1389
4 64 2737
4 65 1971
4 66 3553
4 67 4624
4 68 2573
4 69 2236
4 70 1059
4 71 5458
4 72 3953
4 73 1927
4 74 5938
4 75 5084
4 76 720
4 77 4774
4 78 6360
4 79 5483
5 6 357
5 7 1998
5 8 913
5 9 3671
5 10 1530
5 11 3802
5 12 2572
5 13 3500
5 14 7104
5 15 2171
5 16 3155
5 17 184
5 18 1755
5 19 6800
5 20 2471
5 21 7413
5 22 4736
5 23 4440
5 24 7383
5 25 6837
5 26 5367
5 27 556
5 28 3749
5 29 4665
5 30 833
5 31 6597
5 32 4293
5 33 6713
5 34 3088
5 35 4365
5 36 2146
5 37 6090
5 38 6187
5 39 2733
5 40 2491
5 41 5185
5 42 5207
5 43 5999
5 44 1146
5 45 1362
5 46 1350
5 47 3669
5 48 6089
5 49 3042
5 50 5449
5 51 6087
5 52 3035
5 53 5827
5 54 5408
5 55 5494
5 56 1979
5 57 5959
5 58 6621
5 59 6343
5 60 119
5 61 7449
5 62 7014
5 63 5963
5 64 3054
5 65 4983
5 66 6613
5 67 7447
5 68 5948
5 69 1573
5 70 5683
5 71 3105
5 72 448
5 73 6198
5 74 6019
5 75 5038
5 76 2949
5 77 5309
5 78 6307
5 79 5768
6 7 2978
6 8 1713
6 9 5670
6 10 1942
6 11 6284
6 12 6824
6 13 7135
6 14 3479
6 15 2842
6 16 4854
6 17 4921
6 18 4052
6 19 6229
6 20 534
6 21 3335
6 22 5746
6 23 903
6 24 6107
6 25 468
6 26 893
6 27 617
6 28 2569
6 29 6699
6 30 5537
6 31 5927
6 32 1103
6 33 4132
6 34 1419
6 35 4719
6 36 394
6 37 5958
6 38 4569
6 39 4948
6 40 3636
6 41 278
6 42 3518
6 43 1300
6 44 7497
6 45 3485
6 46 1390
6 47 7274
6 48 2962
6 49 5351
6 50 5617
6 51 4036
6 52 825
6 53 2353
6 54 705
6 55 7420
6 56 2919
6 57 5424
6 58 7443
6 59 5022
6 60 6074
6 61 3175
6 62 1769
6 63 159
6 64 4557
6 65 461
6 66 4633
6 67 6386
6 68 5841
6 69 3351
6 70 5094
6 71 1089
6 72 1171
6 73 6948
6 74 4587
6 75 6256
6 76 4327
6 77 827
6 78 2582
6 79 3324
7 8 3050
7 9 14
7 10 7133
7 11 5639
7 12 4193
7 13 2222
7 14 2463
7 15 2298
7 16 1173
7 17 3598
7 18 5066
7 19 6623
7 20 1988
7 21 487
7 22 6138
7 23 1911
7 24 4151
7 25 720
7 26 4879
7 27 6959
7 28 5551
7 29 2209
7 30 3841
7 31 2998
7 32 3955
7 33 7329
7 34 6652
7 35 3412
7 36 5252
7 37 4560
7 38 4265
7 39 4427
7 40 7245
7 41 3549
7 42 1708
7 43 3899
7 44 3539
7 45 6623
7 46 817
7 47 2596
7 48 6419
7 49 5142
7 50 227
7 51 5561
7 52 2656
7 53 7070
7 54 1589
7 55 6686
7 56 6845
7 57 2512
7 58 3444
7 59 7163
7 60 3869
7 61 4565
7 62 7257
7 63 807
7 64 7288
7 65 1948
7 66 5853
7 67 4343
7 68 2627
7 69 5631
7 70 5611
7 71 2104
7 72 4105
7 73 4859
7 74 2377
7 75 5882
7 76 2158
7 77 2281
7 78 1458
7 79 5792
8 9 1534
8 10 110
8 11 247
8 12 6098
8 13 6067
8 14 4792
8 15 6748
8 16 6835
8 17 2861
8 18 2253
8 19 66
8 20 3981
8 21 2432
8 22 1840
8 23 699
8 24 2837
8 25 370
8 26 7323
8 27 6249
8 28 2340
8 29 1500
8 30 6695
8 31 5377
8 32 1804
8 33 426
8 34 4826
8 35 3541
8 36 418
8 37 6419
8 38 64
8 39 1240
8 40 702
8 41 5845
8 42 1076
8 43 5295
8 44 7111
8 45 750
8 46 4098
8 47 2538
8 48 4568
8 49 1308
8 50 2306
8 51 2051
8 52 1024
8 53 3833
8 54 5791
8 55 3987
8 56 5533
8 57 5867
8 58 3480
8 59 227
8 60 659
8 61 7099
8 62 3659
8 63 2008
8 64 5098
8 65 1470
8 66 5867
8 67 1479
8 68 2194
8 69 476
8 70 1734
8 71 5827
8 72 3349
8 73 5226
8 74 5557
8 75 1269
8 76 2984
8 77 2323
8 78 1854
8 79 6219
9 10 5349
9 11 4559
9 12 1413
9 13 3104
9 14 1551
9 15 4089
9 16 4597
9 17 1902
9 18 5459
9 19 6124
9 20 2782
9 21 7434
9 22 759
9 23 3759
9 24 4291
9 25 916
9 26 1518
9 27 5854
9 28 2862
9 29 5387
9 30 1592
9 31 6547
9 32 3241
9 33 5485
9 34 6926
9 35 2417
9 36 2853
9 37 5677
9 38 3459
9 39 3927
9 40 3264
9 41 1239
9 42 519
9 43 6562
9 44 5105
9 45 5495
9 46 5274
9 47 3088
9 48 4341
9 49 7416
9 50 2885
9 51 2530
9 52 3535
9 53 699
9 54 2640
9 55 4945
9 56 7171
9 57 2036
9 58 2331
9 59 1273
9 60 3249
9 61 5482
9 62 3809
9 63 7240
9 64 994
9 65 2119
9 66 840
9 67 966
9 68 5353
9 69 422
9 70 3993
9 71 4100
9 72 1752
9 73 1557
9 74 4936
9 75 2868
9 76 2096
9 77 559
9 78 7123
9 79 4257
10 11 6305
10 12 2197
10 13 2375
10 14 1721
10 15 2529
10 16 4775
10 17 5211
10 18 389
10 19 6361
10 20 2396
10 21 3625
10 22 3332
10 23 3817
10 24 2976
10 25 4188
10 26 1758
10 27 3811
10 28 340
10 29 7115
10 30 2967
10 31 1906
10 32 16
10 33 467
10 34 6578
10 35 1200
10 36 827
10 37 4441
10 38 1897
10 39 6900
10 40 1899
10 41 2308
10 42 4282
10 43 6461
10 44 2506
10 45 5533
10 46 5921
10 47 5713
10 48 7053
10 49 4044
10 50 3210
10 51 4160
10 52 272
10 53 5898
10 54 7060
10 55 4743
10 56 6587
10 57 3965
10 58 3371
10 59 5693
10 60 351
10 61 3848
10 62 2514
10 63 3559
10 64 5943
10 65 4752
10 66 4198
10 67 3392
10 68 1362
10 69 5488
10 70 7085
10 71 1230
10 72 7484
10 73 7243
10 74 618
10 75 582
10 76 511
10 77 6091
10 78 4192
10 79 2793
11 12 1103
11 13 3139
11 14 6659
11 15 1120
11 16 819
11 17 293
11 18 7041
11 19 3130
11 20 5568
11 21 1729
11 22 7158
11 23 4857
11 24 5590
11 25 895
11 26 4448
11 27 3768
11 28 1435
11 29 2202
11 30 4787
11 31 7466
11 32 1280
11 33 2564
11 34 6984
11 35 6695
11 36 7416
11 37 2589
11 38 2085
11 39 4944
11 40 2244
11 41 1307
11 42 7228
11 43 3592
11 44 2183
11 45 6960
11 46 466
11 47 2778
11 48 4886
11 49 268
11 50 1237
11 51 773
11 52 5588
11 53 5928
11 54 2157
11 55 5550
11 56 560
11 57 2442
11 58 986
11 59 6654
11 60 3178
11 61 1489
11 62 4389
11 63 1943
11 64 6163
11 65 3847
11 66 6875
11 67 7403
11 68 6831
11 69 1690
11 70 553
11 71 4739
11 72 3151
11 73 6604
11 74 5714
11 75 7303
11 76 3221
11 77 2738
11 78 2114
11 79 7086
12 13 5742
12 14 675
12 15 551
12 16 6634
12 17 4112
12 18 6573
12 19 6914
12 20 2332
12 21 3491
12 22 5551
12 23 4895
12 24 799
12 25 3201
12 26 7075
12 27 5919
12 28 6089
12 29 2593
12 30 6980
12 31 3897
12 32 7080
12 33 6936
12 34 2875
12 35 2463
12 36 6617
12 37 5493
12 38 5361
12 39 1373
12 40 2354
12 41 7398
12 42 1238
12 43 1089
12 44 2476
12 45 4293
12 46 3379
12 47 6919
12 48 48
12 49 1610
12 50 2908
12 51 6981
12 52 1377
12 53 5543
12 54 5564
12 55 4247
12 56 2839
12 57 1198
12 58 2459
12 59 1606
12 60 3670
12 61 4592
12 62 5439
12 63 2506
12 64 1717
12 65 6112
12 66 7039
12 67 5499
12 68 7121
12 69 151
12 70 1808
12 71 4453
12 72 7392
12 73 6426
12 74 6787
12 75 3840
12 76 5281
12 77 1356
12 78 2646
12 79 5260
13 14 6828
13 15 6689
13 16 7167
13 17 7281
13 18 7080
13 19 2175
13 20 2032
13 21 3738
13 22 3629
13 23 830
13 24 898
13 25 3575
13 26 3304
13 27 7100
13 28 142
13 29 514
13 30 6434
13 31 5836
13 32 2093
13 33 3091
13 34 3251
13 35 763
13 36 3244
13 37 4910
13 38 4867
13 39 6342
13 40 1759
13 41 3293
13 42 6197
13 43 1215
13 44 5454
13 45 5808
13 46 282
13 47 692
13 48 6314
13 49 1750
13 50 399
13 51 5051
13 52 4716
13 53 7069
13 54 5902
13 55 5549
13 56 826
13 57 2926
13 58 1936
13 59 4712
13 60 4721
13 61 3128
13 62 4865
13 63 6228
13 64 6453
13 65 4595
13 66 692
13 67 696
13 68 2308
13 69 4044
13 70 5025
13 71 6072
13 72 2284
13 73 4224
13 74 3342
13 75 2960
13 76 3306
13 77 4415
13 78 1258
13 79 2052
14 15 1322
14 16 4764
14 17 6494
14 18 3976
14 19 4574
14 20 7213
14 21 1463
14 22 6800
14 23 4986
14 24 5669
14 25 3809
14 26 240
14 27 4919
14 28 5488
14 29 6648
14 30 4089
14 31 5537
14 32 6538
14 33 5662
14 34 4683
14 35 3533
14 36 3684
14 37 383
14 38 6445
14 39 4209
14 40 3898
14 41 4593
14 42 5335
14 43 143
14 44 7038
14 45 2213
14 46 3814
14 47 4977
14 48 4778
14 49 5865
14 50 3576
14 51 4059
14 52 4595
14 53 446
14 54 13
14 55 7005
14 56 1728
14 57 6899
14 58 6108
14 59 588
14 60 4034
14 61 6975
14 62 3048
14 63 3198
14 64 5293
14 65 7489
14 66 1162
14 67 7479
14 68 6191
14 69 7000
14 70 1635
14 71 317
14 72 3100
14 73 627
14 74 4459
14 75 5056
14 76 4013
14 77 190
14 78 332
14 79 5089
15 16 2653
15 17 5844
15 18 5679
15 19 7275
15 20 3950
15 21 776
15 22 4629
15 23 297
15 24 7158
15 25 7139
15 26 2137
15 27 5107
15 28 6927
15 29 2265
15 30 6387
15 31 4234
15 32 1485
15 33 3058
15 34 7250
15 35 2884
15 36 7309
15 37 635
15 38 3602
15 39 3516
15 40 1855
15 41 6226
15 42 6699
15 43 6696
15 44 6831
15 45 4735
15 46 165
15 47 4961
15 48 1748
15 49 164
15 50 1053
15 51 4048
15 52 4409
15 53 5297
15 54 5614
15 55 1472
15 56 3318
15 57 514
15 58 1732
15 59 6345
15 60 1170
15 61 4484
15 62 2750
15 63 687
15 64 1313
15 65 4845
15 66 2749
15 67 3225
15 68 3779
15 69 5371
15 70 36
15 71 7063
15 72 5891
15 73 2425
15 74 6137
15 75 37
15 76 3699
15 77 6344
15 78 6463
15 79 2296
16 17 380
16 18 1491
16 19 5088
16 20 1638
16 21 3439
16 22 2109
16 23 5202
16 24 3383
16 25 599
16 26 3715
16 27 5927
16 28 4245
16 29 770
16 30 6276
16 31 2617
16 32 6358
16 33 5914
16 34 3829
16 35 2766
16 36 3719
16 37 2677
16 38 7381
16 39 6350
16 40 2823
16 41 421
16 42 2739
16 43 1639
16 44 7323
16 45 2570
16 46 991
16 47 4872
16 48 5886
16 49 5399
16 50 4491
16 51 4235
16 52 5719
16 53 5388
16 54 6142
16 55 214
16 56 241
16 57 6852
16 58 5833
16 59 1313
16 60 3397
16 61 1957
16 62 6772
16 63 790
16 64 317
16 65 5075
16 66 4555
16 67 3220
16 68 72
16 69 7223
16 70 1900
16 71 6528
16 72 6922
16 73 2823
16 74 6868
16 75 1112
16 76 6869
16 77 3706
16 78 1248
16 79 1501
17 18 2034
17 19 4075
17 20 6087
17 21 712
17 22 6104
17 23 3723
17 24 5574
17 25 1496
17 26 6333
17 27 1600
17 28 953
17 29 6168
17 30 4631
17 31 5313
17 32 6868
17 33 5146
17 34 3591
17 35 5693
17 36 6717
17 37 7188
17 38 4543
17 39 4675
17 40 3864
17 41 6463
17 42 2988
17 43 7249
17 44 977
17 45 1965
17 46 7141
17 47 1689
17 48 4294
17 49 5614
17 50 5109
17 51 1414
17 52 1562
17 53 997
17 54 1066
17 55 1220
17 56 4341
17 57 6478
17 58 5947
17 59 1471
17 60 2345
17 61 3883
17 62 917
17 63 7346
17 64 2609
17 65 4446
17 66 616
17 67 3394
17 68 3515
17 69 7133
17 70 264
17 71 862
17 72 6237
17 73 2135
17 74 3768
17 75 2959
17 76 5893
17 77 597
17 78 2615
17 79 3370
18 19 3604
18 20 3144
18 21 2730
18 22 2953
18 23 1130
18 24 2177
18 25 1141
18 26 4849
18 27 1728
18 28 2264
18 29 1940
18 30 4106
18 31 3414
18 32 4844
18 33 2848
18 34 1455
18 35 6233
18 36 7227
18 37 2486
18 38 6558
18 39 4115
18 40 5008
18 41 4271
18 42 2836
18 43 690
18 44 2844
18 45 2821
18 46 7017
18 47 3004
18 48 1318
18 49 2778
18 50 1358
18 51 6222
18 52 675
18 53 2614
18 54 4822
18 55 7318
18 56 2187
18 57 2388
18 58 290
18 59 2621
18 60 3411
18 61 1435
18 62 730
18 63 6139
18 64 492
18 65 3672
18 66 629
18 67 637
18 68 3600
18 69 6240
18 70 183
18 71 954
18 72 349
18 73 6243
18 74 4123
18 75 2624
18 76 4507
18 77 1811
18 78 7347
18 79 6135
19 20 7069
19 21 7391
19 22 3551
19 23 6705
19 24 2630
19 25 6923
19 26 2852
19 27 4032
19 28 1422
19 29 2691
19 30 1840
19 31 4428
19 32 1871
19 33 1786
19 34 4391
19 35 7258
19 36 430
19 37 1861
19 38 5380
19 39 3629
19 40 5360
19 41 1024
19 42 1132
19 43 2763
19 44 5533
19 45 5800
19 46 3266
19 47 5070
19 48 316
19 49 3408
19 50 4978
19 51 6370
19 52 518
19 53 738
19 54 646
19 55 4109
19 56 5122
19 57 4419
19 58 1538
19 59 5361
19 60 3986
19 61 4646
19 62 6386
19 63 2591
19 64 6773
19 65 1611
19 66 6868
19 67 7361
19 68 61
19 69 3485
19 70 2668
19 71 4414
19 72 2928
19 73 4245
19 74 7366
19 75 1739
19 76 4616
19 77 2454
19 78 7450
19 79 406
20 21 1247
20 22 2323
20 23 1348
20 24 5702
20 25 1633
20 26 966
20 27 6982
20 28 3441
20 29 5563
20 30 5725
20 31 7494
20 32 631
20 33 5198
20 34 5814
20 35 5832
20 36 4368
20 37 5938
20 38 5395
20 39 6577
20 40 6397
20 41 2985
20 42 3861
20 43 4092
20 44 3726
20 45 5189
20 46 6434
20 47 765
20 48 7495
20 49 1500
20 50 3609
20 51 1082
20 52 4613
20 53 4871
20 54 4508
20 55 4955
20 56 3508
20 57 2117
20 58 1757
20 59 6020
20 60 7214
20 61 6284
20 62 6594
20 63 4563
20 64 4363
20 65 2599
20 66 4745
20 67 5003
20 68 902
20 69 3215
20 70 4024
20 71 6516
20 72 7460
20 73 6250
20 74 6192
20 75 4901
20 76 6180
20 77 2256
20 78 937
20 79 3212
21 22 4232
21 23 2325
21 24 7193
21 25 1036
21 26 1052
21 27 3707
21 28 2623
21 29 3957
21 30 1558
21 31 2001
21 32 5178
21 33 3858
21 34 1938
21 35 482
21 36 4283
21 37 5876
21 38 7207
21 39 194
21 40 527
21 41 5198
21 42 2036
21 43 5505
21 44 1830
21 45 6092
21 46 1223
21 47 1340
21 48 5197
21 49 1610
21 50 1514
21 51 1359
21 52 3488
21 53 4514
21 54 6786
21 55 1446
21 56 3641
21 57 6594
21 58 6898
21 59 1685
21 60 4264
21 61 2319
21 62 6072
21 63 3238
21 64 207
21 65 2254
21 66 4642
21 67 5219
21 68 1050
21 69 3823
21 70 5792
21 71 6498
21 72 3262
21 73 5311
21 74 1542
21 75 443
21 76 4975
21 77 1494
21 78 5270
21 79 6165
22 23 7282
22 24 4899
22 25 2234
22 26 3904
22 27 4850
22 28 3617
22 29 4346
22 30 1628
22 31 7057
22 32 6822
22 33 4136
22 34 4606
22 35 1376
22 36 2859
22 37 1035
22 38 3473
22 39 1293
22 40 4091
22 41 3489
22 42 5660
22 43 7071
22 44 1682
22 45 3242
22 46 1727
22 47 1598
22 48 1600
22 49 7164
22 50 6195
22 51 1360
22 52 6536
22 53 1928
22 54 2062
22 55 3380
22 56 4450
22 57 6645
22 58 205
22 59 3237
22 60 1483
22 61 4046
22 62 6980
22 63 1960
22 64 2727
22 65 3839
22 66 366
22 67 1826
22 68 6444
22 69 1909
22 70 3529
22 71 7156
22 72 3507
22 73 1940
22 74 2719
22 75 3300
22 76 3006
22 77 5113
22 78 4339
22 79 119
23 24 5251
23 25 6190
23 26 6859
23 27 2720
23 28 824
23 29 6807
23 30 120
23 31 4830
23 32 2966
23 33 6189
23 34 3297
23 35 2384
23 36 7037
23 37 6490
23 38 4772
23 39 1145
23 40 768
23 41 5841
23 42 6701
23 43 5929
23 44 4540
23 45 3227
23 46 3049
23 47 7138
23 48 6177
23 49 3050
23 50 5518
23 51 7126
23 52 3133
23 53 282
23 54 4074
23 55 629
23 56 1259
23 57 3820
23 58 6381
23 59 5686
23 60 5186
23 61 5783
23 62 821
23 63 4453
23 64 1450
23 65 1470
23 66 4287
23 67 3373
23 68 6062
23 69 5527
23 70 5079
23 71 5180
23 72 2828
23 73 4500
23 74 1450
23 75 2832
23 76 2950
23 77 5074
23 78 4238
23 79 2118
24 25 2027
24 26 4005
24 27 2386
24 28 3937
24 29 2383
24 30 1285
24 31 6970
24 32 5151
24 33 5667
24 34 2857
24 35 2539
24 36 3956
24 37 3358
24 38 6961
24 39 3554
24 40 3485
24 41 2869
24 42 949
24 43 5070
24 44 3904
24 45 5700
24 46 7414
24 47 3005
24 48 6318
24 49 6065
24 50 5991
24 51 5066
24 52 5443
24 53 3974
24 54 7369
24 55 5334
24 56 2163
24 57 2194
24 58 4808
24 59 6848
24 60 7215
24 61 5251
24 62 1567
24 63 3543
24 64 7130
24 65 2059
24 66 915
24 67 6918
24 68 6899
24 69 2612
24 70 7474
24 71 1472
24 72 7499
24 73 2950
24 74 2279
24 75 4868
24 76 7343
24 77 6825
24 78 1077
24 79 646
25 26 1531
25 27 4030
25 28 31
25 29 153
25 30 3393
25 31 5048
25 32 2061
25 33 4353
25 34 387
25 35 4568
25 36 951
25 37 2362
25 38 2258
25 39 7407
25 40 1110
25 41 1744
25 42 2107
25 43 2788
25 44 6923
25 45 418
25 46 4556
25 47 6181
25 48 2187
25 49 6379
25 50 539
25 51 4089
25 52 4234
25 53 1135
25 54 4693
25 55 28
25 56 1592
25 57 4997
25 58 6395
25 59 5834
25 60 2075
25 61 7484
25 62 1919
25 63 4599
25 64 6900
25 65 5529
25 66 4627
25 67 280
25 68 6272
25 69 5554
25 70 2454
25 71 5821
25 72 5056
25 73 6594
25 74 2452
25 75 7471
25 76 1382
25 77 3656
25 78 3821
25 79 6257
26 27 787
26 28 863
26 29 5254
26 30 5625
26 31 2555
26 32 4044
26 33 611
26 34 6756
26 35 4532
26 36 969
26 37 979
26 38 2861
26 39 7245
26 40 4512
26 41 4974
26 42 4489
26 43 5256
26 44 3672
26 45 5344
26 46 4738
26 47 4326
26 48 3109
26 49 1349
26 50 806
26 51 7064
26 52 3067
26 53 1565
26 54 1754
26 55 3795
26 56 2577
26 57 6088
26 58 4731
26 59 3768
26 60 5705
26 61 402
26 62 7213
26 63 1927
26 64 7366
26 65 4037
26 66 508
26 67 2445
26 68 1847
26 69 853
26 70 3021
26 71 6421
26 72 4766
26 73 4015
26 74 1351
26 75 1749
26 76 7097
26 77 201
26 78 5728
26 79 2131
27 28 4254
27 29 6265
27 30 6323
27 31 7187
27 32 1774
27 33 1973
27 34 4037
27 35 595
27 36 5900
27 37 2149
27 38 2595
27 39 4509
27 40 3751
27 41 1500
27 42 5688
27 43 6423
27 44 6353
27 45 6054
27 46 4100
27 47 4696
27 48 5130
27 49 2018
27 50 60
27 51 671
27 52 7221
27 53 2265
27 54 4419
27 55 3358
27 56 2834
27 57 1499
27 58 6191
27 59 3462
27 60 4460
27 61 2717
27 62 6606
27 63 6931
27 64 5431
27 65 2456
27 66 4060
27 67 505
27 68 4796
27 69 3799
27 70 894
27 71 87
27 72 2217
27 73 3600
27 74 2005
27 75 3653
27 76 427
27 77 6374
27 78 3985
27 79 1470
28 29 6104
28 30 5109
28 31 5902
28 32 4147
28 33 881
28 34 2615
28 35 5305
28 36 4354
28 37 3137
28 38 6131
28 39 6366
28 40 1809
28 41 4
28 42 5176
28 43 6486
28 44 4754
28 45 774
28 46 6603
28 47 474
28 48 1224
28 49 2547
28 50 833
28 51 4242
28 52 6724
28 53 4490
28 54 3870
28 55 6489
28 56 1499
28 57 6360
28 58 683
28 59 3522
28 60 637
28 61 6650
28 62 2322
28 63 1840
28 64 6181
28 65 5086
28 66 3589
28 67 2402
28 68 556
28 69 5869
28 70 450
28 71 1455
28 72 2700
28 73 6325
28 74 2214
28 75 170
28 76 5493
28 77 292
28 78 4145
28 79 1562
29 30 4221
29 31 42
29 32 6177
29 33 7176
29 34 7039
29 35 1361
29 36 1753
29 37 788
29 38 7184
29 39 5538
29 40 7162
29 41 3598
29 42 2729
29 43 3172
29 44 2576
29 45 7403
29 46 1584
29 47 3661
29 48 6443
29 49 3548
29 50 1381
29 51 4821
29 52 5426
29 53 5289
29 54 2923
29 55 5857
29 56 385
29 57 6591
29 58 3547
29 59 191
29 60 5847
29 61 3122
29 62 5240
29 63 4247
29 64 1471
29 65 1515
29 66 5202
29 67 3687
29 68 2146
29 69 7088
29 70 4802
29 71 5357
29 72 6250
29 73 6003
29 74 5560
29 75 6121
29 76 5137
29 77 393
29 78 6229
29 79 4763
30 31 4932
30 32 1901
30 33 2816
30 34 3464
30 35 7062
30 36 233
30 37 6198
30 38 7253
30 39 1387
30 40 4946
30 41 3300
30 42 1057
30 43 1865
30 44 1516
30 45 4939
30 46 791
30 47 3907
30 48 3855
30 49 777
30 50 3034
30 51 572
30 52 2405
30 53 207
30 54 3068
30 55 6764
30 56 6244
30 57 635
30 58 1202
30 59 6452
30 60 3091
30 61 347
30 62 6259
30 63 5423
30 64 2326
30 65 6486
30 66 4242
30 67 6330
30 68 4030
30 69 6507
30 70 5833
30 71 5313
30 72 7184
30 73 2079
30 74 7298
30 75 2454
30 76 4919
30 77 4473
30 78 5905
30 79 2846
31 32 5151
31 33 3794
31 34 6592
31 35 6241
31 36 6862
31 37 1569
31 38 2368
31 39 7474
31 40 3033
31 41 1788
31 42 1934
31 43 2274
31 44 5893
31 45 7086
31 46 6846
31 47 3880
31 48 1966
31 49 4091
31 50 499
31 51 3030
31 52 5782
31 53 2758
31 54 1684
31 55 404
31 56 2488
31 57 5249
31 58 4135
31 59 329
31 60 4473
31 61 5677
31 62 49
31 63 6017
31 64 7432
31 65 1923
31 66 3141
31 67 4345
31 68 903
31 69 6127
31 70 38
31 71 5005
31 72 72
31 73 4649
31 74 479
31 75 5585
31 76 3743
31 77 120
31 78 4668
31 79 4657
32 33 94
32 34 2732
32 35 2883
32 36 1212
32 37 5531
32 38 5222
32 39 6367
32 40 5796
32 41 3183
32 42 848
32 43 5625
32 44 1112
32 45 1545
32 46 3362
32 47 6219
32 48 2163
32 49 4801
32 50 7250
32 51 2174
32 52 2820
32 53 7151
32 54 2327
32 55 2119
32 56 1511
32 57 2418
32 58 1461
32 59 142
32 60 1261
32 61 1507
32 62 397
32 63 2844
32 64 4240
32 65 4009
32 66 327
32 67 2655
32 68 2942
32 69 2538
32 70 6026
32 71 5890
32 72 2456
32 73 1246
32 74 6552
32 75 3044
32 76 1924
32 77 3787
32 78 2478
32 79 1435
33 34 5626
33 35 911
33 36 1829
33 37 449
33 38 4721
33 39 1389
33 40 142
33 41 987
33 42 5788
33 43 3069
33 44 1323
33 45 4004
33 46 866
33 47 4418
33 48 4623
33 49 1413
33 50 1499
33 51 51
33 52 3591
33 53 6948
33 54 2337
33 55 1761
33 56 6966
33 57 1630
33 58 2683
33 59 297
33 60 2163
33 61 6102
33 62 2293
33 63 5223
33 64 6576
33 65 7367
33 66 5513
33 67 2753
33 68 5620
33 69 1266
33 70 1888
33 71 637
33 72 2329
33 73 4311
33 74 5816
33 75 367
33 76 258
33 77 2358
33 78 6043
33 79 7168
34 35 3271
34 36 4544
34 37 4655
34 38 1738
34 39 847
34 40 2081
34 41 3732
34 42 2940
34 43 3834
34 44 2422
34 45 3208
34 46 1479
34 47 5812
34 48 4866
34 49 472
34 50 824
34 51 1771
34 52 3876
34 53 4014
34 54 550
34 55 6319
34 56 6446
34 57 3050
34 58 7462
34 59 6838
34 60 384
34 61 2875
34 62 4861
34 63 3402
34 64 4392
34 65 4463
34 66 6466
34 67 1933
34 68 4009
34 69 6158
34 70 1009
34 71 6039
34 72 5231
34 73 5895
34 74 6174
34 75 5279
34 76 6629
34 77 6124
34 78 7043
34 79 2771
35 36 4750
35 37 500
35 38 4817
35 39 4260
35 40 4933
35 41 4734
35 42 5598
35 43 3600
35 44 2563
35 45 6223
35 46 4930
35 47 5498
35 48 2359
35 49 5752
35 50 3849
35 51 3539
35 52 5959
35 53 2517
35 54 4174
35 55 3452
35 56 7397
35 57 6399
35 58 1661
35 59 6525
35 60 2196
35 61 3163
35 62 6953
35 63 2535
35 64 2984
35 65 1415
35 66 7012
35 67 6782
35 68 343
35 69 96
35 70 6278
35 71 6121
35 72 1936
35 73 1872
35 74 5221
35 75 5522
35 76 3847
35 77 4745
35 78 48
35 79 2813
36 37 5769
36 38 1216
36 39 532
36 40 953
36 41 7499
36 42 5389
36 43 2299
36 44 2653
36 45 5585
36 46 5533
36 47 3124
36 48 925
36 49 2442
36 50 473
36 51 4299
36 52 4373
36 53 5216
36 54 4402
36 55 4936
36 56 6621
36 57 4106
36 58 1413
36 59 6223
36 60 841
36 61 6293
36 62 6463
36 63 130
36 64 6590
36 65 5555
36 66 3913
36 67 550
36 68 2624
36 69 5224
36 70 4013
36 71 3731
36 72 4149
36 73 5346
36 74 4443
36 75 7330
36 76 6078
36 77 1859
36 78 538
36 79 3779
37 38 2264
37 39 4392
37 40 1891
37 41 4664
37 42 2059
37 43 1743
37 44 1601
37 45 6907
37 46 3513
37 47 1514
37 48 6524
37 49 4590
37 50 7465
37 51 1494
37 52 6141
37 53 5333
37 54 4809
37 55 5931
37 56 6018
37 57 269
37 58 3184
37 59 4350
37 60 5188
37 61 737
37 62 7360
37 63 508
37 64 3592
37 65 1689
37 66 1749
37 67 2911
37 68 7305
37 69 144
37 70 1819
37 71 368
37 72 6871
37 73 7263
37 74 351
37 75 5042
37 76 6720
37 77 5590
37 78 527
37 79 3166
38 39 1398
38 40 6526
38 41 6887
38 42 1239
38 43 383
38 44 1509
38 45 5160
38 46 1389
38 47 1364
38 48 5936
38 49 4115
38 50 6103
38 51 606
38 52 116
38 53 493
38 54 4101
38 55 6987
38 56 2740
38 57 2766
38 58 4417
38 59 4211
38 60 4201
38 61 6652
38 62 5252
38 63 3295
38 64 7432
38 65 6015
38 66 2094
38 67 1579
38 68 6603
38 69 4343
38 70 2813
38 71 5181
38 72 1554
38 73 881
38 74 2446
38 75 3246
38 76 4665
38 77 1290
38 78 616
38 79 3806
39 40 3345
39 41 5434
39 42 291
39 43 6500
39 44 1582
39 45 2595
39 46 4874
39 47 1297
39 48 5926
39 49 3749
39 50 3824
39 51 5221
39 52 7096
39 53 1107
39 54 3594
39 55 7110
39 56 6083
39 57 3729
39 58 3406
39 59 5765
39 60 2625
39 61 733
39 62 5190
39 63 5277
39 64 1910
39 65 3338
39 66 6224
39 67 4424
39 68 67
39 69 3733
39 70 2941
39 71 803
39 72 6089
39 73 6747
39 74 4962
39 75 4686
39 76 2426
39 77 6435
39 78 5151
39 79 3730
40 41 3441
40 42 2997
40 43 624
40 44 5686
40 45 4302
40 46 2054
40 47 2964
40 48 6469
40 49 5090
40 50 1251
40 51 2078
40 52 1488
40 53 2705
40 54 4618
40 55 3486
40 56 6268
40 57 5617
40 58 6793
40 59 536
40 60 4633
40 61 4599
40 62 3432
40 63 7246
40 64 6819
40 65 6967
40 66 6238
40 67 6504
40 68 4899
40 69 5852
40 70 915
40 71 566
40 72 6466
40 73 298
40 74 3773
40 75 7291
40 76 4522
40 77 5296
40 78 2155
40 79 1705
41 42 80
41 43 893
41 44 1567
41 45 4247
41 46 456
41 47 7333
41 48 2138
41 49 7404
41 50 4284
41 51 4564
41 52 7385
41 53 6666
41 54 94
41 55 2563
41 56 7205
41 57 3721
41 58 3142
41 59 3806
41 60 3361
41 61 2525
41 62 853
41 63 4038
41 64 460
41 65 2944
41 66 2993
41 67 3003
41 68 3212
41 69 4987
41 70 4332
41 71 4405
41 72 2020
41 73 1525
41 74 2943
41 75 1221
41 76 3585
41 77 323
41 78 4954
41 79 7426
42 43 6004
42 44 360
42 45 579
42 46 2076
42 47 3234
42 48 4798
42 49 3668
42 50 657
42 51 1180
42 52 2200
42 53 5214
42 54 1776
42 55 6016
42 56 4586
42 57 4161
42 58 5438
42 59 3935
42 60 3011
42 61 6863
42 62 7154
42 63 1205
42 64 6716
42 65 5006
42 66 1910
42 67 905
42 68 510
42 69 5232
42 70 5120
42 71 3235
42 72 4921
42 73 3272
42 74 1411
42 75 7
42 76 3071
42 77 6063
42 78 6020
42 79 4880
43 44 3490
43 45 5107
43 46 6273
43 47 7212
43 48 2334
43 49 6770
43 50 6395
43 51 6214
43 52 103
43 53 5524
43 54 544
43 55 4785
43 56 2602
43 57 2894
43 58 1966
43 59 5208
43 60 361
43 61 1059
43 62 6529
43 63 3618
43 64 2269
43 65 6519
43 66 4243
43 67 4977
43 68 6069
43 69 4709
43 70 6234
43 71 6782
43 72 4193
43 73 160
43 74 1300
43 75 1817
43 76 7033
43 77 5997
43 78 201
43 79 5127
44 45 3853
44 46 3632
44 47 7080
44 48 3792
44 49 1812
44 50 1316
44 51 1846
44 52 7085
44 53 2772
44 54 2399
44 55 3963
44 56 2286
44 57 3646
44 58 7259
44 59 600
44 60 6315
44 61 6733
44 62 2751
44 63 1257
44 64 2165
44 65 6395
44 66 1318
44 67 4077
44 68 4481
44 69 6997
44 70 7474
44 71 1298
44 72 5805
44 73 1893
44 74 141
44 75 1800
44 76 4647
44 77 6604
44 78 5049
44 79 5292
45 46 1133
45 47 2044
45 48 3777
45 49 1055
45 50 3171
45 51 6487
45 52 4010
45 53 4255
45 54 2932
45 55 6729
45 56 6342
45 57 879
45 58 7265
45 59 2237
45 60 5546
45 61 3377
45 62 3065
45 63 6831
45 64 2892
45 65 5301
45 66 936
45 67 558
45 68 2276
45 69 4962
45 70 1162
45 71 7130
45 72 1775
45 73 2342
45 74 5694
45 75 5203
45 76 2310
45 77 621
45 78 5350
45 79 2419
46 47 6688
46 48 4507
46 49 3359
46 50 1623
46 51 1227
46 52 2192
46 53 978
46 54 1242
46 55 6385
46 56 1994
46 57 5865
46 58 6020
46 59 5978
46 60 4901
46 61 4295
46 62 2272
46 63 6390
46 64 1308
46 65 3193
46 66 6733
46 67 865
46 68 5658
46 69 7301
46 70 2298
46 71 686
46 72 2114
46 73 1691
46 74 6076
46 75 6125
46 76 2848
46 77 7351
46 78 5252
46 79 2101
47 48 7340
47 49 840
47 50 1064
47 51 5700
47 52 102
47 53 4972
47 54 4184
47 55 4395
47 56 2410
47 57 5781
47 58 5105
47 59 2165
47 60 6175
47 61 3275
47 62 7107
47 63 688
47 64 2019
47 65 4869
47 66 7287
47 67 1155
47 68 6271
47 69 7491
47 70 1986
47 71 602
47 72 674
47 73 4232
47 74 2139
47 75 5082
47 76 6115
47 77 2443
47 78 3934
47 79 2870
48 49 3509
48 50 6738
48 51 1010
48 52 2035
48 53 4221
48 54 1586
48 55 4114
48 56 804
48 57 6274
48 58 3064
48 59 1636
48 60 6929
48 61 5556
48 62 3675
48 63 3854
48 64 5645
48 65 5634
48 66 2009
48 67 2977
48 68 5276
48 69 3771
48 70 2458
48 71 400
48 72 5170
48 73 7148
48 74 6437
48 75 6582
48 76 6737
48 77 6588
48 78 5478
48 79 7158
49 50 507
49 51 5059
49 52 2139
49 53 4261
49 54 5435
49 55 5626
49 56 7267
49 57 1357
49 58 2902
49 59 2225
49 60 1139
49 61 4259
49 62 3648
49 63 989
49 64 3991
49 65 2951
49 66 3641
49 67 5863
49 68 7396
49 69 4544
49 70 2005
49 71 2278
49 72 5251
49 73 4411
49 74 4637
49 75 6546
49 76 6793
49 77 2705
49 78 5501
49 79 3417
50 51 2043
50 52 6487
50 53 5727
50 54 2814
50 55 6323
50 56 1156
50 57 230
50 58 1450
50 59 5918
50 60 3836
50 61 4995
50 62 6533
50 63 5036
50 64 6079
50 65 3134
50 66 3879
50 67 7213
50 68 3358
50 69 5418
50 70 1265
50 71 4880
50 72 3919
50 73 3556
50 74 793
50 75 2580
50 76 3878
50 77 5212
50 78 917
50 79 2351
51 52 4634
51 53 341
51 54 3159
51 55 1581
51 56 2047
51 57 2891
51 58 1441
51 59 3434
51 60 3082
51 61 932
51 62 313
51 63 6205
51 64 141
51 65 4804
51 66 5514
51 67 6903
51 68 3989
51 69 1363
51 70 3851
51 71 2719
51 72 144
51 73 560
51 74 3582
51 75 4648
51 76 1186
51 77 741
51 78 6793
51 79 3392
52 53 2213
52 54 5693
52 55 6701
52 56 1725
52 57 2541
52 58 6892
52 59 3734
52 60 2492
52 61 5422
52 62 3166
52 63 4747
52 64 5870
52 65 4743
52 66 6282
52 67 3758
52 68 24
52 69 1720
52 70 5048
52 71 1015
52 72 1814
52 73 63
52 74 150
52 75 1019
52 76 6526
52 77 4543
52 78 6795
52 79 1355
53 54 6573
53 55 1977
53 56 335
53 57 6378
53 58 4204
53 59 4926
53 60 370
53 61 6226
53 62 7198
53 63 1091
53 64 1437
53 65 1339
53 66 1049
53 67 1504
53 68 5374
53 69 3210
53 70 306
53 71 1151
53 72 3419
53 73 6202
53 74 6977
53 75 7076
53 76 7270
53 77 7232
53 78 1146
53 79 5666
54 55 2931
54 56 747
54 57 4237
54 58 2025
54 59 2811
54 60 5407
54 61 2919
54 62 1459
54 63 3140
54 64 4163
54 65 1490
54 66 166
54 67 6096
54 68 7078
54 69 7072
54 70 1174
54 71 4746
54 72 3037
54 73 1873
54 74 1295
54 75 499
54 76 5502
54 77 3461
54 78 7458
54 79 4824
55 56 569
55 57 5563
55 58 6424
55 59 5835
55 60 2750
55 61 2595
55 62 5612
55 63 3546
55 64 6526
55 65 3912
55 66 304
55 67 5873
55 68 6679
55 69 2968
55 70 7285
55 71 2108
55 72 6604
55 73 7439
55 74 3179
55 75 1731
55 76 2531
55 77 1202
55 78 1868
55 79 6993
56 57 368
56 58 6417
56 59 6666
56 60 4179
56 61 4325
56 62 3831
56 63 6289
56 64 2166
56 65 3812
56 66 1122
56 67 5581
56 68 4270
56 69 6028
56 70 6456
56 71 1570
56 72 5344
56 73 5907
56 74 6664
56 75 6752
56 76 1119
56 77 1841
56 78 5390
56 79 7444
57 58 3725
57 59 1011
57 60 3245
57 61 6550
57 62 6053
57 63 4338
57 64 3176
57 65 11
57 66 5548
57 67 4131
57 68 1193
57 69 5758
57 70 5811
57 71 4964
57 72 5930
57 73 2606
57 74 1162
57 75 7000
57 76 1558
57 77 3272
57 78 1329
57 79 1673
58 59 3720
58 60 3228
58 61 6452
58 62 4182
58 63 944
58 64 158
58 65 1388
58 66 657
58 67 1380
58 68 1971
58 69 6878
58 70 4651
58 71 4074
58 72 6249
58 73 5735
58 74 111
58 75 956
58 76 1424
58 77 7251
58 78 5254
58 79 6896
59 60 5152
59 61 737
59 62 6953
59 63 1571
59 64 2361
59 65 597
59 66 5939
59 67 5136
59 68 1424
59 69 3961
59 70 1879
59 71 1427
59 72 2527
59 73 6612
59 74 7076
59 75 3395
59 76 5642
59 77 1887
59 78 5099
59 79 4221
60 61 961
60 62 5821
60 63 7190
60 64 2938
60 65 3382
60 66 6703
60 67 3166
60 68 7414
60 69 7011
60 70 4823
60 71 3884
60 72 1516
60 73 4848
60 74 4823
60 75 4563
60 76 1256
60 77 2915
60 78 3774
60 79 736
61 62 1421
61 63 4961
61 64 728
61 65 105
61 66 6317
61 67 6018
61 68 3904
61 69 3208
61 70 2130
61 71 173
61 72 705
61 73 6198
61 74 6814
61 75 6740
61 76 1919
61 77 2
61 78 1795
61 79 3963
62 63 4439
62 64 868
62 65 1385
62 66 4597
62 67 638
62 68 2058
62 69 6064
62 70 1070
62 71 4670
62 72 5284
62 73 5434
62 74 5922
62 75 2202
62 76 3191
62 77 2236
62 78 4223
62 79 275
63 64 1280
63 65 3326
63 66 5798
63 67 5032
63 68 5581
63 69 1438
63 70 6919
63 71 2972
63 72 1441
63 73 6929
63 74 757
63 75 3488
63 76 3331
63 77 156
63 78 3748
63 79 3994
64 65 2089
64 66 2255
64 67 2634
64 68 7093
64 69 1085
64 70 5068
64 71 5988
64 72 2908
64 73 1444
64 74 3846
64 75 3967
64 76 2702
64 77 4408
64 78 6201
64 79 3287
65 66 3386
65 67 2512
65 68 3464
65 69 3130
65 70 4711
65 71 2938
65 72 2420
65 73 1668
65 74 6558
65 75 163
65 76 1866
65 77 440
65 78 1629
65 79 6276
66 67 3207
66 68 1874
66 69 5140
66 70 3584
66 71 7234
66 72 3012
66 73 2278
66 74 4425
66 75 5078
66 76 2523
66 77 5759
66 78 4742
66 79 3370
67 68 3544
67 69 1380
67 70 4179
67 71 3233
67 72 3678
67 73 642
67 74 827
67 75 5325
67 76 1375
67 77 1139
67 78 3650
67 79 947
68 69 1703
68 70 6561
68 71 5682
68 72 4124
68 73 6281
68 74 1747
68 75 1441
68 76 6715
68 77 4703
68 78 2582
68 79 4287
69 70 719
69 71 5711
69 72 1663
69 73 6924
69 74 6884
69 75 667
69 76 6421
69 77 6078
69 78 5776
69 79 7400
70 71 5521
70 72 3853
70 73 4162
70 74 2295
70 75 4287
70 76 4853
70 77 4741
70 78 4565
70 79 3775
71 72 364
71 73 3966
71 74 5657
71 75 6229
71 76 4783
71 77 444
71 78 3378
71 79 2577
72 73 3199
72 74 4840
72 75 3685
72 76 3425
72 77 4335
72 78 1803
72 79 5919
73 74 3091
73 75 6438
73 76 6164
73 77 1295
73 78 181
73 79 748
74 75 962
74 76 6588
74 77 1558
74 78 1628
74 79 5482
75 76 5727
75 77 4052
75 78 922
75 79 1663
76 77 1635
76 78 3326
76 79 2014
77 78 2870
77 79 4586
78 79 7088
