35 80 980
6279 3042 3683 273 1902 650 5268 3719 1831 2554 5128 5363 1345 1409 4349 3418 5380 6580 2959 1293 3662 7436 4483 4408 1351 2490 5141 5936 1021 2453 2640 7299 4346 6322 6423
6247 6971 4190 2466 154 5595 6445 5516 6940 6705 2364 2857 3436 296 4668 4728 2809 3455 562 6068 4806 1903 3708 2093 2924 5013 4732 2722 710 2405 1645 6957 727 4686 774 880 2781 7218 6396 2220 6422 111 3928 2357 406 1095 5936 2066 4550 6497 634 707 899 3193 2799 2674 705 6382 4248 1415 1286 4744 7223 2012 1929 496 1744 4709 6565 6991 5780 5486 7101 2208 6694 6359 3302 5129 7276 6703
2977 409 7409 2727 3602 2707 5401 3158 1588 2148 3424 1725 6891 1998 3737 171 2493 4332 3732 409 3822 2011 5894 2274 4218 3939 1132 6372 419 908 5574 3395 168 4335 4974 2621 7041 1726 4631 7481 2725 6906 1705 2115 1404 4293 1137 2748 1124 4868 3157 3797 6879 402 6071 2448 4341 7202 1319 4759 6961 5745 7006 5981 2579 4479 1101 971 5056 5731 7303 280 5137 1508 1246 5392 4652 2382 639 5776
7250 2647 924 5480 3049 6994 427 6241 5548 598 3499 3860 5194 1856 2340 6624 5186 3441 94 2741 523 7397 3020 4511 256 4265 1254 4907 6647 745 2034 5248 3391 2958 3227 5291 1303 2505 4031 6850 3102 6382 2062 7147 737 4401 6270 5923 6693 5216 1163 6068 3964 3035 3078 3071 7299 3184 477 5297 3928 1363 3044 7318 3172 6270 5109 3326 127 491 2676 2080 6872 3589 1727 109 489 6848 4883 6034
4563 4897 4601 7378 431 6530 2948 6582 2213 2277 4378 6140 2491 7422 4810 4514 5043 1270 339 5169 1760 1866 7249 1132 5454 1475 92 4795 7174 4974 3328 3089 1222 6780 2966 1653 5809 4766 734 6874 5894 3963 4365 884 3884 1674 5397 279 1795 4587 5447 3555 6453 4047 3538 4406 4373 3629 1700 4047 7454 3879 7135 1175 3158 1452 1679 1467 5069 2412 840 3462 5227 5204 3197 1610 5730 7445 740 24
4532 6187 2430 3484 1585 5967 6741 5958 2095 941 1356 900 4819 7342 2075 477 1293 3753 795 6362 5017 486 1175 2743 5689 4372 3204 2770 4316 3944 2794 199 1482 5223 3682 3066 2542 2923 375 4636 2715 1730 5536 6385 423 6462 6861 1716 2714 6507 6929 6582 6992 603 1824 5181 3826 5028 6802 642 323 947 840 1804 5022 3374 3721 63 5148 4096 3550 362 4677 1585 5598 5100 6898 4959 5667 2112
3965 3947 1193 3457 4549 1869 7489 875 5748 5642 368 6070 6589 59 6725 4110 2284 2945 4172 7431 5892 221 6644 1921 658 4742 5872 55 1052 4038 1018 3868 484 1063 6176 3884 2931 5016 3610 30 3158 3977 6099 2246 2888 5323 5207 5171 7119 1878 3954 5511 950 3097 7431 1607 6690 5802 514 241 1191 1531 4109 526 2593 1636 4409 4375 6652 6871 3256 2309 3347 1854 3406 5086 6028 1112 2757 5647
1841 6710 3657 2790 1158 2439 4397 348 740 4910 6940 1930 5292 2400 2455 6737 4036 5715 2463 2039 5085 5719 4347 7284 72 6604 4869 4952 215 6477 1950 2055 4538 4458 3696 5696 6896 592 4895 6487 4353 3186 7268 2145 5586 2222 233 973 6788 2695 3011 3225 913 6209 3008 7337 5312 6728 4788 4378 5705 6737 6432 1594 3694 2627 6141 1941 2071 3535 927 5275 5573 694 6271 3658 1767 6503 4630 1054
1698 6492 4278 2610 5200 6137 1298 3011 5365 6085 7388 2421 4173 5171 4014 6718 6649 2655 1158 71 5041 936 5346 3113 1629 4116 5622 3395 3119 1603 3301 4816 594 6430 6277 5793 3919 75 1303 1783 5011 42 3055 536 5212 7068 7253 4361 1074 7263 4431 4967 698 1128 6931 1179 5244 3905 3425 862 5507 5577 4529 4953 4507 2157 3245 7277 2231 3400 1559 6094 3441 4613 6629 5 3032 5233 3217 2958
3847 6499 6776 4545 127 6206 5723 5370 2610 499 5083 6969 6076 2111 4421 1934 3119 6517 1710 5350 1268 3268 2795 4709 6732 775 3565 1115 6007 6781 2924 2354 5779 2199 5750 4757 905 2824 2626 2366 3322 6560 686 1897 22 3958 3830 3141 1827 5539 7342 3094 158 2636 6654 5741 3410 2718 6856 768 850 1131 3121 6629 3330 222 2737 3086 3045 5363 4303 6367 3274 4989 763 3296 298 3445 5288 2124
1483 5129 5218 1641 6616 3223 6233 1377 5941 4440 2144 6790 5571 4117 4770 1400 4338 7 4485 7383 4221 1287 6249 7494 5127 5863 2141 4277 1807 6280 6400 3290 3908 2969 3782 1875 6192 1366 3251 3484 5806 5395 2773 3876 863 6395 5275 5200 6401 1111 3934 1973 1249 2682 818 5228 7397 1811 2004 1703 590 7255 3844 3350 2724 6477 5224 267 343 975 3750 6148 5221 6522 2523 4935 4268 6649 2634 2020
259 6568 3992 359 601 4810 5586 497 5472 6441 2200 6061 6196 4895 1910 1419 3872 7134 537 4214 6960 4286 1713 3532 2159 3087 966 6427 2235 3599 946 1345 1518 3790 1703 2119 1099 6141 1467 6570 5081 2518 3982 3776 7413 5892 4046 3784 4377 4582 6849 3836 1367 1061 7367 2378 4147 7184 1304 5233 3282 1101 5429 3652 4890 5983 4622 4840 4623 6088 2761 1056 7458 6743 4831 7370 5134 229 2505 862
4810 1853 4697 5029 1765 3415 7406 4763 3098 61 2495 5231 1161 6775 1382 6051 5257 4855 3390 1232 2295 6151 2287 2252 4245 5969 2121 1878 6197 4625 2739 2359 5329 6287 6239 7093 1053 4996 3207 4150 5056 4553 732 5068 3827 2114 2470 1583 5820 5860 2814 614 3362 5100 2865 106 2421 3837 835 1117 7313 2425 2327 5141 63 1065 3585 1115 6060 6791 5264 2467 3843 5995 35 169 6960 2504 604 5280
7215 3417 4745 1928 7369 110 885 2289 3946 1719 2257 2611 2995 4584 251 3057 4500 2688 4171 1912 1978 786 4378 4673 5633 3264 3693 5092 5768 4296 1723 4334 6565 6468 6262 5285 5429 7146 73 1874 217 1181 4484 3211 4616 3587 5120 1616 6274 642 3527 7103 1428 404 4275 7060 3668 468 3503 787 4763 5226 5120 2679 3045 2733 463 973 1231 6887 1698 1447 568 5034 3509 5183 1120 1128 5650 6245
622 1676 5847 2049 932 2622 1608 3451 1941 5110 4237 5555 1687 708 734 4731 2293 1196 5703 3523 583 7401 4969 2 4934 7329 5184 4905 7309 3334 3649 430 3861 847 2478 4792 3468 2937 742 4260 6898 3830 2315 7437 3390 3048 4667 5682 4243 1722 1704 3677 1622 5524 3678 5407 5352 214 1663 5160 2399 5311 4441 5111 6157 5770 2403 977 1206 1996 5236 6956 4678 50 6892 567 1949 2910 6248 6192
4631 451 1220 5104 5974 3750 1862 2677 3963 3524 337 5213 186 3629 2823 5195 1899 4077 5023 1956 4925 2758 1411 2102 1660 802 2668 2460 2564 1415 3 7194 1865 1223 4798 6690 4972 6659 1866 286 1535 1054 4350 1720 4683 7172 6914 5433 2601 4436 7388 25 6046 1299 2126 6557 952 4793 1516 3515 5059 1519 2061 5775 1593 6858 4964 6564 4868 5681 5701 5254 6735 2550 6974 2769 1073 5239 701 2525
1027 588 2549 5924 738 3526 3832 542 818 5347 2908 5876 5717 4968 4150 6161 3177 465 4076 545 6146 2276 4650 4232 3677 4123 7000 3602 714 6552 6126 592 7139 27 6515 6729 3552 1698 7270 4370 5896 2677 1597 4113 6497 4599 2773 2173 3915 6849 1569 2560 476 6219 6791 3005 1693 5142 6606 2406 4193 5231 1849 2684 5257 7215 1912 1309 1412 533 4530 7308 2061 4978 2772 1057 928 4396 3230 3695
2596 4798 6254 1924 3516 4397 4928 4061 2038 4033 6466 5083 615 7167 266 4724 6881 2177 4884 7145 1561 765 6952 2473 4594 1075 3530 5522 5470 5611 1716 6918 1760 6821 1341 4128 2569 6268 688 4607 1652 6005 2189 2266 5671 1306 6989 3904 2334 3224 3548 3894 3988 1851 6366 1082 2925 1247 5455 7246 5709 7170 6663 7469 5342 6855 2948 411 5622 3635 3869 6125 991 4909 7243 6662 6214 6731 1917 1047
2455 5464 3792 5294 7314 1509 6375 1590 2756 4329 1335 7316 2850 6850 7284 692 6204 1583 7454 3178 5217 3822 1802 6208 1230 1544 4221 6295 7127 6137 7341 933 2952 2484 6226 1617 3992 3953 3206 5599 781 3392 5415 3631 2741 4050 3174 297 5633 3127 2326 2201 6948 2979 908 7029 3375 3980 5823 1853 1468 4515 2785 3271 6998 362 4887 2341 3166 6944 440 3947 1688 4706 6429 3280 1255 2102 3576 6887
5228 4753 1588 3527 232 1347 3055 3606 4179 229 5458 5646 3595 7094 269 1944 6307 5155 4284 1973 3451 3575 5919 3990 780 4847 7269 2035 5800 2197 273 3527 6949 712 5905 7180 911 311 2137 5089 539 94 2086 2985 7187 2354 4928 5994 6361 563 466 1163 4138 5236 5152 4917 1434 3772 5803 7233 5968 4928 2111 4269 5639 515 3948 6549 825 4937 2989 215 5030 5075 3199 3569 6280 6978 914 5140
6392 231 5154 3029 5466 2805 6798 5751 6577 3952 5483 3896 1379 6445 664 7018 5811 4612 4918 6635 900 407 5701 5929 4333 251 849 3112 7228 1762 7104 6119 1992 4757 500 6309 62 6149 3411 5490 2600 245 1885 3979 6689 2549 2348 4999 6012 7265 2985 6911 6523 1185 5339 3355 1435 5040 5319 14 6801 4922 6133 145 2178 5484 5305 2239 4132 1216 6580 6731 1460 965 2061 7001 3513 4408 4499 2024
3025 7484 1434 2047 20 5624 4254 307 3163 2072 320 1316 5845 5304 1460 522 3287 6764 1613 7418 6831 692 5501 7143 1656 61 6643 4020 3321 2493 6043 6345 2476 6328 7243 1348 4452 2848 1654 6466 3771 1973 281 2115 7277 592 2637 1915 6208 3101 685 5538 3792 6185 5180 4300 5097 3174 819 7269 5667 5714 6113 6994 4541 4708 841 344 55 2494 6810 2678 3319 5942 4792 1947 6534 6280 2713 5241
732 3397 2130 3376 933 6162 175 4882 1835 7345 4650 1 5558 2115 6995 1451 6822 335 1794 5728 1681 7455 905 3851 5897 4549 4649 3782 3328 7361 374 4060 2110 2503 7435 3042 1164 6461 6775 1851 5157 3925 1851 3215 6039 1345 3517 4212 532 5310 1291 1064 4117 2196 3766 1365 5596 914 5146 275 7126 5519 3186 1735 6873 1972 3629 537 932 1755 2387 6089 5679 3089 655 3069 3286 4171 6132 2669
832 7423 2584 4948 970 6349 6312 5417 6114 2809 5691 4591 827 1377 5178 6552 3348 1306 7088 4280 1912 826 1720 6443 2766 1226 863 6051 5396 6995 1219 5079 5769 3802 1379 5590 1502 190 3506 6467 1851 1696 3558 1529 1924 1235 580 5272 1392 6519 903 3303 6196 2622 2245 1462 2699 3108 6364 594 1454 6435 5672 6074 1588 5902 4163 3090 6092 6520 2056 6794 715 4465 822 2639 5699 254 6762 5942
6772 164 1745 5468 1637 2841 5781 4335 4800 4644 3780 5105 3578 803 3678 5166 6705 340 7107 4148 5711 1662 3441 6426 6127 3114 416 3177 3367 7177 1619 2639 6192 2215 6958 328 5055 5238 3514 1207 2381 7293 6311 4811 595 2489 2476 7299 1680 2082 2798 7391 2595 6238 5168 73 1852 4435 2102 5218 4111 3720 6708 1654 4786 6165 1981 1192 3902 5494 2398 5135 4138 61 2445 4732 1401 3772 3383 1932
5853 6180 674 7299 3770 5841 7372 5621 2775 1973 2190 5737 4544 250 6242 1829 6414 722 3020 1668 5067 4270 5654 1704 4330 6950 5288 5730 3221 22 6513 425 5053 7187 223 1322 5527 94 5794 7154 918 6836 4242 4313 7085 2984 6141 4850 2557 513 6517 6476 3634 3522 7031 6815 2971 3670 5044 6191 3691 4056 6615 1244 2594 6838 1417 621 5783 7211 6626 5553 6546 2219 1217 6130 4054 6210 3479 5463
6722 1348 4438 1707 3721 2820 1021 6692 6490 4916 4234 1532 323 2201 1627 2917 390 3044 2389 5024 1606 1514 3076 651 2584 3145 5632 6638 1854 462 4600 7427 661 389 1633 4382 3208 2653 2425 1049 68 5510 2581 390 210 4207 3306 599 6102 5694 5623 207 6059 50 857 1143 3194 5340 6632 3899 5802 2583 3825 5314 1823 5457 1047 3882 609 3471 4931 7028 1481 11 7418 542 3069 2075 1141 1671
6621 5615 1877 5179 4516 1586 5173 6562 5777 3156 2960 2930 4590 6785 744 6412 4741 1790 2794 4202 4113 224 3729 5593 6586 2498 4986 2154 4573 6126 2676 3693 3092 3405 223 108 4990 4248 5521 2118 7403 980 5048 3345 264 5791 2256 3857 6432 3901 558 3044 2976 3138 7488 2061 5636 4974 3067 2708 2451 4594 5252 5543 498 4326 4502 4339 1073 2522 6457 7328 3501 4004 2024 2617 1146 4279 5325 77
7032 4734 3121 2507 371 1960 3420 6006 6933 5338 65 1884 2431 4168 7426 1781 994 3279 6119 918 5800 5075 7097 652 430 1620 2120 1575 4751 7444 504 4282 4677 2476 5640 5048 4435 411 2405 2720 5748 2470 4603 7031 5489 3380 1311 6482 6658 7429 6252 4957 3856 5848 4460 4285 6320 6580 4712 3570 6523 4067 6703 2552 5394 3694 6451 2328 4105 207 5047 2352 1528 1001 1882 7017 3232 2044 4850 2389
1973 3601 6197 4680 801 3157 316 7120 2236 5027 2041 110 445 1243 1513 5838 4936 463 7018 392 670 3416 1596 2197 4417 3477 565 148 4373 5415 1389 6345 1515 85 3524 2315 2093 3839 786 3180 218 2826 2142 7014 2920 3654 5352 6708 2969 3721 7099 2490 7136 1194 3538 2904 3523 4103 1904 395 2017 3292 5591 2383 2228 466 4698 3173 3156 4335 6352 2225 7161 993 1739 1432 3499 5942 639 5319
2162 6590 308 1797 6635 3845 3553 2657 447 5456 1903 1315 1247 6345 3698 2326 6810 7247 5498 1318 4081 4350 3542 2593 4194 4132 4025 6544 2573 3515 4362 4734 1456 4669 5383 591 7366 1435 2099 6664 6890 4002 479 6988 1698 4176 1813 7360 2774 6163 1177 6854 1864 4718 799 4909 1350 3675 3953 2774 7189 814 6360 7497 4335 4242 587 4200 4528 2685 2215 2769 5538 2693 1108 7236 5720 1772 7095 7345
434 7123 6699 2297 4340 6349 7206 4541 2523 2510 7315 1063 2175 6174 1059 6509 1767 1645 2060 5146 3182 3127 414 1219 5819 1521 7306 2891 2144 5752 2735 2578 5374 785 3726 1066 7133 2283 4458 2155 4792 4272 2070 5819 1797 3128 3679 2415 4773 4591 60 6806 217 6825 6876 6035 7197 6682 277 1841 3785 3012 3270 511 2648 6995 1576 1133 630 6033 2139 4273 1657 4208 2591 2305 7336 6270 4720 3460
3360 3631 2765 3576 2956 992 962 2652 173 1239 3344 2810 3102 6613 3320 4601 4960 4895 5733 5589 2279 372 2361 3935 4579 4952 6240 3266 2573 2311 6725 5932 5941 841 859 1396 1833 1820 2900 857 1910 6243 3666 3863 4208 5837 7316 1667 2083 5548 7255 4362 5919 967 7148 1850 4770 4739 5115 7342 7049 3192 4625 4342 4032 5483 4589 4716 6155 7488 5573 564 5083 590 3279 642 6427 3094 2308 1009
1141 914 4222 5912 732 2722 6613 5502 7460 4227 5343 5861 7418 2468 2702 2802 450 7290 17 6604 6130 4441 6020 2564 5031 650 3205 2809 3743 5512 2669 3735 5277 6891 998 6008 2112 110 4009 923 3189 704 6783 1958 3171 836 4759 2472 626 3628 428 5607 6920 6447 670 4450 7096 3874 6110 2190 737 1279 5924 6013 7021 5774 4520 484 5883 7381 1406 1571 584 7041 2381 2606 6728 7139 5077 6205
2118 4356 4311 1538 2154 4980 4839 1749 1353 3449 2790 941 4727 66 6953 3099 5839 2825 3582 4221 1557 3839 4644 2140 3379 7024 3597 2607 5514 1173 1311 6484 4381 4474 521 6534 1953 4211 7135 2158 159 2424 3098 3737 2489 1403 6835 7179 3079 1768 2752 4635 5607 7395 6774 337 5770 2870 1795 2635 2894 1958 1618 6126 6431 990 5160 7235 5201 4794 744 4211 7217 2694 448 1058 4096 6134 736 7174
402 3487 3160 4860 2233 1285 5196 6854 3006 6991 841 5899 1448 1310 4525 6730 1152 1036 6464 6352 5829 6060 1914 4397 1253 1213 4306 4200 7347 5042 3873 6600 7380 5884 3959 965 7168 506 6670 2673 7496 10 7423 295 172 4447 5876 1323 4334 3692 6526 2662 2251 939 5911 3503 1004 2716 202 7202 257 2926 6301 6489 1309 1611 6305 976 2116 4326 3648 964 3188 3570 1258 3359 6869 7134 4681 3702
0 7 5255
0 10 6258
0 18 1178
0 22 4475
0 24 918
0 28 7277
0 29 3728
0 30 4675
0 33 4042
0 34 2762
0 37 2596
0 38 3744
0 46 5674
0 47 2884
0 51 556
0 55 466
0 56 4273
0 60 2533
0 61 6814
0 64 7353
0 68 7420
0 70 1655
0 71 6865
0 74 2315
0 78 4028
1 6 4678
1 8 3499
1 9 6827
1 16 5879
1 17 4234
1 22 5859
1 24 2386
1 29 3546
1 31 3019
1 33 1197
1 38 4703
1 44 4246
1 46 1456
1 51 4392
1 52 4127
1 53 5748
1 56 3568
1 57 3338
1 59 4125
1 60 6542
1 65 3509
1 71 4415
1 72 1671
1 76 2531
2 8 4839
2 11 5739
2 12 59
2 18 7438
2 19 6926
2 21 3709
2 22 184
2 23 5859
2 32 4893
2 40 6267
2 42 6204
2 45 1049
2 46 5418
2 47 7231
2 56 87
2 57 5031
2 58 5050
2 64 4217
2 65 1657
2 74 4238
2 76 1361
2 77 3233
2 79 2171
3 4 2330
3 7 4869
3 8 2525
3 18 2149
3 20 1217
3 23 3918
3 27 6399
3 32 697
3 34 350
3 35 6130
3 36 211
3 47 6834
3 49 3562
3 50 3530
3 55 4958
3 61 626
3 66 20
3 67 4217
3 71 4494
3 73 556
3 75 3015
3 76 6796
3 78 4254
4 12 2826
4 16 4913
4 17 3740
4 18 1739
4 19 6827
4 20 141
4 24 7002
4 26 3755
4 28 4855
4 29 2510
4 30 6447
4 35 3469
4 38 606
4 42 3628
4 44 3834
4 46 2187
4 57 2364
4 58 1579
4 59 1185
4 60 1037
4 63 785
4 64 7188
4 66 1919
4 71 2309
4 75 1167
4 78 4193
5 12 970
5 16 1629
5 21 7064
5 23 4992
5 24 4253
5 27 5275
5 31 6467
5 35 183
5 42 498
5 47 2550
5 49 5654
5 61 3909
5 62 505
5 68 3102
5 78 1875
6 7 3354
6 8 6053
6 12 2997
6 14 2353
6 18 5853
6 19 3692
6 20 1283
6 31 2730
6 39 5217
6 45 6461
6 48 4883
6 49 2882
6 50 5838
6 51 2894
6 53 101
6 55 5038
6 57 4525
6 58 2148
6 60 7364
6 63 3156
6 65 2116
6 68 107
6 72 2178
7 13 3387
7 14 1746
7 15 4227
7 20 7081
7 26 2400
7 31 112
7 32 4343
7 33 2762
7 35 1311
7 37 3056
7 38 4799
7 39 5420
7 44 5397
7 45 2677
7 47 3928
7 49 763
7 51 7226
7 53 3605
7 63 6355
7 64 3309
7 68 7039
7 70 7207
7 72 7254
7 75 3060
8 9 2767
8 11 1737
8 13 4358
8 14 860
8 17 6267
8 19 4657
8 20 5260
8 21 1854
8 23 4039
8 24 487
8 29 2145
8 30 1264
8 31 7320
8 33 3030
8 38 4538
8 41 6468
8 43 7173
8 44 2671
8 46 3157
8 47 1396
8 49 6904
8 51 7019
8 53 567
8 54 3613
8 56 1884
8 58 6421
8 61 1825
8 64 923
8 66 1997
8 68 2244
8 72 2164
8 73 3943
8 77 6470
9 10 1412
9 15 6884
9 16 4875
9 18 286
9 27 471
9 31 3638
9 37 2572
9 42 3325
9 46 1610
9 50 3011
9 51 5659
9 53 4085
9 54 6430
9 57 2306
9 59 2905
9 60 830
9 63 4716
9 64 6332
9 68 4664
9 69 2273
9 72 3006
9 74 7090
9 77 6947
9 79 5634
10 13 4601
10 15 4279
10 17 3110
10 18 126
10 19 4808
10 22 988
10 24 3994
10 27 1398
10 29 7196
10 31 4181
10 35 2646
10 37 4070
10 40 336
10 43 2828
10 46 976
10 47 4213
10 51 2693
10 57 966
10 60 1338
10 67 3566
10 69 6233
10 71 5394
10 74 5982
10 79 33
11 14 1473
11 15 41
11 16 2841
11 20 3296
11 40 5635
11 41 1556
11 43 3248
11 51 4592
11 54 4259
11 59 3026
11 61 2668
11 65 4716
11 69 3785
11 70 4184
11 71 2282
11 72 85
11 75 3717
11 78 7219
11 79 3275
12 13 5576
12 15 743
12 17 1089
12 18 5844
12 24 3676
12 31 7022
12 34 4320
12 41 4893
12 48 2580
12 55 3957
12 62 4630
12 69 2202
12 71 7310
12 74 5373
12 75 7066
12 79 5876
13 16 4207
13 21 4462
13 22 3896
13 26 1419
13 28 80
13 34 3947
13 36 3005
13 37 2515
13 39 5574
13 41 902
13 43 5363
13 45 5813
13 46 4100
13 49 1776
13 51 7118
13 53 3003
13 59 6388
13 61 3313
13 63 4214
13 69 6686
13 70 6385
13 71 7011
13 75 4077
14 22 5285
14 24 2230
14 27 4896
14 28 3049
14 29 2797
14 32 5375
14 33 6640
14 35 122
14 37 4481
14 38 1091
14 40 1688
14 42 5824
14 48 4072
14 52 4076
14 53 3627
14 59 4513
14 66 2579
14 68 6313
14 69 205
14 70 193
14 77 3377
14 78 7163
14 79 1221
15 35 4157
15 40 5022
15 42 68
15 48 6832
15 49 6932
15 53 2249
15 57 843
15 59 3851
15 61 5496
15 65 3968
15 66 2775
15 67 5580
15 78 6961
15 79 433
16 19 1385
16 20 5438
16 27 5739
16 29 3818
16 32 2844
16 41 746
16 43 6188
16 46 3072
16 49 1460
16 50 731
16 54 3855
16 59 2699
16 62 1320
16 63 688
16 67 4795
16 70 7199
16 74 4764
16 78 5300
16 79 4612
17 19 6547
17 23 3768
17 25 3537
17 26 698
17 28 2740
17 31 787
17 34 7473
17 39 4994
17 41 83
17 42 2601
17 45 5150
17 50 3178
17 57 7100
17 66 5570
17 68 670
17 69 2274
17 71 7191
17 79 5824
18 21 4509
18 29 2963
18 33 7449
18 38 6689
18 42 1340
18 44 6250
18 46 2110
18 48 3781
18 53 6361
18 62 4900
18 63 4170
18 66 7321
18 68 4922
18 69 5734
18 70 4161
18 74 4414
18 76 2126
18 78 7145
18 79 1186
19 21 476
19 23 6454
19 26 4322
19 27 6748
19 30 5513
19 32 4521
19 34 3843
19 37 4237
19 39 2733
19 42 5586
19 43 4957
19 49 2598
19 55 3972
19 58 84
19 69 854
19 72 5561
19 75 6805
20 36 6959
20 37 5765
20 38 4892
20 39 3676
20 42 903
20 44 6307
20 45 4317
20 49 4664
20 51 1686
20 55 4081
20 57 3539
20 59 506
20 61 4181
20 62 106
20 71 6741
20 76 4831
20 77 2853
21 32 4379
21 35 1428
21 42 1437
21 44 6267
21 45 536
21 48 5760
21 59 6541
21 65 5556
21 77 898
22 26 1193
22 33 3146
22 34 2910
22 40 4156
22 46 2671
22 54 6381
22 60 653
22 64 4157
22 68 5610
22 69 3458
22 74 4369
23 24 7461
23 27 4146
23 29 1591
23 35 3172
23 42 509
23 47 3545
23 55 7052
23 56 6596
23 58 1455
23 61 5457
23 66 4619
23 68 6734
23 69 494
23 72 857
23 75 4300
24 25 4134
24 27 2985
24 29 7293
24 30 6371
24 31 3356
24 37 2233
24 38 3241
24 40 2015
24 42 6315
24 45 2680
24 58 3337
24 59 638
24 63 2447
24 65 4462
24 67 3276
24 68 5090
24 74 1781
24 76 6763
25 33 2219
25 35 299
25 36 1869
25 37 7374
25 39 3518
25 40 1827
25 42 4561
25 51 3269
25 54 4012
25 55 5345
25 57 5643
25 60 122
25 70 4720
25 71 7370
25 75 3744
25 76 7315
25 77 2241
25 78 2417
25 79 2117
26 27 7286
26 29 6259
26 30 53
26 34 3046
26 35 5501
26 44 744
26 51 1626
26 53 1435
26 56 6369
26 57 1312
26 58 6858
26 64 7469
26 66 107
26 67 2457
26 73 69
26 74 5676
26 78 6951
27 28 7114
27 33 5577
27 35 4397
27 42 871
27 43 3179
27 47 4414
27 52 4616
27 53 1808
27 54 670
27 55 1791
27 57 1699
27 60 5349
27 63 1821
27 65 3851
27 67 3559
27 71 6610
27 72 7151
27 74 310
27 75 2109
28 29 6903
28 31 4752
28 32 6919
28 33 6651
28 37 5572
28 38 2818
28 41 4932
28 51 2214
28 56 2179
28 64 7443
28 67 156
28 76 3072
29 30 4706
29 34 4672
29 39 3164
29 40 7107
29 42 6114
29 43 1250
29 44 6598
29 48 5020
29 51 6809
29 55 6671
29 58 5691
29 59 3238
29 67 6108
29 69 4011
29 72 3976
29 74 1353
29 75 789
29 76 3186
29 77 1457
30 31 1914
30 32 1132
30 38 706
30 40 2083
30 42 2186
30 48 2754
30 51 3370
30 56 1776
30 59 1799
30 60 7452
30 61 533
30 62 4101
30 64 4242
30 67 1165
30 68 1500
30 71 33
30 76 1994
30 79 2918
31 39 4744
31 40 2144
31 45 1890
31 51 1317
31 52 624
31 53 5279
31 54 3492
31 56 6619
31 57 5321
31 59 1802
31 60 1665
31 62 265
31 69 4434
31 72 6167
31 75 5542
31 77 6237
31 79 1029
32 34 5450
32 36 5967
32 37 4403
32 40 6259
32 41 3408
32 42 837
32 45 3281
32 49 2263
32 51 7351
32 52 885
32 57 1180
32 59 5582
32 62 5191
32 63 3301
32 70 2707
32 71 126
32 75 7071
32 79 6287
33 45 1224
33 54 3944
33 56 2367
33 57 2365
33 59 4
33 60 6973
33 61 3556
33 64 3744
33 65 219
33 67 294
33 68 2544
33 69 5587
33 70 1270
33 74 2529
33 77 184
33 78 6209
34 35 5681
34 36 4133
34 37 3593
34 38 6762
34 40 2916
34 41 5668
34 50 933
34 52 5383
34 62 7367
34 71 7400
34 72 4377
34 75 5745
34 78 4935
35 42 5735
35 50 7459
35 54 2
35 56 23
35 58 5717
35 73 4162
35 74 2488
35 75 1891
35 78 1522
36 38 655
36 39 1713
36 43 488
36 44 5603
36 51 354
36 52 888
36 53 6733
36 57 4775
36 59 7479
36 61 4178
36 62 6683
36 65 125
36 66 3611
36 67 1734
36 79 2232
37 42 56
37 48 1948
37 50 5558
37 52 4620
37 57 6505
37 59 2756
37 60 4672
37 63 6071
37 64 405
37 65 4563
37 66 5718
37 68 5587
37 69 2457
37 70 6211
37 72 2182
37 76 1031
37 78 3952
37 79 1629
38 44 2929
38 46 4218
38 47 3508
38 55 2756
38 57 4626
38 61 498
38 64 3361
38 65 2996
38 72 2045
38 74 5057
38 76 6779
38 77 4925
39 44 4560
39 52 3838
39 54 2375
39 55 6975
39 58 1975
39 61 4500
39 63 967
39 64 6501
39 66 5420
39 70 3668
40 42 2906
40 43 3240
40 44 1445
40 46 1840
40 49 2186
40 51 6457
40 54 7458
40 57 4697
40 61 6707
40 63 472
40 64 6655
40 65 574
40 68 2439
40 71 2631
40 76 1921
41 43 5354
41 48 3212
41 50 2366
41 52 1817
41 53 7080
41 54 7310
41 56 1292
41 57 2885
41 58 5006
41 60 3271
41 61 4303
41 62 1105
41 65 2390
41 71 4269
42 45 4169
42 49 3613
42 51 3569
42 52 5492
42 55 3627
42 60 1849
42 67 409
42 71 2385
42 74 3777
42 77 1839
43 44 2813
43 46 6675
43 48 7376
43 51 3199
43 56 5158
43 59 5382
43 61 510
43 62 5807
43 65 2008
43 70 2719
43 71 4558
43 73 1551
43 76 6328
43 77 128
43 79 615
44 47 1416
44 56 6997
44 58 1067
44 61 2094
44 68 1878
44 69 6517
44 73 1110
45 46 5292
45 47 6127
45 48 1129
45 51 7427
45 65 5193
45 69 5729
45 71 3521
45 76 2837
45 78 1822
46 52 2597
46 54 6680
46 55 248
46 61 5196
46 62 1711
46 67 2319
46 69 2992
46 70 5710
46 75 3276
46 76 2038
46 77 6947
47 48 2247
47 49 2982
47 52 999
47 53 5144
47 55 6334
47 65 6533
47 66 5908
47 67 5856
47 70 3404
47 71 973
47 74 6424
47 77 4070
48 49 6203
48 50 564
48 55 2154
48 61 551
48 62 669
48 69 2805
48 72 3146
48 74 2079
48 76 2754
49 52 4434
49 56 1289
49 57 4340
49 60 5667
49 61 4675
49 63 2633
49 66 7010
49 68 990
49 69 3623
49 78 6167
50 53 4671
50 56 1171
50 67 4693
50 76 4945
50 77 2994
50 78 6512
51 52 5792
51 56 7123
51 57 5575
51 61 285
51 71 6504
51 72 5633
51 78 500
51 79 6681
52 54 622
52 64 7031
52 65 2342
52 66 3989
52 70 440
52 73 2574
52 75 5653
53 54 3493
53 61 3919
53 63 5112
53 64 6413
53 70 5098
53 72 3588
53 75 6402
53 76 4756
54 56 576
54 59 127
54 61 4090
54 63 4276
54 67 701
54 70 4058
54 73 4249
54 75 246
55 59 1817
55 62 51
55 65 4375
55 66 2055
55 67 6023
55 68 280
55 71 5599
55 72 5249
55 73 5855
55 75 2689
55 76 72
55 79 5047
56 57 3244
56 61 2842
56 62 7093
56 64 4467
56 67 3419
56 69 1528
56 72 7472
56 74 5289
56 77 3605
56 78 1839
56 79 4503
57 61 6010
57 64 3749
57 67 6712
57 76 1413
58 63 5830
58 69 2648
58 74 2423
59 60 363
59 63 5060
59 64 6135
59 70 2398
59 73 6689
59 76 679
59 77 3686
59 79 6278
60 65 5559
60 67 1970
60 69 6126
60 75 1140
61 62 2160
61 66 7205
61 69 872
61 73 103
61 78 5486
61 79 1218
62 67 389
62 69 2549
62 77 2944
62 78 4725
63 65 476
63 68 1359
63 73 2636
63 74 2404
63 77 4425
64 65 6298
64 70 7110
64 75 6211
64 78 1556
65 70 164
65 71 85
65 72 635
65 78 1366
66 68 3849
66 69 4596
66 71 2158
66 72 2533
66 74 6189
66 75 530
66 76 2111
66 77 2964
66 79 4885
67 68 5732
67 73 2965
67 76 5304
67 79 3745
68 69 3377
68 72 3817
68 73 3790
68 76 933
69 71 6094
69 78 5873
69 79 2383
70 74 3599
70 76 507
70 77 1692
71 77 6386
72 74 4504
72 75 1901
72 76 3250
73 76 3502
74 76 5783
74 78 889
75 78 2461
77 79 1138
