35 80 2253
6279 3042 3683 273 1902 650 5268 3719 1831 2554 5128 5363 1345 1409 4349 3418 5380 6580 2959 1293 3662 7436 4483 4408 1351 2490 5141 5936 1021 2453 2640 7299 4346 6322 6423
6247 6971 4190 2466 154 5595 6445 5516 6940 6705 2364 2857 3436 296 4668 4728 2809 3455 562 6068 4806 1903 3708 2093 2924 5013 4732 2722 710 2405 1645 6957 727 4686 774 880 2781 7218 6396 2220 6422 111 3928 2357 406 1095 5936 2066 4550 6497 634 707 899 3193 2799 2674 705 6382 4248 1415 1286 4744 7223 2012 1929 496 1744 4709 6565 6991 5780 5486 7101 2208 6694 6359 3302 5129 7276 6703
2977 409 7409 2727 3602 2707 5401 3158 1588 2148 3424 1725 6891 1998 3737 171 2493 4332 3732 409 3822 2011 5894 2274 4218 3939 1132 6372 419 908 5574 3395 168 4335 4974 2621 7041 1726 4631 7481 2725 6906 1705 2115 1404 4293 1137 2748 1124 4868 3157 3797 6879 402 6071 2448 4341 7202 1319 4759 6961 5745 7006 5981 2579 4479 1101 971 5056 5731 7303 280 5137 1508 1246 5392 4652 2382 639 5776
7250 2647 924 5480 3049 6994 427 6241 5548 598 3499 3860 5194 1856 2340 6624 5186 3441 94 2741 523 7397 3020 4511 256 4265 1254 4907 6647 745 2034 5248 3391 2958 3227 5291 1303 2505 4031 6850 3102 6382 2062 7147 737 4401 6270 5923 6693 5216 1163 6068 3964 3035 3078 3071 7299 3184 477 5297 3928 1363 3044 7318 3172 6270 5109 3326 127 491 2676 2080 6872 3589 1727 109 489 6848 4883 6034
4563 4897 4601 7378 431 6530 2948 6582 2213 2277 4378 6140 2491 7422 4810 4514 5043 1270 339 5169 1760 1866 7249 1132 5454 1475 92 4795 7174 4974 3328 3089 1222 6780 2966 1653 5809 4766 734 6874 5894 3963 4365 884 3884 1674 5397 279 1795 4587 5447 3555 6453 4047 3538 4406 4373 3629 1700 4047 7454 3879 7135 1175 3158 1452 1679 1467 5069 2412 840 3462 5227 5204 3197 1610 5730 7445 740 24
4532 6187 2430 3484 1585 5967 6741 5958 2095 941 1356 900 4819 7342 2075 477 1293 3753 795 6362 5017 486 1175 2743 5689 4372 3204 2770 4316 3944 2794 199 1482 5223 3682 3066 2542 2923 375 4636 2715 1730 5536 6385 423 6462 6861 1716 2714 6507 6929 6582 6992 603 1824 5181 3826 5028 6802 642 323 947 840 1804 5022 3374 3721 63 5148 4096 3550 362 4677 1585 5598 5100 6898 4959 5667 2112
3965 3947 1193 3457 4549 1869 7489 875 5748 5642 368 6070 6589 59 6725 4110 2284 2945 4172 7431 5892 221 6644 1921 658 4742 5872 55 1052 4038 1018 3868 484 1063 6176 3884 2931 5016 3610 30 3158 3977 6099 2246 2888 5323 5207 5171 7119 1878 3954 5511 950 3097 7431 1607 6690 5802 514 241 1191 1531 4109 526 2593 1636 4409 4375 6652 6871 3256 2309 3347 1854 3406 5086 6028 1112 2757 5647
1841 6710 3657 2790 1158 2439 4397 348 740 4910 6940 1930 5292 2400 2455 6737 4036 5715 2463 2039 5085 5719 4347 7284 72 6604 4869 4952 215 6477 1950 2055 4538 4458 3696 5696 6896 592 4895 6487 4353 3186 7268 2145 5586 2222 233 973 6788 2695 3011 3225 913 6209 3008 7337 5312 6728 4788 4378 5705 6737 6432 1594 3694 2627 6141 1941 2071 3535 927 5275 5573 694 6271 3658 1767 6503 4630 1054
1698 6492 4278 2610 5200 6137 1298 3011 5365 6085 7388 2421 4173 5171 4014 6718 6649 2655 1158 71 5041 936 5346 3113 1629 4116 5622 3395 3119 1603 3301 4816 594 6430 6277 5793 3919 75 1303 1783 5011 42 3055 536 5212 7068 7253 4361 1074 7263 4431 4967 698 1128 6931 1179 5244 3905 3425 862 5507 5577 4529 4953 4507 2157 3245 7277 2231 3400 1559 6094 3441 4613 6629 5 3032 5233 3217 2958
3847 6499 6776 4545 127 6206 5723 5370 2610 499 5083 6969 6076 2111 4421 1934 3119 6517 1710 5350 1268 3268 2795 4709 6732 775 3565 1115 6007 6781 2924 2354 5779 2199 5750 4757 905 2824 2626 2366 3322 6560 686 1897 22 3958 3830 3141 1827 5539 7342 3094 158 2636 6654 5741 3410 2718 6856 768 850 1131 3121 6629 3330 222 2737 3086 3045 5363 4303 6367 3274 4989 763 3296 298 3445 5288 2124
1483 5129 5218 1641 6616 3223 6233 1377 5941 4440 2144 6790 5571 4117 4770 1400 4338 7 4485 7383 4221 1287 6249 7494 5127 5863 2141 4277 1807 6280 6400 3290 3908 2969 3782 1875 6192 1366 3251 3484 5806 5395 2773 3876 863 6395 5275 5200 6401 1111 3934 1973 1249 2682 818 5228 7397 1811 2004 1703 590 7255 3844 3350 2724 6477 5224 267 343 975 3750 6148 5221 6522 2523 4935 4268 6649 2634 2020
259 6568 3992 359 601 4810 5586 497 5472 6441 2200 6061 6196 4895 1910 1419 3872 7134 537 4214 6960 4286 1713 3532 2159 3087 966 6427 2235 3599 946 1345 1518 3790 1703 2119 1099 6141 1467 6570 5081 2518 3982 3776 7413 5892 4046 3784 4377 4582 6849 3836 1367 1061 7367 2378 4147 7184 1304 5233 3282 1101 5429 3652 4890 5983 4622 4840 4623 6088 2761 1056 7458 6743 4831 7370 5134 229 2505 862
4810 1853 4697 5029 1765 3415 7406 4763 3098 61 2495 5231 1161 6775 1382 6051 5257 4855 3390 1232 2295 6151 2287 2252 4245 5969 2121 1878 6197 4625 2739 2359 5329 6287 6239 7093 1053 4996 3207 4150 5056 4553 732 5068 3827 2114 2470 1583 5820 5860 2814 614 3362 5100 2865 106 2421 3837 835 1117 7313 2425 2327 5141 63 1065 3585 1115 6060 6791 5264 2467 3843 5995 35 169 6960 2504 604 5280
7215 3417 4745 1928 7369 110 885 2289 3946 1719 2257 2611 2995 4584 251 3057 4500 2688 4171 1912 1978 786 4378 4673 5633 3264 3693 5092 5768 4296 1723 4334 6565 6468 6262 5285 5429 7146 73 1874 217 1181 4484 3211 4616 3587 5120 1616 6274 642 3527 7103 1428 404 4275 7060 3668 468 3503 787 4763 5226 5120 2679 3045 2733 463 973 1231 6887 1698 1447 568 5034 3509 5183 1120 1128 5650 6245
622 1676 5847 2049 932 2622 1608 3451 1941 5110 4237 5555 1687 708 734 4731 2293 1196 5703 3523 583 7401 4969 2 4934 7329 5184 4905 7309 3334 3649 430 3861 847 2478 4792 3468 2937 742 4260 6898 3830 2315 7437 3390 3048 4667 5682 4243 1722 1704 3677 1622 5524 3678 5407 5352 214 1663 5160 2399 5311 4441 5111 6157 5770 2403 977 1206 1996 5236 6956 4678 50 6892 567 1949 2910 6248 6192
4631 451 1220 5104 5974 3750 1862 2677 3963 3524 337 5213 186 3629 2823 5195 1899 4077 5023 1956 4925 2758 1411 2102 1660 802 2668 2460 2564 1415 3 7194 1865 1223 4798 6690 4972 6659 1866 286 1535 1054 4350 1720 4683 7172 6914 5433 2601 4436 7388 25 6046 1299 2126 6557 952 4793 1516 3515 5059 1519 2061 5775 1593 6858 4964 6564 4868 5681 5701 5254 6735 2550 6974 2769 1073 5239 701 2525
1027 588 2549 5924 738 3526 3832 542 818 5347 2908 5876 5717 4968 4150 6161 3177 465 4076 545 6146 2276 4650 4232 3677 4123 7000 3602 714 6552 6126 592 7139 27 6515 6729 3552 1698 7270 4370 5896 2677 1597 4113 6497 4599 2773 2173 3915 6849 1569 2560 476 6219 6791 3005 1693 5142 6606 2406 4193 5231 1849 2684 5257 7215 1912 1309 1412 533 4530 7308 2061 4978 2772 1057 928 4396 3230 3695
2596 4798 6254 1924 3516 4397 4928 4061 2038 4033 6466 5083 615 7167 266 4724 6881 2177 4884 7145 1561 765 6952 2473 4594 1075 3530 5522 5470 5611 1716 6918 1760 6821 1341 4128 2569 6268 688 4607 1652 6005 2189 2266 5671 1306 6989 3904 2334 3224 3548 3894 3988 1851 6366 1082 2925 1247 5455 7246 5709 7170 6663 7469 5342 6855 2948 411 5622 3635 3869 6125 991 4909 7243 6662 6214 6731 1917 1047
2455 5464 3792 5294 7314 1509 6375 1590 2756 4329 1335 7316 2850 6850 7284 692 6204 1583 7454 3178 5217 3822 1802 6208 1230 1544 4221 6295 7127 6137 7341 933 2952 2484 6226 1617 3992 3953 3206 5599 781 3392 5415 3631 2741 4050 3174 297 5633 3127 2326 2201 6948 2979 908 7029 3375 3980 5823 1853 1468 4515 2785 3271 6998 362 4887 2341 3166 6944 440 3947 1688 4706 6429 3280 1255 2102 3576 6887
5228 4753 1588 3527 232 1347 3055 3606 4179 229 5458 5646 3595 7094 269 1944 6307 5155 4284 1973 3451 3575 5919 3990 780 4847 7269 2035 5800 2197 273 3527 6949 712 5905 7180 911 311 2137 5089 539 94 2086 2985 7187 2354 4928 5994 6361 563 466 1163 4138 5236 5152 4917 1434 3772 5803 7233 5968 4928 2111 4269 5639 515 3948 6549 825 4937 2989 215 5030 5075 3199 3569 6280 6978 914 5140
6392 231 5154 3029 5466 2805 6798 5751 6577 3952 5483 3896 1379 6445 664 7018 5811 4612 4918 6635 900 407 5701 5929 4333 251 849 3112 7228 1762 7104 6119 1992 4757 500 6309 62 6149 3411 5490 2600 245 1885 3979 6689 2549 2348 4999 6012 7265 2985 6911 6523 1185 5339 3355 1435 5040 5319 14 6801 4922 6133 145 2178 5484 5305 2239 4132 1216 6580 6731 1460 965 2061 7001 3513 4408 4499 2024
3025 7484 1434 2047 20 5624 4254 307 3163 2072 320 1316 5845 5304 1460 522 3287 6764 1613 7418 6831 692 5501 7143 1656 61 6643 4020 3321 2493 6043 6345 2476 6328 7243 1348 4452 2848 1654 6466 3771 1973 281 2115 7277 592 2637 1915 6208 3101 685 5538 3792 6185 5180 4300 5097 3174 819 7269 5667 5714 6113 6994 4541 4708 841 344 55 2494 6810 2678 3319 5942 4792 1947 6534 6280 2713 5241
732 3397 2130 3376 933 6162 175 4882 1835 7345 4650 1 5558 2115 6995 1451 6822 335 1794 5728 1681 7455 905 3851 5897 4549 4649 3782 3328 7361 374 4060 2110 2503 7435 3042 1164 6461 6775 1851 5157 3925 1851 3215 6039 1345 3517 4212 532 5310 1291 1064 4117 2196 3766 1365 5596 914 5146 275 7126 5519 3186 1735 6873 1972 3629 537 932 1755 2387 6089 5679 3089 655 3069 3286 4171 6132 2669
832 7423 2584 4948 970 6349 6312 5417 6114 2809 5691 4591 827 1377 5178 6552 3348 1306 7088 4280 1912 826 1720 6443 2766 1226 863 6051 5396 6995 1219 5079 5769 3802 1379 5590 1502 190 3506 6467 1851 1696 3558 1529 1924 1235 580 5272 1392 6519 903 3303 6196 2622 2245 1462 2699 3108 6364 594 1454 6435 5672 6074 1588 5902 4163 3090 6092 6520 2056 6794 715 4465 822 2639 5699 254 6762 5942
6772 164 1745 5468 1637 2841 5781 4335 4800 4644 3780 5105 3578 803 3678 5166 6705 340 7107 4148 5711 1662 3441 6426 6127 3114 416 3177 3367 7177 1619 2639 6192 2215 6958 328 5055 5238 3514 1207 2381 7293 6311 4811 595 2489 2476 7299 1680 2082 2798 7391 2595 6238 5168 73 1852 4435 2102 5218 4111 3720 6708 1654 4786 6165 1981 1192 3902 5494 2398 5135 4138 61 2445 4732 1401 3772 3383 1932
5853 6180 674 7299 3770 5841 7372 5621 2775 1973 2190 5737 4544 250 6242 1829 6414 722 3020 1668 5067 4270 5654 1704 4330 6950 5288 5730 3221 22 6513 425 5053 7187 223 1322 5527 94 5794 7154 918 6836 4242 4313 7085 2984 6141 4850 2557 513 6517 6476 3634 3522 7031 6815 2971 3670 5044 6191 3691 4056 6615 1244 2594 6838 1417 621 5783 7211 6626 5553 6546 2219 1217 6130 4054 6210 3479 5463
6722 1348 4438 1707 3721 2820 1021 6692 6490 4916 4234 1532 323 2201 1627 2917 390 3044 2389 5024 1606 1514 3076 651 2584 3145 5632 6638 1854 462 4600 7427 661 389 1633 4382 3208 2653 2425 1049 68 5510 2581 390 210 4207 3306 599 6102 5694 5623 207 6059 50 857 1143 3194 5340 6632 3899 5802 2583 3825 5314 1823 5457 1047 3882 609 3471 4931 7028 1481 11 7418 542 3069 2075 1141 1671
6621 5615 1877 5179 4516 1586 5173 6562 5777 3156 2960 2930 4590 6785 744 6412 4741 1790 2794 4202 4113 224 3729 5593 6586 2498 4986 2154 4573 6126 2676 3693 3092 3405 223 108 4990 4248 5521 2118 7403 980 5048 3345 264 5791 2256 3857 6432 3901 558 3044 2976 3138 7488 2061 5636 4974 3067 2708 2451 4594 5252 5543 498 4326 4502 4339 1073 2522 6457 7328 3501 4004 2024 2617 1146 4279 5325 77
7032 4734 3121 2507 371 1960 3420 6006 6933 5338 65 1884 2431 4168 7426 1781 994 3279 6119 918 5800 5075 7097 652 430 1620 2120 1575 4751 7444 504 4282 4677 2476 5640 5048 4435 411 2405 2720 5748 2470 4603 7031 5489 3380 1311 6482 6658 7429 6252 4957 3856 5848 4460 4285 6320 6580 4712 3570 6523 4067 6703 2552 5394 3694 6451 2328 4105 207 5047 2352 1528 1001 1882 7017 3232 2044 4850 2389
1973 3601 6197 4680 801 3157 316 7120 2236 5027 2041 110 445 1243 1513 5838 4936 463 7018 392 670 3416 1596 2197 4417 3477 565 148 4373 5415 1389 6345 1515 85 3524 2315 2093 3839 786 3180 218 2826 2142 7014 2920 3654 5352 6708 2969 3721 7099 2490 7136 1194 3538 2904 3523 4103 1904 395 2017 3292 5591 2383 2228 466 4698 3173 3156 4335 6352 2225 7161 993 1739 1432 3499 5942 639 5319
2162 6590 308 1797 6635 3845 3553 2657 447 5456 1903 1315 1247 6345 3698 2326 6810 7247 5498 1318 4081 4350 3542 2593 4194 4132 4025 6544 2573 3515 4362 4734 1456 4669 5383 591 7366 1435 2099 6664 6890 4002 479 6988 1698 4176 1813 7360 2774 6163 1177 6854 1864 4718 799 4909 1350 3675 3953 2774 7189 814 6360 7497 4335 4242 587 4200 4528 2685 2215 2769 5538 2693 1108 7236 5720 1772 7095 7345
434 7123 6699 2297 4340 6349 7206 4541 2523 2510 7315 1063 2175 6174 1059 6509 1767 1645 2060 5146 3182 3127 414 1219 5819 1521 7306 2891 2144 5752 2735 2578 5374 785 3726 1066 7133 2283 4458 2155 4792 4272 2070 5819 1797 3128 3679 2415 4773 4591 60 6806 217 6825 6876 6035 7197 6682 277 1841 3785 3012 3270 511 2648 6995 1576 1133 630 6033 2139 4273 1657 4208 2591 2305 7336 6270 4720 3460
3360 3631 2765 3576 2956 992 962 2652 173 1239 3344 2810 3102 6613 3320 4601 4960 4895 5733 5589 2279 372 2361 3935 4579 4952 6240 3266 2573 2311 6725 5932 5941 841 859 1396 1833 1820 2900 857 1910 6243 3666 3863 4208 5837 7316 1667 2083 5548 7255 4362 5919 967 7148 1850 4770 4739 5115 7342 7049 3192 4625 4342 4032 5483 4589 4716 6155 7488 5573 564 5083 590 3279 642 6427 3094 2308 1009
1141 914 4222 5912 732 2722 6613 5502 7460 4227 5343 5861 7418 2468 2702 2802 450 7290 17 6604 6130 4441 6020 2564 5031 650 3205 2809 3743 5512 2669 3735 5277 6891 998 6008 2112 110 4009 923 3189 704 6783 1958 3171 836 4759 2472 626 3628 428 5607 6920 6447 670 4450 7096 3874 6110 2190 737 1279 5924 6013 7021 5774 4520 484 5883 7381 1406 1571 584 7041 2381 2606 6728 7139 5077 6205
2118 4356 4311 1538 2154 4980 4839 1749 1353 3449 2790 941 4727 66 6953 3099 5839 2825 3582 4221 1557 3839 4644 2140 3379 7024 3597 2607 5514 1173 1311 6484 4381 4474 521 6534 1953 4211 7135 2158 159 2424 3098 3737 2489 1403 6835 7179 3079 1768 2752 4635 5607 7395 6774 337 5770 2870 1795 2635 2894 1958 1618 6126 6431 990 5160 7235 5201 4794 744 4211 7217 2694 448 1058 4096 6134 736 7174
402 3487 3160 4860 2233 1285 5196 6854 3006 6991 841 5899 1448 1310 4525 6730 1152 1036 6464 6352 5829 6060 1914 4397 1253 1213 4306 4200 7347 5042 3873 6600 7380 5884 3959 965 7168 506 6670 2673 7496 10 7423 295 172 4447 5876 1323 4334 3692 6526 2662 2251 939 5911 3503 1004 2716 202 7202 257 2926 6301 6489 1309 1611 6305 976 2116 4326 3648 964 3188 3570 1258 3359 6869 7134 4681 3702
0 4 2985
0 5 1935
0 7 4358
0 8 2169
0 9 7114
0 10 6873
0 11 7118
0 13 5591
0 14 3469
0 15 4573
0 16 764
0 18 7341
0 19 5326
0 20 3706
0 21 5300
0 23 1125
0 24 233
0 25 4357
0 26 1382
0 27 3525
0 30 2163
0 31 1721
0 32 939
0 33 2396
0 34 1016
0 35 395
0 37 3858
0 38 4014
0 40 6241
0 45 1977
0 46 598
0 47 1123
0 48 528
0 50 2249
0 53 367
0 54 7261
0 55 3805
0 56 1337
0 57 3248
0 59 6551
0 62 1915
0 63 3448
0 67 7016
0 68 1270
0 69 3278
0 70 5975
0 73 7248
0 74 5105
0 75 4276
0 76 2565
0 78 2087
1 2 2093
1 3 5703
1 4 3619
1 5 2744
1 6 1687
1 9 1614
1 11 89
1 12 5293
1 13 6088
1 15 991
1 16 7030
1 19 4494
1 21 5438
1 22 3516
1 23 1236
1 25 6603
1 26 4993
1 27 6807
1 28 7182
1 29 5547
1 31 2180
1 32 5147
1 34 6941
1 36 109
1 37 2703
1 38 6839
1 39 2672
1 40 631
1 41 5017
1 43 2515
1 44 188
1 46 7369
1 48 4742
1 49 5393
1 50 782
1 51 4003
1 52 1811
1 53 6683
1 54 4914
1 56 4405
1 57 3231
1 59 748
1 60 1731
1 61 1758
1 62 3935
1 63 6991
1 65 4232
1 66 6884
1 70 137
1 71 1350
1 74 2407
1 75 2020
1 76 150
1 77 536
1 78 6807
2 5 4648
2 6 1377
2 7 832
2 11 5435
2 14 6168
2 15 3742
2 17 5000
2 19 4518
2 20 4476
2 22 2635
2 24 1403
2 27 785
2 28 427
2 29 106
2 31 4392
2 34 3623
2 35 3908
2 36 1352
2 37 3663
2 39 1143
2 40 32
2 41 5883
2 42 3812
2 43 2165
2 44 6880
2 45 2136
2 48 4503
2 50 810
2 53 2960
2 54 968
2 56 3482
2 57 5944
2 58 6332
2 59 2994
2 60 1232
2 61 2202
2 63 433
2 64 4397
2 65 3591
2 66 2445
2 68 2107
2 69 1623
2 71 3680
2 73 4848
2 74 6689
2 75 4666
2 77 6511
2 78 1848
2 79 2639
3 5 3072
3 7 1014
3 9 2310
3 10 4137
3 12 4612
3 14 791
3 15 3937
3 16 5261
3 17 280
3 18 1145
3 19 288
3 20 1596
3 21 3072
3 22 5530
3 24 1854
3 25 5972
3 26 818
3 29 5975
3 31 5159
3 34 1545
3 35 4720
3 36 7203
3 37 1573
3 40 3797
3 41 6562
3 42 4567
3 44 3075
3 46 3892
3 48 6828
3 49 466
3 50 1490
3 54 2512
3 55 6094
3 57 6518
3 62 6451
3 63 3363
3 64 6912
3 65 1320
3 66 2828
3 67 13
3 68 5304
3 69 4429
3 71 1015
3 72 2268
3 73 386
3 74 4592
3 77 2333
3 79 1129
4 5 5084
4 7 3347
4 8 6139
4 9 3960
4 11 4967
4 12 6000
4 13 1262
4 14 1762
4 15 5117
4 17 3681
4 18 3689
4 19 5729
4 20 6231
4 22 2651
4 23 697
4 25 2976
4 26 5370
4 28 3391
4 29 5890
4 30 5148
4 34 1207
4 35 1574
4 36 4777
4 37 5000
4 38 2634
4 39 7139
4 40 6381
4 42 5201
4 43 2511
4 44 4288
4 45 4284
4 46 4050
4 47 920
4 48 29
4 49 6309
4 50 4569
4 51 1447
4 52 5983
4 54 339
4 56 6329
4 58 184
4 59 2674
4 60 429
4 61 3390
4 62 7320
4 63 2978
4 66 225
4 67 2334
4 68 3770
4 69 1545
4 70 2023
4 71 1736
4 72 6650
4 73 42
4 74 1245
4 76 3918
4 77 2231
4 78 2717
4 79 6773
5 6 5285
5 7 7328
5 9 6529
5 10 7292
5 11 6036
5 12 6227
5 15 624
5 16 3085
5 18 3181
5 19 5777
5 20 6569
5 21 5403
5 22 2814
5 23 5774
5 24 4145
5 25 7113
5 26 4629
5 27 2482
5 28 6996
5 29 5004
5 30 166
5 32 5459
5 33 193
5 34 1934
5 35 6560
5 36 4207
5 37 5786
5 38 1232
5 39 3117
5 40 5957
5 41 6646
5 43 106
5 46 2853
5 47 6006
5 48 2999
5 49 976
5 51 1759
5 52 3364
5 53 4068
5 54 5589
5 55 3766
5 56 3018
5 57 5206
5 58 5803
5 59 325
5 60 3308
5 62 1760
5 65 25
5 66 4650
5 68 1728
5 70 3943
5 71 4416
5 75 2744
5 76 3717
5 77 317
5 78 2503
5 79 426
6 7 2296
6 8 6422
6 9 1722
6 10 6827
6 11 2688
6 12 798
6 13 7139
6 15 7271
6 16 278
6 17 1386
6 20 828
6 22 551
6 23 1184
6 24 3754
6 25 3283
6 26 2781
6 28 959
6 29 2253
6 30 1286
6 31 6126
6 32 2932
6 33 5696
6 36 321
6 37 7308
6 38 6411
6 40 5502
6 43 5012
6 44 4429
6 45 15
6 48 5098
6 52 1924
6 53 2462
6 54 5813
6 55 4903
6 57 4710
6 58 2986
6 59 5535
6 60 6593
6 62 4104
6 63 4874
6 64 939
6 66 294
6 67 140
6 68 6135
6 69 2857
6 70 6666
6 71 698
6 72 6729
6 75 2019
6 76 349
6 79 4818
7 8 3544
7 9 5637
7 10 4383
7 11 341
7 12 3670
7 13 5610
7 15 966
7 16 1554
7 17 3092
7 19 1274
7 20 2515
7 22 2863
7 25 5866
7 26 3551
7 27 6020
7 28 6193
7 29 7237
7 30 6896
7 31 1478
7 33 1295
7 34 4158
7 35 7185
7 36 2664
7 37 247
7 39 7048
7 40 3002
7 41 6899
7 42 7050
7 43 2029
7 44 3494
7 45 2444
7 46 4090
7 50 3754
7 52 6764
7 53 5020
7 56 4993
7 57 5633
7 59 1134
7 61 1353
7 62 7287
7 63 177
7 65 2620
7 66 7043
7 67 6511
7 69 2764
7 71 2027
7 72 6258
7 75 3117
7 76 6923
7 77 3772
7 79 1757
8 10 1543
8 11 3848
8 12 4798
8 13 387
8 14 7481
8 15 6005
8 16 1012
8 18 1891
8 20 1163
8 22 3131
8 23 6388
8 24 505
8 25 3702
8 26 5407
8 27 1508
8 28 1425
8 29 3400
8 31 6592
8 32 3815
8 33 2607
8 34 4626
8 36 6332
8 37 6731
8 38 3722
8 39 2112
8 40 3350
8 42 5903
8 43 4013
8 44 2939
8 45 6053
8 46 6015
8 47 3890
8 49 6557
8 50 3681
8 52 3410
8 53 5011
8 54 1181
8 55 3887
8 56 3852
8 57 5742
8 58 2805
8 59 399
8 60 124
8 61 784
8 62 1660
8 65 3256
8 66 3458
8 68 6192
8 69 2338
8 70 6202
8 71 674
8 72 5241
8 73 4294
8 76 3596
8 77 1363
9 10 1400
9 11 4063
9 12 182
9 13 2805
9 14 4421
9 15 711
9 16 1305
9 17 2605
9 18 4403
9 19 6800
9 20 4047
9 21 1786
9 22 3410
9 24 3624
9 25 6043
9 26 7396
9 27 2588
9 28 3584
9 29 1101
9 30 5675
9 31 4927
9 32 6574
9 33 1594
9 34 2581
9 35 4731
9 36 269
9 37 5360
9 38 1937
9 39 7239
9 40 6940
9 43 1682
9 45 5265
9 46 5085
9 48 2854
9 49 3943
9 50 6234
9 52 1314
9 53 3439
9 55 1966
9 57 2754
9 58 1646
9 59 1983
9 60 1454
9 61 460
9 62 4154
9 65 205
9 66 3443
9 67 764
9 69 5152
9 70 6012
9 73 5493
9 74 2703
9 75 2439
9 76 398
9 77 6081
9 78 1260
10 11 4793
10 12 3062
10 14 3267
10 15 3490
10 16 4040
10 19 4287
10 20 6305
10 23 3986
10 24 1901
10 25 5342
10 27 2774
10 28 7490
10 32 7077
10 35 7015
10 37 3555
10 38 1205
10 42 6964
10 44 2301
10 45 450
10 46 6678
10 47 6307
10 48 777
10 50 4792
10 51 3308
10 52 3872
10 53 6063
10 55 840
10 56 3176
10 57 2389
10 59 5290
10 60 7130
10 62 966
10 63 5381
10 64 3592
10 65 7299
10 66 7039
10 67 512
10 68 4284
10 69 3544
10 70 2294
10 71 4772
10 72 4074
10 73 4028
10 75 1270
10 76 640
10 77 5793
10 79 1433
11 12 860
11 13 5715
11 15 4105
11 17 3777
11 22 4453
11 23 6967
11 24 1310
11 25 5191
11 27 794
11 28 4514
11 30 5230
11 31 3612
11 33 678
11 34 2840
11 35 6083
11 36 1059
11 37 4486
11 38 6944
11 39 4182
11 40 286
11 41 1617
11 42 601
11 45 3053
11 46 6832
11 47 7342
11 49 4783
11 50 777
11 51 2489
11 53 4285
11 54 2518
11 56 813
11 57 731
11 58 2375
11 60 5006
11 61 2150
11 63 4054
11 64 3818
11 65 2262
11 68 1019
11 69 128
11 71 6794
11 72 2646
11 74 6695
11 77 3743
11 78 1269
12 13 4362
12 14 1541
12 15 5181
12 16 2869
12 17 6223
12 18 4066
12 19 4109
12 20 3597
12 21 1511
12 22 4462
12 23 3552
12 24 1055
12 25 3932
12 27 6511
12 28 247
12 31 5840
12 32 5406
12 33 6232
12 34 6226
12 35 5397
12 36 4781
12 37 5792
12 38 2591
12 39 709
12 40 3585
12 41 5505
12 42 7218
12 43 1231
12 44 4138
12 46 7302
12 49 5960
12 50 748
12 52 2569
12 53 1142
12 54 5119
12 55 2448
12 56 5818
12 57 2364
12 59 368
12 60 3865
12 61 3096
12 62 44
12 63 3322
12 64 3978
12 67 1464
12 69 410
12 70 3969
12 71 2730
12 72 6187
12 73 7000
12 75 1863
12 78 5975
12 79 4488
13 16 3846
13 17 2079
13 19 2792
13 21 4253
13 22 6927
13 25 2362
13 27 39
13 28 724
13 29 3865
13 30 2406
13 32 2601
13 33 3730
13 35 75
13 36 5098
13 37 4458
13 39 2328
13 40 103
13 42 3315
13 44 6965
13 45 5526
13 47 4100
13 48 1062
13 52 2415
13 53 3549
13 55 2952
13 57 6262
13 59 1089
13 62 1391
13 63 2128
13 64 5419
13 65 3755
13 66 1361
13 67 4716
13 68 4563
13 70 5021
13 71 5092
13 72 340
13 76 1634
13 77 3629
13 78 3907
13 79 4415
14 16 5395
14 17 2640
14 18 7280
14 19 4388
14 20 6740
14 21 2400
14 22 3803
14 25 7340
14 26 2566
14 28 2508
14 29 5250
14 30 7066
14 31 3756
14 33 7329
14 35 2468
14 36 460
14 37 640
14 38 1434
14 39 695
14 40 307
14 41 5212
14 42 6806
14 43 1970
14 45 3330
14 47 817
14 48 1609
14 49 1259
14 50 3252
14 53 4590
14 54 414
14 55 6846
14 57 6393
14 58 2040
14 59 5427
14 60 4015
14 62 4884
14 63 6743
14 64 3829
14 68 7486
14 69 5586
14 70 4791
14 71 5411
14 72 1922
14 73 4038
14 77 4615
14 78 7114
14 79 1858
15 17 6741
15 18 1214
15 19 4396
15 21 1184
15 22 6901
15 24 6574
15 25 7256
15 27 529
15 28 3903
15 29 403
15 30 3687
15 31 4675
15 32 2428
15 33 7493
15 34 4625
15 35 4464
15 37 3439
15 40 2981
15 42 2054
15 44 5390
15 45 2131
15 46 5869
15 48 2905
15 49 6341
15 50 1321
15 51 5463
15 52 5666
15 53 1873
15 54 5605
15 56 2833
15 58 4665
15 59 4014
15 60 4703
15 61 2312
15 64 3890
15 65 6851
15 66 2396
15 67 4577
15 69 1391
15 70 2827
15 71 4605
15 72 934
15 74 2618
15 75 2744
15 77 6758
15 78 2315
16 18 3971
16 19 3077
16 20 449
16 21 945
16 22 5799
16 23 3301
16 25 6127
16 26 3347
16 27 2304
16 30 1142
16 31 3555
16 32 4363
16 34 588
16 36 3410
16 37 3331
16 38 7170
16 39 1755
16 41 5266
16 42 244
16 43 4291
16 47 4837
16 48 190
16 49 6043
16 50 3584
16 51 1706
16 55 5754
16 57 6564
16 58 696
16 59 2231
16 60 6083
16 61 345
16 62 3537
16 63 148
16 65 4985
16 66 2620
16 67 6795
16 68 4750
16 69 6922
16 71 5603
16 72 501
16 73 5854
16 74 1076
16 75 6733
16 79 5847
17 18 4940
17 19 5756
17 20 1587
17 21 303
17 22 3258
17 23 774
17 24 649
17 26 2897
17 28 2249
17 29 3583
17 31 1483
17 34 4064
17 35 5332
17 36 6784
17 38 5187
17 39 223
17 41 2332
17 42 2404
17 43 3439
17 45 6335
17 46 4733
17 47 4454
17 48 6951
17 49 1149
17 50 4326
17 51 1115
17 52 4817
17 54 1804
17 57 6842
17 59 526
17 61 1068
17 62 1268
17 63 3893
17 64 3007
17 65 2023
17 66 982
17 67 3822
17 68 437
17 69 295
17 70 623
17 71 2262
17 72 404
17 74 6097
17 75 5420
17 76 2408
17 77 189
17 78 154
17 79 2711
18 19 1470
18 20 7245
18 21 5224
18 23 4404
18 24 2622
18 26 2096
18 27 2863
18 28 4089
18 29 1582
18 30 5606
18 31 659
18 32 5887
18 33 6831
18 34 5663
18 35 2614
18 36 5135
18 38 2858
18 39 1941
18 41 3414
18 42 3754
18 43 3553
18 44 233
18 46 1814
18 47 7243
18 48 1189
18 49 6053
18 51 3444
18 52 5683
18 53 5034
18 54 7266
18 56 5479
18 57 1344
18 58 4365
18 59 1441
18 60 4763
18 61 1458
18 62 2193
18 63 4286
18 67 3138
18 69 5433
18 71 3989
18 72 2737
18 73 6011
18 74 6937
18 75 6810
18 76 3827
18 77 7212
18 78 4134
19 20 390
19 21 1132
19 23 4569
19 25 6558
19 26 3227
19 27 34
19 28 6182
19 31 5544
19 32 724
19 33 1509
19 35 880
19 36 2939
19 38 799
19 39 3190
19 40 281
19 42 634
19 44 6200
19 45 5454
19 46 2202
19 47 3470
19 48 5423
19 49 3431
19 50 4222
19 52 3257
19 53 401
19 54 1036
19 55 5846
19 56 5469
19 57 5570
19 60 4787
19 61 3754
19 63 190
19 64 5235
19 65 4330
19 67 260
19 68 745
19 70 2854
19 71 1601
19 72 1108
19 73 5097
19 74 1848
19 75 3318
19 76 4110
19 77 6443
19 78 3478
19 79 854
20 21 5236
20 23 2066
20 24 2701
20 25 4157
20 26 4079
20 27 5151
20 28 5809
20 29 5258
20 30 1999
20 34 4543
20 35 4900
20 36 290
20 37 4474
20 38 2248
20 39 3787
20 40 3127
20 41 2478
20 42 5095
20 43 882
20 44 129
20 45 6464
20 46 1642
20 47 6529
20 49 2954
20 50 6284
20 51 4925
20 52 3778
20 54 2624
20 55 6656
20 56 5530
20 58 6860
20 59 4942
20 61 6744
20 66 4562
20 67 340
20 68 978
20 72 3911
20 74 857
20 75 7048
20 76 7480
20 77 7497
20 79 5432
21 22 5126
21 23 2864
21 24 6949
21 25 6088
21 30 3941
21 32 7259
21 33 189
21 34 2430
21 36 829
21 37 6755
21 39 5433
21 40 4187
21 44 1817
21 45 3189
21 46 1876
21 51 1850
21 53 2985
21 54 4122
21 55 2726
21 56 5095
21 57 355
21 58 240
21 60 3279
21 61 1678
21 65 3999
21 67 1874
21 69 737
21 70 3381
21 71 897
21 74 835
21 75 6118
21 76 1770
21 77 7133
21 78 3611
21 79 4140
22 23 7115
22 24 1963
22 26 4813
22 27 6178
22 28 7382
22 33 2109
22 35 4831
22 37 2300
22 38 6970
22 39 3109
22 43 3738
22 44 3026
22 46 3880
22 47 3885
22 48 7401
22 49 469
22 51 2908
22 52 5939
22 53 4593
22 54 6963
22 55 4421
22 57 4544
22 58 945
22 59 5943
22 60 3366
22 61 6144
22 64 2281
22 66 2182
22 67 3252
22 70 4589
22 71 4631
22 74 3974
22 75 7030
22 76 6037
22 78 4517
23 25 822
23 26 6004
23 27 1168
23 28 5312
23 29 669
23 30 6054
23 32 3565
23 33 408
23 37 823
23 38 2020
23 40 95
23 41 880
23 42 3445
23 43 3786
23 44 4969
23 45 3257
23 47 6060
23 52 7029
23 53 3404
23 54 5166
23 55 1565
23 56 7359
23 57 1602
23 59 3896
23 60 5495
23 61 2419
23 63 6240
23 65 2196
23 66 3745
23 67 3507
23 68 3320
23 69 5590
23 74 6229
23 75 2000
23 76 4798
23 77 3695
23 78 6879
23 79 7385
24 27 6888
24 29 1583
24 30 2095
24 32 1803
24 34 7392
24 36 3408
24 38 988
24 39 4168
24 43 2161
24 45 897
24 47 2710
24 48 5354
24 49 7442
24 51 6696
24 52 3809
24 55 5034
24 56 5959
24 57 589
24 58 3973
24 61 4849
24 63 4319
24 64 6849
24 65 6998
24 67 3704
24 68 3886
24 69 5123
24 70 3794
24 71 3701
24 72 2835
24 73 4663
24 75 5251
24 77 1358
24 78 7006
25 26 5457
25 27 3477
25 29 2975
25 31 5530
25 32 6643
25 33 4158
25 34 789
25 35 4776
25 37 4862
25 38 6271
25 39 1943
25 40 5020
25 41 3604
25 42 7210
25 43 2482
25 44 1321
25 46 3147
25 47 3157
25 48 2239
25 49 5671
25 50 2226
25 51 1041
25 52 4841
25 53 2066
25 54 4789
25 55 2327
25 56 2539
25 57 4457
25 59 2300
25 62 5886
25 64 442
25 65 5645
25 66 681
25 67 6780
25 68 477
25 69 110
25 70 5190
25 72 1331
25 73 6879
25 74 1085
25 77 6895
25 78 6748
25 79 3911
26 28 880
26 29 2219
26 30 5958
26 31 1691
26 32 3509
26 33 3261
26 34 5188
26 35 4645
26 37 2042
26 38 3315
26 39 3179
26 40 1477
26 43 5444
26 44 4709
26 45 34
26 46 554
26 47 6443
26 50 4664
26 51 5144
26 52 3511
26 53 3130
26 54 4929
26 55 5074
26 56 797
26 57 3197
26 58 2177
26 59 1849
26 60 5095
26 61 5955
26 62 7042
26 63 1890
26 64 164
26 65 1516
26 66 7313
26 68 2175
26 69 6441
26 70 383
26 71 3203
26 72 3760
26 73 2026
26 75 466
26 76 2806
27 28 3034
27 30 1518
27 33 1814
27 34 1043
27 35 1664
27 36 2918
27 37 2084
27 39 2061
27 42 4727
27 44 1663
27 45 5518
27 46 5052
27 47 687
27 50 10
27 51 4088
27 52 3761
27 55 5683
27 56 4068
27 57 3652
27 58 1178
27 59 4213
27 60 7074
27 61 6369
27 62 1490
27 63 6389
27 64 997
27 65 7267
27 66 631
27 68 3571
27 69 7272
27 71 4047
27 72 1724
27 73 4851
27 74 5379
27 75 222
27 76 1494
27 77 6141
27 78 1030
27 79 2451
28 29 4374
28 30 5846
28 32 5328
28 33 5050
28 34 2070
28 38 4887
28 39 6036
28 41 2766
28 43 3709
28 45 1201
28 46 926
28 47 479
28 50 4393
28 51 5464
28 52 1668
28 55 4390
28 56 6314
28 57 1305
28 59 2394
28 60 2466
28 61 6539
28 63 6434
28 65 7359
28 66 5682
28 67 3464
28 68 2798
28 69 5275
28 70 4030
28 71 6339
28 73 2757
28 74 5193
28 75 1045
28 77 5186
28 78 5021
28 79 3735
29 31 2460
29 32 1868
29 33 5786
29 34 3683
29 35 1923
29 36 4518
29 37 1427
29 38 4630
29 39 4742
29 40 3679
29 42 4723
29 44 1260
29 45 2180
29 46 7473
29 48 2433
29 49 1858
29 51 2131
29 53 4053
29 54 6730
29 55 6304
29 56 4677
29 57 6979
29 59 765
29 61 5794
29 62 5563
29 63 958
29 64 2005
29 66 3289
29 67 4245
29 68 485
29 69 4773
29 70 631
29 72 1826
29 75 4357
29 76 119
29 77 2109
29 78 741
29 79 2811
30 32 3769
30 35 2438
30 36 5674
30 37 3871
30 38 3260
30 39 205
30 42 4567
30 44 1272
30 45 6488
30 46 449
30 47 4274
30 48 1499
30 49 5196
30 51 5247
30 55 1035
30 57 6044
30 58 4428
30 60 5425
30 61 6487
30 62 4872
30 63 1590
30 64 499
30 65 3808
30 66 7284
30 67 3208
30 68 5794
30 69 2725
30 70 7125
30 73 6328
30 75 6655
30 76 3154
30 77 1917
30 79 6995
31 34 1817
31 35 827
31 36 4440
31 39 4440
31 40 3263
31 41 349
31 42 6628
31 43 2398
31 44 2547
31 45 3462
31 46 3604
31 47 7307
31 48 3449
31 49 3295
31 50 6738
31 51 2286
31 52 938
31 54 922
31 55 2816
31 57 184
31 58 2076
31 59 233
31 60 3619
31 62 7080
31 63 6231
31 64 476
31 66 6129
31 67 1535
31 69 3820
31 70 3613
31 71 1509
31 72 6472
31 73 1436
31 74 3360
31 76 1523
31 77 4709
31 78 1697
31 79 4721
32 33 6066
32 34 1694
32 35 5456
32 37 5842
32 39 2162
32 41 4058
32 42 1225
32 43 3709
32 45 5920
32 46 276
32 47 264
32 48 5083
32 49 3671
32 50 2030
32 51 195
32 53 5650
32 54 2772
32 55 5140
32 56 5005
32 57 2337
32 58 4695
32 59 2294
32 60 3924
32 64 4469
32 65 4149
32 66 5197
32 67 3206
32 69 2252
32 70 2832
32 71 605
32 73 5744
32 74 7100
32 76 6365
32 77 3905
32 78 4560
32 79 1195
33 35 2656
33 37 6804
33 38 5383
33 40 2813
33 41 4912
33 42 6768
33 44 2575
33 45 6869
33 46 3564
33 48 2428
33 49 777
33 50 3639
33 51 3632
33 52 4406
33 53 3777
33 54 3294
33 56 620
33 57 4137
33 58 3304
33 60 6320
33 61 46
33 63 2925
33 64 6926
33 65 1274
33 67 2563
33 68 5732
33 70 1489
33 71 1346
33 72 5979
33 73 6256
33 74 2969
33 75 4801
33 78 2796
34 36 4630
34 38 4055
34 39 4551
34 40 6219
34 41 2405
34 45 7344
34 46 1074
34 47 3600
34 48 3771
34 49 426
34 50 1896
34 52 4692
34 54 1622
34 55 2860
34 57 3303
34 58 252
34 59 1561
34 60 4176
34 61 334
34 62 6063
34 64 3236
34 66 7006
34 67 5702
34 68 2771
34 69 472
34 70 2685
34 71 435
34 72 3248
34 73 3812
34 75 2916
34 77 4424
35 36 972
35 37 4113
35 38 710
35 39 5343
35 40 443
35 41 7142
35 43 6465
35 45 5705
35 46 1225
35 47 6645
35 48 6853
35 49 6804
35 50 6618
35 53 7335
35 54 3004
35 56 3713
35 57 6308
35 58 2809
35 59 1272
35 60 2273
35 61 5750
35 62 4793
35 63 4956
35 64 5058
35 65 5596
35 66 647
35 67 1952
35 69 6333
35 70 4551
35 71 4710
35 73 7077
35 74 6032
35 76 6155
35 77 5503
35 78 4359
35 79 2535
36 37 337
36 38 329
36 39 5726
36 40 30
36 41 3966
36 42 3303
36 43 4016
36 44 2338
36 45 4722
36 46 802
36 49 3627
36 51 1630
36 52 3858
36 53 1905
36 54 3699
36 56 3082
36 58 3111
36 59 5437
36 61 7086
36 62 2419
36 65 6366
36 66 5240
36 67 3499
36 68 3466
36 69 2996
36 70 6854
36 71 4741
36 72 1408
36 75 3590
36 76 6451
37 38 988
37 39 4539
37 40 4260
37 43 770
37 45 988
37 47 2835
37 48 624
37 49 3711
37 50 803
37 52 4143
37 53 5715
37 54 5482
37 55 3814
37 57 6265
37 58 1219
37 59 170
37 65 447
37 66 2464
37 68 3007
37 69 4572
37 70 4965
37 72 594
37 73 99
37 75 3912
37 76 2960
37 77 3317
37 78 3404
37 79 3728
38 40 5744
38 42 6190
38 43 3074
38 45 4932
38 47 6445
38 49 4599
38 50 6714
38 52 1569
38 55 341
38 56 6410
38 57 3956
38 59 4936
38 64 7471
38 65 367
38 66 2966
38 67 2698
38 68 2645
38 69 3864
38 70 2198
38 71 2279
38 75 6854
38 76 3947
38 78 6597
38 79 4640
39 43 3964
39 44 2580
39 45 258
39 46 1767
39 47 2746
39 49 4604
39 50 5829
39 51 3621
39 52 3893
39 53 1769
39 54 269
39 55 3571
39 58 3592
39 60 5805
39 61 7414
39 62 1902
39 63 7337
39 64 4999
39 66 6191
39 68 4519
39 70 6935
39 71 2044
39 72 5679
39 73 2836
39 74 5734
39 76 677
39 78 6481
39 79 2698
40 41 1318
40 42 4905
40 43 5570
40 44 4475
40 45 3728
40 46 131
40 47 4796
40 50 5971
40 51 6856
40 52 3999
40 53 6519
40 54 4617
40 55 593
40 57 2142
40 58 2686
40 59 4920
40 60 1931
40 61 2349
40 62 6338
40 63 5172
40 65 3588
40 66 3262
40 68 1469
40 69 2154
40 70 1235
40 71 1377
40 72 4611
40 73 6853
40 74 3840
40 76 112
40 77 3895
40 78 7464
40 79 410
41 42 5460
41 43 5309
41 45 7422
41 48 3526
41 49 4502
41 51 5878
41 52 2294
41 53 6152
41 55 7041
41 56 5004
41 57 7405
41 58 5768
41 59 6986
41 61 3288
41 63 4144
41 64 1009
41 65 1680
41 67 6181
41 68 6059
41 69 7444
41 70 4463
41 71 102
41 72 5636
41 73 4563
41 74 2369
41 77 1977
41 79 5264
42 43 6764
42 44 1373
42 45 1617
42 46 2509
42 47 6937
42 49 1698
42 51 6161
42 52 7209
42 53 6179
42 54 2782
42 55 4540
42 59 6148
42 60 3864
42 61 5929
42 63 3904
42 65 6413
42 66 5349
42 67 7485
42 68 4014
42 69 4559
42 70 5651
42 71 2087
42 72 5559
42 74 3331
42 77 139
42 78 5794
43 44 1767
43 45 2514
43 46 7494
43 48 5342
43 50 3740
43 52 7150
43 53 3515
43 54 908
43 55 6838
43 57 2668
43 60 3797
43 61 1744
43 62 1008
43 63 1801
43 64 1719
43 65 3799
43 68 6930
43 69 1554
43 70 728
43 71 7160
43 72 2429
43 73 1344
43 74 1251
43 75 753
43 76 6313
43 77 4716
43 78 4769
44 45 5421
44 46 3489
44 48 3496
44 49 740
44 50 3334
44 51 6570
44 55 5095
44 56 6263
44 57 1180
44 60 6790
44 61 7064
44 62 2463
44 63 468
44 65 2808
44 66 480
44 68 1219
44 70 3511
44 71 6302
44 72 3582
44 73 3771
44 74 2483
44 75 3542
44 76 6605
44 77 2248
44 78 5454
44 79 409
45 46 6616
45 47 5678
45 48 3794
45 49 7078
45 50 6228
45 51 7237
45 52 5009
45 53 7266
45 54 1110
45 55 3453
45 56 7199
45 57 4254
45 59 5354
45 60 1042
45 61 3511
45 62 4266
45 63 6515
45 65 4023
45 66 2147
45 67 3625
45 68 2692
45 71 7428
45 72 2549
45 73 528
45 74 578
45 75 6254
45 77 1856
45 78 6636
45 79 6693
46 47 6222
46 49 4520
46 50 4409
46 51 2683
46 53 4226
46 56 6797
46 57 582
46 58 7042
46 60 3175
46 62 4660
46 63 2979
46 65 2171
46 66 4080
46 69 6661
46 70 4321
46 71 6187
46 72 4920
46 74 2954
46 76 2387
46 77 3707
46 78 987
46 79 2205
47 48 2892
47 49 2236
47 50 1203
47 53 1338
47 54 2936
47 55 2337
47 56 45
47 57 1680
47 58 6580
47 60 3932
47 61 1656
47 63 3426
47 64 1988
47 66 3732
47 67 1847
47 69 5104
47 72 2001
47 73 4642
47 74 6057
47 76 6588
47 77 995
47 78 270
47 79 4818
48 49 5443
48 52 1913
48 53 1352
48 54 1510
48 55 6265
48 57 5231
48 58 3797
48 60 938
48 61 1464
48 62 4835
48 64 4681
48 65 5746
48 66 6692
48 67 6401
48 68 929
48 70 2112
48 71 6673
48 72 2893
48 73 3215
48 74 2020
48 75 5193
48 76 5025
48 77 2372
48 78 1958
48 79 5890
49 50 3239
49 51 3383
49 53 1257
49 54 6072
49 55 1442
49 57 7490
49 58 5622
49 59 1914
49 60 3131
49 64 6181
49 66 4020
49 67 3167
49 68 5399
49 69 1524
49 70 1954
49 71 2538
49 72 5902
49 73 3048
49 74 6723
49 75 1978
49 76 4771
49 77 5031
49 79 7336
50 52 4868
50 53 7171
50 54 2697
50 55 352
50 56 6946
50 59 558
50 60 3005
50 63 2164
50 64 441
50 67 6884
50 68 4463
50 71 7473
50 72 620
50 73 2433
50 75 2785
50 76 5980
50 78 6230
51 53 1879
51 55 4042
51 56 5930
51 57 3471
51 58 6418
51 59 602
51 62 2653
51 63 3462
51 64 1766
51 65 181
51 66 893
51 67 6913
51 69 2333
51 72 6292
51 75 746
51 76 2328
51 77 3258
51 78 2690
51 79 1576
52 53 1090
52 55 1088
52 56 4825
52 57 6074
52 59 4338
52 61 6670
52 62 5701
52 63 439
52 64 7039
52 66 5028
52 67 2202
52 70 5575
52 71 1774
52 72 6246
52 75 5794
52 76 7492
52 78 4329
53 54 2351
53 55 6226
53 57 5594
53 59 4560
53 60 7317
53 61 6488
53 62 1856
53 63 1417
53 64 3726
53 67 432
53 68 2052
53 71 3603
53 73 4805
53 74 6804
53 75 5127
53 76 1415
53 77 809
54 55 6105
54 56 776
54 57 4689
54 59 3703
54 61 4134
54 63 3408
54 65 5862
54 66 3755
54 68 3059
54 69 1024
54 73 2640
54 75 1244
54 76 6164
54 77 4498
54 78 1505
54 79 7475
55 56 4833
55 59 4173
55 60 5453
55 61 1685
55 63 3595
55 64 5761
55 65 3453
55 67 6092
55 69 6188
55 70 715
55 72 338
55 73 7054
55 74 2585
55 78 1961
55 79 781
56 57 3304
56 58 539
56 59 2330
56 60 2299
56 61 6608
56 62 3226
56 63 6219
56 65 6933
56 67 7270
56 68 4864
56 69 6455
56 70 4221
56 71 3429
56 72 6561
56 73 834
56 75 1373
56 76 4994
56 77 2912
56 78 5631
57 58 434
57 59 6118
57 60 5229
57 61 2405
57 63 7269
57 65 6721
57 68 1093
57 69 4563
57 70 5928
57 71 1002
57 72 4720
57 73 1952
57 74 5655
57 75 4701
57 76 7326
57 77 2035
57 78 2353
57 79 6609
58 59 3059
58 60 764
58 62 64
58 63 4247
58 64 7195
58 66 5773
58 68 2992
58 69 1898
58 70 1909
58 71 4743
58 72 2105
58 73 1383
58 74 1765
58 75 3971
58 76 232
58 77 285
58 78 5572
59 60 1171
59 61 2541
59 62 4880
59 63 2424
59 64 3805
59 65 6722
59 66 1735
59 67 1090
59 68 2457
59 71 1118
59 73 638
59 74 5058
59 76 1981
59 77 2931
59 78 2947
59 79 5901
60 61 5136
60 62 4002
60 63 7002
60 67 4080
60 68 6032
60 70 5850
60 71 5034
60 72 5187
60 73 3751
60 74 1543
60 75 3933
60 77 6879
60 78 4986
60 79 4136
61 62 1410
61 63 4164
61 64 6270
61 65 5912
61 66 4273
61 67 6281
61 68 1644
61 69 1997
61 73 4828
61 75 1261
61 77 6991
61 79 4399
62 64 4660
62 65 4268
62 67 1019
62 69 5291
62 70 4191
62 71 3992
62 73 4328
62 74 5410
62 77 2082
62 78 1434
62 79 4317
63 64 5279
63 66 5383
63 67 3268
63 68 5369
63 70 3275
63 71 6163
63 72 5634
63 73 966
63 76 4391
63 78 457
64 65 5283
64 67 952
64 68 2661
64 71 6892
64 72 1545
64 74 3565
64 75 855
64 77 6488
64 78 2531
64 79 1423
65 66 6734
65 67 1937
65 68 151
65 70 1828
65 71 4776
65 72 6822
65 75 5185
65 76 6613
65 77 4829
66 67 2608
66 68 3522
66 69 1333
66 70 3730
66 71 5099
66 72 1295
66 73 3788
66 74 7465
66 75 2439
66 76 4636
66 77 3034
66 78 5680
66 79 1685
67 69 6513
67 71 2400
67 72 3257
67 74 4589
67 75 5168
67 76 736
67 78 3228
67 79 3519
68 69 910
68 71 5545
68 75 1886
68 76 7243
68 78 4915
68 79 1463
69 70 665
69 71 4336
69 72 1873
69 73 551
69 74 1011
69 75 4687
69 76 7015
70 71 2760
70 73 2275
70 75 3474
70 77 1390
70 78 1726
70 79 5897
71 74 6494
71 75 2439
71 76 2622
71 77 4188
72 77 7229
72 78 7028
72 79 1111
73 75 6697
73 77 1048
73 78 7422
74 75 360
74 77 1523
74 78 6915
74 79 5767
75 77 5521
75 79 2490
76 77 5743
76 79 5270
77 78 761
77 79 5106
78 79 6572
