35 80 990
6279 3042 3683 273 1902 650 5268 3719 1831 2554 5128 5363 1345 1409 4349 3418 5380 6580 2959 1293 3662 7436 4483 4408 1351 2490 5141 5936 1021 2453 2640 7299 4346 6322 6423
6247 6971 4190 2466 154 5595 6445 5516 6940 6705 2364 2857 3436 296 4668 4728 2809 3455 562 6068 4806 1903 3708 2093 2924 5013 4732 2722 710 2405 1645 6957 727 4686 774 880 2781 7218 6396 2220 6422 111 3928 2357 406 1095 5936 2066 4550 6497 634 707 899 3193 2799 2674 705 6382 4248 1415 1286 4744 7223 2012 1929 496 1744 4709 6565 6991 5780 5486 7101 2208 6694 6359 3302 5129 7276 6703
2977 409 7409 2727 3602 2707 5401 3158 1588 2148 3424 1725 6891 1998 3737 171 2493 4332 3732 409 3822 2011 5894 2274 4218 3939 1132 6372 419 908 5574 3395 168 4335 4974 2621 7041 1726 4631 7481 2725 6906 1705 2115 1404 4293 1137 2748 1124 4868 3157 3797 6879 402 6071 2448 4341 7202 1319 4759 6961 5745 7006 5981 2579 4479 1101 971 5056 5731 7303 280 5137 1508 1246 5392 4652 2382 639 5776
7250 2647 924 5480 3049 6994 427 6241 5548 598 3499 3860 5194 1856 2340 6624 5186 3441 94 2741 523 7397 3020 4511 256 4265 1254 4907 6647 745 2034 5248 3391 2958 3227 5291 1303 2505 4031 6850 3102 6382 2062 7147 737 4401 6270 5923 6693 5216 1163 6068 3964 3035 3078 3071 7299 3184 477 5297 3928 1363 3044 7318 3172 6270 5109 3326 127 491 2676 2080 6872 3589 1727 109 489 6848 4883 6034
4563 4897 4601 7378 431 6530 2948 6582 2213 2277 4378 6140 2491 7422 4810 4514 5043 1270 339 5169 1760 1866 7249 1132 5454 1475 92 4795 7174 4974 3328 3089 1222 6780 2966 1653 5809 4766 734 6874 5894 3963 4365 884 3884 1674 5397 279 1795 4587 5447 3555 6453 4047 3538 4406 4373 3629 1700 4047 7454 3879 7135 1175 3158 1452 1679 1467 5069 2412 840 3462 5227 5204 3197 1610 5730 7445 740 24
4532 6187 2430 3484 1585 5967 6741 5958 2095 941 1356 900 4819 7342 2075 477 1293 3753 795 6362 5017 486 1175 2743 5689 4372 3204 2770 4316 3944 2794 199 1482 5223 3682 3066 2542 2923 375 4636 2715 1730 5536 6385 423 6462 6861 1716 2714 6507 6929 6582 6992 603 1824 5181 3826 5028 6802 642 323 947 840 1804 5022 3374 3721 63 5148 4096 3550 362 4677 1585 5598 5100 6898 4959 5667 2112
3965 3947 1193 3457 4549 1869 7489 875 5748 5642 368 6070 6589 59 6725 4110 2284 2945 4172 7431 5892 221 6644 1921 658 4742 5872 55 1052 4038 1018 3868 484 1063 6176 3884 2931 5016 3610 30 3158 3977 6099 2246 2888 5323 5207 5171 7119 1878 3954 5511 950 3097 7431 1607 6690 5802 514 241 1191 1531 4109 526 2593 1636 4409 4375 6652 6871 3256 2309 3347 1854 3406 5086 6028 1112 2757 5647
1841 6710 3657 2790 1158 2439 4397 348 740 4910 6940 1930 5292 2400 2455 6737 4036 5715 2463 2039 5085 5719 4347 7284 72 6604 4869 4952 215 6477 1950 2055 4538 4458 3696 5696 6896 592 4895 6487 4353 3186 7268 2145 5586 2222 233 973 6788 2695 3011 3225 913 6209 3008 7337 5312 6728 4788 4378 5705 6737 6432 1594 3694 2627 6141 1941 2071 3535 927 5275 5573 694 6271 3658 1767 6503 4630 1054
1698 6492 4278 2610 5200 6137 1298 3011 5365 6085 7388 2421 4173 5171 4014 6718 6649 2655 1158 71 5041 936 5346 3113 1629 4116 5622 3395 3119 1603 3301 4816 594 6430 6277 5793 3919 75 1303 1783 5011 42 3055 536 5212 7068 7253 4361 1074 7263 4431 4967 698 1128 6931 1179 5244 3905 3425 862 5507 5577 4529 4953 4507 2157 3245 7277 2231 3400 1559 6094 3441 4613 6629 5 3032 5233 3217 2958
3847 6499 6776 4545 127 6206 5723 5370 2610 499 5083 6969 6076 2111 4421 1934 3119 6517 1710 5350 1268 3268 2795 4709 6732 775 3565 1115 6007 6781 2924 2354 5779 2199 5750 4757 905 2824 2626 2366 3322 6560 686 1897 22 3958 3830 3141 1827 5539 7342 3094 158 2636 6654 5741 3410 2718 6856 768 850 1131 3121 6629 3330 222 2737 3086 3045 5363 4303 6367 3274 4989 763 3296 298 3445 5288 2124
1483 5129 5218 1641 6616 3223 6233 1377 5941 4440 2144 6790 5571 4117 4770 1400 4338 7 4485 7383 4221 1287 6249 7494 5127 5863 2141 4277 1807 6280 6400 3290 3908 2969 3782 1875 6192 1366 3251 3484 5806 5395 2773 3876 863 6395 5275 5200 6401 1111 3934 1973 1249 2682 818 5228 7397 1811 2004 1703 590 7255 3844 3350 2724 6477 5224 267 343 975 3750 6148 5221 6522 2523 4935 4268 6649 2634 2020
259 6568 3992 359 601 4810 5586 497 5472 6441 2200 6061 6196 4895 1910 1419 3872 7134 537 4214 6960 4286 1713 3532 2159 3087 966 6427 2235 3599 946 1345 1518 3790 1703 2119 1099 6141 1467 6570 5081 2518 3982 3776 7413 5892 4046 3784 4377 4582 6849 3836 1367 1061 7367 2378 4147 7184 1304 5233 3282 1101 5429 3652 4890 5983 4622 4840 4623 6088 2761 1056 7458 6743 4831 7370 5134 229 2505 862
4810 1853 4697 5029 1765 3415 7406 4763 3098 61 2495 5231 1161 6775 1382 6051 5257 4855 3390 1232 2295 6151 2287 2252 4245 5969 2121 1878 6197 4625 2739 2359 5329 6287 6239 7093 1053 4996 3207 4150 5056 4553 732 5068 3827 2114 2470 1583 5820 5860 2814 614 3362 5100 2865 106 2421 3837 835 1117 7313 2425 2327 5141 63 1065 3585 1115 6060 6791 5264 2467 3843 5995 35 169 6960 2504 604 5280
7215 3417 4745 1928 7369 110 885 2289 3946 1719 2257 2611 2995 4584 251 3057 4500 2688 4171 1912 1978 786 4378 4673 5633 3264 3693 5092 5768 4296 1723 4334 6565 6468 6262 5285 5429 7146 73 1874 217 1181 4484 3211 4616 3587 5120 1616 6274 642 3527 7103 1428 404 4275 7060 3668 468 3503 787 4763 5226 5120 2679 3045 2733 463 973 1231 6887 1698 1447 568 5034 3509 5183 1120 1128 5650 6245
622 1676 5847 2049 932 2622 1608 3451 1941 5110 4237 5555 1687 708 734 4731 2293 1196 5703 3523 583 7401 4969 2 4934 7329 5184 4905 7309 3334 3649 430 3861 847 2478 4792 3468 2937 742 4260 6898 3830 2315 7437 3390 3048 4667 5682 4243 1722 1704 3677 1622 5524 3678 5407 5352 214 1663 5160 2399 5311 4441 5111 6157 5770 2403 977 1206 1996 5236 6956 4678 50 6892 567 1949 2910 6248 6192
4631 451 1220 5104 5974 3750 1862 2677 3963 3524 337 5213 186 3629 2823 5195 1899 4077 5023 1956 4925 2758 1411 2102 1660 802 2668 2460 2564 1415 3 7194 1865 1223 4798 6690 4972 6659 1866 286 1535 1054 4350 1720 4683 7172 6914 5433 2601 4436 7388 25 6046 1299 2126 6557 952 4793 1516 3515 5059 1519 2061 5775 1593 6858 4964 6564 4868 5681 5701 5254 6735 2550 6974 2769 1073 5239 701 2525
1027 588 2549 5924 738 3526 3832 542 818 5347 2908 5876 5717 4968 4150 6161 3177 465 4076 545 6146 2276 4650 4232 3677 4123 7000 3602 714 6552 6126 592 7139 27 6515 6729 3552 1698 7270 4370 5896 2677 1597 4113 6497 4599 2773 2173 3915 6849 1569 2560 476 6219 6791 3005 1693 5142 6606 2406 4193 5231 1849 2684 5257 7215 1912 1309 1412 533 4530 7308 2061 4978 2772 1057 928 4396 3230 3695
2596 4798 6254 1924 3516 4397 4928 4061 2038 4033 6466 5083 615 7167 266 4724 6881 2177 4884 7145 1561 765 6952 2473 4594 1075 3530 5522 5470 5611 1716 6918 1760 6821 1341 4128 2569 6268 688 4607 1652 6005 2189 2266 5671 1306 6989 3904 2334 3224 3548 3894 3988 1851 6366 1082 2925 1247 5455 7246 5709 7170 6663 7469 5342 6855 2948 411 5622 3635 3869 6125 991 4909 7243 6662 6214 6731 1917 1047
2455 5464 3792 5294 7314 1509 6375 1590 2756 4329 1335 7316 2850 6850 7284 692 6204 1583 7454 3178 5217 3822 1802 6208 1230 1544 4221 6295 7127 6137 7341 933 2952 2484 6226 1617 3992 3953 3206 5599 781 3392 5415 3631 2741 4050 3174 297 5633 3127 2326 2201 6948 2979 908 7029 3375 3980 5823 1853 1468 4515 2785 3271 6998 362 4887 2341 3166 6944 440 3947 1688 4706 6429 3280 1255 2102 3576 6887
5228 4753 1588 3527 232 1347 3055 3606 4179 229 5458 5646 3595 7094 269 1944 6307 5155 4284 1973 3451 3575 5919 3990 780 4847 7269 2035 5800 2197 273 3527 6949 712 5905 7180 911 311 2137 5089 539 94 2086 2985 7187 2354 4928 5994 6361 563 466 1163 4138 5236 5152 4917 1434 3772 5803 7233 5968 4928 2111 4269 5639 515 3948 6549 825 4937 2989 215 5030 5075 3199 3569 6280 6978 914 5140
6392 231 5154 3029 5466 2805 6798 5751 6577 3952 5483 3896 1379 6445 664 7018 5811 4612 4918 6635 900 407 5701 5929 4333 251 849 3112 7228 1762 7104 6119 1992 4757 500 6309 62 6149 3411 5490 2600 245 1885 3979 6689 2549 2348 4999 6012 7265 2985 6911 6523 1185 5339 3355 1435 5040 5319 14 6801 4922 6133 145 2178 5484 5305 2239 4132 1216 6580 6731 1460 965 2061 7001 3513 4408 4499 2024
3025 7484 1434 2047 20 5624 4254 307 3163 2072 320 1316 5845 5304 1460 522 3287 6764 1613 7418 6831 692 5501 7143 1656 61 6643 4020 3321 2493 6043 6345 2476 6328 7243 1348 4452 2848 1654 6466 3771 1973 281 2115 7277 592 2637 1915 6208 3101 685 5538 3792 6185 5180 4300 5097 3174 819 7269 5667 5714 6113 6994 4541 4708 841 344 55 2494 6810 2678 3319 5942 4792 1947 6534 6280 2713 5241
732 3397 2130 3376 933 6162 175 4882 1835 7345 4650 1 5558 2115 6995 1451 6822 335 1794 5728 1681 7455 905 3851 5897 4549 4649 3782 3328 7361 374 4060 2110 2503 7435 3042 1164 6461 6775 1851 5157 3925 1851 3215 6039 1345 3517 4212 532 5310 1291 1064 4117 2196 3766 1365 5596 914 5146 275 7126 5519 3186 1735 6873 1972 3629 537 932 1755 2387 6089 5679 3089 655 3069 3286 4171 6132 2669
832 7423 2584 4948 970 6349 6312 5417 6114 2809 5691 4591 827 1377 5178 6552 3348 1306 7088 4280 1912 826 1720 6443 2766 1226 863 6051 5396 6995 1219 5079 5769 3802 1379 5590 1502 190 3506 6467 1851 1696 3558 1529 1924 1235 580 5272 1392 6519 903 3303 6196 2622 2245 1462 2699 3108 6364 594 1454 6435 5672 6074 1588 5902 4163 3090 6092 6520 2056 6794 715 4465 822 2639 5699 254 6762 5942
6772 164 1745 5468 1637 2841 5781 4335 4800 4644 3780 5105 3578 803 3678 5166 6705 340 7107 4148 5711 1662 3441 6426 6127 3114 416 3177 3367 7177 1619 2639 6192 2215 6958 328 5055 5238 3514 1207 2381 7293 6311 4811 595 2489 2476 7299 1680 2082 2798 7391 2595 6238 5168 73 1852 4435 2102 5218 4111 3720 6708 1654 4786 6165 1981 1192 3902 5494 2398 5135 4138 61 2445 4732 1401 3772 3383 1932
5853 6180 674 7299 3770 5841 7372 5621 2775 1973 2190 5737 4544 250 6242 1829 6414 722 3020 1668 5067 4270 5654 1704 4330 6950 5288 5730 3221 22 6513 425 5053 7187 223 1322 5527 94 5794 7154 918 6836 4242 4313 7085 2984 6141 4850 2557 513 6517 6476 3634 3522 7031 6815 2971 3670 5044 6191 3691 4056 6615 1244 2594 6838 1417 621 5783 7211 6626 5553 6546 2219 1217 6130 4054 6210 3479 5463
6722 1348 4438 1707 3721 2820 1021 6692 6490 4916 4234 1532 323 2201 1627 2917 390 3044 2389 5024 1606 1514 3076 651 2584 3145 5632 6638 1854 462 4600 7427 661 389 1633 4382 3208 2653 2425 1049 68 5510 2581 390 210 4207 3306 599 6102 5694 5623 207 6059 50 857 1143 3194 5340 6632 3899 5802 2583 3825 5314 1823 5457 1047 3882 609 3471 4931 7028 1481 11 7418 542 3069 2075 1141 1671
6621 5615 1877 5179 4516 1586 5173 6562 5777 3156 2960 2930 4590 6785 744 6412 4741 1790 2794 4202 4113 224 3729 5593 6586 2498 4986 2154 4573 6126 2676 3693 3092 3405 223 108 4990 4248 5521 2118 7403 980 5048 3345 264 5791 2256 3857 6432 3901 558 3044 2976 3138 7488 2061 5636 4974 3067 2708 2451 4594 5252 5543 498 4326 4502 4339 1073 2522 6457 7328 3501 4004 2024 2617 1146 4279 5325 77
7032 4734 3121 2507 371 1960 3420 6006 6933 5338 65 1884 2431 4168 7426 1781 994 3279 6119 918 5800 5075 7097 652 430 1620 2120 1575 4751 7444 504 4282 4677 2476 5640 5048 4435 411 2405 2720 5748 2470 4603 7031 5489 3380 1311 6482 6658 7429 6252 4957 3856 5848 4460 4285 6320 6580 4712 3570 6523 4067 6703 2552 5394 3694 6451 2328 4105 207 5047 2352 1528 1001 1882 7017 3232 2044 4850 2389
1973 3601 6197 4680 801 3157 316 7120 2236 5027 2041 110 445 1243 1513 5838 4936 463 7018 392 670 3416 1596 2197 4417 3477 565 148 4373 5415 1389 6345 1515 85 3524 2315 2093 3839 786 3180 218 2826 2142 7014 2920 3654 5352 6708 2969 3721 7099 2490 7136 1194 3538 2904 3523 4103 1904 395 2017 3292 5591 2383 2228 466 4698 3173 3156 4335 6352 2225 7161 993 1739 1432 3499 5942 639 5319
2162 6590 308 1797 6635 3845 3553 2657 447 5456 1903 1315 1247 6345 3698 2326 6810 7247 5498 1318 4081 4350 3542 2593 4194 4132 4025 6544 2573 3515 4362 4734 1456 4669 5383 591 7366 1435 2099 6664 6890 4002 479 6988 1698 4176 1813 7360 2774 6163 1177 6854 1864 4718 799 4909 1350 3675 3953 2774 7189 814 6360 7497 4335 4242 587 4200 4528 2685 2215 2769 5538 2693 1108 7236 5720 1772 7095 7345
434 7123 6699 2297 4340 6349 7206 4541 2523 2510 7315 1063 2175 6174 1059 6509 1767 1645 2060 5146 3182 3127 414 1219 5819 1521 7306 2891 2144 5752 2735 2578 5374 785 3726 1066 7133 2283 4458 2155 4792 4272 2070 5819 1797 3128 3679 2415 4773 4591 60 6806 217 6825 6876 6035 7197 6682 277 1841 3785 3012 3270 511 2648 6995 1576 1133 630 6033 2139 4273 1657 4208 2591 2305 7336 6270 4720 3460
3360 3631 2765 3576 2956 992 962 2652 173 1239 3344 2810 3102 6613 3320 4601 4960 4895 5733 5589 2279 372 2361 3935 4579 4952 6240 3266 2573 2311 6725 5932 5941 841 859 1396 1833 1820 2900 857 1910 6243 3666 3863 4208 5837 7316 1667 2083 5548 7255 4362 5919 967 7148 1850 4770 4739 5115 7342 7049 3192 4625 4342 4032 5483 4589 4716 6155 7488 5573 564 5083 590 3279 642 6427 3094 2308 1009
1141 914 4222 5912 732 2722 6613 5502 7460 4227 5343 5861 7418 2468 2702 2802 450 7290 17 6604 6130 4441 6020 2564 5031 650 3205 2809 3743 5512 2669 3735 5277 6891 998 6008 2112 110 4009 923 3189 704 6783 1958 3171 836 4759 2472 626 3628 428 5607 6920 6447 670 4450 7096 3874 6110 2190 737 1279 5924 6013 7021 5774 4520 484 5883 7381 1406 1571 584 7041 2381 2606 6728 7139 5077 6205
2118 4356 4311 1538 2154 4980 4839 1749 1353 3449 2790 941 4727 66 6953 3099 5839 2825 3582 4221 1557 3839 4644 2140 3379 7024 3597 2607 5514 1173 1311 6484 4381 4474 521 6534 1953 4211 7135 2158 159 2424 3098 3737 2489 1403 6835 7179 3079 1768 2752 4635 5607 7395 6774 337 5770 2870 1795 2635 2894 1958 1618 6126 6431 990 5160 7235 5201 4794 744 4211 7217 2694 448 1058 4096 6134 736 7174
402 3487 3160 4860 2233 1285 5196 6854 3006 6991 841 5899 1448 1310 4525 6730 1152 1036 6464 6352 5829 6060 1914 4397 1253 1213 4306 4200 7347 5042 3873 6600 7380 5884 3959 965 7168 506 6670 2673 7496 10 7423 295 172 4447 5876 1323 4334 3692 6526 2662 2251 939 5911 3503 1004 2716 202 7202 257 2926 6301 6489 1309 1611 6305 976 2116 4326 3648 964 3188 3570 1258 3359 6869 7134 4681 3702
0 1 4007
0 6 7480
0 8 6453
0 11 6033
0 14 1505
0 17 6750
0 21 2517
0 23 6323
0 35 6687
0 39 633
0 40 2686
0 41 2295
0 44 2502
0 45 358
0 46 1566
0 49 4514
0 65 6685
0 74 4245
0 76 3621
1 4 549
1 10 2292
1 24 427
1 28 1279
1 33 3460
1 34 2109
1 36 4400
1 42 3073
1 43 6594
1 49 5096
1 53 516
1 56 155
1 58 1116
1 60 4367
1 61 5112
1 70 4750
1 71 6213
1 79 3162
2 8 6368
2 10 3980
2 12 5433
2 13 2458
2 23 299
2 24 3882
2 26 5895
2 29 5650
2 31 4517
2 35 3608
2 40 5710
2 41 6509
2 44 3005
2 46 4007
2 50 7416
2 52 5565
2 53 4675
2 55 594
2 57 4201
2 58 749
2 64 1670
2 67 1321
2 70 1020
2 71 1254
2 72 4556
2 74 6922
2 78 6918
2 79 3173
3 4 4987
3 12 1463
3 20 6315
3 21 4454
3 23 3981
3 25 4101
3 27 7273
3 28 385
3 34 2219
3 39 7481
3 46 59
3 48 66
3 50 5841
3 51 2879
3 52 6797
3 57 7332
3 60 325
3 62 6657
3 71 4854
3 73 6812
3 75 2191
3 76 4829
3 79 6652
4 5 2467
4 9 5398
4 10 4225
4 11 4452
4 12 5316
4 13 6951
4 23 1183
4 30 2801
4 32 368
4 34 3444
4 43 4026
4 47 7494
4 50 6386
4 56 468
4 57 5314
4 58 5298
4 59 4370
4 60 694
4 62 7081
4 63 1148
4 67 104
4 69 6436
4 71 4174
4 72 1456
5 7 1688
5 10 4025
5 12 344
5 13 7040
5 14 4302
5 17 3298
5 18 3611
5 19 1604
5 21 1571
5 22 6969
5 25 6914
5 28 5878
5 32 2000
5 35 2284
5 39 4537
5 42 6164
5 43 674
5 47 4800
5 49 6315
5 57 1190
5 59 2326
5 61 3104
5 62 3341
5 67 994
5 71 1236
5 73 6402
5 77 2832
6 7 2080
6 9 4405
6 11 6360
6 13 6523
6 15 4201
6 17 964
6 25 5023
6 27 6706
6 30 1386
6 32 4642
6 50 385
6 51 1280
6 55 5081
6 56 3547
6 57 3447
6 61 2785
6 72 594
6 74 978
6 76 6130
6 77 5407
6 78 4624
6 79 4338
7 11 2328
7 16 4992
7 17 7033
7 22 1509
7 23 3889
7 25 3607
7 28 759
7 29 2025
7 35 893
7 36 1353
7 38 5196
7 40 3457
7 43 6532
7 44 3051
7 48 7348
7 49 6892
7 53 5864
7 59 6117
7 60 6126
7 64 3043
7 76 5650
7 78 407
8 10 3629
8 13 1220
8 22 4448
8 34 4924
8 39 1674
8 41 2489
8 42 6583
8 44 437
8 45 2395
8 50 6199
8 51 3304
8 58 4616
8 60 4830
8 63 1235
8 65 6669
8 67 5958
8 69 2750
8 74 3477
8 76 97
9 12 1348
9 23 3947
9 25 5548
9 26 2491
9 27 5675
9 28 7028
9 29 3232
9 30 4532
9 31 5454
9 34 4966
9 38 2361
9 45 3011
9 60 4276
9 62 6134
9 64 3936
9 65 5785
9 68 6662
9 69 6161
9 76 3168
10 12 845
10 13 6188
10 15 6900
10 32 512
10 33 231
10 34 5694
10 40 4533
10 43 810
10 47 4685
10 51 3348
10 60 906
10 63 3249
10 66 6629
10 71 4354
10 76 3173
10 79 2694
11 12 39
11 13 2220
11 14 1658
11 15 5700
11 16 1722
11 20 3009
11 23 6030
11 26 3599
11 27 1374
11 31 354
11 36 2255
11 37 6368
11 38 6776
11 40 3155
11 41 187
11 49 5750
11 51 2888
11 59 559
11 62 6655
11 68 3933
11 71 4476
11 75 3114
11 77 7464
12 13 4441
12 16 6956
12 17 797
12 19 2912
12 21 1830
12 23 4614
12 24 3268
12 25 5196
12 30 1553
12 34 1274
12 42 1781
12 44 2417
12 45 2585
12 46 6747
12 47 6413
12 52 467
12 58 7248
12 64 3401
12 66 3705
12 68 5839
12 74 3570
13 21 657
13 24 4900
13 26 7457
13 28 5795
13 32 571
13 41 4968
13 44 5894
13 46 7394
13 47 1102
13 49 3635
13 54 4681
13 55 1992
13 60 2515
13 64 5668
13 75 3039
14 18 3484
14 28 681
14 31 4843
14 34 1907
14 36 4945
14 46 1036
14 49 151
14 51 5803
14 61 2891
14 66 4936
14 78 1172
15 16 6646
15 22 7160
15 26 3664
15 28 1100
15 29 1349
15 33 6756
15 34 812
15 37 4304
15 39 2301
15 42 4594
15 44 4253
15 45 7354
15 46 3069
15 56 2088
15 58 5220
15 60 875
15 64 2081
15 66 1091
15 67 6530
15 68 1565
15 71 5644
15 72 5105
15 73 7240
15 78 4926
16 17 2664
16 18 594
16 22 1019
16 24 961
16 29 3064
16 35 6990
16 44 4566
16 49 1485
16 50 4309
16 57 1596
16 58 6098
16 59 6045
16 62 5193
16 65 4613
16 70 214
16 71 3591
16 73 399
16 76 617
16 79 6000
17 18 996
17 19 6544
17 24 7115
17 25 630
17 26 1912
17 33 5462
17 34 1116
17 38 6490
17 39 6634
17 43 763
17 44 6225
17 48 6293
17 52 2156
17 53 5816
17 55 2629
17 56 2063
17 59 5846
17 60 5627
17 64 1065
17 65 5247
17 67 3410
17 69 1054
17 72 7058
17 74 4225
17 77 3000
18 19 6832
18 20 4895
18 22 1075
18 24 991
18 30 783
18 33 963
18 34 3984
18 35 347
18 36 1968
18 37 4589
18 40 4337
18 43 5878
18 46 2454
18 50 1471
18 53 463
18 54 2392
18 58 2515
18 59 686
18 61 357
18 70 6900
18 72 6688
18 74 3086
18 76 2401
18 78 6485
19 20 2267
19 22 1804
19 27 2800
19 28 7186
19 34 7374
19 36 5406
19 38 3718
19 40 4422
19 43 959
19 48 3773
19 49 1953
19 51 490
19 55 1200
19 59 6036
19 60 7336
19 62 401
19 65 4237
19 66 3505
19 71 7371
19 72 1137
19 74 7229
20 22 793
20 23 174
20 24 1905
20 28 2783
20 30 5140
20 32 2355
20 34 2225
20 39 3319
20 42 1122
20 44 1914
20 47 335
20 50 3900
20 53 5750
20 55 604
20 56 212
20 59 7416
20 60 2338
20 67 4746
20 68 1560
20 75 7444
20 77 4241
21 23 5107
21 27 7157
21 31 5645
21 32 6580
21 37 3377
21 38 7141
21 39 5476
21 40 360
21 49 5707
21 55 3930
21 56 7038
21 57 7472
21 58 2607
21 67 259
21 69 6727
21 71 3397
21 74 1226
21 76 7121
21 79 7261
22 25 715
22 28 1428
22 30 159
22 37 6142
22 38 475
22 42 6565
22 45 1826
22 51 2083
22 53 4748
22 57 4290
22 64 673
22 68 5923
22 72 6964
22 77 479
22 79 4780
23 25 6117
23 28 3347
23 32 7156
23 33 6742
23 34 126
23 48 2192
23 49 461
23 56 6512
23 59 5464
23 62 7155
23 63 2798
23 64 4389
23 79 2580
24 25 4200
24 32 1321
24 36 2413
24 39 5062
24 40 2470
24 52 7316
24 65 2740
24 67 417
25 30 5595
25 31 6784
25 32 5389
25 42 3148
25 46 5524
25 47 5067
25 53 1807
25 56 1590
25 61 970
25 62 1518
25 64 7340
25 66 3989
25 69 3275
25 71 6087
26 29 6700
26 34 885
26 37 1635
26 39 534
26 41 3808
26 42 7292
26 43 6705
26 44 3822
26 49 1255
26 50 3159
26 52 2537
26 56 559
26 58 1045
26 59 4992
26 60 761
26 62 5601
26 63 4336
26 65 658
26 66 6779
26 68 5478
26 69 4428
26 76 150
27 28 3162
27 29 5318
27 38 6805
27 47 1703
27 48 3348
27 50 7191
27 51 6689
27 52 4532
27 53 2396
27 55 3303
27 58 615
27 60 6271
27 62 2374
27 63 2803
27 71 1637
27 75 6194
27 78 6050
27 79 3232
28 35 1046
28 47 1896
28 48 1358
28 52 3379
28 58 4573
28 59 2129
28 60 4306
28 61 6183
28 63 7484
28 64 3444
28 65 3070
28 67 3603
28 68 464
28 71 805
28 72 2370
28 77 2139
29 34 3580
29 41 823
29 42 3928
29 45 278
29 47 1500
29 60 1022
29 64 7025
29 65 4310
29 76 4289
29 78 3090
30 32 4204
30 39 6600
30 41 5456
30 43 291
30 45 1270
30 46 5597
30 47 4720
30 49 360
30 52 5622
30 56 5358
30 57 1578
30 61 7404
30 65 2825
30 67 2946
30 71 935
30 74 6818
30 75 5266
30 78 2555
31 32 2984
31 35 5991
31 43 4498
31 45 1638
31 51 4415
31 54 856
31 62 890
31 64 3516
31 65 3811
31 67 808
31 68 716
31 71 4341
31 72 5314
31 73 3621
31 75 4963
31 76 1968
32 33 5474
32 37 2122
32 41 3775
32 44 6887
32 45 2211
32 50 6102
32 53 1030
32 55 3168
32 58 3701
32 59 5030
32 63 234
32 68 5669
32 73 894
32 75 7307
32 78 5928
32 79 3647
33 44 1321
33 50 4355
33 52 5248
33 54 3907
33 56 2568
33 59 961
33 61 4819
33 64 1691
33 65 5668
33 68 2019
33 72 2619
33 74 6719
34 37 2110
34 39 5873
34 43 6336
34 47 5753
34 49 2869
34 51 4340
34 52 3127
34 55 5534
34 58 7479
34 60 2812
34 62 2963
34 64 4491
34 68 5180
34 71 3010
34 72 5936
35 36 3037
35 37 5253
35 39 6916
35 42 1292
35 46 2405
35 48 2545
35 52 3834
35 57 2348
35 58 7101
35 60 3705
35 61 5128
35 68 6169
35 69 6121
35 71 1165
35 74 2662
35 77 6551
35 78 3201
36 39 2266
36 41 6245
36 51 2897
36 52 1325
36 53 5616
36 56 571
36 59 5831
36 60 2003
36 61 4205
36 67 6551
36 70 6827
36 72 6987
36 75 6405
36 76 6558
37 41 7463
37 48 1811
37 55 4424
37 56 5529
37 61 2296
37 63 2789
37 66 5093
37 67 4472
37 68 1666
37 69 3077
37 70 631
37 79 5750
38 39 6042
38 46 483
38 51 6186
38 53 614
38 56 1098
38 59 2343
38 65 4781
38 79 4508
39 40 2614
39 42 2563
39 43 6918
39 48 2458
39 50 6090
39 51 340
39 53 814
39 57 1701
39 58 6035
39 59 6413
39 60 7247
39 61 5310
39 62 2941
39 63 4213
39 67 4921
39 72 3372
39 74 4186
39 75 1585
39 77 2137
40 50 2640
40 55 3879
40 56 3192
40 58 1620
40 61 3817
40 66 7359
40 68 1010
40 69 2665
40 76 4849
40 79 3089
41 42 2398
41 44 4631
41 50 7191
41 51 3314
41 53 3175
41 55 3778
41 57 7038
41 61 7253
41 63 2841
41 65 7246
41 66 2531
41 70 1517
41 75 99
41 76 4424
41 77 5106
41 78 513
42 44 6020
42 45 2375
42 52 557
42 57 6373
42 60 5843
42 63 596
42 66 2898
42 71 728
42 73 1674
42 77 6709
42 78 6348
42 79 2774
43 44 5022
43 45 2246
43 49 5645
43 50 1042
43 52 1709
43 53 2021
43 54 3346
43 58 7286
43 59 4251
43 60 2525
43 61 3244
43 64 1753
43 66 5117
43 69 197
43 70 1344
43 72 1904
43 74 4311
44 53 3837
44 58 7408
44 60 1422
44 61 2435
44 62 4652
44 65 4362
44 66 6707
44 68 4237
44 69 6829
44 71 87
44 75 2905
45 51 1137
45 56 6615
45 57 2405
45 58 416
45 59 7013
45 63 920
45 64 1932
45 67 5533
45 69 4591
45 71 5248
45 74 2715
45 75 29
46 52 943
46 55 544
46 58 6885
46 62 3614
46 63 2887
46 66 4463
46 67 3753
46 73 29
46 74 4676
46 76 4500
46 77 5807
47 48 2940
47 49 4634
47 51 747
47 56 1396
47 57 3579
47 60 5042
47 66 6960
47 68 5266
47 71 3381
47 72 4653
47 74 4251
47 75 767
47 77 594
47 79 3024
48 49 2505
48 54 3305
48 63 5570
48 66 5883
48 68 6649
48 70 6094
48 76 385
48 77 5410
48 79 2771
49 50 3495
49 51 7201
49 53 2286
49 58 9
49 66 4572
49 75 3960
49 77 2512
50 52 7298
50 55 6432
50 60 7395
50 61 4957
50 70 4222
50 71 3707
50 74 3095
50 77 3013
51 56 4962
51 60 7185
51 61 2921
51 70 6432
51 71 4753
51 77 5680
51 79 3415
52 56 6754
52 58 233
52 59 4711
52 62 5976
52 65 1612
52 67 5216
52 72 5795
52 73 904
52 75 2571
53 62 3421
53 64 3884
53 66 1599
53 71 4103
53 74 7214
54 55 5657
54 64 5274
54 65 4483
54 66 3046
54 67 5377
54 71 1286
54 73 7351
54 74 6407
54 77 5226
54 79 5699
55 59 5343
55 60 6907
55 61 1150
55 63 3047
55 65 3252
55 67 6412
55 74 6898
55 75 259
55 77 4809
56 60 1753
56 61 6650
56 63 2196
56 66 234
56 69 3884
56 73 836
57 59 3052
57 60 592
57 63 6553
57 64 7080
57 69 5223
57 73 1585
57 74 275
57 75 242
57 79 4822
58 59 3692
58 61 4283
58 69 3044
58 71 767
58 75 7424
58 78 1543
58 79 1264
59 61 4937
59 64 2482
59 68 2617
59 71 2972
59 72 4719
59 77 6501
59 78 4143
59 79 392
60 61 5732
60 62 811
60 64 5264
60 66 6598
60 70 509
60 71 2324
60 75 6933
61 66 5372
61 68 6182
61 69 6538
61 71 1142
62 64 925
62 67 1096
62 68 1263
62 69 5666
62 70 2729
62 73 7350
62 76 6651
63 64 4266
63 65 1399
63 66 6425
63 74 41
63 75 1297
63 76 4559
64 68 7253
64 76 3260
64 78 5714
65 67 4234
65 68 1661
65 72 4858
65 73 3496
65 74 975
65 75 6819
65 79 450
66 67 7034
66 69 2158
66 70 1960
66 74 4515
66 76 6176
67 69 7466
67 72 3371
67 73 1699
67 74 133
68 69 1696
68 71 4477
68 72 1209
68 74 915
69 71 1013
69 72 6111
69 76 475
69 77 1360
69 79 7251
70 72 298
70 73 2705
71 72 4566
71 74 6761
71 76 6625
72 74 1283
72 76 1495
72 78 1245
73 74 1542
73 77 5740
73 78 4041
74 75 3533
74 78 3771
75 77 4356
75 78 1676
76 77 1810
76 79 2156
77 78 1753
