35 80 2154
6279 3042 3683 273 1902 650 5268 3719 1831 2554 5128 5363 1345 1409 4349 3418 5380 6580 2959 1293 3662 7436 4483 4408 1351 2490 5141 5936 1021 2453 2640 7299 4346 6322 6423
6247 6971 4190 2466 154 5595 6445 5516 6940 6705 2364 2857 3436 296 4668 4728 2809 3455 562 6068 4806 1903 3708 2093 2924 5013 4732 2722 710 2405 1645 6957 727 4686 774 880 2781 7218 6396 2220 6422 111 3928 2357 406 1095 5936 2066 4550 6497 634 707 899 3193 2799 2674 705 6382 4248 1415 1286 4744 7223 2012 1929 496 1744 4709 6565 6991 5780 5486 7101 2208 6694 6359 3302 5129 7276 6703
2977 409 7409 2727 3602 2707 5401 3158 1588 2148 3424 1725 6891 1998 3737 171 2493 4332 3732 409 3822 2011 5894 2274 4218 3939 1132 6372 419 908 5574 3395 168 4335 4974 2621 7041 1726 4631 7481 2725 6906 1705 2115 1404 4293 1137 2748 1124 4868 3157 3797 6879 402 6071 2448 4341 7202 1319 4759 6961 5745 7006 5981 2579 4479 1101 971 5056 5731 7303 280 5137 1508 1246 5392 4652 2382 639 5776
7250 2647 924 5480 3049 6994 427 6241 5548 598 3499 3860 5194 1856 2340 6624 5186 3441 94 2741 523 7397 3020 4511 256 4265 1254 4907 6647 745 2034 5248 3391 2958 3227 5291 1303 2505 4031 6850 3102 6382 2062 7147 737 4401 6270 5923 6693 5216 1163 6068 3964 3035 3078 3071 7299 3184 477 5297 3928 1363 3044 7318 3172 6270 5109 3326 127 491 2676 2080 6872 3589 1727 109 489 6848 4883 6034
4563 4897 4601 7378 431 6530 2948 6582 2213 2277 4378 6140 2491 7422 4810 4514 5043 1270 339 5169 1760 1866 7249 1132 5454 1475 92 4795 7174 4974 3328 3089 1222 6780 2966 1653 5809 4766 734 6874 5894 3963 4365 884 3884 1674 5397 279 1795 4587 5447 3555 6453 4047 3538 4406 4373 3629 1700 4047 7454 3879 7135 1175 3158 1452 1679 1467 5069 2412 840 3462 5227 5204 3197 1610 5730 7445 740 24
4532 6187 2430 3484 1585 5967 6741 5958 2095 941 1356 900 4819 7342 2075 477 1293 3753 795 6362 5017 486 1175 2743 5689 4372 3204 2770 4316 3944 2794 199 1482 5223 3682 3066 2542 2923 375 4636 2715 1730 5536 6385 423 6462 6861 1716 2714 6507 6929 6582 6992 603 1824 5181 3826 5028 6802 642 323 947 840 1804 5022 3374 3721 63 5148 4096 3550 362 4677 1585 5598 5100 6898 4959 5667 2112
3965 3947 1193 3457 4549 1869 7489 875 5748 5642 368 6070 6589 59 6725 4110 2284 2945 4172 7431 5892 221 6644 1921 658 4742 5872 55 1052 4038 1018 3868 484 1063 6176 3884 2931 5016 3610 30 3158 3977 6099 2246 2888 5323 5207 5171 7119 1878 3954 5511 950 3097 7431 1607 6690 5802 514 241 1191 1531 4109 526 2593 1636 4409 4375 6652 6871 3256 2309 3347 1854 3406 5086 6028 1112 2757 5647
1841 6710 3657 2790 1158 2439 4397 348 740 4910 6940 1930 5292 2400 2455 6737 4036 5715 2463 2039 5085 5719 4347 7284 72 6604 4869 4952 215 6477 1950 2055 4538 4458 3696 5696 6896 592 4895 6487 4353 3186 7268 2145 5586 2222 233 973 6788 2695 3011 3225 913 6209 3008 7337 5312 6728 4788 4378 5705 6737 6432 1594 3694 2627 6141 1941 2071 3535 927 5275 5573 694 6271 3658 1767 6503 4630 1054
1698 6492 4278 2610 5200 6137 1298 3011 5365 6085 7388 2421 4173 5171 4014 6718 6649 2655 1158 71 5041 936 5346 3113 1629 4116 5622 3395 3119 1603 3301 4816 594 6430 6277 5793 3919 75 1303 1783 5011 42 3055 536 5212 7068 7253 4361 1074 7263 4431 4967 698 1128 6931 1179 5244 3905 3425 862 5507 5577 4529 4953 4507 2157 3245 7277 2231 3400 1559 6094 3441 4613 6629 5 3032 5233 3217 2958
3847 6499 6776 4545 127 6206 5723 5370 2610 499 5083 6969 6076 2111 4421 1934 3119 6517 1710 5350 1268 3268 2795 4709 6732 775 3565 1115 6007 6781 2924 2354 5779 2199 5750 4757 905 2824 2626 2366 3322 6560 686 1897 22 3958 3830 3141 1827 5539 7342 3094 158 2636 6654 5741 3410 2718 6856 768 850 1131 3121 6629 3330 222 2737 3086 3045 5363 4303 6367 3274 4989 763 3296 298 3445 5288 2124
1483 5129 5218 1641 6616 3223 6233 1377 5941 4440 2144 6790 5571 4117 4770 1400 4338 7 4485 7383 4221 1287 6249 7494 5127 5863 2141 4277 1807 6280 6400 3290 3908 2969 3782 1875 6192 1366 3251 3484 5806 5395 2773 3876 863 6395 5275 5200 6401 1111 3934 1973 1249 2682 818 5228 7397 1811 2004 1703 590 7255 3844 3350 2724 6477 5224 267 343 975 3750 6148 5221 6522 2523 4935 4268 6649 2634 2020
259 6568 3992 359 601 4810 5586 497 5472 6441 2200 6061 6196 4895 1910 1419 3872 7134 537 4214 6960 4286 1713 3532 2159 3087 966 6427 2235 3599 946 1345 1518 3790 1703 2119 1099 6141 1467 6570 5081 2518 3982 3776 7413 5892 4046 3784 4377 4582 6849 3836 1367 1061 7367 2378 4147 7184 1304 5233 3282 1101 5429 3652 4890 5983 4622 4840 4623 6088 2761 1056 7458 6743 4831 7370 5134 229 2505 862
4810 1853 4697 5029 1765 3415 7406 4763 3098 61 2495 5231 1161 6775 1382 6051 5257 4855 3390 1232 2295 6151 2287 2252 4245 5969 2121 1878 6197 4625 2739 2359 5329 6287 6239 7093 1053 4996 3207 4150 5056 4553 732 5068 3827 2114 2470 1583 5820 5860 2814 614 3362 5100 2865 106 2421 3837 835 1117 7313 2425 2327 5141 63 1065 3585 1115 6060 6791 5264 2467 3843 5995 35 169 6960 2504 604 5280
7215 3417 4745 1928 7369 110 885 2289 3946 1719 2257 2611 2995 4584 251 3057 4500 2688 4171 1912 1978 786 4378 4673 5633 3264 3693 5092 5768 4296 1723 4334 6565 6468 6262 5285 5429 7146 73 1874 217 1181 4484 3211 4616 3587 5120 1616 6274 642 3527 7103 1428 404 4275 7060 3668 468 3503 787 4763 5226 5120 2679 3045 2733 463 973 1231 6887 1698 1447 568 5034 3509 5183 1120 1128 5650 6245
622 1676 5847 2049 932 2622 1608 3451 1941 5110 4237 5555 1687 708 734 4731 2293 1196 5703 3523 583 7401 4969 2 4934 7329 5184 4905 7309 3334 3649 430 3861 847 2478 4792 3468 2937 742 4260 6898 3830 2315 7437 3390 3048 4667 5682 4243 1722 1704 3677 1622 5524 3678 5407 5352 214 1663 5160 2399 5311 4441 5111 6157 5770 2403 977 1206 1996 5236 6956 4678 50 6892 567 1949 2910 6248 6192
4631 451 1220 5104 5974 3750 1862 2677 3963 3524 337 5213 186 3629 2823 5195 1899 4077 5023 1956 4925 2758 1411 2102 1660 802 2668 2460 2564 1415 3 7194 1865 1223 4798 6690 4972 6659 1866 286 1535 1054 4350 1720 4683 7172 6914 5433 2601 4436 7388 25 6046 1299 2126 6557 952 4793 1516 3515 5059 1519 2061 5775 1593 6858 4964 6564 4868 5681 5701 5254 6735 2550 6974 2769 1073 5239 701 2525
1027 588 2549 5924 738 3526 3832 542 818 5347 2908 5876 5717 4968 4150 6161 3177 465 4076 545 6146 2276 4650 4232 3677 4123 7000 3602 714 6552 6126 592 7139 27 6515 6729 3552 1698 7270 4370 5896 2677 1597 4113 6497 4599 2773 2173 3915 6849 1569 2560 476 6219 6791 3005 1693 5142 6606 2406 4193 5231 1849 2684 5257 7215 1912 1309 1412 533 4530 7308 2061 4978 2772 1057 928 4396 3230 3695
2596 4798 6254 1924 3516 4397 4928 4061 2038 4033 6466 5083 615 7167 266 4724 6881 2177 4884 7145 1561 765 6952 2473 4594 1075 3530 5522 5470 5611 1716 6918 1760 6821 1341 4128 2569 6268 688 4607 1652 6005 2189 2266 5671 1306 6989 3904 2334 3224 3548 3894 3988 1851 6366 1082 2925 1247 5455 7246 5709 7170 6663 7469 5342 6855 2948 411 5622 3635 3869 6125 991 4909 7243 6662 6214 6731 1917 1047
2455 5464 3792 5294 7314 1509 6375 1590 2756 4329 1335 7316 2850 6850 7284 692 6204 1583 7454 3178 5217 3822 1802 6208 1230 1544 4221 6295 7127 6137 7341 933 2952 2484 6226 1617 3992 3953 3206 5599 781 3392 5415 3631 2741 4050 3174 297 5633 3127 2326 2201 6948 2979 908 7029 3375 3980 5823 1853 1468 4515 2785 3271 6998 362 4887 2341 3166 6944 440 3947 1688 4706 6429 3280 1255 2102 3576 6887
5228 4753 1588 3527 232 1347 3055 3606 4179 229 5458 5646 3595 7094 269 1944 6307 5155 4284 1973 3451 3575 5919 3990 780 4847 7269 2035 5800 2197 273 3527 6949 712 5905 7180 911 311 2137 5089 539 94 2086 2985 7187 2354 4928 5994 6361 563 466 1163 4138 5236 5152 4917 1434 3772 5803 7233 5968 4928 2111 4269 5639 515 3948 6549 825 4937 2989 215 5030 5075 3199 3569 6280 6978 914 5140
6392 231 5154 3029 5466 2805 6798 5751 6577 3952 5483 3896 1379 6445 664 7018 5811 4612 4918 6635 900 407 5701 5929 4333 251 849 3112 7228 1762 7104 6119 1992 4757 500 6309 62 6149 3411 5490 2600 245 1885 3979 6689 2549 2348 4999 6012 7265 2985 6911 6523 1185 5339 3355 1435 5040 5319 14 6801 4922 6133 145 2178 5484 5305 2239 4132 1216 6580 6731 1460 965 2061 7001 3513 4408 4499 2024
3025 7484 1434 2047 20 5624 4254 307 3163 2072 320 1316 5845 5304 1460 522 3287 6764 1613 7418 6831 692 5501 7143 1656 61 6643 4020 3321 2493 6043 6345 2476 6328 7243 1348 4452 2848 1654 6466 3771 1973 281 2115 7277 592 2637 1915 6208 3101 685 5538 3792 6185 5180 4300 5097 3174 819 7269 5667 5714 6113 6994 4541 4708 841 344 55 2494 6810 2678 3319 5942 4792 1947 6534 6280 2713 5241
732 3397 2130 3376 933 6162 175 4882 1835 7345 4650 1 5558 2115 6995 1451 6822 335 1794 5728 1681 7455 905 3851 5897 4549 4649 3782 3328 7361 374 4060 2110 2503 7435 3042 1164 6461 6775 1851 5157 3925 1851 3215 6039 1345 3517 4212 532 5310 1291 1064 4117 2196 3766 1365 5596 914 5146 275 7126 5519 3186 1735 6873 1972 3629 537 932 1755 2387 6089 5679 3089 655 3069 3286 4171 6132 2669
832 7423 2584 4948 970 6349 6312 5417 6114 2809 5691 4591 827 1377 5178 6552 3348 1306 7088 4280 1912 826 1720 6443 2766 1226 863 6051 5396 6995 1219 5079 5769 3802 1379 5590 1502 190 3506 6467 1851 1696 3558 1529 1924 1235 580 5272 1392 6519 903 3303 6196 2622 2245 1462 2699 3108 6364 594 1454 6435 5672 6074 1588 5902 4163 3090 6092 6520 2056 6794 715 4465 822 2639 5699 254 6762 5942
6772 164 1745 5468 1637 2841 5781 4335 4800 4644 3780 5105 3578 803 3678 5166 6705 340 7107 4148 5711 1662 3441 6426 6127 3114 416 3177 3367 7177 1619 2639 6192 2215 6958 328 5055 5238 3514 1207 2381 7293 6311 4811 595 2489 2476 7299 1680 2082 2798 7391 2595 6238 5168 73 1852 4435 2102 5218 4111 3720 6708 1654 4786 6165 1981 1192 3902 5494 2398 5135 4138 61 2445 4732 1401 3772 3383 1932
5853 6180 674 7299 3770 5841 7372 5621 2775 1973 2190 5737 4544 250 6242 1829 6414 722 3020 1668 5067 4270 5654 1704 4330 6950 5288 5730 3221 22 6513 425 5053 7187 223 1322 5527 94 5794 7154 918 6836 4242 4313 7085 2984 6141 4850 2557 513 6517 6476 3634 3522 7031 6815 2971 3670 5044 6191 3691 4056 6615 1244 2594 6838 1417 621 5783 7211 6626 5553 6546 2219 1217 6130 4054 6210 3479 5463
6722 1348 4438 1707 3721 2820 1021 6692 6490 4916 4234 1532 323 2201 1627 2917 390 3044 2389 5024 1606 1514 3076 651 2584 3145 5632 6638 1854 462 4600 7427 661 389 1633 4382 3208 2653 2425 1049 68 5510 2581 390 210 4207 3306 599 6102 5694 5623 207 6059 50 857 1143 3194 5340 6632 3899 5802 2583 3825 5314 1823 5457 1047 3882 609 3471 4931 7028 1481 11 7418 542 3069 2075 1141 1671
6621 5615 1877 5179 4516 1586 5173 6562 5777 3156 2960 2930 4590 6785 744 6412 4741 1790 2794 4202 4113 224 3729 5593 6586 2498 4986 2154 4573 6126 2676 3693 3092 3405 223 108 4990 4248 5521 2118 7403 980 5048 3345 264 5791 2256 3857 6432 3901 558 3044 2976 3138 7488 2061 5636 4974 3067 2708 2451 4594 5252 5543 498 4326 4502 4339 1073 2522 6457 7328 3501 4004 2024 2617 1146 4279 5325 77
7032 4734 3121 2507 371 1960 3420 6006 6933 5338 65 1884 2431 4168 7426 1781 994 3279 6119 918 5800 5075 7097 652 430 1620 2120 1575 4751 7444 504 4282 4677 2476 5640 5048 4435 411 2405 2720 5748 2470 4603 7031 5489 3380 1311 6482 6658 7429 6252 4957 3856 5848 4460 4285 6320 6580 4712 3570 6523 4067 6703 2552 5394 3694 6451 2328 4105 207 5047 2352 1528 1001 1882 7017 3232 2044 4850 2389
1973 3601 6197 4680 801 3157 316 7120 2236 5027 2041 110 445 1243 1513 5838 4936 463 7018 392 670 3416 1596 2197 4417 3477 565 148 4373 5415 1389 6345 1515 85 3524 2315 2093 3839 786 3180 218 2826 2142 7014 2920 3654 5352 6708 2969 3721 7099 2490 7136 1194 3538 2904 3523 4103 1904 395 2017 3292 5591 2383 2228 466 4698 3173 3156 4335 6352 2225 7161 993 1739 1432 3499 5942 639 5319
2162 6590 308 1797 6635 3845 3553 2657 447 5456 1903 1315 1247 6345 3698 2326 6810 7247 5498 1318 4081 4350 3542 2593 4194 4132 4025 6544 2573 3515 4362 4734 1456 4669 5383 591 7366 1435 2099 6664 6890 4002 479 6988 1698 4176 1813 7360 2774 6163 1177 6854 1864 4718 799 4909 1350 3675 3953 2774 7189 814 6360 7497 4335 4242 587 4200 4528 2685 2215 2769 5538 2693 1108 7236 5720 1772 7095 7345
434 7123 6699 2297 4340 6349 7206 4541 2523 2510 7315 1063 2175 6174 1059 6509 1767 1645 2060 5146 3182 3127 414 1219 5819 1521 7306 2891 2144 5752 2735 2578 5374 785 3726 1066 7133 2283 4458 2155 4792 4272 2070 5819 1797 3128 3679 2415 4773 4591 60 6806 217 6825 6876 6035 7197 6682 277 1841 3785 3012 3270 511 2648 6995 1576 1133 630 6033 2139 4273 1657 4208 2591 2305 7336 6270 4720 3460
3360 3631 2765 3576 2956 992 962 2652 173 1239 3344 2810 3102 6613 3320 4601 4960 4895 5733 5589 2279 372 2361 3935 4579 4952 6240 3266 2573 2311 6725 5932 5941 841 859 1396 1833 1820 2900 857 1910 6243 3666 3863 4208 5837 7316 1667 2083 5548 7255 4362 5919 967 7148 1850 4770 4739 5115 7342 7049 3192 4625 4342 4032 5483 4589 4716 6155 7488 5573 564 5083 590 3279 642 6427 3094 2308 1009
1141 914 4222 5912 732 2722 6613 5502 7460 4227 5343 5861 7418 2468 2702 2802 450 7290 17 6604 6130 4441 6020 2564 5031 650 3205 2809 3743 5512 2669 3735 5277 6891 998 6008 2112 110 4009 923 3189 704 6783 1958 3171 836 4759 2472 626 3628 428 5607 6920 6447 670 4450 7096 3874 6110 2190 737 1279 5924 6013 7021 5774 4520 484 5883 7381 1406 1571 584 7041 2381 2606 6728 7139 5077 6205
2118 4356 4311 1538 2154 4980 4839 1749 1353 3449 2790 941 4727 66 6953 3099 5839 2825 3582 4221 1557 3839 4644 2140 3379 7024 3597 2607 5514 1173 1311 6484 4381 4474 521 6534 1953 4211 7135 2158 159 2424 3098 3737 2489 1403 6835 7179 3079 1768 2752 4635 5607 7395 6774 337 5770 2870 1795 2635 2894 1958 1618 6126 6431 990 5160 7235 5201 4794 744 4211 7217 2694 448 1058 4096 6134 736 7174
402 3487 3160 4860 2233 1285 5196 6854 3006 6991 841 5899 1448 1310 4525 6730 1152 1036 6464 6352 5829 6060 1914 4397 1253 1213 4306 4200 7347 5042 3873 6600 7380 5884 3959 965 7168 506 6670 2673 7496 10 7423 295 172 4447 5876 1323 4334 3692 6526 2662 2251 939 5911 3503 1004 2716 202 7202 257 2926 6301 6489 1309 1611 6305 976 2116 4326 3648 964 3188 3570 1258 3359 6869 7134 4681 3702
0 1 1686
0 2 6959
0 4 1306
0 5 666
0 6 442
0 8 3793
0 9 5063
0 10 681
0 12 4793
0 13 4705
0 14 7338
0 15 6215
0 16 2319
0 19 1225
0 20 848
0 21 1327
0 23 1993
0 24 5420
0 25 2910
0 26 7041
0 27 2682
0 31 6390
0 32 3550
0 35 3085
0 36 656
0 37 4311
0 38 1342
0 40 2669
0 42 4661
0 44 3310
0 45 4413
0 46 5209
0 47 1922
0 49 4639
0 50 3315
0 51 1611
0 52 656
0 53 4545
0 54 3872
0 55 2043
0 56 4217
0 59 4868
0 60 4707
0 61 6055
0 62 4481
0 63 799
0 64 1030
0 65 4056
0 66 2474
0 67 5207
0 70 132
0 73 3949
0 75 665
0 76 948
0 77 929
0 78 5954
1 2 396
1 3 2502
1 4 6106
1 7 550
1 8 236
1 10 580
1 12 4321
1 14 769
1 15 6301
1 16 3326
1 17 1533
1 22 5585
1 23 5890
1 24 5887
1 25 2971
1 26 1321
1 27 6487
1 29 5919
1 31 2739
1 32 5499
1 33 5565
1 34 1497
1 35 1751
1 36 4495
1 37 718
1 38 6282
1 39 7229
1 41 4467
1 42 6255
1 43 3320
1 44 1057
1 45 4774
1 46 849
1 47 1066
1 48 240
1 49 4713
1 50 3773
1 52 5653
1 53 5737
1 55 3371
1 56 1623
1 59 1392
1 60 659
1 61 3006
1 62 5310
1 63 42
1 64 3668
1 66 3907
1 68 6149
1 70 2640
1 75 4247
1 76 843
1 79 2735
2 3 6442
2 5 7009
2 6 666
2 7 469
2 9 3479
2 13 1398
2 14 7231
2 15 6202
2 17 6570
2 19 6264
2 20 6954
2 21 6635
2 23 5432
2 24 1848
2 26 1397
2 27 2219
2 29 662
2 31 5253
2 32 6469
2 33 7304
2 34 2146
2 36 4703
2 37 1856
2 38 2734
2 40 7068
2 42 5437
2 43 4261
2 44 3336
2 45 5542
2 47 6203
2 48 1696
2 49 6340
2 51 6143
2 52 1288
2 53 278
2 54 513
2 55 3648
2 56 6238
2 57 1666
2 58 4958
2 59 769
2 60 1777
2 61 6188
2 62 4901
2 63 4872
2 67 558
2 68 5825
2 70 1910
2 71 3154
2 72 5358
2 76 5037
2 79 2545
3 5 5501
3 8 2150
3 9 3744
3 10 5542
3 11 1452
3 12 1751
3 14 3660
3 15 2884
3 16 277
3 18 3223
3 19 4694
3 20 5471
3 21 44
3 24 3744
3 26 4746
3 27 3540
3 29 6966
3 30 2614
3 33 2579
3 34 6375
3 35 6685
3 36 7170
3 40 5007
3 41 5153
3 42 5256
3 43 2190
3 44 1845
3 45 5056
3 46 5075
3 47 2553
3 50 2303
3 51 4051
3 52 286
3 54 196
3 55 1655
3 56 4650
3 57 3590
3 59 2036
3 60 113
3 61 5908
3 62 1364
3 65 7418
3 66 1307
3 67 421
3 69 4471
3 70 683
3 71 4068
3 72 6524
3 73 6961
3 75 3051
3 76 3051
4 5 3691
4 6 879
4 7 6720
4 8 5922
4 9 7475
4 10 6089
4 11 4156
4 12 6108
4 13 647
4 14 4568
4 17 2194
4 18 5931
4 19 1434
4 20 1253
4 22 4943
4 23 2761
4 25 280
4 26 2512
4 27 4479
4 29 7486
4 30 148
4 31 2508
4 32 744
4 33 1423
4 35 7306
4 36 5544
4 37 2125
4 39 4007
4 40 14
4 42 4357
4 43 6109
4 44 5004
4 46 6545
4 47 32
4 48 4452
4 50 5195
4 51 1141
4 52 4493
4 53 7427
4 54 7388
4 55 7035
4 56 4910
4 59 6866
4 60 6630
4 62 4134
4 63 1890
4 66 6425
4 68 6143
4 69 4582
4 71 1574
4 72 6983
4 73 5819
4 76 5295
4 79 2189
5 6 6304
5 8 1789
5 9 4197
5 10 2520
5 11 1594
5 12 780
5 13 5897
5 14 6370
5 15 4639
5 16 3788
5 17 1971
5 19 1418
5 20 826
5 21 1640
5 22 596
5 23 7232
5 24 7435
5 25 4803
5 29 4240
5 31 1488
5 33 5793
5 35 2080
5 36 5482
5 37 208
5 39 7385
5 40 2357
5 41 6058
5 42 1483
5 43 438
5 45 1894
5 46 6238
5 47 6165
5 49 153
5 51 4797
5 54 6475
5 56 5534
5 57 6344
5 58 2345
5 59 7169
5 60 555
5 61 65
5 63 4031
5 64 918
5 67 7464
5 68 4938
5 69 2251
5 70 1192
5 71 1609
5 72 386
5 75 4930
5 77 4982
5 78 4569
6 7 3486
6 11 899
6 12 5148
6 13 5655
6 14 3122
6 15 2712
6 17 5613
6 18 489
6 19 4403
6 21 1832
6 22 4637
6 25 3701
6 26 4042
6 27 5409
6 28 6401
6 30 2900
6 33 6465
6 35 4320
6 36 3036
6 37 6698
6 39 4236
6 40 6573
6 41 4842
6 42 30
6 45 792
6 46 2217
6 47 6621
6 49 872
6 51 4233
6 53 1656
6 55 3544
6 56 7311
6 60 3152
6 61 5530
6 62 6020
6 63 1325
6 64 1923
6 65 5044
6 66 7017
6 67 3535
6 68 635
6 69 3472
6 70 4901
6 72 5514
6 73 7
6 74 506
6 75 721
6 77 358
6 78 124
7 8 300
7 9 3425
7 10 5599
7 12 1869
7 14 2503
7 15 627
7 16 885
7 17 5986
7 18 1184
7 21 1429
7 22 2884
7 23 1855
7 24 1289
7 26 1588
7 28 1136
7 29 5137
7 31 6773
7 32 1460
7 33 4333
7 34 1346
7 35 4115
7 36 1474
7 37 1020
7 39 3665
7 40 4052
7 41 7004
7 48 2328
7 53 3891
7 55 2020
7 56 6792
7 58 7117
7 61 1831
7 63 5882
7 64 6031
7 65 1371
7 66 7204
7 68 5469
7 70 2785
7 72 4955
7 73 4218
7 76 2099
8 11 4594
8 12 1224
8 13 6699
8 15 6921
8 16 2955
8 17 7447
8 18 2873
8 20 3296
8 22 110
8 24 5295
8 25 4920
8 26 2124
8 28 4506
8 30 6287
8 33 13
8 34 3758
8 37 5412
8 39 1893
8 40 5011
8 42 3972
8 44 1766
8 47 4464
8 48 3163
8 49 1076
8 50 6607
8 51 7393
8 53 1849
8 54 6811
8 55 4894
8 56 1649
8 57 5466
8 58 2971
8 59 6356
8 60 4495
8 65 2649
8 66 3155
8 67 5163
8 68 7279
8 69 3086
8 71 3786
8 72 3709
8 74 7282
8 76 5248
8 77 4153
8 78 349
8 79 5078
9 11 4411
9 13 5912
9 14 3354
9 16 6547
9 18 985
9 21 1560
9 22 4370
9 23 6723
9 24 760
9 25 1907
9 26 5053
9 27 6209
9 28 595
9 29 5892
9 33 3616
9 34 6440
9 35 2249
9 37 3184
9 39 4743
9 41 3173
9 42 1107
9 46 543
9 48 2024
9 49 4172
9 50 6843
9 51 3570
9 52 6902
9 54 916
9 55 6714
9 56 3739
9 57 7237
9 59 430
9 61 1537
9 63 3402
9 65 22
9 66 154
9 67 2171
9 68 2931
9 69 2991
9 70 4857
9 71 516
9 73 7229
9 74 4444
9 77 3525
9 79 418
10 11 3275
10 12 3344
10 16 2641
10 17 2539
10 18 2383
10 21 4203
10 22 827
10 23 7054
10 25 3997
10 26 6192
10 29 6907
10 30 4541
10 33 5051
10 35 6567
10 36 905
10 38 2139
10 39 1447
10 40 4006
10 41 3277
10 42 5052
10 43 4899
10 46 1174
10 48 6932
10 49 4081
10 50 6684
10 51 3719
10 52 4769
10 54 5674
10 58 354
10 59 7051
10 61 3734
10 64 4952
10 65 4722
10 67 4261
10 68 1468
10 69 3076
10 70 4157
10 72 278
10 74 4803
10 75 447
10 77 800
10 78 4471
10 79 2968
11 13 1892
11 14 6358
11 18 1021
11 19 2166
11 23 7166
11 24 5147
11 26 2449
11 27 1537
11 29 1188
11 31 339
11 32 1621
11 33 7056
11 34 1750
11 37 813
11 38 2880
11 40 3252
11 43 1900
11 44 69
11 46 1392
11 47 1236
11 48 4565
11 49 1052
11 50 2245
11 51 6648
11 52 4980
11 53 3062
11 54 4184
11 55 4135
11 56 4555
11 61 1304
11 62 2354
11 65 6521
11 66 1583
11 67 3617
11 69 5861
11 70 4190
11 73 2073
11 74 5826
11 76 4240
11 78 4757
12 13 7042
12 14 98
12 15 5703
12 16 4492
12 17 4435
12 18 6011
12 19 60
12 20 4115
12 21 243
12 22 3557
12 24 592
12 26 6965
12 27 2052
12 28 1705
12 33 1994
12 36 3052
12 38 1563
12 39 1675
12 40 2893
12 41 4210
12 42 800
12 44 243
12 46 7207
12 47 2524
12 48 3809
12 49 1074
12 50 5958
12 51 5900
12 52 4005
12 54 3382
12 56 2160
12 57 5367
12 59 929
12 60 3919
12 62 4161
12 63 2018
12 64 6782
12 65 4549
12 66 576
12 68 5385
12 69 4249
12 70 245
12 71 4304
12 72 4687
12 74 4212
12 76 7331
12 78 3749
13 15 6402
13 17 5683
13 18 5379
13 20 2353
13 21 4287
13 23 6457
13 27 3300
13 28 7100
13 29 2737
13 30 6193
13 31 7012
13 34 1701
13 35 2364
13 36 3745
13 37 410
13 39 1614
13 40 2731
13 42 1687
13 45 1506
13 46 4113
13 47 1247
13 48 6950
13 50 6462
13 52 5242
13 54 6457
13 55 50
13 56 2428
13 57 6739
13 58 2817
13 59 4247
13 60 2507
13 61 2372
13 62 4796
13 66 7469
13 68 3106
13 70 201
13 71 5510
13 72 6213
13 73 4054
13 74 2455
13 75 3950
13 77 4771
13 78 4279
13 79 5384
14 15 3785
14 17 4405
14 18 6461
14 19 4132
14 21 6147
14 24 3192
14 25 4615
14 26 4793
14 27 4526
14 28 5776
14 29 3960
14 30 4466
14 31 526
14 32 5092
14 33 3879
14 35 2661
14 36 3292
14 37 5968
14 38 4291
14 39 6356
14 42 6159
14 45 4788
14 46 5112
14 47 3813
14 48 2977
14 49 6386
14 50 6197
14 51 5760
14 52 2115
14 53 1260
14 54 6565
14 57 3375
14 59 1567
14 60 2409
14 61 565
14 63 418
14 64 3979
14 66 5807
14 67 2954
14 68 4032
14 69 7096
14 72 890
14 73 4784
14 74 454
14 75 2843
14 77 3261
14 78 4500
14 79 6486
15 16 1908
15 17 3304
15 18 2484
15 20 318
15 22 3201
15 23 2827
15 26 3721
15 27 5829
15 28 821
15 29 4883
15 33 4408
15 34 6821
15 35 4194
15 37 1431
15 38 4031
15 41 205
15 42 4883
15 43 6407
15 44 2928
15 45 2893
15 46 4668
15 47 5425
15 49 5333
15 51 2241
15 52 4135
15 53 523
15 54 7255
15 55 1767
15 57 994
15 58 4335
15 63 497
15 64 2495
15 66 3911
15 67 7079
15 68 2713
15 69 5704
15 70 3803
15 71 6901
15 72 2899
15 73 6277
15 74 1792
15 75 3363
15 77 5636
15 79 5668
16 17 5305
16 18 660
16 21 993
16 22 4312
16 23 4260
16 24 6362
16 25 2556
16 26 4887
16 27 2620
16 30 4273
16 31 5897
16 32 674
16 33 1322
16 35 5478
16 36 2136
16 37 3225
16 38 2582
16 39 2369
16 41 2587
16 42 3683
16 43 7465
16 45 2584
16 47 5847
16 49 4243
16 50 2038
16 52 878
16 55 4812
16 56 6676
16 57 950
16 58 4089
16 60 6675
16 61 3693
16 63 2466
16 64 543
16 66 6389
16 67 6454
16 68 1588
16 69 2035
16 70 720
16 71 612
16 72 2022
16 73 4494
16 75 2531
16 77 2541
16 78 5159
16 79 2672
17 20 4808
17 21 3080
17 22 3318
17 24 3757
17 25 5416
17 26 2596
17 28 6766
17 29 3736
17 30 7242
17 34 6533
17 35 5043
17 37 660
17 38 1384
17 39 468
17 41 3785
17 42 1599
17 43 7224
17 46 992
17 47 436
17 49 3046
17 51 7038
17 54 3877
17 55 2686
17 56 3482
17 57 6357
17 58 7320
17 60 3604
17 61 115
17 62 4946
17 63 331
17 65 625
17 67 5802
17 70 5689
17 71 3775
17 72 4282
17 73 4648
17 75 3999
17 77 2670
17 78 1393
18 20 122
18 21 5190
18 22 1770
18 23 7429
18 24 5179
18 26 2429
18 27 2865
18 29 4826
18 30 5947
18 32 1024
18 33 6036
18 34 7493
18 35 4144
18 36 4731
18 37 5240
18 38 1043
18 39 1006
18 43 1554
18 44 3515
18 45 4774
18 46 1684
18 47 4814
18 48 2924
18 49 5
18 51 2756
18 52 2591
18 53 3061
18 54 1604
18 55 6557
18 56 4195
18 57 6054
18 58 4796
18 59 1572
18 60 2005
18 61 5126
18 62 5589
18 65 1500
18 66 2279
18 68 5034
18 69 7062
18 71 5735
18 73 3643
18 74 6593
18 79 7034
19 20 5434
19 21 4183
19 22 378
19 23 3302
19 24 4258
19 26 4855
19 27 2463
19 28 737
19 34 7224
19 35 2874
19 36 4447
19 37 6944
19 38 634
19 41 1366
19 42 6426
19 43 2946
19 44 223
19 46 2546
19 48 3282
19 50 1104
19 51 6519
19 52 1645
19 53 4293
19 56 3454
19 57 4208
19 58 4049
19 59 1048
19 60 5653
19 61 6140
19 62 4790
19 64 7335
19 67 1785
19 70 3411
19 72 1414
19 73 7065
19 76 6846
19 78 3394
19 79 3748
20 21 6442
20 22 2931
20 24 796
20 25 3142
20 29 4916
20 30 5839
20 32 245
20 34 7310
20 35 5566
20 39 4247
20 40 6979
20 41 4562
20 45 5911
20 46 5593
20 48 2053
20 49 7295
20 50 6731
20 53 6916
20 54 6785
20 55 2081
20 56 2926
20 57 5343
20 58 7329
20 59 7062
20 60 1670
20 62 4121
20 64 1066
20 65 3666
20 68 2405
20 70 4563
20 71 6405
20 72 7081
20 73 3159
20 75 3719
20 77 2399
20 78 7192
21 22 3221
21 23 5552
21 24 5211
21 25 3563
21 26 1086
21 29 7122
21 30 552
21 32 1630
21 33 761
21 34 5245
21 36 1334
21 37 1108
21 38 7391
21 39 2526
21 41 577
21 42 7234
21 43 2036
21 46 1353
21 47 5662
21 48 1376
21 49 3165
21 50 2781
21 51 5496
21 52 3995
21 54 5342
21 55 1806
21 57 3184
21 58 6584
21 61 1157
21 62 5130
21 63 6243
21 64 462
21 65 67
21 66 1335
21 67 3693
21 68 4860
21 69 2345
21 70 3596
21 74 3278
21 75 6896
21 76 1606
21 77 6342
21 78 3163
21 79 3256
22 23 4138
22 24 2115
22 25 9
22 27 2092
22 28 3047
22 29 7035
22 31 1983
22 33 1094
22 34 7333
22 35 1756
22 36 4074
22 37 496
22 38 4629
22 39 4307
22 40 1380
22 41 896
22 43 3698
22 45 1545
22 46 2354
22 47 7492
22 49 7288
22 50 3007
22 51 5897
22 54 2047
22 55 6899
22 56 1351
22 58 6484
22 59 5301
22 60 6793
22 61 2428
22 62 3812
22 66 2736
22 67 4669
22 68 5591
22 69 2375
22 71 3983
22 72 6547
22 76 6428
22 77 7389
22 78 7348
23 24 7108
23 26 2271
23 28 936
23 31 1498
23 32 4904
23 34 242
23 35 3205
23 36 2921
23 38 5065
23 39 2048
23 41 5347
23 42 6229
23 46 190
23 48 1125
23 49 6883
23 50 4879
23 52 5402
23 57 3549
23 58 7239
23 61 724
23 63 6535
23 64 5273
23 65 248
23 66 4643
23 67 761
23 69 6495
23 70 59
23 72 4312
23 74 4940
23 75 5707
23 76 3451
23 78 6235
23 79 527
24 26 7062
24 28 4015
24 32 5155
24 35 1034
24 36 6874
24 37 6403
24 38 2073
24 39 1880
24 40 3681
24 42 4632
24 43 2011
24 44 3396
24 45 2424
24 46 4323
24 48 1217
24 50 6372
24 52 1873
24 54 1246
24 57 6013
24 58 7026
24 61 2219
24 63 4229
24 64 1370
24 65 2866
24 66 4183
24 67 6062
24 70 3123
24 71 6340
24 73 1512
24 74 1919
24 75 2737
24 76 1002
24 77 5573
24 78 5969
24 79 5383
25 27 5825
25 28 3231
25 29 4677
25 30 1844
25 31 3017
25 32 6700
25 34 4391
25 36 5902
25 37 1065
25 38 1664
25 39 1341
25 40 5919
25 43 7025
25 46 4147
25 48 175
25 49 7233
25 50 3648
25 51 1464
25 53 5854
25 54 6693
25 55 1401
25 57 3064
25 58 5935
25 59 4226
25 60 7086
25 61 7102
25 62 1570
25 63 271
25 64 1692
25 65 2919
25 66 1561
25 69 6555
25 70 6581
25 71 3598
25 72 1780
25 75 1013
25 76 2036
25 77 2998
25 78 4728
25 79 5246
26 27 5253
26 28 7437
26 29 4813
26 30 6073
26 31 773
26 32 748
26 33 2132
26 34 207
26 35 2016
26 36 7288
26 37 3386
26 38 3070
26 39 3742
26 40 4746
26 41 17
26 43 4122
26 44 3759
26 45 4172
26 46 7342
26 47 7386
26 48 1496
26 49 4904
26 51 3133
26 52 5962
26 54 1847
26 55 4262
26 58 2217
26 59 1696
26 60 158
26 61 2919
26 62 734
26 63 1881
26 67 1834
26 68 750
26 70 2734
26 71 1619
26 73 2317
26 74 1005
26 77 3152
26 78 4380
27 28 1548
27 29 2852
27 32 1708
27 34 3906
27 36 4655
27 37 6542
27 38 3209
27 39 4392
27 40 2977
27 41 7309
27 42 5261
27 43 4767
27 44 5723
27 45 2974
27 47 4677
27 48 2083
27 49 1463
27 50 4962
27 51 5194
27 52 2523
27 54 1263
27 55 5752
27 56 6214
27 57 972
27 58 3992
27 59 6217
27 60 1622
27 61 2939
27 62 1914
27 63 624
27 65 236
27 67 4050
27 68 3771
27 69 3522
27 70 1338
27 73 1789
27 74 817
27 75 1672
27 77 389
27 79 2532
28 29 4265
28 30 3658
28 31 6113
28 33 1743
28 34 525
28 35 5038
28 37 5510
28 38 1250
28 39 4049
28 40 2690
28 41 4650
28 42 7376
28 43 3602
28 45 4985
28 46 279
28 47 3064
28 50 6845
28 51 7021
28 52 3876
28 53 2992
28 54 1420
28 55 2739
28 56 4000
28 58 217
28 59 3417
28 60 5623
28 61 292
28 64 767
28 65 2762
28 66 3526
28 67 2981
28 68 6887
28 71 4693
28 72 4216
28 73 2968
28 75 96
28 76 211
28 77 4202
28 78 6348
29 31 4777
29 32 103
29 34 2591
29 35 5828
29 36 948
29 37 7273
29 38 6863
29 39 2212
29 40 1608
29 41 5307
29 43 6091
29 44 4852
29 45 5023
29 46 4215
29 47 3036
29 48 6520
29 49 1752
29 50 4581
29 51 2160
29 52 5338
29 53 1276
29 54 4440
29 55 7236
29 57 3767
29 58 6652
29 59 3266
29 61 4909
29 63 1623
29 65 1965
29 66 3025
29 67 1213
29 69 2224
29 70 5945
29 71 1735
29 74 3204
29 76 6971
29 77 4175
29 78 1753
29 79 1664
30 31 6532
30 34 2994
30 37 5317
30 38 4974
30 39 3413
30 40 4367
30 42 335
30 45 1267
30 46 1861
30 48 6928
30 49 736
30 51 7267
30 52 304
30 53 4896
30 55 3413
30 56 6973
30 57 5642
30 59 2509
30 62 2607
30 63 5233
30 65 7093
30 67 5372
30 69 5315
30 70 646
30 72 4157
30 73 6860
30 75 6579
30 76 5466
30 78 3136
31 32 6825
31 34 358
31 35 2985
31 36 2804
31 37 5049
31 39 7076
31 40 6603
31 41 4557
31 42 2082
31 43 2270
31 44 5098
31 46 1915
31 47 3194
31 49 7199
31 50 1477
31 51 3584
31 53 7340
31 54 7258
31 56 1707
31 58 7161
31 59 265
31 60 3321
31 61 4840
31 62 3585
31 63 6239
31 65 784
31 67 482
31 68 5136
31 71 2233
31 72 2312
31 73 2495
31 75 4661
31 76 1062
31 77 5301
32 33 7324
32 34 7372
32 35 4855
32 36 5023
32 39 4971
32 40 5169
32 43 6494
32 44 1154
32 45 1619
32 46 89
32 47 6868
32 48 4679
32 50 5251
32 53 7179
32 54 74
32 55 3544
32 57 4726
32 59 1246
32 60 3202
32 62 2326
32 63 2828
32 64 3073
32 67 2917
32 69 6549
32 71 1357
32 72 5445
32 74 1845
32 75 6766
32 76 5850
32 77 3756
32 78 5297
32 79 7183
33 34 635
33 35 3616
33 39 5288
33 40 315
33 42 875
33 43 6407
33 44 6310
33 46 7006
33 48 431
33 51 5353
33 52 3643
33 53 3208
33 54 5959
33 59 5446
33 60 934
33 61 3054
33 62 1410
33 63 4812
33 64 7096
33 66 7004
33 67 6506
33 68 2967
33 71 5686
33 72 7446
33 73 4311
33 74 6724
33 75 1677
33 76 2413
33 77 1924
33 78 436
33 79 4366
34 36 2288
34 37 2414
34 38 346
34 39 6221
34 40 4871
34 41 71
34 43 5923
34 46 4877
34 48 6553
34 49 2113
34 50 103
34 51 4371
34 52 7139
34 53 2580
34 54 6460
34 55 2790
34 56 6897
34 57 2614
34 58 1126
34 59 3579
34 60 7459
34 62 1544
34 63 5024
34 64 5615
34 65 2208
34 66 4453
34 70 3389
34 71 6546
34 74 6856
34 75 1048
34 78 2357
35 37 6341
35 38 2711
35 40 3954
35 42 5013
35 43 4315
35 45 2804
35 46 6726
35 47 6158
35 48 1286
35 49 7280
35 50 6743
35 52 268
35 53 5585
35 55 4426
35 57 2329
35 58 2139
35 59 2230
35 60 3913
35 61 2145
35 64 5328
35 67 3561
35 68 5532
35 69 4203
35 70 2586
35 73 2391
35 75 597
35 76 6275
35 78 3473
35 79 5687
36 38 6683
36 40 939
36 42 204
36 43 7326
36 44 6448
36 45 718
36 46 622
36 47 5518
36 48 5282
36 50 4731
36 51 2864
36 52 3865
36 53 3090
36 54 5072
36 55 85
36 56 6520
36 57 5074
36 58 78
36 60 5241
36 61 6999
36 62 219
36 64 4589
36 66 6021
36 67 1565
36 68 6067
36 69 6566
36 70 2551
36 71 178
36 72 5256
36 73 6598
36 74 5364
36 75 5207
36 76 2197
36 77 6494
36 79 5565
37 39 1505
37 40 2495
37 42 2911
37 44 2372
37 46 4922
37 47 2034
37 48 3571
37 49 1802
37 50 188
37 51 6407
37 52 3584
37 53 1886
37 54 5018
37 55 4795
37 56 306
37 57 5673
37 58 5259
37 59 761
37 60 1159
37 61 14
37 62 6071
37 64 2142
37 65 3086
37 67 4473
37 70 7009
37 73 4693
37 74 204
37 76 4728
37 77 868
37 79 6525
38 39 4048
38 40 2104
38 41 7437
38 43 2012
38 44 5805
38 45 1149
38 47 1705
38 48 1466
38 49 2290
38 50 6074
38 51 2508
38 55 3234
38 56 426
38 57 3584
38 59 5054
38 61 1165
38 65 1422
38 68 2988
38 69 7220
38 70 4288
38 72 6796
38 74 3687
38 75 7279
38 78 6806
39 41 129
39 42 4375
39 44 3843
39 45 4540
39 47 165
39 49 7384
39 53 7360
39 58 6769
39 59 7218
39 61 6464
39 62 1652
39 63 6158
39 64 4925
39 65 6433
39 66 621
39 68 2878
39 69 7216
39 71 4244
39 72 1281
39 73 4732
39 74 5443
39 75 1799
39 76 5132
39 77 6611
39 78 1007
39 79 5902
40 41 5712
40 45 487
40 46 5122
40 47 283
40 48 2832
40 49 433
40 50 1835
40 52 5513
40 53 657
40 55 5788
40 57 2382
40 58 4044
40 59 6055
40 60 1812
40 62 5953
40 65 1124
40 69 1343
40 70 1495
40 71 2412
40 74 5670
40 75 207
40 76 3208
40 78 7251
40 79 7353
41 44 6606
41 45 3533
41 47 3508
41 49 5166
41 50 3719
41 52 2148
41 53 1750
41 54 1665
41 55 734
41 56 3473
41 57 3310
41 58 2543
41 60 3399
41 63 6309
41 65 1423
41 66 1521
41 68 3417
41 69 6696
41 70 2165
41 71 1057
41 72 6958
41 73 2558
41 74 3299
41 75 3490
41 76 392
41 77 4045
41 79 4645
42 43 1855
42 44 4428
42 45 6620
42 47 980
42 48 7094
42 49 24
42 50 5468
42 51 3583
42 52 7258
42 54 3056
42 58 5521
42 59 5875
42 61 3520
42 63 6799
42 64 616
42 65 5775
42 66 4815
42 67 622
42 69 6089
42 74 5173
42 75 1246
42 76 262
42 78 4486
42 79 3056
43 44 4077
43 45 7351
43 46 4675
43 47 7473
43 48 7266
43 49 6020
43 50 7328
43 51 5328
43 54 473
43 55 4216
43 56 1615
43 58 4946
43 59 1856
43 60 4580
43 61 2079
43 62 61
43 67 5496
43 68 4606
43 70 6807
43 71 2543
43 72 1605
43 73 1641
43 74 125
43 78 5733
44 46 5912
44 47 3572
44 49 1505
44 51 1239
44 52 4037
44 53 6930
44 56 4527
44 57 2447
44 58 4617
44 59 6518
44 60 2678
44 63 1065
44 65 6976
44 69 6501
44 71 239
44 73 3786
44 75 6639
44 77 3263
44 79 6731
45 47 4805
45 48 3356
45 49 2229
45 51 3654
45 53 2297
45 55 1297
45 56 41
45 58 4761
45 59 2386
45 60 2162
45 61 2491
45 62 1434
45 63 3506
45 64 6754
45 66 1461
45 67 3625
45 69 7278
45 71 926
45 74 682
45 75 313
45 77 3337
45 78 6137
46 47 7480
46 48 1466
46 51 3199
46 52 1790
46 53 2942
46 55 960
46 56 722
46 57 4968
46 58 2699
46 59 4984
46 61 1370
46 62 1043
46 64 5392
46 65 3806
46 66 6843
46 67 2500
46 68 3449
46 69 1526
46 70 1085
46 71 1350
46 72 2333
46 73 7372
46 75 2570
46 76 1561
46 77 104
46 78 6722
46 79 1923
47 49 948
47 50 2110
47 51 4808
47 52 6379
47 54 404
47 55 1541
47 56 6768
47 57 7378
47 60 4267
47 61 7278
47 62 2965
47 63 108
47 66 2938
47 67 1830
47 68 2784
47 69 4803
47 70 7350
47 71 6699
47 72 3477
47 74 1596
47 75 2879
47 76 890
47 77 4903
47 78 6389
48 49 5122
48 50 4028
48 51 4219
48 54 5813
48 56 3115
48 57 5721
48 58 2954
48 59 1205
48 60 1475
48 61 1127
48 62 3437
48 63 3465
48 66 2920
48 67 6326
48 69 1529
48 70 1025
48 71 6725
48 72 3565
48 73 1303
48 74 3317
48 75 2772
48 77 3020
48 78 4184
48 79 4173
49 50 3865
49 51 6162
49 55 167
49 57 547
49 58 817
49 62 741
49 63 186
49 64 487
49 65 3550
49 67 3370
49 70 3876
49 72 1390
49 74 2970
49 75 1686
49 76 6974
49 77 4930
49 78 6536
49 79 5647
50 51 1316
50 52 5940
50 57 3929
50 58 3418
50 60 6146
50 62 35
50 65 4368
50 68 2411
50 69 1836
50 71 7482
50 72 6240
50 74 1816
50 75 3592
50 77 6372
50 78 5658
51 53 5217
51 54 3189
51 55 2584
51 57 3910
51 61 355
51 63 336
51 64 4979
51 65 7363
51 66 1350
51 67 4290
51 68 1177
51 69 598
51 70 5657
51 71 2018
51 72 5792
51 73 6592
51 74 6599
51 77 673
51 78 5472
51 79 1500
52 53 2661
52 54 2282
52 56 2483
52 57 264
52 59 4543
52 60 1658
52 62 2527
52 64 4651
52 65 7455
52 66 151
52 67 218
52 69 4541
52 70 1070
52 72 6400
52 74 2374
52 75 3732
52 76 441
52 77 4884
52 78 2745
52 79 3141
53 55 908
53 56 495
53 58 6997
53 59 2944
53 60 7037
53 61 2690
53 62 535
53 65 273
53 66 6385
53 67 1072
53 68 5091
53 69 1842
53 70 3742
53 71 3310
53 72 5889
53 73 6433
53 75 4782
53 77 2804
53 78 2735
54 56 5713
54 57 4340
54 59 2076
54 60 2423
54 61 6431
54 63 4469
54 65 278
54 66 3169
54 71 4542
54 72 6130
54 74 2974
54 75 2477
54 76 2736
54 78 4087
54 79 6214
55 56 496
55 57 6239
55 58 964
55 60 1242
55 62 4953
55 65 4839
55 66 7242
55 67 6400
55 71 5331
55 72 7092
55 73 6687
55 74 269
55 75 330
55 76 4434
55 79 491
56 57 7314
56 58 2773
56 59 6686
56 60 3869
56 63 4636
56 64 2832
56 65 2711
56 66 7101
56 67 1070
56 68 988
56 71 4454
56 72 791
56 73 5762
56 74 6353
56 75 4809
56 76 4606
56 78 974
56 79 4262
57 58 6865
57 60 3866
57 62 3466
57 63 7131
57 64 603
57 68 4708
57 69 5305
57 70 1695
57 71 6248
57 72 3486
57 73 1848
57 75 2929
57 76 542
57 78 738
57 79 6180
58 59 7328
58 61 932
58 62 6248
58 63 4871
58 65 5284
58 66 4399
58 67 2686
58 68 3684
58 69 4203
58 70 2932
58 71 6163
58 72 5626
58 73 4173
58 76 4513
58 77 6350
58 78 4427
58 79 2188
59 60 319
59 62 4454
59 63 625
59 66 5318
59 67 6825
59 68 4579
59 69 7214
59 70 2533
59 71 5206
59 72 3189
59 73 4759
59 74 4611
59 75 3610
59 76 591
59 77 378
59 78 986
59 79 6090
60 61 6466
60 62 3084
60 63 4362
60 64 4187
60 65 5668
60 66 3622
60 67 2272
60 68 7299
60 71 3495
60 75 2402
60 76 3486
60 77 4200
60 79 4662
61 63 6597
61 64 4069
61 65 2510
61 66 4876
61 67 6834
61 68 6385
61 69 1929
61 72 6691
61 73 7149
61 74 5257
61 75 861
61 76 452
61 77 6114
61 78 1074
61 79 3503
62 63 1921
62 64 5730
62 66 1957
62 67 2616
62 68 7427
62 69 7164
62 70 78
62 71 2312
62 72 3501
62 73 6335
62 74 819
62 75 3706
62 77 1
62 78 6343
62 79 3677
63 66 4045
63 67 2715
63 70 3865
63 71 6466
63 72 7082
63 73 1798
63 75 608
63 76 924
64 66 3482
64 67 5214
64 68 3543
64 69 5965
64 70 226
64 71 5868
64 73 5169
64 76 15
64 77 4656
64 78 4202
65 66 1400
65 67 1548
65 69 6555
65 70 415
65 71 462
65 73 5291
65 74 6764
65 79 1652
66 67 2301
66 68 2721
66 69 644
66 70 1395
66 71 3507
66 72 1626
66 73 6671
66 74 2961
66 75 6473
66 79 6523
67 68 1312
67 71 4420
67 73 5979
67 76 6321
67 77 2287
67 78 4250
67 79 3009
68 69 3348
68 70 4433
68 71 2950
68 73 4182
68 75 2056
68 77 4297
68 78 695
68 79 6784
69 71 7263
69 72 6097
69 75 5150
69 76 6677
69 77 626
70 71 5387
70 73 3780
70 74 1553
70 75 6284
70 78 4534
70 79 2001
71 72 6805
71 73 2431
71 75 7366
71 77 3867
72 74 5781
72 77 3965
72 78 7447
72 79 3941
73 74 6976
73 75 3786
73 77 4099
73 78 7072
73 79 2806
74 75 4633
74 76 7072
74 77 7178
74 78 5345
75 76 7452
75 77 7288
75 79 2604
76 77 3681
76 78 2500
76 79 1624
77 78 2984
77 79 6773
78 79 4143
