24 92 54

5105 3605 3911 4836 5450 6451 7216 26 4084 1495 2792 2154 5596 6486 3119 1144 6153 3588 821 2780 3296 5623 2160 199

7051 4256 7461 5978 2282 7453 4783 7386 2409 1194 3573 358 6496 3288 6735 1932 3635 879 4085 582 7364 6055 577 6016 994 1397 1295 4289 7019 3454 3339 5422 6562 3299 2751 1343 2103 33 80 3363 78 3652 2573 5426 5792 1807 7357 1926 2685 2793 1359 2548 199 1935 7416 1192 2183 1210 4332 554 3516 6522 5975 2577 1172 77 2771 3275 6461 2850 6637 6539 6501 1709 3316 4792 2368 2024 5569 5052 3668 5779 6452 3866 213 6367 3909 1248 76 7092 1801 2443
6113 275 3871 7284 351 6641 1910 6811 1990 7399 4701 7343 459 6868 4634 2826 1391 1555 378 3910 7333 5681 6627 6398 4547 1887 145 3474 1478 1945 5917 6442 1071 1139 6226 273 280 6987 7083 1121 6885 3136 963 7344 2503 4449 2669 2746 6003 1898 5507 5835 6430 4634 3584 3476 6520 3728 6950 6850 4524 4218 5791 5594 4208 3368 5866 4487 2855 4301 4460 2239 7436 5422 934 1290 2370 2455 2887 7224 3204 894 4411 2134 4379 494 5609 2250 3074 3910 1599 97
6979 7390 5691 3687 3257 2908 7025 4963 7208 3984 6054 5995 758 6987 6137 1979 793 1523 1703 3997 1268 6113 6130 5646 6606 3090 6748 2179 5852 846 1128 5330 7087 6818 1516 1696 2225 7393 6658 785 3876 5211 6779 4633 3550 5415 6612 4342 5790 7166 7190 5909 5778 5819 2907 3735 261 2154 4766 6112 2999 5893 2793 2586 4062 4309 4281 5138 4201 2290 5922 6928 1 4053 2913 2402 819 876 6743 5460 541 6433 3869 5170 3603 6775 1404 2715 1428 5021 1326 3278
3413 4119 5863 6326 7279 1495 3964 2831 3785 1237 1110 2637 5289 4022 5038 4960 4897 3132 2919 4289 916 6787 1958 3371 6061 2214 6085 6340 6086 6263 2118 851 1733 6832 7176 363 827 2491 3193 3463 3728 3154 4951 368 7176 1340 5327 3424 3323 746 6565 4239 6384 7374 109 3797 939 5045 2636 7025 3807 4753 375 5539 2937 6402 4753 3763 1393 445 6077 5120 2451 3527 4339 978 3718 2166 3253 7040 2911 2317 2630 646 2191 1590 4442 1981 6635 7078 1505 1793
3182 731 6184 6118 5985 3436 1232 7377 2733 6160 3848 5183 1038 686 6160 4755 2851 1912 4295 4613 3081 5776 5259 4123 7366 1052 6103 6500 629 6460 792 2663 7190 6975 132 5674 1763 1364 4402 4495 6375 749 2177 7413 287 7188 3519 1989 451 6665 5454 3531 4941 2064 153 4806 3115 5108 3805 3744 4067 3448 5258 3756 1775 5389 782 3537 5604 5183 531 4479 4784 1559 3243 3922 1246 6761 5910 548 4778 3863 4079 2218 5926 3083 7023 1541 690 2179 4136 3608
4478 745 7364 6252 6133 6997 1140 3089 3531 1670 67 7166 2080 2161 3587 2177 273 1997 2725 5050 4711 6803 7267 1989 1237 5641 2381 779 319 5368 4386 3649 6112 3101 2400 3596 2597 3540 6684 4980 4061 5602 4645 6141 262 732 7169 6887 1580 2393 4436 5142 547 3055 7130 1784 1195 862 2562 366 6229 6947 2866 3692 2548 5265 7288 3996 156 5323 1475 4217 3425 4972 1709 2538 4555 1377 1924 6134 2622 5212 2627 3168 766 1109 3803 812 1970 5216 29 7051
4663 2894 2094 6062 7011 1881 1409 7166 7204 1736 2734 1980 6707 3294 4517 3761 3523 6441 1246 6144 3004 3872 663 3769 3832 4466 3432 5802 2181 2313 4204 5695 4058 6297 3108 3568 7030 4517 2086 6733 5104 4819 64 4310 613 4580 6922 2987 2372 667 482 5375 3390 1144 495 7222 4461 2779 4375 6642 5091 1078 3688 1648 6226 6796 5216 5755 2664 7301 3839 267 3471 3902 3428 2935 982 1701 5921 2205 1219 6402 80 4608 6398 6926 3181 3358 2204 6407 1351 7294
6336 5039 294 5062 3186 4361 3316 4701 4161 6007 3819 6483 2408 6098 1918 2241 298 6690 3298 1516 4444 2229 4975 3341 1654 656 6698 3858 5914 6901 2503 4750 3291 1648 2311 5328 6008 4478 2528 1520 1836 5198 503 4244 3795 1272 5336 4092 461 1133 4459 4904 3361 1933 7096 3867 1440 5146 224 7354 4546 1578 4603 6688 3226 5765 4515 585 2742 7042 2105 3430 4739 2607 173 7385 2730 4360 2828 3190 4345 7286 6946 205 1718 5393 4071 3158 3038 3146 1863 6435
3576 6465 5622 5653 4729 1488 6237 6322 1029 7193 2251 4619 2299 1275 4503 3880 4487 7330 7070 1331 5967 5367 1535 185 3259 4458 2194 5149 6455 4056 2935 2530 1872 7409 7034 6600 1396 4623 4273 1277 4315 5376 5895 5466 6650 1750 1845 2488 431 1414 3818 6398 5632 5353 5434 243 1162 127 4243 116 3034 7177 1498 4905 5937 7383 2856 7333 4505 7128 1109 1320 3855 5855 6785 1857 6456 1129 4344 6887 1395 662 4636 7026 4866 1421 6120 6027 1547 2862 4994 3432
1391 5343 836 7327 5226 3691 6011 2230 2170 5971 3549 6025 4326 2833 381 2133 3962 4724 1519 4208 5385 5006 2585 2750 6426 1205 128 6824 2918 5122 2755 4308 2964 2442 2987 7041 6132 1497 1771 7154 6320 5319 5678 3145 7004 4910 5277 2317 2133 5648 6524 6370 2005 1608 471 7283 1664 599 6606 4582 4572 713 241 6387 2006 3227 5928 6990 3576 198 6643 2395 4368 3672 4391 3871 1081 1019 6187 2065 5518 4062 934 6375 5670 1405 6157 6185 855 4114 3266 5426
3678 2359 4312 5684 5585 2739 5173 512 1788 4315 1758 6156 486 5000 2526 418 4871 65 2482 2888 4126 3416 614 1147 3672 6770 7332 4526 2236 1949 2451 5913 4307 5614 4096 1244 853 1768 1755 2640 4934 2365 147 4271 7364 2673 4688 4734 1589 7170 6474 5714 1937 7087 5713 5608 5209 4396 2633 7444 6344 3935 5856 2003 2048 1304 3246 1752 1923 3852 3244 6857 5068 3390 3627 4932 4914 7167 1017 6502 6836 6342 3568 1272 4781 632 5731 2489 5027 863 1284 2722
3649 7139 4724 5696 7294 6821 7448 1717 3173 3191 1073 740 5432 3551 4523 2846 3217 4392 699 1404 3233 3118 2675 513 3749 905 1853 1275 619 3136 3997 4267 1627 72 1315 1420 6893 1262 3136 1417 3304 3060 1008 87 5463 4383 2932 31 1274 2483 1435 3358 5600 2961 2723 1849 2718 4575 1975 3336 211 5971 6455 689 4895 269 2108 4287 382 4096 4555 3685 6007 5562 2623 3969 2444 4407 4000 2569 6889 4286 4779 4988 7246 1 5688 2463 4575 163 4651 3637
4985 3605 3177 2379 3873 5285 5517 4254 732 2571 6790 6738 633 764 2059 1928 5170 4910 3349 4558 1695 627 898 292 627 5437 2755 4053 5599 6257 6542 3084 2361 2218 4314 5085 6354 2331 690 7085 4901 6331 5175 4385 7094 7233 6313 4764 4642 2161 673 5188 1639 1570 5479 2265 7007 7085 5169 3957 5841 4210 5892 701 5280 2706 4637 4133 3888 5326 2570 1288 4156 244 5673 3750 7476 3337 7365 3469 4349 537 1156 5987 2107 6634 7103 465 6219 4771 4421 3411
333 1665 4112 5612 3222 100 1096 7109 5426 3665 896 2081 2760 5420 4682 2735 108 4546 5055 3308 5083 5062 1794 6041 4196 248 6505 1766 5019 2277 4028 4203 2793 639 2314 6014 739 3409 5622 5016 5926 5370 5948 1185 2141 3130 2772 2249 6527 326 5556 2961 5388 6202 1501 935 5301 6857 1552 1671 486 5579 5873 3278 5070 686 1792 4660 2947 7413 1027 1372 4134 6974 2556 6275 1455 4179 7375 482 4505 4282 2294 1244 1835 3795 1030 7136 2003 1433 158 2488
7011 6031 5766 3432 5568 6409 6943 1014 5173 469 1237 1807 7443 2645 6933 249 6823 6807 7082 2679 3588 1876 2774 4275 5670 3803 3910 172 5235 4067 1512 3598 1449 6129 7029 7017 5037 5324 6882 2709 5792 6971 3367 4586 2115 2799 4835 289 2105 3268 2968 4545 5143 4593 1319 3312 896 4080 2336 4982 6998 2699 1079 7299 1327 6960 5667 6363 4783 5048 423 1926 4518 3790 5364 5484 5440 1550 4625 45 4817 6444 3441 2460 3536 3611 4623 4431 6542 5810 1913 4891
1008 1843 4689 1186 1302 1707 6400 4936 6755 6823 5714 2624 1964 3577 6960 7403 5126 4084 6299 2442 3027 1091 3753 5414 4701 876 2345 2594 6685 3109 6337 6545 3803 2377 230 3957 4084 6630 1392 2190 4804 7105 4813 6767 2033 3124 5521 6010 7207 3172 7304 1585 4262 3556 6999 315 3283 695 2908 1320 2655 596 364 5309 2973 6945 1765 7056 4926 3157 1745 2229 1613 5409 347 2498 1033 4720 1007 7091 391 810 28 4652 4366 5878 4966 148 5424 6726 1467 578
7321 682 5886 1645 127 6503 1200 3904 2159 1796 6133 2623 6057 5331 5120 7089 2550 4979 5531 2940 5788 5558 6444 1505 2787 2761 1653 710 838 1971 139 7011 2653 4877 1155 1631 3879 1207 5534 4889 3002 3018 11 410 7201 3983 7498 1102 313 4381 2894 6100 2438 1837 105 5225 4597 609 4786 5435 2579 4925 3797 4083 2301 4951 4565 6179 6157 1451 3567 511 3320 2429 920 3020 5263 7270 4122 5575 4150 7015 3027 5439 203 3131 2015 3651 2591 6801 437 4021
4225 4233 6956 5377 1684 4020 4055 6692 4322 6473 6054 142 253 5826 2013 5516 5595 4986 2442 1096 3352 5468 6534 3554 1098 1049 6057 3688 6701 6493 209 2277 2078 6016 153 3761 2535 3059 1804 5709 883 358 4702 1135 5035 6714 6650 3129 3052 444 4224 6403 5911 2109 1309 5861 2009 7365 900 1209 5209 7460 3485 7286 5975 2489 2398 1010 5547 4202 5570 6429 3411 2771 6416 945 836 4417 2925 3887 4860 6000 1642 3271 608 2950 1631 2617 1666 2530 2677 6874
2490 6162 6660 7316 2 1557 825 4401 4610 5246 2181 6872 516 1096 6668 1352 5513 2092 4090 2872 591 5731 4994 51 32 5476 1519 1697 6858 4195 1071 699 1708 6582 514 1710 6990 1339 4962 4100 5436 7142 2323 5952 738 1491 6155 5102 3582 2744 6825 3025 7327 4319 1927 7358 2294 3445 1555 1651 6491 1477 2349 699 558 2863 1260 47 3053 6221 2998 988 5862 5321 5791 5451 5663 3297 3052 596 6041 2377 2472 4719 5547 4398 4576 6692 6694 4982 843 5685
6458 2043 5235 5867 3757 6494 4766 5661 5214 6615 5501 2427 4435 2643 378 1449 5940 2281 2045 3332 3509 4516 550 1555 1414 3977 747 607 311 441 5143 5620 1335 2877 3987 5092 1870 104 2104 5935 6718 6456 7214 2505 1599 6443 3953 6390 1223 5997 2221 4732 1865 1622 5138 3278 4450 5884 2736 4760 6324 6731 2880 159 2107 5718 4102 2829 5821 6205 115 3890 4013 7328 6394 4463 6270 1699 3352 6345 195 5572 2428 2059 6045 65 4188 2994 4801 5776 254 3624
5006 1985 3782 5964 6554 6735 1292 3726 4292 1407 115 804 1234 5361 5266 6356 7059 1117 4052 6105 5540 5331 7016 4084 5395 2555 5929 2695 830 6182 5171 4687 7018 304 3151 6071 7039 4442 2296 2682 4700 1263 3485 4786 6623 102 2493 5033 70 6544 3637 4461 3226 3152 1044 1120 5707 6972 2667 5388 4506 6689 2575 2875 6992 4577 1446 5382 370 2593 563 5070 2707 2899 2355 681 1852 3699 5713 1921 2742 1850 6381 5967 3853 6276 5938 911 4600 7456 6299 457
5496 225 3331 3840 3653 3628 1721 4022 5073 1136 443 279 4034 2797 960 4738 5347 5524 6658 588 7373 4391 5406 2578 2018 2696 3488 6617 1503 1138 7073 6999 214 2904 3338 3866 5383 3910 388 2955 5045 830 2086 431 2479 3045 5168 325 1068 3177 7265 7293 6419 4022 2370 937 5569 4709 53 7072 5847 5978 5422 6060 233 111 1278 5615 2872 1665 1070 6769 1346 3155 6051 3824 5051 3718 3001 4970 5746 2765 3614 4665 6786 5983 5601 4855 2044 4505 3278 6742
2982 51 4153 3214 6513 5430 1329 1884 7094 1250 1152 940 3256 7202 3615 7158 2271 6615 4627 6869 1879 741 2885 17 5575 985 3723 118 4341 7000 5711 7323 5902 2364 1888 4914 293 2068 5649 6239 2169 5653 6030 5424 4206 2144 5081 6477 1259 1060 4697 1989 1800 81 2005 6226 7417 4579 5196 4257 4078 3406 2931 1331 5769 3671 6244 4914 5738 4393 3652 407 2545 2181 4682 6750 3176 1115 4578 3286 2174 1774 5275 3973 706 6131 2698 622 3210 393 4879 6139
2651 6661 7470 7271 2831 5065 4684 7421 1957 7187 327 3353 719 3860 1455 3895 4974 4884 7180 7147 6658 3806 2471 7363 1289 4021 6837 3350 3265 4215 1988 5915 3375 809 5686 5058 5874 2869 4978 6682 1408 4156 2535 2126 515 2841 4872 4341 224 3404 3987 6881 7209 5310 5596 997 1830 4932 4346 5094 498 5186 3509 2724 5994 546 281 3219 2266 4110 2401 3673 765 4935 4651 1280 6627 2022 5620 6850 5425 958 5083 3986 6267 2030 3834 6948 6961 7032 4542 6310

36 57  385
49 70  7018
12 11  3627
15 14  739
34 0  2760
72 78  24
61 25  905
26 72  365
61 73  5526
45 38  5911
43 56  5428
55 68  406
55 68  4797
69 42  671
17 25  2164
82 5  2319
34 14  1240
54 41  7108
23 50  2518
36 44  3680
54 87  3641
81 90  5813
87 53  2925
55 70  775
6 87  1384
73 77  382
35 59  2900
62 22  4125
18 45  3588
47 29  6004
10 32  3639
30 61  2921
66 4  2882
78 60  5192
80 14  239
56 87  2020
77 31  3060
72 41  3114
57 59  2547
80 54  5736
15 65  2444
25 43  5598
85 18  6954
54 44  2662
1 33  892
75 37  1512
42 22  1635
17 42  6556
54 47  4328
84 35  1522
52 90  2967
91 23  4803
8 56  3045
62 18  1765