72 91 54

6068 594 3834 5524 633 6169 6145 2215 4289 6012 7149 4976 6675 5611 36 4125 6079 6271 1165 2610 742 3157 164 4493 7020 4401 5564 2260 4543 2843 3166 3110 3437 5851 1133 2921 3371 6129 3987 159 4640 2487 5135 3814 597 5170 6790 5527 2792 454 636 2385 3611 800 6877 1982 4052 3792 4242 1094 6634 6259 3056 1422 4609 3040 3194 6831 1669 6033 6989 6308

1019 3475 1474 468 1144 763 5994 2787 1217 6630 5171 3679 6281 3399 4512 1684 7190 105 1629 6324 6363 4684 6597 2323 6576 2291 1653 744 823 1142 5903 693 4616 7376 1160 4612 6991 6006 6250 7059 3987 3921 2089 2767 6171 6600 3302 5861 6705 4930 4684 4419 966 2632 6742 41 3774 894 784 4596 887 5538 4141 4355 5414 5300 318 3756 3805 6567 3314 6643 1839 4254 761 510 3353 4062 6370 1409 1492 2405 5828 1309 5036 3921 1349 1310 4814 984 4757
4553 6521 1397 1407 3286 5549 576 7041 705 7142 1706 7348 333 5959 608 842 664 4670 6063 2072 5013 967 399 6321 4854 4319 6521 5015 485 4 1124 3889 6524 2520 4147 1162 6920 4722 702 125 4363 1260 7472 4695 7218 6931 4388 381 2952 2950 1305 464 2768 555 5636 122 3726 4656 3988 4210 4659 5111 6950 2535 6483 3596 3696 5902 817 3249 4878 4031 4508 3701 78 3078 3132 3317 2310 6083 6267 3614 5399 386 4169 3534 6859 394 7042 3347 3455
4200 7309 1756 5586 6291 5351 1781 3545 5019 3882 7274 401 889 3475 478 2818 5458 3795 5128 4040 1413 1241 790 650 4261 4324 9 3506 2717 3355 5812 5768 2015 67 3854 7158 5417 4486 3202 2935 867 2975 3336 608 5301 2665 3425 3258 5311 1052 6150 5575 1145 6939 6225 4257 2614 6233 263 5330 939 6074 3598 2953 6141 6303 2610 4057 3288 4663 5844 3007 6490 531 2466 4290 2047 5890 6400 7358 5794 5049 4284 5790 3339 3008 2546 4805 592 2808 2634
1530 234 5083 3335 6374 3885 4796 1782 6025 811 6477 383 7300 5859 2848 2941 406 89 1840 6615 5882 5740 3398 3023 431 6406 5569 5235 6997 7228 368 7379 7461 4303 2065 5186 7039 6860 6968 5563 170 4796 5945 6321 3155 144 1762 3560 233 2453 2674 4966 7045 6071 489 7475 3828 4909 5209 2177 3488 5576 2055 3449 1230 4119 7486 769 2330 5805 6331 1352 3101 3628 172 6255 2623 785 2314 2855 3238 3839 321 2782 2409 7161 2756 5089 3421 464 7265
6908 4891 671 1708 4973 3641 1694 5741 5970 6350 3423 7321 1950 5902 6345 704 1025 7129 1869 3879 2866 5707 3051 4499 6968 1563 7254 3408 4983 6569 3172 3243 2812 3842 3802 284 7482 5495 4876 4803 4345 798 4624 5146 6700 3468 4702 6576 3096 6570 2954 4814 3629 4857 1812 1948 6419 418 5355 2754 5838 7378 4848 1 2571 1149 6636 2552 5496 4011 7354 1192 4809 3329 6337 2860 5648 3538 1935 96 1460 3740 3761 5088 7448 4424 5887 5219 3693 2593 472
2031 2470 4171 883 5040 5319 19 6443 3314 4029 5148 4505 189 7329 2194 3048 4328 5731 3834 4423 6042 6426 7035 2481 6373 3959 867 4091 151 2311 3414 1033 4780 84 1916 1171 5403 1934 6465 1216 4814 4113 4573 5003 3941 5618 6902 768 3848 3236 4043 2390 2161 3577 4870 1033 35 4589 3976 6538 6899 7389 70 3031 7473 837 4201 5375 2770 3166 5442 6436 6130 1366 3938 1422 6983 3339 1041 2183 5426 5083 3424 6438 12 7145 6323 6398 4233 2798 5435
2484 2686 4357 5514 2658 5193 1066 6884 6815 3083 3678 5750 1712 3895 1039 1985 3378 3229 3026 4412 1155 6960 335 92 6971 7479 6414 4721 3064 563 2655 4399 3249 5863 2412 4758 2408 2329 2994 574 5412 5523 5175 5975 1917 6213 460 4146 1941 2337 1057 1947 1796 1391 2039 1267 222 7304 5987 2137 6719 7493 6535 1319 4708 298 4928 7115 2626 6773 188 6889 4795 5362 4216 5564 2926 4675 2209 4866 7011 3266 6813 158 3508 203 1424 2581 6358 6262 4717
4428 5107 2603 5746 2314 2900 3174 780 5526 2446 7319 3766 7241 5180 481 5304 6957 4007 6364 4322 2369 981 2486 2527 4489 1540 2802 5921 6750 416 1990 3677 5522 4592 1923 6687 7492 5096 7466 4369 6393 7284 634 4985 3815 7467 1640 3271 3973 504 6444 6342 1484 282 1368 4824 1821 3021 2097 1070 3436 4086 4747 1457 1177 5521 643 1168 1968 6960 4388 860 5595 3874 4697 1909 3840 6336 4031 312 5691 2975 5505 7175 3256 5724 3350 3928 1245 5446 4998
4680 2031 1096 4989 2060 6616 4483 3227 1083 3943 6467 794 2037 2840 5490 2798 6679 3178 6828 5842 1368 1154 3847 7394 3261 2070 3244 7189 3314 41 4686 6846 924 4633 4334 2983 2600 1316 5061 2534 4110 4027 3327 4999 6866 169 296 4896 3346 5975 3238 4713 5981 7084 4607 1741 1653 6702 1429 3819 6742 4966 3164 6517 950 6349 1999 3549 164 7060 6082 4274 2438 761 624 1804 929 7271 5551 3126 5745 1288 338 3077 7223 3796 4818 1376 2997 5098 4046
1091 2564 7209 107 3513 6057 2106 5914 5072 517 4495 697 2954 4107 1320 3609 3887 1090 1660 7012 5687 1799 7350 1263 1522 2497 4932 1749 4346 2530 5794 5436 3945 4354 4394 7457 1762 5351 4722 6833 5867 569 6382 173 4675 6553 2633 1062 143 3144 573 4681 4943 6774 4795 5316 1771 2227 7064 6116 4756 4209 2903 1200 1062 7296 8 2823 3999 4730 1007 2365 5298 7388 1389 1324 6441 4022 2385 5435 7165 1810 1467 3459 7435 6261 1274 557 987 7189 6672
5742 3897 926 6941 4958 7074 5801 6632 3572 3030 139 4788 7179 6378 6177 1002 4170 1550 2239 956 66 2900 2422 3525 2834 1183 3650 3391 2169 3339 1414 6763 7235 1192 6203 3545 765 4503 2676 4336 6384 1666 1623 4914 544 299 5916 3565 700 7006 4521 766 1257 6942 4290 2942 624 6791 5184 1645 2629 6598 907 1216 289 5961 4760 7405 1816 7435 4240 699 453 5862 5613 996 5013 2880 3412 5712 1237 432 5329 2493 6226 2118 5434 6849 1409 3118 7345
2889 1067 751 4104 207 6712 215 111 7379 150 3202 577 6954 1563 5041 6801 5427 420 2712 2491 508 3144 319 3000 721 1289 7286 6421 1549 2903 6266 4437 2821 5868 7393 3027 3931 107 1989 3809 6608 5190 4386 6061 5604 778 5361 3531 1198 6925 4873 1705 1420 5191 3557 2140 6479 3342 1060 6879 5096 7325 2668 416 5693 2560 2294 2123 1518 4282 5932 626 823 1669 5538 6426 2446 2251 1308 2495 1675 6180 3052 3094 2723 6608 5233 553 1301 6292 7432
6396 4969 2599 6811 2013 4010 456 4135 5527 4737 1418 5004 5559 1938 1894 3336 3236 4144 4644 5730 4670 2175 133 263 4897 6740 4347 4302 6892 1990 3085 5787 5810 5683 3949 322 1044 4404 3309 6570 492 3578 2926 4902 5516 4819 738 1251 1462 5381 5832 4983 6407 5965 4097 2656 4056 943 6957 3448 1784 2541 586 94 7075 3387 6767 6970 6642 2575 4891 7134 6153 316 4535 3020 5134 4124 4270 5447 856 1453 2929 7263 7417 7025 2418 3973 6819 726 6272
7455 3266 6857 48 1692 2743 5666 1161 1885 741 4903 370 5745 5219 3756 1264 1704 380 4385 6003 1235 5837 283 997 4606 7308 2266 7430 5478 2991 6201 5432 5108 4409 4331 5651 6004 2497 5663 6740 2089 3066 7109 6685 784 3364 448 2487 2595 3684 7341 3830 872 124 3678 5477 6283 5944 4258 4260 286 2958 1044 5394 6219 4226 3544 4722 5574 1707 3961 6514 3624 2421 5698 4407 5784 6145 5745 879 1180 5586 3560 2052 4561 7237 6380 3343 4532 3138 102
4818 4947 7497 1563 3665 4223 5106 7238 1148 5664 3698 162 639 6118 5859 5045 3254 3356 2142 2984 4535 6579 6543 5438 3639 5131 3170 6981 1015 5159 5934 5832 2605 4783 7394 5122 357 3851 4859 1504 867 7409 1665 1505 4878 6376 5402 631 2231 6395 2466 5617 4325 360 2407 463 5491 5576 6295 5357 2086 4728 3688 4690 862 2433 1163 1218 5135 4874 2722 4853 4782 3238 5210 1011 2113 1963 1642 3195 857 2959 1312 5181 3319 2570 4495 161 645 3289 5517
2730 6868 556 6271 230 1840 6286 1447 6974 3659 3020 3179 7292 6258 888 802 7222 2850 1295 2917 2558 4254 3080 6590 6424 5649 3584 6584 5145 5724 4600 6726 3943 4007 5496 4172 5846 3133 4471 4171 5643 7490 7349 5434 5099 736 5088 3673 2437 5234 6589 3846 839 1020 2935 7262 5520 5370 5197 3164 2445 1148 2389 6388 5154 6736 1911 3499 2369 6381 170 511 5223 18 4797 1673 7106 1236 5345 894 6469 3285 3592 6160 4304 6526 4773 2323 3248 2470 4338
5692 3617 6726 3431 123 4814 5342 3621 6034 4222 2642 6544 796 1512 2692 2469 7469 3927 313 862 1748 3598 3305 6759 6753 1183 4031 428 4430 5352 4765 1473 321 2843 4904 443 6508 2745 2915 5041 5818 5557 2936 6614 7068 5628 1582 5888 906 746 5601 1505 3195 1406 763 1300 2588 3646 1727 7017 1497 5343 7341 1817 7037 4744 1111 6044 6340 4026 3584 4658 934 6520 2623 6853 3499 3056 5240 4404 3801 3340 5909 5848 4745 5523 7147 7332 1668 225 5700
2017 5567 5541 2685 5104 1636 3796 3647 476 321 6083 3985 1254 5102 6607 6958 1100 2162 4697 4355 4814 536 1615 3161 5281 7138 2807 5112 157 3031 3312 2173 7450 204 4858 3905 1839 1153 51 2314 325 6133 5150 430 2586 4256 7387 2537 5269 4583 5744 2583 3970 7358 5743 1750 5847 7402 5714 6004 1784 377 676 1733 580 4385 5637 2418 5537 4540 3584 4713 2024 85 3994 3462 4341 2732 5998 2109 6166 4241 4691 2636 2951 1786 4385 1297 1687 1450 7300
3470 1826 6828 4055 2405 3712 1043 3675 601 5582 6110 5313 6458 5046 659 2419 1886 3390 7268 2847 2056 2861 6389 4691 5811 674 427 5959 1212 1877 5759 3534 2554 5086 88 4959 1297 1130 7485 749 5564 4946 6062 3373 2491 5572 5791 3229 1461 4410 6075 2368 7270 3815 7058 4432 4489 6337 2891 5700 713 1 585 3266 5086 672 7076 5234 654 5912 5983 5069 2209 3396 941 3552 1467 5583 6780 1779 2492 4206 4147 1114 520 2556 5545 3860 1392 7287 912
956 7287 1496 3074 4872 1020 1501 1458 1673 6265 6292 5593 973 1039 5385 3376 1357 3467 2655 3135 4810 5712 6133 5923 5084 1189 2820 295 1432 2606 1206 1240 2393 1554 3165 6116 2573 4665 6425 3097 3429 5216 1189 3254 6254 5425 6629 110 1391 636 2097 6200 5199 729 4623 2782 769 6294 3077 1053 1399 3134 2292 3791 4687 5456 1259 6111 1472 183 1707 3753 5399 1747 5858 3004 7171 3838 1966 7413 4473 4062 6113 1024 3642 2087 2657 3263 880 4585 4315
2278 219 5458 4921 3757 2265 5031 2368 3736 5213 2926 7488 1963 4673 4697 3819 3195 1035 5784 3108 4359 1197 572 5382 3690 1510 539 6952 2389 5123 2618 3518 4193 575 7290 450 2839 4820 1669 5427 2533 4594 5414 3347 618 1463 7165 3813 2497 4300 5772 6855 5496 5195 4737 538 6704 4127 7489 1592 601 2607 3961 4794 2033 3751 4095 4872 7422 5763 2798 2454 2856 7063 4653 3474 1025 4317 6138 2373 7469 3261 1728 4316 955 5316 4853 158 1942 4842 601
2542 6300 3413 6187 832 7163 2781 4555 7085 1043 6204 890 3899 4619 4394 6224 4495 63 4861 6868 31 6973 1095 4346 427 5262 1699 6936 6055 5392 36 7448 4191 2300 6135 3874 1963 267 7281 399 1310 4836 140 4060 1954 4534 2783 6449 4596 6495 4668 3478 5967 4614 323 5245 2375 2021 4680 929 7412 3567 876 2954 5866 5862 5680 6680 6129 4312 5930 7438 1647 4922 2849 3601 1955 4483 1401 5402 3477 6068 1379 795 3181 553 4891 4407 2574 922 5335
1337 4488 5062 3143 1705 2276 174 7237 904 3337 5666 7193 4983 3087 2541 7435 3893 5875 187 646 1851 5106 876 1497 786 1429 6387 4044 2854 7308 730 3042 3147 4644 5036 3703 6919 4061 3439 322 7397 457 6366 4880 2395 258 3666 6288 6132 3853 5785 6834 1458 6661 830 1096 6941 6068 3991 1146 4727 4721 4187 373 1864 575 2927 1282 4635 6366 455 4532 5674 6820 763 568 7077 3280 5707 5708 5984 3992 3893 7442 2004 4722 7389 1444 2141 3879 2589
6867 7451 5627 6091 1814 6201 1517 1947 2188 6734 2401 6719 4907 572 6333 5475 148 2112 3681 4707 6948 6524 1099 5741 1027 4672 5629 1322 5664 859 2762 5030 810 889 2472 1475 5941 3989 3422 628 3222 4674 6198 6981 5246 3882 4955 4245 4846 7487 304 4293 6511 254 2533 6389 3778 7013 211 1941 371 1824 5823 32 1564 794 359 5 3634 2632 6984 5708 7305 4534 5188 3902 7267 2642 6999 4612 1480 7302 256 6842 6407 2788 5731 2684 2300 4793 4625
1523 6616 2947 406 680 2592 7116 7036 6226 2247 5371 4433 904 1256 2120 3657 1023 3613 3155 5634 5092 1808 5890 4434 715 29 1516 3398 1181 6308 6874 1555 4275 1172 812 4954 3764 428 3341 2489 2674 64 6921 2429 1319 392 6086 1193 4004 592 6827 447 2400 4068 3732 1966 2948 5247 4215 4128 4054 3589 4534 829 3612 5346 4634 7375 5773 6827 1215 7298 6890 6987 1079 7060 7378 6016 753 2733 6607 6431 3180 358 1850 6911 2323 4797 4658 6538 277
63 1478 3662 7243 5089 1507 4377 3816 6131 2555 5030 5929 796 3369 7007 355 3246 5522 7459 5979 3480 5241 1658 3838 7090 7420 5012 3239 3429 2901 2367 3492 4378 6028 3234 819 35 6462 3486 6165 1516 7367 3445 2311 3235 1803 1518 6481 7324 1476 4959 2156 6717 5468 4845 5158 4239 2356 896 168 5257 3262 3659 986 642 5744 1804 676 3558 4141 5692 5073 4008 1637 6236 7242 3439 253 6222 2115 580 2532 3122 6148 6851 466 3806 3590 2821 3553 2609
6929 5667 5119 415 6308 3362 1070 5835 6919 5211 4026 3344 1718 4514 931 311 453 1183 6533 1419 614 416 4540 6762 6119 5005 1919 2208 6677 4323 3668 6106 2489 1286 5372 148 3499 6441 5982 1770 3003 2508 5113 3572 7021 6043 3883 6325 6077 2915 243 6690 2182 3634 4803 800 7490 5573 1859 6667 2396 5526 4124 3736 5663 1995 3884 1662 7287 2365 3431 2790 3724 1043 6361 3245 5937 2743 2069 3365 4509 1164 1406 5543 3649 6209 6342 3639 3133 7053 1657
4380 5078 5780 616 3241 6626 3351 3754 6412 5715 7184 1701 1939 7078 6914 4035 4366 1008 6103 230 5517 6118 1635 3559 2267 6695 1252 4757 2328 804 6413 6707 4734 4692 6174 6826 2669 2024 3079 1580 239 1614 2133 1029 1191 1546 5063 5556 1405 2517 5785 6921 1135 7419 1831 2253 6614 1935 7009 293 1590 5921 5851 5175 1964 4525 4500 4632 6548 6430 5063 5638 543 7195 6666 585 92 3080 6140 1497 5597 3276 7269 5583 2047 452 335 1160 2386 6195 304
2827 3467 6154 502 5430 2030 3853 1413 1078 2783 6475 5567 2177 5022 3585 2762 5113 6664 253 5461 4760 3529 5230 1694 5575 5681 2028 5586 6918 7074 5889 2244 3040 3394 2745 7321 5424 5450 1233 5353 732 6560 3419 1760 2933 7003 4521 545 6167 4774 4858 2278 7154 2587 3972 5228 7119 4851 3313 6536 4425 553 131 7464 3946 2876 7285 721 7177 7369 6073 408 6428 1992 1019 712 1494 4392 109 6512 517 4966 142 170 52 4113 5397 7170 315 61 5057
4739 613 5187 3555 3410 6914 3339 4131 6590 2059 2703 5849 7339 3546 6868 550 5040 3759 658 2903 4275 5623 3044 3296 4526 6008 1192 3047 6323 104 603 2413 716 4642 5967 2977 4055 657 7107 1997 2716 1162 345 2554 4707 6064 1955 1098 1174 2613 2853 4300 7087 5896 95 4113 3256 1286 6011 2078 241 6614 4490 7308 2607 1809 2785 6661 2465 1243 1157 4032 2404 354 5437 5963 6417 7392 7060 91 2504 2412 4390 942 7160 4485 3906 2915 4622 2417 3844
4863 382 833 4670 2988 1493 6306 2148 3958 49 2157 489 1304 2510 4778 7266 278 4669 5678 368 6024 589 3610 6965 6600 6946 3371 2014 2919 4639 5857 281 5020 5542 3803 507 7034 1460 1506 2343 1508 2514 1684 1664 3875 6461 1429 4153 3629 7106 3372 2152 6547 5833 468 5646 5278 2690 160 697 7328 4868 7329 3699 2909 2483 3057 2443 3943 3415 3637 4302 5928 5320 5965 1155 4280 7394 5307 408 5851 30 1411 4897 5863 731 3043 3640 3420 2054 3188
3248 6921 3017 5798 1182 5499 1355 2476 1941 4769 6112 5095 2048 3932 3559 3202 711 2304 7360 7471 655 7390 233 5551 4604 963 7445 743 4383 1998 3931 6482 271 5799 3631 1452 3797 4985 3927 4590 2253 2538 2184 4301 6469 4594 6354 6032 6898 6214 4854 52 6103 5086 4454 3206 4901 4399 2800 635 5248 5582 5968 5518 3880 2098 6969 6529 5935 2247 2470 687 4785 3505 3839 2605 598 1545 7488 7495 258 4841 6398 5212 1279 2204 7269 5031 5454 1420 5665
3201 7002 2984 71 2233 5081 5891 113 3515 638 2582 3054 5422 6086 5744 6878 6684 7288 6866 5530 6397 3058 3280 4108 4336 4335 3876 718 2288 5296 6382 4340 3649 717 3262 5881 4650 1653 5994 7016 2290 7427 2569 6563 6013 7165 5940 4048 5804 5305 2077 4701 863 4208 1308 4050 1042 4036 4768 2181 683 2501 5373 4331 3218 1134 1563 6719 2786 6408 6234 5075 6335 155 4137 3699 7319 1429 246 4474 6733 1174 1674 6447 4234 1834 1849 4127 5869 5468 6308
6551 468 3032 2233 2537 4165 2647 1755 6951 407 489 3377 5593 6995 6366 1791 6813 294 888 3786 5878 913 4312 3677 5146 6145 5525 1773 4513 2344 6932 2415 2811 2463 3499 4200 5479 4997 5954 4929 5403 5294 7158 3495 4788 4875 4137 2952 5168 5024 5590 2397 5937 2401 4925 2434 1045 1801 3058 4409 4144 1341 5675 6955 3803 525 2506 1782 5521 7311 5562 3424 5105 4071 5770 1244 1445 2407 3048 5464 7430 1137 6713 4718 2389 4137 6004 2285 5938 1561 5545
1433 2902 3719 7239 5556 4243 2244 6189 1115 2055 3103 4538 6011 7173 2808 7254 7470 5214 2801 5433 3995 2789 3497 65 4029 134 6068 6313 4923 6480 4357 6355 1881 6927 6094 6289 3669 837 4977 3636 1743 579 673 253 6604 2332 6359 6573 6397 511 3357 1744 3300 6854 1808 7328 5839 6727 4993 3261 4558 1849 967 5291 1276 7060 4079 3796 6749 407 7431 991 986 6956 96 6441 639 6454 4365 7036 6964 221 1279 1615 5926 1938 295 4264 16 4139 6376
4573 5987 7343 2363 6114 6902 5293 1262 5002 5700 44 4845 5537 6999 4940 4477 138 2745 1341 6025 1060 413 7303 2675 6339 592 1821 1954 607 5959 830 4031 3297 672 5246 763 6425 3038 2024 2779 89 2067 123 5625 1566 5062 2601 555 306 2793 6579 217 2058 5233 2891 896 5824 3563 1701 5282 873 2530 664 3022 2053 5909 3784 7330 299 5807 2608 387 373 2730 6012 790 6643 7464 196 5800 1609 6774 6016 3666 3358 259 3413 1681 2673 5113 5814
3546 6495 6478 6567 7399 3738 2850 7228 4036 8 2335 4423 6732 3916 1786 22 1910 601 6569 209 2209 4695 5077 5874 552 4187 638 1085 6859 5751 6898 2904 3597 4727 822 3495 965 3671 3223 5000 2530 4409 774 1762 825 2559 635 1586 3160 7203 1795 5368 4397 5723 2594 3801 2409 3231 4885 1767 333 4282 3523 3929 1509 4344 7424 1325 6867 3146 6324 1896 6406 7098 2509 6082 1008 3143 168 3019 2846 814 887 6094 6536 2332 2394 296 4414 6130 914
4747 1764 4436 1175 2124 132 7450 3448 5850 1947 2271 6597 853 720 1606 6934 1728 4748 7101 4746 6445 414 4484 5039 5801 5667 6284 6096 2581 3766 5862 6179 5529 2797 7353 152 1780 6155 3599 129 601 4721 6726 1453 4293 831 7239 4872 4430 5691 969 3375 6105 5453 7265 3257 2471 4900 705 5051 1165 6566 3729 5545 714 2434 5696 2494 1088 646 1474 540 4219 7051 845 1011 6733 583 5882 3663 6273 6850 5889 3729 3654 4505 5838 4977 1904 6542 2527
1921 4459 5108 7465 5172 6393 5661 6517 6332 5158 6843 6871 1876 6393 215 1738 4478 7149 6471 6992 5922 4673 5380 1002 7178 2384 6839 4654 3139 5880 6033 5059 1690 2492 5024 6862 1384 2036 4730 6567 7193 4072 5937 421 1817 5004 1010 6294 4652 7481 5785 1925 3505 2516 2927 3182 3751 1117 6688 6889 5849 5220 4448 38 211 823 6899 446 2858 2981 7012 1402 5904 4300 1822 220 655 1684 5365 4159 516 2501 6083 4020 3868 361 6053 118 1478 5240 7007
7326 2959 2806 7363 2021 3628 5614 1318 5337 7446 829 6738 5849 3981 7412 6069 4635 1595 2785 1293 2110 5286 6228 4981 1653 5440 3533 623 6917 125 6481 5594 1935 638 4309 3956 4265 2422 5273 953 1219 4954 190 7067 1434 101 4487 4920 1695 7272 5065 2656 3909 3792 136 4413 583 3669 5035 7500 2645 2867 4445 4579 3504 1253 1034 6620 2526 5159 72 3744 2612 262 3311 2897 6714 297 6668 7261 6420 4232 2416 1680 6875 2552 6093 7458 5072 2479 6309
216 5346 3253 4794 201 4506 4680 6821 7031 2338 5744 2127 3801 4857 5437 5549 4071 4585 4716 3831 2357 300 6246 4036 7174 149 1480 7131 5220 3959 4791 4287 656 544 433 856 5049 5112 176 3431 6301 4772 5557 1453 2128 2345 7001 6198 5782 3068 2528 638 3367 126 3525 3041 274 5005 1523 4346 1463 6314 1132 2118 5709 1564 1825 3257 5527 853 5539 3179 5624 3596 4631 251 5940 2983 6449 3073 4903 328 3710 769 6805 7235 2661 5931 4739 3036 2776
5053 701 2759 6022 6409 3175 346 1017 53 1198 6555 3232 6821 2650 6714 5924 7442 1049 3724 3014 5951 4051 5576 5571 2208 4162 732 638 252 2619 2265 5304 3319 5023 2677 2227 7049 3022 3243 7102 3072 1149 1685 1244 3799 898 7167 2592 1946 3390 4457 6748 6293 2532 4819 1000 5545 4402 489 5796 7020 2753 2451 1690 6627 5127 2768 6176 7001 4862 4629 2572 6010 6313 3815 1160 6062 3482 3751 508 6871 7060 6107 4515 943 3425 5514 6488 326 4854 3635
6197 106 6086 6738 5585 2564 2005 4260 2064 6866 240 4635 4228 6552 950 5387 5113 3283 490 4472 1505 49 3079 6020 991 5355 2885 7478 4533 239 3613 3229 6696 1050 1319 4780 3613 3323 391 5677 1541 630 2811 5768 7181 2612 3654 3646 5894 2995 617 7399 3043 2547 5918 4034 402 1302 2863 4934 392 5327 7014 7088 6376 832 3219 1341 3007 3610 7017 4547 4239 1179 1666 2772 3791 4171 6417 1036 7166 5885 934 2708 7284 5703 5593 185 5857 7308 3970
6248 5134 2335 4687 2862 2019 406 4202 3877 4015 2570 7275 7105 3748 1440 2376 6390 4462 144 7426 4127 6029 7211 5687 5812 5414 2631 4848 2622 2438 169 221 6424 1355 4908 1785 3373 4165 4838 7249 7031 7407 7023 6635 3654 7314 1511 1396 4276 506 1321 7254 5386 1031 5440 2549 5296 6923 7396 417 1860 6416 6990 783 271 4397 1419 2495 7413 5108 1096 6943 5014 6970 6077 20 6784 6439 1415 2411 6945 1587 2164 4830 1469 6456 7379 6765 5878 6126 6033
237 5042 5522 7372 4164 1270 142 6658 1182 5250 253 624 2763 7223 5553 1634 5358 4491 1900 268 2787 3486 2431 117 4955 1386 6347 3071 7263 4972 1603 6352 1365 5977 5075 5528 6098 5216 3538 6132 1817 3790 5607 3432 2364 3659 5065 221 7002 6965 488 2288 2950 1771 1256 6756 3156 102 2326 1771 3926 2781 622 5290 109 4548 2170 6206 2263 5707 4837 2932 848 2944 6363 3212 5454 3927 2284 4955 2243 2772 6095 4045 4542 7350 3300 6549 7452 5626 819
2729 7258 292 6870 7366 3691 1539 6071 4806 6097 2260 237 6945 5203 6599 1508 2008 3025 3791 6963 4120 5414 5557 664 2455 4258 3963 356 4209 940 26 5789 697 6670 5159 562 2860 6697 5485 165 5294 244 401 3590 4298 6999 5097 6305 1376 239 4619 5495 5653 2675 5010 6959 6933 1472 6166 2493 2412 6192 782 1960 5361 4792 2522 720 3988 506 885 633 7101 137 3074 3898 7136 7022 1554 7363 7261 6173 4209 4265 199 1718 3723 5983 2041 2389 976
3304 7432 609 5264 5292 5400 6637 6011 739 5994 5747 224 5594 5884 3297 843 4371 2819 2396 4233 1431 1068 7293 5695 1267 1510 769 6101 3550 2009 7076 6854 1940 6536 3469 6083 3287 2605 3446 2878 1098 1692 3101 6691 6427 5249 6385 3297 567 1280 6381 849 1200 6173 6543 1318 6534 6164 7418 2584 672 5846 789 1464 4881 4257 46 7020 6861 3491 1249 6810 4035 4349 4852 2961 949 3736 6258 368 5015 3990 1216 6214 2663 259 6383 548 6422 6301 3131
5945 4646 2771 7408 878 7027 6306 397 5239 2296 497 4548 6330 3697 1899 1791 4646 4486 6900 5013 2001 2241 6228 7066 3755 5338 4801 4303 4259 3601 7433 1556 746 2704 315 1623 1082 6620 872 6321 1416 1368 2220 6597 5065 2971 7239 2210 7456 5490 6074 808 231 4801 6726 3985 2639 4026 7139 5749 126 5924 6156 7223 1127 6471 1345 1060 5590 1068 6232 5857 1288 7304 3806 6352 2774 3544 7413 2729 386 5986 2389 6968 2138 1614 2304 3628 4491 1943 729
3468 366 6884 3190 344 5854 3386 1403 2796 3306 6487 4 4593 6290 3809 2296 1563 6205 2208 3143 6590 7045 5531 4909 534 5996 7212 4162 1838 1654 4890 5305 2019 3125 994 2362 1479 3232 2617 3126 6537 1603 3129 3629 392 5790 5924 806 4494 6983 2800 2435 5379 7183 7343 5912 5678 7054 1425 6368 60 6314 4172 2078 1939 4018 3292 2269 7249 5908 5394 5137 6362 7374 1265 5605 5663 6040 5262 1508 4374 561 3942 2252 243 2636 663 4773 1042 2088 3640
1101 7253 311 2030 543 3180 5321 1663 1780 2580 7056 6916 293 5782 7032 5897 3944 5571 3658 5452 1296 4219 745 3547 3313 2233 3062 585 2126 4001 4224 3226 3753 3387 4107 3148 6566 780 4810 846 2211 3218 6613 2504 1499 6145 7252 4294 3067 3410 1097 4363 6480 694 6761 2292 2926 2322 2877 5051 6322 5952 7128 1427 1838 3734 4574 7256 3365 1883 601 5576 5100 6065 6931 5450 4709 6682 2244 6628 1443 3340 3490 422 4033 2750 1566 5810 3924 3294 3360
2745 1745 1839 4171 2435 4425 1244 2190 289 1979 1642 5864 5930 206 5294 3880 3767 3328 4975 2894 4770 7166 5235 4044 2551 6836 5609 860 3259 254 3072 6004 1998 4910 1526 3284 1834 1622 5473 975 2452 5966 5690 881 6172 2336 3612 2438 5663 7438 5331 2932 7104 1917 6975 2154 1252 3935 1865 4511 4188 4936 1866 6186 1198 3391 821 1883 5012 6294 2857 7463 4759 1047 7196 2282 3382 2159 4719 1544 2097 1401 4475 1700 2169 2802 2705 3421 6736 4569 431
3424 2005 2296 961 2054 4538 633 3936 902 6926 6793 7216 3037 339 5763 5318 2572 422 1389 4115 2518 1641 7441 4217 3810 1594 6921 6082 830 2841 6512 3105 3697 159 2917 5750 3548 3549 2186 4449 1827 330 3017 3715 7020 1279 384 2091 1700 624 6205 4217 1117 4997 7285 3778 6591 5557 2359 6272 898 222 728 4594 6732 2496 1696 2779 6044 2733 6080 6722 3062 1596 2936 2581 1726 2172 3523 3426 2795 1079 6494 3911 6075 5131 188 5165 3187 2546 2788
2936 1619 3515 6382 850 6010 577 3629 3406 2161 1060 1479 4074 1507 4415 5506 3232 5438 1528 5509 732 2606 3355 4643 1180 985 3682 5197 3023 5080 484 5959 6698 2851 4840 48 212 4268 2528 3617 5280 2439 5096 1853 3945 862 7358 6028 6299 1385 4037 5882 3990 6243 1876 4021 7227 5558 569 2749 3137 7405 59 1186 2755 3750 85 2966 6869 1464 5435 4648 3902 3030 6500 6698 2743 6357 5226 393 6593 614 6274 1934 6856 650 5955 5434 6207 6523 7034
695 5279 7093 732 533 2194 817 2351 1563 2280 285 6210 5034 2166 5210 3083 4908 2918 808 4152 2011 273 2925 3944 5980 3574 1250 2765 1132 6625 2299 678 4403 743 1410 3788 2936 2226 6138 4498 3357 5274 3208 7242 7439 7269 2825 3698 1538 2484 349 3548 2757 2125 6344 88 4551 6445 2853 5682 4421 4003 5212 1324 4745 6621 3963 6532 198 2600 2382 2406 6725 5589 2148 5515 4209 4972 1712 5746 6307 912 646 415 3036 5841 503 6438 4785 2207 3472
1706 6209 1183 1881 2305 6655 5843 188 6852 7294 2569 1757 5370 657 2756 3384 3717 6579 5095 815 5386 4858 1460 5800 6745 6152 5154 5683 3436 7360 1654 3993 4920 2836 4725 6076 1990 1919 6264 193 1712 1332 801 7081 841 2409 2964 4557 1487 6910 5371 5724 4267 5682 2876 2364 3185 529 546 6621 6741 1051 1965 4160 2738 5542 2736 4727 7460 1499 3771 524 1682 4571 104 2522 5831 1920 7079 7318 181 3801 4393 3300 835 7268 5663 4019 6649 5060 1991
4741 6110 2808 1400 1347 849 2987 4925 808 3337 1195 1331 5019 4617 287 40 1800 1058 5970 1617 1238 1123 4861 3389 1957 3481 1551 4827 2629 5462 6818 7369 4071 2125 120 5417 1825 1959 1693 2632 5295 1739 2815 1665 5208 1953 557 7007 3010 6526 7475 3099 6500 4835 6488 956 815 6890 5783 2295 4852 3952 2163 274 4928 1135 5691 5604 3093 6235 735 7239 474 2401 256 5681 4353 812 5187 6214 6189 4013 1813 5189 1347 7152 4996 1014 5393 2130 3308
2744 4933 4323 3018 2360 5457 60 463 7401 6294 50 5991 5619 1302 6246 2651 4507 5909 6689 3220 4598 3201 3884 1138 4548 2387 6133 5561 280 763 1368 1875 4547 5690 3744 6907 2498 2655 6221 2398 301 5122 889 5919 6424 5986 1070 3430 4395 258 5501 344 3459 1885 1481 6858 4271 6465 4918 3402 6079 5137 5277 3126 2179 1520 1384 3528 4175 6456 5926 4475 4078 5666 1745 1853 3003 2814 4134 7397 1924 2134 6592 4234 2870 6924 3591 5993 5889 7360 1894
3319 3848 6022 6444 6026 6394 6679 2054 1920 5635 6831 5246 2212 3848 6990 2916 6850 1156 7049 5599 3079 534 4690 7312 3404 4114 2254 748 1354 2113 1493 4672 5960 15 2468 3338 6408 1646 5391 7179 7280 3573 4924 843 7420 4413 3758 6769 4420 2158 4867 6350 2692 909 6161 4947 5022 7266 5694 5227 1878 7186 2398 6690 6052 3717 2527 3811 5363 6769 3489 3994 2841 912 3689 1612 4177 6298 7232 7448 956 3451 6298 2499 4359 3810 7445 732 3576 4490 5958
5453 3027 855 3494 1579 4572 6020 5389 1286 4140 230 4131 5832 7493 319 7443 3021 6617 6027 2969 72 1977 1766 2570 6335 5575 1366 7066 1650 5855 5523 5955 1381 5229 800 1811 1152 6820 6052 2437 2311 5133 6568 643 5125 5738 6937 646 4854 5463 3614 3777 7439 4231 5198 5125 2305 6563 4690 2807 3769 1564 113 4002 6793 912 5812 444 6583 3215 1733 1394 847 7152 888 4824 5389 324 5469 2743 5787 434 6519 4577 3516 3069 2202 5820 2131 5743 7478
4752 7307 6442 1253 5451 7354 5916 4746 5288 483 6478 5533 1329 6129 6420 6152 2870 6744 2972 5612 3882 2257 3482 7310 5772 6550 863 2944 33 6606 2921 4784 5264 1863 4888 3214 568 2155 459 5855 2637 5789 3888 2818 3269 1659 1469 6138 7254 3293 3101 3635 4401 5435 2297 2673 3336 3159 5616 3368 1116 7388 7003 6379 602 3242 944 21 5397 1403 4728 533 6043 7467 3350 1811 1625 3671 6801 1379 5815 2401 3865 2715 335 6161 5387 3671 672 2354 5890
1787 2242 4245 666 1695 7486 1609 1716 5382 1863 5295 4767 405 5261 616 1068 6885 3138 368 7115 1452 2768 3480 4167 1955 992 905 4477 1663 3259 1718 3450 4352 5962 2967 6046 4800 4575 6613 1533 5290 4407 6299 5694 2167 5767 5613 404 1404 5980 18 2856 100 2349 5874 906 3341 6778 5382 5003 1388 5951 952 5739 3265 2770 3137 564 7345 1101 2096 3986 5508 7247 1031 6526 5513 6644 5781 5768 5123 4651 7475 4074 6999 5848 4979 2839 3978 1712 6694
5365 163 6497 3604 3427 1767 5592 2842 463 6692 4937 4448 3551 3535 5478 1429 1547 3473 7209 6167 1096 4359 6141 4021 2710 3341 1500 4400 7318 3211 3593 4034 3373 2590 6489 5651 4356 4580 992 4818 3772 4781 617 6174 815 6094 102 1214 919 7311 7380 866 3021 4872 4886 4582 712 6385 1482 6881 948 5074 3415 3172 6515 2403 1323 2222 5835 1166 5891 2106 5946 6507 779 5613 3953 7233 6826 4871 7043 5557 5736 1415 2928 3121 5997 2492 858 6330 1872
1805 3903 4138 3828 1770 6541 5150 3991 4875 5168 2382 5832 3613 240 5462 1725 4192 5194 7402 414 3588 5458 6149 3855 7238 622 1203 2229 1479 32 4100 2135 2786 738 5962 4555 6130 2464 1046 2356 131 2279 7039 2595 2518 3852 3172 5562 1546 3073 5975 3985 7383 4624 6691 7120 5245 393 1848 5575 424 5947 6561 3210 5536 5022 264 4165 6337 161 6520 6467 1291 4910 414 2661 1262 3585 722 1659 5509 6696 5643 5391 2671 3686 5010 6767 4078 6857 4841
4502 4156 2753 6563 1043 275 6826 5208 5463 5839 3079 3282 5981 489 3695 1141 602 7279 1862 2260 5287 7410 6754 2030 2580 2939 7039 1847 7017 5248 5539 2870 755 792 1932 1797 7418 109 5856 4232 5947 287 13 3280 7127 3707 4420 228 2337 5134 2487 124 5043 592 2153 6474 3531 543 7172 1899 4642 4063 4768 5396 4854 6699 6045 3623 6807 4400 354 4106 4686 367 6237 3164 2925 3156 3391 5262 7141 5877 5385 3535 5321 6389 2509 1351 5783 2180 3249
2925 6242 6868 7172 2447 6066 4568 4921 4224 320 4127 7181 3857 4493 5917 7021 6269 425 2911 4030 65 140 766 3600 5460 6006 4960 5662 4289 7139 262 6065 4733 7129 4588 6031 4546 1656 3452 121 827 78 7302 4683 3422 4570 4203 2190 4994 5966 5072 3911 6105 5837 10 2916 4343 4969 1077 1131 3459 1338 6047 691 966 3134 6722 4363 3641 1525 4483 4467 1602 4284 502 3875 1354 4704 4916 5199 3169 2487 1609 625 824 1618 2392 5166 5438 3468 5148
249 3657 2546 939 4622 5679 6512 1484 672 6888 5967 3990 7341 1602 4491 3715 1807 1695 7483 7006 3715 2469 1114 3192 3292 1584 5583 7309 5873 403 3808 6121 4059 6353 5912 33 3384 3775 368 2907 3163 5186 6896 1855 6788 3887 5570 7446 4433 4404 6951 6999 6872 6917 2690 1516 7352 7125 176 4576 27 3984 2049 2937 1688 460 2969 3923 3086 3337 6829 5100 1022 6225 6955 6661 1463 3876 6607 5895 779 4909 5393 6502 3177 6935 517 3028 6559 693 6456
5437 3528 1004 873 5215 315 2694 1638 3400 6030 966 7352 7051 6042 5658 5064 4 2033 4170 4750 1663 1578 2643 664 4755 929 33 6634 6339 725 5589 3127 3104 5444 3999 818 5758 6692 1307 510 4073 1125 6713 2476 7166 4870 39 6022 5754 4208 3271 6268 4637 4765 6931 743 5693 5815 6229 3383 5391 3169 6509 994 1113 3008 664 5722 1051 1970 5083 3976 3094 4295 6451 1612 1664 6489 133 6269 2048 3403 5036 5536 7020 3319 5131 5212 1633 3859 1095
7024 7027 6455 6869 6991 1962 32 5213 1865 2002 2795 5840 5095 5942 3642 6706 105 1482 5690 6374 2381 445 3909 416 7464 7227 4398 4027 212 756 3973 6087 6635 2928 5455 6125 3741 5487 2689 4457 7488 4336 1648 3934 2777 5289 3140 1733 6770 181 6958 1650 625 2219 918 588 797 5315 4615 1008 4923 1087 7094 4057 2866 5049 1533 6607 3035 4222 3563 1874 1057 5211 5807 2685 1851 298 4417 1121 479 3875 1622 1103 6093 1391 543 6889 5558 5157 397
2980 5095 6342 7036 461 2742 7420 7067 5776 4141 1981 6501 4049 7191 4808 6733 1542 3957 2502 1514 4435 6376 1987 4390 3820 3378 4932 3208 287 1440 2456 3266 6534 150 1653 5846 2891 1572 4264 19 4565 6245 6519 7465 4787 2678 5550 5180 6635 551 5545 2421 5778 32 6810 2097 2261 3093 4156 2547 4532 5464 4664 2418 5613 6316 763 1003 6739 5027 1021 2655 2623 6392 2620 7409 1569 669 5089 703 1219 3133 3124 6996 2016 1285 1592 3128 3230 4599 5674
261 2562 1689 1530 674 504 2293 529 6095 6171 1549 1249 1293 440 3868 1201 861 3388 5141 1563 4606 7126 3538 2953 1641 3675 3396 4769 6904 495 1794 6016 3056 3483 46 2582 2838 1190 3110 284 7360 3510 1533 1152 2802 4252 1204 3662 6492 6345 5224 2449 5970 114 5402 6462 2640 149 2582 2043 643 3228 6910 2551 5562 5807 5132 899 6996 7093 1183 6855 3102 1567 6858 5903 4670 562 2064 3661 5758 6140 6110 3079 5105 2863 892 244 3011 3474 1138
2506 5553 547 5056 3614 6354 1539 4512 4701 1131 4546 2908 3084 4964 2265 1487 986 2826 2402 4646 7435 7393 2107 3013 4997 4969 3905 5240 6832 6230 5229 1837 4282 5776 5744 395 3481 7282 3758 681 7264 7156 3588 2847 4619 4705 4333 5604 6382 5587 1602 6317 5479 2560 681 2976 6381 4585 7067 5712 2166 4796 6400 6447 1923 4643 5693 5403 4424 1951 4935 4187 1606 7375 7033 5076 4579 2718 3180 2312 7156 3633 1128 5134 6192 1809 6961 3924 5245 5380 2135
7411 2675 1034 6357 3449 5676 4550 203 1451 5352 5137 5637 6957 3863 4022 4532 7293 5591 6563 2105 4098 1547 2084 1731 6591 3892 44 3014 489 5423 4001 399 6949 5034 5607 2897 2062 1508 3099 3512 6859 7087 501 5167 2302 3374 1051 2094 316 6465 3050 4413 512 5134 4995 7102 377 5038 1467 865 1812 5467 115 1260 1853 5722 4156 3914 6081 6106 6277 4292 5693 5629 1958 494 354 1860 1439 669 825 4489 3933 188 2122 1428 6141 1350 5317 107 2215

28 9  2329
37 39  6902
51 46  5483
43 1  2274
21 7  3083
31 34  4943
68 35  4619
62 0  3658
76 77  1150
73 13  108
23 4  4533
75 41  3310
80 1  4852
61 45  5171
71 66  2470
45 61  122
85 1  4795
51 63  4753
31 48  6137
14 30  4190
81 17  723
30 1  4496
54 44  2367
51 15  1591
85 17  7284
18 56  5906
19 57  6850
45 58  3951
2 8  1053
32 9  6911
12 67  5
13 76  5056
21 87  5163
36 14  2940
48 62  2038
15 43  110
29 25  1828
4 70  1946
63 35  7052
46 31  200
73 43  1571
39 20  5140
22 41  3576
57 40  4751
12 88  3988
76 66  5299
14 5  3224
26 63  3475
42 89  4309
29 44  2477
59 16  77
79 28  1026
83 0  7137
32 40  1187