85 50 50

4497 6656 5017 1272 2094 7027 5675 1879 374 477 4921 1359 1266 760 2349 5424 2214 6840 1600 2160 6680 1686 77 4097 1074 3821 4698 6527 2984 2141 477 6333 1296 5493 104 2242 3871 4630 2972 3096 5107 393 3306 5224 4 5655 3148 2218 4994 4747 3229 3025 5284 3306 5974 6358 5978 3171 5384 313 4163 4712 6645 5458 1557 5601 6551 4279 2730 2023 7375 6688 1267 2032 4412 1270 186 6411 2339 4032 2509 5568 7056 292 225

5529 6649 5054 51 3385 5366 4213 6948 3363 1023 7356 1463 73 4135 3044 947 2861 2232 2213 4892 5495 2335 3930 4405 3525 461 6913 444 6368 6056 668 3249 5205 4573 2151 7441 1291 6364 6888 4653 6238 5596 4967 5162 1082 510 6109 3942 2741 821
185 7087 3155 2966 3991 6680 2278 2255 7123 1146 811 6643 3246 4867 2567 5396 4807 3857 3111 3046 7361 1848 1141 4827 7010 1074 5337 5618 5015 6929 5290 4052 6516 945 5869 3006 6476 647 4113 4950 644 4923 2944 3889 2289 4363 1784 5947 719 4895
1492 6932 5594 1485 4258 5103 2558 946 2072 6425 375 7362 1828 6890 7158 196 1247 4985 842 4211 1286 1485 1633 4230 5373 2773 7444 6009 1219 7014 2255 1563 6445 348 1899 2055 5451 3308 3000 22 1084 3374 6235 2911 1615 5892 1959 1714 3376 2800
5924 4662 3137 6409 243 7361 533 6538 4721 604 6051 6975 2166 4996 7323 2916 7050 4125 6223 2549 2998 7307 4775 1733 1569 5241 6476 3527 6954 1204 5179 4230 4717 815 3138 3811 7027 3670 2848 4248 4273 1398 3722 5290 5245 2396 7057 4794 5372 4632
6195 870 3290 2321 1454 4858 61 429 7237 7015 1632 4915 2596 6348 4581 5733 2658 4107 754 4357 7206 3879 5755 3428 520 3499 4675 6429 7145 2547 3560 5839 2268 6849 659 3721 3058 7071 3001 2794 5437 3485 208 532 1184 3640 5116 3842 247 4722
7050 7452 7452 5304 2231 6823 155 5758 5751 7299 7156 1810 4489 1923 10 3999 5643 1920 3569 7495 4713 1506 3479 3773 889 4663 7412 6005 7356 6510 2078 6905 5314 2029 4709 6396 1351 4863 4653 7102 3513 3160 263 501 5082 6625 4499 2076 1044 6919
2071 4608 924 5549 880 665 2711 7144 6669 2566 6153 1246 1971 2818 3274 5531 1714 3476 1745 5218 3077 5257 878 2192 4609 4811 1316 1607 6887 1211 7377 1457 5818 7153 7005 5550 317 2216 5193 6985 3633 2697 7082 5603 5515 1707 3633 6080 5182 4229
2649 7111 1985 3526 654 6593 7189 821 7051 6575 2031 6928 531 6700 6580 35 4749 5748 1102 2441 5232 4735 3990 3665 1689 2004 5371 4174 6935 1904 902 2083 366 1739 4461 1019 7183 4149 1839 6734 3223 2721 5013 2605 1921 2944 1491 6669 1191 2593
462 5274 6179 4451 290 367 5306 4512 4540 4740 5267 5442 6822 5633 6032 3782 5503 5714 6782 6194 4947 2504 1414 1311 5108 2186 3106 6599 207 3148 543 7020 7273 6721 3970 62 7087 627 4573 2979 5366 1192 7272 3539 6824 5803 6173 4826 4016 5454
2371 315 6810 3785 477 4417 4822 3583 2367 5028 5582 2909 4547 5355 981 7368 4268 568 494 193 2398 4711 1384 2169 7102 707 6823 5774 4384 3338 2579 6755 2504 1888 1891 2981 5157 6712 5415 23 3092 3496 1784 138 1350 2764 6358 4470 2183 6851
4662 4580 2914 6045 5600 1367 5603 4922 7140 1338 7112 1070 6944 2115 2958 1334 5095 614 6898 3009 6988 1341 6505 1271 1478 6706 4035 335 2527 6217 6038 7188 2149 303 4584 248 1669 2686 4022 160 4024 3633 1229 2319 4599 3038 2505 2194 3651 1902
4054 1991 3242 1910 3261 3571 7468 6147 2758 2494 4864 147 2182 5864 449 6765 4963 2117 803 1484 1128 3678 3968 2356 5996 1067 5394 1000 2112 396 2901 5017 2386 4994 6927 5647 7417 6894 3145 1526 739 508 1672 1772 5223 972 1037 2686 1940 691
4169 3067 4368 6989 5422 2863 6907 2167 3863 1518 2563 5615 5386 3800 1961 4812 798 1877 3057 3943 2254 3796 3302 3925 5567 1025 3748 5455 3710 5687 6145 6730 1253 3012 5070 6674 4727 4476 193 1089 4845 2755 6703 2731 5406 1163 42 6204 1891 1951
2646 2996 4598 5947 6920 1516 5823 2019 6971 2032 205 4467 114 1457 6331 5183 6983 3557 1011 7175 3497 5855 1281 2699 1085 6686 2714 7479 4241 3456 1929 5738 6452 5378 3037 4723 6893 1359 6742 5215 2243 6946 1034 2356 7255 7364 6390 6737 2272 7400
6411 5768 5755 6543 7318 5691 4580 2531 5669 1321 4839 6449 7058 3790 4326 2594 1012 3719 2805 6605 285 5047 4903 1318 6254 4657 1181 5143 3893 2304 5043 1655 571 2149 697 389 339 5276 1771 4860 5448 6609 3808 5006 1750 6986 6451 1614 3204 1755
718 2340 6801 5620 3658 5554 2776 3690 2049 5520 5994 7091 7174 5416 591 370 5804 7281 4498 6427 4640 2445 4387 948 6302 6137 433 5253 250 2488 7007 7319 3679 5160 5439 7336 3213 7066 3526 4113 5086 871 3703 4759 6286 3145 3981 4590 2926 7330
2368 65 2274 6754 7364 1076 5390 6648 5180 4491 487 3538 4310 4166 1197 1100 4001 3262 665 6378 7374 4602 7248 2429 1861 6034 5573 4693 1975 7350 4522 4342 6267 5647 2447 6130 5574 337 4130 3253 3679 4616 6791 488 133 6839 1587 2986 2600 1104
1863 1326 5705 463 3754 6417 6496 678 3609 7322 528 6982 4163 5646 5129 5461 4275 2054 4649 904 5307 828 4372 3449 1315 4504 2787 1754 7489 4239 2857 704 5564 1061 1166 669 7478 161 198 2438 6334 7077 1920 1848 5222 5900 7308 1997 453 4457
1752 5759 5284 4975 559 5450 831 2198 6055 819 6436 1411 374 3351 1324 1539 4019 1301 551 3068 3738 6884 2645 4509 1231 366 2908 1039 1214 3361 4347 2966 471 982 6792 1030 5283 122 3227 3838 941 1014 5248 166 4364 6571 1705 7234 6723 2255
2801 1813 491 4297 6321 573 4663 581 1611 5876 3941 4809 1341 4411 5790 6985 4292 3573 7106 6370 7410 6898 7383 4009 7064 3098 1932 1268 1683 1154 2374 3336 1818 1716 132 6991 2289 4794 71 2751 2022 4011 60 2214 7273 5849 1698 2917 773 1304
1786 7034 701 521 3543 264 2470 5474 383 3005 5479 1609 6340 7297 3324 5323 5639 4464 1469 5709 7215 3490 1071 7274 5703 7195 4474 7401 2611 4099 56 3249 3632 756 3769 7174 7372 5090 3999 6606 594 830 714 5785 6978 2890 3608 5116 7353 3928
3324 5919 7417 3246 5692 4471 2940 1518 4371 4403 5616 4426 151 1747 4034 2771 273 2757 360 3123 1862 7306 3952 1428 5590 3429 3169 549 7396 3021 4476 3219 292 3244 5316 5983 215 756 6352 3437 5158 4467 6715 5308 5066 3248 6930 4190 4856 7289
7312 6717 5946 2616 644 2888 4896 3812 3436 4792 5685 6764 6862 5976 1359 4678 3310 1573 5433 1014 3862 3090 5480 3076 7249 1897 5175 6678 4938 2530 5318 3602 598 2616 6217 1242 5503 3612 3905 290 7255 941 7053 6617 5768 7264 3794 1578 1336 1726
1443 4049 3667 5774 5976 2267 171 3650 296 3960 5031 4465 61 5629 7080 5129 5722 3934 1241 978 4224 7347 1919 2628 6463 186 2391 2756 615 2579 3333 2057 6627 6999 331 3955 617 6853 104 7264 3312 3987 4229 2225 967 2660 7353 6688 6594 7445
165 2169 7292 935 4796 6254 7473 6039 1510 587 1117 3694 1496 6595 2045 678 3049 2661 30 2005 2425 2193 5991 5505 3269 5809 664 3122 4996 6109 3066 4012 777 2857 3799 5573 463 3771 4111 824 3209 4079 4517 4704 3173 6561 4233 5074 574 3114
7078 2998 5307 4420 1002 1075 2728 517 3048 6575 6626 4966 1938 7402 322 5736 4326 7136 2006 936 459 4067 3866 3828 122 7039 1740 4355 3464 2313 7468 3041 4162 4126 6312 4015 4053 1539 4532 7100 6965 3657 4565 1402 2410 3739 5990 6736 2226 6847
6523 1537 3413 2889 5364 3535 1279 7103 389 4742 768 356 6634 4929 3334 5445 1444 7386 5835 5975 5837 5299 983 2902 5552 3392 5492 4041 1479 217 3388 6854 1753 5652 1094 5968 1686 1224 5571 926 5965 6338 134 3950 2618 3467 746 4061 2204 6580
1387 540 3230 2369 2293 1281 4613 284 4174 4943 6853 6413 4296 1105 4564 4241 7073 5102 5464 3995 6027 2780 1684 5012 6729 4301 7330 7474 7214 2033 5405 1100 2573 1134 2321 4865 1267 6933 4001 5440 3227 3353 3204 6375 3309 267 3115 1733 4220 1079
5727 1599 3858 6262 6610 3087 1915 6440 1912 1628 7324 7317 1579 2396 7302 3899 6113 7420 2183 2613 4211 5410 4817 7414 4284 625 6533 6250 2358 3252 7328 6936 3702 3686 4550 2812 5624 6464 603 6387 6943 426 5055 1021 1674 4857 4920 286 4776 7102
1750 1487 3863 6566 252 6998 6042 6784 5748 899 1388 5575 6687 5089 612 3736 6752 6235 2699 7354 3974 2141 6632 1528 3161 7157 6384 6932 7442 2512 6534 543 2850 1748 5960 3101 1246 4501 1237 6993 5400 2624 3919 3438 6564 4531 7173 5816 2117 1223
4521 6090 3363 3652 118 5375 3308 5353 3659 2101 6716 1544 2643 2065 3291 7454 4018 4536 4455 4106 2880 1206 6729 6799 4643 5792 2681 4315 2959 3649 5537 7480 2239 251 2483 1208 4477 5791 5412 635 6743 4628 2178 738 5544 5469 691 913 1356 5145
5018 3088 6350 3098 1238 2344 242 3918 6658 3200 66 3546 2031 1156 2648 4514 1215 7125 1656 5479 6611 898 2606 1289 487 7001 5609 1178 6766 5816 5174 4283 1403 2876 6233 2640 5219 5326 5409 3229 1025 4327 6774 1908 5482 774 6421 5549 398 576
3527 5860 325 4984 7148 812 3336 4108 841 2601 1276 4866 5736 2678 241 4468 4170 4312 2293 2078 40 2169 6404 5665 4076 3238 5290 1848 1286 5687 1275 3664 4047 1600 1147 2546 1263 3334 5506 955 5935 6781 5820 4170 1958 4913 1137 4979 576 2281
7057 615 3301 4812 5131 6229 549 2921 576 686 7459 1851 4349 2857 2302 4347 4255 3564 181 2260 3370 6115 392 541 1636 1201 5453 1624 6180 6028 3904 5736 5494 6056 3047 1977 4784 2448 3749 5360 3133 2559 6062 6334 5416 863 3180 1022 3278 2212
2133 5499 7178 2524 6039 1313 3724 3992 2936 2403 1371 5691 6990 6865 4247 1389 193 1530 3836 3941 5741 5820 5351 4302 4653 2118 4016 6685 3139 6145 1396 5271 4143 1074 294 2682 1238 2870 5525 4174 4124 6895 1216 3614 5111 5462 3854 4155 6992 6541
595 4084 4860 4798 7238 865 6915 3753 49 2554 1250 296 6676 5392 221 5822 6925 1459 1191 3801 4484 4166 3196 5699 279 7158 3661 2984 3813 2004 2024 3259 6087 5736 556 5824 6600 7471 929 5500 1376 2178 5795 551 6421 6016 5224 4698 6326 6414
998 2161 3080 3045 359 2210 1555 2871 4046 5367 4874 4921 7477 2313 3156 533 6988 1107 6855 416 5458 7082 1445 2605 132 6718 7472 5356 3915 6297 3121 3764 957 5052 5661 167 6114 7215 3038 2659 3933 6763 6431 3909 1575 939 3293 1063 897 2647
330 6355 2228 627 1459 1212 7344 1430 5419 2610 6578 7391 5225 34 3795 3385 200 2408 3099 2089 3918 7031 1352 1700 2292 2926 2638 5584 2840 3535 7083 2022 2389 662 2648 2699 725 2491 2980 4995 3952 2057 4886 1676 2090 32 5061 1141 1291 7011
3230 5208 5394 3433 5759 6537 5210 897 4620 550 4431 4202 1423 5671 3716 4070 7221 4440 5412 2700 1935 1863 4756 5672 2390 5697 5703 6302 5689 6993 5813 270 3552 2558 3702 1810 1594 1412 2706 5065 813 5988 619 2235 3010 4334 6304 2730 1273 4215
5429 3207 4929 1536 1378 7318 7232 7080 6120 4273 5424 3284 4542 1475 4693 744 3285 5138 1007 4842 2702 1819 3330 3320 4053 6339 153 1708 421 278 4774 5849 3484 1054 6237 3714 871 4820 2145 5842 1592 69 1625 6134 395 5169 6877 3679 2806 6735
1021 5508 1053 3202 179 3957 892 332 5664 1312 609 1789 6013 2944 2842 4749 5509 2564 2068 154 906 3660 6574 1382 1145 6968 6551 6873 1999 1856 6107 1871 6215 7159 3924 6394 2467 4815 6725 630 4979 6185 1270 3491 480 4111 7091 5989 6674 1658
4994 6431 4169 2919 313 5313 1238 6863 4685 3236 70 2143 3958 6285 653 381 4030 3119 5196 2106 2600 2674 790 3869 5016 121 6831 4606 4961 4857 5115 2454 3787 1784 5372 4099 5948 5462 2313 1985 1197 1235 4127 5155 6371 4780 4387 2900 6750 2082
5005 1850 3607 4646 5718 1122 4766 5049 5727 2227 1257 2194 3532 5043 3977 256 494 1276 5717 1658 2112 6913 2892 6239 3419 1762 2370 306 4661 1619 1239 1017 2320 4846 5662 538 4819 2928 4438 1898 5154 5694 4091 1185 2088 6919 292 2581 694 6008
4239 2806 5421 5982 396 191 6596 1617 6848 2608 2087 587 3625 4407 4284 1786 3796 1602 4713 733 3499 1218 5278 89 1255 6217 5859 1546 1298 6553 54 4388 710 4326 1721 1105 3368 816 1573 2716 3424 3659 2154 7048 6917 6437 185 3212 538 4898
2796 2889 4967 6925 1829 5073 5642 188 5471 5791 6740 4376 2678 6301 53 4398 6257 3420 4066 329 4987 7489 2839 7140 5888 2256 6076 6072 4319 5466 2321 7115 854 6140 5391 2682 3712 3532 2869 534 1822 960 4909 3351 6112 4961 6601 4868 7233 3166
5196 4719 2006 6887 3211 393 1642 1786 5316 5960 6103 137 4426 6956 6276 1169 990 1339 4700 2710 1873 5374 3670 6781 76 2281 3094 6676 6001 1678 1193 3696 5248 3198 3082 958 2442 3575 1596 258 887 198 6746 4164 6006 5521 5332 6995 5711 1384
2204 83 6757 4725 5716 6832 5858 161 4860 4358 1838 6052 6905 7085 602 2487 6895 1895 4913 990 1004 5799 39 249 1315 6044 4621 6646 5538 2832 529 6594 1766 7285 3818 7481 5469 2175 141 1680 5384 830 231 4789 6767 7184 6127 6161 1579 3539
6002 1434 690 6040 1683 2004 4584 6303 1149 1473 486 530 566 2252 6666 3236 2232 4634 4262 1225 5165 2146 906 5396 6934 172 3931 4412 5184 4361 6802 3685 5795 7491 1077 6329 846 5660 5131 847 5984 5617 1376 5402 6720 541 7489 303 4027 4250
1527 1691 5247 1285 5938 4680 308 1221 443 5492 5581 7245 1676 2727 7235 2752 1555 6933 7263 5538 279 4599 2506 1654 1352 1725 1046 1340 2027 3924 5589 2406 5615 3336 2542 2904 6867 2849 4124 6162 840 1057 5906 1368 2635 4492 2971 3042 3924 1586
1079 4202 5036 2436 4707 6387 3012 5753 226 3890 2176 4666 5147 6642 6853 188 2046 5072 3037 5021 3733 2728 4929 2138 4095 6416 5481 5918 1957 1905 6355 1887 6106 3890 3174 3313 2776 6185 417 1853 2574 2592 5370 221 586 3575 408 1483 1146 2296
5355 3730 5024 1636 5867 470 551 2699 5239 1359 4603 4093 3245 2061 482 5270 4225 2109 3954 4641 2813 5379 6084 7035 4451 6669 3109 3711 7003 4254 6006 4858 483 2381 6493 5201 2851 7043 6751 6941 7253 3854 3534 2997 5914 2867 7118 2638 4976 3571
6130 6640 301 4713 6174 4752 2734 1782 962 2236 4887 6967 5945 4221 700 4937 773 2402 3331 24 1842 3083 2729 5375 4931 1142 742 4548 2631 4569 6970 112 2560 7271 4824 1234 3374 6409 1867 4335 7497 6754 2653 4793 2326 3352 2230 3099 5753 4412
1974 6447 7495 4702 4321 3777 4695 3914 7177 7325 7334 6646 7436 2394 5268 3611 2479 7493 1372 4345 4327 220 3598 5832 5012 4776 535 6093 374 5140 3005 1199 4086 1851 5900 7258 5627 3094 2524 4155 1770 1209 2153 557 3602 6272 3019 6080 6265 3242
2925 1943 3461 5374 274 973 2649 7161 5917 1874 4800 1421 3072 237 2123 323 7494 250 2268 1369 3256 2889 2578 5408 3445 6179 4180 5316 3611 2944 1057 5387 3738 4518 2112 2864 4342 3613 2524 1610 5486 7323 3031 7410 6411 5153 6584 6404 4254 1352
273 6362 4240 1702 4269 6537 6732 7300 4352 2842 1595 5408 7080 5333 1277 1692 696 4470 5304 3219 6080 2141 1893 462 902 803 5614 7486 6058 1220 189 5182 81 4428 6883 3201 3464 6115 3001 6667 308 4595 4575 6240 1279 4703 6783 1974 1673 3438
4044 6604 4430 4788 7065 5332 5590 4030 4169 3000 4101 4357 681 3033 136 6416 6234 3600 3882 1734 1618 3041 5180 5044 1780 6459 2247 7414 7284 2771 3351 3828 1874 281 1115 290 4464 5557 3171 1132 1056 7272 5488 588 2804 5623 5855 389 574 2236
974 2192 4129 6154 6087 4760 3964 833 4674 3747 2455 524 74 3180 7156 41 3469 4119 4449 6640 4102 5504 5263 941 4943 566 5416 3298 7307 5989 4385 780 7032 1013 6933 5619 5773 2248 5303 2946 5995 258 2321 4920 2289 829 3812 5758 4947 760
3749 401 5115 1511 1341 2558 928 6756 4707 7086 4097 1591 366 2480 2604 6150 6950 7228 898 4753 2673 5744 3862 3845 3163 6150 4673 5827 3259 972 6586 5859 1372 4201 6221 1564 5610 6001 820 2816 5586 3768 4406 5951 6247 5861 4601 5697 5588 4350
1801 7112 2593 4514 3457 4607 3163 6981 2933 5274 452 2019 2484 675 5071 1205 2239 3180 7205 1910 4847 4142 5677 1752 2593 4423 6465 6045 2619 3404 2894 3271 1868 4338 284 5324 1444 2299 3656 3229 72 4108 4099 1407 4782 1669 2611 5872 3700 1167
281 1046 5309 5957 1649 6753 1732 6965 5297 3202 2869 7042 6473 4736 3879 6756 1411 4174 1554 5066 7402 477 525 4000 1884 4159 4520 3346 2530 719 3365 1663 1764 1173 119 2265 425 1850 1729 4573 3904 4597 4114 2876 684 6844 2131 2094 3517 2537
6012 2271 1865 6536 6270 2600 3194 2142 5946 4576 2860 1810 6238 3476 1834 5208 4592 1110 7058 6320 5682 3461 2269 1147 5188 2952 490 6170 3898 2858 1206 2409 5128 3071 296 2750 5670 3490 4891 2967 565 6602 3628 5654 2577 5461 3361 6020 6570 1770
4840 3603 4082 7108 3601 1769 1411 4090 439 5308 5800 496 6568 2279 3566 6864 5028 588 1705 1270 2406 1121 372 6034 6774 1800 2846 2634 320 768 4404 5159 4370 985 3618 471 2754 3880 3412 2044 1688 563 2539 7107 2842 4957 6470 369 4396 674
491 6801 1794 862 4186 7419 2661 7032 2553 1832 299 6956 5842 4668 6792 811 3990 897 4691 6254 2940 5230 5668 4331 4836 1009 1787 2658 230 6182 3331 720 4334 3977 433 1020 3895 1945 551 5299 3777 849 4754 2118 4368 2898 2929 7210 3794 119
4815 5586 5348 2982 2416 1535 3991 3054 4192 3072 587 6375 3791 3772 1703 4223 4791 5597 6167 4193 2248 1295 3893 5853 2265 7113 1250 5193 6822 3896 4163 2988 1981 862 5969 3248 2396 1311 5153 5440 3234 5739 4314 7024 2010 6016 2598 5653 2964 117
2345 5211 263 6238 3564 2527 5850 3665 219 4023 60 3233 7010 892 2946 4330 2991 5342 4493 643 2133 226 5233 6446 6102 6095 3813 1199 4247 5628 167 6591 2191 430 4180 4606 1808 1381 770 879 5403 7182 4111 3764 573 7057 594 3564 3750 5086
3058 5882 5311 791 3679 3912 6885 6343 3963 3631 4470 2981 1573 6660 2262 4605 3765 4070 5985 3387 4948 2740 3068 410 6503 2492 7466 5948 4907 2567 2385 465 948 196 107 3478 2959 6991 2320 5773 1973 6790 1254 2397 4801 2367 5853 7418 6436 3190
2156 2735 5929 4075 3145 3783 6566 3110 2231 2825 5677 4615 2141 5476 3662 1099 1454 5473 589 2625 3745 1413 766 3850 2661 5567 5069 7366 4336 4004 3055 6491 6739 335 3065 1235 4117 982 4344 5199 2658 1372 2314 4798 5700 4827 5896 6005 1651 5336
1129 5396 5600 1895 597 7113 6313 5665 6978 3148 1021 1384 2138 6611 1718 4054 345 5834 5035 3540 3533 193 3764 4698 3842 1963 876 1090 467 2527 5277 447 6774 3377 2341 7370 1841 1153 4387 170 3152 5407 1553 4141 3369 3270 694 3713 455 4581
6104 2839 3625 2367 6388 7466 4329 7264 7407 3647 1142 5184 4094 415 7412 6434 6636 1752 6439 2374 1921 2090 6632 3473 6231 2500 5594 5776 5064 6048 2856 3668 1387 6480 6034 274 6446 1715 6389 5204 5361 30 2887 1954 444 2798 7240 5932 4549 5030
805 6469 5971 7437 1293 3553 2436 6886 1829 6352 4286 4684 2519 5672 2516 1052 4797 313 2766 3686 5516 6979 2567 903 284 1863 3700 6375 294 7101 3904 7450 6069 2375 7386 6214 5927 1174 4451 6607 25 1236 3791 1395 6907 5158 2446 3056 5470 4064
5593 3485 2394 7011 4387 2677 1373 587 1552 518 187 4307 468 5107 6681 6705 2672 3960 6730 7123 1918 5606 858 4560 7000 6617 2217 798 1024 186 3713 6616 3671 4958 6126 557 134 6351 7495 537 6868 6533 4844 6187 2992 2876 4244 5663 5687 2325
5285 105 431 4995 4664 6282 2963 6881 5931 3986 7066 995 1953 2088 5952 578 2645 4938 5780 1491 5474 5148 524 1669 2686 2367 4545 5781 529 2731 606 4666 1687 7388 1012 6351 6169 3974 4583 3452 459 4148 3298 2411 6236 1750 1840 232 6687 6472
574 3512 4119 1097 5181 5656 3463 1077 3937 2844 3807 4542 6361 5494 3281 7372 3196 801 3845 278 4252 3155 3277 50 4417 864 651 5108 7447 6189 4079 521 2200 697 469 6232 5205 2784 7308 493 5627 2467 5034 4487 460 7166 4358 2507 466 7054
1636 4718 2708 4912 3619 7124 5776 4269 4731 4574 1809 162 5094 4008 858 5563 1592 4914 846 1399 5406 5324 3865 1791 1162 3176 1456 5519 4534 1922 3924 6169 5491 5483 3581 1609 3958 708 4729 40 5281 6537 201 1727 1896 7411 7289 3487 4824 6986
3738 1582 4809 6454 3372 5970 2130 3680 2840 5515 4453 6763 4184 2443 3597 264 2903 54 7323 131 93 3955 5519 294 5681 6266 204 4321 1105 3879 3806 4842 4312 1114 2647 6536 5935 4776 2715 1274 1643 7167 6888 5826 961 2984 4941 3863 3037 4763
2845 1982 69 7215 1127 5750 5980 182 2570 7084 4060 5228 3277 872 6341 5924 7407 3628 2051 1473 4901 3693 7491 3141 870 951 6124 5810 3665 513 1924 6509 2494 1993 5075 2472 6594 3554 2653 515 1990 5564 5742 4118 5287 3435 1393 4045 7062 2296
5517 3314 4840 5507 6454 5710 5309 3930 4019 1473 4442 5943 6833 5787 6787 4407 758 5880 6813 3410 5246 154 1473 3488 3123 6760 5774 4516 3304 4187 6811 173 7500 4150 4531 5306 1211 1192 1735 5230 1516 6176 2524 849 3314 1810 4107 4071 6541 2271
6332 4286 2424 6656 6625 4399 4767 4898 1414 571 1584 7076 7095 436 2577 4125 5741 3788 4168 7475 369 5684 5002 2892 6532 815 3553 1990 3737 2593 3113 2568 5730 4388 1723 4855 1286 6490 2252 2699 5912 2688 1126 4358 3123 3703 982 1363 7490 4002
1337 358 2185 6338 2101 68 6004 5653 2057 2240 7097 4021 4807 5326 909 5381 2680 2194 3222 4932 3745 1633 119 4870 5990 3241 1072 5824 3455 7413 2325 4791 6622 4509 2480 1222 4576 983 5726 5484 2074 5322 2005 5732 3148 1765 3612 5827 3958 6834
2110 202 7318 1080 5072 4660 4320 4995 1835 6626 4908 4159 3916 2881 19 5247 2955 3446 5081 1180 281 7154 6502 1137 5385 2149 2901 349 6827 5711 6034 1437 5912 4703 2516 2335 1862 5688 7330 3696 4813 3589 6706 81 5321 5576 5327 775 373 1760
1955 654 1413 7308 642 5650 1956 3543 5998 134 1753 3383 1570 6516 585 2938 1351 1299 7477 32 4994 4789 2472 3052 3721 6644 7479 400 7419 352 2159 1873 1005 2423 1680 498 572 2487 4040 5421 2620 4644 1303 3042 2512 740 4831 3862 2038 4807
2745 5883 947 4068 1434 4668 3211 1413 5067 1981 616 6077 2705 472 999 4384 969 1571 5722 3861 5843 7194 1004 5998 1587 3515 6737 6417 6228 126 2575 324 6008 3521 3243 6294 688 5306 6558 4606 7286 7173 3182 2491 144 4181 5726 7464 4603 2800
3824 2945 2493 4828 294 2931 7194 5882 699 4774 6007 3273 3949 3367 5645 7192 2160 5185 4997 69 2290 3634 6093 4324 6124 6236 7356 4350 6199 4458 6001 1375 6254 7345 6202 5400 2775 4747 3781 3473 872 2288 5597 4821 5654 3741 4512 6665 1425 860
6733 2567 4493 5325 6890 3117 2912 5597 6318 462 1406 3670 1836 159 3514 6889 4410 6288 2988 691 1112 3859 2978 6708 1179 7483 1800 4542 6647 2077 5401 4731 4643 2394 1407 2884 4362 3170 7332 2031 3631 1237 5700 4319 247 1713 2559 4657 6852 5546
5347 463 1905 7176 6022 1935 7158 6673 6477 5156 1249 4377 1238 4743 5622 2644 6478 1335 5813 6309 2217 795 45 416 3965 292 980 6524 4948 331 4569 2794 7145 5325 2469 4518 6112 978 3691 5088 4985 4939 816 6222 1034 5290 217 11 6624 6029

19 40  5675
15 7  2140
6 39  1163
5 21  4583
48 16  1260
18 33  7371
47 25  4958
31 16  4625
4 49  2414
20 11  390
48 32  1730
23 48  1189
14 4  1628
26 10  1250
17 19  5932
0 39  4179
28 48  6263
44 25  7067
45 38  588
6 27  6488
39 8  3063
39 47  1777
45 24  505
5 25  3816
18 42  885
49 45  4177
29 23  4925
41 19  1650
10 14  7141
47 22  6668
36 13  5629
49 2  6926
25 48  1202
30 5  4228
47 23  6620
31 24  3515
7 6  90
34 49  109
35 9  4925
25 8  3198
12 23  4045
15 48  2672
15 1  1804
20 28  4751
46 0  1083
22 16  442
28 6  4726
28 14  864
39 41  5289
0 40  234